1:	0.0060 0.0094 0.0061 0.0052 0.9674 0.0060 	100
2:	0.0062 0.0075 0.0057 0.0053 0.9687 0.0067 	200
3:	0.0340 0.0063 0.5924 0.0168 0.3337 0.0169 	6
4:	0.0121 0.0099 0.4598 0.0109 0.4743 0.0330 	100
5:	0.0245 0.0114 0.0261 0.0090 0.4470 0.4819 	100
6:	0.0096 0.0070 0.0100 0.4832 0.4816 0.0087 	100
7:	0.0077 0.4935 0.0089 0.0079 0.4755 0.0064 	100
8:	0.4689 0.0121 0.0135 0.0082 0.4827 0.0147 	100
9:	0.0818 0.0238 0.8359 0.0035 0.0180 0.0369 	2
10:	0.0201 0.0106 0.7501 0.0114 0.1842 0.0236 	100
11:	0.0225 0.0129 0.0152 0.0085 0.1505 0.7904 	100
12:	0.0077 0.0097 0.0109 0.7489 0.2126 0.0102 	100
13:	0.0069 0.7293 0.0142 0.0079 0.2318 0.0099 	100
14:	0.7880 0.0123 0.0138 0.0099 0.1627 0.0133 	100
15:	0.0243 0.0220 0.9019 0.0123 0.0247 0.0147 	42
16:	0.0109 0.0099 0.8973 0.0090 0.0460 0.0268 	100
17:	0.0106 0.0109 0.0135 0.0068 0.0362 0.9221 	100
18:	0.0085 0.0090 0.0103 0.8806 0.0811 0.0106 	100
19:	0.0110 0.8742 0.0131 0.0066 0.0869 0.0083 	100
20:	0.9060 0.0081 0.0106 0.0123 0.0507 0.0123 	100
21:	0.0252 0.0193 0.9031 0.0264 0.0035 0.0225 	105
22:	0.0105 0.0085 0.9266 0.0101 0.0059 0.0383 	240
23:	0.0482 0.0230 0.4410 0.0130 0.0095 0.4654 	68
24:	0.0103 0.0079 0.0213 0.0094 0.0049 0.9462 	31
25:	0.0117 0.0061 0.0244 0.0070 0.0041 0.9468 	125
26:	0.0116 0.0108 0.0137 0.0064 0.0044 0.9530 	53
27:	0.0124 0.0124 0.0090 0.0060 0.0034 0.9568 	125
28:	0.0035 0.0031 0.0041 0.9824 0.0028 0.0040 	28
29:	0.0032 0.0029 0.0035 0.9848 0.0025 0.0031 	300
30:	0.0051 0.9824 0.0029 0.0029 0.0026 0.0041 	27
31:	0.0041 0.9839 0.0029 0.0031 0.0026 0.0034 	300
32:	0.9669 0.0090 0.0063 0.0060 0.0032 0.0086 	40
33:	0.9682 0.0087 0.0064 0.0068 0.0032 0.0067 	300
