1:	0.9663 0.0056 0.0091 0.0064 0.0060 0.0065 	100
2:	0.9691 0.0053 0.0069 0.0056 0.0062 0.0070 	200
3:	0.3692 0.0142 0.0060 0.0212 0.0333 0.5561 	6
4:	0.4532 0.0096 0.0099 0.0256 0.0149 0.4869 	100
5:	0.4474 0.0092 0.0093 0.4951 0.0209 0.0182 	100
6:	0.4814 0.4853 0.0074 0.0105 0.0071 0.0083 	100
7:	0.4623 0.0083 0.5056 0.0074 0.0096 0.0068 	100
8:	0.4537 0.0105 0.0166 0.0143 0.4853 0.0195 	100
9:	0.0284 0.0035 0.0276 0.1067 0.0785 0.7552 	2
10:	0.1677 0.0125 0.0086 0.0259 0.0205 0.7648 	100
11:	0.1398 0.0088 0.0149 0.8037 0.0184 0.0144 	100
12:	0.2147 0.7413 0.0094 0.0127 0.0100 0.0119 	100
13:	0.1965 0.0085 0.7599 0.0090 0.0141 0.0120 	100
14:	0.1754 0.0123 0.0109 0.0149 0.7583 0.0283 	100
15:	0.0364 0.0105 0.0209 0.0250 0.0236 0.8836 	42
16:	0.0529 0.0077 0.0075 0.0217 0.0146 0.8957 	100
17:	0.0360 0.0076 0.0126 0.9153 0.0143 0.0142 	100
18:	0.0844 0.8769 0.0068 0.0124 0.0090 0.0106 	100
19:	0.0509 0.0054 0.9118 0.0105 0.0129 0.0084 	100
20:	0.0536 0.0106 0.0088 0.0184 0.8960 0.0127 	100
21:	0.0034 0.0266 0.0194 0.0250 0.0231 0.9025 	105
22:	0.0055 0.0096 0.0082 0.0361 0.0107 0.9299 	240
23:	0.0071 0.0124 0.0220 0.4786 0.0468 0.4331 	68
24:	0.0045 0.0083 0.0091 0.9473 0.0101 0.0207 	31
25:	0.0045 0.0111 0.0069 0.9374 0.0105 0.0295 	125
26:	0.0036 0.0058 0.0090 0.9605 0.0104 0.0106 	53
27:	0.0034 0.0059 0.0090 0.9625 0.0109 0.0083 	125
28:	0.0025 0.9838 0.0030 0.0034 0.0035 0.0037 	28
29:	0.0024 0.9848 0.0032 0.0031 0.0031 0.0033 	300
30:	0.0026 0.0030 0.9815 0.0039 0.0059 0.0030 	27
31:	0.0025 0.0032 0.9838 0.0034 0.0041 0.0029 	300
32:	0.0031 0.0060 0.0086 0.0079 0.9675 0.0068 	40
33:	0.0031 0.0060 0.0069 0.0062 0.9721 0.0057 	300
