

----------------------------------------------------
STRUCTURE by Pritchard, Stephens and Donnelly (2000)
     and Falush, Stephens and Pritchard (2003)
       Code by Pritchard, Falush and Hubisz
             Version 2.3.4 (Jul 2012)
----------------------------------------------------



Command line arguments:   /home/eva.pavlovic/Structure/structure -m parameter_job_4a2_6_4 
Input File:    /home/eva.pavlovic/data_job_4a2_6_4

Run parameters:
   1550 individuals
   20 loci
   2 populations assumed
   300000 Burn-in period
   3000000 Reps


--------------------------------------------
Proportion of membership of each pre-defined
 population in each of the 2 clusters

Given    Inferred Clusters       Number of
 Pop       1      2             Individuals

  1:     0.981  0.019             100
  2:     0.981  0.019             400
  3:     0.881  0.119             100
  4:     0.748  0.252             100
  5:     0.450  0.550               6
  6:     0.507  0.493             100
  7:     0.183  0.817               2
  8:     0.239  0.761             100
  9:     0.118  0.882              42
 10:     0.104  0.896             100
 11:     0.019  0.981             240
 12:     0.015  0.985             260
--------------------------------------------

Allele-freq. divergence among pops (Net nucleotide distance),
computed using point estimates of P.

      1       2      
 1      -    0.1009  
 2   0.1009     -    

Average distances (expected heterozygosity) between individuals in same cluster:
cluster  1  : 0.7853 
cluster  2  : 0.7354 

--------------------------------------------
Estimated Ln Prob of Data   = -115683.9
Mean value of ln likelihood = -115276.9
Variance of ln likelihood   = 813.9
Mean value of alpha         = 0.1483

Mean value of Fst_1         = 0.0415
Mean value of Fst_2         = 0.1744


Inferred ancestry of individuals:
        Label (%Miss) Pop:  Inferred clusters
  1    M1EL5    (5)    1 :  0.984 0.016 
  2    W26T6    (5)    1 :  0.966 0.034 
  3    W26XX    (5)    1 :  0.989 0.011 
  4    M013P    (0)    1 :  0.992 0.008 
  5    M1ELA    (0)    1 :  0.963 0.037 
  6    M2C73    (0)    1 :  0.985 0.015 
  7    W23P4    (0)    1 :  0.873 0.127 
  8    W247C    (5)    1 :  0.990 0.010 
  9    W24K1    (0)    1 :  0.991 0.009 
 10    W24ME    (0)    1 :  0.949 0.051 
 11    W2514    (0)    1 :  0.980 0.020 
 12    W26MA    (0)    1 :  0.979 0.021 
 13    W26MM    (0)    1 :  0.990 0.010 
 14    W26MU    (0)    1 :  0.984 0.016 
 15    W26P0    (0)    1 :  0.984 0.016 
 16    W26P3    (0)    1 :  0.993 0.007 
 17    W26T5    (0)    1 :  0.991 0.009 
 18    W26TE    (0)    1 :  0.981 0.019 
 19    W26TF    (0)    1 :  0.991 0.009 
 20    W26U8    (0)    1 :  0.960 0.040 
 21    W26UJ    (0)    1 :  0.991 0.009 
 22    W26UK    (0)    1 :  0.993 0.007 
 23    W26UT    (0)    1 :  0.993 0.007 
 24    W26XT    (0)    1 :  0.991 0.009 
 25   CC06H2    (0)    1 :  0.960 0.040 
 26   CC06H4    (0)    1 :  0.989 0.011 
 27   CC06H5    (5)    1 :  0.940 0.060 
 28   CC06H6    (0)    1 :  0.984 0.016 
 29   CC06HE    (0)    1 :  0.991 0.009 
 30   CC06HF    (0)    1 :  0.960 0.040 
 31   CC06HH    (0)    1 :  0.990 0.010 
 32   CC06HJ    (0)    1 :  0.985 0.015 
 33   CC06HL    (0)    1 :  0.993 0.007 
 34   CC06HP    (0)    1 :  0.992 0.008 
 35   CC06HT    (0)    1 :  0.972 0.028 
 36   CC06HU    (0)    1 :  0.982 0.018 
 37   CC06HY    (0)    1 :  0.979 0.021 
 38   CC06J0    (0)    1 :  0.987 0.013 
 39   CC06J1    (0)    1 :  0.960 0.040 
 40   CC06J2    (0)    1 :  0.986 0.014 
 41  CT.0YCY    (0)    1 :  0.987 0.013 
 42  CT.0YEC    (0)    1 :  0.993 0.007 
 43  CT.0YEF    (0)    1 :  0.987 0.013 
 44  CT.0YEU    (0)    1 :  0.992 0.008 
 45  CT.0YF2    (5)    1 :  0.974 0.026 
 46  CT.0YF8    (0)    1 :  0.991 0.009 
 47  CT.0YFA    (0)    1 :  0.983 0.017 
 48  CT.0YFE    (0)    1 :  0.982 0.018 
 49  CT.0YFP    (0)    1 :  0.987 0.013 
 50  CT.0YFU    (0)    1 :  0.987 0.013 
 51  CT.0YK7    (0)    1 :  0.982 0.018 
 52  CX.10PT    (0)    1 :  0.959 0.041 
 53   DAM021    (0)    1 :  0.987 0.013 
 54   DAM034    (0)    1 :  0.983 0.017 
 55   DAM07X    (0)    1 :  0.984 0.016 
 56  EF.15J6    (0)    1 :  0.990 0.010 
 57   HRV010   (10)    1 :  0.989 0.011 
 58   HRV02J    (5)    1 :  0.982 0.018 
 59   HRV078    (0)    1 :  0.987 0.013 
 60   HRV0FH    (0)    1 :  0.988 0.012 
 61   HRV0H5    (0)    1 :  0.984 0.016 
 62   HRV0JF    (0)    1 :  0.981 0.019 
 63   HRV0JJ    (0)    1 :  0.981 0.019 
 64   HRV0JM    (0)    1 :  0.985 0.015 
 65   HRV0K6    (0)    1 :  0.967 0.033 
 66   HRV0K7    (0)    1 :  0.989 0.011 
 67   HRV0KP    (5)    1 :  0.983 0.017 
 68   HRV1AX    (0)    1 :  0.975 0.025 
 69   HRV1C4    (0)    1 :  0.976 0.024 
 70   HRV1CH    (0)    1 :  0.984 0.016 
 71   HRV1FA    (5)    1 :  0.982 0.018 
 72   HRV1FK    (0)    1 :  0.984 0.016 
 73   HRV1H8    (5)    1 :  0.987 0.013 
 74   HRV1HT   (10)    1 :  0.984 0.016 
 75   HRV1XU   (10)    1 :  0.987 0.013 
 76   HRV4TF    (0)    1 :  0.990 0.010 
 77   HRV6F0   (10)    1 :  0.988 0.012 
 78   HRVE6L    (0)    1 :  0.984 0.016 
 79    M27HM    (5)    1 :  0.975 0.025 
 80    M27HP    (0)    1 :  0.991 0.009 
 81    M2AK4    (0)    1 :  0.991 0.009 
 82    M2ALA    (0)    1 :  0.992 0.008 
 83    M2C56    (0)    1 :  0.987 0.013 
 84    M2CUX    (0)    1 :  0.951 0.049 
 85    M2E24    (0)    1 :  0.991 0.009 
 86    M2EA7    (5)    1 :  0.989 0.011 
 87    M2EH6    (0)    1 :  0.990 0.010 
 88    M2EKC    (0)    1 :  0.934 0.066 
 89   MSV083    (0)    1 :  0.988 0.012 
 90   MSV084    (0)    1 :  0.985 0.015 
 91   MSV0LJ    (0)    1 :  0.984 0.016 
 92   MSV1H5    (0)    1 :  0.979 0.021 
 93   MSV1KM    (0)    1 :  0.991 0.009 
 94   MSV23F    (5)    1 :  0.989 0.011 
 95   MSV2L8    (0)    1 :  0.988 0.012 
 96   MSV2P7    (5)    1 :  0.991 0.009 
 97   MSV2TJ    (0)    1 :  0.978 0.022 
 98   MSV2XM    (0)    1 :  0.985 0.015 
 99   MSV327    (5)    1 :  0.988 0.012 
100   MSV33L    (5)    1 :  0.991 0.009 
101    h0015    (0)    2 :  0.990 0.010 
102    h0025    (0)    2 :  0.963 0.037 
103    h0035    (0)    2 :  0.987 0.013 
104    h0045    (0)    2 :  0.956 0.044 
105    h0055    (0)    2 :  0.970 0.030 
106    h0065    (0)    2 :  0.991 0.009 
107    h0075    (0)    2 :  0.957 0.043 
108    h0085    (0)    2 :  0.984 0.016 
109    h0095    (0)    2 :  0.982 0.018 
110    h0105    (0)    2 :  0.986 0.014 
111    h0115    (0)    2 :  0.982 0.018 
112    h0125    (0)    2 :  0.993 0.007 
113    h0135    (0)    2 :  0.994 0.006 
114    h0145    (0)    2 :  0.986 0.014 
115    h0155    (0)    2 :  0.990 0.010 
116    h0165    (0)    2 :  0.989 0.011 
117    h0175    (0)    2 :  0.994 0.006 
118    h0185    (0)    2 :  0.980 0.020 
119    h0195    (0)    2 :  0.989 0.011 
120    h0205    (0)    2 :  0.983 0.017 
121    h0215    (0)    2 :  0.993 0.007 
122    h0225    (0)    2 :  0.985 0.015 
123    h0235    (0)    2 :  0.991 0.009 
124    h0245    (0)    2 :  0.991 0.009 
125    h0255    (0)    2 :  0.992 0.008 
126    h0265    (0)    2 :  0.984 0.016 
127    h0275    (0)    2 :  0.988 0.012 
128    h0285    (0)    2 :  0.989 0.011 
129    h0295    (0)    2 :  0.985 0.015 
130    h0305    (0)    2 :  0.992 0.008 
131    h0315    (0)    2 :  0.980 0.020 
132    h0325    (0)    2 :  0.983 0.017 
133    h0335    (0)    2 :  0.954 0.046 
134    h0345    (0)    2 :  0.989 0.011 
135    h0355    (0)    2 :  0.983 0.017 
136    h0365    (0)    2 :  0.950 0.050 
137    h0375    (0)    2 :  0.991 0.009 
138    h0385    (0)    2 :  0.988 0.012 
139    h0395    (0)    2 :  0.965 0.035 
140    h0405    (0)    2 :  0.989 0.011 
141    h0415    (0)    2 :  0.986 0.014 
142    h0425    (0)    2 :  0.983 0.017 
143    h0435    (0)    2 :  0.990 0.010 
144    h0445    (0)    2 :  0.984 0.016 
145    h0455    (0)    2 :  0.987 0.013 
146    h0465    (0)    2 :  0.893 0.107 
147    h0475    (0)    2 :  0.991 0.009 
148    h0485    (0)    2 :  0.933 0.067 
149    h0495    (0)    2 :  0.980 0.020 
150    h0505    (0)    2 :  0.986 0.014 
151    h0515    (0)    2 :  0.966 0.034 
152    h0525    (0)    2 :  0.990 0.010 
153    h0535    (0)    2 :  0.972 0.028 
154    h0545    (0)    2 :  0.993 0.007 
155    h0555    (0)    2 :  0.981 0.019 
156    h0565    (0)    2 :  0.989 0.011 
157    h0575    (0)    2 :  0.991 0.009 
158    h0585    (0)    2 :  0.985 0.015 
159    h0595    (0)    2 :  0.989 0.011 
160    h0605    (0)    2 :  0.981 0.019 
161    h0615    (0)    2 :  0.977 0.023 
162    h0625    (0)    2 :  0.950 0.050 
163    h0635    (0)    2 :  0.991 0.009 
164    h0645    (0)    2 :  0.991 0.009 
165    h0655    (0)    2 :  0.984 0.016 
166    h0665    (0)    2 :  0.991 0.009 
167    h0675    (0)    2 :  0.980 0.020 
168    h0685    (0)    2 :  0.982 0.018 
169    h0695    (0)    2 :  0.984 0.016 
170    h0705    (0)    2 :  0.988 0.012 
171    h0715    (0)    2 :  0.989 0.011 
172    h0725    (0)    2 :  0.990 0.010 
173    h0735    (0)    2 :  0.970 0.030 
174    h0745    (0)    2 :  0.988 0.012 
175    h0755    (0)    2 :  0.961 0.039 
176    h0765    (0)    2 :  0.969 0.031 
177    h0775    (0)    2 :  0.989 0.011 
178    h0785    (0)    2 :  0.992 0.008 
179    h0795    (0)    2 :  0.984 0.016 
180    h0805    (0)    2 :  0.985 0.015 
181    h0815    (0)    2 :  0.992 0.008 
182    h0825    (0)    2 :  0.988 0.012 
183    h0835    (0)    2 :  0.987 0.013 
184    h0845    (0)    2 :  0.978 0.022 
185    h0855    (0)    2 :  0.989 0.011 
186    h0865    (0)    2 :  0.975 0.025 
187    h0875    (0)    2 :  0.988 0.012 
188    h0885    (0)    2 :  0.993 0.007 
189    h0895    (0)    2 :  0.987 0.013 
190    h0905    (0)    2 :  0.990 0.010 
191    h0915    (0)    2 :  0.992 0.008 
192    h0925    (0)    2 :  0.987 0.013 
193    h0935    (0)    2 :  0.980 0.020 
194    h0945    (0)    2 :  0.991 0.009 
195    h0955    (0)    2 :  0.990 0.010 
196    h0965    (0)    2 :  0.939 0.061 
197    h0975    (0)    2 :  0.974 0.026 
198    h0985    (0)    2 :  0.989 0.011 
199    h0995    (0)    2 :  0.987 0.013 
200    h1005    (0)    2 :  0.987 0.013 
201     h101    (0)    2 :  0.989 0.011 
202     h102    (0)    2 :  0.982 0.018 
203     h103    (0)    2 :  0.964 0.036 
204     h104    (0)    2 :  0.980 0.020 
205     h105    (0)    2 :  0.990 0.010 
206     h106    (0)    2 :  0.984 0.016 
207     h107    (0)    2 :  0.958 0.042 
208     h108    (0)    2 :  0.988 0.012 
209     h109    (0)    2 :  0.967 0.033 
210     h110    (0)    2 :  0.988 0.012 
211     h111    (0)    2 :  0.987 0.013 
212     h112    (0)    2 :  0.983 0.017 
213     h113    (0)    2 :  0.989 0.011 
214     h114    (0)    2 :  0.992 0.008 
215     h115    (0)    2 :  0.990 0.010 
216     h116    (0)    2 :  0.991 0.009 
217     h117    (0)    2 :  0.990 0.010 
218     h118    (0)    2 :  0.965 0.035 
219     h119    (0)    2 :  0.965 0.035 
220     h120    (0)    2 :  0.989 0.011 
221     h121    (0)    2 :  0.986 0.014 
222     h122    (0)    2 :  0.980 0.020 
223     h123    (0)    2 :  0.989 0.011 
224     h124    (0)    2 :  0.861 0.139 
225     h125    (0)    2 :  0.992 0.008 
226     h126    (0)    2 :  0.981 0.019 
227     h127    (0)    2 :  0.960 0.040 
228     h128    (0)    2 :  0.990 0.010 
229     h129    (0)    2 :  0.983 0.017 
230     h130    (0)    2 :  0.966 0.034 
231     h131    (0)    2 :  0.988 0.012 
232     h132    (0)    2 :  0.963 0.037 
233     h133    (0)    2 :  0.979 0.021 
234     h134    (0)    2 :  0.986 0.014 
235     h135    (0)    2 :  0.973 0.027 
236     h136    (0)    2 :  0.992 0.008 
237     h137    (0)    2 :  0.915 0.085 
238     h138    (0)    2 :  0.992 0.008 
239     h139    (0)    2 :  0.982 0.018 
240     h140    (0)    2 :  0.974 0.026 
241     h141    (0)    2 :  0.992 0.008 
242     h142    (0)    2 :  0.989 0.011 
243     h143    (0)    2 :  0.989 0.011 
244     h144    (0)    2 :  0.974 0.026 
245     h145    (0)    2 :  0.956 0.044 
246     h146    (0)    2 :  0.993 0.007 
247     h147    (0)    2 :  0.962 0.038 
248     h148    (0)    2 :  0.947 0.053 
249     h149    (0)    2 :  0.943 0.057 
250     h150    (0)    2 :  0.981 0.019 
251     h151    (0)    2 :  0.990 0.010 
252     h152    (0)    2 :  0.981 0.019 
253     h153    (0)    2 :  0.991 0.009 
254     h154    (0)    2 :  0.965 0.035 
255     h155    (0)    2 :  0.982 0.018 
256     h156    (0)    2 :  0.979 0.021 
257     h157    (0)    2 :  0.963 0.037 
258     h158    (0)    2 :  0.991 0.009 
259     h159    (0)    2 :  0.989 0.011 
260     h160    (0)    2 :  0.988 0.012 
261     h161    (0)    2 :  0.932 0.068 
262     h162    (0)    2 :  0.981 0.019 
263     h163    (0)    2 :  0.989 0.011 
264     h164    (0)    2 :  0.993 0.007 
265     h165    (0)    2 :  0.985 0.015 
266     h166    (0)    2 :  0.991 0.009 
267     h167    (0)    2 :  0.988 0.012 
268     h168    (0)    2 :  0.981 0.019 
269     h169    (0)    2 :  0.984 0.016 
270     h170    (0)    2 :  0.979 0.021 
271     h171    (0)    2 :  0.983 0.017 
272     h172    (0)    2 :  0.989 0.011 
273     h173    (0)    2 :  0.976 0.024 
274     h174    (0)    2 :  0.992 0.008 
275     h175    (0)    2 :  0.947 0.053 
276     h176    (0)    2 :  0.972 0.028 
277     h177    (0)    2 :  0.986 0.014 
278     h178    (0)    2 :  0.977 0.023 
279     h179    (0)    2 :  0.970 0.030 
280     h180    (0)    2 :  0.988 0.012 
281     h181    (0)    2 :  0.971 0.029 
282     h182    (0)    2 :  0.989 0.011 
283     h183    (0)    2 :  0.990 0.010 
284     h184    (0)    2 :  0.992 0.008 
285     h185    (0)    2 :  0.988 0.012 
286     h186    (0)    2 :  0.993 0.007 
287     h187    (0)    2 :  0.983 0.017 
288     h188    (0)    2 :  0.991 0.009 
289     h189    (0)    2 :  0.991 0.009 
290     h190    (0)    2 :  0.991 0.009 
291     h191    (0)    2 :  0.991 0.009 
292     h192    (0)    2 :  0.990 0.010 
293     h193    (0)    2 :  0.986 0.014 
294     h194    (0)    2 :  0.981 0.019 
295     h195    (0)    2 :  0.988 0.012 
296     h196    (0)    2 :  0.990 0.010 
297     h197    (0)    2 :  0.989 0.011 
298     h198    (0)    2 :  0.990 0.010 
299     h199    (0)    2 :  0.989 0.011 
300     h200    (0)    2 :  0.987 0.013 
301     h201    (0)    2 :  0.973 0.027 
302     h202    (0)    2 :  0.985 0.015 
303     h203    (0)    2 :  0.988 0.012 
304     h204    (0)    2 :  0.991 0.009 
305     h205    (0)    2 :  0.992 0.008 
306     h206    (0)    2 :  0.987 0.013 
307     h207    (0)    2 :  0.993 0.007 
308     h208    (0)    2 :  0.988 0.012 
309     h209    (0)    2 :  0.932 0.068 
310     h210    (0)    2 :  0.986 0.014 
311     h211    (0)    2 :  0.992 0.008 
312     h212    (0)    2 :  0.980 0.020 
313     h213    (0)    2 :  0.991 0.009 
314     h214    (0)    2 :  0.986 0.014 
315     h215    (0)    2 :  0.988 0.012 
316     h216    (0)    2 :  0.992 0.008 
317     h217    (0)    2 :  0.982 0.018 
318     h218    (0)    2 :  0.990 0.010 
319     h219    (0)    2 :  0.970 0.030 
320     h220    (0)    2 :  0.972 0.028 
321     h221    (0)    2 :  0.958 0.042 
322     h222    (0)    2 :  0.989 0.011 
323     h223    (0)    2 :  0.989 0.011 
324     h224    (0)    2 :  0.968 0.032 
325     h225    (0)    2 :  0.990 0.010 
326     h226    (0)    2 :  0.985 0.015 
327     h227    (0)    2 :  0.982 0.018 
328     h228    (0)    2 :  0.982 0.018 
329     h229    (0)    2 :  0.937 0.063 
330     h230    (0)    2 :  0.992 0.008 
331     h231    (0)    2 :  0.978 0.022 
332     h232    (0)    2 :  0.971 0.029 
333     h233    (0)    2 :  0.918 0.082 
334     h234    (0)    2 :  0.986 0.014 
335     h235    (0)    2 :  0.992 0.008 
336     h236    (0)    2 :  0.993 0.007 
337     h237    (0)    2 :  0.993 0.007 
338     h238    (0)    2 :  0.993 0.007 
339     h239    (0)    2 :  0.988 0.012 
340     h240    (0)    2 :  0.984 0.016 
341     h241    (0)    2 :  0.989 0.011 
342     h242    (0)    2 :  0.978 0.022 
343     h243    (0)    2 :  0.993 0.007 
344     h244    (0)    2 :  0.990 0.010 
345     h245    (0)    2 :  0.984 0.016 
346     h246    (0)    2 :  0.986 0.014 
347     h247    (0)    2 :  0.970 0.030 
348     h248    (0)    2 :  0.992 0.008 
349     h249    (0)    2 :  0.992 0.008 
350     h250    (0)    2 :  0.990 0.010 
351     h251    (0)    2 :  0.980 0.020 
352     h252    (0)    2 :  0.988 0.012 
353     h253    (0)    2 :  0.987 0.013 
354     h254    (0)    2 :  0.985 0.015 
355     h255    (0)    2 :  0.991 0.009 
356     h256    (0)    2 :  0.989 0.011 
357     h257    (0)    2 :  0.954 0.046 
358     h258    (0)    2 :  0.989 0.011 
359     h259    (0)    2 :  0.990 0.010 
360     h260    (0)    2 :  0.985 0.015 
361     h261    (0)    2 :  0.977 0.023 
362     h262    (0)    2 :  0.989 0.011 
363     h263    (0)    2 :  0.991 0.009 
364     h264    (0)    2 :  0.973 0.027 
365     h265    (0)    2 :  0.987 0.013 
366     h266    (0)    2 :  0.990 0.010 
367     h267    (0)    2 :  0.983 0.017 
368     h268    (0)    2 :  0.993 0.007 
369     h269    (0)    2 :  0.990 0.010 
370     h270    (0)    2 :  0.993 0.007 
371     h271    (0)    2 :  0.983 0.017 
372     h272    (0)    2 :  0.987 0.013 
373     h273    (0)    2 :  0.991 0.009 
374     h274    (0)    2 :  0.991 0.009 
375     h275    (0)    2 :  0.991 0.009 
376     h276    (0)    2 :  0.986 0.014 
377     h277    (0)    2 :  0.978 0.022 
378     h278    (0)    2 :  0.974 0.026 
379     h279    (0)    2 :  0.985 0.015 
380     h280    (0)    2 :  0.989 0.011 
381     h281    (0)    2 :  0.987 0.013 
382     h282    (0)    2 :  0.979 0.021 
383     h283    (0)    2 :  0.982 0.018 
384     h284    (0)    2 :  0.985 0.015 
385     h285    (0)    2 :  0.990 0.010 
386     h286    (0)    2 :  0.984 0.016 
387     h287    (0)    2 :  0.990 0.010 
388     h288    (0)    2 :  0.989 0.011 
389     h289    (0)    2 :  0.981 0.019 
390     h290    (0)    2 :  0.987 0.013 
391     h291    (0)    2 :  0.988 0.012 
392     h292    (0)    2 :  0.988 0.012 
393     h293    (0)    2 :  0.991 0.009 
394     h294    (0)    2 :  0.979 0.021 
395     h295    (0)    2 :  0.990 0.010 
396     h296    (0)    2 :  0.992 0.008 
397     h297    (0)    2 :  0.991 0.009 
398     h298    (0)    2 :  0.854 0.146 
399     h299    (0)    2 :  0.980 0.020 
400     h300    (0)    2 :  0.975 0.025 
401     h301    (0)    2 :  0.989 0.011 
402     h302    (0)    2 :  0.948 0.052 
403     h303    (0)    2 :  0.982 0.018 
404     h304    (0)    2 :  0.980 0.020 
405     h305    (0)    2 :  0.993 0.007 
406     h306    (0)    2 :  0.949 0.051 
407     h307    (0)    2 :  0.977 0.023 
408     h308    (0)    2 :  0.984 0.016 
409     h309    (0)    2 :  0.991 0.009 
410     h310    (0)    2 :  0.923 0.077 
411     h311    (0)    2 :  0.989 0.011 
412     h312    (0)    2 :  0.987 0.013 
413     h313    (0)    2 :  0.985 0.015 
414     h314    (0)    2 :  0.888 0.112 
415     h315    (0)    2 :  0.985 0.015 
416     h316    (0)    2 :  0.992 0.008 
417     h317    (0)    2 :  0.993 0.007 
418     h318    (0)    2 :  0.992 0.008 
419     h319    (0)    2 :  0.950 0.050 
420     h320    (0)    2 :  0.988 0.012 
421     h321    (0)    2 :  0.985 0.015 
422     h322    (0)    2 :  0.990 0.010 
423     h323    (0)    2 :  0.990 0.010 
424     h324    (0)    2 :  0.989 0.011 
425     h325    (0)    2 :  0.990 0.010 
426     h326    (0)    2 :  0.991 0.009 
427     h327    (0)    2 :  0.978 0.022 
428     h328    (0)    2 :  0.991 0.009 
429     h329    (0)    2 :  0.993 0.007 
430     h330    (0)    2 :  0.987 0.013 
431     h331    (0)    2 :  0.976 0.024 
432     h332    (0)    2 :  0.993 0.007 
433     h333    (0)    2 :  0.990 0.010 
434     h334    (0)    2 :  0.985 0.015 
435     h335    (0)    2 :  0.969 0.031 
436     h336    (0)    2 :  0.991 0.009 
437     h337    (0)    2 :  0.971 0.029 
438     h338    (0)    2 :  0.981 0.019 
439     h339    (0)    2 :  0.989 0.011 
440     h340    (0)    2 :  0.989 0.011 
441     h341    (0)    2 :  0.992 0.008 
442     h342    (0)    2 :  0.976 0.024 
443     h343    (0)    2 :  0.984 0.016 
444     h344    (0)    2 :  0.974 0.026 
445     h345    (0)    2 :  0.974 0.026 
446     h346    (0)    2 :  0.974 0.026 
447     h347    (0)    2 :  0.988 0.012 
448     h348    (0)    2 :  0.991 0.009 
449     h349    (0)    2 :  0.971 0.029 
450     h350    (0)    2 :  0.971 0.029 
451     h351    (0)    2 :  0.983 0.017 
452     h352    (0)    2 :  0.973 0.027 
453     h353    (0)    2 :  0.994 0.006 
454     h354    (0)    2 :  0.989 0.011 
455     h355    (0)    2 :  0.990 0.010 
456     h356    (0)    2 :  0.992 0.008 
457     h357    (0)    2 :  0.990 0.010 
458     h358    (0)    2 :  0.978 0.022 
459     h359    (0)    2 :  0.992 0.008 
460     h360    (0)    2 :  0.990 0.010 
461     h361    (0)    2 :  0.989 0.011 
462     h362    (0)    2 :  0.987 0.013 
463     h363    (0)    2 :  0.977 0.023 
464     h364    (0)    2 :  0.986 0.014 
465     h365    (0)    2 :  0.985 0.015 
466     h366    (0)    2 :  0.893 0.107 
467     h367    (0)    2 :  0.991 0.009 
468     h368    (0)    2 :  0.924 0.076 
469     h369    (0)    2 :  0.990 0.010 
470     h370    (0)    2 :  0.987 0.013 
471     h371    (0)    2 :  0.991 0.009 
472     h372    (0)    2 :  0.988 0.012 
473     h373    (0)    2 :  0.991 0.009 
474     h374    (0)    2 :  0.945 0.055 
475     h375    (0)    2 :  0.990 0.010 
476     h376    (0)    2 :  0.988 0.012 
477     h377    (0)    2 :  0.868 0.132 
478     h378    (0)    2 :  0.971 0.029 
479     h379    (0)    2 :  0.985 0.015 
480     h380    (0)    2 :  0.977 0.023 
481     h381    (0)    2 :  0.992 0.008 
482     h382    (0)    2 :  0.992 0.008 
483     h383    (0)    2 :  0.991 0.009 
484     h384    (0)    2 :  0.985 0.015 
485     h385    (0)    2 :  0.987 0.013 
486     h386    (0)    2 :  0.958 0.042 
487     h387    (0)    2 :  0.985 0.015 
488     h388    (0)    2 :  0.980 0.020 
489     h389    (0)    2 :  0.987 0.013 
490     h390    (0)    2 :  0.989 0.011 
491     h391    (0)    2 :  0.989 0.011 
492     h392    (0)    2 :  0.989 0.011 
493     h393    (0)    2 :  0.990 0.010 
494     h394    (0)    2 :  0.987 0.013 
495     h395    (0)    2 :  0.988 0.012 
496     h396    (0)    2 :  0.968 0.032 
497     h397    (0)    2 :  0.983 0.017 
498     h398    (0)    2 :  0.920 0.080 
499     h399    (0)    2 :  0.991 0.009 
500     h400    (0)    2 :  0.993 0.007 
501     h001    (0)    3 :  0.925 0.075 
502     h002    (0)    3 :  0.837 0.163 
503     h003    (0)    3 :  0.982 0.018 
504     h004    (0)    3 :  0.678 0.322 
505     h005    (0)    3 :  0.920 0.080 
506     h006    (0)    3 :  0.969 0.031 
507     h007    (0)    3 :  0.930 0.070 
508     h008    (0)    3 :  0.805 0.195 
509     h009    (0)    3 :  0.938 0.062 
510     h010    (0)    3 :  0.990 0.010 
511     h011    (0)    3 :  0.960 0.040 
512     h012    (0)    3 :  0.769 0.231 
513     h013    (0)    3 :  0.815 0.185 
514     h014    (0)    3 :  0.801 0.199 
515     h015    (0)    3 :  0.888 0.112 
516     h016    (0)    3 :  0.928 0.072 
517     h017    (0)    3 :  0.976 0.024 
518     h018    (0)    3 :  0.853 0.147 
519     h019    (0)    3 :  0.830 0.170 
520     h020    (0)    3 :  0.879 0.121 
521     h021    (0)    3 :  0.809 0.191 
522     h022    (0)    3 :  0.777 0.223 
523     h023    (0)    3 :  0.868 0.132 
524     h024    (0)    3 :  0.943 0.057 
525     h025    (0)    3 :  0.983 0.017 
526     h026    (0)    3 :  0.899 0.101 
527     h027    (0)    3 :  0.759 0.241 
528     h028    (0)    3 :  0.675 0.325 
529     h029    (0)    3 :  0.741 0.259 
530     h030    (0)    3 :  0.895 0.105 
531     h031    (0)    3 :  0.933 0.067 
532     h032    (0)    3 :  0.810 0.190 
533     h033    (0)    3 :  0.940 0.060 
534     h034    (0)    3 :  0.835 0.165 
535     h035    (0)    3 :  0.805 0.195 
536     h036    (0)    3 :  0.823 0.177 
537     h037    (0)    3 :  0.630 0.370 
538     h038    (0)    3 :  0.951 0.049 
539     h039    (0)    3 :  0.909 0.091 
540     h040    (0)    3 :  0.880 0.120 
541     h041    (0)    3 :  0.861 0.139 
542     h042    (0)    3 :  0.972 0.028 
543     h043    (0)    3 :  0.987 0.013 
544     h044    (0)    3 :  0.521 0.479 
545     h045    (0)    3 :  0.927 0.073 
546     h046    (0)    3 :  0.755 0.245 
547     h047    (0)    3 :  0.829 0.171 
548     h048    (0)    3 :  0.986 0.014 
549     h049    (0)    3 :  0.735 0.265 
550     h050    (0)    3 :  0.895 0.105 
551     h051    (0)    3 :  0.850 0.150 
552     h052    (0)    3 :  0.830 0.170 
553     h053    (0)    3 :  0.965 0.035 
554     h054    (0)    3 :  0.861 0.139 
555     h055    (0)    3 :  0.984 0.016 
556     h056    (0)    3 :  0.837 0.163 
557     h057    (0)    3 :  0.990 0.010 
558     h058    (0)    3 :  0.772 0.228 
559     h059    (0)    3 :  0.930 0.070 
560     h060    (0)    3 :  0.990 0.010 
561     h061    (0)    3 :  0.967 0.033 
562     h062    (0)    3 :  0.933 0.067 
563     h063    (0)    3 :  0.937 0.063 
564     h064    (0)    3 :  0.860 0.140 
565     h065    (0)    3 :  0.983 0.017 
566     h066    (0)    3 :  0.770 0.230 
567     h067    (0)    3 :  0.977 0.023 
568     h068    (0)    3 :  0.797 0.203 
569     h069    (0)    3 :  0.802 0.198 
570     h070    (0)    3 :  0.981 0.019 
571     h071    (0)    3 :  0.741 0.259 
572     h072    (0)    3 :  0.981 0.019 
573     h073    (0)    3 :  0.989 0.011 
574     h074    (0)    3 :  0.834 0.166 
575     h075    (0)    3 :  0.940 0.060 
576     h076    (0)    3 :  0.958 0.042 
577     h077    (0)    3 :  0.857 0.143 
578     h078    (0)    3 :  0.986 0.014 
579     h079    (0)    3 :  0.755 0.245 
580     h080    (0)    3 :  0.985 0.015 
581     h081    (0)    3 :  0.652 0.348 
582     h082    (0)    3 :  0.849 0.151 
583     h083    (0)    3 :  0.989 0.011 
584     h084    (0)    3 :  0.982 0.018 
585     h085    (0)    3 :  0.860 0.140 
586     h086    (0)    3 :  0.963 0.037 
587     h087    (0)    3 :  0.983 0.017 
588     h088    (0)    3 :  0.876 0.124 
589     h089    (0)    3 :  0.937 0.063 
590     h090    (0)    3 :  0.781 0.219 
591     h091    (0)    3 :  0.852 0.148 
592     h092    (0)    3 :  0.977 0.023 
593     h093    (0)    3 :  0.961 0.039 
594     h094    (0)    3 :  0.910 0.090 
595     h095    (0)    3 :  0.693 0.307 
596     h096    (0)    3 :  0.937 0.063 
597     h097    (0)    3 :  0.978 0.022 
598     h098    (0)    3 :  0.965 0.035 
599     h099    (0)    3 :  0.940 0.060 
600     h100    (0)    3 :  0.968 0.032 
601    h0011    (0)    4 :  0.715 0.285 
602    h0021    (0)    4 :  0.637 0.363 
603    h0031    (0)    4 :  0.691 0.309 
604    h0041    (0)    4 :  0.747 0.253 
605    h0051    (0)    4 :  0.715 0.285 
606    h0061    (0)    4 :  0.709 0.291 
607    h0071    (0)    4 :  0.614 0.386 
608    h0081    (0)    4 :  0.659 0.341 
609    h0091    (0)    4 :  0.669 0.331 
610    h0101    (0)    4 :  0.986 0.014 
611    h0111    (0)    4 :  0.570 0.430 
612    h0121    (0)    4 :  0.836 0.164 
613    h0131    (0)    4 :  0.771 0.229 
614    h0141    (0)    4 :  0.616 0.384 
615    h0151    (0)    4 :  0.723 0.277 
616    h0161    (0)    4 :  0.629 0.371 
617    h0171    (0)    4 :  0.701 0.299 
618    h0181    (0)    4 :  0.523 0.477 
619    h0191    (0)    4 :  0.741 0.259 
620    h0201    (0)    4 :  0.720 0.280 
621    h0211    (0)    4 :  0.711 0.289 
622    h0221    (0)    4 :  0.866 0.134 
623    h0231    (0)    4 :  0.779 0.221 
624    h0241    (0)    4 :  0.866 0.134 
625    h0251    (0)    4 :  0.682 0.318 
626    h0261    (0)    4 :  0.741 0.259 
627    h0271    (0)    4 :  0.855 0.145 
628    h0281    (0)    4 :  0.774 0.226 
629    h0291    (0)    4 :  0.678 0.322 
630    h0301    (0)    4 :  0.727 0.273 
631    h0311    (0)    4 :  0.662 0.338 
632    h0321    (0)    4 :  0.883 0.117 
633    h0331    (0)    4 :  0.911 0.089 
634    h0341    (0)    4 :  0.710 0.290 
635    h0351    (0)    4 :  0.796 0.204 
636    h0361    (0)    4 :  0.798 0.202 
637    h0371    (0)    4 :  0.663 0.337 
638    h0381    (0)    4 :  0.744 0.256 
639    h0391    (0)    4 :  0.951 0.049 
640    h0401    (0)    4 :  0.832 0.168 
641    h0411    (0)    4 :  0.686 0.314 
642    h0421    (0)    4 :  0.565 0.435 
643    h0431    (0)    4 :  0.685 0.315 
644    h0441    (0)    4 :  0.981 0.019 
645    h0451    (0)    4 :  0.617 0.383 
646    h0461    (0)    4 :  0.828 0.172 
647    h0471    (0)    4 :  0.840 0.160 
648    h0481    (0)    4 :  0.610 0.390 
649    h0491    (0)    4 :  0.705 0.295 
650    h0501    (0)    4 :  0.789 0.211 
651    h0511    (0)    4 :  0.870 0.130 
652    h0521    (0)    4 :  0.912 0.088 
653    h0531    (0)    4 :  0.893 0.107 
654    h0541    (0)    4 :  0.941 0.059 
655    h0551    (0)    4 :  0.749 0.251 
656    h0561    (0)    4 :  0.813 0.187 
657    h0571    (0)    4 :  0.850 0.150 
658    h0581    (0)    4 :  0.974 0.026 
659    h0591    (0)    4 :  0.712 0.288 
660    h0601    (0)    4 :  0.739 0.261 
661    h0611    (0)    4 :  0.666 0.334 
662    h0621    (0)    4 :  0.728 0.272 
663    h0631    (0)    4 :  0.696 0.304 
664    h0641    (0)    4 :  0.586 0.414 
665    h0651    (0)    4 :  0.566 0.434 
666    h0661    (0)    4 :  0.683 0.317 
667    h0671    (0)    4 :  0.751 0.249 
668    h0681    (0)    4 :  0.912 0.088 
669    h0691    (0)    4 :  0.981 0.019 
670    h0701    (0)    4 :  0.608 0.392 
671    h0711    (0)    4 :  0.793 0.207 
672    h0721    (0)    4 :  0.700 0.300 
673    h0731    (0)    4 :  0.746 0.254 
674    h0741    (0)    4 :  0.878 0.122 
675    h0751    (0)    4 :  0.716 0.284 
676    h0761    (0)    4 :  0.824 0.176 
677    h0771    (0)    4 :  0.816 0.184 
678    h0781    (0)    4 :  0.763 0.237 
679    h0791    (0)    4 :  0.458 0.542 
680    h0801    (0)    4 :  0.776 0.224 
681    h0811    (0)    4 :  0.787 0.213 
682    h0821    (0)    4 :  0.707 0.293 
683    h0831    (0)    4 :  0.519 0.481 
684    h0841    (0)    4 :  0.756 0.244 
685    h0851    (0)    4 :  0.704 0.296 
686    h0861    (0)    4 :  0.856 0.144 
687    h0871    (0)    4 :  0.636 0.364 
688    h0881    (0)    4 :  0.831 0.169 
689    h0891    (0)    4 :  0.576 0.424 
690    h0901    (0)    4 :  0.824 0.176 
691    h0911    (0)    4 :  0.562 0.438 
692    h0921    (0)    4 :  0.899 0.101 
693    h0931    (0)    4 :  0.641 0.359 
694    h0941    (0)    4 :  0.823 0.177 
695    h0951    (0)    4 :  0.590 0.410 
696    h0961    (0)    4 :  0.887 0.113 
697    h0971    (0)    4 :  0.739 0.261 
698    h0981    (0)    4 :  0.761 0.239 
699    h0991    (0)    4 :  0.809 0.191 
700    h1001    (0)    4 :  0.931 0.069 
701   MSV1TX    (5)    5 :  0.592 0.408 
702   MSV025    (0)    5 :  0.382 0.618 
703   MSV02C    (0)    5 :  0.519 0.481 
704   MSV02E    (5)    5 :  0.449 0.551 
705   MSV0TF    (5)    5 :  0.432 0.568 
706    M2EL8    (0)    5 :  0.326 0.674 
707    h0012    (0)    6 :  0.501 0.499 
708    h0022    (0)    6 :  0.591 0.409 
709    h0032    (0)    6 :  0.487 0.513 
710    h0042    (0)    6 :  0.489 0.511 
711    h0052    (0)    6 :  0.531 0.469 
712    h0062    (0)    6 :  0.530 0.470 
713    h0072    (0)    6 :  0.647 0.353 
714    h0082    (0)    6 :  0.499 0.501 
715    h0092    (0)    6 :  0.458 0.542 
716    h0102    (0)    6 :  0.453 0.547 
717    h0112    (0)    6 :  0.548 0.452 
718    h0122    (0)    6 :  0.535 0.465 
719    h0132    (0)    6 :  0.374 0.626 
720    h0142    (0)    6 :  0.586 0.414 
721    h0152    (0)    6 :  0.508 0.492 
722    h0162    (0)    6 :  0.608 0.392 
723    h0172    (0)    6 :  0.401 0.599 
724    h0182    (0)    6 :  0.403 0.597 
725    h0192    (0)    6 :  0.588 0.412 
726    h0202    (0)    6 :  0.583 0.417 
727    h0212    (0)    6 :  0.422 0.578 
728    h0222    (0)    6 :  0.608 0.392 
729    h0232    (0)    6 :  0.604 0.396 
730    h0242    (0)    6 :  0.500 0.500 
731    h0252    (0)    6 :  0.337 0.663 
732    h0262    (0)    6 :  0.399 0.601 
733    h0272    (0)    6 :  0.484 0.516 
734    h0282    (0)    6 :  0.494 0.506 
735    h0292    (0)    6 :  0.611 0.389 
736    h0302    (0)    6 :  0.477 0.523 
737    h0312    (0)    6 :  0.645 0.355 
738    h0322    (0)    6 :  0.517 0.483 
739    h0332    (0)    6 :  0.604 0.396 
740    h0342    (0)    6 :  0.436 0.564 
741    h0352    (0)    6 :  0.455 0.545 
742    h0362    (0)    6 :  0.452 0.548 
743    h0372    (0)    6 :  0.334 0.666 
744    h0382    (0)    6 :  0.539 0.461 
745    h0392    (0)    6 :  0.456 0.544 
746    h0402    (0)    6 :  0.523 0.477 
747    h0412    (0)    6 :  0.432 0.568 
748    h0422    (0)    6 :  0.482 0.518 
749    h0432    (0)    6 :  0.362 0.638 
750    h0442    (0)    6 :  0.534 0.466 
751    h0452    (0)    6 :  0.557 0.443 
752    h0462    (0)    6 :  0.538 0.462 
753    h0472    (0)    6 :  0.418 0.582 
754    h0482    (0)    6 :  0.429 0.571 
755    h0492    (0)    6 :  0.584 0.416 
756    h0502    (0)    6 :  0.535 0.465 
757    h0512    (0)    6 :  0.467 0.533 
758    h0522    (0)    6 :  0.534 0.466 
759    h0532    (0)    6 :  0.634 0.366 
760    h0542    (0)    6 :  0.591 0.409 
761    h0552    (0)    6 :  0.431 0.569 
762    h0562    (0)    6 :  0.477 0.523 
763    h0572    (0)    6 :  0.613 0.387 
764    h0582    (0)    6 :  0.446 0.554 
765    h0592    (0)    6 :  0.523 0.477 
766    h0602    (0)    6 :  0.385 0.615 
767    h0612    (0)    6 :  0.574 0.426 
768    h0622    (0)    6 :  0.488 0.512 
769    h0632    (0)    6 :  0.627 0.373 
770    h0642    (0)    6 :  0.476 0.524 
771    h0652    (0)    6 :  0.430 0.570 
772    h0662    (0)    6 :  0.496 0.504 
773    h0672    (0)    6 :  0.602 0.398 
774    h0682    (0)    6 :  0.713 0.287 
775    h0692    (0)    6 :  0.453 0.547 
776    h0702    (0)    6 :  0.525 0.475 
777    h0712    (0)    6 :  0.599 0.401 
778    h0722    (0)    6 :  0.507 0.493 
779    h0732    (0)    6 :  0.571 0.429 
780    h0742    (0)    6 :  0.566 0.434 
781    h0752    (0)    6 :  0.522 0.478 
782    h0762    (0)    6 :  0.374 0.626 
783    h0772    (0)    6 :  0.474 0.526 
784    h0782    (0)    6 :  0.428 0.572 
785    h0792    (0)    6 :  0.642 0.358 
786    h0802    (0)    6 :  0.399 0.601 
787    h0812    (0)    6 :  0.421 0.579 
788    h0822    (0)    6 :  0.554 0.446 
789    h0832    (0)    6 :  0.429 0.571 
790    h0842    (0)    6 :  0.435 0.565 
791    h0852    (0)    6 :  0.315 0.685 
792    h0862    (0)    6 :  0.517 0.483 
793    h0872    (0)    6 :  0.676 0.324 
794    h0882    (0)    6 :  0.629 0.371 
795    h0892    (0)    6 :  0.738 0.262 
796    h0902    (0)    6 :  0.496 0.504 
797    h0912    (0)    6 :  0.452 0.548 
798    h0922    (0)    6 :  0.535 0.465 
799    h0932    (0)    6 :  0.593 0.407 
800    h0942    (0)    6 :  0.521 0.479 
801    h0952    (0)    6 :  0.322 0.678 
802    h0962    (0)    6 :  0.470 0.530 
803    h0972    (0)    6 :  0.477 0.523 
804    h0982    (0)    6 :  0.455 0.545 
805    h0992    (0)    6 :  0.461 0.539 
806    h1002    (0)    6 :  0.536 0.464 
807   MSV21T    (0)    7 :  0.127 0.873 
808    M2E71    (0)    7 :  0.239 0.761 
809    h0013    (0)    8 :  0.311 0.689 
810    h0023    (0)    8 :  0.168 0.832 
811    h0033    (0)    8 :  0.410 0.590 
812    h0043    (0)    8 :  0.311 0.689 
813    h0053    (0)    8 :  0.077 0.923 
814    h0063    (0)    8 :  0.365 0.635 
815    h0073    (0)    8 :  0.213 0.787 
816    h0083    (0)    8 :  0.324 0.676 
817    h0093    (0)    8 :  0.234 0.766 
818    h0103    (0)    8 :  0.069 0.931 
819    h0113    (0)    8 :  0.438 0.562 
820    h0123    (0)    8 :  0.449 0.551 
821    h0133    (0)    8 :  0.046 0.954 
822    h0143    (0)    8 :  0.466 0.534 
823    h0153    (0)    8 :  0.078 0.922 
824    h0163    (0)    8 :  0.124 0.876 
825    h0173    (0)    8 :  0.310 0.690 
826    h0183    (0)    8 :  0.290 0.710 
827    h0193    (0)    8 :  0.281 0.719 
828    h0203    (0)    8 :  0.231 0.769 
829    h0213    (0)    8 :  0.403 0.597 
830    h0223    (0)    8 :  0.334 0.666 
831    h0233    (0)    8 :  0.187 0.813 
832    h0243    (0)    8 :  0.109 0.891 
833    h0253    (0)    8 :  0.263 0.737 
834    h0263    (0)    8 :  0.239 0.761 
835    h0273    (0)    8 :  0.190 0.810 
836    h0283    (0)    8 :  0.152 0.848 
837    h0293    (0)    8 :  0.122 0.878 
838    h0303    (0)    8 :  0.419 0.581 
839    h0313    (0)    8 :  0.243 0.757 
840    h0323    (0)    8 :  0.111 0.889 
841    h0333    (0)    8 :  0.194 0.806 
842    h0343    (0)    8 :  0.222 0.778 
843    h0353    (0)    8 :  0.210 0.790 
844    h0363    (0)    8 :  0.341 0.659 
845    h0373    (0)    8 :  0.149 0.851 
846    h0383    (0)    8 :  0.260 0.740 
847    h0393    (0)    8 :  0.369 0.631 
848    h0403    (0)    8 :  0.302 0.698 
849    h0413    (0)    8 :  0.421 0.579 
850    h0423    (0)    8 :  0.185 0.815 
851    h0433    (0)    8 :  0.314 0.686 
852    h0443    (0)    8 :  0.101 0.899 
853    h0453    (0)    8 :  0.152 0.848 
854    h0463    (0)    8 :  0.122 0.878 
855    h0473    (0)    8 :  0.104 0.896 
856    h0483    (0)    8 :  0.008 0.992 
857    h0493    (0)    8 :  0.122 0.878 
858    h0503    (0)    8 :  0.332 0.668 
859    h0513    (0)    8 :  0.242 0.758 
860    h0523    (0)    8 :  0.225 0.775 
861    h0533    (0)    8 :  0.161 0.839 
862    h0543    (0)    8 :  0.023 0.977 
863    h0553    (0)    8 :  0.346 0.654 
864    h0563    (0)    8 :  0.145 0.855 
865    h0573    (0)    8 :  0.255 0.745 
866    h0583    (0)    8 :  0.127 0.873 
867    h0593    (0)    8 :  0.121 0.879 
868    h0603    (0)    8 :  0.180 0.820 
869    h0613    (0)    8 :  0.027 0.973 
870    h0623    (0)    8 :  0.239 0.761 
871    h0633    (0)    8 :  0.268 0.732 
872    h0643    (0)    8 :  0.281 0.719 
873    h0653    (0)    8 :  0.242 0.758 
874    h0663    (0)    8 :  0.149 0.851 
875    h0673    (0)    8 :  0.182 0.818 
876    h0683    (0)    8 :  0.108 0.892 
877    h0693    (0)    8 :  0.345 0.655 
878    h0703    (0)    8 :  0.170 0.830 
879    h0713    (0)    8 :  0.135 0.865 
880    h0723    (0)    8 :  0.244 0.756 
881    h0733    (0)    8 :  0.240 0.760 
882    h0743    (0)    8 :  0.051 0.949 
883    h0753    (0)    8 :  0.376 0.624 
884    h0763    (0)    8 :  0.305 0.695 
885    h0773    (0)    8 :  0.148 0.852 
886    h0783    (0)    8 :  0.417 0.583 
887    h0793    (0)    8 :  0.178 0.822 
888    h0803    (0)    8 :  0.190 0.810 
889    h0813    (0)    8 :  0.435 0.565 
890    h0823    (0)    8 :  0.334 0.666 
891    h0833    (0)    8 :  0.340 0.660 
892    h0843    (0)    8 :  0.276 0.724 
893    h0853    (0)    8 :  0.282 0.718 
894    h0863    (0)    8 :  0.404 0.596 
895    h0873    (0)    8 :  0.182 0.818 
896    h0883    (0)    8 :  0.214 0.786 
897    h0893    (0)    8 :  0.389 0.611 
898    h0903    (0)    8 :  0.210 0.790 
899    h0913    (0)    8 :  0.478 0.522 
900    h0923    (0)    8 :  0.184 0.816 
901    h0933    (0)    8 :  0.214 0.786 
902    h0943    (0)    8 :  0.197 0.803 
903    h0953    (0)    8 :  0.228 0.772 
904    h0963    (0)    8 :  0.311 0.689 
905    h0973    (0)    8 :  0.384 0.616 
906    h0983    (0)    8 :  0.450 0.550 
907    h0993    (0)    8 :  0.239 0.761 
908    h1003    (0)    8 :  0.166 0.834 
909    W23CA   (10)    9 :  0.102 0.898 
910  AP.085Y    (5)    9 :  0.019 0.981 
911  CH.0LLY    (5)    9 :  0.402 0.598 
912    M0LEC    (5)    9 :  0.008 0.992 
913    M2C3H   (10)    9 :  0.228 0.772 
914    M2CHL    (5)    9 :  0.466 0.534 
915    W26P7   (10)    9 :  0.110 0.890 
916  AP.07M5    (0)    9 :  0.071 0.929 
917  AP.080U    (0)    9 :  0.048 0.952 
918  AP.082A    (0)    9 :  0.010 0.990 
919  AP.0843    (0)    9 :  0.052 0.948 
920  AP.0844    (0)    9 :  0.160 0.840 
921  AP.084X    (0)    9 :  0.022 0.978 
922  AP.086Y    (0)    9 :  0.165 0.835 
923  AP.0870    (0)    9 :  0.137 0.863 
924  AP.0878    (0)    9 :  0.173 0.827 
925  AP.087F    (0)    9 :  0.212 0.788 
926  AP.087Y    (0)    9 :  0.414 0.586 
927  AP.088P    (0)    9 :  0.020 0.980 
928  AP.08AK    (5)    9 :  0.039 0.961 
929  CH.0LLM    (0)    9 :  0.184 0.816 
930  CH.0LLU    (0)    9 :  0.248 0.752 
931  CH.0LM0    (5)    9 :  0.072 0.928 
932  CH.0LM3    (5)    9 :  0.034 0.966 
933    W26MY    (0)    9 :  0.207 0.793 
934    W26P6    (0)    9 :  0.033 0.967 
935   HRV07U    (0)    9 :  0.047 0.953 
936   HRV1CT    (0)    9 :  0.012 0.988 
937   HRV1CU    (0)    9 :  0.008 0.992 
938   HRV1E6    (0)    9 :  0.017 0.983 
939   HRV081    (0)    9 :  0.007 0.993 
940   HRV1E3    (0)    9 :  0.027 0.973 
941   MSV21E    (0)    9 :  0.173 0.827 
942   MSV216    (0)    9 :  0.081 0.919 
943    M0TYK    (0)    9 :  0.067 0.933 
944   MSV2AA    (0)    9 :  0.105 0.895 
945  CK.0PET    (0)    9 :  0.241 0.759 
946    M2E8C    (0)    9 :  0.013 0.987 
947   MSV23X    (0)    9 :  0.186 0.814 
948   MSV32A    (0)    9 :  0.180 0.820 
949  AP.0838    (0)    9 :  0.024 0.976 
950  AP.088F    (0)    9 :  0.126 0.874 
951    h0014    (0)   10 :  0.014 0.986 
952    h0024    (0)   10 :  0.016 0.984 
953    h0034    (0)   10 :  0.111 0.889 
954    h0044    (0)   10 :  0.235 0.765 
955    h0054    (0)   10 :  0.263 0.737 
956    h0064    (0)   10 :  0.085 0.915 
957    h0074    (0)   10 :  0.018 0.982 
958    h0084    (0)   10 :  0.025 0.975 
959    h0094    (0)   10 :  0.040 0.960 
960    h0104    (0)   10 :  0.138 0.862 
961    h0114    (0)   10 :  0.131 0.869 
962    h0124    (0)   10 :  0.124 0.876 
963    h0134    (0)   10 :  0.026 0.974 
964    h0144    (0)   10 :  0.198 0.802 
965    h0154    (0)   10 :  0.166 0.834 
966    h0164    (0)   10 :  0.078 0.922 
967    h0174    (0)   10 :  0.156 0.844 
968    h0184    (0)   10 :  0.043 0.957 
969    h0194    (0)   10 :  0.024 0.976 
970    h0204    (0)   10 :  0.044 0.956 
971    h0214    (0)   10 :  0.038 0.962 
972    h0224    (0)   10 :  0.123 0.877 
973    h0234    (0)   10 :  0.193 0.807 
974    h0244    (0)   10 :  0.041 0.959 
975    h0254    (0)   10 :  0.165 0.835 
976    h0264    (0)   10 :  0.121 0.879 
977    h0274    (0)   10 :  0.230 0.770 
978    h0284    (0)   10 :  0.025 0.975 
979    h0294    (0)   10 :  0.081 0.919 
980    h0304    (0)   10 :  0.014 0.986 
981    h0314    (0)   10 :  0.009 0.991 
982    h0324    (0)   10 :  0.078 0.922 
983    h0334    (0)   10 :  0.180 0.820 
984    h0344    (0)   10 :  0.120 0.880 
985    h0354    (0)   10 :  0.162 0.838 
986    h0364    (0)   10 :  0.215 0.785 
987    h0374    (0)   10 :  0.078 0.922 
988    h0384    (0)   10 :  0.169 0.831 
989    h0394    (0)   10 :  0.194 0.806 
990    h0404    (0)   10 :  0.111 0.889 
991    h0414    (0)   10 :  0.019 0.981 
992    h0424    (0)   10 :  0.011 0.989 
993    h0434    (0)   10 :  0.120 0.880 
994    h0444    (0)   10 :  0.214 0.786 
995    h0454    (0)   10 :  0.016 0.984 
996    h0464    (0)   10 :  0.130 0.870 
997    h0474    (0)   10 :  0.262 0.738 
998    h0484    (0)   10 :  0.247 0.753 
999    h0494    (0)   10 :  0.135 0.865 
1000    h0504    (0)   10 :  0.045 0.955 
1001    h0514    (0)   10 :  0.117 0.883 
1002    h0524    (0)   10 :  0.057 0.943 
1003    h0534    (0)   10 :  0.145 0.855 
1004    h0544    (0)   10 :  0.048 0.952 
1005    h0554    (0)   10 :  0.022 0.978 
1006    h0564    (0)   10 :  0.044 0.956 
1007    h0574    (0)   10 :  0.122 0.878 
1008    h0584    (0)   10 :  0.058 0.942 
1009    h0594    (0)   10 :  0.123 0.877 
1010    h0604    (0)   10 :  0.056 0.944 
1011    h0614    (0)   10 :  0.009 0.991 
1012    h0624    (0)   10 :  0.105 0.895 
1013    h0634    (0)   10 :  0.217 0.783 
1014    h0644    (0)   10 :  0.138 0.862 
1015    h0654    (0)   10 :  0.154 0.846 
1016    h0664    (0)   10 :  0.272 0.728 
1017    h0674    (0)   10 :  0.103 0.897 
1018    h0684    (0)   10 :  0.107 0.893 
1019    h0694    (0)   10 :  0.052 0.948 
1020    h0704    (0)   10 :  0.095 0.905 
1021    h0714    (0)   10 :  0.096 0.904 
1022    h0724    (0)   10 :  0.012 0.988 
1023    h0734    (0)   10 :  0.227 0.773 
1024    h0744    (0)   10 :  0.097 0.903 
1025    h0754    (0)   10 :  0.035 0.965 
1026    h0764    (0)   10 :  0.104 0.896 
1027    h0774    (0)   10 :  0.011 0.989 
1028    h0784    (0)   10 :  0.149 0.851 
1029    h0794    (0)   10 :  0.038 0.962 
1030    h0804    (0)   10 :  0.131 0.869 
1031    h0814    (0)   10 :  0.204 0.796 
1032    h0824    (0)   10 :  0.022 0.978 
1033    h0834    (0)   10 :  0.134 0.866 
1034    h0844    (0)   10 :  0.092 0.908 
1035    h0854    (0)   10 :  0.226 0.774 
1036    h0864    (0)   10 :  0.122 0.878 
1037    h0874    (0)   10 :  0.116 0.884 
1038    h0884    (0)   10 :  0.044 0.956 
1039    h0894    (0)   10 :  0.016 0.984 
1040    h0904    (0)   10 :  0.053 0.947 
1041    h0914    (0)   10 :  0.055 0.945 
1042    h0924    (0)   10 :  0.034 0.966 
1043    h0934    (0)   10 :  0.151 0.849 
1044    h0944    (0)   10 :  0.122 0.878 
1045    h0954    (0)   10 :  0.031 0.969 
1046    h0964    (0)   10 :  0.019 0.981 
1047    h0974    (0)   10 :  0.056 0.944 
1048    h0984    (0)   10 :  0.271 0.729 
1049    h0994    (0)   10 :  0.090 0.910 
1050    h1004    (0)   10 :  0.137 0.863 
1051  AP.07M2    (0)   11 :  0.043 0.957 
1052   HRV05C   (10)   11 :  0.017 0.983 
1053   HRV077   (10)   11 :  0.016 0.984 
1054   HRV0A0    (5)   11 :  0.007 0.993 
1055   HRV0MC    (5)   11 :  0.010 0.990 
1056   HRV00P    (0)   11 :  0.007 0.993 
1057   HRV01J    (5)   11 :  0.009 0.991 
1058   HRV026    (5)   11 :  0.011 0.989 
1059   HRV02C    (0)   11 :  0.006 0.994 
1060   HRV031    (0)   11 :  0.007 0.993 
1061   HRV033    (0)   11 :  0.007 0.993 
1062   HRV05L    (0)   11 :  0.007 0.993 
1063   HRV06A    (0)   11 :  0.009 0.991 
1064   HRV07P    (5)   11 :  0.007 0.993 
1065   HRV0HC    (5)   11 :  0.049 0.951 
1066   HRV0HU   (10)   11 :  0.021 0.979 
1067   HRV0K1    (0)   11 :  0.008 0.992 
1068   HRV0M6    (5)   11 :  0.030 0.970 
1069   HRV0M7    (5)   11 :  0.011 0.989 
1070   HRV0MK    (0)   11 :  0.007 0.993 
1071   HRV1C7    (5)   11 :  0.009 0.991 
1072   HRV1EA    (0)   11 :  0.031 0.969 
1073    M147K    (5)   11 :  0.006 0.994 
1074   HRV008    (0)   11 :  0.009 0.991 
1075   HRV015    (0)   11 :  0.014 0.986 
1076   HRV01F    (0)   11 :  0.022 0.978 
1077   HRV01L    (0)   11 :  0.008 0.992 
1078   HRV01M    (0)   11 :  0.011 0.989 
1079   HRV020    (0)   11 :  0.014 0.986 
1080   HRV022    (0)   11 :  0.024 0.976 
1081   HRV02A    (0)   11 :  0.019 0.981 
1082   HRV02K    (0)   11 :  0.024 0.976 
1083   HRV04C    (0)   11 :  0.009 0.991 
1084   HRV05H    (0)   11 :  0.018 0.982 
1085   HRV076    (0)   11 :  0.022 0.978 
1086   HRV07H    (0)   11 :  0.007 0.993 
1087   HRV07X    (0)   11 :  0.016 0.984 
1088   HRV080    (0)   11 :  0.008 0.992 
1089   HRV086    (5)   11 :  0.011 0.989 
1090   HRV0H3    (5)   11 :  0.011 0.989 
1091   HRV0J3    (0)   11 :  0.011 0.989 
1092   HRV0JX   (15)   11 :  0.018 0.982 
1093   HRV0ML   (10)   11 :  0.007 0.993 
1094   HRV1E8   (10)   11 :  0.009 0.991 
1095   HRV007   (10)   11 :  0.014 0.986 
1096   HRV005    (5)   11 :  0.013 0.987 
1097   HRV05U    (5)   11 :  0.008 0.992 
1098   HRV01U    (5)   11 :  0.009 0.991 
1099  AP.07M1    (5)   11 :  0.008 0.992 
1100  AP.07ME    (5)   11 :  0.015 0.985 
1101  AP.0817    (5)   11 :  0.009 0.991 
1102  AP.0863   (15)   11 :  0.026 0.974 
1103  AP.087T    (5)   11 :  0.034 0.966 
1104  AP.088T    (5)   11 :  0.007 0.993 
1105  CH.0LM1   (15)   11 :  0.012 0.988 
1106    M05X5    (5)   11 :  0.052 0.948 
1107    M06JH    (5)   11 :  0.056 0.944 
1108    M0A6K    (5)   11 :  0.011 0.989 
1109    M0ETF    (5)   11 :  0.008 0.992 
1110    M0LUP   (10)   11 :  0.013 0.987 
1111    M16F1    (5)   11 :  0.010 0.990 
1112    M182M    (5)   11 :  0.012 0.988 
1113    M1CFL   (10)   11 :  0.010 0.990 
1114    M2AXY   (10)   11 :  0.010 0.990 
1115    M2AY2   (10)   11 :  0.052 0.948 
1116    M2CHP   (10)   11 :  0.053 0.947 
1117    W26LK    (5)   11 :  0.009 0.991 
1118    W26ME   (10)   11 :  0.016 0.984 
1119  AM.07FM    (0)   11 :  0.007 0.993 
1120  AM.07FP    (5)   11 :  0.009 0.991 
1121  AP.07M4    (0)   11 :  0.006 0.994 
1122  AP.07M7    (0)   11 :  0.006 0.994 
1123  AP.07M8    (0)   11 :  0.010 0.990 
1124  AP.07MA    (0)   11 :  0.020 0.980 
1125  AP.07MC    (0)   11 :  0.008 0.992 
1126  AP.07P8    (0)   11 :  0.054 0.946 
1127  AP.07U8    (0)   11 :  0.012 0.988 
1128  AP.081F   (10)   11 :  0.011 0.989 
1129  AP.081H   (10)   11 :  0.278 0.722 
1130  AP.0820    (0)   11 :  0.020 0.980 
1131  AP.0841    (5)   11 :  0.070 0.930 
1132  AP.0858    (0)   11 :  0.014 0.986 
1133  AP.085U    (5)   11 :  0.038 0.962 
1134  AP.085X    (5)   11 :  0.008 0.992 
1135  AP.0861    (5)   11 :  0.012 0.988 
1136  AP.0864   (10)   11 :  0.007 0.993 
1137  AP.086X    (0)   11 :  0.008 0.992 
1138  AP.0872    (0)   11 :  0.008 0.992 
1139  AP.0875    (0)   11 :  0.056 0.944 
1140  AP.087A    (0)   11 :  0.009 0.991 
1141  AP.087C    (0)   11 :  0.015 0.985 
1142  AP.087E    (0)   11 :  0.008 0.992 
1143  AP.087H    (0)   11 :  0.008 0.992 
1144  AP.087K    (0)   11 :  0.014 0.986 
1145  AP.087L    (0)   11 :  0.009 0.991 
1146  AP.087M    (0)   11 :  0.011 0.989 
1147  AP.087P    (0)   11 :  0.011 0.989 
1148  AP.087U    (0)   11 :  0.048 0.952 
1149  AP.087X    (0)   11 :  0.033 0.967 
1150  AP.0881    (0)   11 :  0.017 0.983 
1151  AP.0882    (0)   11 :  0.010 0.990 
1152  AP.0883    (0)   11 :  0.029 0.971 
1153  AP.0884    (0)   11 :  0.007 0.993 
1154  AP.0885    (5)   11 :  0.012 0.988 
1155  AP.0887    (0)   11 :  0.011 0.989 
1156  AP.0888    (5)   11 :  0.262 0.738 
1157  AP.088A    (0)   11 :  0.009 0.991 
1158  AP.088C    (0)   11 :  0.041 0.959 
1159  AP.088J    (0)   11 :  0.016 0.984 
1160  AP.088K    (0)   11 :  0.014 0.986 
1161  AP.088L    (0)   11 :  0.008 0.992 
1162  AP.088U    (0)   11 :  0.009 0.991 
1163  AP.088X    (0)   11 :  0.015 0.985 
1164  AP.08A0    (0)   11 :  0.007 0.993 
1165  AP.08A1    (0)   11 :  0.011 0.989 
1166  AP.08A3    (0)   11 :  0.007 0.993 
1167  AP.08A4    (0)   11 :  0.084 0.916 
1168  AP.08A5    (0)   11 :  0.007 0.993 
1169  AP.08A6    (0)   11 :  0.015 0.985 
1170  AP.08A8    (5)   11 :  0.009 0.991 
1171  AP.08AC    (0)   11 :  0.017 0.983 
1172  AP.08AH    (0)   11 :  0.014 0.986 
1173  AP.08AJ    (0)   11 :  0.016 0.984 
1174  AP.08AM   (10)   11 :  0.010 0.990 
1175  AP.08AT    (0)   11 :  0.008 0.992 
1176  AP.08AX    (0)   11 :  0.008 0.992 
1177  CH.0LLP    (0)   11 :  0.013 0.987 
1178  CH.0LM2   (10)   11 :  0.013 0.987 
1179  CH.0LM4    (5)   11 :  0.007 0.993 
1180  CH.0LM5    (0)   11 :  0.010 0.990 
1181    M0102    (5)   11 :  0.010 0.990 
1182    M023A    (5)   11 :  0.007 0.993 
1183    M03MM   (10)   11 :  0.013 0.987 
1184    M04PF    (0)   11 :  0.008 0.992 
1185    M04XH    (5)   11 :  0.017 0.983 
1186    M04XM   (10)   11 :  0.009 0.991 
1187    M0557    (0)   11 :  0.022 0.978 
1188    M055C    (0)   11 :  0.047 0.953 
1189    M05JC    (0)   11 :  0.009 0.991 
1190    M05PH    (0)   11 :  0.013 0.987 
1191    M05X6    (0)   11 :  0.008 0.992 
1192    M07TC    (0)   11 :  0.016 0.984 
1193    M0A66    (0)   11 :  0.007 0.993 
1194    M0EYT    (0)   11 :  0.008 0.992 
1195    M0FF2    (0)   11 :  0.008 0.992 
1196    M0HJ6    (5)   11 :  0.016 0.984 
1197   HRV0JL    (0)   11 :  0.006 0.994 
1198   HRV0JP    (0)   11 :  0.009 0.991 
1199   HRV0KA    (0)   11 :  0.008 0.992 
1200   HRV0LJ    (5)   11 :  0.019 0.981 
1201   HRV0LM    (0)   11 :  0.011 0.989 
1202   HRV0LP    (0)   11 :  0.024 0.976 
1203    M0HJ8    (0)   11 :  0.008 0.992 
1204    M0HM3    (0)   11 :  0.008 0.992 
1205    M0J1X    (0)   11 :  0.008 0.992 
1206    M0L32    (0)   11 :  0.013 0.987 
1207    M0L8F    (0)   11 :  0.024 0.976 
1208    M0LUH    (0)   11 :  0.009 0.991 
1209    M0XPJ    (0)   11 :  0.009 0.991 
1210    M0XTE    (0)   11 :  0.015 0.985 
1211    M157H    (0)   11 :  0.009 0.991 
1212    M16YU    (0)   11 :  0.007 0.993 
1213    M1751    (0)   11 :  0.010 0.990 
1214    M1C2H    (0)   11 :  0.007 0.993 
1215    M1E60    (0)   11 :  0.007 0.993 
1216    M1EKX    (0)   11 :  0.008 0.992 
1217    M1EKY    (0)   11 :  0.007 0.993 
1218    M1EL3    (0)   11 :  0.015 0.985 
1219    M1ELC    (0)   11 :  0.012 0.988 
1220    M1ELE    (0)   11 :  0.008 0.992 
1221    M2AY0   (10)   11 :  0.019 0.981 
1222    M2AY4    (5)   11 :  0.010 0.990 
1223    M2AY5   (10)   11 :  0.010 0.990 
1224    M2AY8    (5)   11 :  0.105 0.895 
1225    M2C3A   (10)   11 :  0.009 0.991 
1226    M2C3F   (10)   11 :  0.010 0.990 
1227   HRV0ME    (0)   11 :  0.014 0.986 
1228    M2CHJ    (5)   11 :  0.027 0.973 
1229    M2CHM    (5)   11 :  0.039 0.961 
1230    M2CHY   (10)   11 :  0.014 0.986 
1231    W23E8    (0)   11 :  0.008 0.992 
1232    W23EM    (0)   11 :  0.013 0.987 
1233    W23EX    (0)   11 :  0.010 0.990 
1234    W23F0    (0)   11 :  0.012 0.988 
1235    W26L5    (0)   11 :  0.052 0.948 
1236    W26LM    (0)   11 :  0.094 0.906 
1237    W26MJ    (0)   11 :  0.130 0.870 
1238    W26ML    (0)   11 :  0.008 0.992 
1239    W26MT    (0)   11 :  0.007 0.993 
1240    W26PE    (5)   11 :  0.094 0.906 
1241    W26PJ    (0)   11 :  0.115 0.885 
1242    W26PT    (0)   11 :  0.008 0.992 
1243    W26PX   (10)   11 :  0.025 0.975 
1244    W26T0    (5)   11 :  0.012 0.988 
1245    W26TC    (0)   11 :  0.006 0.994 
1246    W26TJ    (5)   11 :  0.058 0.942 
1247    W26UE    (5)   11 :  0.011 0.989 
1248    W26UF    (0)   11 :  0.008 0.992 
1249    W26UL    (0)   11 :  0.029 0.971 
1250    W26X2    (0)   11 :  0.013 0.987 
1251    W2716    (0)   11 :  0.041 0.959 
1252   HRV1C6    (0)   11 :  0.007 0.993 
1253   HRV1CX    (0)   11 :  0.029 0.971 
1254   HRV1E2    (0)   11 :  0.007 0.993 
1255   HRV1E4    (0)   11 :  0.006 0.994 
1256   HRV1E5    (0)   11 :  0.007 0.993 
1257   HRV1EC    (0)   11 :  0.010 0.990 
1258   HRV1EK    (0)   11 :  0.024 0.976 
1259   HRV001    (0)   11 :  0.009 0.991 
1260   HRV00H    (0)   11 :  0.009 0.991 
1261   HRV00K    (0)   11 :  0.010 0.990 
1262   HRV01X    (0)   11 :  0.010 0.990 
1263   HRV025    (0)   11 :  0.016 0.984 
1264   HRV028    (0)   11 :  0.010 0.990 
1265   HRV041    (0)   11 :  0.008 0.992 
1266   HRV04F    (0)   11 :  0.008 0.992 
1267   HRV04L    (0)   11 :  0.007 0.993 
1268   HRV055    (0)   11 :  0.007 0.993 
1269   HRV05J    (0)   11 :  0.008 0.992 
1270   HRV07J    (0)   11 :  0.007 0.993 
1271   HRV07K    (0)   11 :  0.025 0.975 
1272   HRV07L    (0)   11 :  0.042 0.958 
1273   HRV07M    (0)   11 :  0.007 0.993 
1274   HRV0HM    (0)   11 :  0.044 0.956 
1275   HRV0J2    (0)   11 :  0.008 0.992 
1276   HRV0K3    (0)   11 :  0.008 0.992 
1277   HRV0KE    (0)   11 :  0.008 0.992 
1278   HRV0KF    (0)   11 :  0.019 0.981 
1279   HRV0KU    (0)   11 :  0.025 0.975 
1280   HRV0L6    (0)   11 :  0.007 0.993 
1281   HRV0M2    (0)   11 :  0.016 0.984 
1282   HRV0MF    (0)   11 :  0.009 0.991 
1283   HRV0MJ    (0)   11 :  0.022 0.978 
1284   HRV1AT    (0)   11 :  0.009 0.991 
1285   HRV1C1    (0)   11 :  0.009 0.991 
1286   HRV1CL    (0)   11 :  0.011 0.989 
1287   HRV1E1    (0)   11 :  0.010 0.990 
1288   HRV1E7    (0)   11 :  0.008 0.992 
1289   HRV1EE    (0)   11 :  0.007 0.993 
1290   HRV1ET    (0)   11 :  0.007 0.993 
1291   h00111    (0)   12 :  0.009 0.991 
1292   h00211    (0)   12 :  0.007 0.993 
1293   h00311    (0)   12 :  0.012 0.988 
1294   h00411    (0)   12 :  0.034 0.966 
1295   h00511    (0)   12 :  0.014 0.986 
1296   h00611    (0)   12 :  0.008 0.992 
1297   h00711    (0)   12 :  0.015 0.985 
1298   h00811    (0)   12 :  0.039 0.961 
1299   h00911    (0)   12 :  0.023 0.977 
1300   h01011    (0)   12 :  0.008 0.992 
1301   h01111    (0)   12 :  0.013 0.987 
1302   h01211    (0)   12 :  0.012 0.988 
1303   h01311    (0)   12 :  0.009 0.991 
1304   h01411    (0)   12 :  0.008 0.992 
1305   h01511    (0)   12 :  0.022 0.978 
1306   h01611    (0)   12 :  0.008 0.992 
1307   h01711    (0)   12 :  0.019 0.981 
1308   h01811    (0)   12 :  0.008 0.992 
1309   h01911    (0)   12 :  0.008 0.992 
1310   h02011    (0)   12 :  0.017 0.983 
1311   h02111    (0)   12 :  0.008 0.992 
1312   h02211    (0)   12 :  0.012 0.988 
1313   h02311    (0)   12 :  0.010 0.990 
1314   h02411    (0)   12 :  0.012 0.988 
1315   h02511    (0)   12 :  0.039 0.961 
1316   h02611    (0)   12 :  0.011 0.989 
1317   h02711    (0)   12 :  0.008 0.992 
1318   h02811    (0)   12 :  0.024 0.976 
1319   h02911    (0)   12 :  0.021 0.979 
1320   h03011    (0)   12 :  0.023 0.977 
1321   h03111    (0)   12 :  0.005 0.995 
1322   h03211    (0)   12 :  0.008 0.992 
1323   h03311    (0)   12 :  0.010 0.990 
1324   h03411    (0)   12 :  0.009 0.991 
1325   h03511    (0)   12 :  0.009 0.991 
1326   h03611    (0)   12 :  0.008 0.992 
1327   h03711    (0)   12 :  0.013 0.987 
1328   h03811    (0)   12 :  0.006 0.994 
1329   h03911    (0)   12 :  0.012 0.988 
1330   h04011    (0)   12 :  0.016 0.984 
1331   h04111    (0)   12 :  0.007 0.993 
1332   h04211    (0)   12 :  0.026 0.974 
1333   h04311    (0)   12 :  0.010 0.990 
1334   h04411    (0)   12 :  0.006 0.994 
1335   h04511    (0)   12 :  0.026 0.974 
1336   h04611    (0)   12 :  0.011 0.989 
1337   h04711    (0)   12 :  0.008 0.992 
1338   h04811    (0)   12 :  0.009 0.991 
1339   h04911    (0)   12 :  0.010 0.990 
1340   h05011    (0)   12 :  0.008 0.992 
1341   h05111    (0)   12 :  0.013 0.987 
1342   h05211    (0)   12 :  0.015 0.985 
1343   h05311    (0)   12 :  0.012 0.988 
1344   h05411    (0)   12 :  0.016 0.984 
1345   h05511    (0)   12 :  0.014 0.986 
1346   h05611    (0)   12 :  0.017 0.983 
1347   h05711    (0)   12 :  0.015 0.985 
1348   h05811    (0)   12 :  0.029 0.971 
1349   h05911    (0)   12 :  0.007 0.993 
1350   h06011    (0)   12 :  0.010 0.990 
1351   h06111    (0)   12 :  0.014 0.986 
1352   h06211    (0)   12 :  0.010 0.990 
1353   h06311    (0)   12 :  0.014 0.986 
1354   h06411    (0)   12 :  0.006 0.994 
1355   h06511    (0)   12 :  0.012 0.988 
1356   h06611    (0)   12 :  0.014 0.986 
1357   h06711    (0)   12 :  0.109 0.891 
1358   h06811    (0)   12 :  0.028 0.972 
1359   h06911    (0)   12 :  0.012 0.988 
1360   h07011    (0)   12 :  0.008 0.992 
1361   h07111    (0)   12 :  0.010 0.990 
1362   h07211    (0)   12 :  0.018 0.982 
1363   h07311    (0)   12 :  0.009 0.991 
1364   h07411    (0)   12 :  0.011 0.989 
1365   h07511    (0)   12 :  0.009 0.991 
1366   h07611    (0)   12 :  0.011 0.989 
1367   h07711    (0)   12 :  0.007 0.993 
1368   h07811    (0)   12 :  0.100 0.900 
1369   h07911    (0)   12 :  0.028 0.972 
1370   h08011    (0)   12 :  0.010 0.990 
1371   h08111    (0)   12 :  0.008 0.992 
1372   h08211    (0)   12 :  0.013 0.987 
1373   h08311    (0)   12 :  0.012 0.988 
1374   h08411    (0)   12 :  0.010 0.990 
1375   h08511    (0)   12 :  0.013 0.987 
1376   h08611    (0)   12 :  0.008 0.992 
1377   h08711    (0)   12 :  0.027 0.973 
1378   h08811    (0)   12 :  0.010 0.990 
1379   h08911    (0)   12 :  0.011 0.989 
1380   h09011    (0)   12 :  0.011 0.989 
1381   h09111    (0)   12 :  0.047 0.953 
1382   h09211    (0)   12 :  0.012 0.988 
1383   h09311    (0)   12 :  0.015 0.985 
1384   h09411    (0)   12 :  0.009 0.991 
1385   h09511    (0)   12 :  0.009 0.991 
1386   h09611    (0)   12 :  0.009 0.991 
1387   h09711    (0)   12 :  0.010 0.990 
1388   h09811    (0)   12 :  0.011 0.989 
1389   h09911    (0)   12 :  0.013 0.987 
1390   h10011    (0)   12 :  0.015 0.985 
1391    h1011    (0)   12 :  0.012 0.988 
1392    h1021    (0)   12 :  0.033 0.967 
1393    h1031    (0)   12 :  0.006 0.994 
1394    h1041    (0)   12 :  0.018 0.982 
1395    h1051    (0)   12 :  0.011 0.989 
1396    h1061    (0)   12 :  0.007 0.993 
1397    h1071    (0)   12 :  0.008 0.992 
1398    h1081    (0)   12 :  0.050 0.950 
1399    h1091    (0)   12 :  0.013 0.987 
1400    h1101    (0)   12 :  0.014 0.986 
1401    h1111    (0)   12 :  0.011 0.989 
1402    h1121    (0)   12 :  0.008 0.992 
1403    h1131    (0)   12 :  0.016 0.984 
1404    h1141    (0)   12 :  0.008 0.992 
1405    h1151    (0)   12 :  0.010 0.990 
1406    h1161    (0)   12 :  0.007 0.993 
1407    h1171    (0)   12 :  0.013 0.987 
1408    h1181    (0)   12 :  0.009 0.991 
1409    h1191    (0)   12 :  0.014 0.986 
1410    h1201    (0)   12 :  0.033 0.967 
1411    h1211    (0)   12 :  0.015 0.985 
1412    h1221    (0)   12 :  0.012 0.988 
1413    h1231    (0)   12 :  0.008 0.992 
1414    h1241    (0)   12 :  0.027 0.973 
1415    h1251    (0)   12 :  0.008 0.992 
1416    h1261    (0)   12 :  0.009 0.991 
1417    h1271    (0)   12 :  0.007 0.993 
1418    h1281    (0)   12 :  0.019 0.981 
1419    h1291    (0)   12 :  0.008 0.992 
1420    h1301    (0)   12 :  0.019 0.981 
1421    h1311    (0)   12 :  0.018 0.982 
1422    h1321    (0)   12 :  0.009 0.991 
1423    h1331    (0)   12 :  0.036 0.964 
1424    h1341    (0)   12 :  0.016 0.984 
1425    h1351    (0)   12 :  0.019 0.981 
1426    h1361    (0)   12 :  0.007 0.993 
1427    h1371    (0)   12 :  0.021 0.979 
1428    h1381    (0)   12 :  0.008 0.992 
1429    h1391    (0)   12 :  0.010 0.990 
1430    h1401    (0)   12 :  0.011 0.989 
1431    h1411    (0)   12 :  0.013 0.987 
1432    h1421    (0)   12 :  0.013 0.987 
1433    h1431    (0)   12 :  0.018 0.982 
1434    h1441    (0)   12 :  0.016 0.984 
1435    h1451    (0)   12 :  0.018 0.982 
1436    h1461    (0)   12 :  0.022 0.978 
1437    h1471    (0)   12 :  0.009 0.991 
1438    h1481    (0)   12 :  0.008 0.992 
1439    h1491    (0)   12 :  0.033 0.967 
1440    h1501    (0)   12 :  0.012 0.988 
1441    h1511    (0)   12 :  0.011 0.989 
1442    h1521    (0)   12 :  0.011 0.989 
1443    h1531    (0)   12 :  0.013 0.987 
1444    h1541    (0)   12 :  0.008 0.992 
1445    h1551    (0)   12 :  0.008 0.992 
1446    h1561    (0)   12 :  0.009 0.991 
1447    h1571    (0)   12 :  0.010 0.990 
1448    h1581    (0)   12 :  0.022 0.978 
1449    h1591    (0)   12 :  0.038 0.962 
1450    h1601    (0)   12 :  0.029 0.971 
1451    h1611    (0)   12 :  0.009 0.991 
1452    h1621    (0)   12 :  0.007 0.993 
1453    h1631    (0)   12 :  0.027 0.973 
1454    h1641    (0)   12 :  0.007 0.993 
1455    h1651    (0)   12 :  0.026 0.974 
1456    h1661    (0)   12 :  0.009 0.991 
1457    h1671    (0)   12 :  0.017 0.983 
1458    h1681    (0)   12 :  0.015 0.985 
1459    h1691    (0)   12 :  0.009 0.991 
1460    h1701    (0)   12 :  0.008 0.992 
1461    h1711    (0)   12 :  0.028 0.972 
1462    h1721    (0)   12 :  0.017 0.983 
1463    h1731    (0)   12 :  0.016 0.984 
1464    h1741    (0)   12 :  0.015 0.985 
1465    h1751    (0)   12 :  0.015 0.985 
1466    h1761    (0)   12 :  0.007 0.993 
1467    h1771    (0)   12 :  0.008 0.992 
1468    h1781    (0)   12 :  0.022 0.978 
1469    h1791    (0)   12 :  0.009 0.991 
1470    h1801    (0)   12 :  0.016 0.984 
1471    h1811    (0)   12 :  0.013 0.987 
1472    h1821    (0)   12 :  0.007 0.993 
1473    h1831    (0)   12 :  0.012 0.988 
1474    h1841    (0)   12 :  0.010 0.990 
1475    h1851    (0)   12 :  0.009 0.991 
1476    h1861    (0)   12 :  0.038 0.962 
1477    h1871    (0)   12 :  0.015 0.985 
1478    h1881    (0)   12 :  0.016 0.984 
1479    h1891    (0)   12 :  0.041 0.959 
1480    h1901    (0)   12 :  0.010 0.990 
1481    h1911    (0)   12 :  0.013 0.987 
1482    h1921    (0)   12 :  0.059 0.941 
1483    h1931    (0)   12 :  0.012 0.988 
1484    h1941    (0)   12 :  0.009 0.991 
1485    h1951    (0)   12 :  0.052 0.948 
1486    h1961    (0)   12 :  0.008 0.992 
1487    h1971    (0)   12 :  0.015 0.985 
1488    h1981    (0)   12 :  0.010 0.990 
1489    h1991    (0)   12 :  0.008 0.992 
1490    h2001    (0)   12 :  0.012 0.988 
1491    h2011    (0)   12 :  0.023 0.977 
1492    h2021    (0)   12 :  0.008 0.992 
1493    h2031    (0)   12 :  0.010 0.990 
1494    h2041    (0)   12 :  0.010 0.990 
1495    h2051    (0)   12 :  0.009 0.991 
1496    h2061    (0)   12 :  0.008 0.992 
1497    h2071    (0)   12 :  0.013 0.987 
1498    h2081    (0)   12 :  0.008 0.992 
1499    h2091    (0)   12 :  0.008 0.992 
1500    h2101    (0)   12 :  0.012 0.988 
1501    h2111    (0)   12 :  0.020 0.980 
1502    h2121    (0)   12 :  0.007 0.993 
1503    h2131    (0)   12 :  0.010 0.990 
1504    h2141    (0)   12 :  0.012 0.988 
1505    h2151    (0)   12 :  0.009 0.991 
1506    h2161    (0)   12 :  0.008 0.992 
1507    h2171    (0)   12 :  0.011 0.989 
1508    h2181    (0)   12 :  0.007 0.993 
1509    h2191    (0)   12 :  0.029 0.971 
1510    h2201    (0)   12 :  0.011 0.989 
1511    h2211    (0)   12 :  0.012 0.988 
1512    h2221    (0)   12 :  0.008 0.992 
1513    h2231    (0)   12 :  0.007 0.993 
1514    h2241    (0)   12 :  0.011 0.989 
1515    h2251    (0)   12 :  0.007 0.993 
1516    h2261    (0)   12 :  0.009 0.991 
1517    h2271    (0)   12 :  0.012 0.988 
1518    h2281    (0)   12 :  0.013 0.987 
1519    h2291    (0)   12 :  0.018 0.982 
1520    h2301    (0)   12 :  0.015 0.985 
1521    h2311    (0)   12 :  0.012 0.988 
1522    h2321    (0)   12 :  0.012 0.988 
1523    h2331    (0)   12 :  0.007 0.993 
1524    h2341    (0)   12 :  0.012 0.988 
1525    h2351    (0)   12 :  0.011 0.989 
1526    h2361    (0)   12 :  0.012 0.988 
1527    h2371    (0)   12 :  0.010 0.990 
1528    h2381    (0)   12 :  0.014 0.986 
1529    h2391    (0)   12 :  0.015 0.985 
1530    h2401    (0)   12 :  0.011 0.989 
1531    h2411    (0)   12 :  0.009 0.991 
1532    h2421    (0)   12 :  0.009 0.991 
1533    h2431    (0)   12 :  0.006 0.994 
1534    h2441    (0)   12 :  0.016 0.984 
1535    h2451    (0)   12 :  0.014 0.986 
1536    h2461    (0)   12 :  0.013 0.987 
1537    h2471    (0)   12 :  0.011 0.989 
1538    h2481    (0)   12 :  0.009 0.991 
1539    h2491    (0)   12 :  0.011 0.989 
1540    h2501    (0)   12 :  0.018 0.982 
1541    h2511    (0)   12 :  0.013 0.987 
1542    h2521    (0)   12 :  0.055 0.945 
1543    h2531    (0)   12 :  0.029 0.971 
1544    h2541    (0)   12 :  0.017 0.983 
1545    h2551    (0)   12 :  0.010 0.990 
1546    h2561    (0)   12 :  0.053 0.947 
1547    h2571    (0)   12 :  0.007 0.993 
1548    h2581    (0)   12 :  0.006 0.994 
1549    h2591    (0)   12 :  0.012 0.988 
1550    h2601    (0)   12 :  0.014 0.986 


Estimated Allele Frequencies in each cluster
First column gives estimated ancestral frequencies


Locus 1 : Cl147 
22 alleles
0.0% missing data
  45   (0.095) 0.185 0.006 
  69   (0.108) 0.110 0.254 
  73   (0.122) 0.169 0.114 
  77   (0.082) 0.108 0.016 
  56   (0.068) 0.051 0.050 
  65   (0.051) 0.017 0.189 
  41   (0.058) 0.159 0.000 
  52   (0.081) 0.100 0.018 
  48   (0.046) 0.024 0.007 
  81   (0.018) 0.004 0.000 
  49   (0.032) 0.035 0.000 
  60   (0.042) 0.017 0.007 
  84   (0.024) 0.004 0.001 
  89   (0.020) 0.006 0.000 
  61   (0.034) 0.007 0.009 
  44   (0.022) 0.001 0.252 
  68   (0.023) 0.001 0.063 
  85   (0.016) 0.001 0.002 
 801   (0.015) 0.000 0.004 
  72   (0.015) 0.000 0.004 
  80   (0.014) 0.000 0.001 
  40   (0.015) 0.000 0.003 

Locus 2 : Cl233 
31 alleles
0.0% missing data
  63   (0.105) 0.180 0.170 
  85   (0.053) 0.057 0.008 
  73   (0.029) 0.039 0.000 
  79   (0.029) 0.038 0.000 
  71   (0.082) 0.142 0.031 
  77   (0.027) 0.031 0.000 
  75   (0.046) 0.069 0.002 
  67   (0.083) 0.102 0.204 
  55   (0.055) 0.031 0.378 
  59   (0.055) 0.034 0.183 
  81   (0.039) 0.094 0.000 
  83   (0.028) 0.035 0.000 
  93   (0.021) 0.010 0.000 
 101   (0.018) 0.006 0.000 
  69   (0.021) 0.011 0.000 
  51   (0.042) 0.025 0.010 
 100   (0.024) 0.018 0.000 
  92   (0.018) 0.005 0.000 
1121   (0.015) 0.002 0.000 
1001   (0.017) 0.004 0.000 
  89   (0.025) 0.022 0.000 
 711   (0.018) 0.005 0.000 
 116   (0.016) 0.004 0.000 
  80   (0.017) 0.004 0.000 
  43   (0.014) 0.002 0.000 
  84   (0.021) 0.007 0.000 
  88   (0.022) 0.013 0.000 
 104   (0.021) 0.010 0.000 
  97   (0.014) 0.002 0.000 
 791   (0.013) 0.001 0.000 
  35   (0.014) 0.000 0.013 

Locus 3 : Cl264 
26 alleles
0.1% missing data
  65   (0.081) 0.106 0.150 
 651   (0.089) 0.170 0.037 
 691   (0.094) 0.168 0.078 
  57   (0.026) 0.003 0.020 
  61   (0.039) 0.010 0.186 
 731   (0.052) 0.097 0.002 
 811   (0.030) 0.032 0.000 
 611   (0.057) 0.053 0.040 
  69   (0.093) 0.131 0.222 
  77   (0.039) 0.019 0.010 
  49   (0.030) 0.043 0.000 
  45   (0.019) 0.007 0.000 
 491   (0.027) 0.004 0.007 
 571   (0.019) 0.006 0.000 
 771   (0.031) 0.049 0.000 
  89   (0.036) 0.027 0.002 
 652   (0.019) 0.007 0.000 
  53   (0.041) 0.013 0.144 
  73   (0.047) 0.026 0.058 
  80   (0.022) 0.008 0.000 
 531   (0.031) 0.007 0.011 
 693   (0.013) 0.001 0.000 
  93   (0.017) 0.003 0.000 
  85   (0.019) 0.007 0.000 
  37   (0.016) 0.000 0.028 
 692   (0.014) 0.000 0.004 

Locus 4 : Cl274 
8 alleles
0.0% missing data
  61   (0.390) 0.490 0.343 
  57   (0.197) 0.164 0.485 
  65   (0.140) 0.147 0.047 
  53   (0.067) 0.052 0.003 
  69   (0.080) 0.074 0.005 
  73   (0.036) 0.029 0.000 
  49   (0.064) 0.043 0.004 
  45   (0.025) 0.001 0.113 

Locus 5 : Cl285 
36 alleles
0.1% missing data
  75   (0.073) 0.130 0.214 
  71   (0.083) 0.159 0.202 
 631   (0.026) 0.041 0.000 
  67   (0.079) 0.133 0.293 
  63   (0.044) 0.095 0.002 
  79   (0.058) 0.086 0.034 
 792   (0.040) 0.039 0.005 
 671   (0.053) 0.060 0.063 
 831   (0.042) 0.033 0.033 
 752   (0.047) 0.071 0.006 
  55   (0.027) 0.007 0.006 
1401   (0.019) 0.007 0.000 
  59   (0.036) 0.021 0.012 
 712   (0.024) 0.032 0.000 
 833   (0.026) 0.021 0.001 
1322   (0.016) 0.005 0.000 
 136   (0.029) 0.017 0.001 
 164   (0.019) 0.009 0.000 
 872   (0.014) 0.002 0.000 
1282   (0.019) 0.010 0.000 
 148   (0.015) 0.003 0.000 
 144   (0.015) 0.003 0.000 
 119   (0.018) 0.009 0.000 
1402   (0.015) 0.003 0.000 
 132   (0.018) 0.001 0.031 
 751   (0.014) 0.000 0.046 
1361   (0.013) 0.000 0.009 
1321   (0.013) 0.000 0.004 
 711   (0.013) 0.000 0.004 
 791   (0.013) 0.000 0.011 
 832   (0.013) 0.000 0.004 
 140   (0.013) 0.000 0.004 
1281   (0.013) 0.000 0.004 
 124   (0.012) 0.000 0.001 
  87   (0.013) 0.000 0.001 
1441   (0.013) 0.000 0.004 

Locus 6 : Cl291 
20 alleles
0.3% missing data
 641   (0.075) 0.074 0.015 
  72   (0.112) 0.110 0.188 
 682   (0.037) 0.043 0.000 
 801   (0.041) 0.062 0.000 
 681   (0.116) 0.214 0.010 
  76   (0.105) 0.110 0.096 
 722   (0.054) 0.117 0.000 
 601   (0.021) 0.006 0.000 
  80   (0.047) 0.064 0.001 
 761   (0.040) 0.008 0.080 
 762   (0.042) 0.063 0.000 
 721   (0.078) 0.057 0.093 
  84   (0.056) 0.047 0.004 
  64   (0.040) 0.006 0.324 
  68   (0.035) 0.004 0.161 
 843   (0.028) 0.007 0.001 
 881   (0.022) 0.007 0.000 
 763   (0.017) 0.000 0.020 
 803   (0.019) 0.002 0.001 
  60   (0.016) 0.000 0.003 

Locus 7 : Cl308 
52 alleles
0.0% missing data
  72   (0.056) 0.130 0.140 
  64   (0.043) 0.054 0.156 
  68   (0.059) 0.116 0.484 
 103   (0.019) 0.024 0.000 
  80   (0.035) 0.042 0.014 
  76   (0.051) 0.106 0.134 
1151   (0.017) 0.017 0.000 
 123   (0.020) 0.028 0.000 
 115   (0.023) 0.041 0.000 
  83   (0.023) 0.029 0.000 
1231   (0.016) 0.013 0.000 
1192   (0.016) 0.007 0.000 
 131   (0.017) 0.015 0.000 
1191   (0.014) 0.005 0.000 
 752   (0.016) 0.010 0.000 
 143   (0.016) 0.013 0.000 
  79   (0.021) 0.037 0.000 
 119   (0.017) 0.012 0.000 
1431   (0.020) 0.032 0.000 
1112   (0.023) 0.046 0.000 
1193   (0.016) 0.012 0.000 
1591   (0.014) 0.005 0.000 
1232   (0.018) 0.008 0.001 
 139   (0.015) 0.008 0.000 
1111   (0.016) 0.009 0.000 
 127   (0.014) 0.005 0.000 
1391   (0.018) 0.019 0.000 
 121   (0.014) 0.004 0.000 
1313   (0.014) 0.004 0.000 
1113   (0.016) 0.008 0.000 
  87   (0.022) 0.048 0.000 
1031   (0.016) 0.007 0.000 
 155   (0.015) 0.007 0.000 
1312   (0.014) 0.004 0.000 
1272   (0.020) 0.004 0.003 
 151   (0.014) 0.005 0.000 
1351   (0.015) 0.007 0.000 
 135   (0.014) 0.005 0.000 
1432   (0.013) 0.003 0.000 
1152   (0.015) 0.007 0.000 
1271   (0.017) 0.013 0.000 
1311   (0.014) 0.004 0.000 
1472   (0.012) 0.002 0.000 
 137   (0.015) 0.005 0.000 
  88   (0.013) 0.004 0.000 
  60   (0.018) 0.002 0.029 
 712   (0.016) 0.009 0.000 
1071   (0.014) 0.005 0.000 
 107   (0.013) 0.002 0.001 
  71   (0.012) 0.000 0.005 
 751   (0.012) 0.000 0.027 
  67   (0.011) 0.000 0.004 

Locus 8 : Cl330 
25 alleles
1.4% missing data
  52   (0.139) 0.323 0.046 
 601   (0.082) 0.139 0.016 
  40   (0.070) 0.068 0.052 
  72   (0.036) 0.013 0.006 
  56   (0.085) 0.137 0.019 
 481   (0.070) 0.051 0.227 
  61   (0.033) 0.044 0.000 
  80   (0.016) 0.002 0.000 
 681   (0.049) 0.029 0.013 
  64   (0.050) 0.060 0.002 
  57   (0.023) 0.011 0.000 
  75   (0.024) 0.010 0.000 
  71   (0.024) 0.011 0.000 
  28   (0.050) 0.017 0.212 
  65   (0.029) 0.014 0.001 
 441   (0.057) 0.035 0.054 
  36   (0.027) 0.022 0.000 
  79   (0.018) 0.005 0.000 
  73   (0.019) 0.005 0.000 
 602   (0.016) 0.003 0.000 
  44   (0.020) 0.001 0.169 
  48   (0.018) 0.001 0.125 
  67   (0.015) 0.000 0.031 
  62   (0.014) 0.000 0.010 
 521   (0.015) 0.000 0.017 

Locus 9 : Cl344 
15 alleles
3.5% missing data
  56   (0.261) 0.445 0.072 
  60   (0.190) 0.261 0.086 
  48   (0.024) 0.008 0.000 
  76   (0.027) 0.013 0.000 
  64   (0.136) 0.105 0.398 
  72   (0.082) 0.073 0.012 
 761   (0.020) 0.004 0.000 
 641   (0.033) 0.025 0.000 
  68   (0.064) 0.033 0.026 
 601   (0.028) 0.015 0.000 
  52   (0.046) 0.007 0.307 
 681   (0.019) 0.003 0.000 
 721   (0.021) 0.005 0.000 
 561   (0.027) 0.002 0.051 
 521   (0.024) 0.001 0.048 

Locus 10 : Cl366 
8 alleles
0.1% missing data
  80   (0.286) 0.310 0.427 
  92   (0.049) 0.048 0.001 
  76   (0.217) 0.233 0.219 
  88   (0.078) 0.110 0.002 
  84   (0.130) 0.121 0.074 
  72   (0.183) 0.169 0.268 
  64   (0.038) 0.006 0.009 
  68   (0.019) 0.002 0.001 

Locus 11 : Cl375 
15 alleles
0.0% missing data
 491   (0.102) 0.106 0.089 
  53   (0.200) 0.273 0.399 
 612   (0.053) 0.027 0.016 
  57   (0.171) 0.274 0.101 
  45   (0.066) 0.035 0.123 
  61   (0.125) 0.142 0.163 
 651   (0.047) 0.031 0.003 
  69   (0.030) 0.026 0.000 
 571   (0.060) 0.040 0.015 
  65   (0.035) 0.033 0.000 
  37   (0.021) 0.006 0.000 
 691   (0.033) 0.005 0.012 
 531   (0.025) 0.001 0.055 
  49   (0.018) 0.000 0.019 
 532   (0.016) 0.000 0.004 

Locus 12 : Cl408 
13 alleles
0.1% missing data
  62   (0.225) 0.313 0.073 
  74   (0.044) 0.050 0.000 
  50   (0.073) 0.025 0.297 
  58   (0.113) 0.087 0.103 
  66   (0.147) 0.237 0.009 
  70   (0.050) 0.073 0.000 
  54   (0.170) 0.168 0.162 
  78   (0.027) 0.012 0.000 
  79   (0.023) 0.006 0.000 
  75   (0.061) 0.020 0.097 
  82   (0.023) 0.006 0.000 
  46   (0.027) 0.001 0.247 
  34   (0.017) 0.000 0.010 

Locus 13 : Cl507 
22 alleles
0.0% missing data
  70   (0.087) 0.086 0.075 
  94   (0.036) 0.025 0.001 
  74   (0.046) 0.070 0.001 
  54   (0.059) 0.032 0.056 
  82   (0.076) 0.213 0.001 
  90   (0.063) 0.055 0.011 
  86   (0.046) 0.086 0.000 
 701   (0.034) 0.011 0.002 
  78   (0.043) 0.077 0.000 
  62   (0.100) 0.088 0.290 
 741   (0.036) 0.049 0.000 
  66   (0.112) 0.110 0.329 
 661   (0.029) 0.023 0.000 
  58   (0.054) 0.021 0.146 
  98   (0.043) 0.020 0.004 
 781   (0.026) 0.015 0.000 
 141   (0.024) 0.011 0.000 
 102   (0.017) 0.003 0.000 
 106   (0.019) 0.005 0.000 
 621   (0.020) 0.001 0.054 
  50   (0.017) 0.000 0.023 
 702   (0.015) 0.000 0.006 

Locus 14 : Cl527 
29 alleles
0.0% missing data
  62   (0.081) 0.113 0.034 
 622   (0.023) 0.008 0.001 
 461   (0.038) 0.015 0.008 
  82   (0.018) 0.004 0.000 
 661   (0.058) 0.134 0.001 
  70   (0.038) 0.079 0.000 
 581   (0.055) 0.043 0.024 
 701   (0.042) 0.090 0.000 
 501   (0.034) 0.028 0.001 
  66   (0.093) 0.112 0.150 
 741   (0.028) 0.027 0.000 
  58   (0.083) 0.119 0.035 
 541   (0.034) 0.052 0.000 
  74   (0.028) 0.005 0.003 
 621   (0.044) 0.090 0.000 
  78   (0.023) 0.012 0.000 
 781   (0.017) 0.004 0.000 
 462   (0.023) 0.013 0.000 
  67   (0.027) 0.018 0.000 
  54   (0.031) 0.004 0.195 
  50   (0.055) 0.027 0.228 
  63   (0.015) 0.002 0.000 
  46   (0.017) 0.000 0.097 
  42   (0.022) 0.001 0.156 
  61   (0.016) 0.000 0.036 
  57   (0.015) 0.000 0.019 
  26   (0.013) 0.001 0.000 
  53   (0.013) 0.000 0.001 
  65   (0.015) 0.000 0.009 

Locus 15 : Cl380 
21 alleles
3.0% missing data
 671   (0.104) 0.123 0.165 
 672   (0.103) 0.118 0.163 
 751   (0.031) 0.029 0.000 
  71   (0.043) 0.071 0.000 
  79   (0.177) 0.261 0.473 
  75   (0.093) 0.120 0.044 
 711   (0.053) 0.128 0.000 
  67   (0.025) 0.016 0.000 
 791   (0.018) 0.004 0.000 
 591   (0.037) 0.010 0.009 
 552   (0.032) 0.034 0.000 
 792   (0.028) 0.010 0.001 
 593   (0.027) 0.013 0.000 
  59   (0.038) 0.014 0.004 
 631   (0.038) 0.009 0.026 
 833   (0.042) 0.018 0.008 
 712   (0.022) 0.010 0.000 
  63   (0.041) 0.012 0.029 
 551   (0.018) 0.000 0.066 
 592   (0.015) 0.000 0.005 
 632   (0.015) 0.000 0.006 

Locus 16 : Lup02 
6 alleles
0.1% missing data
  56   (0.510) 0.525 0.658 
  60   (0.179) 0.187 0.054 
  52   (0.148) 0.101 0.210 
  48   (0.107) 0.174 0.002 
 561   (0.033) 0.013 0.000 
  64   (0.022) 0.001 0.076 

Locus 17 : Lup13 
5 alleles
0.0% missing data
  57   (0.291) 0.235 0.608 
  61   (0.421) 0.474 0.257 
  65   (0.077) 0.122 0.001 
  53   (0.193) 0.169 0.132 
  69   (0.018) 0.001 0.002 

Locus 18 : Lup20 
9 alleles
0.8% missing data
  56   (0.478) 0.649 0.211 
 601   (0.072) 0.113 0.001 
  60   (0.168) 0.116 0.423 
  68   (0.082) 0.032 0.204 
  64   (0.097) 0.058 0.075 
  72   (0.028) 0.012 0.000 
 681   (0.020) 0.003 0.000 
 641   (0.031) 0.017 0.000 
  52   (0.023) 0.001 0.086 

Locus 19 : Lup21 
11 alleles
0.1% missing data
  41   (0.284) 0.374 0.083 
  57   (0.249) 0.289 0.115 
  53   (0.192) 0.146 0.412 
  37   (0.034) 0.013 0.001 
  45   (0.086) 0.160 0.001 
 531   (0.023) 0.006 0.000 
 611   (0.042) 0.006 0.038 
 491   (0.021) 0.004 0.000 
 612   (0.021) 0.001 0.043 
  49   (0.029) 0.002 0.229 
  61   (0.021) 0.000 0.078 

Locus 20 : Lup23 
6 alleles
0.0% missing data
  59   (0.263) 0.191 0.350 
  63   (0.634) 0.787 0.140 
  67   (0.036) 0.020 0.000 
  55   (0.032) 0.002 0.501 
  51   (0.017) 0.000 0.002 
 671   (0.018) 0.000 0.008 

Values of parameters used in structure:
DATAFILE=/home/eva.pavlovic/data_job_4a2_6_4,	OUTFILE=/home/eva.pavlovic/ParallelStructure/26_results_20MS/4a2_Croatia_high_numbers/4a2_Croatia_high_numbers_6/results_job_4a2_6_4,	NUMINDS=1550,	NUMLOCI=20,	MISSING=-9,	LABEL=1,	POPDATA=1,	POPFLAG=0,	PHENOTYPE=0,	EXTRACOLS=0,	MAXPOPS=2,	BURNIN=300000,	NUMREPS=3000000,	USEPOPINFO=0,	INFERALPHA=1,	INFERLAMBDA=0,	POPSPECIFICLAMBDA=0,	POPALPHAS=0,	COMPUTEPROB=1,	NOADMIX=0,	ADMBURNIN=2500,	UPDATEFREQ=1,	PRINTLIKES=0,	INTERMEDSAVE=0,	PRINTKLD=0,	PRINTNET=0,	PRINTLAMBDA=0,	ANCESTDIST=0,	NUMBOXES=1000,	ANCESTPINT=0.90000,	GENSBACK=2,	MIGRPRIOR=0.05000,	PRINTQHAT=1,	PRINTQSUM=0,	ALPHA=1.0000,	FREQSCORR=1,	FPRIORMEAN=0.0100,	FPRIORSD=0.0500,	ONEFST=0,	LAMBDA=1.0000,	UNIFPRIORALPHA=1,	ALPHAMAX=10.0000,	ALPHAPRIORA=1.0000,	ALPHAPRIORB=2.0000,	ALPHAPROPSD=0.0250,	STARTATPOPINFO=0,	RANDOMIZE=1,	LINKAGE=0,	METROFREQ=10,	REPORTHITRATE=0,	MARKOVPHASE=-1,	PHASED=0,	PLOIDY=2,	PHASEINFO=0	LOCPRIOR=0, 	LOCPRIORINIT=1.000000, 	LOCDATA=0, 	LOCISPOP=0, 	LOCPRIORSTEP=0.100000, 	MAXLOCPRIOR=20.000000, 	SEED=1772637893,	
[STRAT parameters]:    NUMSIMSTATS=1000,	PHENOTYPECOL=-9,	POOLFREQ=10,	LOCUSxONLY=0,	EMERROR=0.00100,	MISSINGPHENO=-9,	