       M1EL5  1 0.9839 0.0161 
       W26T6  1 0.9662 0.0338 
       W26XX  1 0.9891 0.0109 
       M013P  1 0.9919 0.0081 
       M1ELA  1 0.9630 0.0370 
       M2C73  1 0.9854 0.0146 
       W23P4  1 0.8730 0.1270 
       W247C  1 0.9903 0.0097 
       W24K1  1 0.9913 0.0087 
       W24ME  1 0.9488 0.0512 
       W2514  1 0.9797 0.0203 
       W26MA  1 0.9791 0.0209 
       W26MM  1 0.9904 0.0096 
       W26MU  1 0.9843 0.0157 
       W26P0  1 0.9841 0.0159 
       W26P3  1 0.9927 0.0073 
       W26T5  1 0.9914 0.0086 
       W26TE  1 0.9810 0.0190 
       W26TF  1 0.9908 0.0092 
       W26U8  1 0.9602 0.0398 
       W26UJ  1 0.9908 0.0092 
       W26UK  1 0.9925 0.0075 
       W26UT  1 0.9926 0.0074 
       W26XT  1 0.9906 0.0094 
      CC06H2  1 0.9599 0.0401 
      CC06H4  1 0.9891 0.0109 
      CC06H5  1 0.9405 0.0595 
      CC06H6  1 0.9845 0.0155 
      CC06HE  1 0.9910 0.0090 
      CC06HF  1 0.9597 0.0403 
      CC06HH  1 0.9900 0.0100 
      CC06HJ  1 0.9851 0.0149 
      CC06HL  1 0.9928 0.0072 
      CC06HP  1 0.9923 0.0077 
      CC06HT  1 0.9724 0.0276 
      CC06HU  1 0.9821 0.0179 
      CC06HY  1 0.9786 0.0214 
      CC06J0  1 0.9873 0.0127 
      CC06J1  1 0.9602 0.0398 
      CC06J2  1 0.9862 0.0138 
     CT.0YCY  1 0.9872 0.0128 
     CT.0YEC  1 0.9930 0.0070 
     CT.0YEF  1 0.9868 0.0132 
     CT.0YEU  1 0.9918 0.0082 
     CT.0YF2  1 0.9744 0.0256 
     CT.0YF8  1 0.9912 0.0088 
     CT.0YFA  1 0.9829 0.0171 
     CT.0YFE  1 0.9815 0.0185 
     CT.0YFP  1 0.9873 0.0127 
     CT.0YFU  1 0.9870 0.0130 
     CT.0YK7  1 0.9818 0.0182 
     CX.10PT  1 0.9587 0.0413 
      DAM021  1 0.9873 0.0127 
      DAM034  1 0.9834 0.0166 
      DAM07X  1 0.9837 0.0163 
     EF.15J6  1 0.9897 0.0103 
      HRV010  1 0.9894 0.0106 
      HRV02J  1 0.9819 0.0181 
      HRV078  1 0.9870 0.0130 
      HRV0FH  1 0.9882 0.0118 
      HRV0H5  1 0.9843 0.0157 
      HRV0JF  1 0.9811 0.0189 
      HRV0JJ  1 0.9809 0.0191 
      HRV0JM  1 0.9852 0.0148 
      HRV0K6  1 0.9666 0.0334 
      HRV0K7  1 0.9891 0.0109 
      HRV0KP  1 0.9834 0.0166 
      HRV1AX  1 0.9749 0.0251 
      HRV1C4  1 0.9761 0.0239 
      HRV1CH  1 0.9840 0.0160 
      HRV1FA  1 0.9822 0.0178 
      HRV1FK  1 0.9840 0.0160 
      HRV1H8  1 0.9871 0.0129 
      HRV1HT  1 0.9839 0.0161 
      HRV1XU  1 0.9870 0.0130 
      HRV4TF  1 0.9902 0.0098 
      HRV6F0  1 0.9880 0.0120 
      HRVE6L  1 0.9841 0.0159 
       M27HM  1 0.9754 0.0246 
       M27HP  1 0.9907 0.0093 
       M2AK4  1 0.9909 0.0091 
       M2ALA  1 0.9915 0.0085 
       M2C56  1 0.9866 0.0134 
       M2CUX  1 0.9513 0.0487 
       M2E24  1 0.9914 0.0086 
       M2EA7  1 0.9889 0.0111 
       M2EH6  1 0.9897 0.0103 
       M2EKC  1 0.9344 0.0656 
      MSV083  1 0.9878 0.0122 
      MSV084  1 0.9845 0.0155 
      MSV0LJ  1 0.9844 0.0156 
      MSV1H5  1 0.9789 0.0211 
      MSV1KM  1 0.9910 0.0090 
      MSV23F  1 0.9887 0.0113 
      MSV2L8  1 0.9884 0.0116 
      MSV2P7  1 0.9906 0.0094 
      MSV2TJ  1 0.9777 0.0223 
      MSV2XM  1 0.9850 0.0150 
      MSV327  1 0.9882 0.0118 
      MSV33L  1 0.9914 0.0086 
       h0015  2 0.9897 0.0103 
       h0025  2 0.9637 0.0363 
       h0035  2 0.9866 0.0134 
       h0045  2 0.9560 0.0440 
       h0055  2 0.9702 0.0298 
       h0065  2 0.9913 0.0087 
       h0075  2 0.9571 0.0429 
       h0085  2 0.9838 0.0162 
       h0095  2 0.9823 0.0177 
       h0105  2 0.9861 0.0139 
       h0115  2 0.9826 0.0174 
       h0125  2 0.9930 0.0070 
       h0135  2 0.9935 0.0065 
       h0145  2 0.9855 0.0145 
       h0155  2 0.9901 0.0099 
       h0165  2 0.9895 0.0105 
       h0175  2 0.9941 0.0059 
       h0185  2 0.9804 0.0196 
       h0195  2 0.9885 0.0115 
       h0205  2 0.9835 0.0165 
       h0215  2 0.9930 0.0070 
       h0225  2 0.9849 0.0151 
       h0235  2 0.9908 0.0092 
       h0245  2 0.9912 0.0088 
       h0255  2 0.9917 0.0083 
       h0265  2 0.9838 0.0162 
       h0275  2 0.9883 0.0117 
       h0285  2 0.9889 0.0111 
       h0295  2 0.9853 0.0147 
       h0305  2 0.9921 0.0079 
       h0315  2 0.9798 0.0202 
       h0325  2 0.9835 0.0165 
       h0335  2 0.9537 0.0463 
       h0345  2 0.9895 0.0105 
       h0355  2 0.9831 0.0169 
       h0365  2 0.9496 0.0504 
       h0375  2 0.9905 0.0095 
       h0385  2 0.9885 0.0115 
       h0395  2 0.9653 0.0347 
       h0405  2 0.9889 0.0111 
       h0415  2 0.9861 0.0139 
       h0425  2 0.9831 0.0169 
       h0435  2 0.9897 0.0103 
       h0445  2 0.9843 0.0157 
       h0455  2 0.9866 0.0134 
       h0465  2 0.8929 0.1071 
       h0475  2 0.9912 0.0088 
       h0485  2 0.9330 0.0670 
       h0495  2 0.9795 0.0205 
       h0505  2 0.9859 0.0141 
       h0515  2 0.9660 0.0340 
       h0525  2 0.9903 0.0097 
       h0535  2 0.9723 0.0277 
       h0545  2 0.9935 0.0065 
       h0555  2 0.9810 0.0190 
       h0565  2 0.9890 0.0110 
       h0575  2 0.9907 0.0093 
       h0585  2 0.9846 0.0154 
       h0595  2 0.9892 0.0108 
       h0605  2 0.9806 0.0194 
       h0615  2 0.9766 0.0234 
       h0625  2 0.9504 0.0496 
       h0635  2 0.9906 0.0094 
       h0645  2 0.9910 0.0090 
       h0655  2 0.9844 0.0156 
       h0665  2 0.9915 0.0085 
       h0675  2 0.9799 0.0201 
       h0685  2 0.9825 0.0175 
       h0695  2 0.9844 0.0156 
       h0705  2 0.9880 0.0120 
       h0715  2 0.9888 0.0112 
       h0725  2 0.9902 0.0098 
       h0735  2 0.9695 0.0305 
       h0745  2 0.9882 0.0118 
       h0755  2 0.9611 0.0389 
       h0765  2 0.9688 0.0312 
       h0775  2 0.9891 0.0109 
       h0785  2 0.9916 0.0084 
       h0795  2 0.9844 0.0156 
       h0805  2 0.9847 0.0153 
       h0815  2 0.9918 0.0082 
       h0825  2 0.9876 0.0124 
       h0835  2 0.9870 0.0130 
       h0845  2 0.9783 0.0217 
       h0855  2 0.9886 0.0114 
       h0865  2 0.9751 0.0249 
       h0875  2 0.9877 0.0123 
       h0885  2 0.9928 0.0072 
       h0895  2 0.9871 0.0129 
       h0905  2 0.9903 0.0097 
       h0915  2 0.9920 0.0080 
       h0925  2 0.9872 0.0128 
       h0935  2 0.9800 0.0200 
       h0945  2 0.9909 0.0091 
       h0955  2 0.9898 0.0102 
       h0965  2 0.9388 0.0612 
       h0975  2 0.9738 0.0262 
       h0985  2 0.9890 0.0110 
       h0995  2 0.9868 0.0132 
       h1005  2 0.9870 0.0130 
        h101  2 0.9891 0.0109 
        h102  2 0.9822 0.0178 
        h103  2 0.9638 0.0362 
        h104  2 0.9800 0.0200 
        h105  2 0.9903 0.0097 
        h106  2 0.9840 0.0160 
        h107  2 0.9583 0.0417 
        h108  2 0.9886 0.0114 
        h109  2 0.9672 0.0328 
        h110  2 0.9879 0.0121 
        h111  2 0.9870 0.0130 
        h112  2 0.9826 0.0174 
        h113  2 0.9886 0.0114 
        h114  2 0.9916 0.0084 
        h115  2 0.9900 0.0100 
        h116  2 0.9905 0.0095 
        h117  2 0.9902 0.0098 
        h118  2 0.9651 0.0349 
        h119  2 0.9651 0.0349 
        h120  2 0.9886 0.0114 
        h121  2 0.9860 0.0140 
        h122  2 0.9800 0.0200 
        h123  2 0.9895 0.0105 
        h124  2 0.8611 0.1389 
        h125  2 0.9918 0.0082 
        h126  2 0.9813 0.0187 
        h127  2 0.9593 0.0407 
        h128  2 0.9897 0.0103 
        h129  2 0.9828 0.0172 
        h130  2 0.9659 0.0341 
        h131  2 0.9881 0.0119 
        h132  2 0.9632 0.0368 
        h133  2 0.9789 0.0211 
        h134  2 0.9859 0.0141 
        h135  2 0.9728 0.0272 
        h136  2 0.9924 0.0076 
        h137  2 0.9150 0.0850 
        h138  2 0.9918 0.0082 
        h139  2 0.9817 0.0183 
        h140  2 0.9735 0.0265 
        h141  2 0.9915 0.0085 
        h142  2 0.9887 0.0113 
        h143  2 0.9891 0.0109 
        h144  2 0.9744 0.0256 
        h145  2 0.9560 0.0440 
        h146  2 0.9930 0.0070 
        h147  2 0.9625 0.0375 
        h148  2 0.9468 0.0532 
        h149  2 0.9428 0.0572 
        h150  2 0.9806 0.0194 
        h151  2 0.9896 0.0104 
        h152  2 0.9810 0.0190 
        h153  2 0.9910 0.0090 
        h154  2 0.9648 0.0352 
        h155  2 0.9818 0.0182 
        h156  2 0.9794 0.0206 
        h157  2 0.9630 0.0370 
        h158  2 0.9910 0.0090 
        h159  2 0.9887 0.0113 
        h160  2 0.9884 0.0116 
        h161  2 0.9317 0.0683 
        h162  2 0.9806 0.0194 
        h163  2 0.9891 0.0109 
        h164  2 0.9934 0.0066 
        h165  2 0.9845 0.0155 
        h166  2 0.9911 0.0089 
        h167  2 0.9878 0.0122 
        h168  2 0.9816 0.0184 
        h169  2 0.9839 0.0161 
        h170  2 0.9790 0.0210 
        h171  2 0.9831 0.0169 
        h172  2 0.9895 0.0105 
        h173  2 0.9764 0.0236 
        h174  2 0.9924 0.0076 
        h175  2 0.9468 0.0532 
        h176  2 0.9719 0.0281 
        h177  2 0.9863 0.0137 
        h178  2 0.9774 0.0226 
        h179  2 0.9698 0.0302 
        h180  2 0.9880 0.0120 
        h181  2 0.9709 0.0291 
        h182  2 0.9885 0.0115 
        h183  2 0.9897 0.0103 
        h184  2 0.9922 0.0078 
        h185  2 0.9880 0.0120 
        h186  2 0.9933 0.0067 
        h187  2 0.9831 0.0169 
        h188  2 0.9907 0.0093 
        h189  2 0.9908 0.0092 
        h190  2 0.9906 0.0094 
        h191  2 0.9915 0.0085 
        h192  2 0.9897 0.0103 
        h193  2 0.9858 0.0142 
        h194  2 0.9810 0.0190 
        h195  2 0.9877 0.0123 
        h196  2 0.9897 0.0103 
        h197  2 0.9892 0.0108 
        h198  2 0.9901 0.0099 
        h199  2 0.9887 0.0113 
        h200  2 0.9868 0.0132 
        h201  2 0.9731 0.0269 
        h202  2 0.9850 0.0150 
        h203  2 0.9881 0.0119 
        h204  2 0.9910 0.0090 
        h205  2 0.9919 0.0081 
        h206  2 0.9872 0.0128 
        h207  2 0.9927 0.0073 
        h208  2 0.9883 0.0117 
        h209  2 0.9323 0.0677 
        h210  2 0.9856 0.0144 
        h211  2 0.9916 0.0084 
        h212  2 0.9806 0.0194 
        h213  2 0.9907 0.0093 
        h214  2 0.9856 0.0144 
        h215  2 0.9881 0.0119 
        h216  2 0.9916 0.0084 
        h217  2 0.9823 0.0177 
        h218  2 0.9898 0.0102 
        h219  2 0.9703 0.0297 
        h220  2 0.9724 0.0276 
        h221  2 0.9578 0.0422 
        h222  2 0.9895 0.0105 
        h223  2 0.9893 0.0107 
        h224  2 0.9684 0.0316 
        h225  2 0.9898 0.0102 
        h226  2 0.9850 0.0150 
        h227  2 0.9814 0.0186 
        h228  2 0.9816 0.0184 
        h229  2 0.9372 0.0628 
        h230  2 0.9920 0.0080 
        h231  2 0.9775 0.0225 
        h232  2 0.9711 0.0289 
        h233  2 0.9182 0.0818 
        h234  2 0.9861 0.0139 
        h235  2 0.9916 0.0084 
        h236  2 0.9925 0.0075 
        h237  2 0.9927 0.0073 
        h238  2 0.9926 0.0074 
        h239  2 0.9881 0.0119 
        h240  2 0.9839 0.0161 
        h241  2 0.9891 0.0109 
        h242  2 0.9785 0.0215 
        h243  2 0.9929 0.0071 
        h244  2 0.9897 0.0103 
        h245  2 0.9839 0.0161 
        h246  2 0.9865 0.0135 
        h247  2 0.9699 0.0301 
        h248  2 0.9919 0.0081 
        h249  2 0.9924 0.0076 
        h250  2 0.9900 0.0100 
        h251  2 0.9804 0.0196 
        h252  2 0.9881 0.0119 
        h253  2 0.9870 0.0130 
        h254  2 0.9847 0.0153 
        h255  2 0.9915 0.0085 
        h256  2 0.9890 0.0110 
        h257  2 0.9539 0.0461 
        h258  2 0.9892 0.0108 
        h259  2 0.9898 0.0102 
        h260  2 0.9854 0.0146 
        h261  2 0.9772 0.0228 
        h262  2 0.9888 0.0112 
        h263  2 0.9910 0.0090 
        h264  2 0.9729 0.0271 
        h265  2 0.9871 0.0129 
        h266  2 0.9897 0.0103 
        h267  2 0.9833 0.0167 
        h268  2 0.9928 0.0072 
        h269  2 0.9901 0.0099 
        h270  2 0.9934 0.0066 
        h271  2 0.9827 0.0173 
        h272  2 0.9869 0.0131 
        h273  2 0.9908 0.0092 
        h274  2 0.9915 0.0085 
        h275  2 0.9908 0.0092 
        h276  2 0.9857 0.0143 
        h277  2 0.9778 0.0222 
        h278  2 0.9734 0.0266 
        h279  2 0.9850 0.0150 
        h280  2 0.9892 0.0108 
        h281  2 0.9864 0.0136 
        h282  2 0.9786 0.0214 
        h283  2 0.9824 0.0176 
        h284  2 0.9845 0.0155 
        h285  2 0.9897 0.0103 
        h286  2 0.9836 0.0164 
        h287  2 0.9901 0.0099 
        h288  2 0.9892 0.0108 
        h289  2 0.9803 0.0197 
        h290  2 0.9867 0.0133 
        h291  2 0.9877 0.0123 
        h292  2 0.9884 0.0116 
        h293  2 0.9910 0.0090 
        h294  2 0.9792 0.0208 
        h295  2 0.9903 0.0097 
        h296  2 0.9915 0.0085 
        h297  2 0.9909 0.0091 
        h298  2 0.8541 0.1459 
        h299  2 0.9803 0.0197 
        h300  2 0.9750 0.0250 
        h301  2 0.9892 0.0108 
        h302  2 0.9481 0.0519 
        h303  2 0.9817 0.0183 
        h304  2 0.9800 0.0200 
        h305  2 0.9933 0.0067 
        h306  2 0.9487 0.0513 
        h307  2 0.9766 0.0234 
        h308  2 0.9843 0.0157 
        h309  2 0.9908 0.0092 
        h310  2 0.9236 0.0764 
        h311  2 0.9893 0.0107 
        h312  2 0.9865 0.0135 
        h313  2 0.9845 0.0155 
        h314  2 0.8879 0.1121 
        h315  2 0.9855 0.0145 
        h316  2 0.9918 0.0082 
        h317  2 0.9926 0.0074 
        h318  2 0.9917 0.0083 
        h319  2 0.9498 0.0502 
        h320  2 0.9880 0.0120 
        h321  2 0.9849 0.0151 
        h322  2 0.9897 0.0103 
        h323  2 0.9905 0.0095 
        h324  2 0.9893 0.0107 
        h325  2 0.9901 0.0099 
        h326  2 0.9910 0.0090 
        h327  2 0.9775 0.0225 
        h328  2 0.9910 0.0090 
        h329  2 0.9928 0.0072 
        h330  2 0.9873 0.0127 
        h331  2 0.9764 0.0236 
        h332  2 0.9927 0.0073 
        h333  2 0.9896 0.0104 
        h334  2 0.9845 0.0155 
        h335  2 0.9688 0.0312 
        h336  2 0.9910 0.0090 
        h337  2 0.9713 0.0287 
        h338  2 0.9810 0.0190 
        h339  2 0.9888 0.0112 
        h340  2 0.9888 0.0112 
        h341  2 0.9918 0.0082 
        h342  2 0.9757 0.0243 
        h343  2 0.9840 0.0160 
        h344  2 0.9743 0.0257 
        h345  2 0.9736 0.0264 
        h346  2 0.9739 0.0261 
        h347  2 0.9875 0.0125 
        h348  2 0.9910 0.0090 
        h349  2 0.9712 0.0288 
        h350  2 0.9709 0.0291 
        h351  2 0.9830 0.0170 
        h352  2 0.9728 0.0272 
        h353  2 0.9940 0.0060 
        h354  2 0.9888 0.0112 
        h355  2 0.9897 0.0103 
        h356  2 0.9919 0.0081 
        h357  2 0.9899 0.0101 
        h358  2 0.9777 0.0223 
        h359  2 0.9922 0.0078 
        h360  2 0.9900 0.0100 
        h361  2 0.9894 0.0106 
        h362  2 0.9875 0.0125 
        h363  2 0.9770 0.0230 
        h364  2 0.9856 0.0144 
        h365  2 0.9851 0.0149 
        h366  2 0.8923 0.1077 
        h367  2 0.9907 0.0093 
        h368  2 0.9248 0.0752 
        h369  2 0.9902 0.0098 
        h370  2 0.9867 0.0133 
        h371  2 0.9909 0.0091 
        h372  2 0.9881 0.0119 
        h373  2 0.9906 0.0094 
        h374  2 0.9457 0.0543 
        h375  2 0.9897 0.0103 
        h376  2 0.9880 0.0120 
        h377  2 0.8680 0.1320 
        h378  2 0.9707 0.0293 
        h379  2 0.9852 0.0148 
        h380  2 0.9773 0.0227 
        h381  2 0.9916 0.0084 
        h382  2 0.9923 0.0077 
        h383  2 0.9908 0.0092 
        h384  2 0.9851 0.0149 
        h385  2 0.9870 0.0130 
        h386  2 0.9578 0.0422 
        h387  2 0.9849 0.0151 
        h388  2 0.9798 0.0202 
        h389  2 0.9868 0.0132 
        h390  2 0.9892 0.0108 
        h391  2 0.9888 0.0112 
        h392  2 0.9889 0.0111 
        h393  2 0.9905 0.0095 
        h394  2 0.9867 0.0133 
        h395  2 0.9882 0.0118 
        h396  2 0.9676 0.0324 
        h397  2 0.9831 0.0169 
        h398  2 0.9194 0.0806 
        h399  2 0.9909 0.0091 
        h400  2 0.9925 0.0075 
        h001  3 0.9244 0.0756 
        h002  3 0.8369 0.1631 
        h003  3 0.9817 0.0183 
        h004  3 0.6782 0.3218 
        h005  3 0.9199 0.0801 
        h006  3 0.9693 0.0307 
        h007  3 0.9300 0.0700 
        h008  3 0.8047 0.1953 
        h009  3 0.9383 0.0617 
        h010  3 0.9897 0.0103 
        h011  3 0.9599 0.0401 
        h012  3 0.7689 0.2311 
        h013  3 0.8149 0.1851 
        h014  3 0.8006 0.1994 
        h015  3 0.8878 0.1122 
        h016  3 0.9283 0.0717 
        h017  3 0.9764 0.0236 
        h018  3 0.8531 0.1469 
        h019  3 0.8302 0.1698 
        h020  3 0.8786 0.1214 
        h021  3 0.8089 0.1911 
        h022  3 0.7765 0.2235 
        h023  3 0.8686 0.1314 
        h024  3 0.9427 0.0573 
        h025  3 0.9833 0.0167 
        h026  3 0.8987 0.1013 
        h027  3 0.7595 0.2405 
        h028  3 0.6745 0.3255 
        h029  3 0.7413 0.2587 
        h030  3 0.8947 0.1053 
        h031  3 0.9336 0.0664 
        h032  3 0.8101 0.1899 
        h033  3 0.9396 0.0604 
        h034  3 0.8350 0.1650 
        h035  3 0.8049 0.1951 
        h036  3 0.8226 0.1774 
        h037  3 0.6302 0.3698 
        h038  3 0.9515 0.0485 
        h039  3 0.9085 0.0915 
        h040  3 0.8799 0.1201 
        h041  3 0.8608 0.1392 
        h042  3 0.9714 0.0286 
        h043  3 0.9866 0.0134 
        h044  3 0.5208 0.4792 
        h045  3 0.9268 0.0732 
        h046  3 0.7558 0.2442 
        h047  3 0.8286 0.1714 
        h048  3 0.9861 0.0139 
        h049  3 0.7348 0.2652 
        h050  3 0.8950 0.1050 
        h051  3 0.8494 0.1506 
        h052  3 0.8301 0.1699 
        h053  3 0.9655 0.0345 
        h054  3 0.8611 0.1389 
        h055  3 0.9842 0.0158 
        h056  3 0.8369 0.1631 
        h057  3 0.9897 0.0103 
        h058  3 0.7719 0.2281 
        h059  3 0.9297 0.0703 
        h060  3 0.9904 0.0096 
        h061  3 0.9672 0.0328 
        h062  3 0.9328 0.0672 
        h063  3 0.9372 0.0628 
        h064  3 0.8604 0.1396 
        h065  3 0.9826 0.0174 
        h066  3 0.7696 0.2304 
        h067  3 0.9775 0.0225 
        h068  3 0.7974 0.2026 
        h069  3 0.8024 0.1976 
        h070  3 0.9807 0.0193 
        h071  3 0.7405 0.2595 
        h072  3 0.9804 0.0196 
        h073  3 0.9895 0.0105 
        h074  3 0.8337 0.1663 
        h075  3 0.9399 0.0601 
        h076  3 0.9575 0.0425 
        h077  3 0.8572 0.1428 
        h078  3 0.9859 0.0141 
        h079  3 0.7550 0.2450 
        h080  3 0.9849 0.0151 
        h081  3 0.6514 0.3486 
        h082  3 0.8495 0.1505 
        h083  3 0.9889 0.0111 
        h084  3 0.9820 0.0180 
        h085  3 0.8596 0.1404 
        h086  3 0.9625 0.0375 
        h087  3 0.9831 0.0169 
        h088  3 0.8751 0.1249 
        h089  3 0.9370 0.0630 
        h090  3 0.7809 0.2191 
        h091  3 0.8520 0.1480 
        h092  3 0.9771 0.0229 
        h093  3 0.9614 0.0386 
        h094  3 0.9102 0.0898 
        h095  3 0.6921 0.3079 
        h096  3 0.9371 0.0629 
        h097  3 0.9784 0.0216 
        h098  3 0.9651 0.0349 
        h099  3 0.9396 0.0604 
        h100  3 0.9684 0.0316 
       h0011  4 0.7148 0.2852 
       h0021  4 0.6369 0.3631 
       h0031  4 0.6906 0.3094 
       h0041  4 0.7473 0.2527 
       h0051  4 0.7156 0.2844 
       h0061  4 0.7090 0.2910 
       h0071  4 0.6134 0.3866 
       h0081  4 0.6587 0.3413 
       h0091  4 0.6692 0.3308 
       h0101  4 0.9864 0.0136 
       h0111  4 0.5697 0.4303 
       h0121  4 0.8359 0.1641 
       h0131  4 0.7708 0.2292 
       h0141  4 0.6163 0.3837 
       h0151  4 0.7229 0.2771 
       h0161  4 0.6290 0.3710 
       h0171  4 0.7004 0.2996 
       h0181  4 0.5224 0.4776 
       h0191  4 0.7408 0.2592 
       h0201  4 0.7208 0.2792 
       h0211  4 0.7108 0.2892 
       h0221  4 0.8662 0.1338 
       h0231  4 0.7792 0.2208 
       h0241  4 0.8661 0.1339 
       h0251  4 0.6824 0.3176 
       h0261  4 0.7405 0.2595 
       h0271  4 0.8549 0.1451 
       h0281  4 0.7739 0.2261 
       h0291  4 0.6781 0.3219 
       h0301  4 0.7273 0.2727 
       h0311  4 0.6624 0.3376 
       h0321  4 0.8827 0.1173 
       h0331  4 0.9109 0.0891 
       h0341  4 0.7102 0.2898 
       h0351  4 0.7964 0.2036 
       h0361  4 0.7981 0.2019 
       h0371  4 0.6634 0.3366 
       h0381  4 0.7438 0.2562 
       h0391  4 0.9507 0.0493 
       h0401  4 0.8322 0.1678 
       h0411  4 0.6856 0.3144 
       h0421  4 0.5651 0.4349 
       h0431  4 0.6846 0.3154 
       h0441  4 0.9810 0.0190 
       h0451  4 0.6170 0.3830 
       h0461  4 0.8281 0.1719 
       h0471  4 0.8399 0.1601 
       h0481  4 0.6103 0.3897 
       h0491  4 0.7052 0.2948 
       h0501  4 0.7890 0.2110 
       h0511  4 0.8705 0.1295 
       h0521  4 0.9123 0.0877 
       h0531  4 0.8929 0.1071 
       h0541  4 0.9404 0.0596 
       h0551  4 0.7493 0.2507 
       h0561  4 0.8130 0.1870 
       h0571  4 0.8496 0.1504 
       h0581  4 0.9744 0.0256 
       h0591  4 0.7122 0.2878 
       h0601  4 0.7386 0.2614 
       h0611  4 0.6658 0.3342 
       h0621  4 0.7278 0.2722 
       h0631  4 0.6957 0.3043 
       h0641  4 0.5862 0.4138 
       h0651  4 0.5662 0.4338 
       h0661  4 0.6824 0.3176 
       h0671  4 0.7516 0.2484 
       h0681  4 0.9120 0.0880 
       h0691  4 0.9806 0.0194 
       h0701  4 0.6083 0.3917 
       h0711  4 0.7923 0.2077 
       h0721  4 0.6995 0.3005 
       h0731  4 0.7460 0.2540 
       h0741  4 0.8773 0.1227 
       h0751  4 0.7162 0.2838 
       h0761  4 0.8242 0.1758 
       h0771  4 0.8161 0.1839 
       h0781  4 0.7635 0.2365 
       h0791  4 0.4585 0.5415 
       h0801  4 0.7762 0.2238 
       h0811  4 0.7866 0.2134 
       h0821  4 0.7069 0.2931 
       h0831  4 0.5191 0.4809 
       h0841  4 0.7561 0.2439 
       h0851  4 0.7045 0.2955 
       h0861  4 0.8563 0.1437 
       h0871  4 0.6361 0.3639 
       h0881  4 0.8308 0.1692 
       h0891  4 0.5754 0.4246 
       h0901  4 0.8237 0.1763 
       h0911  4 0.5615 0.4385 
       h0921  4 0.8996 0.1004 
       h0931  4 0.6412 0.3588 
       h0941  4 0.8231 0.1769 
       h0951  4 0.5897 0.4103 
       h0961  4 0.8874 0.1126 
       h0971  4 0.7396 0.2604 
       h0981  4 0.7605 0.2395 
       h0991  4 0.8095 0.1905 
       h1001  4 0.9309 0.0691 
      MSV1TX  5 0.5920 0.4080 
      MSV025  5 0.3826 0.6174 
      MSV02C  5 0.5188 0.4812 
      MSV02E  5 0.4481 0.5519 
      MSV0TF  5 0.4320 0.5680 
       M2EL8  5 0.3263 0.6737 
       h0012  6 0.5013 0.4987 
       h0022  6 0.5907 0.4093 
       h0032  6 0.4865 0.5135 
       h0042  6 0.4892 0.5108 
       h0052  6 0.5311 0.4689 
       h0062  6 0.5296 0.4704 
       h0072  6 0.6474 0.3526 
       h0082  6 0.4989 0.5011 
       h0092  6 0.4572 0.5428 
       h0102  6 0.4528 0.5472 
       h0112  6 0.5483 0.4517 
       h0122  6 0.5351 0.4649 
       h0132  6 0.3738 0.6262 
       h0142  6 0.5852 0.4148 
       h0152  6 0.5077 0.4923 
       h0162  6 0.6083 0.3917 
       h0172  6 0.4007 0.5993 
       h0182  6 0.4028 0.5972 
       h0192  6 0.5877 0.4123 
       h0202  6 0.5831 0.4169 
       h0212  6 0.4220 0.5780 
       h0222  6 0.6078 0.3922 
       h0232  6 0.6040 0.3960 
       h0242  6 0.4995 0.5005 
       h0252  6 0.3364 0.6636 
       h0262  6 0.3992 0.6008 
       h0272  6 0.4837 0.5163 
       h0282  6 0.4935 0.5065 
       h0292  6 0.6111 0.3889 
       h0302  6 0.4765 0.5235 
       h0312  6 0.6457 0.3543 
       h0322  6 0.5171 0.4829 
       h0332  6 0.6042 0.3958 
       h0342  6 0.4367 0.5633 
       h0352  6 0.4548 0.5452 
       h0362  6 0.4522 0.5478 
       h0372  6 0.3337 0.6663 
       h0382  6 0.5389 0.4611 
       h0392  6 0.4560 0.5440 
       h0402  6 0.5233 0.4767 
       h0412  6 0.4319 0.5681 
       h0422  6 0.4819 0.5181 
       h0432  6 0.3614 0.6386 
       h0442  6 0.5341 0.4659 
       h0452  6 0.5571 0.4429 
       h0462  6 0.5377 0.4623 
       h0472  6 0.4183 0.5817 
       h0482  6 0.4288 0.5712 
       h0492  6 0.5841 0.4159 
       h0502  6 0.5354 0.4646 
       h0512  6 0.4667 0.5333 
       h0522  6 0.5338 0.4662 
       h0532  6 0.6343 0.3657 
       h0542  6 0.5911 0.4089 
       h0552  6 0.4310 0.5690 
       h0562  6 0.4773 0.5227 
       h0572  6 0.6129 0.3871 
       h0582  6 0.4460 0.5540 
       h0592  6 0.5232 0.4768 
       h0602  6 0.3845 0.6155 
       h0612  6 0.5743 0.4257 
       h0622  6 0.4874 0.5126 
       h0632  6 0.6270 0.3730 
       h0642  6 0.4764 0.5236 
       h0652  6 0.4296 0.5704 
       h0662  6 0.4963 0.5037 
       h0672  6 0.6020 0.3980 
       h0682  6 0.7122 0.2878 
       h0692  6 0.4530 0.5470 
       h0702  6 0.5248 0.4752 
       h0712  6 0.5995 0.4005 
       h0722  6 0.5064 0.4936 
       h0732  6 0.5714 0.4286 
       h0742  6 0.5660 0.4340 
       h0752  6 0.5227 0.4773 
       h0762  6 0.3730 0.6270 
       h0772  6 0.4743 0.5257 
       h0782  6 0.4277 0.5723 
       h0792  6 0.6416 0.3584 
       h0802  6 0.3985 0.6015 
       h0812  6 0.4207 0.5793 
       h0822  6 0.5541 0.4459 
       h0832  6 0.4294 0.5706 
       h0842  6 0.4346 0.5654 
       h0852  6 0.3155 0.6845 
       h0862  6 0.5175 0.4825 
       h0872  6 0.6763 0.3237 
       h0882  6 0.6288 0.3712 
       h0892  6 0.7375 0.2625 
       h0902  6 0.4964 0.5036 
       h0912  6 0.4516 0.5484 
       h0922  6 0.5352 0.4648 
       h0932  6 0.5923 0.4077 
       h0942  6 0.5207 0.4793 
       h0952  6 0.3215 0.6785 
       h0962  6 0.4697 0.5303 
       h0972  6 0.4767 0.5233 
       h0982  6 0.4553 0.5447 
       h0992  6 0.4611 0.5389 
       h1002  6 0.5363 0.4637 
      MSV21T  7 0.1267 0.8733 
       M2E71  7 0.2387 0.7613 
       h0013  8 0.3113 0.6887 
       h0023  8 0.1685 0.8315 
       h0033  8 0.4103 0.5897 
       h0043  8 0.3110 0.6890 
       h0053  8 0.0772 0.9228 
       h0063  8 0.3649 0.6351 
       h0073  8 0.2133 0.7867 
       h0083  8 0.3241 0.6759 
       h0093  8 0.2336 0.7664 
       h0103  8 0.0688 0.9312 
       h0113  8 0.4376 0.5624 
       h0123  8 0.4491 0.5509 
       h0133  8 0.0464 0.9536 
       h0143  8 0.4660 0.5340 
       h0153  8 0.0779 0.9221 
       h0163  8 0.1235 0.8765 
       h0173  8 0.3102 0.6898 
       h0183  8 0.2902 0.7098 
       h0193  8 0.2803 0.7197 
       h0203  8 0.2308 0.7692 
       h0213  8 0.4034 0.5966 
       h0223  8 0.3335 0.6665 
       h0233  8 0.1873 0.8127 
       h0243  8 0.1082 0.8918 
       h0253  8 0.2638 0.7362 
       h0263  8 0.2391 0.7609 
       h0273  8 0.1903 0.8097 
       h0283  8 0.1523 0.8477 
       h0293  8 0.1224 0.8776 
       h0303  8 0.4192 0.5808 
       h0313  8 0.2431 0.7569 
       h0323  8 0.1110 0.8890 
       h0333  8 0.1943 0.8057 
       h0343  8 0.2216 0.7784 
       h0353  8 0.2099 0.7901 
       h0363  8 0.3407 0.6593 
       h0373  8 0.1496 0.8504 
       h0383  8 0.2603 0.7397 
       h0393  8 0.3686 0.6314 
       h0403  8 0.3017 0.6983 
       h0413  8 0.4215 0.5785 
       h0423  8 0.1850 0.8150 
       h0433  8 0.3142 0.6858 
       h0443  8 0.1013 0.8987 
       h0453  8 0.1519 0.8481 
       h0463  8 0.1226 0.8774 
       h0473  8 0.1043 0.8957 
       h0483  8 0.0084 0.9916 
       h0493  8 0.1225 0.8775 
       h0503  8 0.3325 0.6675 
       h0513  8 0.2416 0.7584 
       h0523  8 0.2250 0.7750 
       h0533  8 0.1611 0.8389 
       h0543  8 0.0229 0.9771 
       h0553  8 0.3459 0.6541 
       h0563  8 0.1454 0.8546 
       h0573  8 0.2556 0.7444 
       h0583  8 0.1268 0.8732 
       h0593  8 0.1210 0.8790 
       h0603  8 0.1796 0.8204 
       h0613  8 0.0274 0.9726 
       h0623  8 0.2384 0.7616 
       h0633  8 0.2682 0.7318 
       h0643  8 0.2811 0.7189 
       h0653  8 0.2420 0.7580 
       h0663  8 0.1493 0.8507 
       h0673  8 0.1816 0.8184 
       h0683  8 0.1075 0.8925 
       h0693  8 0.3450 0.6550 
       h0703  8 0.1696 0.8304 
       h0713  8 0.1342 0.8658 
       h0723  8 0.2436 0.7564 
       h0733  8 0.2395 0.7605 
       h0743  8 0.0509 0.9491 
       h0753  8 0.3760 0.6240 
       h0763  8 0.3049 0.6951 
       h0773  8 0.1479 0.8521 
       h0783  8 0.4171 0.5829 
       h0793  8 0.1780 0.8220 
       h0803  8 0.1894 0.8106 
       h0813  8 0.4352 0.5648 
       h0823  8 0.3338 0.6662 
       h0833  8 0.3401 0.6599 
       h0843  8 0.2760 0.7240 
       h0853  8 0.2822 0.7178 
       h0863  8 0.4045 0.5955 
       h0873  8 0.1824 0.8176 
       h0883  8 0.2131 0.7869 
       h0893  8 0.3894 0.6106 
       h0903  8 0.2101 0.7899 
       h0913  8 0.4777 0.5223 
       h0923  8 0.1843 0.8157 
       h0933  8 0.2135 0.7865 
       h0943  8 0.1965 0.8035 
       h0953  8 0.2285 0.7715 
       h0963  8 0.3115 0.6885 
       h0973  8 0.3840 0.6160 
       h0983  8 0.4497 0.5503 
       h0993  8 0.2393 0.7607 
       h1003  8 0.1665 0.8335 
       W23CA  9 0.1018 0.8982 
     AP.085Y  9 0.0196 0.9804 
     CH.0LLY  9 0.4018 0.5982 
       M0LEC  9 0.0083 0.9917 
       M2C3H  9 0.2281 0.7719 
       M2CHL  9 0.4657 0.5343 
       W26P7  9 0.1094 0.8906 
     AP.07M5  9 0.0707 0.9293 
     AP.080U  9 0.0485 0.9515 
     AP.082A  9 0.0101 0.9899 
     AP.0843  9 0.0520 0.9480 
     AP.0844  9 0.1593 0.8407 
     AP.084X  9 0.0216 0.9784 
     AP.086Y  9 0.1653 0.8347 
     AP.0870  9 0.1375 0.8625 
     AP.0878  9 0.1733 0.8267 
     AP.087F  9 0.2118 0.7882 
     AP.087Y  9 0.4143 0.5857 
     AP.088P  9 0.0199 0.9801 
     AP.08AK  9 0.0386 0.9614 
     CH.0LLM  9 0.1843 0.8157 
     CH.0LLU  9 0.2485 0.7515 
     CH.0LM0  9 0.0714 0.9286 
     CH.0LM3  9 0.0339 0.9661 
       W26MY  9 0.2067 0.7933 
       W26P6  9 0.0332 0.9668 
      HRV07U  9 0.0470 0.9530 
      HRV1CT  9 0.0123 0.9877 
      HRV1CU  9 0.0083 0.9917 
      HRV1E6  9 0.0169 0.9831 
      HRV081  9 0.0072 0.9928 
      HRV1E3  9 0.0271 0.9729 
      MSV21E  9 0.1734 0.8266 
      MSV216  9 0.0808 0.9192 
       M0TYK  9 0.0676 0.9324 
      MSV2AA  9 0.1055 0.8945 
     CK.0PET  9 0.2405 0.7595 
       M2E8C  9 0.0130 0.9870 
      MSV23X  9 0.1860 0.8140 
      MSV32A  9 0.1797 0.8203 
     AP.0838  9 0.0241 0.9759 
     AP.088F  9 0.1261 0.8739 
       h0014 10 0.0142 0.9858 
       h0024 10 0.0157 0.9843 
       h0034 10 0.1113 0.8887 
       h0044 10 0.2352 0.7648 
       h0054 10 0.2632 0.7368 
       h0064 10 0.0848 0.9152 
       h0074 10 0.0178 0.9822 
       h0084 10 0.0250 0.9750 
       h0094 10 0.0401 0.9599 
       h0104 10 0.1378 0.8622 
       h0114 10 0.1308 0.8692 
       h0124 10 0.1238 0.8762 
       h0134 10 0.0265 0.9735 
       h0144 10 0.1981 0.8019 
       h0154 10 0.1662 0.8338 
       h0164 10 0.0784 0.9216 
       h0174 10 0.1552 0.8448 
       h0184 10 0.0429 0.9571 
       h0194 10 0.0235 0.9765 
       h0204 10 0.0444 0.9556 
       h0214 10 0.0385 0.9615 
       h0224 10 0.1228 0.8772 
       h0234 10 0.1930 0.8070 
       h0244 10 0.0408 0.9592 
       h0254 10 0.1651 0.8349 
       h0264 10 0.1203 0.8797 
       h0274 10 0.2303 0.7697 
       h0284 10 0.0250 0.9750 
       h0294 10 0.0807 0.9193 
       h0304 10 0.0141 0.9859 
       h0314 10 0.0091 0.9909 
       h0324 10 0.0791 0.9209 
       h0334 10 0.1801 0.8199 
       h0344 10 0.1200 0.8800 
       h0354 10 0.1622 0.8378 
       h0364 10 0.2156 0.7844 
       h0374 10 0.0781 0.9219 
       h0384 10 0.1694 0.8306 
       h0394 10 0.1942 0.8058 
       h0404 10 0.1115 0.8885 
       h0414 10 0.0185 0.9815 
       h0424 10 0.0115 0.9885 
       h0434 10 0.1199 0.8801 
       h0444 10 0.2151 0.7849 
       h0454 10 0.0163 0.9837 
       h0464 10 0.1298 0.8702 
       h0474 10 0.2617 0.7383 
       h0484 10 0.2470 0.7530 
       h0494 10 0.1355 0.8645 
       h0504 10 0.0450 0.9550 
       h0514 10 0.1170 0.8830 
       h0524 10 0.0570 0.9430 
       h0534 10 0.1449 0.8551 
       h0544 10 0.0478 0.9522 
       h0554 10 0.0216 0.9784 
       h0564 10 0.0439 0.9561 
       h0574 10 0.1218 0.8782 
       h0584 10 0.0587 0.9413 
       h0594 10 0.1237 0.8763 
       h0604 10 0.0555 0.9445 
       h0614 10 0.0094 0.9906 
       h0624 10 0.1048 0.8952 
       h0634 10 0.2165 0.7835 
       h0644 10 0.1381 0.8619 
       h0654 10 0.1544 0.8456 
       h0664 10 0.2723 0.7277 
       h0674 10 0.1036 0.8964 
       h0684 10 0.1073 0.8927 
       h0694 10 0.0526 0.9474 
       h0704 10 0.0952 0.9048 
       h0714 10 0.0961 0.9039 
       h0724 10 0.0115 0.9885 
       h0734 10 0.2272 0.7728 
       h0744 10 0.0976 0.9024 
       h0754 10 0.0354 0.9646 
       h0764 10 0.1043 0.8957 
       h0774 10 0.0108 0.9892 
       h0784 10 0.1492 0.8508 
       h0794 10 0.0377 0.9623 
       h0804 10 0.1315 0.8685 
       h0814 10 0.2037 0.7963 
       h0824 10 0.0223 0.9777 
       h0834 10 0.1338 0.8662 
       h0844 10 0.0924 0.9076 
       h0854 10 0.2262 0.7738 
       h0864 10 0.1217 0.8783 
       h0874 10 0.1156 0.8844 
       h0884 10 0.0443 0.9557 
       h0894 10 0.0159 0.9841 
       h0904 10 0.0526 0.9474 
       h0914 10 0.0548 0.9452 
       h0924 10 0.0339 0.9661 
       h0934 10 0.1509 0.8491 
       h0944 10 0.1217 0.8783 
       h0954 10 0.0314 0.9686 
       h0964 10 0.0194 0.9806 
       h0974 10 0.0565 0.9435 
       h0984 10 0.2711 0.7289 
       h0994 10 0.0902 0.9098 
       h1004 10 0.1377 0.8623 
     AP.07M2 11 0.0431 0.9569 
      HRV05C 11 0.0166 0.9834 
      HRV077 11 0.0163 0.9837 
      HRV0A0 11 0.0075 0.9925 
      HRV0MC 11 0.0096 0.9904 
      HRV00P 11 0.0071 0.9929 
      HRV01J 11 0.0094 0.9906 
      HRV026 11 0.0107 0.9893 
      HRV02C 11 0.0064 0.9936 
      HRV031 11 0.0070 0.9930 
      HRV033 11 0.0070 0.9930 
      HRV05L 11 0.0070 0.9930 
      HRV06A 11 0.0085 0.9915 
      HRV07P 11 0.0069 0.9931 
      HRV0HC 11 0.0486 0.9514 
      HRV0HU 11 0.0212 0.9788 
      HRV0K1 11 0.0078 0.9922 
      HRV0M6 11 0.0305 0.9695 
      HRV0M7 11 0.0105 0.9895 
      HRV0MK 11 0.0069 0.9931 
      HRV1C7 11 0.0087 0.9913 
      HRV1EA 11 0.0306 0.9694 
       M147K 11 0.0061 0.9939 
      HRV008 11 0.0086 0.9914 
      HRV015 11 0.0137 0.9863 
      HRV01F 11 0.0217 0.9783 
      HRV01L 11 0.0081 0.9919 
      HRV01M 11 0.0105 0.9895 
      HRV020 11 0.0143 0.9857 
      HRV022 11 0.0243 0.9757 
      HRV02A 11 0.0190 0.9810 
      HRV02K 11 0.0242 0.9758 
      HRV04C 11 0.0086 0.9914 
      HRV05H 11 0.0177 0.9823 
      HRV076 11 0.0219 0.9781 
      HRV07H 11 0.0065 0.9935 
      HRV07X 11 0.0162 0.9838 
      HRV080 11 0.0078 0.9922 
      HRV086 11 0.0106 0.9894 
      HRV0H3 11 0.0105 0.9895 
      HRV0J3 11 0.0112 0.9888 
      HRV0JX 11 0.0185 0.9815 
      HRV0ML 11 0.0068 0.9932 
      HRV1E8 11 0.0092 0.9908 
      HRV007 11 0.0143 0.9857 
      HRV005 11 0.0133 0.9867 
      HRV05U 11 0.0079 0.9921 
      HRV01U 11 0.0087 0.9913 
     AP.07M1 11 0.0081 0.9919 
     AP.07ME 11 0.0149 0.9851 
     AP.0817 11 0.0091 0.9909 
     AP.0863 11 0.0256 0.9744 
     AP.087T 11 0.0336 0.9664 
     AP.088T 11 0.0066 0.9934 
     CH.0LM1 11 0.0120 0.9880 
       M05X5 11 0.0522 0.9478 
       M06JH 11 0.0564 0.9436 
       M0A6K 11 0.0111 0.9889 
       M0ETF 11 0.0080 0.9920 
       M0LUP 11 0.0133 0.9867 
       M16F1 11 0.0102 0.9898 
       M182M 11 0.0118 0.9882 
       M1CFL 11 0.0101 0.9899 
       M2AXY 11 0.0103 0.9897 
       M2AY2 11 0.0521 0.9479 
       M2CHP 11 0.0524 0.9476 
       W26LK 11 0.0087 0.9913 
       W26ME 11 0.0165 0.9835 
     AM.07FM 11 0.0066 0.9934 
     AM.07FP 11 0.0092 0.9908 
     AP.07M4 11 0.0065 0.9935 
     AP.07M7 11 0.0061 0.9939 
     AP.07M8 11 0.0102 0.9898 
     AP.07MA 11 0.0202 0.9798 
     AP.07MC 11 0.0076 0.9924 
     AP.07P8 11 0.0541 0.9459 
     AP.07U8 11 0.0121 0.9879 
     AP.081F 11 0.0112 0.9888 
     AP.081H 11 0.2780 0.7220 
     AP.0820 11 0.0204 0.9796 
     AP.0841 11 0.0699 0.9301 
     AP.0858 11 0.0138 0.9862 
     AP.085U 11 0.0376 0.9624 
     AP.085X 11 0.0082 0.9918 
     AP.0861 11 0.0115 0.9885 
     AP.0864 11 0.0067 0.9933 
     AP.086X 11 0.0078 0.9922 
     AP.0872 11 0.0084 0.9916 
     AP.0875 11 0.0563 0.9437 
     AP.087A 11 0.0086 0.9914 
     AP.087C 11 0.0155 0.9845 
     AP.087E 11 0.0080 0.9920 
     AP.087H 11 0.0077 0.9923 
     AP.087K 11 0.0136 0.9864 
     AP.087L 11 0.0095 0.9905 
     AP.087M 11 0.0113 0.9887 
     AP.087P 11 0.0112 0.9888 
     AP.087U 11 0.0480 0.9520 
     AP.087X 11 0.0330 0.9670 
     AP.0881 11 0.0171 0.9829 
     AP.0882 11 0.0097 0.9903 
     AP.0883 11 0.0291 0.9709 
     AP.0884 11 0.0072 0.9928 
     AP.0885 11 0.0120 0.9880 
     AP.0887 11 0.0115 0.9885 
     AP.0888 11 0.2629 0.7371 
     AP.088A 11 0.0092 0.9908 
     AP.088C 11 0.0405 0.9595 
     AP.088J 11 0.0157 0.9843 
     AP.088K 11 0.0142 0.9858 
     AP.088L 11 0.0083 0.9917 
     AP.088U 11 0.0086 0.9914 
     AP.088X 11 0.0146 0.9854 
     AP.08A0 11 0.0074 0.9926 
     AP.08A1 11 0.0112 0.9888 
     AP.08A3 11 0.0074 0.9926 
     AP.08A4 11 0.0837 0.9163 
     AP.08A5 11 0.0071 0.9929 
     AP.08A6 11 0.0155 0.9845 
     AP.08A8 11 0.0093 0.9907 
     AP.08AC 11 0.0168 0.9832 
     AP.08AH 11 0.0137 0.9863 
     AP.08AJ 11 0.0161 0.9839 
     AP.08AM 11 0.0097 0.9903 
     AP.08AT 11 0.0085 0.9915 
     AP.08AX 11 0.0077 0.9923 
     CH.0LLP 11 0.0128 0.9872 
     CH.0LM2 11 0.0130 0.9870 
     CH.0LM4 11 0.0074 0.9926 
     CH.0LM5 11 0.0096 0.9904 
       M0102 11 0.0096 0.9904 
       M023A 11 0.0070 0.9930 
       M03MM 11 0.0132 0.9868 
       M04PF 11 0.0082 0.9918 
       M04XH 11 0.0172 0.9828 
       M04XM 11 0.0091 0.9909 
       M0557 11 0.0217 0.9783 
       M055C 11 0.0462 0.9538 
       M05JC 11 0.0091 0.9909 
       M05PH 11 0.0131 0.9869 
       M05X6 11 0.0077 0.9923 
       M07TC 11 0.0163 0.9837 
       M0A66 11 0.0070 0.9930 
       M0EYT 11 0.0082 0.9918 
       M0FF2 11 0.0079 0.9921 
       M0HJ6 11 0.0162 0.9838 
      HRV0JL 11 0.0062 0.9938 
      HRV0JP 11 0.0086 0.9914 
      HRV0KA 11 0.0083 0.9917 
      HRV0LJ 11 0.0190 0.9810 
      HRV0LM 11 0.0106 0.9894 
      HRV0LP 11 0.0242 0.9758 
       M0HJ8 11 0.0081 0.9919 
       M0HM3 11 0.0083 0.9917 
       M0J1X 11 0.0085 0.9915 
       M0L32 11 0.0129 0.9871 
       M0L8F 11 0.0242 0.9758 
       M0LUH 11 0.0085 0.9915 
       M0XPJ 11 0.0088 0.9912 
       M0XTE 11 0.0152 0.9848 
       M157H 11 0.0093 0.9907 
       M16YU 11 0.0066 0.9934 
       M1751 11 0.0099 0.9901 
       M1C2H 11 0.0073 0.9927 
       M1E60 11 0.0066 0.9934 
       M1EKX 11 0.0078 0.9922 
       M1EKY 11 0.0071 0.9929 
       M1EL3 11 0.0154 0.9846 
       M1ELC 11 0.0120 0.9880 
       M1ELE 11 0.0076 0.9924 
       M2AY0 11 0.0191 0.9809 
       M2AY4 11 0.0095 0.9905 
       M2AY5 11 0.0102 0.9898 
       M2AY8 11 0.1044 0.8956 
       M2C3A 11 0.0090 0.9910 
       M2C3F 11 0.0104 0.9896 
      HRV0ME 11 0.0143 0.9857 
       M2CHJ 11 0.0277 0.9723 
       M2CHM 11 0.0393 0.9607 
       M2CHY 11 0.0137 0.9863 
       W23E8 11 0.0085 0.9915 
       W23EM 11 0.0132 0.9868 
       W23EX 11 0.0103 0.9897 
       W23F0 11 0.0120 0.9880 
       W26L5 11 0.0514 0.9486 
       W26LM 11 0.0944 0.9056 
       W26MJ 11 0.1306 0.8694 
       W26ML 11 0.0085 0.9915 
       W26MT 11 0.0072 0.9928 
       W26PE 11 0.0937 0.9063 
       W26PJ 11 0.1149 0.8851 
       W26PT 11 0.0077 0.9923 
       W26PX 11 0.0257 0.9743 
       W26T0 11 0.0123 0.9877 
       W26TC 11 0.0064 0.9936 
       W26TJ 11 0.0580 0.9420 
       W26UE 11 0.0113 0.9887 
       W26UF 11 0.0079 0.9921 
       W26UL 11 0.0285 0.9715 
       W26X2 11 0.0133 0.9867 
       W2716 11 0.0408 0.9592 
      HRV1C6 11 0.0069 0.9931 
      HRV1CX 11 0.0290 0.9710 
      HRV1E2 11 0.0075 0.9925 
      HRV1E4 11 0.0065 0.9935 
      HRV1E5 11 0.0067 0.9933 
      HRV1EC 11 0.0104 0.9896 
      HRV1EK 11 0.0244 0.9756 
      HRV001 11 0.0093 0.9907 
      HRV00H 11 0.0093 0.9907 
      HRV00K 11 0.0099 0.9901 
      HRV01X 11 0.0098 0.9902 
      HRV025 11 0.0158 0.9842 
      HRV028 11 0.0098 0.9902 
      HRV041 11 0.0083 0.9917 
      HRV04F 11 0.0084 0.9916 
      HRV04L 11 0.0073 0.9927 
      HRV055 11 0.0068 0.9932 
      HRV05J 11 0.0079 0.9921 
      HRV07J 11 0.0071 0.9929 
      HRV07K 11 0.0254 0.9746 
      HRV07L 11 0.0423 0.9577 
      HRV07M 11 0.0074 0.9926 
      HRV0HM 11 0.0436 0.9564 
      HRV0J2 11 0.0075 0.9925 
      HRV0K3 11 0.0080 0.9920 
      HRV0KE 11 0.0077 0.9923 
      HRV0KF 11 0.0191 0.9809 
      HRV0KU 11 0.0246 0.9754 
      HRV0L6 11 0.0073 0.9927 
      HRV0M2 11 0.0156 0.9844 
      HRV0MF 11 0.0085 0.9915 
      HRV0MJ 11 0.0222 0.9778 
      HRV1AT 11 0.0088 0.9912 
      HRV1C1 11 0.0091 0.9909 
      HRV1CL 11 0.0115 0.9885 
      HRV1E1 11 0.0103 0.9897 
      HRV1E7 11 0.0079 0.9921 
      HRV1EE 11 0.0073 0.9927 
      HRV1ET 11 0.0073 0.9927 
      h00111 12 0.0095 0.9905 
      h00211 12 0.0075 0.9925 
      h00311 12 0.0118 0.9882 
      h00411 12 0.0336 0.9664 
      h00511 12 0.0140 0.9860 
      h00611 12 0.0078 0.9922 
      h00711 12 0.0155 0.9845 
      h00811 12 0.0388 0.9612 
      h00911 12 0.0225 0.9775 
      h01011 12 0.0079 0.9921 
      h01111 12 0.0127 0.9873 
      h01211 12 0.0120 0.9880 
      h01311 12 0.0086 0.9914 
      h01411 12 0.0084 0.9916 
      h01511 12 0.0226 0.9774 
      h01611 12 0.0084 0.9916 
      h01711 12 0.0193 0.9807 
      h01811 12 0.0079 0.9921 
      h01911 12 0.0081 0.9919 
      h02011 12 0.0169 0.9831 
      h02111 12 0.0085 0.9915 
      h02211 12 0.0123 0.9877 
      h02311 12 0.0100 0.9900 
      h02411 12 0.0124 0.9876 
      h02511 12 0.0387 0.9613 
      h02611 12 0.0106 0.9894 
      h02711 12 0.0085 0.9915 
      h02811 12 0.0244 0.9756 
      h02911 12 0.0214 0.9786 
      h03011 12 0.0228 0.9772 
      h03111 12 0.0055 0.9945 
      h03211 12 0.0083 0.9917 
      h03311 12 0.0095 0.9905 
      h03411 12 0.0088 0.9912 
      h03511 12 0.0090 0.9910 
      h03611 12 0.0085 0.9915 
      h03711 12 0.0128 0.9872 
      h03811 12 0.0063 0.9937 
      h03911 12 0.0121 0.9879 
      h04011 12 0.0161 0.9839 
      h04111 12 0.0074 0.9926 
      h04211 12 0.0262 0.9738 
      h04311 12 0.0099 0.9901 
      h04411 12 0.0061 0.9939 
      h04511 12 0.0264 0.9736 
      h04611 12 0.0115 0.9885 
      h04711 12 0.0084 0.9916 
      h04811 12 0.0090 0.9910 
      h04911 12 0.0096 0.9904 
      h05011 12 0.0076 0.9924 
      h05111 12 0.0132 0.9868 
      h05211 12 0.0146 0.9854 
      h05311 12 0.0115 0.9885 
      h05411 12 0.0161 0.9839 
      h05511 12 0.0141 0.9859 
      h05611 12 0.0171 0.9829 
      h05711 12 0.0151 0.9849 
      h05811 12 0.0290 0.9710 
      h05911 12 0.0068 0.9932 
      h06011 12 0.0103 0.9897 
      h06111 12 0.0143 0.9857 
      h06211 12 0.0097 0.9903 
      h06311 12 0.0138 0.9862 
      h06411 12 0.0057 0.9943 
      h06511 12 0.0124 0.9876 
      h06611 12 0.0142 0.9858 
      h06711 12 0.1094 0.8906 
      h06811 12 0.0282 0.9718 
      h06911 12 0.0119 0.9881 
      h07011 12 0.0076 0.9924 
      h07111 12 0.0098 0.9902 
      h07211 12 0.0180 0.9820 
      h07311 12 0.0085 0.9915 
      h07411 12 0.0107 0.9893 
      h07511 12 0.0091 0.9909 
      h07611 12 0.0110 0.9890 
      h07711 12 0.0071 0.9929 
      h07811 12 0.0998 0.9002 
      h07911 12 0.0280 0.9720 
      h08011 12 0.0096 0.9904 
      h08111 12 0.0081 0.9919 
      h08211 12 0.0126 0.9874 
      h08311 12 0.0117 0.9883 
      h08411 12 0.0103 0.9897 
      h08511 12 0.0127 0.9873 
      h08611 12 0.0083 0.9917 
      h08711 12 0.0270 0.9730 
      h08811 12 0.0099 0.9901 
      h08911 12 0.0109 0.9891 
      h09011 12 0.0110 0.9890 
      h09111 12 0.0467 0.9533 
      h09211 12 0.0116 0.9884 
      h09311 12 0.0147 0.9853 
      h09411 12 0.0090 0.9910 
      h09511 12 0.0085 0.9915 
      h09611 12 0.0088 0.9912 
      h09711 12 0.0095 0.9905 
      h09811 12 0.0108 0.9892 
      h09911 12 0.0125 0.9875 
      h10011 12 0.0148 0.9852 
       h1011 12 0.0124 0.9876 
       h1021 12 0.0334 0.9666 
       h1031 12 0.0063 0.9937 
       h1041 12 0.0181 0.9819 
       h1051 12 0.0110 0.9890 
       h1061 12 0.0067 0.9933 
       h1071 12 0.0076 0.9924 
       h1081 12 0.0493 0.9507 
       h1091 12 0.0131 0.9869 
       h1101 12 0.0136 0.9864 
       h1111 12 0.0111 0.9889 
       h1121 12 0.0083 0.9917 
       h1131 12 0.0162 0.9838 
       h1141 12 0.0082 0.9918 
       h1151 12 0.0100 0.9900 
       h1161 12 0.0072 0.9928 
       h1171 12 0.0133 0.9867 
       h1181 12 0.0091 0.9909 
       h1191 12 0.0140 0.9860 
       h1201 12 0.0333 0.9667 
       h1211 12 0.0145 0.9855 
       h1221 12 0.0119 0.9881 
       h1231 12 0.0082 0.9918 
       h1241 12 0.0267 0.9733 
       h1251 12 0.0079 0.9921 
       h1261 12 0.0089 0.9911 
       h1271 12 0.0071 0.9929 
       h1281 12 0.0184 0.9816 
       h1291 12 0.0082 0.9918 
       h1301 12 0.0191 0.9809 
       h1311 12 0.0183 0.9817 
       h1321 12 0.0088 0.9912 
       h1331 12 0.0357 0.9643 
       h1341 12 0.0156 0.9844 
       h1351 12 0.0189 0.9811 
       h1361 12 0.0067 0.9933 
       h1371 12 0.0205 0.9795 
       h1381 12 0.0085 0.9915 
       h1391 12 0.0097 0.9903 
       h1401 12 0.0109 0.9891 
       h1411 12 0.0133 0.9867 
       h1421 12 0.0128 0.9872 
       h1431 12 0.0176 0.9824 
       h1441 12 0.0161 0.9839 
       h1451 12 0.0178 0.9822 
       h1461 12 0.0222 0.9778 
       h1471 12 0.0092 0.9908 
       h1481 12 0.0080 0.9920 
       h1491 12 0.0326 0.9674 
       h1501 12 0.0121 0.9879 
       h1511 12 0.0106 0.9894 
       h1521 12 0.0113 0.9887 
       h1531 12 0.0131 0.9869 
       h1541 12 0.0084 0.9916 
       h1551 12 0.0084 0.9916 
       h1561 12 0.0088 0.9912 
       h1571 12 0.0098 0.9902 
       h1581 12 0.0218 0.9782 
       h1591 12 0.0382 0.9618 
       h1601 12 0.0294 0.9706 
       h1611 12 0.0085 0.9915 
       h1621 12 0.0070 0.9930 
       h1631 12 0.0267 0.9733 
       h1641 12 0.0066 0.9934 
       h1651 12 0.0259 0.9741 
       h1661 12 0.0093 0.9907 
       h1671 12 0.0171 0.9829 
       h1681 12 0.0146 0.9854 
       h1691 12 0.0087 0.9913 
       h1701 12 0.0077 0.9923 
       h1711 12 0.0274 0.9726 
       h1721 12 0.0175 0.9825 
       h1731 12 0.0159 0.9841 
       h1741 12 0.0145 0.9855 
       h1751 12 0.0148 0.9852 
       h1761 12 0.0073 0.9927 
       h1771 12 0.0084 0.9916 
       h1781 12 0.0223 0.9777 
       h1791 12 0.0088 0.9912 
       h1801 12 0.0163 0.9837 
       h1811 12 0.0133 0.9867 
       h1821 12 0.0073 0.9927 
       h1831 12 0.0122 0.9878 
       h1841 12 0.0098 0.9902 
       h1851 12 0.0089 0.9911 
       h1861 12 0.0375 0.9625 
       h1871 12 0.0153 0.9847 
       h1881 12 0.0160 0.9840 
       h1891 12 0.0411 0.9589 
       h1901 12 0.0104 0.9896 
       h1911 12 0.0135 0.9865 
       h1921 12 0.0590 0.9410 
       h1931 12 0.0119 0.9881 
       h1941 12 0.0092 0.9908 
       h1951 12 0.0515 0.9485 
       h1961 12 0.0082 0.9918 
       h1971 12 0.0145 0.9855 
       h1981 12 0.0098 0.9902 
       h1991 12 0.0081 0.9919 
       h2001 12 0.0122 0.9878 
       h2011 12 0.0236 0.9764 
       h2021 12 0.0083 0.9917 
       h2031 12 0.0102 0.9898 
       h2041 12 0.0096 0.9904 
       h2051 12 0.0085 0.9915 
       h2061 12 0.0080 0.9920 
       h2071 12 0.0131 0.9869 
       h2081 12 0.0082 0.9918 
       h2091 12 0.0079 0.9921 
       h2101 12 0.0117 0.9883 
       h2111 12 0.0203 0.9797 
       h2121 12 0.0071 0.9929 
       h2131 12 0.0100 0.9900 
       h2141 12 0.0119 0.9881 
       h2151 12 0.0094 0.9906 
       h2161 12 0.0081 0.9919 
       h2171 12 0.0108 0.9892 
       h2181 12 0.0072 0.9928 
       h2191 12 0.0291 0.9709 
       h2201 12 0.0108 0.9892 
       h2211 12 0.0125 0.9875 
       h2221 12 0.0083 0.9917 
       h2231 12 0.0074 0.9926 
       h2241 12 0.0107 0.9893 
       h2251 12 0.0066 0.9934 
       h2261 12 0.0085 0.9915 
       h2271 12 0.0115 0.9885 
       h2281 12 0.0127 0.9873 
       h2291 12 0.0175 0.9825 
       h2301 12 0.0155 0.9845 
       h2311 12 0.0115 0.9885 
       h2321 12 0.0117 0.9883 
       h2331 12 0.0072 0.9928 
       h2341 12 0.0116 0.9884 
       h2351 12 0.0111 0.9889 
       h2361 12 0.0117 0.9883 
       h2371 12 0.0096 0.9904 
       h2381 12 0.0138 0.9862 
       h2391 12 0.0147 0.9853 
       h2401 12 0.0108 0.9892 
       h2411 12 0.0086 0.9914 
       h2421 12 0.0094 0.9906 
       h2431 12 0.0063 0.9937 
       h2441 12 0.0163 0.9837 
       h2451 12 0.0142 0.9858 
       h2461 12 0.0126 0.9874 
       h2471 12 0.0110 0.9890 
       h2481 12 0.0092 0.9908 
       h2491 12 0.0109 0.9891 
       h2501 12 0.0176 0.9824 
       h2511 12 0.0127 0.9873 
       h2521 12 0.0556 0.9444 
       h2531 12 0.0288 0.9712 
       h2541 12 0.0174 0.9826 
       h2551 12 0.0095 0.9905 
       h2561 12 0.0535 0.9465 
       h2571 12 0.0075 0.9925 
       h2581 12 0.0056 0.9944 
       h2591 12 0.0121 0.9879 
       h2601 12 0.0143 0.9857 
