       M1EL5  1 0.0162 0.9838 
       W26T6  1 0.0334 0.9666 
       W26XX  1 0.0110 0.9890 
       M013P  1 0.0081 0.9919 
       M1ELA  1 0.0371 0.9629 
       M2C73  1 0.0145 0.9855 
       W23P4  1 0.1270 0.8730 
       W247C  1 0.0097 0.9903 
       W24K1  1 0.0088 0.9912 
       W24ME  1 0.0514 0.9486 
       W2514  1 0.0204 0.9796 
       W26MA  1 0.0208 0.9792 
       W26MM  1 0.0096 0.9904 
       W26MU  1 0.0158 0.9842 
       W26P0  1 0.0157 0.9843 
       W26P3  1 0.0073 0.9927 
       W26T5  1 0.0087 0.9913 
       W26TE  1 0.0190 0.9810 
       W26TF  1 0.0092 0.9908 
       W26U8  1 0.0400 0.9600 
       W26UJ  1 0.0091 0.9909 
       W26UK  1 0.0074 0.9926 
       W26UT  1 0.0074 0.9926 
       W26XT  1 0.0094 0.9906 
      CC06H2  1 0.0401 0.9599 
      CC06H4  1 0.0108 0.9892 
      CC06H5  1 0.0592 0.9408 
      CC06H6  1 0.0155 0.9845 
      CC06HE  1 0.0090 0.9910 
      CC06HF  1 0.0399 0.9601 
      CC06HH  1 0.0100 0.9900 
      CC06HJ  1 0.0149 0.9851 
      CC06HL  1 0.0072 0.9928 
      CC06HP  1 0.0077 0.9923 
      CC06HT  1 0.0276 0.9724 
      CC06HU  1 0.0179 0.9821 
      CC06HY  1 0.0213 0.9787 
      CC06J0  1 0.0126 0.9874 
      CC06J1  1 0.0395 0.9605 
      CC06J2  1 0.0138 0.9862 
     CT.0YCY  1 0.0128 0.9872 
     CT.0YEC  1 0.0070 0.9930 
     CT.0YEF  1 0.0133 0.9867 
     CT.0YEU  1 0.0082 0.9918 
     CT.0YF2  1 0.0257 0.9743 
     CT.0YF8  1 0.0088 0.9912 
     CT.0YFA  1 0.0171 0.9829 
     CT.0YFE  1 0.0184 0.9816 
     CT.0YFP  1 0.0126 0.9874 
     CT.0YFU  1 0.0130 0.9870 
     CT.0YK7  1 0.0182 0.9818 
     CX.10PT  1 0.0413 0.9587 
      DAM021  1 0.0127 0.9873 
      DAM034  1 0.0165 0.9835 
      DAM07X  1 0.0163 0.9837 
     EF.15J6  1 0.0103 0.9897 
      HRV010  1 0.0105 0.9895 
      HRV02J  1 0.0180 0.9820 
      HRV078  1 0.0131 0.9869 
      HRV0FH  1 0.0118 0.9882 
      HRV0H5  1 0.0157 0.9843 
      HRV0JF  1 0.0188 0.9812 
      HRV0JJ  1 0.0192 0.9808 
      HRV0JM  1 0.0148 0.9852 
      HRV0K6  1 0.0334 0.9666 
      HRV0K7  1 0.0108 0.9892 
      HRV0KP  1 0.0166 0.9834 
      HRV1AX  1 0.0251 0.9749 
      HRV1C4  1 0.0238 0.9762 
      HRV1CH  1 0.0159 0.9841 
      HRV1FA  1 0.0180 0.9820 
      HRV1FK  1 0.0159 0.9841 
      HRV1H8  1 0.0129 0.9871 
      HRV1HT  1 0.0159 0.9841 
      HRV1XU  1 0.0128 0.9872 
      HRV4TF  1 0.0098 0.9902 
      HRV6F0  1 0.0120 0.9880 
      HRVE6L  1 0.0158 0.9842 
       M27HM  1 0.0246 0.9754 
       M27HP  1 0.0093 0.9907 
       M2AK4  1 0.0091 0.9909 
       M2ALA  1 0.0086 0.9914 
       M2C56  1 0.0134 0.9866 
       M2CUX  1 0.0486 0.9514 
       M2E24  1 0.0086 0.9914 
       M2EA7  1 0.0112 0.9888 
       M2EH6  1 0.0103 0.9897 
       M2EKC  1 0.0653 0.9347 
      MSV083  1 0.0122 0.9878 
      MSV084  1 0.0155 0.9845 
      MSV0LJ  1 0.0156 0.9844 
      MSV1H5  1 0.0211 0.9789 
      MSV1KM  1 0.0090 0.9910 
      MSV23F  1 0.0113 0.9887 
      MSV2L8  1 0.0116 0.9884 
      MSV2P7  1 0.0094 0.9906 
      MSV2TJ  1 0.0222 0.9778 
      MSV2XM  1 0.0150 0.9850 
      MSV327  1 0.0118 0.9882 
      MSV33L  1 0.0086 0.9914 
       h0015  2 0.0103 0.9897 
       h0025  2 0.0364 0.9636 
       h0035  2 0.0133 0.9867 
       h0045  2 0.0442 0.9558 
       h0055  2 0.0297 0.9703 
       h0065  2 0.0088 0.9912 
       h0075  2 0.0428 0.9572 
       h0085  2 0.0163 0.9837 
       h0095  2 0.0176 0.9824 
       h0105  2 0.0140 0.9860 
       h0115  2 0.0173 0.9827 
       h0125  2 0.0070 0.9930 
       h0135  2 0.0065 0.9935 
       h0145  2 0.0144 0.9856 
       h0155  2 0.0098 0.9902 
       h0165  2 0.0105 0.9895 
       h0175  2 0.0059 0.9941 
       h0185  2 0.0197 0.9803 
       h0195  2 0.0115 0.9885 
       h0205  2 0.0164 0.9836 
       h0215  2 0.0070 0.9930 
       h0225  2 0.0151 0.9849 
       h0235  2 0.0092 0.9908 
       h0245  2 0.0088 0.9912 
       h0255  2 0.0083 0.9917 
       h0265  2 0.0162 0.9838 
       h0275  2 0.0116 0.9884 
       h0285  2 0.0111 0.9889 
       h0295  2 0.0147 0.9853 
       h0305  2 0.0079 0.9921 
       h0315  2 0.0204 0.9796 
       h0325  2 0.0166 0.9834 
       h0335  2 0.0459 0.9541 
       h0345  2 0.0105 0.9895 
       h0355  2 0.0167 0.9833 
       h0365  2 0.0500 0.9500 
       h0375  2 0.0094 0.9906 
       h0385  2 0.0115 0.9885 
       h0395  2 0.0349 0.9651 
       h0405  2 0.0111 0.9889 
       h0415  2 0.0137 0.9863 
       h0425  2 0.0169 0.9831 
       h0435  2 0.0103 0.9897 
       h0445  2 0.0158 0.9842 
       h0455  2 0.0135 0.9865 
       h0465  2 0.1068 0.8932 
       h0475  2 0.0088 0.9912 
       h0485  2 0.0669 0.9331 
       h0495  2 0.0204 0.9796 
       h0505  2 0.0142 0.9858 
       h0515  2 0.0339 0.9661 
       h0525  2 0.0097 0.9903 
       h0535  2 0.0278 0.9722 
       h0545  2 0.0065 0.9935 
       h0555  2 0.0190 0.9810 
       h0565  2 0.0110 0.9890 
       h0575  2 0.0093 0.9907 
       h0585  2 0.0154 0.9846 
       h0595  2 0.0108 0.9892 
       h0605  2 0.0193 0.9807 
       h0615  2 0.0233 0.9767 
       h0625  2 0.0496 0.9504 
       h0635  2 0.0094 0.9906 
       h0645  2 0.0090 0.9910 
       h0655  2 0.0157 0.9843 
       h0665  2 0.0085 0.9915 
       h0675  2 0.0198 0.9802 
       h0685  2 0.0174 0.9826 
       h0695  2 0.0155 0.9845 
       h0705  2 0.0119 0.9881 
       h0715  2 0.0111 0.9889 
       h0725  2 0.0098 0.9902 
       h0735  2 0.0304 0.9696 
       h0745  2 0.0118 0.9882 
       h0755  2 0.0390 0.9610 
       h0765  2 0.0313 0.9687 
       h0775  2 0.0110 0.9890 
       h0785  2 0.0083 0.9917 
       h0795  2 0.0156 0.9844 
       h0805  2 0.0152 0.9848 
       h0815  2 0.0082 0.9918 
       h0825  2 0.0124 0.9876 
       h0835  2 0.0131 0.9869 
       h0845  2 0.0215 0.9785 
       h0855  2 0.0114 0.9886 
       h0865  2 0.0249 0.9751 
       h0875  2 0.0123 0.9877 
       h0885  2 0.0071 0.9929 
       h0895  2 0.0129 0.9871 
       h0905  2 0.0097 0.9903 
       h0915  2 0.0080 0.9920 
       h0925  2 0.0128 0.9872 
       h0935  2 0.0201 0.9799 
       h0945  2 0.0091 0.9909 
       h0955  2 0.0102 0.9898 
       h0965  2 0.0614 0.9386 
       h0975  2 0.0263 0.9737 
       h0985  2 0.0109 0.9891 
       h0995  2 0.0132 0.9868 
       h1005  2 0.0130 0.9870 
        h101  2 0.0108 0.9892 
        h102  2 0.0178 0.9822 
        h103  2 0.0360 0.9640 
        h104  2 0.0200 0.9800 
        h105  2 0.0097 0.9903 
        h106  2 0.0160 0.9840 
        h107  2 0.0418 0.9582 
        h108  2 0.0115 0.9885 
        h109  2 0.0329 0.9671 
        h110  2 0.0120 0.9880 
        h111  2 0.0130 0.9870 
        h112  2 0.0174 0.9826 
        h113  2 0.0114 0.9886 
        h114  2 0.0084 0.9916 
        h115  2 0.0100 0.9900 
        h116  2 0.0094 0.9906 
        h117  2 0.0098 0.9902 
        h118  2 0.0349 0.9651 
        h119  2 0.0348 0.9652 
        h120  2 0.0114 0.9886 
        h121  2 0.0139 0.9861 
        h122  2 0.0198 0.9802 
        h123  2 0.0105 0.9895 
        h124  2 0.1386 0.8614 
        h125  2 0.0082 0.9918 
        h126  2 0.0186 0.9814 
        h127  2 0.0407 0.9593 
        h128  2 0.0103 0.9897 
        h129  2 0.0173 0.9827 
        h130  2 0.0340 0.9660 
        h131  2 0.0118 0.9882 
        h132  2 0.0364 0.9636 
        h133  2 0.0209 0.9791 
        h134  2 0.0140 0.9860 
        h135  2 0.0271 0.9729 
        h136  2 0.0076 0.9924 
        h137  2 0.0849 0.9151 
        h138  2 0.0081 0.9919 
        h139  2 0.0183 0.9817 
        h140  2 0.0265 0.9735 
        h141  2 0.0084 0.9916 
        h142  2 0.0113 0.9887 
        h143  2 0.0109 0.9891 
        h144  2 0.0257 0.9743 
        h145  2 0.0439 0.9561 
        h146  2 0.0070 0.9930 
        h147  2 0.0376 0.9624 
        h148  2 0.0533 0.9467 
        h149  2 0.0572 0.9428 
        h150  2 0.0193 0.9807 
        h151  2 0.0104 0.9896 
        h152  2 0.0190 0.9810 
        h153  2 0.0089 0.9911 
        h154  2 0.0351 0.9649 
        h155  2 0.0182 0.9818 
        h156  2 0.0205 0.9795 
        h157  2 0.0367 0.9633 
        h158  2 0.0089 0.9911 
        h159  2 0.0112 0.9888 
        h160  2 0.0116 0.9884 
        h161  2 0.0683 0.9317 
        h162  2 0.0193 0.9807 
        h163  2 0.0109 0.9891 
        h164  2 0.0066 0.9934 
        h165  2 0.0153 0.9847 
        h166  2 0.0090 0.9910 
        h167  2 0.0122 0.9878 
        h168  2 0.0183 0.9817 
        h169  2 0.0160 0.9840 
        h170  2 0.0210 0.9790 
        h171  2 0.0169 0.9831 
        h172  2 0.0105 0.9895 
        h173  2 0.0236 0.9764 
        h174  2 0.0076 0.9924 
        h175  2 0.0534 0.9466 
        h176  2 0.0279 0.9721 
        h177  2 0.0136 0.9864 
        h178  2 0.0226 0.9774 
        h179  2 0.0302 0.9698 
        h180  2 0.0120 0.9880 
        h181  2 0.0292 0.9708 
        h182  2 0.0115 0.9885 
        h183  2 0.0104 0.9896 
        h184  2 0.0079 0.9921 
        h185  2 0.0120 0.9880 
        h186  2 0.0068 0.9932 
        h187  2 0.0168 0.9832 
        h188  2 0.0093 0.9907 
        h189  2 0.0092 0.9908 
        h190  2 0.0094 0.9906 
        h191  2 0.0085 0.9915 
        h192  2 0.0104 0.9896 
        h193  2 0.0141 0.9859 
        h194  2 0.0190 0.9810 
        h195  2 0.0123 0.9877 
        h196  2 0.0102 0.9898 
        h197  2 0.0108 0.9892 
        h198  2 0.0099 0.9901 
        h199  2 0.0112 0.9888 
        h200  2 0.0132 0.9868 
        h201  2 0.0269 0.9731 
        h202  2 0.0150 0.9850 
        h203  2 0.0121 0.9879 
        h204  2 0.0090 0.9910 
        h205  2 0.0081 0.9919 
        h206  2 0.0127 0.9873 
        h207  2 0.0073 0.9927 
        h208  2 0.0115 0.9885 
        h209  2 0.0676 0.9324 
        h210  2 0.0143 0.9857 
        h211  2 0.0084 0.9916 
        h212  2 0.0196 0.9804 
        h213  2 0.0092 0.9908 
        h214  2 0.0143 0.9857 
        h215  2 0.0119 0.9881 
        h216  2 0.0084 0.9916 
        h217  2 0.0175 0.9825 
        h218  2 0.0102 0.9898 
        h219  2 0.0295 0.9705 
        h220  2 0.0277 0.9723 
        h221  2 0.0422 0.9578 
        h222  2 0.0106 0.9894 
        h223  2 0.0107 0.9893 
        h224  2 0.0315 0.9685 
        h225  2 0.0103 0.9897 
        h226  2 0.0151 0.9849 
        h227  2 0.0186 0.9814 
        h228  2 0.0183 0.9817 
        h229  2 0.0623 0.9377 
        h230  2 0.0080 0.9920 
        h231  2 0.0225 0.9775 
        h232  2 0.0289 0.9711 
        h233  2 0.0816 0.9184 
        h234  2 0.0140 0.9860 
        h235  2 0.0084 0.9916 
        h236  2 0.0075 0.9925 
        h237  2 0.0073 0.9927 
        h238  2 0.0074 0.9926 
        h239  2 0.0120 0.9880 
        h240  2 0.0161 0.9839 
        h241  2 0.0109 0.9891 
        h242  2 0.0214 0.9786 
        h243  2 0.0070 0.9930 
        h244  2 0.0103 0.9897 
        h245  2 0.0161 0.9839 
        h246  2 0.0135 0.9865 
        h247  2 0.0299 0.9701 
        h248  2 0.0081 0.9919 
        h249  2 0.0076 0.9924 
        h250  2 0.0099 0.9901 
        h251  2 0.0196 0.9804 
        h252  2 0.0119 0.9881 
        h253  2 0.0130 0.9870 
        h254  2 0.0152 0.9848 
        h255  2 0.0085 0.9915 
        h256  2 0.0110 0.9890 
        h257  2 0.0461 0.9539 
        h258  2 0.0107 0.9893 
        h259  2 0.0103 0.9897 
        h260  2 0.0146 0.9854 
        h261  2 0.0227 0.9773 
        h262  2 0.0113 0.9887 
        h263  2 0.0090 0.9910 
        h264  2 0.0271 0.9729 
        h265  2 0.0128 0.9872 
        h266  2 0.0103 0.9897 
        h267  2 0.0168 0.9832 
        h268  2 0.0072 0.9928 
        h269  2 0.0099 0.9901 
        h270  2 0.0066 0.9934 
        h271  2 0.0174 0.9826 
        h272  2 0.0131 0.9869 
        h273  2 0.0092 0.9908 
        h274  2 0.0086 0.9914 
        h275  2 0.0092 0.9908 
        h276  2 0.0142 0.9858 
        h277  2 0.0222 0.9778 
        h278  2 0.0267 0.9733 
        h279  2 0.0151 0.9849 
        h280  2 0.0108 0.9892 
        h281  2 0.0135 0.9865 
        h282  2 0.0214 0.9786 
        h283  2 0.0175 0.9825 
        h284  2 0.0156 0.9844 
        h285  2 0.0103 0.9897 
        h286  2 0.0165 0.9835 
        h287  2 0.0099 0.9901 
        h288  2 0.0108 0.9892 
        h289  2 0.0195 0.9805 
        h290  2 0.0133 0.9867 
        h291  2 0.0124 0.9876 
        h292  2 0.0115 0.9885 
        h293  2 0.0090 0.9910 
        h294  2 0.0209 0.9791 
        h295  2 0.0097 0.9903 
        h296  2 0.0085 0.9915 
        h297  2 0.0092 0.9908 
        h298  2 0.1456 0.8544 
        h299  2 0.0198 0.9802 
        h300  2 0.0248 0.9752 
        h301  2 0.0107 0.9893 
        h302  2 0.0519 0.9481 
        h303  2 0.0183 0.9817 
        h304  2 0.0200 0.9800 
        h305  2 0.0067 0.9933 
        h306  2 0.0514 0.9486 
        h307  2 0.0232 0.9768 
        h308  2 0.0157 0.9843 
        h309  2 0.0092 0.9908 
        h310  2 0.0766 0.9234 
        h311  2 0.0107 0.9893 
        h312  2 0.0135 0.9865 
        h313  2 0.0155 0.9845 
        h314  2 0.1117 0.8883 
        h315  2 0.0145 0.9855 
        h316  2 0.0082 0.9918 
        h317  2 0.0074 0.9926 
        h318  2 0.0083 0.9917 
        h319  2 0.0503 0.9497 
        h320  2 0.0120 0.9880 
        h321  2 0.0151 0.9849 
        h322  2 0.0103 0.9897 
        h323  2 0.0095 0.9905 
        h324  2 0.0107 0.9893 
        h325  2 0.0100 0.9900 
        h326  2 0.0090 0.9910 
        h327  2 0.0226 0.9774 
        h328  2 0.0090 0.9910 
        h329  2 0.0072 0.9928 
        h330  2 0.0126 0.9874 
        h331  2 0.0236 0.9764 
        h332  2 0.0073 0.9927 
        h333  2 0.0103 0.9897 
        h334  2 0.0155 0.9845 
        h335  2 0.0312 0.9688 
        h336  2 0.0089 0.9911 
        h337  2 0.0288 0.9712 
        h338  2 0.0190 0.9810 
        h339  2 0.0112 0.9888 
        h340  2 0.0111 0.9889 
        h341  2 0.0082 0.9918 
        h342  2 0.0243 0.9757 
        h343  2 0.0160 0.9840 
        h344  2 0.0255 0.9745 
        h345  2 0.0262 0.9738 
        h346  2 0.0261 0.9739 
        h347  2 0.0124 0.9876 
        h348  2 0.0089 0.9911 
        h349  2 0.0289 0.9711 
        h350  2 0.0291 0.9709 
        h351  2 0.0171 0.9829 
        h352  2 0.0271 0.9729 
        h353  2 0.0060 0.9940 
        h354  2 0.0112 0.9888 
        h355  2 0.0103 0.9897 
        h356  2 0.0081 0.9919 
        h357  2 0.0101 0.9899 
        h358  2 0.0222 0.9778 
        h359  2 0.0077 0.9923 
        h360  2 0.0100 0.9900 
        h361  2 0.0106 0.9894 
        h362  2 0.0125 0.9875 
        h363  2 0.0229 0.9771 
        h364  2 0.0143 0.9857 
        h365  2 0.0149 0.9851 
        h366  2 0.1080 0.8920 
        h367  2 0.0092 0.9908 
        h368  2 0.0755 0.9245 
        h369  2 0.0097 0.9903 
        h370  2 0.0134 0.9866 
        h371  2 0.0091 0.9909 
        h372  2 0.0118 0.9882 
        h373  2 0.0095 0.9905 
        h374  2 0.0547 0.9453 
        h375  2 0.0103 0.9897 
        h376  2 0.0120 0.9880 
        h377  2 0.1315 0.8685 
        h378  2 0.0293 0.9707 
        h379  2 0.0148 0.9852 
        h380  2 0.0228 0.9772 
        h381  2 0.0084 0.9916 
        h382  2 0.0077 0.9923 
        h383  2 0.0091 0.9909 
        h384  2 0.0148 0.9852 
        h385  2 0.0130 0.9870 
        h386  2 0.0422 0.9578 
        h387  2 0.0151 0.9849 
        h388  2 0.0201 0.9799 
        h389  2 0.0132 0.9868 
        h390  2 0.0107 0.9893 
        h391  2 0.0112 0.9888 
        h392  2 0.0112 0.9888 
        h393  2 0.0096 0.9904 
        h394  2 0.0134 0.9866 
        h395  2 0.0118 0.9882 
        h396  2 0.0323 0.9677 
        h397  2 0.0169 0.9831 
        h398  2 0.0802 0.9198 
        h399  2 0.0092 0.9908 
        h400  2 0.0075 0.9925 
        h001  3 0.0750 0.9250 
        h002  3 0.1629 0.8371 
        h003  3 0.0184 0.9816 
        h004  3 0.3219 0.6781 
        h005  3 0.0799 0.9201 
        h006  3 0.0306 0.9694 
        h007  3 0.0699 0.9301 
        h008  3 0.1953 0.8047 
        h009  3 0.0615 0.9385 
        h010  3 0.0102 0.9898 
        h011  3 0.0402 0.9598 
        h012  3 0.2313 0.7687 
        h013  3 0.1846 0.8154 
        h014  3 0.1996 0.8004 
        h015  3 0.1119 0.8881 
        h016  3 0.0714 0.9286 
        h017  3 0.0236 0.9764 
        h018  3 0.1467 0.8533 
        h019  3 0.1698 0.8302 
        h020  3 0.1209 0.8791 
        h021  3 0.1906 0.8094 
        h022  3 0.2232 0.7768 
        h023  3 0.1314 0.8686 
        h024  3 0.0571 0.9429 
        h025  3 0.0168 0.9832 
        h026  3 0.1009 0.8991 
        h027  3 0.2407 0.7593 
        h028  3 0.3255 0.6745 
        h029  3 0.2589 0.7411 
        h030  3 0.1050 0.8950 
        h031  3 0.0661 0.9339 
        h032  3 0.1897 0.8103 
        h033  3 0.0604 0.9396 
        h034  3 0.1653 0.8347 
        h035  3 0.1948 0.8052 
        h036  3 0.1771 0.8229 
        h037  3 0.3700 0.6300 
        h038  3 0.0483 0.9517 
        h039  3 0.0912 0.9088 
        h040  3 0.1200 0.8800 
        h041  3 0.1392 0.8608 
        h042  3 0.0286 0.9714 
        h043  3 0.0134 0.9866 
        h044  3 0.4794 0.5206 
        h045  3 0.0732 0.9268 
        h046  3 0.2446 0.7554 
        h047  3 0.1715 0.8285 
        h048  3 0.0139 0.9861 
        h049  3 0.2649 0.7351 
        h050  3 0.1048 0.8952 
        h051  3 0.1501 0.8499 
        h052  3 0.1699 0.8301 
        h053  3 0.0345 0.9655 
        h054  3 0.1381 0.8619 
        h055  3 0.0157 0.9843 
        h056  3 0.1630 0.8370 
        h057  3 0.0103 0.9897 
        h058  3 0.2280 0.7720 
        h059  3 0.0697 0.9303 
        h060  3 0.0096 0.9904 
        h061  3 0.0328 0.9672 
        h062  3 0.0671 0.9329 
        h063  3 0.0627 0.9373 
        h064  3 0.1401 0.8599 
        h065  3 0.0174 0.9826 
        h066  3 0.2303 0.7697 
        h067  3 0.0227 0.9773 
        h068  3 0.2030 0.7970 
        h069  3 0.1977 0.8023 
        h070  3 0.0193 0.9807 
        h071  3 0.2595 0.7405 
        h072  3 0.0195 0.9805 
        h073  3 0.0105 0.9895 
        h074  3 0.1667 0.8333 
        h075  3 0.0600 0.9400 
        h076  3 0.0426 0.9574 
        h077  3 0.1423 0.8577 
        h078  3 0.0141 0.9859 
        h079  3 0.2449 0.7551 
        h080  3 0.0151 0.9849 
        h081  3 0.3484 0.6516 
        h082  3 0.1503 0.8497 
        h083  3 0.0110 0.9890 
        h084  3 0.0180 0.9820 
        h085  3 0.1402 0.8598 
        h086  3 0.0375 0.9625 
        h087  3 0.0168 0.9832 
        h088  3 0.1243 0.8757 
        h089  3 0.0627 0.9373 
        h090  3 0.2190 0.7810 
        h091  3 0.1483 0.8517 
        h092  3 0.0228 0.9772 
        h093  3 0.0388 0.9612 
        h094  3 0.0896 0.9104 
        h095  3 0.3078 0.6922 
        h096  3 0.0627 0.9373 
        h097  3 0.0215 0.9785 
        h098  3 0.0351 0.9649 
        h099  3 0.0603 0.9397 
        h100  3 0.0317 0.9683 
       h0011  4 0.2856 0.7144 
       h0021  4 0.3632 0.6368 
       h0031  4 0.3095 0.6905 
       h0041  4 0.2527 0.7473 
       h0051  4 0.2846 0.7154 
       h0061  4 0.2907 0.7093 
       h0071  4 0.3865 0.6135 
       h0081  4 0.3411 0.6589 
       h0091  4 0.3311 0.6689 
       h0101  4 0.0135 0.9865 
       h0111  4 0.4301 0.5699 
       h0121  4 0.1633 0.8367 
       h0131  4 0.2289 0.7711 
       h0141  4 0.3837 0.6163 
       h0151  4 0.2771 0.7229 
       h0161  4 0.3711 0.6289 
       h0171  4 0.2997 0.7003 
       h0181  4 0.4778 0.5222 
       h0191  4 0.2592 0.7408 
       h0201  4 0.2795 0.7205 
       h0211  4 0.2891 0.7109 
       h0221  4 0.1337 0.8663 
       h0231  4 0.2208 0.7792 
       h0241  4 0.1336 0.8664 
       h0251  4 0.3171 0.6829 
       h0261  4 0.2590 0.7410 
       h0271  4 0.1450 0.8550 
       h0281  4 0.2257 0.7743 
       h0291  4 0.3220 0.6780 
       h0301  4 0.2725 0.7275 
       h0311  4 0.3378 0.6622 
       h0321  4 0.1172 0.8828 
       h0331  4 0.0889 0.9111 
       h0341  4 0.2896 0.7104 
       h0351  4 0.2037 0.7963 
       h0361  4 0.2015 0.7985 
       h0371  4 0.3368 0.6632 
       h0381  4 0.2560 0.7440 
       h0391  4 0.0491 0.9509 
       h0401  4 0.1673 0.8327 
       h0411  4 0.3143 0.6857 
       h0421  4 0.4347 0.5653 
       h0431  4 0.3158 0.6842 
       h0441  4 0.0191 0.9809 
       h0451  4 0.3828 0.6172 
       h0461  4 0.1713 0.8287 
       h0471  4 0.1598 0.8402 
       h0481  4 0.3900 0.6100 
       h0491  4 0.2949 0.7051 
       h0501  4 0.2109 0.7891 
       h0511  4 0.1296 0.8704 
       h0521  4 0.0882 0.9118 
       h0531  4 0.1067 0.8933 
       h0541  4 0.0598 0.9402 
       h0551  4 0.2508 0.7492 
       h0561  4 0.1873 0.8127 
       h0571  4 0.1506 0.8494 
       h0581  4 0.0256 0.9744 
       h0591  4 0.2881 0.7119 
       h0601  4 0.2611 0.7389 
       h0611  4 0.3341 0.6659 
       h0621  4 0.2721 0.7279 
       h0631  4 0.3043 0.6957 
       h0641  4 0.4137 0.5863 
       h0651  4 0.4342 0.5658 
       h0661  4 0.3175 0.6825 
       h0671  4 0.2483 0.7517 
       h0681  4 0.0881 0.9119 
       h0691  4 0.0193 0.9807 
       h0701  4 0.3918 0.6082 
       h0711  4 0.2075 0.7925 
       h0721  4 0.3004 0.6996 
       h0731  4 0.2543 0.7457 
       h0741  4 0.1228 0.8772 
       h0751  4 0.2834 0.7166 
       h0761  4 0.1753 0.8247 
       h0771  4 0.1837 0.8163 
       h0781  4 0.2363 0.7637 
       h0791  4 0.5415 0.4585 
       h0801  4 0.2237 0.7763 
       h0811  4 0.2134 0.7866 
       h0821  4 0.2929 0.7071 
       h0831  4 0.4808 0.5192 
       h0841  4 0.2440 0.7560 
       h0851  4 0.2955 0.7045 
       h0861  4 0.1440 0.8560 
       h0871  4 0.3635 0.6365 
       h0881  4 0.1693 0.8307 
       h0891  4 0.4247 0.5753 
       h0901  4 0.1766 0.8234 
       h0911  4 0.4389 0.5611 
       h0921  4 0.1007 0.8993 
       h0931  4 0.3587 0.6413 
       h0941  4 0.1773 0.8227 
       h0951  4 0.4105 0.5895 
       h0961  4 0.1127 0.8873 
       h0971  4 0.2597 0.7403 
       h0981  4 0.2391 0.7609 
       h0991  4 0.1905 0.8095 
       h1001  4 0.0690 0.9310 
      MSV1TX  5 0.4080 0.5920 
      MSV025  5 0.6172 0.3828 
      MSV02C  5 0.4810 0.5190 
      MSV02E  5 0.5518 0.4482 
      MSV0TF  5 0.5677 0.4323 
       M2EL8  5 0.6734 0.3266 
       h0012  6 0.4987 0.5013 
       h0022  6 0.4095 0.5905 
       h0032  6 0.5135 0.4865 
       h0042  6 0.5107 0.4893 
       h0052  6 0.4691 0.5309 
       h0062  6 0.4706 0.5294 
       h0072  6 0.3524 0.6476 
       h0082  6 0.5012 0.4988 
       h0092  6 0.5423 0.4577 
       h0102  6 0.5470 0.4530 
       h0112  6 0.4517 0.5483 
       h0122  6 0.4644 0.5356 
       h0132  6 0.6263 0.3737 
       h0142  6 0.4148 0.5852 
       h0152  6 0.4924 0.5076 
       h0162  6 0.3912 0.6088 
       h0172  6 0.5993 0.4007 
       h0182  6 0.5971 0.4029 
       h0192  6 0.4122 0.5878 
       h0202  6 0.4165 0.5835 
       h0212  6 0.5781 0.4219 
       h0222  6 0.3924 0.6076 
       h0232  6 0.3960 0.6040 
       h0242  6 0.5007 0.4993 
       h0252  6 0.6631 0.3369 
       h0262  6 0.6004 0.3996 
       h0272  6 0.5159 0.4841 
       h0282  6 0.5065 0.4935 
       h0292  6 0.3890 0.6110 
       h0302  6 0.5239 0.4761 
       h0312  6 0.3543 0.6457 
       h0322  6 0.4826 0.5174 
       h0332  6 0.3960 0.6040 
       h0342  6 0.5637 0.4363 
       h0352  6 0.5451 0.4549 
       h0362  6 0.5478 0.4522 
       h0372  6 0.6663 0.3337 
       h0382  6 0.4614 0.5386 
       h0392  6 0.5437 0.4563 
       h0402  6 0.4767 0.5233 
       h0412  6 0.5680 0.4320 
       h0422  6 0.5183 0.4817 
       h0432  6 0.6387 0.3613 
       h0442  6 0.4659 0.5341 
       h0452  6 0.4430 0.5570 
       h0462  6 0.4623 0.5377 
       h0472  6 0.5816 0.4184 
       h0482  6 0.5713 0.4287 
       h0492  6 0.4156 0.5844 
       h0502  6 0.4645 0.5355 
       h0512  6 0.5330 0.4670 
       h0522  6 0.4656 0.5344 
       h0532  6 0.3660 0.6340 
       h0542  6 0.4091 0.5909 
       h0552  6 0.5691 0.4309 
       h0562  6 0.5228 0.4772 
       h0572  6 0.3872 0.6128 
       h0582  6 0.5541 0.4459 
       h0592  6 0.4772 0.5228 
       h0602  6 0.6151 0.3849 
       h0612  6 0.4254 0.5746 
       h0622  6 0.5124 0.4876 
       h0632  6 0.3730 0.6270 
       h0642  6 0.5235 0.4765 
       h0652  6 0.5705 0.4295 
       h0662  6 0.5033 0.4967 
       h0672  6 0.3978 0.6022 
       h0682  6 0.2872 0.7128 
       h0692  6 0.5470 0.4530 
       h0702  6 0.4754 0.5246 
       h0712  6 0.4008 0.5992 
       h0722  6 0.4938 0.5062 
       h0732  6 0.4286 0.5714 
       h0742  6 0.4342 0.5658 
       h0752  6 0.4776 0.5224 
       h0762  6 0.6264 0.3736 
       h0772  6 0.5257 0.4743 
       h0782  6 0.5722 0.4278 
       h0792  6 0.3581 0.6419 
       h0802  6 0.6013 0.3987 
       h0812  6 0.5794 0.4206 
       h0822  6 0.4460 0.5540 
       h0832  6 0.5707 0.4293 
       h0842  6 0.5654 0.4346 
       h0852  6 0.6847 0.3153 
       h0862  6 0.4828 0.5172 
       h0872  6 0.3236 0.6764 
       h0882  6 0.3711 0.6289 
       h0892  6 0.2622 0.7378 
       h0902  6 0.5038 0.4962 
       h0912  6 0.5483 0.4517 
       h0922  6 0.4650 0.5350 
       h0932  6 0.4072 0.5928 
       h0942  6 0.4792 0.5208 
       h0952  6 0.6781 0.3219 
       h0962  6 0.5302 0.4698 
       h0972  6 0.5230 0.4770 
       h0982  6 0.5445 0.4555 
       h0992  6 0.5389 0.4611 
       h1002  6 0.4636 0.5364 
      MSV21T  7 0.8729 0.1271 
       M2E71  7 0.7613 0.2387 
       h0013  8 0.6887 0.3113 
       h0023  8 0.8315 0.1685 
       h0033  8 0.5899 0.4101 
       h0043  8 0.6893 0.3107 
       h0053  8 0.9228 0.0772 
       h0063  8 0.6351 0.3649 
       h0073  8 0.7865 0.2135 
       h0083  8 0.6758 0.3242 
       h0093  8 0.7667 0.2333 
       h0103  8 0.9314 0.0686 
       h0113  8 0.5623 0.4377 
       h0123  8 0.5512 0.4488 
       h0133  8 0.9537 0.0463 
       h0143  8 0.5338 0.4662 
       h0153  8 0.9223 0.0777 
       h0163  8 0.8762 0.1238 
       h0173  8 0.6900 0.3100 
       h0183  8 0.7095 0.2905 
       h0193  8 0.7193 0.2807 
       h0203  8 0.7693 0.2307 
       h0213  8 0.5966 0.4034 
       h0223  8 0.6666 0.3334 
       h0233  8 0.8128 0.1872 
       h0243  8 0.8918 0.1082 
       h0253  8 0.7363 0.2637 
       h0263  8 0.7608 0.2392 
       h0273  8 0.8097 0.1903 
       h0283  8 0.8481 0.1519 
       h0293  8 0.8779 0.1221 
       h0303  8 0.5809 0.4191 
       h0313  8 0.7567 0.2433 
       h0323  8 0.8895 0.1105 
       h0333  8 0.8058 0.1942 
       h0343  8 0.7783 0.2217 
       h0353  8 0.7903 0.2097 
       h0363  8 0.6597 0.3403 
       h0373  8 0.8501 0.1499 
       h0383  8 0.7397 0.2603 
       h0393  8 0.6315 0.3685 
       h0403  8 0.6982 0.3018 
       h0413  8 0.5784 0.4216 
       h0423  8 0.8152 0.1848 
       h0433  8 0.6859 0.3141 
       h0443  8 0.8989 0.1011 
       h0453  8 0.8473 0.1527 
       h0463  8 0.8776 0.1224 
       h0473  8 0.8956 0.1044 
       h0483  8 0.9916 0.0084 
       h0493  8 0.8778 0.1222 
       h0503  8 0.6672 0.3328 
       h0513  8 0.7589 0.2411 
       h0523  8 0.7751 0.2249 
       h0533  8 0.8393 0.1607 
       h0543  8 0.9772 0.0228 
       h0553  8 0.6544 0.3456 
       h0563  8 0.8545 0.1455 
       h0573  8 0.7444 0.2556 
       h0583  8 0.8734 0.1266 
       h0593  8 0.8793 0.1207 
       h0603  8 0.8202 0.1798 
       h0613  8 0.9728 0.0272 
       h0623  8 0.7615 0.2385 
       h0633  8 0.7318 0.2682 
       h0643  8 0.7188 0.2812 
       h0653  8 0.7576 0.2424 
       h0663  8 0.8509 0.1491 
       h0673  8 0.8181 0.1819 
       h0683  8 0.8921 0.1079 
       h0693  8 0.6547 0.3453 
       h0703  8 0.8301 0.1699 
       h0713  8 0.8656 0.1344 
       h0723  8 0.7562 0.2438 
       h0733  8 0.7604 0.2396 
       h0743  8 0.9490 0.0510 
       h0753  8 0.6242 0.3758 
       h0763  8 0.6953 0.3047 
       h0773  8 0.8518 0.1482 
       h0783  8 0.5828 0.4172 
       h0793  8 0.8221 0.1779 
       h0803  8 0.8103 0.1897 
       h0813  8 0.5653 0.4347 
       h0823  8 0.6663 0.3337 
       h0833  8 0.6600 0.3400 
       h0843  8 0.7244 0.2756 
       h0853  8 0.7175 0.2825 
       h0863  8 0.5958 0.4042 
       h0873  8 0.8181 0.1819 
       h0883  8 0.7864 0.2136 
       h0893  8 0.6107 0.3893 
       h0903  8 0.7899 0.2101 
       h0913  8 0.5223 0.4777 
       h0923  8 0.8156 0.1844 
       h0933  8 0.7866 0.2134 
       h0943  8 0.8038 0.1962 
       h0953  8 0.7715 0.2285 
       h0963  8 0.6885 0.3115 
       h0973  8 0.6159 0.3841 
       h0983  8 0.5505 0.4495 
       h0993  8 0.7606 0.2394 
       h1003  8 0.8338 0.1662 
       W23CA  9 0.8981 0.1019 
     AP.085Y  9 0.9805 0.0195 
     CH.0LLY  9 0.5983 0.4017 
       M0LEC  9 0.9917 0.0083 
       M2C3H  9 0.7720 0.2280 
       M2CHL  9 0.5341 0.4659 
       W26P7  9 0.8906 0.1094 
     AP.07M5  9 0.9285 0.0715 
     AP.080U  9 0.9518 0.0482 
     AP.082A  9 0.9899 0.0101 
     AP.0843  9 0.9480 0.0520 
     AP.0844  9 0.8409 0.1591 
     AP.084X  9 0.9783 0.0217 
     AP.086Y  9 0.8346 0.1654 
     AP.0870  9 0.8626 0.1374 
     AP.0878  9 0.8266 0.1734 
     AP.087F  9 0.7880 0.2120 
     AP.087Y  9 0.5860 0.4140 
     AP.088P  9 0.9802 0.0198 
     AP.08AK  9 0.9616 0.0384 
     CH.0LLM  9 0.8156 0.1844 
     CH.0LLU  9 0.7515 0.2485 
     CH.0LM0  9 0.9284 0.0716 
     CH.0LM3  9 0.9660 0.0340 
       W26MY  9 0.7933 0.2067 
       W26P6  9 0.9668 0.0332 
      HRV07U  9 0.9533 0.0467 
      HRV1CT  9 0.9877 0.0123 
      HRV1CU  9 0.9917 0.0083 
      HRV1E6  9 0.9830 0.0170 
      HRV081  9 0.9928 0.0072 
      HRV1E3  9 0.9729 0.0271 
      MSV21E  9 0.8265 0.1735 
      MSV216  9 0.9189 0.0811 
       M0TYK  9 0.9324 0.0676 
      MSV2AA  9 0.8947 0.1053 
     CK.0PET  9 0.7596 0.2404 
       M2E8C  9 0.9870 0.0130 
      MSV23X  9 0.8138 0.1862 
      MSV32A  9 0.8202 0.1798 
     AP.0838  9 0.9760 0.0240 
     AP.088F  9 0.8738 0.1262 
       h0014 10 0.9858 0.0142 
       h0024 10 0.9844 0.0156 
       h0034 10 0.8886 0.1114 
       h0044 10 0.7648 0.2352 
       h0054 10 0.7370 0.2630 
       h0064 10 0.9147 0.0853 
       h0074 10 0.9822 0.0178 
       h0084 10 0.9752 0.0248 
       h0094 10 0.9601 0.0399 
       h0104 10 0.8619 0.1381 
       h0114 10 0.8695 0.1305 
       h0124 10 0.8762 0.1238 
       h0134 10 0.9736 0.0264 
       h0144 10 0.8018 0.1982 
       h0154 10 0.8339 0.1661 
       h0164 10 0.9221 0.0779 
       h0174 10 0.8450 0.1550 
       h0184 10 0.9569 0.0431 
       h0194 10 0.9762 0.0238 
       h0204 10 0.9557 0.0443 
       h0214 10 0.9617 0.0383 
       h0224 10 0.8765 0.1235 
       h0234 10 0.8073 0.1927 
       h0244 10 0.9592 0.0408 
       h0254 10 0.8350 0.1650 
       h0264 10 0.8795 0.1205 
       h0274 10 0.7694 0.2306 
       h0284 10 0.9748 0.0252 
       h0294 10 0.9193 0.0807 
       h0304 10 0.9860 0.0140 
       h0314 10 0.9909 0.0091 
       h0324 10 0.9213 0.0787 
       h0334 10 0.8197 0.1803 
       h0344 10 0.8800 0.1200 
       h0354 10 0.8377 0.1623 
       h0364 10 0.7849 0.2151 
       h0374 10 0.9213 0.0787 
       h0384 10 0.8309 0.1691 
       h0394 10 0.8058 0.1942 
       h0404 10 0.8885 0.1115 
       h0414 10 0.9814 0.0186 
       h0424 10 0.9885 0.0115 
       h0434 10 0.8796 0.1204 
       h0444 10 0.7846 0.2154 
       h0454 10 0.9836 0.0164 
       h0464 10 0.8701 0.1299 
       h0474 10 0.7383 0.2617 
       h0484 10 0.7528 0.2472 
       h0494 10 0.8645 0.1355 
       h0504 10 0.9549 0.0451 
       h0514 10 0.8832 0.1168 
       h0524 10 0.9433 0.0567 
       h0534 10 0.8555 0.1445 
       h0544 10 0.9524 0.0476 
       h0554 10 0.9784 0.0216 
       h0564 10 0.9562 0.0438 
       h0574 10 0.8782 0.1218 
       h0584 10 0.9415 0.0585 
       h0594 10 0.8762 0.1238 
       h0604 10 0.9445 0.0555 
       h0614 10 0.9906 0.0094 
       h0624 10 0.8950 0.1050 
       h0634 10 0.7835 0.2165 
       h0644 10 0.8617 0.1383 
       h0654 10 0.8457 0.1543 
       h0664 10 0.7278 0.2722 
       h0674 10 0.8964 0.1036 
       h0684 10 0.8930 0.1070 
       h0694 10 0.9476 0.0524 
       h0704 10 0.9044 0.0956 
       h0714 10 0.9039 0.0961 
       h0724 10 0.9884 0.0116 
       h0734 10 0.7727 0.2273 
       h0744 10 0.9026 0.0974 
       h0754 10 0.9649 0.0351 
       h0764 10 0.8963 0.1037 
       h0774 10 0.9892 0.0108 
       h0784 10 0.8509 0.1491 
       h0794 10 0.9622 0.0378 
       h0804 10 0.8688 0.1312 
       h0814 10 0.7958 0.2042 
       h0824 10 0.9778 0.0222 
       h0834 10 0.8664 0.1336 
       h0844 10 0.9075 0.0925 
       h0854 10 0.7738 0.2262 
       h0864 10 0.8783 0.1217 
       h0874 10 0.8845 0.1155 
       h0884 10 0.9555 0.0445 
       h0894 10 0.9840 0.0160 
       h0904 10 0.9473 0.0527 
       h0914 10 0.9452 0.0548 
       h0924 10 0.9662 0.0338 
       h0934 10 0.8486 0.1514 
       h0944 10 0.8781 0.1219 
       h0954 10 0.9685 0.0315 
       h0964 10 0.9807 0.0193 
       h0974 10 0.9439 0.0561 
       h0984 10 0.7289 0.2711 
       h0994 10 0.9099 0.0901 
       h1004 10 0.8623 0.1377 
     AP.07M2 11 0.9568 0.0432 
      HRV05C 11 0.9833 0.0167 
      HRV077 11 0.9837 0.0163 
      HRV0A0 11 0.9925 0.0075 
      HRV0MC 11 0.9903 0.0097 
      HRV00P 11 0.9929 0.0071 
      HRV01J 11 0.9906 0.0094 
      HRV026 11 0.9893 0.0107 
      HRV02C 11 0.9936 0.0064 
      HRV031 11 0.9930 0.0070 
      HRV033 11 0.9929 0.0071 
      HRV05L 11 0.9930 0.0070 
      HRV06A 11 0.9915 0.0085 
      HRV07P 11 0.9930 0.0070 
      HRV0HC 11 0.9515 0.0485 
      HRV0HU 11 0.9787 0.0213 
      HRV0K1 11 0.9922 0.0078 
      HRV0M6 11 0.9696 0.0304 
      HRV0M7 11 0.9895 0.0105 
      HRV0MK 11 0.9931 0.0069 
      HRV1C7 11 0.9914 0.0086 
      HRV1EA 11 0.9693 0.0307 
       M147K 11 0.9940 0.0060 
      HRV008 11 0.9914 0.0086 
      HRV015 11 0.9864 0.0136 
      HRV01F 11 0.9782 0.0218 
      HRV01L 11 0.9919 0.0081 
      HRV01M 11 0.9895 0.0105 
      HRV020 11 0.9857 0.0143 
      HRV022 11 0.9757 0.0243 
      HRV02A 11 0.9811 0.0189 
      HRV02K 11 0.9757 0.0243 
      HRV04C 11 0.9914 0.0086 
      HRV05H 11 0.9823 0.0177 
      HRV076 11 0.9781 0.0219 
      HRV07H 11 0.9934 0.0066 
      HRV07X 11 0.9839 0.0161 
      HRV080 11 0.9922 0.0078 
      HRV086 11 0.9894 0.0106 
      HRV0H3 11 0.9895 0.0105 
      HRV0J3 11 0.9888 0.0112 
      HRV0JX 11 0.9814 0.0186 
      HRV0ML 11 0.9933 0.0067 
      HRV1E8 11 0.9909 0.0091 
      HRV007 11 0.9858 0.0142 
      HRV005 11 0.9867 0.0133 
      HRV05U 11 0.9921 0.0079 
      HRV01U 11 0.9913 0.0087 
     AP.07M1 11 0.9919 0.0081 
     AP.07ME 11 0.9851 0.0149 
     AP.0817 11 0.9909 0.0091 
     AP.0863 11 0.9744 0.0256 
     AP.087T 11 0.9664 0.0336 
     AP.088T 11 0.9934 0.0066 
     CH.0LM1 11 0.9880 0.0120 
       M05X5 11 0.9475 0.0525 
       M06JH 11 0.9436 0.0564 
       M0A6K 11 0.9889 0.0111 
       M0ETF 11 0.9920 0.0080 
       M0LUP 11 0.9867 0.0133 
       M16F1 11 0.9898 0.0102 
       M182M 11 0.9883 0.0117 
       M1CFL 11 0.9899 0.0101 
       M2AXY 11 0.9898 0.0102 
       M2AY2 11 0.9478 0.0522 
       M2CHP 11 0.9474 0.0526 
       W26LK 11 0.9913 0.0087 
       W26ME 11 0.9836 0.0164 
     AM.07FM 11 0.9935 0.0065 
     AM.07FP 11 0.9908 0.0092 
     AP.07M4 11 0.9936 0.0064 
     AP.07M7 11 0.9939 0.0061 
     AP.07M8 11 0.9899 0.0101 
     AP.07MA 11 0.9799 0.0201 
     AP.07MC 11 0.9923 0.0077 
     AP.07P8 11 0.9459 0.0541 
     AP.07U8 11 0.9879 0.0121 
     AP.081F 11 0.9888 0.0112 
     AP.081H 11 0.7220 0.2780 
     AP.0820 11 0.9797 0.0203 
     AP.0841 11 0.9304 0.0696 
     AP.0858 11 0.9863 0.0137 
     AP.085U 11 0.9624 0.0376 
     AP.085X 11 0.9917 0.0083 
     AP.0861 11 0.9885 0.0115 
     AP.0864 11 0.9933 0.0067 
     AP.086X 11 0.9922 0.0078 
     AP.0872 11 0.9916 0.0084 
     AP.0875 11 0.9443 0.0557 
     AP.087A 11 0.9914 0.0086 
     AP.087C 11 0.9845 0.0155 
     AP.087E 11 0.9920 0.0080 
     AP.087H 11 0.9923 0.0077 
     AP.087K 11 0.9864 0.0136 
     AP.087L 11 0.9905 0.0095 
     AP.087M 11 0.9887 0.0113 
     AP.087P 11 0.9889 0.0111 
     AP.087U 11 0.9523 0.0477 
     AP.087X 11 0.9671 0.0329 
     AP.0881 11 0.9831 0.0169 
     AP.0882 11 0.9903 0.0097 
     AP.0883 11 0.9708 0.0292 
     AP.0884 11 0.9927 0.0073 
     AP.0885 11 0.9880 0.0120 
     AP.0887 11 0.9884 0.0116 
     AP.0888 11 0.7374 0.2626 
     AP.088A 11 0.9908 0.0092 
     AP.088C 11 0.9595 0.0405 
     AP.088J 11 0.9843 0.0157 
     AP.088K 11 0.9857 0.0143 
     AP.088L 11 0.9918 0.0082 
     AP.088U 11 0.9914 0.0086 
     AP.088X 11 0.9853 0.0147 
     AP.08A0 11 0.9926 0.0074 
     AP.08A1 11 0.9888 0.0112 
     AP.08A3 11 0.9927 0.0073 
     AP.08A4 11 0.9159 0.0841 
     AP.08A5 11 0.9930 0.0070 
     AP.08A6 11 0.9845 0.0155 
     AP.08A8 11 0.9907 0.0093 
     AP.08AC 11 0.9833 0.0167 
     AP.08AH 11 0.9863 0.0137 
     AP.08AJ 11 0.9839 0.0161 
     AP.08AM 11 0.9902 0.0098 
     AP.08AT 11 0.9915 0.0085 
     AP.08AX 11 0.9923 0.0077 
     CH.0LLP 11 0.9873 0.0127 
     CH.0LM2 11 0.9870 0.0130 
     CH.0LM4 11 0.9926 0.0074 
     CH.0LM5 11 0.9904 0.0096 
       M0102 11 0.9904 0.0096 
       M023A 11 0.9930 0.0070 
       M03MM 11 0.9868 0.0132 
       M04PF 11 0.9918 0.0082 
       M04XH 11 0.9829 0.0171 
       M04XM 11 0.9909 0.0091 
       M0557 11 0.9782 0.0218 
       M055C 11 0.9537 0.0463 
       M05JC 11 0.9909 0.0091 
       M05PH 11 0.9870 0.0130 
       M05X6 11 0.9924 0.0076 
       M07TC 11 0.9838 0.0162 
       M0A66 11 0.9930 0.0070 
       M0EYT 11 0.9918 0.0082 
       M0FF2 11 0.9921 0.0079 
       M0HJ6 11 0.9837 0.0163 
      HRV0JL 11 0.9938 0.0062 
      HRV0JP 11 0.9913 0.0087 
      HRV0KA 11 0.9918 0.0082 
      HRV0LJ 11 0.9809 0.0191 
      HRV0LM 11 0.9894 0.0106 
      HRV0LP 11 0.9758 0.0242 
       M0HJ8 11 0.9919 0.0081 
       M0HM3 11 0.9917 0.0083 
       M0J1X 11 0.9916 0.0084 
       M0L32 11 0.9871 0.0129 
       M0L8F 11 0.9760 0.0240 
       M0LUH 11 0.9915 0.0085 
       M0XPJ 11 0.9912 0.0088 
       M0XTE 11 0.9847 0.0153 
       M157H 11 0.9907 0.0093 
       M16YU 11 0.9935 0.0065 
       M1751 11 0.9901 0.0099 
       M1C2H 11 0.9927 0.0073 
       M1E60 11 0.9934 0.0066 
       M1EKX 11 0.9922 0.0078 
       M1EKY 11 0.9929 0.0071 
       M1EL3 11 0.9845 0.0155 
       M1ELC 11 0.9881 0.0119 
       M1ELE 11 0.9924 0.0076 
       M2AY0 11 0.9810 0.0190 
       M2AY4 11 0.9905 0.0095 
       M2AY5 11 0.9897 0.0103 
       M2AY8 11 0.8956 0.1044 
       M2C3A 11 0.9910 0.0090 
       M2C3F 11 0.9896 0.0104 
      HRV0ME 11 0.9856 0.0144 
       M2CHJ 11 0.9724 0.0276 
       M2CHM 11 0.9606 0.0394 
       M2CHY 11 0.9864 0.0136 
       W23E8 11 0.9916 0.0084 
       W23EM 11 0.9868 0.0132 
       W23EX 11 0.9897 0.0103 
       W23F0 11 0.9880 0.0120 
       W26L5 11 0.9486 0.0514 
       W26LM 11 0.9060 0.0940 
       W26MJ 11 0.8697 0.1303 
       W26ML 11 0.9915 0.0085 
       W26MT 11 0.9928 0.0072 
       W26PE 11 0.9067 0.0933 
       W26PJ 11 0.8850 0.1150 
       W26PT 11 0.9923 0.0077 
       W26PX 11 0.9744 0.0256 
       W26T0 11 0.9877 0.0123 
       W26TC 11 0.9936 0.0064 
       W26TJ 11 0.9420 0.0580 
       W26UE 11 0.9886 0.0114 
       W26UF 11 0.9920 0.0080 
       W26UL 11 0.9714 0.0286 
       W26X2 11 0.9868 0.0132 
       W2716 11 0.9594 0.0406 
      HRV1C6 11 0.9931 0.0069 
      HRV1CX 11 0.9709 0.0291 
      HRV1E2 11 0.9926 0.0074 
      HRV1E4 11 0.9935 0.0065 
      HRV1E5 11 0.9933 0.0067 
      HRV1EC 11 0.9896 0.0104 
      HRV1EK 11 0.9756 0.0244 
      HRV001 11 0.9908 0.0092 
      HRV00H 11 0.9907 0.0093 
      HRV00K 11 0.9901 0.0099 
      HRV01X 11 0.9902 0.0098 
      HRV025 11 0.9842 0.0158 
      HRV028 11 0.9903 0.0097 
      HRV041 11 0.9917 0.0083 
      HRV04F 11 0.9916 0.0084 
      HRV04L 11 0.9927 0.0073 
      HRV055 11 0.9932 0.0068 
      HRV05J 11 0.9922 0.0078 
      HRV07J 11 0.9929 0.0071 
      HRV07K 11 0.9746 0.0254 
      HRV07L 11 0.9576 0.0424 
      HRV07M 11 0.9926 0.0074 
      HRV0HM 11 0.9563 0.0437 
      HRV0J2 11 0.9925 0.0075 
      HRV0K3 11 0.9920 0.0080 
      HRV0KE 11 0.9923 0.0077 
      HRV0KF 11 0.9809 0.0191 
      HRV0KU 11 0.9754 0.0246 
      HRV0L6 11 0.9927 0.0073 
      HRV0M2 11 0.9844 0.0156 
      HRV0MF 11 0.9915 0.0085 
      HRV0MJ 11 0.9778 0.0222 
      HRV1AT 11 0.9912 0.0088 
      HRV1C1 11 0.9909 0.0091 
      HRV1CL 11 0.9886 0.0114 
      HRV1E1 11 0.9897 0.0103 
      HRV1E7 11 0.9921 0.0079 
      HRV1EE 11 0.9927 0.0073 
      HRV1ET 11 0.9926 0.0074 
      h00111 12 0.9905 0.0095 
      h00211 12 0.9925 0.0075 
      h00311 12 0.9883 0.0117 
      h00411 12 0.9665 0.0335 
      h00511 12 0.9861 0.0139 
      h00611 12 0.9922 0.0078 
      h00711 12 0.9846 0.0154 
      h00811 12 0.9611 0.0389 
      h00911 12 0.9774 0.0226 
      h01011 12 0.9922 0.0078 
      h01111 12 0.9873 0.0127 
      h01211 12 0.9880 0.0120 
      h01311 12 0.9913 0.0087 
      h01411 12 0.9916 0.0084 
      h01511 12 0.9775 0.0225 
      h01611 12 0.9917 0.0083 
      h01711 12 0.9807 0.0193 
      h01811 12 0.9921 0.0079 
      h01911 12 0.9919 0.0081 
      h02011 12 0.9832 0.0168 
      h02111 12 0.9916 0.0084 
      h02211 12 0.9876 0.0124 
      h02311 12 0.9900 0.0100 
      h02411 12 0.9876 0.0124 
      h02511 12 0.9616 0.0384 
      h02611 12 0.9894 0.0106 
      h02711 12 0.9915 0.0085 
      h02811 12 0.9756 0.0244 
      h02911 12 0.9788 0.0212 
      h03011 12 0.9772 0.0228 
      h03111 12 0.9946 0.0054 
      h03211 12 0.9917 0.0083 
      h03311 12 0.9904 0.0096 
      h03411 12 0.9912 0.0088 
      h03511 12 0.9910 0.0090 
      h03611 12 0.9915 0.0085 
      h03711 12 0.9873 0.0127 
      h03811 12 0.9937 0.0063 
      h03911 12 0.9879 0.0121 
      h04011 12 0.9840 0.0160 
      h04111 12 0.9926 0.0074 
      h04211 12 0.9737 0.0263 
      h04311 12 0.9901 0.0099 
      h04411 12 0.9940 0.0060 
      h04511 12 0.9737 0.0263 
      h04611 12 0.9885 0.0115 
      h04711 12 0.9916 0.0084 
      h04811 12 0.9910 0.0090 
      h04911 12 0.9904 0.0096 
      h05011 12 0.9924 0.0076 
      h05111 12 0.9868 0.0132 
      h05211 12 0.9853 0.0147 
      h05311 12 0.9884 0.0116 
      h05411 12 0.9839 0.0161 
      h05511 12 0.9859 0.0141 
      h05611 12 0.9830 0.0170 
      h05711 12 0.9851 0.0149 
      h05811 12 0.9711 0.0289 
      h05911 12 0.9932 0.0068 
      h06011 12 0.9897 0.0103 
      h06111 12 0.9856 0.0144 
      h06211 12 0.9904 0.0096 
      h06311 12 0.9862 0.0138 
      h06411 12 0.9943 0.0057 
      h06511 12 0.9876 0.0124 
      h06611 12 0.9858 0.0142 
      h06711 12 0.8908 0.1092 
      h06811 12 0.9718 0.0282 
      h06911 12 0.9882 0.0118 
      h07011 12 0.9924 0.0076 
      h07111 12 0.9902 0.0098 
      h07211 12 0.9820 0.0180 
      h07311 12 0.9915 0.0085 
      h07411 12 0.9894 0.0106 
      h07511 12 0.9909 0.0091 
      h07611 12 0.9890 0.0110 
      h07711 12 0.9930 0.0070 
      h07811 12 0.9003 0.0997 
      h07911 12 0.9719 0.0281 
      h08011 12 0.9904 0.0096 
      h08111 12 0.9919 0.0081 
      h08211 12 0.9874 0.0126 
      h08311 12 0.9884 0.0116 
      h08411 12 0.9898 0.0102 
      h08511 12 0.9873 0.0127 
      h08611 12 0.9917 0.0083 
      h08711 12 0.9730 0.0270 
      h08811 12 0.9900 0.0100 
      h08911 12 0.9891 0.0109 
      h09011 12 0.9891 0.0109 
      h09111 12 0.9533 0.0467 
      h09211 12 0.9884 0.0116 
      h09311 12 0.9853 0.0147 
      h09411 12 0.9911 0.0089 
      h09511 12 0.9914 0.0086 
      h09611 12 0.9912 0.0088 
      h09711 12 0.9905 0.0095 
      h09811 12 0.9891 0.0109 
      h09911 12 0.9875 0.0125 
      h10011 12 0.9851 0.0149 
       h1011 12 0.9875 0.0125 
       h1021 12 0.9666 0.0334 
       h1031 12 0.9937 0.0063 
       h1041 12 0.9818 0.0182 
       h1051 12 0.9891 0.0109 
       h1061 12 0.9933 0.0067 
       h1071 12 0.9925 0.0075 
       h1081 12 0.9509 0.0491 
       h1091 12 0.9869 0.0131 
       h1101 12 0.9863 0.0137 
       h1111 12 0.9888 0.0112 
       h1121 12 0.9917 0.0083 
       h1131 12 0.9838 0.0162 
       h1141 12 0.9918 0.0082 
       h1151 12 0.9901 0.0099 
       h1161 12 0.9927 0.0073 
       h1171 12 0.9868 0.0132 
       h1181 12 0.9910 0.0090 
       h1191 12 0.9861 0.0139 
       h1201 12 0.9669 0.0331 
       h1211 12 0.9856 0.0144 
       h1221 12 0.9881 0.0119 
       h1231 12 0.9918 0.0082 
       h1241 12 0.9732 0.0268 
       h1251 12 0.9921 0.0079 
       h1261 12 0.9911 0.0089 
       h1271 12 0.9929 0.0071 
       h1281 12 0.9816 0.0184 
       h1291 12 0.9919 0.0081 
       h1301 12 0.9808 0.0192 
       h1311 12 0.9816 0.0184 
       h1321 12 0.9912 0.0088 
       h1331 12 0.9643 0.0357 
       h1341 12 0.9844 0.0156 
       h1351 12 0.9811 0.0189 
       h1361 12 0.9933 0.0067 
       h1371 12 0.9793 0.0207 
       h1381 12 0.9915 0.0085 
       h1391 12 0.9903 0.0097 
       h1401 12 0.9890 0.0110 
       h1411 12 0.9866 0.0134 
       h1421 12 0.9873 0.0127 
       h1431 12 0.9824 0.0176 
       h1441 12 0.9839 0.0161 
       h1451 12 0.9821 0.0179 
       h1461 12 0.9780 0.0220 
       h1471 12 0.9908 0.0092 
       h1481 12 0.9920 0.0080 
       h1491 12 0.9674 0.0326 
       h1501 12 0.9879 0.0121 
       h1511 12 0.9895 0.0105 
       h1521 12 0.9889 0.0111 
       h1531 12 0.9869 0.0131 
       h1541 12 0.9916 0.0084 
       h1551 12 0.9916 0.0084 
       h1561 12 0.9912 0.0088 
       h1571 12 0.9902 0.0098 
       h1581 12 0.9782 0.0218 
       h1591 12 0.9618 0.0382 
       h1601 12 0.9706 0.0294 
       h1611 12 0.9915 0.0085 
       h1621 12 0.9931 0.0069 
       h1631 12 0.9733 0.0267 
       h1641 12 0.9935 0.0065 
       h1651 12 0.9742 0.0258 
       h1661 12 0.9907 0.0093 
       h1671 12 0.9830 0.0170 
       h1681 12 0.9855 0.0145 
       h1691 12 0.9913 0.0087 
       h1701 12 0.9923 0.0077 
       h1711 12 0.9726 0.0274 
       h1721 12 0.9826 0.0174 
       h1731 12 0.9841 0.0159 
       h1741 12 0.9855 0.0145 
       h1751 12 0.9853 0.0147 
       h1761 12 0.9927 0.0073 
       h1771 12 0.9915 0.0085 
       h1781 12 0.9777 0.0223 
       h1791 12 0.9912 0.0088 
       h1801 12 0.9837 0.0163 
       h1811 12 0.9867 0.0133 
       h1821 12 0.9927 0.0073 
       h1831 12 0.9878 0.0122 
       h1841 12 0.9902 0.0098 
       h1851 12 0.9911 0.0089 
       h1861 12 0.9623 0.0377 
       h1871 12 0.9847 0.0153 
       h1881 12 0.9842 0.0158 
       h1891 12 0.9588 0.0412 
       h1901 12 0.9895 0.0105 
       h1911 12 0.9866 0.0134 
       h1921 12 0.9408 0.0592 
       h1931 12 0.9881 0.0119 
       h1941 12 0.9909 0.0091 
       h1951 12 0.9482 0.0518 
       h1961 12 0.9918 0.0082 
       h1971 12 0.9854 0.0146 
       h1981 12 0.9903 0.0097 
       h1991 12 0.9919 0.0081 
       h2001 12 0.9878 0.0122 
       h2011 12 0.9765 0.0235 
       h2021 12 0.9917 0.0083 
       h2031 12 0.9898 0.0102 
       h2041 12 0.9904 0.0096 
       h2051 12 0.9914 0.0086 
       h2061 12 0.9920 0.0080 
       h2071 12 0.9869 0.0131 
       h2081 12 0.9917 0.0083 
       h2091 12 0.9921 0.0079 
       h2101 12 0.9883 0.0117 
       h2111 12 0.9796 0.0204 
       h2121 12 0.9929 0.0071 
       h2131 12 0.9900 0.0100 
       h2141 12 0.9882 0.0118 
       h2151 12 0.9906 0.0094 
       h2161 12 0.9919 0.0081 
       h2171 12 0.9891 0.0109 
       h2181 12 0.9928 0.0072 
       h2191 12 0.9709 0.0291 
       h2201 12 0.9892 0.0108 
       h2211 12 0.9876 0.0124 
       h2221 12 0.9917 0.0083 
       h2231 12 0.9927 0.0073 
       h2241 12 0.9894 0.0106 
       h2251 12 0.9934 0.0066 
       h2261 12 0.9915 0.0085 
       h2271 12 0.9885 0.0115 
       h2281 12 0.9873 0.0127 
       h2291 12 0.9824 0.0176 
       h2301 12 0.9845 0.0155 
       h2311 12 0.9885 0.0115 
       h2321 12 0.9883 0.0117 
       h2331 12 0.9929 0.0071 
       h2341 12 0.9885 0.0115 
       h2351 12 0.9890 0.0110 
       h2361 12 0.9884 0.0116 
       h2371 12 0.9904 0.0096 
       h2381 12 0.9862 0.0138 
       h2391 12 0.9853 0.0147 
       h2401 12 0.9892 0.0108 
       h2411 12 0.9915 0.0085 
       h2421 12 0.9907 0.0093 
       h2431 12 0.9937 0.0063 
       h2441 12 0.9837 0.0163 
       h2451 12 0.9859 0.0141 
       h2461 12 0.9873 0.0127 
       h2471 12 0.9889 0.0111 
       h2481 12 0.9908 0.0092 
       h2491 12 0.9891 0.0109 
       h2501 12 0.9824 0.0176 
       h2511 12 0.9874 0.0126 
       h2521 12 0.9445 0.0555 
       h2531 12 0.9712 0.0288 
       h2541 12 0.9826 0.0174 
       h2551 12 0.9905 0.0095 
       h2561 12 0.9464 0.0536 
       h2571 12 0.9925 0.0075 
       h2581 12 0.9944 0.0056 
       h2591 12 0.9878 0.0122 
       h2601 12 0.9858 0.0142 
