

----------------------------------------------------
STRUCTURE by Pritchard, Stephens and Donnelly (2000)
     and Falush, Stephens and Pritchard (2003)
       Code by Pritchard, Falush and Hubisz
             Version 2.3.4 (Jul 2012)
----------------------------------------------------



Command line arguments:   /home/eva.pavlovic/Structure/structure -m parameter_job_4a2_6_3 
Input File:    /home/eva.pavlovic/data_job_4a2_6_3

Run parameters:
   1550 individuals
   20 loci
   2 populations assumed
   300000 Burn-in period
   3000000 Reps


--------------------------------------------
Proportion of membership of each pre-defined
 population in each of the 2 clusters

Given    Inferred Clusters       Number of
 Pop       1      2             Individuals

  1:     0.018  0.982             100
  2:     0.019  0.981             400
  3:     0.119  0.881             100
  4:     0.251  0.749             100
  5:     0.550  0.450               6
  6:     0.493  0.507             100
  7:     0.817  0.183               2
  8:     0.761  0.239             100
  9:     0.882  0.118              42
 10:     0.896  0.104             100
 11:     0.981  0.019             240
 12:     0.985  0.015             260
--------------------------------------------

Allele-freq. divergence among pops (Net nucleotide distance),
computed using point estimates of P.

      1       2      
 1      -    0.1009  
 2   0.1009     -    

Average distances (expected heterozygosity) between individuals in same cluster:
cluster  1  : 0.7354 
cluster  2  : 0.7853 

--------------------------------------------
Estimated Ln Prob of Data   = -115684.4
Mean value of ln likelihood = -115277.0
Variance of ln likelihood   = 814.8
Mean value of alpha         = 0.1483

Mean value of Fst_1         = 0.1744
Mean value of Fst_2         = 0.0415


Inferred ancestry of individuals:
        Label (%Miss) Pop:  Inferred clusters
  1    M1EL5    (5)    1 :  0.016 0.984 
  2    W26T6    (5)    1 :  0.033 0.967 
  3    W26XX    (5)    1 :  0.011 0.989 
  4    M013P    (0)    1 :  0.008 0.992 
  5    M1ELA    (0)    1 :  0.037 0.963 
  6    M2C73    (0)    1 :  0.015 0.985 
  7    W23P4    (0)    1 :  0.127 0.873 
  8    W247C    (5)    1 :  0.010 0.990 
  9    W24K1    (0)    1 :  0.009 0.991 
 10    W24ME    (0)    1 :  0.051 0.949 
 11    W2514    (0)    1 :  0.020 0.980 
 12    W26MA    (0)    1 :  0.021 0.979 
 13    W26MM    (0)    1 :  0.010 0.990 
 14    W26MU    (0)    1 :  0.016 0.984 
 15    W26P0    (0)    1 :  0.016 0.984 
 16    W26P3    (0)    1 :  0.007 0.993 
 17    W26T5    (0)    1 :  0.009 0.991 
 18    W26TE    (0)    1 :  0.019 0.981 
 19    W26TF    (0)    1 :  0.009 0.991 
 20    W26U8    (0)    1 :  0.040 0.960 
 21    W26UJ    (0)    1 :  0.009 0.991 
 22    W26UK    (0)    1 :  0.007 0.993 
 23    W26UT    (0)    1 :  0.007 0.993 
 24    W26XT    (0)    1 :  0.009 0.991 
 25   CC06H2    (0)    1 :  0.040 0.960 
 26   CC06H4    (0)    1 :  0.011 0.989 
 27   CC06H5    (5)    1 :  0.060 0.940 
 28   CC06H6    (0)    1 :  0.016 0.984 
 29   CC06HE    (0)    1 :  0.009 0.991 
 30   CC06HF    (0)    1 :  0.040 0.960 
 31   CC06HH    (0)    1 :  0.010 0.990 
 32   CC06HJ    (0)    1 :  0.015 0.985 
 33   CC06HL    (0)    1 :  0.007 0.993 
 34   CC06HP    (0)    1 :  0.008 0.992 
 35   CC06HT    (0)    1 :  0.028 0.972 
 36   CC06HU    (0)    1 :  0.018 0.982 
 37   CC06HY    (0)    1 :  0.021 0.979 
 38   CC06J0    (0)    1 :  0.013 0.987 
 39   CC06J1    (0)    1 :  0.039 0.961 
 40   CC06J2    (0)    1 :  0.014 0.986 
 41  CT.0YCY    (0)    1 :  0.013 0.987 
 42  CT.0YEC    (0)    1 :  0.007 0.993 
 43  CT.0YEF    (0)    1 :  0.013 0.987 
 44  CT.0YEU    (0)    1 :  0.008 0.992 
 45  CT.0YF2    (5)    1 :  0.026 0.974 
 46  CT.0YF8    (0)    1 :  0.009 0.991 
 47  CT.0YFA    (0)    1 :  0.017 0.983 
 48  CT.0YFE    (0)    1 :  0.019 0.981 
 49  CT.0YFP    (0)    1 :  0.013 0.987 
 50  CT.0YFU    (0)    1 :  0.013 0.987 
 51  CT.0YK7    (0)    1 :  0.018 0.982 
 52  CX.10PT    (0)    1 :  0.042 0.958 
 53   DAM021    (0)    1 :  0.013 0.987 
 54   DAM034    (0)    1 :  0.017 0.983 
 55   DAM07X    (0)    1 :  0.016 0.984 
 56  EF.15J6    (0)    1 :  0.010 0.990 
 57   HRV010   (10)    1 :  0.011 0.989 
 58   HRV02J    (5)    1 :  0.018 0.982 
 59   HRV078    (0)    1 :  0.013 0.987 
 60   HRV0FH    (0)    1 :  0.012 0.988 
 61   HRV0H5    (0)    1 :  0.016 0.984 
 62   HRV0JF    (0)    1 :  0.019 0.981 
 63   HRV0JJ    (0)    1 :  0.019 0.981 
 64   HRV0JM    (0)    1 :  0.015 0.985 
 65   HRV0K6    (0)    1 :  0.033 0.967 
 66   HRV0K7    (0)    1 :  0.011 0.989 
 67   HRV0KP    (5)    1 :  0.017 0.983 
 68   HRV1AX    (0)    1 :  0.025 0.975 
 69   HRV1C4    (0)    1 :  0.024 0.976 
 70   HRV1CH    (0)    1 :  0.016 0.984 
 71   HRV1FA    (5)    1 :  0.018 0.982 
 72   HRV1FK    (0)    1 :  0.016 0.984 
 73   HRV1H8    (5)    1 :  0.013 0.987 
 74   HRV1HT   (10)    1 :  0.016 0.984 
 75   HRV1XU   (10)    1 :  0.013 0.987 
 76   HRV4TF    (0)    1 :  0.010 0.990 
 77   HRV6F0   (10)    1 :  0.012 0.988 
 78   HRVE6L    (0)    1 :  0.016 0.984 
 79    M27HM    (5)    1 :  0.025 0.975 
 80    M27HP    (0)    1 :  0.009 0.991 
 81    M2AK4    (0)    1 :  0.009 0.991 
 82    M2ALA    (0)    1 :  0.009 0.991 
 83    M2C56    (0)    1 :  0.014 0.986 
 84    M2CUX    (0)    1 :  0.049 0.951 
 85    M2E24    (0)    1 :  0.009 0.991 
 86    M2EA7    (5)    1 :  0.011 0.989 
 87    M2EH6    (0)    1 :  0.010 0.990 
 88    M2EKC    (0)    1 :  0.065 0.935 
 89   MSV083    (0)    1 :  0.012 0.988 
 90   MSV084    (0)    1 :  0.015 0.985 
 91   MSV0LJ    (0)    1 :  0.016 0.984 
 92   MSV1H5    (0)    1 :  0.021 0.979 
 93   MSV1KM    (0)    1 :  0.009 0.991 
 94   MSV23F    (5)    1 :  0.011 0.989 
 95   MSV2L8    (0)    1 :  0.012 0.988 
 96   MSV2P7    (5)    1 :  0.009 0.991 
 97   MSV2TJ    (0)    1 :  0.022 0.978 
 98   MSV2XM    (0)    1 :  0.015 0.985 
 99   MSV327    (5)    1 :  0.012 0.988 
100   MSV33L    (5)    1 :  0.009 0.991 
101    h0015    (0)    2 :  0.010 0.990 
102    h0025    (0)    2 :  0.036 0.964 
103    h0035    (0)    2 :  0.013 0.987 
104    h0045    (0)    2 :  0.044 0.956 
105    h0055    (0)    2 :  0.030 0.970 
106    h0065    (0)    2 :  0.009 0.991 
107    h0075    (0)    2 :  0.043 0.957 
108    h0085    (0)    2 :  0.016 0.984 
109    h0095    (0)    2 :  0.018 0.982 
110    h0105    (0)    2 :  0.014 0.986 
111    h0115    (0)    2 :  0.017 0.983 
112    h0125    (0)    2 :  0.007 0.993 
113    h0135    (0)    2 :  0.007 0.993 
114    h0145    (0)    2 :  0.014 0.986 
115    h0155    (0)    2 :  0.010 0.990 
116    h0165    (0)    2 :  0.011 0.989 
117    h0175    (0)    2 :  0.006 0.994 
118    h0185    (0)    2 :  0.020 0.980 
119    h0195    (0)    2 :  0.012 0.988 
120    h0205    (0)    2 :  0.016 0.984 
121    h0215    (0)    2 :  0.007 0.993 
122    h0225    (0)    2 :  0.015 0.985 
123    h0235    (0)    2 :  0.009 0.991 
124    h0245    (0)    2 :  0.009 0.991 
125    h0255    (0)    2 :  0.008 0.992 
126    h0265    (0)    2 :  0.016 0.984 
127    h0275    (0)    2 :  0.012 0.988 
128    h0285    (0)    2 :  0.011 0.989 
129    h0295    (0)    2 :  0.015 0.985 
130    h0305    (0)    2 :  0.008 0.992 
131    h0315    (0)    2 :  0.020 0.980 
132    h0325    (0)    2 :  0.017 0.983 
133    h0335    (0)    2 :  0.046 0.954 
134    h0345    (0)    2 :  0.010 0.990 
135    h0355    (0)    2 :  0.017 0.983 
136    h0365    (0)    2 :  0.051 0.949 
137    h0375    (0)    2 :  0.009 0.991 
138    h0385    (0)    2 :  0.012 0.988 
139    h0395    (0)    2 :  0.035 0.965 
140    h0405    (0)    2 :  0.011 0.989 
141    h0415    (0)    2 :  0.014 0.986 
142    h0425    (0)    2 :  0.017 0.983 
143    h0435    (0)    2 :  0.010 0.990 
144    h0445    (0)    2 :  0.016 0.984 
145    h0455    (0)    2 :  0.013 0.987 
146    h0465    (0)    2 :  0.107 0.893 
147    h0475    (0)    2 :  0.009 0.991 
148    h0485    (0)    2 :  0.067 0.933 
149    h0495    (0)    2 :  0.021 0.979 
150    h0505    (0)    2 :  0.014 0.986 
151    h0515    (0)    2 :  0.034 0.966 
152    h0525    (0)    2 :  0.010 0.990 
153    h0535    (0)    2 :  0.028 0.972 
154    h0545    (0)    2 :  0.007 0.993 
155    h0555    (0)    2 :  0.019 0.981 
156    h0565    (0)    2 :  0.011 0.989 
157    h0575    (0)    2 :  0.009 0.991 
158    h0585    (0)    2 :  0.015 0.985 
159    h0595    (0)    2 :  0.011 0.989 
160    h0605    (0)    2 :  0.019 0.981 
161    h0615    (0)    2 :  0.024 0.976 
162    h0625    (0)    2 :  0.050 0.950 
163    h0635    (0)    2 :  0.009 0.991 
164    h0645    (0)    2 :  0.009 0.991 
165    h0655    (0)    2 :  0.016 0.984 
166    h0665    (0)    2 :  0.008 0.992 
167    h0675    (0)    2 :  0.020 0.980 
168    h0685    (0)    2 :  0.017 0.983 
169    h0695    (0)    2 :  0.016 0.984 
170    h0705    (0)    2 :  0.012 0.988 
171    h0715    (0)    2 :  0.011 0.989 
172    h0725    (0)    2 :  0.010 0.990 
173    h0735    (0)    2 :  0.030 0.970 
174    h0745    (0)    2 :  0.012 0.988 
175    h0755    (0)    2 :  0.039 0.961 
176    h0765    (0)    2 :  0.031 0.969 
177    h0775    (0)    2 :  0.011 0.989 
178    h0785    (0)    2 :  0.008 0.992 
179    h0795    (0)    2 :  0.016 0.984 
180    h0805    (0)    2 :  0.015 0.985 
181    h0815    (0)    2 :  0.008 0.992 
182    h0825    (0)    2 :  0.013 0.987 
183    h0835    (0)    2 :  0.013 0.987 
184    h0845    (0)    2 :  0.022 0.978 
185    h0855    (0)    2 :  0.011 0.989 
186    h0865    (0)    2 :  0.025 0.975 
187    h0875    (0)    2 :  0.012 0.988 
188    h0885    (0)    2 :  0.007 0.993 
189    h0895    (0)    2 :  0.013 0.987 
190    h0905    (0)    2 :  0.010 0.990 
191    h0915    (0)    2 :  0.008 0.992 
192    h0925    (0)    2 :  0.013 0.987 
193    h0935    (0)    2 :  0.020 0.980 
194    h0945    (0)    2 :  0.009 0.991 
195    h0955    (0)    2 :  0.010 0.990 
196    h0965    (0)    2 :  0.061 0.939 
197    h0975    (0)    2 :  0.026 0.974 
198    h0985    (0)    2 :  0.011 0.989 
199    h0995    (0)    2 :  0.013 0.987 
200    h1005    (0)    2 :  0.013 0.987 
201     h101    (0)    2 :  0.011 0.989 
202     h102    (0)    2 :  0.018 0.982 
203     h103    (0)    2 :  0.036 0.964 
204     h104    (0)    2 :  0.020 0.980 
205     h105    (0)    2 :  0.010 0.990 
206     h106    (0)    2 :  0.016 0.984 
207     h107    (0)    2 :  0.042 0.958 
208     h108    (0)    2 :  0.011 0.989 
209     h109    (0)    2 :  0.033 0.967 
210     h110    (0)    2 :  0.012 0.988 
211     h111    (0)    2 :  0.013 0.987 
212     h112    (0)    2 :  0.017 0.983 
213     h113    (0)    2 :  0.011 0.989 
214     h114    (0)    2 :  0.008 0.992 
215     h115    (0)    2 :  0.010 0.990 
216     h116    (0)    2 :  0.009 0.991 
217     h117    (0)    2 :  0.010 0.990 
218     h118    (0)    2 :  0.035 0.965 
219     h119    (0)    2 :  0.035 0.965 
220     h120    (0)    2 :  0.011 0.989 
221     h121    (0)    2 :  0.014 0.986 
222     h122    (0)    2 :  0.020 0.980 
223     h123    (0)    2 :  0.010 0.990 
224     h124    (0)    2 :  0.138 0.862 
225     h125    (0)    2 :  0.008 0.992 
226     h126    (0)    2 :  0.019 0.981 
227     h127    (0)    2 :  0.041 0.959 
228     h128    (0)    2 :  0.010 0.990 
229     h129    (0)    2 :  0.017 0.983 
230     h130    (0)    2 :  0.034 0.966 
231     h131    (0)    2 :  0.012 0.988 
232     h132    (0)    2 :  0.037 0.963 
233     h133    (0)    2 :  0.021 0.979 
234     h134    (0)    2 :  0.014 0.986 
235     h135    (0)    2 :  0.027 0.973 
236     h136    (0)    2 :  0.008 0.992 
237     h137    (0)    2 :  0.085 0.915 
238     h138    (0)    2 :  0.008 0.992 
239     h139    (0)    2 :  0.018 0.982 
240     h140    (0)    2 :  0.027 0.973 
241     h141    (0)    2 :  0.009 0.991 
242     h142    (0)    2 :  0.011 0.989 
243     h143    (0)    2 :  0.011 0.989 
244     h144    (0)    2 :  0.026 0.974 
245     h145    (0)    2 :  0.044 0.956 
246     h146    (0)    2 :  0.007 0.993 
247     h147    (0)    2 :  0.037 0.963 
248     h148    (0)    2 :  0.053 0.947 
249     h149    (0)    2 :  0.057 0.943 
250     h150    (0)    2 :  0.019 0.981 
251     h151    (0)    2 :  0.010 0.990 
252     h152    (0)    2 :  0.019 0.981 
253     h153    (0)    2 :  0.009 0.991 
254     h154    (0)    2 :  0.035 0.965 
255     h155    (0)    2 :  0.018 0.982 
256     h156    (0)    2 :  0.021 0.979 
257     h157    (0)    2 :  0.037 0.963 
258     h158    (0)    2 :  0.009 0.991 
259     h159    (0)    2 :  0.011 0.989 
260     h160    (0)    2 :  0.012 0.988 
261     h161    (0)    2 :  0.068 0.932 
262     h162    (0)    2 :  0.019 0.981 
263     h163    (0)    2 :  0.011 0.989 
264     h164    (0)    2 :  0.007 0.993 
265     h165    (0)    2 :  0.015 0.985 
266     h166    (0)    2 :  0.009 0.991 
267     h167    (0)    2 :  0.012 0.988 
268     h168    (0)    2 :  0.018 0.982 
269     h169    (0)    2 :  0.016 0.984 
270     h170    (0)    2 :  0.021 0.979 
271     h171    (0)    2 :  0.017 0.983 
272     h172    (0)    2 :  0.011 0.989 
273     h173    (0)    2 :  0.023 0.977 
274     h174    (0)    2 :  0.008 0.992 
275     h175    (0)    2 :  0.053 0.947 
276     h176    (0)    2 :  0.028 0.972 
277     h177    (0)    2 :  0.014 0.986 
278     h178    (0)    2 :  0.023 0.977 
279     h179    (0)    2 :  0.030 0.970 
280     h180    (0)    2 :  0.012 0.988 
281     h181    (0)    2 :  0.029 0.971 
282     h182    (0)    2 :  0.011 0.989 
283     h183    (0)    2 :  0.010 0.990 
284     h184    (0)    2 :  0.008 0.992 
285     h185    (0)    2 :  0.012 0.988 
286     h186    (0)    2 :  0.007 0.993 
287     h187    (0)    2 :  0.017 0.983 
288     h188    (0)    2 :  0.009 0.991 
289     h189    (0)    2 :  0.009 0.991 
290     h190    (0)    2 :  0.009 0.991 
291     h191    (0)    2 :  0.009 0.991 
292     h192    (0)    2 :  0.010 0.990 
293     h193    (0)    2 :  0.014 0.986 
294     h194    (0)    2 :  0.019 0.981 
295     h195    (0)    2 :  0.012 0.988 
296     h196    (0)    2 :  0.010 0.990 
297     h197    (0)    2 :  0.011 0.989 
298     h198    (0)    2 :  0.010 0.990 
299     h199    (0)    2 :  0.011 0.989 
300     h200    (0)    2 :  0.013 0.987 
301     h201    (0)    2 :  0.027 0.973 
302     h202    (0)    2 :  0.015 0.985 
303     h203    (0)    2 :  0.012 0.988 
304     h204    (0)    2 :  0.009 0.991 
305     h205    (0)    2 :  0.008 0.992 
306     h206    (0)    2 :  0.013 0.987 
307     h207    (0)    2 :  0.007 0.993 
308     h208    (0)    2 :  0.012 0.988 
309     h209    (0)    2 :  0.067 0.933 
310     h210    (0)    2 :  0.014 0.986 
311     h211    (0)    2 :  0.008 0.992 
312     h212    (0)    2 :  0.019 0.981 
313     h213    (0)    2 :  0.009 0.991 
314     h214    (0)    2 :  0.014 0.986 
315     h215    (0)    2 :  0.012 0.988 
316     h216    (0)    2 :  0.008 0.992 
317     h217    (0)    2 :  0.018 0.982 
318     h218    (0)    2 :  0.010 0.990 
319     h219    (0)    2 :  0.029 0.971 
320     h220    (0)    2 :  0.028 0.972 
321     h221    (0)    2 :  0.042 0.958 
322     h222    (0)    2 :  0.011 0.989 
323     h223    (0)    2 :  0.011 0.989 
324     h224    (0)    2 :  0.032 0.968 
325     h225    (0)    2 :  0.010 0.990 
326     h226    (0)    2 :  0.015 0.985 
327     h227    (0)    2 :  0.019 0.981 
328     h228    (0)    2 :  0.018 0.982 
329     h229    (0)    2 :  0.062 0.938 
330     h230    (0)    2 :  0.008 0.992 
331     h231    (0)    2 :  0.022 0.978 
332     h232    (0)    2 :  0.029 0.971 
333     h233    (0)    2 :  0.081 0.919 
334     h234    (0)    2 :  0.014 0.986 
335     h235    (0)    2 :  0.008 0.992 
336     h236    (0)    2 :  0.008 0.992 
337     h237    (0)    2 :  0.007 0.993 
338     h238    (0)    2 :  0.007 0.993 
339     h239    (0)    2 :  0.012 0.988 
340     h240    (0)    2 :  0.016 0.984 
341     h241    (0)    2 :  0.011 0.989 
342     h242    (0)    2 :  0.021 0.979 
343     h243    (0)    2 :  0.007 0.993 
344     h244    (0)    2 :  0.010 0.990 
345     h245    (0)    2 :  0.016 0.984 
346     h246    (0)    2 :  0.014 0.986 
347     h247    (0)    2 :  0.030 0.970 
348     h248    (0)    2 :  0.008 0.992 
349     h249    (0)    2 :  0.008 0.992 
350     h250    (0)    2 :  0.010 0.990 
351     h251    (0)    2 :  0.020 0.980 
352     h252    (0)    2 :  0.012 0.988 
353     h253    (0)    2 :  0.013 0.987 
354     h254    (0)    2 :  0.015 0.985 
355     h255    (0)    2 :  0.008 0.992 
356     h256    (0)    2 :  0.011 0.989 
357     h257    (0)    2 :  0.046 0.954 
358     h258    (0)    2 :  0.011 0.989 
359     h259    (0)    2 :  0.010 0.990 
360     h260    (0)    2 :  0.015 0.985 
361     h261    (0)    2 :  0.023 0.977 
362     h262    (0)    2 :  0.011 0.989 
363     h263    (0)    2 :  0.009 0.991 
364     h264    (0)    2 :  0.027 0.973 
365     h265    (0)    2 :  0.013 0.987 
366     h266    (0)    2 :  0.010 0.990 
367     h267    (0)    2 :  0.017 0.983 
368     h268    (0)    2 :  0.007 0.993 
369     h269    (0)    2 :  0.010 0.990 
370     h270    (0)    2 :  0.007 0.993 
371     h271    (0)    2 :  0.017 0.983 
372     h272    (0)    2 :  0.013 0.987 
373     h273    (0)    2 :  0.009 0.991 
374     h274    (0)    2 :  0.008 0.992 
375     h275    (0)    2 :  0.009 0.991 
376     h276    (0)    2 :  0.014 0.986 
377     h277    (0)    2 :  0.022 0.978 
378     h278    (0)    2 :  0.026 0.974 
379     h279    (0)    2 :  0.015 0.985 
380     h280    (0)    2 :  0.011 0.989 
381     h281    (0)    2 :  0.014 0.986 
382     h282    (0)    2 :  0.022 0.978 
383     h283    (0)    2 :  0.018 0.982 
384     h284    (0)    2 :  0.015 0.985 
385     h285    (0)    2 :  0.010 0.990 
386     h286    (0)    2 :  0.017 0.983 
387     h287    (0)    2 :  0.010 0.990 
388     h288    (0)    2 :  0.011 0.989 
389     h289    (0)    2 :  0.020 0.980 
390     h290    (0)    2 :  0.013 0.987 
391     h291    (0)    2 :  0.012 0.988 
392     h292    (0)    2 :  0.012 0.988 
393     h293    (0)    2 :  0.009 0.991 
394     h294    (0)    2 :  0.021 0.979 
395     h295    (0)    2 :  0.010 0.990 
396     h296    (0)    2 :  0.008 0.992 
397     h297    (0)    2 :  0.009 0.991 
398     h298    (0)    2 :  0.146 0.854 
399     h299    (0)    2 :  0.020 0.980 
400     h300    (0)    2 :  0.025 0.975 
401     h301    (0)    2 :  0.011 0.989 
402     h302    (0)    2 :  0.052 0.948 
403     h303    (0)    2 :  0.018 0.982 
404     h304    (0)    2 :  0.020 0.980 
405     h305    (0)    2 :  0.007 0.993 
406     h306    (0)    2 :  0.051 0.949 
407     h307    (0)    2 :  0.023 0.977 
408     h308    (0)    2 :  0.016 0.984 
409     h309    (0)    2 :  0.009 0.991 
410     h310    (0)    2 :  0.077 0.923 
411     h311    (0)    2 :  0.011 0.989 
412     h312    (0)    2 :  0.013 0.987 
413     h313    (0)    2 :  0.015 0.985 
414     h314    (0)    2 :  0.112 0.888 
415     h315    (0)    2 :  0.015 0.985 
416     h316    (0)    2 :  0.008 0.992 
417     h317    (0)    2 :  0.007 0.993 
418     h318    (0)    2 :  0.008 0.992 
419     h319    (0)    2 :  0.050 0.950 
420     h320    (0)    2 :  0.012 0.988 
421     h321    (0)    2 :  0.015 0.985 
422     h322    (0)    2 :  0.010 0.990 
423     h323    (0)    2 :  0.009 0.991 
424     h324    (0)    2 :  0.011 0.989 
425     h325    (0)    2 :  0.010 0.990 
426     h326    (0)    2 :  0.009 0.991 
427     h327    (0)    2 :  0.023 0.977 
428     h328    (0)    2 :  0.009 0.991 
429     h329    (0)    2 :  0.007 0.993 
430     h330    (0)    2 :  0.013 0.987 
431     h331    (0)    2 :  0.024 0.976 
432     h332    (0)    2 :  0.007 0.993 
433     h333    (0)    2 :  0.010 0.990 
434     h334    (0)    2 :  0.015 0.985 
435     h335    (0)    2 :  0.031 0.969 
436     h336    (0)    2 :  0.009 0.991 
437     h337    (0)    2 :  0.029 0.971 
438     h338    (0)    2 :  0.019 0.981 
439     h339    (0)    2 :  0.011 0.989 
440     h340    (0)    2 :  0.011 0.989 
441     h341    (0)    2 :  0.008 0.992 
442     h342    (0)    2 :  0.024 0.976 
443     h343    (0)    2 :  0.016 0.984 
444     h344    (0)    2 :  0.026 0.974 
445     h345    (0)    2 :  0.026 0.974 
446     h346    (0)    2 :  0.026 0.974 
447     h347    (0)    2 :  0.012 0.988 
448     h348    (0)    2 :  0.009 0.991 
449     h349    (0)    2 :  0.029 0.971 
450     h350    (0)    2 :  0.029 0.971 
451     h351    (0)    2 :  0.017 0.983 
452     h352    (0)    2 :  0.027 0.973 
453     h353    (0)    2 :  0.006 0.994 
454     h354    (0)    2 :  0.011 0.989 
455     h355    (0)    2 :  0.010 0.990 
456     h356    (0)    2 :  0.008 0.992 
457     h357    (0)    2 :  0.010 0.990 
458     h358    (0)    2 :  0.022 0.978 
459     h359    (0)    2 :  0.008 0.992 
460     h360    (0)    2 :  0.010 0.990 
461     h361    (0)    2 :  0.011 0.989 
462     h362    (0)    2 :  0.013 0.987 
463     h363    (0)    2 :  0.023 0.977 
464     h364    (0)    2 :  0.014 0.986 
465     h365    (0)    2 :  0.015 0.985 
466     h366    (0)    2 :  0.108 0.892 
467     h367    (0)    2 :  0.009 0.991 
468     h368    (0)    2 :  0.075 0.925 
469     h369    (0)    2 :  0.010 0.990 
470     h370    (0)    2 :  0.013 0.987 
471     h371    (0)    2 :  0.009 0.991 
472     h372    (0)    2 :  0.012 0.988 
473     h373    (0)    2 :  0.009 0.991 
474     h374    (0)    2 :  0.054 0.946 
475     h375    (0)    2 :  0.010 0.990 
476     h376    (0)    2 :  0.012 0.988 
477     h377    (0)    2 :  0.132 0.868 
478     h378    (0)    2 :  0.029 0.971 
479     h379    (0)    2 :  0.015 0.985 
480     h380    (0)    2 :  0.023 0.977 
481     h381    (0)    2 :  0.008 0.992 
482     h382    (0)    2 :  0.008 0.992 
483     h383    (0)    2 :  0.009 0.991 
484     h384    (0)    2 :  0.015 0.985 
485     h385    (0)    2 :  0.013 0.987 
486     h386    (0)    2 :  0.042 0.958 
487     h387    (0)    2 :  0.015 0.985 
488     h388    (0)    2 :  0.020 0.980 
489     h389    (0)    2 :  0.013 0.987 
490     h390    (0)    2 :  0.011 0.989 
491     h391    (0)    2 :  0.011 0.989 
492     h392    (0)    2 :  0.011 0.989 
493     h393    (0)    2 :  0.010 0.990 
494     h394    (0)    2 :  0.013 0.987 
495     h395    (0)    2 :  0.012 0.988 
496     h396    (0)    2 :  0.032 0.968 
497     h397    (0)    2 :  0.017 0.983 
498     h398    (0)    2 :  0.080 0.920 
499     h399    (0)    2 :  0.009 0.991 
500     h400    (0)    2 :  0.007 0.993 
501     h001    (0)    3 :  0.076 0.924 
502     h002    (0)    3 :  0.163 0.837 
503     h003    (0)    3 :  0.018 0.982 
504     h004    (0)    3 :  0.322 0.678 
505     h005    (0)    3 :  0.080 0.920 
506     h006    (0)    3 :  0.031 0.969 
507     h007    (0)    3 :  0.070 0.930 
508     h008    (0)    3 :  0.195 0.805 
509     h009    (0)    3 :  0.061 0.939 
510     h010    (0)    3 :  0.010 0.990 
511     h011    (0)    3 :  0.040 0.960 
512     h012    (0)    3 :  0.231 0.769 
513     h013    (0)    3 :  0.185 0.815 
514     h014    (0)    3 :  0.200 0.800 
515     h015    (0)    3 :  0.112 0.888 
516     h016    (0)    3 :  0.071 0.929 
517     h017    (0)    3 :  0.024 0.976 
518     h018    (0)    3 :  0.147 0.853 
519     h019    (0)    3 :  0.170 0.830 
520     h020    (0)    3 :  0.121 0.879 
521     h021    (0)    3 :  0.191 0.809 
522     h022    (0)    3 :  0.223 0.777 
523     h023    (0)    3 :  0.131 0.869 
524     h024    (0)    3 :  0.057 0.943 
525     h025    (0)    3 :  0.017 0.983 
526     h026    (0)    3 :  0.101 0.899 
527     h027    (0)    3 :  0.241 0.759 
528     h028    (0)    3 :  0.326 0.674 
529     h029    (0)    3 :  0.259 0.741 
530     h030    (0)    3 :  0.105 0.895 
531     h031    (0)    3 :  0.066 0.934 
532     h032    (0)    3 :  0.190 0.810 
533     h033    (0)    3 :  0.060 0.940 
534     h034    (0)    3 :  0.165 0.835 
535     h035    (0)    3 :  0.195 0.805 
536     h036    (0)    3 :  0.177 0.823 
537     h037    (0)    3 :  0.370 0.630 
538     h038    (0)    3 :  0.048 0.952 
539     h039    (0)    3 :  0.091 0.909 
540     h040    (0)    3 :  0.120 0.880 
541     h041    (0)    3 :  0.139 0.861 
542     h042    (0)    3 :  0.029 0.971 
543     h043    (0)    3 :  0.013 0.987 
544     h044    (0)    3 :  0.479 0.521 
545     h045    (0)    3 :  0.073 0.927 
546     h046    (0)    3 :  0.244 0.756 
547     h047    (0)    3 :  0.171 0.829 
548     h048    (0)    3 :  0.014 0.986 
549     h049    (0)    3 :  0.265 0.735 
550     h050    (0)    3 :  0.105 0.895 
551     h051    (0)    3 :  0.150 0.850 
552     h052    (0)    3 :  0.170 0.830 
553     h053    (0)    3 :  0.035 0.965 
554     h054    (0)    3 :  0.138 0.862 
555     h055    (0)    3 :  0.016 0.984 
556     h056    (0)    3 :  0.163 0.837 
557     h057    (0)    3 :  0.010 0.990 
558     h058    (0)    3 :  0.228 0.772 
559     h059    (0)    3 :  0.070 0.930 
560     h060    (0)    3 :  0.010 0.990 
561     h061    (0)    3 :  0.033 0.967 
562     h062    (0)    3 :  0.067 0.933 
563     h063    (0)    3 :  0.063 0.937 
564     h064    (0)    3 :  0.140 0.860 
565     h065    (0)    3 :  0.017 0.983 
566     h066    (0)    3 :  0.230 0.770 
567     h067    (0)    3 :  0.023 0.977 
568     h068    (0)    3 :  0.203 0.797 
569     h069    (0)    3 :  0.198 0.802 
570     h070    (0)    3 :  0.019 0.981 
571     h071    (0)    3 :  0.259 0.741 
572     h072    (0)    3 :  0.020 0.980 
573     h073    (0)    3 :  0.011 0.989 
574     h074    (0)    3 :  0.166 0.834 
575     h075    (0)    3 :  0.060 0.940 
576     h076    (0)    3 :  0.042 0.958 
577     h077    (0)    3 :  0.143 0.857 
578     h078    (0)    3 :  0.014 0.986 
579     h079    (0)    3 :  0.245 0.755 
580     h080    (0)    3 :  0.015 0.985 
581     h081    (0)    3 :  0.348 0.652 
582     h082    (0)    3 :  0.150 0.850 
583     h083    (0)    3 :  0.011 0.989 
584     h084    (0)    3 :  0.018 0.982 
585     h085    (0)    3 :  0.140 0.860 
586     h086    (0)    3 :  0.037 0.963 
587     h087    (0)    3 :  0.017 0.983 
588     h088    (0)    3 :  0.125 0.875 
589     h089    (0)    3 :  0.063 0.937 
590     h090    (0)    3 :  0.219 0.781 
591     h091    (0)    3 :  0.148 0.852 
592     h092    (0)    3 :  0.023 0.977 
593     h093    (0)    3 :  0.039 0.961 
594     h094    (0)    3 :  0.090 0.910 
595     h095    (0)    3 :  0.308 0.692 
596     h096    (0)    3 :  0.063 0.937 
597     h097    (0)    3 :  0.022 0.978 
598     h098    (0)    3 :  0.035 0.965 
599     h099    (0)    3 :  0.061 0.939 
600     h100    (0)    3 :  0.032 0.968 
601    h0011    (0)    4 :  0.286 0.714 
602    h0021    (0)    4 :  0.363 0.637 
603    h0031    (0)    4 :  0.309 0.691 
604    h0041    (0)    4 :  0.253 0.747 
605    h0051    (0)    4 :  0.284 0.716 
606    h0061    (0)    4 :  0.291 0.709 
607    h0071    (0)    4 :  0.387 0.613 
608    h0081    (0)    4 :  0.341 0.659 
609    h0091    (0)    4 :  0.331 0.669 
610    h0101    (0)    4 :  0.014 0.986 
611    h0111    (0)    4 :  0.430 0.570 
612    h0121    (0)    4 :  0.164 0.836 
613    h0131    (0)    4 :  0.229 0.771 
614    h0141    (0)    4 :  0.384 0.616 
615    h0151    (0)    4 :  0.277 0.723 
616    h0161    (0)    4 :  0.371 0.629 
617    h0171    (0)    4 :  0.300 0.700 
618    h0181    (0)    4 :  0.477 0.523 
619    h0191    (0)    4 :  0.259 0.741 
620    h0201    (0)    4 :  0.279 0.721 
621    h0211    (0)    4 :  0.289 0.711 
622    h0221    (0)    4 :  0.134 0.866 
623    h0231    (0)    4 :  0.220 0.780 
624    h0241    (0)    4 :  0.134 0.866 
625    h0251    (0)    4 :  0.318 0.682 
626    h0261    (0)    4 :  0.259 0.741 
627    h0271    (0)    4 :  0.145 0.855 
628    h0281    (0)    4 :  0.226 0.774 
629    h0291    (0)    4 :  0.322 0.678 
630    h0301    (0)    4 :  0.272 0.728 
631    h0311    (0)    4 :  0.338 0.662 
632    h0321    (0)    4 :  0.117 0.883 
633    h0331    (0)    4 :  0.089 0.911 
634    h0341    (0)    4 :  0.290 0.710 
635    h0351    (0)    4 :  0.203 0.797 
636    h0361    (0)    4 :  0.202 0.798 
637    h0371    (0)    4 :  0.337 0.663 
638    h0381    (0)    4 :  0.256 0.744 
639    h0391    (0)    4 :  0.049 0.951 
640    h0401    (0)    4 :  0.168 0.832 
641    h0411    (0)    4 :  0.314 0.686 
642    h0421    (0)    4 :  0.435 0.565 
643    h0431    (0)    4 :  0.316 0.684 
644    h0441    (0)    4 :  0.019 0.981 
645    h0451    (0)    4 :  0.383 0.617 
646    h0461    (0)    4 :  0.172 0.828 
647    h0471    (0)    4 :  0.160 0.840 
648    h0481    (0)    4 :  0.390 0.610 
649    h0491    (0)    4 :  0.295 0.705 
650    h0501    (0)    4 :  0.211 0.789 
651    h0511    (0)    4 :  0.129 0.871 
652    h0521    (0)    4 :  0.087 0.913 
653    h0531    (0)    4 :  0.107 0.893 
654    h0541    (0)    4 :  0.060 0.940 
655    h0551    (0)    4 :  0.251 0.749 
656    h0561    (0)    4 :  0.187 0.813 
657    h0571    (0)    4 :  0.150 0.850 
658    h0581    (0)    4 :  0.026 0.974 
659    h0591    (0)    4 :  0.288 0.712 
660    h0601    (0)    4 :  0.261 0.739 
661    h0611    (0)    4 :  0.334 0.666 
662    h0621    (0)    4 :  0.272 0.728 
663    h0631    (0)    4 :  0.304 0.696 
664    h0641    (0)    4 :  0.413 0.587 
665    h0651    (0)    4 :  0.434 0.566 
666    h0661    (0)    4 :  0.317 0.683 
667    h0671    (0)    4 :  0.248 0.752 
668    h0681    (0)    4 :  0.088 0.912 
669    h0691    (0)    4 :  0.019 0.981 
670    h0701    (0)    4 :  0.392 0.608 
671    h0711    (0)    4 :  0.208 0.792 
672    h0721    (0)    4 :  0.300 0.700 
673    h0731    (0)    4 :  0.254 0.746 
674    h0741    (0)    4 :  0.123 0.877 
675    h0751    (0)    4 :  0.284 0.716 
676    h0761    (0)    4 :  0.176 0.824 
677    h0771    (0)    4 :  0.183 0.817 
678    h0781    (0)    4 :  0.236 0.764 
679    h0791    (0)    4 :  0.541 0.459 
680    h0801    (0)    4 :  0.224 0.776 
681    h0811    (0)    4 :  0.213 0.787 
682    h0821    (0)    4 :  0.293 0.707 
683    h0831    (0)    4 :  0.481 0.519 
684    h0841    (0)    4 :  0.244 0.756 
685    h0851    (0)    4 :  0.296 0.704 
686    h0861    (0)    4 :  0.144 0.856 
687    h0871    (0)    4 :  0.364 0.636 
688    h0881    (0)    4 :  0.169 0.831 
689    h0891    (0)    4 :  0.424 0.576 
690    h0901    (0)    4 :  0.177 0.823 
691    h0911    (0)    4 :  0.439 0.561 
692    h0921    (0)    4 :  0.101 0.899 
693    h0931    (0)    4 :  0.359 0.641 
694    h0941    (0)    4 :  0.177 0.823 
695    h0951    (0)    4 :  0.410 0.590 
696    h0961    (0)    4 :  0.113 0.887 
697    h0971    (0)    4 :  0.260 0.740 
698    h0981    (0)    4 :  0.239 0.761 
699    h0991    (0)    4 :  0.190 0.810 
700    h1001    (0)    4 :  0.069 0.931 
701   MSV1TX    (5)    5 :  0.408 0.592 
702   MSV025    (0)    5 :  0.618 0.382 
703   MSV02C    (0)    5 :  0.481 0.519 
704   MSV02E    (5)    5 :  0.552 0.448 
705   MSV0TF    (5)    5 :  0.568 0.432 
706    M2EL8    (0)    5 :  0.673 0.327 
707    h0012    (0)    6 :  0.499 0.501 
708    h0022    (0)    6 :  0.409 0.591 
709    h0032    (0)    6 :  0.513 0.487 
710    h0042    (0)    6 :  0.511 0.489 
711    h0052    (0)    6 :  0.469 0.531 
712    h0062    (0)    6 :  0.470 0.530 
713    h0072    (0)    6 :  0.353 0.647 
714    h0082    (0)    6 :  0.501 0.499 
715    h0092    (0)    6 :  0.542 0.458 
716    h0102    (0)    6 :  0.547 0.453 
717    h0112    (0)    6 :  0.452 0.548 
718    h0122    (0)    6 :  0.465 0.535 
719    h0132    (0)    6 :  0.626 0.374 
720    h0142    (0)    6 :  0.415 0.585 
721    h0152    (0)    6 :  0.492 0.508 
722    h0162    (0)    6 :  0.391 0.609 
723    h0172    (0)    6 :  0.599 0.401 
724    h0182    (0)    6 :  0.597 0.403 
725    h0192    (0)    6 :  0.412 0.588 
726    h0202    (0)    6 :  0.417 0.583 
727    h0212    (0)    6 :  0.578 0.422 
728    h0222    (0)    6 :  0.392 0.608 
729    h0232    (0)    6 :  0.396 0.604 
730    h0242    (0)    6 :  0.500 0.500 
731    h0252    (0)    6 :  0.663 0.337 
732    h0262    (0)    6 :  0.601 0.399 
733    h0272    (0)    6 :  0.516 0.484 
734    h0282    (0)    6 :  0.506 0.494 
735    h0292    (0)    6 :  0.389 0.611 
736    h0302    (0)    6 :  0.523 0.477 
737    h0312    (0)    6 :  0.354 0.646 
738    h0322    (0)    6 :  0.483 0.517 
739    h0332    (0)    6 :  0.396 0.604 
740    h0342    (0)    6 :  0.563 0.437 
741    h0352    (0)    6 :  0.545 0.455 
742    h0362    (0)    6 :  0.548 0.452 
743    h0372    (0)    6 :  0.666 0.334 
744    h0382    (0)    6 :  0.461 0.539 
745    h0392    (0)    6 :  0.544 0.456 
746    h0402    (0)    6 :  0.477 0.523 
747    h0412    (0)    6 :  0.568 0.432 
748    h0422    (0)    6 :  0.518 0.482 
749    h0432    (0)    6 :  0.639 0.361 
750    h0442    (0)    6 :  0.466 0.534 
751    h0452    (0)    6 :  0.443 0.557 
752    h0462    (0)    6 :  0.462 0.538 
753    h0472    (0)    6 :  0.581 0.419 
754    h0482    (0)    6 :  0.571 0.429 
755    h0492    (0)    6 :  0.416 0.584 
756    h0502    (0)    6 :  0.465 0.535 
757    h0512    (0)    6 :  0.533 0.467 
758    h0522    (0)    6 :  0.466 0.534 
759    h0532    (0)    6 :  0.366 0.634 
760    h0542    (0)    6 :  0.409 0.591 
761    h0552    (0)    6 :  0.569 0.431 
762    h0562    (0)    6 :  0.523 0.477 
763    h0572    (0)    6 :  0.387 0.613 
764    h0582    (0)    6 :  0.554 0.446 
765    h0592    (0)    6 :  0.477 0.523 
766    h0602    (0)    6 :  0.615 0.385 
767    h0612    (0)    6 :  0.426 0.574 
768    h0622    (0)    6 :  0.512 0.488 
769    h0632    (0)    6 :  0.373 0.627 
770    h0642    (0)    6 :  0.523 0.477 
771    h0652    (0)    6 :  0.570 0.430 
772    h0662    (0)    6 :  0.503 0.497 
773    h0672    (0)    6 :  0.398 0.602 
774    h0682    (0)    6 :  0.287 0.713 
775    h0692    (0)    6 :  0.547 0.453 
776    h0702    (0)    6 :  0.475 0.525 
777    h0712    (0)    6 :  0.400 0.600 
778    h0722    (0)    6 :  0.494 0.506 
779    h0732    (0)    6 :  0.428 0.572 
780    h0742    (0)    6 :  0.434 0.566 
781    h0752    (0)    6 :  0.477 0.523 
782    h0762    (0)    6 :  0.626 0.374 
783    h0772    (0)    6 :  0.525 0.475 
784    h0782    (0)    6 :  0.572 0.428 
785    h0792    (0)    6 :  0.358 0.642 
786    h0802    (0)    6 :  0.601 0.399 
787    h0812    (0)    6 :  0.579 0.421 
788    h0822    (0)    6 :  0.446 0.554 
789    h0832    (0)    6 :  0.571 0.429 
790    h0842    (0)    6 :  0.565 0.435 
791    h0852    (0)    6 :  0.685 0.315 
792    h0862    (0)    6 :  0.483 0.517 
793    h0872    (0)    6 :  0.324 0.676 
794    h0882    (0)    6 :  0.371 0.629 
795    h0892    (0)    6 :  0.262 0.738 
796    h0902    (0)    6 :  0.503 0.497 
797    h0912    (0)    6 :  0.548 0.452 
798    h0922    (0)    6 :  0.465 0.535 
799    h0932    (0)    6 :  0.407 0.593 
800    h0942    (0)    6 :  0.479 0.521 
801    h0952    (0)    6 :  0.678 0.322 
802    h0962    (0)    6 :  0.530 0.470 
803    h0972    (0)    6 :  0.523 0.477 
804    h0982    (0)    6 :  0.545 0.455 
805    h0992    (0)    6 :  0.539 0.461 
806    h1002    (0)    6 :  0.464 0.536 
807   MSV21T    (0)    7 :  0.873 0.127 
808    M2E71    (0)    7 :  0.761 0.239 
809    h0013    (0)    8 :  0.689 0.311 
810    h0023    (0)    8 :  0.832 0.168 
811    h0033    (0)    8 :  0.589 0.411 
812    h0043    (0)    8 :  0.689 0.311 
813    h0053    (0)    8 :  0.923 0.077 
814    h0063    (0)    8 :  0.635 0.365 
815    h0073    (0)    8 :  0.787 0.213 
816    h0083    (0)    8 :  0.676 0.324 
817    h0093    (0)    8 :  0.766 0.234 
818    h0103    (0)    8 :  0.931 0.069 
819    h0113    (0)    8 :  0.562 0.438 
820    h0123    (0)    8 :  0.551 0.449 
821    h0133    (0)    8 :  0.954 0.046 
822    h0143    (0)    8 :  0.534 0.466 
823    h0153    (0)    8 :  0.922 0.078 
824    h0163    (0)    8 :  0.876 0.124 
825    h0173    (0)    8 :  0.690 0.310 
826    h0183    (0)    8 :  0.710 0.290 
827    h0193    (0)    8 :  0.719 0.281 
828    h0203    (0)    8 :  0.769 0.231 
829    h0213    (0)    8 :  0.597 0.403 
830    h0223    (0)    8 :  0.666 0.334 
831    h0233    (0)    8 :  0.813 0.187 
832    h0243    (0)    8 :  0.892 0.108 
833    h0253    (0)    8 :  0.736 0.264 
834    h0263    (0)    8 :  0.761 0.239 
835    h0273    (0)    8 :  0.810 0.190 
836    h0283    (0)    8 :  0.848 0.152 
837    h0293    (0)    8 :  0.878 0.122 
838    h0303    (0)    8 :  0.581 0.419 
839    h0313    (0)    8 :  0.757 0.243 
840    h0323    (0)    8 :  0.889 0.111 
841    h0333    (0)    8 :  0.806 0.194 
842    h0343    (0)    8 :  0.778 0.222 
843    h0353    (0)    8 :  0.790 0.210 
844    h0363    (0)    8 :  0.660 0.340 
845    h0373    (0)    8 :  0.850 0.150 
846    h0383    (0)    8 :  0.740 0.260 
847    h0393    (0)    8 :  0.631 0.369 
848    h0403    (0)    8 :  0.698 0.302 
849    h0413    (0)    8 :  0.579 0.421 
850    h0423    (0)    8 :  0.815 0.185 
851    h0433    (0)    8 :  0.686 0.314 
852    h0443    (0)    8 :  0.899 0.101 
853    h0453    (0)    8 :  0.848 0.152 
854    h0463    (0)    8 :  0.877 0.123 
855    h0473    (0)    8 :  0.896 0.104 
856    h0483    (0)    8 :  0.992 0.008 
857    h0493    (0)    8 :  0.877 0.123 
858    h0503    (0)    8 :  0.668 0.332 
859    h0513    (0)    8 :  0.759 0.241 
860    h0523    (0)    8 :  0.775 0.225 
861    h0533    (0)    8 :  0.839 0.161 
862    h0543    (0)    8 :  0.977 0.023 
863    h0553    (0)    8 :  0.654 0.346 
864    h0563    (0)    8 :  0.855 0.145 
865    h0573    (0)    8 :  0.744 0.256 
866    h0583    (0)    8 :  0.873 0.127 
867    h0593    (0)    8 :  0.879 0.121 
868    h0603    (0)    8 :  0.820 0.180 
869    h0613    (0)    8 :  0.973 0.027 
870    h0623    (0)    8 :  0.761 0.239 
871    h0633    (0)    8 :  0.732 0.268 
872    h0643    (0)    8 :  0.719 0.281 
873    h0653    (0)    8 :  0.758 0.242 
874    h0663    (0)    8 :  0.851 0.149 
875    h0673    (0)    8 :  0.818 0.182 
876    h0683    (0)    8 :  0.892 0.108 
877    h0693    (0)    8 :  0.655 0.345 
878    h0703    (0)    8 :  0.830 0.170 
879    h0713    (0)    8 :  0.865 0.135 
880    h0723    (0)    8 :  0.756 0.244 
881    h0733    (0)    8 :  0.760 0.240 
882    h0743    (0)    8 :  0.949 0.051 
883    h0753    (0)    8 :  0.624 0.376 
884    h0763    (0)    8 :  0.695 0.305 
885    h0773    (0)    8 :  0.852 0.148 
886    h0783    (0)    8 :  0.583 0.417 
887    h0793    (0)    8 :  0.822 0.178 
888    h0803    (0)    8 :  0.811 0.189 
889    h0813    (0)    8 :  0.565 0.435 
890    h0823    (0)    8 :  0.666 0.334 
891    h0833    (0)    8 :  0.660 0.340 
892    h0843    (0)    8 :  0.724 0.276 
893    h0853    (0)    8 :  0.718 0.282 
894    h0863    (0)    8 :  0.596 0.404 
895    h0873    (0)    8 :  0.817 0.183 
896    h0883    (0)    8 :  0.787 0.213 
897    h0893    (0)    8 :  0.611 0.389 
898    h0903    (0)    8 :  0.790 0.210 
899    h0913    (0)    8 :  0.523 0.477 
900    h0923    (0)    8 :  0.816 0.184 
901    h0933    (0)    8 :  0.786 0.214 
902    h0943    (0)    8 :  0.804 0.196 
903    h0953    (0)    8 :  0.772 0.228 
904    h0963    (0)    8 :  0.688 0.312 
905    h0973    (0)    8 :  0.616 0.384 
906    h0983    (0)    8 :  0.550 0.450 
907    h0993    (0)    8 :  0.761 0.239 
908    h1003    (0)    8 :  0.833 0.167 
909    W23CA   (10)    9 :  0.898 0.102 
910  AP.085Y    (5)    9 :  0.980 0.020 
911  CH.0LLY    (5)    9 :  0.598 0.402 
912    M0LEC    (5)    9 :  0.992 0.008 
913    M2C3H   (10)    9 :  0.772 0.228 
914    M2CHL    (5)    9 :  0.534 0.466 
915    W26P7   (10)    9 :  0.890 0.110 
916  AP.07M5    (0)    9 :  0.929 0.071 
917  AP.080U    (0)    9 :  0.952 0.048 
918  AP.082A    (0)    9 :  0.990 0.010 
919  AP.0843    (0)    9 :  0.948 0.052 
920  AP.0844    (0)    9 :  0.841 0.159 
921  AP.084X    (0)    9 :  0.978 0.022 
922  AP.086Y    (0)    9 :  0.835 0.165 
923  AP.0870    (0)    9 :  0.863 0.137 
924  AP.0878    (0)    9 :  0.827 0.173 
925  AP.087F    (0)    9 :  0.788 0.212 
926  AP.087Y    (0)    9 :  0.586 0.414 
927  AP.088P    (0)    9 :  0.980 0.020 
928  AP.08AK    (5)    9 :  0.961 0.039 
929  CH.0LLM    (0)    9 :  0.816 0.184 
930  CH.0LLU    (0)    9 :  0.751 0.249 
931  CH.0LM0    (5)    9 :  0.929 0.071 
932  CH.0LM3    (5)    9 :  0.966 0.034 
933    W26MY    (0)    9 :  0.793 0.207 
934    W26P6    (0)    9 :  0.967 0.033 
935   HRV07U    (0)    9 :  0.953 0.047 
936   HRV1CT    (0)    9 :  0.988 0.012 
937   HRV1CU    (0)    9 :  0.992 0.008 
938   HRV1E6    (0)    9 :  0.983 0.017 
939   HRV081    (0)    9 :  0.993 0.007 
940   HRV1E3    (0)    9 :  0.973 0.027 
941   MSV21E    (0)    9 :  0.827 0.173 
942   MSV216    (0)    9 :  0.919 0.081 
943    M0TYK    (0)    9 :  0.932 0.068 
944   MSV2AA    (0)    9 :  0.895 0.105 
945  CK.0PET    (0)    9 :  0.759 0.241 
946    M2E8C    (0)    9 :  0.987 0.013 
947   MSV23X    (0)    9 :  0.814 0.186 
948   MSV32A    (0)    9 :  0.820 0.180 
949  AP.0838    (0)    9 :  0.976 0.024 
950  AP.088F    (0)    9 :  0.874 0.126 
951    h0014    (0)   10 :  0.986 0.014 
952    h0024    (0)   10 :  0.984 0.016 
953    h0034    (0)   10 :  0.888 0.112 
954    h0044    (0)   10 :  0.765 0.235 
955    h0054    (0)   10 :  0.737 0.263 
956    h0064    (0)   10 :  0.915 0.085 
957    h0074    (0)   10 :  0.982 0.018 
958    h0084    (0)   10 :  0.975 0.025 
959    h0094    (0)   10 :  0.960 0.040 
960    h0104    (0)   10 :  0.861 0.139 
961    h0114    (0)   10 :  0.869 0.131 
962    h0124    (0)   10 :  0.876 0.124 
963    h0134    (0)   10 :  0.974 0.026 
964    h0144    (0)   10 :  0.802 0.198 
965    h0154    (0)   10 :  0.834 0.166 
966    h0164    (0)   10 :  0.922 0.078 
967    h0174    (0)   10 :  0.845 0.155 
968    h0184    (0)   10 :  0.957 0.043 
969    h0194    (0)   10 :  0.976 0.024 
970    h0204    (0)   10 :  0.956 0.044 
971    h0214    (0)   10 :  0.962 0.038 
972    h0224    (0)   10 :  0.877 0.123 
973    h0234    (0)   10 :  0.807 0.193 
974    h0244    (0)   10 :  0.959 0.041 
975    h0254    (0)   10 :  0.835 0.165 
976    h0264    (0)   10 :  0.879 0.121 
977    h0274    (0)   10 :  0.769 0.231 
978    h0284    (0)   10 :  0.975 0.025 
979    h0294    (0)   10 :  0.919 0.081 
980    h0304    (0)   10 :  0.986 0.014 
981    h0314    (0)   10 :  0.991 0.009 
982    h0324    (0)   10 :  0.921 0.079 
983    h0334    (0)   10 :  0.820 0.180 
984    h0344    (0)   10 :  0.880 0.120 
985    h0354    (0)   10 :  0.838 0.162 
986    h0364    (0)   10 :  0.784 0.216 
987    h0374    (0)   10 :  0.921 0.079 
988    h0384    (0)   10 :  0.831 0.169 
989    h0394    (0)   10 :  0.806 0.194 
990    h0404    (0)   10 :  0.889 0.111 
991    h0414    (0)   10 :  0.981 0.019 
992    h0424    (0)   10 :  0.988 0.012 
993    h0434    (0)   10 :  0.879 0.121 
994    h0444    (0)   10 :  0.785 0.215 
995    h0454    (0)   10 :  0.984 0.016 
996    h0464    (0)   10 :  0.870 0.130 
997    h0474    (0)   10 :  0.738 0.262 
998    h0484    (0)   10 :  0.753 0.247 
999    h0494    (0)   10 :  0.865 0.135 
1000    h0504    (0)   10 :  0.955 0.045 
1001    h0514    (0)   10 :  0.883 0.117 
1002    h0524    (0)   10 :  0.943 0.057 
1003    h0534    (0)   10 :  0.855 0.145 
1004    h0544    (0)   10 :  0.952 0.048 
1005    h0554    (0)   10 :  0.978 0.022 
1006    h0564    (0)   10 :  0.956 0.044 
1007    h0574    (0)   10 :  0.879 0.121 
1008    h0584    (0)   10 :  0.941 0.059 
1009    h0594    (0)   10 :  0.877 0.123 
1010    h0604    (0)   10 :  0.944 0.056 
1011    h0614    (0)   10 :  0.991 0.009 
1012    h0624    (0)   10 :  0.895 0.105 
1013    h0634    (0)   10 :  0.783 0.217 
1014    h0644    (0)   10 :  0.861 0.139 
1015    h0654    (0)   10 :  0.846 0.154 
1016    h0664    (0)   10 :  0.728 0.272 
1017    h0674    (0)   10 :  0.897 0.103 
1018    h0684    (0)   10 :  0.893 0.107 
1019    h0694    (0)   10 :  0.948 0.052 
1020    h0704    (0)   10 :  0.905 0.095 
1021    h0714    (0)   10 :  0.904 0.096 
1022    h0724    (0)   10 :  0.988 0.012 
1023    h0734    (0)   10 :  0.773 0.227 
1024    h0744    (0)   10 :  0.903 0.097 
1025    h0754    (0)   10 :  0.965 0.035 
1026    h0764    (0)   10 :  0.896 0.104 
1027    h0774    (0)   10 :  0.989 0.011 
1028    h0784    (0)   10 :  0.851 0.149 
1029    h0794    (0)   10 :  0.962 0.038 
1030    h0804    (0)   10 :  0.869 0.131 
1031    h0814    (0)   10 :  0.796 0.204 
1032    h0824    (0)   10 :  0.978 0.022 
1033    h0834    (0)   10 :  0.866 0.134 
1034    h0844    (0)   10 :  0.907 0.093 
1035    h0854    (0)   10 :  0.773 0.227 
1036    h0864    (0)   10 :  0.878 0.122 
1037    h0874    (0)   10 :  0.885 0.115 
1038    h0884    (0)   10 :  0.955 0.045 
1039    h0894    (0)   10 :  0.984 0.016 
1040    h0904    (0)   10 :  0.947 0.053 
1041    h0914    (0)   10 :  0.945 0.055 
1042    h0924    (0)   10 :  0.966 0.034 
1043    h0934    (0)   10 :  0.849 0.151 
1044    h0944    (0)   10 :  0.878 0.122 
1045    h0954    (0)   10 :  0.969 0.031 
1046    h0964    (0)   10 :  0.981 0.019 
1047    h0974    (0)   10 :  0.944 0.056 
1048    h0984    (0)   10 :  0.729 0.271 
1049    h0994    (0)   10 :  0.910 0.090 
1050    h1004    (0)   10 :  0.862 0.138 
1051  AP.07M2    (0)   11 :  0.957 0.043 
1052   HRV05C   (10)   11 :  0.983 0.017 
1053   HRV077   (10)   11 :  0.984 0.016 
1054   HRV0A0    (5)   11 :  0.993 0.007 
1055   HRV0MC    (5)   11 :  0.990 0.010 
1056   HRV00P    (0)   11 :  0.993 0.007 
1057   HRV01J    (5)   11 :  0.991 0.009 
1058   HRV026    (5)   11 :  0.989 0.011 
1059   HRV02C    (0)   11 :  0.994 0.006 
1060   HRV031    (0)   11 :  0.993 0.007 
1061   HRV033    (0)   11 :  0.993 0.007 
1062   HRV05L    (0)   11 :  0.993 0.007 
1063   HRV06A    (0)   11 :  0.992 0.008 
1064   HRV07P    (5)   11 :  0.993 0.007 
1065   HRV0HC    (5)   11 :  0.951 0.049 
1066   HRV0HU   (10)   11 :  0.979 0.021 
1067   HRV0K1    (0)   11 :  0.992 0.008 
1068   HRV0M6    (5)   11 :  0.970 0.030 
1069   HRV0M7    (5)   11 :  0.989 0.011 
1070   HRV0MK    (0)   11 :  0.993 0.007 
1071   HRV1C7    (5)   11 :  0.991 0.009 
1072   HRV1EA    (0)   11 :  0.969 0.031 
1073    M147K    (5)   11 :  0.994 0.006 
1074   HRV008    (0)   11 :  0.991 0.009 
1075   HRV015    (0)   11 :  0.986 0.014 
1076   HRV01F    (0)   11 :  0.978 0.022 
1077   HRV01L    (0)   11 :  0.992 0.008 
1078   HRV01M    (0)   11 :  0.989 0.011 
1079   HRV020    (0)   11 :  0.986 0.014 
1080   HRV022    (0)   11 :  0.976 0.024 
1081   HRV02A    (0)   11 :  0.981 0.019 
1082   HRV02K    (0)   11 :  0.976 0.024 
1083   HRV04C    (0)   11 :  0.991 0.009 
1084   HRV05H    (0)   11 :  0.982 0.018 
1085   HRV076    (0)   11 :  0.978 0.022 
1086   HRV07H    (0)   11 :  0.993 0.007 
1087   HRV07X    (0)   11 :  0.984 0.016 
1088   HRV080    (0)   11 :  0.992 0.008 
1089   HRV086    (5)   11 :  0.989 0.011 
1090   HRV0H3    (5)   11 :  0.989 0.011 
1091   HRV0J3    (0)   11 :  0.989 0.011 
1092   HRV0JX   (15)   11 :  0.982 0.018 
1093   HRV0ML   (10)   11 :  0.993 0.007 
1094   HRV1E8   (10)   11 :  0.991 0.009 
1095   HRV007   (10)   11 :  0.986 0.014 
1096   HRV005    (5)   11 :  0.987 0.013 
1097   HRV05U    (5)   11 :  0.992 0.008 
1098   HRV01U    (5)   11 :  0.991 0.009 
1099  AP.07M1    (5)   11 :  0.992 0.008 
1100  AP.07ME    (5)   11 :  0.985 0.015 
1101  AP.0817    (5)   11 :  0.991 0.009 
1102  AP.0863   (15)   11 :  0.974 0.026 
1103  AP.087T    (5)   11 :  0.966 0.034 
1104  AP.088T    (5)   11 :  0.993 0.007 
1105  CH.0LM1   (15)   11 :  0.988 0.012 
1106    M05X5    (5)   11 :  0.948 0.052 
1107    M06JH    (5)   11 :  0.944 0.056 
1108    M0A6K    (5)   11 :  0.989 0.011 
1109    M0ETF    (5)   11 :  0.992 0.008 
1110    M0LUP   (10)   11 :  0.987 0.013 
1111    M16F1    (5)   11 :  0.990 0.010 
1112    M182M    (5)   11 :  0.988 0.012 
1113    M1CFL   (10)   11 :  0.990 0.010 
1114    M2AXY   (10)   11 :  0.990 0.010 
1115    M2AY2   (10)   11 :  0.948 0.052 
1116    M2CHP   (10)   11 :  0.947 0.053 
1117    W26LK    (5)   11 :  0.991 0.009 
1118    W26ME   (10)   11 :  0.984 0.016 
1119  AM.07FM    (0)   11 :  0.993 0.007 
1120  AM.07FP    (5)   11 :  0.991 0.009 
1121  AP.07M4    (0)   11 :  0.994 0.006 
1122  AP.07M7    (0)   11 :  0.994 0.006 
1123  AP.07M8    (0)   11 :  0.990 0.010 
1124  AP.07MA    (0)   11 :  0.980 0.020 
1125  AP.07MC    (0)   11 :  0.992 0.008 
1126  AP.07P8    (0)   11 :  0.946 0.054 
1127  AP.07U8    (0)   11 :  0.988 0.012 
1128  AP.081F   (10)   11 :  0.989 0.011 
1129  AP.081H   (10)   11 :  0.722 0.278 
1130  AP.0820    (0)   11 :  0.980 0.020 
1131  AP.0841    (5)   11 :  0.930 0.070 
1132  AP.0858    (0)   11 :  0.986 0.014 
1133  AP.085U    (5)   11 :  0.962 0.038 
1134  AP.085X    (5)   11 :  0.992 0.008 
1135  AP.0861    (5)   11 :  0.988 0.012 
1136  AP.0864   (10)   11 :  0.993 0.007 
1137  AP.086X    (0)   11 :  0.992 0.008 
1138  AP.0872    (0)   11 :  0.992 0.008 
1139  AP.0875    (0)   11 :  0.944 0.056 
1140  AP.087A    (0)   11 :  0.991 0.009 
1141  AP.087C    (0)   11 :  0.985 0.015 
1142  AP.087E    (0)   11 :  0.992 0.008 
1143  AP.087H    (0)   11 :  0.992 0.008 
1144  AP.087K    (0)   11 :  0.986 0.014 
1145  AP.087L    (0)   11 :  0.991 0.009 
1146  AP.087M    (0)   11 :  0.989 0.011 
1147  AP.087P    (0)   11 :  0.989 0.011 
1148  AP.087U    (0)   11 :  0.952 0.048 
1149  AP.087X    (0)   11 :  0.967 0.033 
1150  AP.0881    (0)   11 :  0.983 0.017 
1151  AP.0882    (0)   11 :  0.990 0.010 
1152  AP.0883    (0)   11 :  0.971 0.029 
1153  AP.0884    (0)   11 :  0.993 0.007 
1154  AP.0885    (5)   11 :  0.988 0.012 
1155  AP.0887    (0)   11 :  0.988 0.012 
1156  AP.0888    (5)   11 :  0.737 0.263 
1157  AP.088A    (0)   11 :  0.991 0.009 
1158  AP.088C    (0)   11 :  0.959 0.041 
1159  AP.088J    (0)   11 :  0.984 0.016 
1160  AP.088K    (0)   11 :  0.986 0.014 
1161  AP.088L    (0)   11 :  0.992 0.008 
1162  AP.088U    (0)   11 :  0.991 0.009 
1163  AP.088X    (0)   11 :  0.985 0.015 
1164  AP.08A0    (0)   11 :  0.993 0.007 
1165  AP.08A1    (0)   11 :  0.989 0.011 
1166  AP.08A3    (0)   11 :  0.993 0.007 
1167  AP.08A4    (0)   11 :  0.916 0.084 
1168  AP.08A5    (0)   11 :  0.993 0.007 
1169  AP.08A6    (0)   11 :  0.985 0.015 
1170  AP.08A8    (5)   11 :  0.991 0.009 
1171  AP.08AC    (0)   11 :  0.983 0.017 
1172  AP.08AH    (0)   11 :  0.986 0.014 
1173  AP.08AJ    (0)   11 :  0.984 0.016 
1174  AP.08AM   (10)   11 :  0.990 0.010 
1175  AP.08AT    (0)   11 :  0.992 0.008 
1176  AP.08AX    (0)   11 :  0.992 0.008 
1177  CH.0LLP    (0)   11 :  0.987 0.013 
1178  CH.0LM2   (10)   11 :  0.987 0.013 
1179  CH.0LM4    (5)   11 :  0.993 0.007 
1180  CH.0LM5    (0)   11 :  0.990 0.010 
1181    M0102    (5)   11 :  0.990 0.010 
1182    M023A    (5)   11 :  0.993 0.007 
1183    M03MM   (10)   11 :  0.987 0.013 
1184    M04PF    (0)   11 :  0.992 0.008 
1185    M04XH    (5)   11 :  0.983 0.017 
1186    M04XM   (10)   11 :  0.991 0.009 
1187    M0557    (0)   11 :  0.978 0.022 
1188    M055C    (0)   11 :  0.953 0.047 
1189    M05JC    (0)   11 :  0.991 0.009 
1190    M05PH    (0)   11 :  0.987 0.013 
1191    M05X6    (0)   11 :  0.992 0.008 
1192    M07TC    (0)   11 :  0.984 0.016 
1193    M0A66    (0)   11 :  0.993 0.007 
1194    M0EYT    (0)   11 :  0.992 0.008 
1195    M0FF2    (0)   11 :  0.992 0.008 
1196    M0HJ6    (5)   11 :  0.984 0.016 
1197   HRV0JL    (0)   11 :  0.994 0.006 
1198   HRV0JP    (0)   11 :  0.991 0.009 
1199   HRV0KA    (0)   11 :  0.992 0.008 
1200   HRV0LJ    (5)   11 :  0.981 0.019 
1201   HRV0LM    (0)   11 :  0.989 0.011 
1202   HRV0LP    (0)   11 :  0.976 0.024 
1203    M0HJ8    (0)   11 :  0.992 0.008 
1204    M0HM3    (0)   11 :  0.992 0.008 
1205    M0J1X    (0)   11 :  0.992 0.008 
1206    M0L32    (0)   11 :  0.987 0.013 
1207    M0L8F    (0)   11 :  0.976 0.024 
1208    M0LUH    (0)   11 :  0.992 0.008 
1209    M0XPJ    (0)   11 :  0.991 0.009 
1210    M0XTE    (0)   11 :  0.985 0.015 
1211    M157H    (0)   11 :  0.991 0.009 
1212    M16YU    (0)   11 :  0.993 0.007 
1213    M1751    (0)   11 :  0.990 0.010 
1214    M1C2H    (0)   11 :  0.993 0.007 
1215    M1E60    (0)   11 :  0.993 0.007 
1216    M1EKX    (0)   11 :  0.992 0.008 
1217    M1EKY    (0)   11 :  0.993 0.007 
1218    M1EL3    (0)   11 :  0.985 0.015 
1219    M1ELC    (0)   11 :  0.988 0.012 
1220    M1ELE    (0)   11 :  0.992 0.008 
1221    M2AY0   (10)   11 :  0.981 0.019 
1222    M2AY4    (5)   11 :  0.990 0.010 
1223    M2AY5   (10)   11 :  0.990 0.010 
1224    M2AY8    (5)   11 :  0.896 0.104 
1225    M2C3A   (10)   11 :  0.991 0.009 
1226    M2C3F   (10)   11 :  0.990 0.010 
1227   HRV0ME    (0)   11 :  0.986 0.014 
1228    M2CHJ    (5)   11 :  0.973 0.027 
1229    M2CHM    (5)   11 :  0.961 0.039 
1230    M2CHY   (10)   11 :  0.986 0.014 
1231    W23E8    (0)   11 :  0.992 0.008 
1232    W23EM    (0)   11 :  0.987 0.013 
1233    W23EX    (0)   11 :  0.990 0.010 
1234    W23F0    (0)   11 :  0.988 0.012 
1235    W26L5    (0)   11 :  0.948 0.052 
1236    W26LM    (0)   11 :  0.906 0.094 
1237    W26MJ    (0)   11 :  0.869 0.131 
1238    W26ML    (0)   11 :  0.991 0.009 
1239    W26MT    (0)   11 :  0.993 0.007 
1240    W26PE    (5)   11 :  0.906 0.094 
1241    W26PJ    (0)   11 :  0.884 0.116 
1242    W26PT    (0)   11 :  0.992 0.008 
1243    W26PX   (10)   11 :  0.974 0.026 
1244    W26T0    (5)   11 :  0.988 0.012 
1245    W26TC    (0)   11 :  0.994 0.006 
1246    W26TJ    (5)   11 :  0.942 0.058 
1247    W26UE    (5)   11 :  0.989 0.011 
1248    W26UF    (0)   11 :  0.992 0.008 
1249    W26UL    (0)   11 :  0.971 0.029 
1250    W26X2    (0)   11 :  0.987 0.013 
1251    W2716    (0)   11 :  0.959 0.041 
1252   HRV1C6    (0)   11 :  0.993 0.007 
1253   HRV1CX    (0)   11 :  0.971 0.029 
1254   HRV1E2    (0)   11 :  0.993 0.007 
1255   HRV1E4    (0)   11 :  0.994 0.006 
1256   HRV1E5    (0)   11 :  0.993 0.007 
1257   HRV1EC    (0)   11 :  0.990 0.010 
1258   HRV1EK    (0)   11 :  0.976 0.024 
1259   HRV001    (0)   11 :  0.991 0.009 
1260   HRV00H    (0)   11 :  0.991 0.009 
1261   HRV00K    (0)   11 :  0.990 0.010 
1262   HRV01X    (0)   11 :  0.990 0.010 
1263   HRV025    (0)   11 :  0.984 0.016 
1264   HRV028    (0)   11 :  0.990 0.010 
1265   HRV041    (0)   11 :  0.992 0.008 
1266   HRV04F    (0)   11 :  0.992 0.008 
1267   HRV04L    (0)   11 :  0.993 0.007 
1268   HRV055    (0)   11 :  0.993 0.007 
1269   HRV05J    (0)   11 :  0.992 0.008 
1270   HRV07J    (0)   11 :  0.993 0.007 
1271   HRV07K    (0)   11 :  0.975 0.025 
1272   HRV07L    (0)   11 :  0.958 0.042 
1273   HRV07M    (0)   11 :  0.993 0.007 
1274   HRV0HM    (0)   11 :  0.956 0.044 
1275   HRV0J2    (0)   11 :  0.992 0.008 
1276   HRV0K3    (0)   11 :  0.992 0.008 
1277   HRV0KE    (0)   11 :  0.992 0.008 
1278   HRV0KF    (0)   11 :  0.981 0.019 
1279   HRV0KU    (0)   11 :  0.975 0.025 
1280   HRV0L6    (0)   11 :  0.993 0.007 
1281   HRV0M2    (0)   11 :  0.984 0.016 
1282   HRV0MF    (0)   11 :  0.992 0.008 
1283   HRV0MJ    (0)   11 :  0.978 0.022 
1284   HRV1AT    (0)   11 :  0.991 0.009 
1285   HRV1C1    (0)   11 :  0.991 0.009 
1286   HRV1CL    (0)   11 :  0.989 0.011 
1287   HRV1E1    (0)   11 :  0.990 0.010 
1288   HRV1E7    (0)   11 :  0.992 0.008 
1289   HRV1EE    (0)   11 :  0.993 0.007 
1290   HRV1ET    (0)   11 :  0.993 0.007 
1291   h00111    (0)   12 :  0.991 0.009 
1292   h00211    (0)   12 :  0.993 0.007 
1293   h00311    (0)   12 :  0.988 0.012 
1294   h00411    (0)   12 :  0.966 0.034 
1295   h00511    (0)   12 :  0.986 0.014 
1296   h00611    (0)   12 :  0.992 0.008 
1297   h00711    (0)   12 :  0.985 0.015 
1298   h00811    (0)   12 :  0.961 0.039 
1299   h00911    (0)   12 :  0.978 0.022 
1300   h01011    (0)   12 :  0.992 0.008 
1301   h01111    (0)   12 :  0.987 0.013 
1302   h01211    (0)   12 :  0.988 0.012 
1303   h01311    (0)   12 :  0.991 0.009 
1304   h01411    (0)   12 :  0.992 0.008 
1305   h01511    (0)   12 :  0.977 0.023 
1306   h01611    (0)   12 :  0.992 0.008 
1307   h01711    (0)   12 :  0.981 0.019 
1308   h01811    (0)   12 :  0.992 0.008 
1309   h01911    (0)   12 :  0.992 0.008 
1310   h02011    (0)   12 :  0.983 0.017 
1311   h02111    (0)   12 :  0.992 0.008 
1312   h02211    (0)   12 :  0.988 0.012 
1313   h02311    (0)   12 :  0.990 0.010 
1314   h02411    (0)   12 :  0.988 0.012 
1315   h02511    (0)   12 :  0.961 0.039 
1316   h02611    (0)   12 :  0.989 0.011 
1317   h02711    (0)   12 :  0.991 0.009 
1318   h02811    (0)   12 :  0.976 0.024 
1319   h02911    (0)   12 :  0.979 0.021 
1320   h03011    (0)   12 :  0.977 0.023 
1321   h03111    (0)   12 :  0.995 0.005 
1322   h03211    (0)   12 :  0.992 0.008 
1323   h03311    (0)   12 :  0.990 0.010 
1324   h03411    (0)   12 :  0.991 0.009 
1325   h03511    (0)   12 :  0.991 0.009 
1326   h03611    (0)   12 :  0.991 0.009 
1327   h03711    (0)   12 :  0.987 0.013 
1328   h03811    (0)   12 :  0.994 0.006 
1329   h03911    (0)   12 :  0.988 0.012 
1330   h04011    (0)   12 :  0.984 0.016 
1331   h04111    (0)   12 :  0.993 0.007 
1332   h04211    (0)   12 :  0.974 0.026 
1333   h04311    (0)   12 :  0.990 0.010 
1334   h04411    (0)   12 :  0.994 0.006 
1335   h04511    (0)   12 :  0.974 0.026 
1336   h04611    (0)   12 :  0.988 0.012 
1337   h04711    (0)   12 :  0.992 0.008 
1338   h04811    (0)   12 :  0.991 0.009 
1339   h04911    (0)   12 :  0.990 0.010 
1340   h05011    (0)   12 :  0.992 0.008 
1341   h05111    (0)   12 :  0.987 0.013 
1342   h05211    (0)   12 :  0.985 0.015 
1343   h05311    (0)   12 :  0.988 0.012 
1344   h05411    (0)   12 :  0.984 0.016 
1345   h05511    (0)   12 :  0.986 0.014 
1346   h05611    (0)   12 :  0.983 0.017 
1347   h05711    (0)   12 :  0.985 0.015 
1348   h05811    (0)   12 :  0.971 0.029 
1349   h05911    (0)   12 :  0.993 0.007 
1350   h06011    (0)   12 :  0.990 0.010 
1351   h06111    (0)   12 :  0.986 0.014 
1352   h06211    (0)   12 :  0.990 0.010 
1353   h06311    (0)   12 :  0.986 0.014 
1354   h06411    (0)   12 :  0.994 0.006 
1355   h06511    (0)   12 :  0.988 0.012 
1356   h06611    (0)   12 :  0.986 0.014 
1357   h06711    (0)   12 :  0.891 0.109 
1358   h06811    (0)   12 :  0.972 0.028 
1359   h06911    (0)   12 :  0.988 0.012 
1360   h07011    (0)   12 :  0.992 0.008 
1361   h07111    (0)   12 :  0.990 0.010 
1362   h07211    (0)   12 :  0.982 0.018 
1363   h07311    (0)   12 :  0.992 0.008 
1364   h07411    (0)   12 :  0.989 0.011 
1365   h07511    (0)   12 :  0.991 0.009 
1366   h07611    (0)   12 :  0.989 0.011 
1367   h07711    (0)   12 :  0.993 0.007 
1368   h07811    (0)   12 :  0.901 0.099 
1369   h07911    (0)   12 :  0.972 0.028 
1370   h08011    (0)   12 :  0.990 0.010 
1371   h08111    (0)   12 :  0.992 0.008 
1372   h08211    (0)   12 :  0.987 0.013 
1373   h08311    (0)   12 :  0.988 0.012 
1374   h08411    (0)   12 :  0.990 0.010 
1375   h08511    (0)   12 :  0.987 0.013 
1376   h08611    (0)   12 :  0.992 0.008 
1377   h08711    (0)   12 :  0.973 0.027 
1378   h08811    (0)   12 :  0.990 0.010 
1379   h08911    (0)   12 :  0.989 0.011 
1380   h09011    (0)   12 :  0.989 0.011 
1381   h09111    (0)   12 :  0.953 0.047 
1382   h09211    (0)   12 :  0.988 0.012 
1383   h09311    (0)   12 :  0.985 0.015 
1384   h09411    (0)   12 :  0.991 0.009 
1385   h09511    (0)   12 :  0.991 0.009 
1386   h09611    (0)   12 :  0.991 0.009 
1387   h09711    (0)   12 :  0.990 0.010 
1388   h09811    (0)   12 :  0.989 0.011 
1389   h09911    (0)   12 :  0.987 0.013 
1390   h10011    (0)   12 :  0.985 0.015 
1391    h1011    (0)   12 :  0.988 0.012 
1392    h1021    (0)   12 :  0.967 0.033 
1393    h1031    (0)   12 :  0.994 0.006 
1394    h1041    (0)   12 :  0.982 0.018 
1395    h1051    (0)   12 :  0.989 0.011 
1396    h1061    (0)   12 :  0.993 0.007 
1397    h1071    (0)   12 :  0.992 0.008 
1398    h1081    (0)   12 :  0.951 0.049 
1399    h1091    (0)   12 :  0.987 0.013 
1400    h1101    (0)   12 :  0.986 0.014 
1401    h1111    (0)   12 :  0.989 0.011 
1402    h1121    (0)   12 :  0.992 0.008 
1403    h1131    (0)   12 :  0.984 0.016 
1404    h1141    (0)   12 :  0.992 0.008 
1405    h1151    (0)   12 :  0.990 0.010 
1406    h1161    (0)   12 :  0.993 0.007 
1407    h1171    (0)   12 :  0.987 0.013 
1408    h1181    (0)   12 :  0.991 0.009 
1409    h1191    (0)   12 :  0.986 0.014 
1410    h1201    (0)   12 :  0.967 0.033 
1411    h1211    (0)   12 :  0.986 0.014 
1412    h1221    (0)   12 :  0.988 0.012 
1413    h1231    (0)   12 :  0.992 0.008 
1414    h1241    (0)   12 :  0.973 0.027 
1415    h1251    (0)   12 :  0.992 0.008 
1416    h1261    (0)   12 :  0.991 0.009 
1417    h1271    (0)   12 :  0.993 0.007 
1418    h1281    (0)   12 :  0.982 0.018 
1419    h1291    (0)   12 :  0.992 0.008 
1420    h1301    (0)   12 :  0.981 0.019 
1421    h1311    (0)   12 :  0.982 0.018 
1422    h1321    (0)   12 :  0.991 0.009 
1423    h1331    (0)   12 :  0.964 0.036 
1424    h1341    (0)   12 :  0.984 0.016 
1425    h1351    (0)   12 :  0.981 0.019 
1426    h1361    (0)   12 :  0.993 0.007 
1427    h1371    (0)   12 :  0.979 0.021 
1428    h1381    (0)   12 :  0.992 0.008 
1429    h1391    (0)   12 :  0.990 0.010 
1430    h1401    (0)   12 :  0.989 0.011 
1431    h1411    (0)   12 :  0.987 0.013 
1432    h1421    (0)   12 :  0.987 0.013 
1433    h1431    (0)   12 :  0.982 0.018 
1434    h1441    (0)   12 :  0.984 0.016 
1435    h1451    (0)   12 :  0.982 0.018 
1436    h1461    (0)   12 :  0.978 0.022 
1437    h1471    (0)   12 :  0.991 0.009 
1438    h1481    (0)   12 :  0.992 0.008 
1439    h1491    (0)   12 :  0.967 0.033 
1440    h1501    (0)   12 :  0.988 0.012 
1441    h1511    (0)   12 :  0.989 0.011 
1442    h1521    (0)   12 :  0.989 0.011 
1443    h1531    (0)   12 :  0.987 0.013 
1444    h1541    (0)   12 :  0.992 0.008 
1445    h1551    (0)   12 :  0.992 0.008 
1446    h1561    (0)   12 :  0.991 0.009 
1447    h1571    (0)   12 :  0.990 0.010 
1448    h1581    (0)   12 :  0.978 0.022 
1449    h1591    (0)   12 :  0.961 0.039 
1450    h1601    (0)   12 :  0.971 0.029 
1451    h1611    (0)   12 :  0.991 0.009 
1452    h1621    (0)   12 :  0.993 0.007 
1453    h1631    (0)   12 :  0.973 0.027 
1454    h1641    (0)   12 :  0.993 0.007 
1455    h1651    (0)   12 :  0.974 0.026 
1456    h1661    (0)   12 :  0.991 0.009 
1457    h1671    (0)   12 :  0.983 0.017 
1458    h1681    (0)   12 :  0.985 0.015 
1459    h1691    (0)   12 :  0.991 0.009 
1460    h1701    (0)   12 :  0.992 0.008 
1461    h1711    (0)   12 :  0.973 0.027 
1462    h1721    (0)   12 :  0.983 0.017 
1463    h1731    (0)   12 :  0.984 0.016 
1464    h1741    (0)   12 :  0.985 0.015 
1465    h1751    (0)   12 :  0.985 0.015 
1466    h1761    (0)   12 :  0.993 0.007 
1467    h1771    (0)   12 :  0.992 0.008 
1468    h1781    (0)   12 :  0.978 0.022 
1469    h1791    (0)   12 :  0.991 0.009 
1470    h1801    (0)   12 :  0.984 0.016 
1471    h1811    (0)   12 :  0.987 0.013 
1472    h1821    (0)   12 :  0.993 0.007 
1473    h1831    (0)   12 :  0.988 0.012 
1474    h1841    (0)   12 :  0.990 0.010 
1475    h1851    (0)   12 :  0.991 0.009 
1476    h1861    (0)   12 :  0.962 0.038 
1477    h1871    (0)   12 :  0.985 0.015 
1478    h1881    (0)   12 :  0.984 0.016 
1479    h1891    (0)   12 :  0.959 0.041 
1480    h1901    (0)   12 :  0.990 0.010 
1481    h1911    (0)   12 :  0.987 0.013 
1482    h1921    (0)   12 :  0.941 0.059 
1483    h1931    (0)   12 :  0.988 0.012 
1484    h1941    (0)   12 :  0.991 0.009 
1485    h1951    (0)   12 :  0.948 0.052 
1486    h1961    (0)   12 :  0.992 0.008 
1487    h1971    (0)   12 :  0.985 0.015 
1488    h1981    (0)   12 :  0.990 0.010 
1489    h1991    (0)   12 :  0.992 0.008 
1490    h2001    (0)   12 :  0.988 0.012 
1491    h2011    (0)   12 :  0.976 0.024 
1492    h2021    (0)   12 :  0.992 0.008 
1493    h2031    (0)   12 :  0.990 0.010 
1494    h2041    (0)   12 :  0.990 0.010 
1495    h2051    (0)   12 :  0.991 0.009 
1496    h2061    (0)   12 :  0.992 0.008 
1497    h2071    (0)   12 :  0.987 0.013 
1498    h2081    (0)   12 :  0.992 0.008 
1499    h2091    (0)   12 :  0.992 0.008 
1500    h2101    (0)   12 :  0.988 0.012 
1501    h2111    (0)   12 :  0.980 0.020 
1502    h2121    (0)   12 :  0.993 0.007 
1503    h2131    (0)   12 :  0.990 0.010 
1504    h2141    (0)   12 :  0.988 0.012 
1505    h2151    (0)   12 :  0.991 0.009 
1506    h2161    (0)   12 :  0.992 0.008 
1507    h2171    (0)   12 :  0.989 0.011 
1508    h2181    (0)   12 :  0.993 0.007 
1509    h2191    (0)   12 :  0.971 0.029 
1510    h2201    (0)   12 :  0.989 0.011 
1511    h2211    (0)   12 :  0.987 0.013 
1512    h2221    (0)   12 :  0.992 0.008 
1513    h2231    (0)   12 :  0.993 0.007 
1514    h2241    (0)   12 :  0.989 0.011 
1515    h2251    (0)   12 :  0.993 0.007 
1516    h2261    (0)   12 :  0.992 0.008 
1517    h2271    (0)   12 :  0.988 0.012 
1518    h2281    (0)   12 :  0.987 0.013 
1519    h2291    (0)   12 :  0.982 0.018 
1520    h2301    (0)   12 :  0.985 0.015 
1521    h2311    (0)   12 :  0.989 0.011 
1522    h2321    (0)   12 :  0.988 0.012 
1523    h2331    (0)   12 :  0.993 0.007 
1524    h2341    (0)   12 :  0.988 0.012 
1525    h2351    (0)   12 :  0.989 0.011 
1526    h2361    (0)   12 :  0.988 0.012 
1527    h2371    (0)   12 :  0.990 0.010 
1528    h2381    (0)   12 :  0.986 0.014 
1529    h2391    (0)   12 :  0.985 0.015 
1530    h2401    (0)   12 :  0.989 0.011 
1531    h2411    (0)   12 :  0.991 0.009 
1532    h2421    (0)   12 :  0.991 0.009 
1533    h2431    (0)   12 :  0.994 0.006 
1534    h2441    (0)   12 :  0.984 0.016 
1535    h2451    (0)   12 :  0.986 0.014 
1536    h2461    (0)   12 :  0.987 0.013 
1537    h2471    (0)   12 :  0.989 0.011 
1538    h2481    (0)   12 :  0.991 0.009 
1539    h2491    (0)   12 :  0.989 0.011 
1540    h2501    (0)   12 :  0.982 0.018 
1541    h2511    (0)   12 :  0.987 0.013 
1542    h2521    (0)   12 :  0.944 0.056 
1543    h2531    (0)   12 :  0.971 0.029 
1544    h2541    (0)   12 :  0.983 0.017 
1545    h2551    (0)   12 :  0.990 0.010 
1546    h2561    (0)   12 :  0.947 0.053 
1547    h2571    (0)   12 :  0.993 0.007 
1548    h2581    (0)   12 :  0.994 0.006 
1549    h2591    (0)   12 :  0.988 0.012 
1550    h2601    (0)   12 :  0.986 0.014 


Estimated Allele Frequencies in each cluster
First column gives estimated ancestral frequencies


Locus 1 : Cl147 
22 alleles
0.0% missing data
  45   (0.096) 0.006 0.185 
  69   (0.107) 0.254 0.110 
  73   (0.123) 0.114 0.169 
  77   (0.083) 0.016 0.108 
  56   (0.067) 0.050 0.051 
  65   (0.051) 0.189 0.017 
  41   (0.058) 0.000 0.159 
  52   (0.081) 0.018 0.100 
  48   (0.046) 0.007 0.024 
  81   (0.018) 0.000 0.004 
  49   (0.032) 0.000 0.035 
  60   (0.042) 0.007 0.017 
  84   (0.024) 0.001 0.004 
  89   (0.020) 0.000 0.006 
  61   (0.034) 0.009 0.007 
  44   (0.022) 0.252 0.001 
  68   (0.023) 0.063 0.001 
  85   (0.016) 0.002 0.001 
 801   (0.015) 0.004 0.000 
  72   (0.015) 0.004 0.000 
  80   (0.014) 0.001 0.000 
  40   (0.015) 0.003 0.000 

Locus 2 : Cl233 
31 alleles
0.0% missing data
  63   (0.105) 0.170 0.180 
  85   (0.053) 0.008 0.057 
  73   (0.029) 0.000 0.039 
  79   (0.028) 0.000 0.038 
  71   (0.081) 0.031 0.142 
  77   (0.028) 0.000 0.031 
  75   (0.047) 0.002 0.069 
  67   (0.083) 0.204 0.102 
  55   (0.055) 0.378 0.031 
  59   (0.055) 0.183 0.034 
  81   (0.039) 0.000 0.094 
  83   (0.028) 0.000 0.035 
  93   (0.020) 0.000 0.010 
 101   (0.018) 0.000 0.006 
  69   (0.021) 0.000 0.011 
  51   (0.042) 0.010 0.025 
 100   (0.024) 0.000 0.018 
  92   (0.018) 0.000 0.005 
1121   (0.015) 0.000 0.002 
1001   (0.017) 0.000 0.004 
  89   (0.025) 0.000 0.022 
 711   (0.018) 0.000 0.005 
 116   (0.016) 0.000 0.004 
  80   (0.017) 0.000 0.004 
  43   (0.014) 0.000 0.002 
  84   (0.021) 0.000 0.007 
  88   (0.022) 0.000 0.013 
 104   (0.021) 0.000 0.010 
  97   (0.014) 0.000 0.002 
 791   (0.013) 0.000 0.001 
  35   (0.014) 0.013 0.000 

Locus 3 : Cl264 
26 alleles
0.1% missing data
  65   (0.082) 0.150 0.106 
 651   (0.088) 0.037 0.170 
 691   (0.094) 0.078 0.168 
  57   (0.026) 0.020 0.003 
  61   (0.039) 0.186 0.010 
 731   (0.052) 0.002 0.097 
 811   (0.030) 0.000 0.032 
 611   (0.057) 0.040 0.053 
  69   (0.093) 0.222 0.131 
  77   (0.039) 0.010 0.019 
  49   (0.030) 0.000 0.043 
  45   (0.019) 0.000 0.007 
 491   (0.027) 0.007 0.004 
 571   (0.019) 0.000 0.006 
 771   (0.030) 0.000 0.049 
  89   (0.036) 0.002 0.027 
 652   (0.019) 0.000 0.007 
  53   (0.041) 0.144 0.013 
  73   (0.047) 0.058 0.026 
  80   (0.022) 0.000 0.008 
 531   (0.031) 0.011 0.007 
 693   (0.013) 0.000 0.001 
  93   (0.017) 0.000 0.003 
  85   (0.019) 0.000 0.007 
  37   (0.016) 0.028 0.000 
 692   (0.014) 0.004 0.000 

Locus 4 : Cl274 
8 alleles
0.0% missing data
  61   (0.390) 0.343 0.490 
  57   (0.197) 0.485 0.164 
  65   (0.141) 0.047 0.147 
  53   (0.067) 0.003 0.052 
  69   (0.080) 0.005 0.074 
  73   (0.036) 0.000 0.029 
  49   (0.064) 0.004 0.043 
  45   (0.025) 0.113 0.001 

Locus 5 : Cl285 
36 alleles
0.1% missing data
  75   (0.077) 0.214 0.130 
  71   (0.080) 0.202 0.159 
 631   (0.027) 0.000 0.041 
  67   (0.078) 0.293 0.133 
  63   (0.043) 0.002 0.095 
  79   (0.057) 0.034 0.086 
 792   (0.041) 0.005 0.039 
 671   (0.052) 0.063 0.060 
 831   (0.044) 0.033 0.033 
 752   (0.048) 0.006 0.071 
  55   (0.027) 0.006 0.007 
1401   (0.019) 0.000 0.007 
  59   (0.036) 0.012 0.021 
 712   (0.024) 0.000 0.032 
 833   (0.026) 0.001 0.021 
1322   (0.016) 0.000 0.005 
 136   (0.029) 0.001 0.017 
 164   (0.020) 0.000 0.009 
 872   (0.014) 0.000 0.002 
1282   (0.018) 0.000 0.010 
 148   (0.015) 0.000 0.003 
 144   (0.015) 0.000 0.003 
 119   (0.018) 0.000 0.009 
1402   (0.015) 0.000 0.003 
 132   (0.018) 0.031 0.001 
 751   (0.014) 0.046 0.000 
1361   (0.013) 0.009 0.000 
1321   (0.013) 0.004 0.000 
 711   (0.013) 0.004 0.000 
 791   (0.013) 0.011 0.000 
 832   (0.013) 0.004 0.000 
 140   (0.013) 0.004 0.000 
1281   (0.013) 0.004 0.000 
 124   (0.012) 0.001 0.000 
  87   (0.013) 0.001 0.000 
1441   (0.013) 0.004 0.000 

Locus 6 : Cl291 
20 alleles
0.3% missing data
 641   (0.075) 0.015 0.074 
  72   (0.111) 0.188 0.110 
 682   (0.037) 0.000 0.043 
 801   (0.041) 0.000 0.062 
 681   (0.116) 0.010 0.213 
  76   (0.104) 0.096 0.110 
 722   (0.054) 0.000 0.117 
 601   (0.021) 0.000 0.006 
  80   (0.047) 0.001 0.064 
 761   (0.041) 0.080 0.008 
 762   (0.042) 0.000 0.063 
 721   (0.078) 0.093 0.057 
  84   (0.057) 0.004 0.047 
  64   (0.041) 0.324 0.006 
  68   (0.035) 0.161 0.004 
 843   (0.028) 0.001 0.007 
 881   (0.022) 0.000 0.007 
 763   (0.017) 0.020 0.000 
 803   (0.019) 0.001 0.002 
  60   (0.016) 0.003 0.000 

Locus 7 : Cl308 
52 alleles
0.0% missing data
  72   (0.055) 0.140 0.130 
  64   (0.042) 0.156 0.053 
  68   (0.057) 0.484 0.116 
 103   (0.019) 0.000 0.024 
  80   (0.035) 0.014 0.042 
  76   (0.051) 0.134 0.106 
1151   (0.018) 0.000 0.017 
 123   (0.020) 0.000 0.028 
 115   (0.022) 0.000 0.041 
  83   (0.022) 0.000 0.029 
1231   (0.017) 0.000 0.013 
1192   (0.016) 0.000 0.007 
 131   (0.017) 0.000 0.015 
1191   (0.014) 0.000 0.005 
 752   (0.017) 0.000 0.010 
 143   (0.016) 0.000 0.013 
  79   (0.021) 0.000 0.037 
 119   (0.017) 0.000 0.012 
1431   (0.020) 0.000 0.032 
1112   (0.023) 0.000 0.046 
1193   (0.016) 0.000 0.012 
1591   (0.014) 0.000 0.005 
1232   (0.018) 0.001 0.008 
 139   (0.015) 0.000 0.008 
1111   (0.016) 0.000 0.009 
 127   (0.014) 0.000 0.005 
1391   (0.018) 0.000 0.019 
 121   (0.014) 0.000 0.004 
1313   (0.014) 0.000 0.004 
1113   (0.016) 0.000 0.008 
  87   (0.022) 0.000 0.048 
1031   (0.015) 0.000 0.007 
 155   (0.015) 0.000 0.007 
1312   (0.013) 0.000 0.003 
1272   (0.020) 0.003 0.004 
 151   (0.014) 0.000 0.005 
1351   (0.015) 0.000 0.007 
 135   (0.014) 0.000 0.005 
1432   (0.013) 0.000 0.003 
1152   (0.015) 0.000 0.007 
1271   (0.017) 0.000 0.013 
1311   (0.014) 0.000 0.004 
1472   (0.013) 0.000 0.002 
 137   (0.015) 0.000 0.005 
  88   (0.013) 0.000 0.003 
  60   (0.018) 0.029 0.002 
 712   (0.015) 0.000 0.009 
1071   (0.014) 0.000 0.005 
 107   (0.013) 0.001 0.002 
  71   (0.012) 0.005 0.000 
 751   (0.012) 0.027 0.000 
  67   (0.012) 0.004 0.000 

Locus 8 : Cl330 
25 alleles
1.4% missing data
  52   (0.139) 0.046 0.323 
 601   (0.083) 0.016 0.139 
  40   (0.069) 0.052 0.068 
  72   (0.037) 0.006 0.013 
  56   (0.085) 0.019 0.137 
 481   (0.070) 0.227 0.051 
  61   (0.033) 0.000 0.044 
  80   (0.016) 0.000 0.002 
 681   (0.049) 0.013 0.029 
  64   (0.048) 0.002 0.060 
  57   (0.023) 0.000 0.011 
  75   (0.023) 0.000 0.010 
  71   (0.025) 0.000 0.011 
  28   (0.050) 0.212 0.017 
  65   (0.030) 0.001 0.014 
 441   (0.058) 0.054 0.035 
  36   (0.027) 0.000 0.022 
  79   (0.018) 0.000 0.005 
  73   (0.019) 0.000 0.005 
 602   (0.016) 0.000 0.003 
  44   (0.020) 0.169 0.001 
  48   (0.018) 0.126 0.001 
  67   (0.015) 0.031 0.000 
  62   (0.015) 0.010 0.000 
 521   (0.015) 0.017 0.000 

Locus 9 : Cl344 
15 alleles
3.5% missing data
  56   (0.261) 0.072 0.445 
  60   (0.191) 0.086 0.261 
  48   (0.024) 0.000 0.008 
  76   (0.027) 0.000 0.013 
  64   (0.135) 0.398 0.105 
  72   (0.081) 0.012 0.073 
 761   (0.020) 0.000 0.004 
 641   (0.033) 0.000 0.025 
  68   (0.063) 0.026 0.033 
 601   (0.028) 0.000 0.015 
  52   (0.046) 0.307 0.007 
 681   (0.019) 0.000 0.003 
 721   (0.021) 0.000 0.005 
 561   (0.027) 0.051 0.002 
 521   (0.024) 0.048 0.001 

Locus 10 : Cl366 
8 alleles
0.1% missing data
  80   (0.286) 0.427 0.310 
  92   (0.049) 0.001 0.048 
  76   (0.217) 0.219 0.233 
  88   (0.078) 0.002 0.110 
  84   (0.130) 0.074 0.120 
  72   (0.183) 0.268 0.169 
  64   (0.038) 0.009 0.006 
  68   (0.019) 0.001 0.002 

Locus 11 : Cl375 
15 alleles
0.0% missing data
 491   (0.102) 0.089 0.106 
  53   (0.201) 0.399 0.273 
 612   (0.053) 0.016 0.027 
  57   (0.170) 0.101 0.274 
  45   (0.066) 0.123 0.035 
  61   (0.125) 0.163 0.142 
 651   (0.047) 0.003 0.031 
  69   (0.030) 0.000 0.026 
 571   (0.060) 0.015 0.040 
  65   (0.034) 0.000 0.033 
  37   (0.021) 0.000 0.006 
 691   (0.033) 0.012 0.005 
 531   (0.025) 0.055 0.001 
  49   (0.018) 0.019 0.000 
 532   (0.016) 0.004 0.000 

Locus 12 : Cl408 
13 alleles
0.1% missing data
  62   (0.224) 0.073 0.313 
  74   (0.044) 0.000 0.050 
  50   (0.073) 0.297 0.025 
  58   (0.114) 0.103 0.087 
  66   (0.146) 0.009 0.237 
  70   (0.050) 0.000 0.073 
  54   (0.170) 0.162 0.168 
  78   (0.027) 0.000 0.012 
  79   (0.023) 0.000 0.006 
  75   (0.061) 0.097 0.020 
  82   (0.023) 0.000 0.006 
  46   (0.027) 0.247 0.001 
  34   (0.017) 0.010 0.000 

Locus 13 : Cl507 
22 alleles
0.0% missing data
  70   (0.087) 0.075 0.086 
  94   (0.036) 0.001 0.025 
  74   (0.046) 0.001 0.070 
  54   (0.058) 0.056 0.032 
  82   (0.076) 0.001 0.213 
  90   (0.062) 0.011 0.055 
  86   (0.046) 0.000 0.086 
 701   (0.034) 0.002 0.011 
  78   (0.043) 0.000 0.077 
  62   (0.101) 0.290 0.088 
 741   (0.036) 0.000 0.049 
  66   (0.112) 0.329 0.110 
 661   (0.028) 0.000 0.023 
  58   (0.055) 0.146 0.021 
  98   (0.042) 0.004 0.020 
 781   (0.026) 0.000 0.015 
 141   (0.023) 0.000 0.011 
 102   (0.017) 0.000 0.003 
 106   (0.019) 0.000 0.005 
 621   (0.020) 0.054 0.001 
  50   (0.017) 0.023 0.000 
 702   (0.015) 0.006 0.000 

Locus 14 : Cl527 
29 alleles
0.0% missing data
  62   (0.082) 0.034 0.113 
 622   (0.023) 0.001 0.008 
 461   (0.038) 0.008 0.015 
  82   (0.018) 0.000 0.004 
 661   (0.057) 0.001 0.134 
  70   (0.039) 0.000 0.079 
 581   (0.056) 0.025 0.043 
 701   (0.041) 0.000 0.090 
 501   (0.033) 0.001 0.028 
  66   (0.091) 0.150 0.112 
 741   (0.029) 0.000 0.027 
  58   (0.084) 0.035 0.119 
 541   (0.033) 0.000 0.052 
  74   (0.028) 0.003 0.005 
 621   (0.044) 0.000 0.090 
  78   (0.023) 0.000 0.012 
 781   (0.017) 0.000 0.004 
 462   (0.023) 0.000 0.013 
  67   (0.026) 0.000 0.018 
  54   (0.031) 0.195 0.004 
  50   (0.054) 0.228 0.027 
  63   (0.015) 0.000 0.002 
  46   (0.018) 0.097 0.000 
  42   (0.022) 0.156 0.001 
  61   (0.016) 0.036 0.000 
  57   (0.016) 0.019 0.000 
  26   (0.013) 0.000 0.001 
  53   (0.013) 0.001 0.000 
  65   (0.015) 0.009 0.000 

Locus 15 : Cl380 
21 alleles
3.0% missing data
 671   (0.106) 0.165 0.123 
 672   (0.103) 0.164 0.118 
 751   (0.031) 0.000 0.029 
  71   (0.043) 0.000 0.071 
  79   (0.175) 0.473 0.261 
  75   (0.092) 0.044 0.120 
 711   (0.053) 0.000 0.128 
  67   (0.025) 0.000 0.016 
 791   (0.018) 0.000 0.004 
 591   (0.037) 0.009 0.010 
 552   (0.032) 0.000 0.034 
 792   (0.028) 0.001 0.010 
 593   (0.027) 0.000 0.013 
  59   (0.039) 0.004 0.014 
 631   (0.038) 0.026 0.009 
 833   (0.042) 0.008 0.018 
 712   (0.022) 0.000 0.010 
  63   (0.041) 0.029 0.012 
 551   (0.017) 0.066 0.000 
 592   (0.015) 0.005 0.000 
 632   (0.015) 0.006 0.000 

Locus 16 : Lup02 
6 alleles
0.1% missing data
  56   (0.511) 0.658 0.525 
  60   (0.180) 0.054 0.187 
  52   (0.149) 0.210 0.101 
  48   (0.106) 0.002 0.174 
 561   (0.033) 0.000 0.013 
  64   (0.022) 0.076 0.001 

Locus 17 : Lup13 
5 alleles
0.0% missing data
  57   (0.291) 0.608 0.235 
  61   (0.421) 0.257 0.474 
  65   (0.077) 0.001 0.122 
  53   (0.193) 0.132 0.169 
  69   (0.018) 0.002 0.001 

Locus 18 : Lup20 
9 alleles
0.8% missing data
  56   (0.478) 0.211 0.648 
 601   (0.072) 0.001 0.113 
  60   (0.168) 0.423 0.116 
  68   (0.083) 0.204 0.032 
  64   (0.097) 0.075 0.058 
  72   (0.028) 0.000 0.012 
 681   (0.020) 0.000 0.003 
 641   (0.031) 0.000 0.017 
  52   (0.023) 0.086 0.001 

Locus 19 : Lup21 
11 alleles
0.1% missing data
  41   (0.282) 0.082 0.374 
  57   (0.248) 0.115 0.289 
  53   (0.192) 0.412 0.146 
  37   (0.034) 0.001 0.013 
  45   (0.087) 0.001 0.160 
 531   (0.023) 0.000 0.006 
 611   (0.042) 0.038 0.006 
 491   (0.021) 0.000 0.004 
 612   (0.021) 0.043 0.001 
  49   (0.029) 0.229 0.002 
  61   (0.021) 0.078 0.000 

Locus 20 : Lup23 
6 alleles
0.0% missing data
  59   (0.264) 0.350 0.191 
  63   (0.633) 0.140 0.787 
  67   (0.036) 0.000 0.020 
  55   (0.032) 0.501 0.002 
  51   (0.017) 0.002 0.000 
 671   (0.018) 0.008 0.000 

Values of parameters used in structure:
DATAFILE=/home/eva.pavlovic/data_job_4a2_6_3,	OUTFILE=/home/eva.pavlovic/ParallelStructure/26_results_20MS/4a2_Croatia_high_numbers/4a2_Croatia_high_numbers_6/results_job_4a2_6_3,	NUMINDS=1550,	NUMLOCI=20,	MISSING=-9,	LABEL=1,	POPDATA=1,	POPFLAG=0,	PHENOTYPE=0,	EXTRACOLS=0,	MAXPOPS=2,	BURNIN=300000,	NUMREPS=3000000,	USEPOPINFO=0,	INFERALPHA=1,	INFERLAMBDA=0,	POPSPECIFICLAMBDA=0,	POPALPHAS=0,	COMPUTEPROB=1,	NOADMIX=0,	ADMBURNIN=2500,	UPDATEFREQ=1,	PRINTLIKES=0,	INTERMEDSAVE=0,	PRINTKLD=0,	PRINTNET=0,	PRINTLAMBDA=0,	ANCESTDIST=0,	NUMBOXES=1000,	ANCESTPINT=0.90000,	GENSBACK=2,	MIGRPRIOR=0.05000,	PRINTQHAT=1,	PRINTQSUM=0,	ALPHA=1.0000,	FREQSCORR=1,	FPRIORMEAN=0.0100,	FPRIORSD=0.0500,	ONEFST=0,	LAMBDA=1.0000,	UNIFPRIORALPHA=1,	ALPHAMAX=10.0000,	ALPHAPRIORA=1.0000,	ALPHAPRIORB=2.0000,	ALPHAPROPSD=0.0250,	STARTATPOPINFO=0,	RANDOMIZE=1,	LINKAGE=0,	METROFREQ=10,	REPORTHITRATE=0,	MARKOVPHASE=-1,	PHASED=0,	PLOIDY=2,	PHASEINFO=0	LOCPRIOR=0, 	LOCPRIORINIT=1.000000, 	LOCDATA=0, 	LOCISPOP=0, 	LOCPRIORSTEP=0.100000, 	MAXLOCPRIOR=20.000000, 	SEED=1772637891,	
[STRAT parameters]:    NUMSIMSTATS=1000,	PHENOTYPECOL=-9,	POOLFREQ=10,	LOCUSxONLY=0,	EMERROR=0.00100,	MISSINGPHENO=-9,	