1:	0.0072 0.0063 0.0072 0.0102 0.9691 	100
2:	0.0073 0.0070 0.0068 0.0084 0.9706 	200
3:	0.0502 0.0252 0.5129 0.0078 0.4039 	6
4:	0.0150 0.0260 0.4983 0.0154 0.4452 	100
5:	0.0320 0.0090 0.4674 0.0192 0.4724 	100
6:	0.0140 0.4950 0.0142 0.0071 0.4696 	100
7:	0.0094 0.0085 0.0091 0.5155 0.4575 	100
8:	0.4969 0.0140 0.0176 0.0119 0.4596 	100
9:	0.1080 0.0045 0.8482 0.0157 0.0235 	2
10:	0.0204 0.0216 0.8004 0.0123 0.1454 	100
11:	0.0244 0.0090 0.7703 0.0214 0.1749 	100
12:	0.0120 0.7409 0.0115 0.0093 0.2263 	100
13:	0.0126 0.0076 0.0127 0.7745 0.1925 	100
14:	0.7788 0.0121 0.0190 0.0125 0.1776 	100
15:	0.0462 0.0187 0.8697 0.0186 0.0467 	42
16:	0.0110 0.0178 0.9275 0.0101 0.0336 	100
17:	0.0222 0.0092 0.8836 0.0189 0.0661 	100
18:	0.0125 0.8745 0.0140 0.0071 0.0919 	100
19:	0.0151 0.0093 0.0127 0.9040 0.0589 	100
20:	0.9064 0.0090 0.0165 0.0141 0.0539 	100
21:	0.0282 0.0389 0.9118 0.0167 0.0044 	105
22:	0.0135 0.0203 0.9502 0.0087 0.0072 	240
23:	0.0502 0.0126 0.9099 0.0191 0.0081 	68
24:	0.0201 0.0079 0.9516 0.0147 0.0057 	31
25:	0.0192 0.0081 0.9547 0.0123 0.0057 	125
26:	0.0209 0.0073 0.9451 0.0208 0.0059 	53
27:	0.0156 0.0069 0.9503 0.0214 0.0058 	125
28:	0.0044 0.9845 0.0045 0.0037 0.0030 	28
29:	0.0039 0.9857 0.0038 0.0037 0.0028 	300
30:	0.0076 0.0036 0.0044 0.9814 0.0029 	27
31:	0.0051 0.0039 0.0036 0.9844 0.0029 	300
32:	0.9724 0.0064 0.0089 0.0088 0.0035 	40
33:	0.9741 0.0072 0.0072 0.0080 0.0035 	300
