

----------------------------------------------------
STRUCTURE by Pritchard, Stephens and Donnelly (2000)
     and Falush, Stephens and Pritchard (2003)
       Code by Pritchard, Falush and Hubisz
             Version 2.3.4 (Jul 2012)
----------------------------------------------------



Command line arguments:   /home/eva.pavlovic/Structure/structure -m parameter_job_4a1_10_1 
Input File:    /home/eva.pavlovic/data_job_4a1_10_1

Run parameters:
   750 individuals
   20 loci
   2 populations assumed
   300000 Burn-in period
   3000000 Reps


--------------------------------------------
Proportion of membership of each pre-defined
 population in each of the 2 clusters

Given    Inferred Clusters       Number of
 Pop       1      2             Individuals

  1:     0.966  0.034             100
  2:     0.906  0.094             100
  3:     0.801  0.199             100
  4:     0.387  0.613               6
  5:     0.514  0.486             100
  6:     0.100  0.900               2
  7:     0.235  0.765             100
  8:     0.064  0.936              42
  9:     0.103  0.897             100
 10:     0.042  0.958             100
--------------------------------------------

Allele-freq. divergence among pops (Net nucleotide distance),
computed using point estimates of P.

      1       2      
 1      -    0.0838  
 2   0.0838     -    

Average distances (expected heterozygosity) between individuals in same cluster:
cluster  1  : 0.7961 
cluster  2  : 0.7406 

--------------------------------------------
Estimated Ln Prob of Data   = -57874.2
Mean value of ln likelihood = -57540.6
Variance of ln likelihood   = 667.2
Mean value of alpha         = 0.3358

Mean value of Fst_1         = 0.0260
Mean value of Fst_2         = 0.1319


Inferred ancestry of individuals:
        Label (%Miss) Pop:  Inferred clusters
  1    M1EL5    (5)    1 :  0.957 0.043 
  2    W26T6    (5)    1 :  0.921 0.079 
  3    W26XX    (5)    1 :  0.977 0.023 
  4    M013P    (0)    1 :  0.981 0.019 
  5    M1ELA    (0)    1 :  0.908 0.092 
  6    M2C73    (0)    1 :  0.973 0.027 
  7    W23P4    (0)    1 :  0.918 0.082 
  8    W247C    (5)    1 :  0.977 0.023 
  9    W24K1    (0)    1 :  0.981 0.019 
 10    W24ME    (0)    1 :  0.945 0.055 
 11    W2514    (0)    1 :  0.968 0.032 
 12    W26MA    (0)    1 :  0.961 0.039 
 13    W26MM    (0)    1 :  0.978 0.022 
 14    W26MU    (0)    1 :  0.963 0.037 
 15    W26P0    (0)    1 :  0.975 0.025 
 16    W26P3    (0)    1 :  0.984 0.016 
 17    W26T5    (0)    1 :  0.980 0.020 
 18    W26TE    (0)    1 :  0.941 0.059 
 19    W26TF    (0)    1 :  0.977 0.023 
 20    W26U8    (0)    1 :  0.932 0.068 
 21    W26UJ    (0)    1 :  0.981 0.019 
 22    W26UK    (0)    1 :  0.984 0.016 
 23    W26UT    (0)    1 :  0.981 0.019 
 24    W26XT    (0)    1 :  0.979 0.021 
 25   CC06H2    (0)    1 :  0.943 0.057 
 26   CC06H4    (0)    1 :  0.969 0.031 
 27   CC06H5    (5)    1 :  0.945 0.055 
 28   CC06H6    (0)    1 :  0.962 0.038 
 29   CC06HE    (0)    1 :  0.979 0.021 
 30   CC06HF    (0)    1 :  0.929 0.071 
 31   CC06HH    (0)    1 :  0.978 0.022 
 32   CC06HJ    (0)    1 :  0.970 0.030 
 33   CC06HL    (0)    1 :  0.984 0.016 
 34   CC06HP    (0)    1 :  0.982 0.018 
 35   CC06HT    (0)    1 :  0.946 0.054 
 36   CC06HU    (0)    1 :  0.970 0.030 
 37   CC06HY    (0)    1 :  0.957 0.043 
 38   CC06J0    (0)    1 :  0.974 0.026 
 39   CC06J1    (0)    1 :  0.970 0.030 
 40   CC06J2    (0)    1 :  0.972 0.028 
 41  CT.0YCY    (0)    1 :  0.973 0.027 
 42  CT.0YEC    (0)    1 :  0.985 0.015 
 43  CT.0YEF    (0)    1 :  0.972 0.028 
 44  CT.0YEU    (0)    1 :  0.982 0.018 
 45  CT.0YF2    (5)    1 :  0.956 0.044 
 46  CT.0YF8    (0)    1 :  0.982 0.018 
 47  CT.0YFA    (0)    1 :  0.969 0.031 
 48  CT.0YFE    (0)    1 :  0.971 0.029 
 49  CT.0YFP    (0)    1 :  0.950 0.050 
 50  CT.0YFU    (0)    1 :  0.971 0.029 
 51  CT.0YK7    (0)    1 :  0.970 0.030 
 52  CX.10PT    (0)    1 :  0.914 0.086 
 53   DAM021    (0)    1 :  0.963 0.037 
 54   DAM034    (0)    1 :  0.963 0.037 
 55   DAM07X    (0)    1 :  0.968 0.032 
 56  EF.15J6    (0)    1 :  0.978 0.022 
 57   HRV010   (10)    1 :  0.975 0.025 
 58   HRV02J    (5)    1 :  0.962 0.038 
 59   HRV078    (0)    1 :  0.966 0.034 
 60   HRV0FH    (0)    1 :  0.978 0.022 
 61   HRV0H5    (0)    1 :  0.965 0.035 
 62   HRV0JF    (0)    1 :  0.930 0.070 
 63   HRV0JJ    (0)    1 :  0.968 0.032 
 64   HRV0JM    (0)    1 :  0.969 0.031 
 65   HRV0K6    (0)    1 :  0.948 0.052 
 66   HRV0K7    (0)    1 :  0.978 0.022 
 67   HRV0KP    (5)    1 :  0.972 0.028 
 68   HRV1AX    (0)    1 :  0.943 0.057 
 69   HRV1C4    (0)    1 :  0.964 0.036 
 70   HRV1CH    (0)    1 :  0.972 0.028 
 71   HRV1FA    (5)    1 :  0.965 0.035 
 72   HRV1FK    (0)    1 :  0.955 0.045 
 73   HRV1H8    (5)    1 :  0.972 0.028 
 74   HRV1HT   (10)    1 :  0.960 0.040 
 75   HRV1XU   (10)    1 :  0.959 0.041 
 76   HRV4TF    (0)    1 :  0.979 0.021 
 77   HRV6F0   (10)    1 :  0.969 0.031 
 78   HRVE6L    (0)    1 :  0.966 0.034 
 79    M27HM    (5)    1 :  0.970 0.030 
 80    M27HP    (0)    1 :  0.980 0.020 
 81    M2AK4    (0)    1 :  0.977 0.023 
 82    M2ALA    (0)    1 :  0.980 0.020 
 83    M2C56    (0)    1 :  0.963 0.037 
 84    M2CUX    (0)    1 :  0.950 0.050 
 85    M2E24    (0)    1 :  0.981 0.019 
 86    M2EA7    (5)    1 :  0.976 0.024 
 87    M2EH6    (0)    1 :  0.976 0.024 
 88    M2EKC    (0)    1 :  0.907 0.093 
 89   MSV083    (0)    1 :  0.976 0.024 
 90   MSV084    (0)    1 :  0.966 0.034 
 91   MSV0LJ    (0)    1 :  0.962 0.038 
 92   MSV1H5    (0)    1 :  0.968 0.032 
 93   MSV1KM    (0)    1 :  0.980 0.020 
 94   MSV23F    (5)    1 :  0.973 0.027 
 95   MSV2L8    (0)    1 :  0.971 0.029 
 96   MSV2P7    (5)    1 :  0.977 0.023 
 97   MSV2TJ    (0)    1 :  0.959 0.041 
 98   MSV2XM    (0)    1 :  0.970 0.030 
 99   MSV327    (5)    1 :  0.976 0.024 
100   MSV33L    (5)    1 :  0.981 0.019 
101     h001    (0)    2 :  0.939 0.061 
102     h002    (0)    2 :  0.910 0.090 
103     h003    (0)    2 :  0.825 0.175 
104     h004    (0)    2 :  0.947 0.053 
105     h005    (0)    2 :  0.900 0.100 
106     h006    (0)    2 :  0.855 0.145 
107     h007    (0)    2 :  0.943 0.057 
108     h008    (0)    2 :  0.977 0.023 
109     h009    (0)    2 :  0.780 0.220 
110     h010    (0)    2 :  0.951 0.049 
111     h011    (0)    2 :  0.928 0.072 
112     h012    (0)    2 :  0.857 0.143 
113     h013    (0)    2 :  0.955 0.045 
114     h014    (0)    2 :  0.966 0.034 
115     h015    (0)    2 :  0.888 0.112 
116     h016    (0)    2 :  0.952 0.048 
117     h017    (0)    2 :  0.861 0.139 
118     h018    (0)    2 :  0.845 0.155 
119     h019    (0)    2 :  0.871 0.129 
120     h020    (0)    2 :  0.901 0.099 
121     h021    (0)    2 :  0.866 0.134 
122     h022    (0)    2 :  0.868 0.132 
123     h023    (0)    2 :  0.856 0.144 
124     h024    (0)    2 :  0.916 0.084 
125     h025    (0)    2 :  0.966 0.034 
126     h026    (0)    2 :  0.960 0.040 
127     h027    (0)    2 :  0.874 0.126 
128     h028    (0)    2 :  0.800 0.200 
129     h029    (0)    2 :  0.962 0.038 
130     h030    (0)    2 :  0.933 0.067 
131     h031    (0)    2 :  0.690 0.310 
132     h032    (0)    2 :  0.809 0.191 
133     h033    (0)    2 :  0.701 0.299 
134     h034    (0)    2 :  0.912 0.088 
135     h035    (0)    2 :  0.962 0.038 
136     h036    (0)    2 :  0.915 0.085 
137     h037    (0)    2 :  0.923 0.077 
138     h038    (0)    2 :  0.786 0.214 
139     h039    (0)    2 :  0.943 0.057 
140     h040    (0)    2 :  0.934 0.066 
141     h041    (0)    2 :  0.955 0.045 
142     h042    (0)    2 :  0.970 0.030 
143     h043    (0)    2 :  0.955 0.045 
144     h044    (0)    2 :  0.867 0.133 
145     h045    (0)    2 :  0.940 0.060 
146     h046    (0)    2 :  0.839 0.161 
147     h047    (0)    2 :  0.900 0.100 
148     h048    (0)    2 :  0.969 0.031 
149     h049    (0)    2 :  0.855 0.145 
150     h050    (0)    2 :  0.943 0.057 
151     h051    (0)    2 :  0.946 0.054 
152     h052    (0)    2 :  0.908 0.092 
153     h053    (0)    2 :  0.911 0.089 
154     h054    (0)    2 :  0.900 0.100 
155     h055    (0)    2 :  0.829 0.171 
156     h056    (0)    2 :  0.833 0.167 
157     h057    (0)    2 :  0.917 0.083 
158     h058    (0)    2 :  0.953 0.047 
159     h059    (0)    2 :  0.928 0.072 
160     h060    (0)    2 :  0.953 0.047 
161     h061    (0)    2 :  0.931 0.069 
162     h062    (0)    2 :  0.962 0.038 
163     h063    (0)    2 :  0.942 0.058 
164     h064    (0)    2 :  0.944 0.056 
165     h065    (0)    2 :  0.856 0.144 
166     h066    (0)    2 :  0.925 0.075 
167     h067    (0)    2 :  0.941 0.059 
168     h068    (0)    2 :  0.791 0.209 
169     h069    (0)    2 :  0.975 0.025 
170     h070    (0)    2 :  0.974 0.026 
171     h071    (0)    2 :  0.925 0.075 
172     h072    (0)    2 :  0.880 0.120 
173     h073    (0)    2 :  0.918 0.082 
174     h074    (0)    2 :  0.931 0.069 
175     h075    (0)    2 :  0.968 0.032 
176     h076    (0)    2 :  0.755 0.245 
177     h077    (0)    2 :  0.947 0.053 
178     h078    (0)    2 :  0.784 0.216 
179     h079    (0)    2 :  0.905 0.095 
180     h080    (0)    2 :  0.770 0.230 
181     h081    (0)    2 :  0.910 0.090 
182     h082    (0)    2 :  0.834 0.166 
183     h083    (0)    2 :  0.874 0.126 
184     h084    (0)    2 :  0.968 0.032 
185     h085    (0)    2 :  0.974 0.026 
186     h086    (0)    2 :  0.968 0.032 
187     h087    (0)    2 :  0.979 0.021 
188     h088    (0)    2 :  0.896 0.104 
189     h089    (0)    2 :  0.964 0.036 
190     h090    (0)    2 :  0.945 0.055 
191     h091    (0)    2 :  0.975 0.025 
192     h092    (0)    2 :  0.905 0.095 
193     h093    (0)    2 :  0.971 0.029 
194     h094    (0)    2 :  0.934 0.066 
195     h095    (0)    2 :  0.924 0.076 
196     h096    (0)    2 :  0.955 0.045 
197     h097    (0)    2 :  0.950 0.050 
198     h098    (0)    2 :  0.941 0.059 
199     h099    (0)    2 :  0.905 0.095 
200     h100    (0)    2 :  0.930 0.070 
201    h0011    (0)    3 :  0.741 0.259 
202    h0021    (0)    3 :  0.604 0.396 
203    h0031    (0)    3 :  0.761 0.239 
204    h0041    (0)    3 :  0.720 0.280 
205    h0051    (0)    3 :  0.615 0.385 
206    h0061    (0)    3 :  0.875 0.125 
207    h0071    (0)    3 :  0.704 0.296 
208    h0081    (0)    3 :  0.590 0.410 
209    h0091    (0)    3 :  0.924 0.076 
210    h0101    (0)    3 :  0.906 0.094 
211    h0111    (0)    3 :  0.909 0.091 
212    h0121    (0)    3 :  0.839 0.161 
213    h0131    (0)    3 :  0.918 0.082 
214    h0141    (0)    3 :  0.948 0.052 
215    h0151    (0)    3 :  0.929 0.071 
216    h0161    (0)    3 :  0.739 0.261 
217    h0171    (0)    3 :  0.608 0.392 
218    h0181    (0)    3 :  0.833 0.167 
219    h0191    (0)    3 :  0.792 0.208 
220    h0201    (0)    3 :  0.953 0.047 
221    h0211    (0)    3 :  0.918 0.082 
222    h0221    (0)    3 :  0.949 0.051 
223    h0231    (0)    3 :  0.895 0.105 
224    h0241    (0)    3 :  0.833 0.167 
225    h0251    (0)    3 :  0.941 0.059 
226    h0261    (0)    3 :  0.878 0.122 
227    h0271    (0)    3 :  0.849 0.151 
228    h0281    (0)    3 :  0.912 0.088 
229    h0291    (0)    3 :  0.822 0.178 
230    h0301    (0)    3 :  0.930 0.070 
231    h0311    (0)    3 :  0.721 0.279 
232    h0321    (0)    3 :  0.689 0.311 
233    h0331    (0)    3 :  0.654 0.346 
234    h0341    (0)    3 :  0.844 0.156 
235    h0351    (0)    3 :  0.759 0.241 
236    h0361    (0)    3 :  0.910 0.090 
237    h0371    (0)    3 :  0.972 0.028 
238    h0381    (0)    3 :  0.610 0.390 
239    h0391    (0)    3 :  0.723 0.277 
240    h0401    (0)    3 :  0.624 0.376 
241    h0411    (0)    3 :  0.627 0.373 
242    h0421    (0)    3 :  0.894 0.106 
243    h0431    (0)    3 :  0.725 0.275 
244    h0441    (0)    3 :  0.903 0.097 
245    h0451    (0)    3 :  0.657 0.343 
246    h0461    (0)    3 :  0.739 0.261 
247    h0471    (0)    3 :  0.893 0.107 
248    h0481    (0)    3 :  0.869 0.131 
249    h0491    (0)    3 :  0.597 0.403 
250    h0501    (0)    3 :  0.699 0.301 
251    h0511    (0)    3 :  0.857 0.143 
252    h0521    (0)    3 :  0.784 0.216 
253    h0531    (0)    3 :  0.757 0.243 
254    h0541    (0)    3 :  0.913 0.087 
255    h0551    (0)    3 :  0.870 0.130 
256    h0561    (0)    3 :  0.766 0.234 
257    h0571    (0)    3 :  0.889 0.111 
258    h0581    (0)    3 :  0.914 0.086 
259    h0591    (0)    3 :  0.571 0.429 
260    h0601    (0)    3 :  0.653 0.347 
261    h0611    (0)    3 :  0.676 0.324 
262    h0621    (0)    3 :  0.680 0.320 
263    h0631    (0)    3 :  0.723 0.277 
264    h0641    (0)    3 :  0.726 0.274 
265    h0651    (0)    3 :  0.705 0.295 
266    h0661    (0)    3 :  0.606 0.394 
267    h0671    (0)    3 :  0.954 0.046 
268    h0681    (0)    3 :  0.662 0.338 
269    h0691    (0)    3 :  0.949 0.051 
270    h0701    (0)    3 :  0.853 0.147 
271    h0711    (0)    3 :  0.630 0.370 
272    h0721    (0)    3 :  0.821 0.179 
273    h0731    (0)    3 :  0.772 0.228 
274    h0741    (0)    3 :  0.635 0.365 
275    h0751    (0)    3 :  0.759 0.241 
276    h0761    (0)    3 :  0.812 0.188 
277    h0771    (0)    3 :  0.815 0.185 
278    h0781    (0)    3 :  0.742 0.258 
279    h0791    (0)    3 :  0.944 0.056 
280    h0801    (0)    3 :  0.768 0.232 
281    h0811    (0)    3 :  0.914 0.086 
282    h0821    (0)    3 :  0.975 0.025 
283    h0831    (0)    3 :  0.746 0.254 
284    h0841    (0)    3 :  0.920 0.080 
285    h0851    (0)    3 :  0.830 0.170 
286    h0861    (0)    3 :  0.932 0.068 
287    h0871    (0)    3 :  0.865 0.135 
288    h0881    (0)    3 :  0.736 0.264 
289    h0891    (0)    3 :  0.773 0.227 
290    h0901    (0)    3 :  0.870 0.130 
291    h0911    (0)    3 :  0.669 0.331 
292    h0921    (0)    3 :  0.670 0.330 
293    h0931    (0)    3 :  0.961 0.039 
294    h0941    (0)    3 :  0.852 0.148 
295    h0951    (0)    3 :  0.960 0.040 
296    h0961    (0)    3 :  0.880 0.120 
297    h0971    (0)    3 :  0.754 0.246 
298    h0981    (0)    3 :  0.941 0.059 
299    h0991    (0)    3 :  0.957 0.043 
300    h1001    (0)    3 :  0.704 0.296 
301   MSV1TX    (5)    4 :  0.605 0.395 
302   MSV025    (0)    4 :  0.276 0.724 
303   MSV02C    (0)    4 :  0.459 0.541 
304   MSV02E    (5)    4 :  0.409 0.591 
305   MSV0TF    (5)    4 :  0.354 0.646 
306    M2EL8    (0)    4 :  0.220 0.780 
307    h0012    (0)    5 :  0.633 0.367 
308    h0022    (0)    5 :  0.711 0.289 
309    h0032    (0)    5 :  0.553 0.447 
310    h0042    (0)    5 :  0.486 0.514 
311    h0052    (0)    5 :  0.669 0.331 
312    h0062    (0)    5 :  0.478 0.522 
313    h0072    (0)    5 :  0.659 0.341 
314    h0082    (0)    5 :  0.560 0.440 
315    h0092    (0)    5 :  0.451 0.549 
316    h0102    (0)    5 :  0.397 0.603 
317    h0112    (0)    5 :  0.494 0.506 
318    h0122    (0)    5 :  0.514 0.486 
319    h0132    (0)    5 :  0.621 0.379 
320    h0142    (0)    5 :  0.447 0.553 
321    h0152    (0)    5 :  0.449 0.551 
322    h0162    (0)    5 :  0.323 0.677 
323    h0172    (0)    5 :  0.610 0.390 
324    h0182    (0)    5 :  0.459 0.541 
325    h0192    (0)    5 :  0.584 0.416 
326    h0202    (0)    5 :  0.542 0.458 
327    h0212    (0)    5 :  0.451 0.549 
328    h0222    (0)    5 :  0.583 0.417 
329    h0232    (0)    5 :  0.498 0.502 
330    h0242    (0)    5 :  0.478 0.522 
331    h0252    (0)    5 :  0.593 0.407 
332    h0262    (0)    5 :  0.422 0.578 
333    h0272    (0)    5 :  0.744 0.256 
334    h0282    (0)    5 :  0.530 0.470 
335    h0292    (0)    5 :  0.622 0.378 
336    h0302    (0)    5 :  0.391 0.609 
337    h0312    (0)    5 :  0.439 0.561 
338    h0322    (0)    5 :  0.475 0.525 
339    h0332    (0)    5 :  0.387 0.613 
340    h0342    (0)    5 :  0.590 0.410 
341    h0352    (0)    5 :  0.502 0.498 
342    h0362    (0)    5 :  0.621 0.379 
343    h0372    (0)    5 :  0.401 0.599 
344    h0382    (0)    5 :  0.464 0.536 
345    h0392    (0)    5 :  0.558 0.442 
346    h0402    (0)    5 :  0.580 0.420 
347    h0412    (0)    5 :  0.706 0.294 
348    h0422    (0)    5 :  0.440 0.560 
349    h0432    (0)    5 :  0.468 0.532 
350    h0442    (0)    5 :  0.450 0.550 
351    h0452    (0)    5 :  0.524 0.476 
352    h0462    (0)    5 :  0.331 0.669 
353    h0472    (0)    5 :  0.391 0.609 
354    h0482    (0)    5 :  0.473 0.527 
355    h0492    (0)    5 :  0.455 0.545 
356    h0502    (0)    5 :  0.481 0.519 
357    h0512    (0)    5 :  0.466 0.534 
358    h0522    (0)    5 :  0.500 0.500 
359    h0532    (0)    5 :  0.470 0.530 
360    h0542    (0)    5 :  0.589 0.411 
361    h0552    (0)    5 :  0.666 0.334 
362    h0562    (0)    5 :  0.619 0.381 
363    h0572    (0)    5 :  0.618 0.382 
364    h0582    (0)    5 :  0.473 0.527 
365    h0592    (0)    5 :  0.615 0.385 
366    h0602    (0)    5 :  0.473 0.527 
367    h0612    (0)    5 :  0.600 0.400 
368    h0622    (0)    5 :  0.659 0.341 
369    h0632    (0)    5 :  0.638 0.362 
370    h0642    (0)    5 :  0.625 0.375 
371    h0652    (0)    5 :  0.543 0.457 
372    h0662    (0)    5 :  0.708 0.292 
373    h0672    (0)    5 :  0.584 0.416 
374    h0682    (0)    5 :  0.399 0.601 
375    h0692    (0)    5 :  0.435 0.565 
376    h0702    (0)    5 :  0.550 0.450 
377    h0712    (0)    5 :  0.536 0.464 
378    h0722    (0)    5 :  0.532 0.468 
379    h0732    (0)    5 :  0.417 0.583 
380    h0742    (0)    5 :  0.327 0.673 
381    h0752    (0)    5 :  0.448 0.552 
382    h0762    (0)    5 :  0.622 0.378 
383    h0772    (0)    5 :  0.462 0.538 
384    h0782    (0)    5 :  0.543 0.457 
385    h0792    (0)    5 :  0.714 0.286 
386    h0802    (0)    5 :  0.316 0.684 
387    h0812    (0)    5 :  0.447 0.553 
388    h0822    (0)    5 :  0.525 0.475 
389    h0832    (0)    5 :  0.417 0.583 
390    h0842    (0)    5 :  0.400 0.600 
391    h0852    (0)    5 :  0.572 0.428 
392    h0862    (0)    5 :  0.434 0.566 
393    h0872    (0)    5 :  0.390 0.610 
394    h0882    (0)    5 :  0.403 0.597 
395    h0892    (0)    5 :  0.469 0.531 
396    h0902    (0)    5 :  0.532 0.468 
397    h0912    (0)    5 :  0.583 0.417 
398    h0922    (0)    5 :  0.306 0.694 
399    h0932    (0)    5 :  0.549 0.451 
400    h0942    (0)    5 :  0.594 0.406 
401    h0952    (0)    5 :  0.483 0.517 
402    h0962    (0)    5 :  0.515 0.485 
403    h0972    (0)    5 :  0.332 0.668 
404    h0982    (0)    5 :  0.599 0.401 
405    h0992    (0)    5 :  0.372 0.628 
406    h1002    (0)    5 :  0.644 0.356 
407   MSV21T    (0)    6 :  0.080 0.920 
408    M2E71    (0)    6 :  0.121 0.879 
409    h0013    (0)    7 :  0.082 0.918 
410    h0023    (0)    7 :  0.099 0.901 
411    h0033    (0)    7 :  0.259 0.741 
412    h0043    (0)    7 :  0.117 0.883 
413    h0053    (0)    7 :  0.172 0.828 
414    h0063    (0)    7 :  0.381 0.619 
415    h0073    (0)    7 :  0.064 0.936 
416    h0083    (0)    7 :  0.261 0.739 
417    h0093    (0)    7 :  0.189 0.811 
418    h0103    (0)    7 :  0.387 0.613 
419    h0113    (0)    7 :  0.389 0.611 
420    h0123    (0)    7 :  0.168 0.832 
421    h0133    (0)    7 :  0.129 0.871 
422    h0143    (0)    7 :  0.260 0.740 
423    h0153    (0)    7 :  0.213 0.787 
424    h0163    (0)    7 :  0.227 0.773 
425    h0173    (0)    7 :  0.121 0.879 
426    h0183    (0)    7 :  0.114 0.886 
427    h0193    (0)    7 :  0.400 0.600 
428    h0203    (0)    7 :  0.277 0.723 
429    h0213    (0)    7 :  0.091 0.909 
430    h0223    (0)    7 :  0.192 0.808 
431    h0233    (0)    7 :  0.146 0.854 
432    h0243    (0)    7 :  0.438 0.562 
433    h0253    (0)    7 :  0.275 0.725 
434    h0263    (0)    7 :  0.285 0.715 
435    h0273    (0)    7 :  0.187 0.813 
436    h0283    (0)    7 :  0.394 0.606 
437    h0293    (0)    7 :  0.346 0.654 
438    h0303    (0)    7 :  0.141 0.859 
439    h0313    (0)    7 :  0.113 0.887 
440    h0323    (0)    7 :  0.272 0.728 
441    h0333    (0)    7 :  0.209 0.791 
442    h0343    (0)    7 :  0.322 0.678 
443    h0353    (0)    7 :  0.188 0.812 
444    h0363    (0)    7 :  0.351 0.649 
445    h0373    (0)    7 :  0.324 0.676 
446    h0383    (0)    7 :  0.470 0.530 
447    h0393    (0)    7 :  0.219 0.781 
448    h0403    (0)    7 :  0.058 0.942 
449    h0413    (0)    7 :  0.110 0.890 
450    h0423    (0)    7 :  0.274 0.726 
451    h0433    (0)    7 :  0.205 0.795 
452    h0443    (0)    7 :  0.238 0.762 
453    h0453    (0)    7 :  0.132 0.868 
454    h0463    (0)    7 :  0.379 0.621 
455    h0473    (0)    7 :  0.203 0.797 
456    h0483    (0)    7 :  0.329 0.671 
457    h0493    (0)    7 :  0.148 0.852 
458    h0503    (0)    7 :  0.244 0.756 
459    h0513    (0)    7 :  0.261 0.739 
460    h0523    (0)    7 :  0.246 0.754 
461    h0533    (0)    7 :  0.108 0.892 
462    h0543    (0)    7 :  0.241 0.759 
463    h0553    (0)    7 :  0.133 0.867 
464    h0563    (0)    7 :  0.300 0.700 
465    h0573    (0)    7 :  0.033 0.967 
466    h0583    (0)    7 :  0.271 0.729 
467    h0593    (0)    7 :  0.074 0.926 
468    h0603    (0)    7 :  0.252 0.748 
469    h0613    (0)    7 :  0.324 0.676 
470    h0623    (0)    7 :  0.163 0.837 
471    h0633    (0)    7 :  0.067 0.933 
472    h0643    (0)    7 :  0.369 0.631 
473    h0653    (0)    7 :  0.073 0.927 
474    h0663    (0)    7 :  0.367 0.633 
475    h0673    (0)    7 :  0.350 0.650 
476    h0683    (0)    7 :  0.271 0.729 
477    h0693    (0)    7 :  0.401 0.599 
478    h0703    (0)    7 :  0.203 0.797 
479    h0713    (0)    7 :  0.363 0.637 
480    h0723    (0)    7 :  0.140 0.860 
481    h0733    (0)    7 :  0.218 0.782 
482    h0743    (0)    7 :  0.288 0.712 
483    h0753    (0)    7 :  0.144 0.856 
484    h0763    (0)    7 :  0.161 0.839 
485    h0773    (0)    7 :  0.247 0.753 
486    h0783    (0)    7 :  0.481 0.519 
487    h0793    (0)    7 :  0.213 0.787 
488    h0803    (0)    7 :  0.126 0.874 
489    h0813    (0)    7 :  0.211 0.789 
490    h0823    (0)    7 :  0.215 0.785 
491    h0833    (0)    7 :  0.084 0.916 
492    h0843    (0)    7 :  0.518 0.482 
493    h0853    (0)    7 :  0.146 0.854 
494    h0863    (0)    7 :  0.378 0.622 
495    h0873    (0)    7 :  0.262 0.738 
496    h0883    (0)    7 :  0.138 0.862 
497    h0893    (0)    7 :  0.318 0.682 
498    h0903    (0)    7 :  0.490 0.510 
499    h0913    (0)    7 :  0.392 0.608 
500    h0923    (0)    7 :  0.278 0.722 
501    h0933    (0)    7 :  0.186 0.814 
502    h0943    (0)    7 :  0.378 0.622 
503    h0953    (0)    7 :  0.074 0.926 
504    h0963    (0)    7 :  0.101 0.899 
505    h0973    (0)    7 :  0.329 0.671 
506    h0983    (0)    7 :  0.124 0.876 
507    h0993    (0)    7 :  0.159 0.841 
508    h1003    (0)    7 :  0.257 0.743 
509    W23CA   (10)    8 :  0.026 0.974 
510  AP.085Y    (5)    8 :  0.035 0.965 
511  CH.0LLY    (5)    8 :  0.120 0.880 
512    M0LEC    (5)    8 :  0.021 0.979 
513    M2C3H   (10)    8 :  0.041 0.959 
514    M2CHL    (5)    8 :  0.193 0.807 
515    W26P7   (10)    8 :  0.051 0.949 
516  AP.07M5    (0)    8 :  0.063 0.937 
517  AP.080U    (0)    8 :  0.045 0.955 
518  AP.082A    (0)    8 :  0.022 0.978 
519  AP.0843    (0)    8 :  0.052 0.948 
520  AP.0844    (0)    8 :  0.147 0.853 
521  AP.084X    (0)    8 :  0.031 0.969 
522  AP.086Y    (0)    8 :  0.036 0.964 
523  AP.0870    (0)    8 :  0.039 0.961 
524  AP.0878    (0)    8 :  0.066 0.934 
525  AP.087F    (0)    8 :  0.051 0.949 
526  AP.087Y    (0)    8 :  0.157 0.843 
527  AP.088P    (0)    8 :  0.062 0.938 
528  AP.08AK    (5)    8 :  0.068 0.932 
529  CH.0LLM    (0)    8 :  0.043 0.957 
530  CH.0LLU    (0)    8 :  0.146 0.854 
531  CH.0LM0    (5)    8 :  0.042 0.958 
532  CH.0LM3    (5)    8 :  0.059 0.941 
533    W26MY    (0)    8 :  0.184 0.816 
534    W26P6    (0)    8 :  0.059 0.941 
535   HRV07U    (0)    8 :  0.086 0.914 
536   HRV1CT    (0)    8 :  0.025 0.975 
537   HRV1CU    (0)    8 :  0.019 0.981 
538   HRV1E6    (0)    8 :  0.018 0.982 
539   HRV081    (0)    8 :  0.018 0.982 
540   HRV1E3    (0)    8 :  0.054 0.946 
541   MSV21E    (0)    8 :  0.065 0.935 
542   MSV216    (0)    8 :  0.045 0.955 
543    M0TYK    (0)    8 :  0.061 0.939 
544   MSV2AA    (0)    8 :  0.064 0.936 
545  CK.0PET    (0)    8 :  0.114 0.886 
546    M2E8C    (0)    8 :  0.029 0.971 
547   MSV23X    (0)    8 :  0.067 0.933 
548   MSV32A    (0)    8 :  0.095 0.905 
549  AP.0838    (0)    8 :  0.045 0.955 
550  AP.088F    (0)    8 :  0.039 0.961 
551    h0014    (0)    9 :  0.040 0.960 
552    h0024    (0)    9 :  0.018 0.982 
553    h0034    (0)    9 :  0.134 0.866 
554    h0044    (0)    9 :  0.123 0.877 
555    h0054    (0)    9 :  0.145 0.855 
556    h0064    (0)    9 :  0.216 0.784 
557    h0074    (0)    9 :  0.055 0.945 
558    h0084    (0)    9 :  0.211 0.789 
559    h0094    (0)    9 :  0.102 0.898 
560    h0104    (0)    9 :  0.095 0.905 
561    h0114    (0)    9 :  0.197 0.803 
562    h0124    (0)    9 :  0.152 0.848 
563    h0134    (0)    9 :  0.075 0.925 
564    h0144    (0)    9 :  0.025 0.975 
565    h0154    (0)    9 :  0.210 0.790 
566    h0164    (0)    9 :  0.085 0.915 
567    h0174    (0)    9 :  0.221 0.779 
568    h0184    (0)    9 :  0.088 0.912 
569    h0194    (0)    9 :  0.051 0.949 
570    h0204    (0)    9 :  0.068 0.932 
571    h0214    (0)    9 :  0.057 0.943 
572    h0224    (0)    9 :  0.049 0.951 
573    h0234    (0)    9 :  0.054 0.946 
574    h0244    (0)    9 :  0.063 0.937 
575    h0254    (0)    9 :  0.324 0.676 
576    h0264    (0)    9 :  0.031 0.969 
577    h0274    (0)    9 :  0.132 0.868 
578    h0284    (0)    9 :  0.206 0.794 
579    h0294    (0)    9 :  0.166 0.834 
580    h0304    (0)    9 :  0.079 0.921 
581    h0314    (0)    9 :  0.053 0.947 
582    h0324    (0)    9 :  0.076 0.924 
583    h0334    (0)    9 :  0.037 0.963 
584    h0344    (0)    9 :  0.048 0.952 
585    h0354    (0)    9 :  0.087 0.913 
586    h0364    (0)    9 :  0.159 0.841 
587    h0374    (0)    9 :  0.031 0.969 
588    h0384    (0)    9 :  0.109 0.891 
589    h0394    (0)    9 :  0.027 0.973 
590    h0404    (0)    9 :  0.103 0.897 
591    h0414    (0)    9 :  0.027 0.973 
592    h0424    (0)    9 :  0.045 0.955 
593    h0434    (0)    9 :  0.047 0.953 
594    h0444    (0)    9 :  0.046 0.954 
595    h0454    (0)    9 :  0.025 0.975 
596    h0464    (0)    9 :  0.056 0.944 
597    h0474    (0)    9 :  0.050 0.950 
598    h0484    (0)    9 :  0.037 0.963 
599    h0494    (0)    9 :  0.074 0.926 
600    h0504    (0)    9 :  0.080 0.920 
601    h0514    (0)    9 :  0.181 0.819 
602    h0524    (0)    9 :  0.081 0.919 
603    h0534    (0)    9 :  0.077 0.923 
604    h0544    (0)    9 :  0.043 0.957 
605    h0554    (0)    9 :  0.019 0.981 
606    h0564    (0)    9 :  0.076 0.924 
607    h0574    (0)    9 :  0.064 0.936 
608    h0584    (0)    9 :  0.227 0.773 
609    h0594    (0)    9 :  0.093 0.907 
610    h0604    (0)    9 :  0.064 0.936 
611    h0614    (0)    9 :  0.054 0.946 
612    h0624    (0)    9 :  0.105 0.895 
613    h0634    (0)    9 :  0.191 0.809 
614    h0644    (0)    9 :  0.057 0.943 
615    h0654    (0)    9 :  0.035 0.965 
616    h0664    (0)    9 :  0.109 0.891 
617    h0674    (0)    9 :  0.097 0.903 
618    h0684    (0)    9 :  0.129 0.871 
619    h0694    (0)    9 :  0.176 0.824 
620    h0704    (0)    9 :  0.093 0.907 
621    h0714    (0)    9 :  0.122 0.878 
622    h0724    (0)    9 :  0.113 0.887 
623    h0734    (0)    9 :  0.123 0.877 
624    h0744    (0)    9 :  0.192 0.808 
625    h0754    (0)    9 :  0.085 0.915 
626    h0764    (0)    9 :  0.028 0.972 
627    h0774    (0)    9 :  0.214 0.786 
628    h0784    (0)    9 :  0.156 0.844 
629    h0794    (0)    9 :  0.338 0.662 
630    h0804    (0)    9 :  0.076 0.924 
631    h0814    (0)    9 :  0.062 0.938 
632    h0824    (0)    9 :  0.028 0.972 
633    h0834    (0)    9 :  0.109 0.891 
634    h0844    (0)    9 :  0.120 0.880 
635    h0854    (0)    9 :  0.052 0.948 
636    h0864    (0)    9 :  0.105 0.895 
637    h0874    (0)    9 :  0.046 0.954 
638    h0884    (0)    9 :  0.269 0.731 
639    h0894    (0)    9 :  0.160 0.840 
640    h0904    (0)    9 :  0.216 0.784 
641    h0914    (0)    9 :  0.191 0.809 
642    h0924    (0)    9 :  0.154 0.846 
643    h0934    (0)    9 :  0.105 0.895 
644    h0944    (0)    9 :  0.126 0.874 
645    h0954    (0)    9 :  0.168 0.832 
646    h0964    (0)    9 :  0.028 0.972 
647    h0974    (0)    9 :  0.024 0.976 
648    h0984    (0)    9 :  0.055 0.945 
649    h0994    (0)    9 :  0.043 0.957 
650    h1004    (0)    9 :  0.099 0.901 
651   HRV1C1    (0)   10 :  0.026 0.974 
652    M0557    (0)   10 :  0.033 0.967 
653  AP.07MA    (0)   10 :  0.045 0.955 
654  AP.088U    (0)   10 :  0.018 0.982 
655   HRV1E2    (0)   10 :  0.017 0.983 
656    W23EX    (0)   10 :  0.025 0.975 
657  AP.07M7    (0)   10 :  0.014 0.986 
658    W23EM    (0)   10 :  0.031 0.969 
659    M1EKY    (0)   10 :  0.019 0.981 
660   HRV00K    (0)   10 :  0.028 0.972 
661  AP.0872    (0)   10 :  0.019 0.981 
662   HRV0HC    (5)   10 :  0.050 0.950 
663    M0A66    (0)   10 :  0.017 0.983 
664    M1ELE    (0)   10 :  0.020 0.980 
665    W26UL    (0)   10 :  0.068 0.932 
666   HRV1E7    (0)   10 :  0.019 0.981 
667    M16YU    (0)   10 :  0.017 0.983 
668   HRV008    (0)   10 :  0.020 0.980 
669   HRV06A    (0)   10 :  0.021 0.979 
670  AP.087L    (0)   10 :  0.022 0.978 
671    M04XM   (10)   10 :  0.021 0.979 
672  AP.088K    (0)   10 :  0.042 0.958 
673   HRV01J    (5)   10 :  0.021 0.979 
674    M0J1X    (0)   10 :  0.020 0.980 
675  AP.0864   (10)   10 :  0.017 0.983 
676  AP.0858    (0)   10 :  0.029 0.971 
677   HRV020    (0)   10 :  0.030 0.970 
678   HRV028    (0)   10 :  0.022 0.978 
679  AP.08AC    (0)   10 :  0.040 0.960 
680  AP.087E    (0)   10 :  0.018 0.982 
681  AP.07ME    (5)   10 :  0.026 0.974 
682  AP.088J    (0)   10 :  0.030 0.970 
683    M0HM3    (0)   10 :  0.023 0.977 
684  AP.0882    (0)   10 :  0.024 0.976 
685  AP.08AH    (0)   10 :  0.034 0.966 
686   HRV04C    (0)   10 :  0.021 0.979 
687    M04XH    (5)   10 :  0.040 0.960 
688   HRV1EK    (0)   10 :  0.065 0.935 
689    M2CHJ    (5)   10 :  0.038 0.962 
690    M0LUH    (0)   10 :  0.020 0.980 
691    W26ME   (10)   10 :  0.042 0.958 
692  AP.087H    (0)   10 :  0.019 0.981 
693  AP.08A0    (0)   10 :  0.033 0.967 
694   HRV0L6    (0)   10 :  0.018 0.982 
695  AP.0817    (5)   10 :  0.042 0.958 
696   HRV0MJ    (0)   10 :  0.055 0.945 
697    W26MJ    (0)   10 :  0.129 0.871 
698   HRV02K    (0)   10 :  0.047 0.953 
699   HRV033    (0)   10 :  0.017 0.983 
700  AP.081H   (10)   10 :  0.329 0.671 
701    M157H    (0)   10 :  0.023 0.977 
702   HRV0KE    (0)   10 :  0.020 0.980 
703   HRV0M2    (0)   10 :  0.031 0.969 
704  AP.087C    (0)   10 :  0.029 0.971 
705   HRV0JX   (15)   10 :  0.037 0.963 
706  AP.081F   (10)   10 :  0.022 0.978 
707   HRV07L    (0)   10 :  0.078 0.922 
708    W26PE    (5)   10 :  0.275 0.725 
709  AP.0887    (0)   10 :  0.028 0.972 
710    M0EYT    (0)   10 :  0.019 0.981 
711  AP.08A4    (0)   10 :  0.191 0.809 
712   HRV01F    (0)   10 :  0.064 0.936 
713  AP.0875    (0)   10 :  0.169 0.831 
714   HRV01U    (5)   10 :  0.023 0.977 
715   HRV0LM    (0)   10 :  0.024 0.976 
716   HRV0KU    (0)   10 :  0.052 0.948 
717   HRV05J    (0)   10 :  0.022 0.978 
718   HRV07M    (0)   10 :  0.018 0.982 
719    M16F1    (5)   10 :  0.024 0.976 
720    M023A    (5)   10 :  0.018 0.982 
721   HRV07P    (5)   10 :  0.017 0.983 
722   HRV1ET    (0)   10 :  0.018 0.982 
723   HRV076    (0)   10 :  0.034 0.966 
724   HRV031    (0)   10 :  0.017 0.983 
725   HRV0J2    (0)   10 :  0.019 0.981 
726    M0A6K    (5)   10 :  0.023 0.977 
727    W23E8    (0)   10 :  0.019 0.981 
728    M2C3A   (10)   10 :  0.021 0.979 
729   HRV02A    (0)   10 :  0.054 0.946 
730    M055C    (0)   10 :  0.082 0.918 
731   HRV1EC    (0)   10 :  0.023 0.977 
732    M0XTE    (0)   10 :  0.053 0.947 
733   HRV001    (0)   10 :  0.023 0.977 
734   HRV086    (5)   10 :  0.023 0.977 
735  AP.08A5    (0)   10 :  0.017 0.983 
736   HRV1C6    (0)   10 :  0.017 0.983 
737   HRV0M6    (5)   10 :  0.076 0.924 
738    M0102    (5)   10 :  0.022 0.978 
739    W26LM    (0)   10 :  0.130 0.870 
740    M1ELC    (0)   10 :  0.029 0.971 
741    W26PJ    (0)   10 :  0.277 0.723 
742  AP.087A    (0)   10 :  0.022 0.978 
743    W26L5    (0)   10 :  0.070 0.930 
744    W26ML    (0)   10 :  0.019 0.981 
745   HRV01X    (0)   10 :  0.022 0.978 
746   HRV0A0    (5)   10 :  0.018 0.982 
747    M1CFL   (10)   10 :  0.025 0.975 
748   HRV0MK    (0)   10 :  0.017 0.983 
749    M1C2H    (0)   10 :  0.018 0.982 
750   HRV0K3    (0)   10 :  0.026 0.974 


Estimated Allele Frequencies in each cluster
First column gives estimated ancestral frequencies


Locus 1 : Cl147 
21 alleles
0.0% missing data
  45   (0.109) 0.159 0.026 
  69   (0.114) 0.115 0.264 
  73   (0.135) 0.169 0.125 
  77   (0.074) 0.092 0.013 
  56   (0.057) 0.042 0.048 
  65   (0.058) 0.033 0.195 
  41   (0.077) 0.163 0.002 
  52   (0.084) 0.107 0.019 
  48   (0.039) 0.022 0.009 
  81   (0.019) 0.009 0.000 
  49   (0.036) 0.042 0.001 
  60   (0.032) 0.013 0.007 
  84   (0.019) 0.009 0.000 
  89   (0.014) 0.003 0.000 
  61   (0.027) 0.008 0.008 
  44   (0.032) 0.008 0.211 
  68   (0.024) 0.004 0.060 
  85   (0.014) 0.001 0.003 
  72   (0.014) 0.001 0.004 
  80   (0.012) 0.001 0.001 
  40   (0.012) 0.001 0.001 

Locus 2 : Cl233 
31 alleles
0.0% missing data
  63   (0.127) 0.188 0.197 
  85   (0.052) 0.053 0.015 
  73   (0.026) 0.029 0.000 
  79   (0.028) 0.036 0.000 
  71   (0.090) 0.147 0.032 
  77   (0.037) 0.042 0.003 
  75   (0.039) 0.036 0.004 
  67   (0.098) 0.122 0.208 
  55   (0.073) 0.065 0.351 
  59   (0.056) 0.043 0.173 
  81   (0.040) 0.071 0.001 
  83   (0.027) 0.033 0.000 
  93   (0.015) 0.006 0.000 
 101   (0.018) 0.009 0.000 
  69   (0.017) 0.007 0.000 
  51   (0.037) 0.025 0.010 
 100   (0.017) 0.009 0.000 
  92   (0.011) 0.002 0.000 
1121   (0.013) 0.003 0.000 
1001   (0.013) 0.003 0.000 
  89   (0.022) 0.020 0.000 
 711   (0.015) 0.005 0.000 
 116   (0.014) 0.005 0.000 
  80   (0.013) 0.003 0.000 
  43   (0.017) 0.009 0.000 
  84   (0.017) 0.007 0.000 
  88   (0.018) 0.012 0.000 
 104   (0.015) 0.005 0.000 
  97   (0.011) 0.002 0.000 
 791   (0.011) 0.002 0.000 
  35   (0.013) 0.001 0.002 

Locus 3 : Cl264 
26 alleles
0.1% missing data
  65   (0.074) 0.074 0.139 
 651   (0.101) 0.165 0.044 
 691   (0.102) 0.154 0.072 
  57   (0.025) 0.006 0.021 
  61   (0.043) 0.022 0.166 
 731   (0.060) 0.095 0.007 
 811   (0.029) 0.037 0.000 
 611   (0.058) 0.053 0.061 
  69   (0.106) 0.135 0.223 
  77   (0.035) 0.021 0.009 
  49   (0.031) 0.041 0.001 
  45   (0.013) 0.003 0.000 
 491   (0.019) 0.003 0.007 
 571   (0.014) 0.005 0.000 
 771   (0.037) 0.062 0.001 
  89   (0.023) 0.021 0.000 
 652   (0.016) 0.006 0.000 
  53   (0.050) 0.032 0.144 
  73   (0.041) 0.023 0.056 
  80   (0.017) 0.007 0.000 
 531   (0.019) 0.003 0.019 
 693   (0.018) 0.004 0.002 
  93   (0.014) 0.005 0.000 
  85   (0.023) 0.019 0.000 
  37   (0.020) 0.003 0.024 
 692   (0.011) 0.001 0.001 

Locus 4 : Cl274 
8 alleles
0.0% missing data
  61   (0.418) 0.479 0.338 
  57   (0.203) 0.170 0.497 
  65   (0.134) 0.135 0.059 
  53   (0.080) 0.075 0.012 
  69   (0.072) 0.079 0.005 
  73   (0.028) 0.020 0.000 
  49   (0.036) 0.036 0.000 
  45   (0.030) 0.006 0.088 

Locus 5 : Cl285 
36 alleles
0.1% missing data
  75   (0.078) 0.107 0.224 
  71   (0.100) 0.172 0.198 
 631   (0.024) 0.032 0.000 
  67   (0.094) 0.140 0.287 
  63   (0.048) 0.095 0.005 
  79   (0.052) 0.062 0.042 
 792   (0.043) 0.054 0.009 
 671   (0.053) 0.061 0.053 
 831   (0.046) 0.053 0.020 
 752   (0.050) 0.064 0.022 
  55   (0.016) 0.005 0.001 
1401   (0.012) 0.003 0.000 
  59   (0.036) 0.027 0.019 
 712   (0.020) 0.021 0.000 
 833   (0.017) 0.011 0.000 
1322   (0.016) 0.009 0.000 
 136   (0.030) 0.019 0.007 
 164   (0.010) 0.002 0.000 
 872   (0.013) 0.005 0.000 
1282   (0.014) 0.006 0.000 
 148   (0.015) 0.004 0.001 
 144   (0.012) 0.003 0.000 
 119   (0.016) 0.009 0.000 
1402   (0.011) 0.002 0.000 
1361   (0.028) 0.015 0.008 
 751   (0.020) 0.004 0.056 
 791   (0.021) 0.005 0.010 
 132   (0.012) 0.001 0.015 
1441   (0.013) 0.002 0.003 
1281   (0.012) 0.001 0.008 
 832   (0.012) 0.001 0.004 
  87   (0.011) 0.001 0.001 
 124   (0.011) 0.001 0.001 
1321   (0.012) 0.001 0.004 
 711   (0.012) 0.002 0.001 
 140   (0.010) 0.001 0.001 

Locus 6 : Cl291 
19 alleles
0.1% missing data
 641   (0.050) 0.040 0.008 
  72   (0.122) 0.124 0.186 
 682   (0.039) 0.040 0.002 
 801   (0.043) 0.045 0.002 
 681   (0.142) 0.237 0.020 
  76   (0.113) 0.128 0.085 
 722   (0.076) 0.118 0.005 
 601   (0.018) 0.008 0.000 
  80   (0.067) 0.063 0.023 
 761   (0.050) 0.027 0.065 
 762   (0.038) 0.051 0.001 
 721   (0.062) 0.043 0.072 
  84   (0.030) 0.031 0.000 
  64   (0.053) 0.024 0.344 
  68   (0.032) 0.008 0.169 
 843   (0.014) 0.003 0.000 
 881   (0.017) 0.006 0.000 
 803   (0.017) 0.003 0.004 
 763   (0.016) 0.001 0.015 

Locus 7 : Cl308 
52 alleles
0.0% missing data
  72   (0.068) 0.139 0.143 
  64   (0.034) 0.027 0.151 
  68   (0.073) 0.129 0.466 
 103   (0.023) 0.035 0.001 
  80   (0.035) 0.052 0.007 
  76   (0.058) 0.103 0.133 
1151   (0.013) 0.006 0.000 
 123   (0.017) 0.018 0.000 
 115   (0.024) 0.053 0.000 
  83   (0.026) 0.025 0.003 
1231   (0.015) 0.011 0.000 
1192   (0.011) 0.003 0.000 
 131   (0.015) 0.013 0.000 
1191   (0.013) 0.006 0.000 
 752   (0.014) 0.009 0.000 
 143   (0.018) 0.016 0.001 
  79   (0.020) 0.030 0.000 
 119   (0.023) 0.021 0.003 
1431   (0.022) 0.025 0.001 
1112   (0.019) 0.026 0.000 
1193   (0.016) 0.012 0.000 
1591   (0.011) 0.003 0.000 
1232   (0.011) 0.003 0.000 
 139   (0.014) 0.009 0.000 
1111   (0.016) 0.011 0.000 
 127   (0.010) 0.002 0.000 
1391   (0.018) 0.018 0.001 
 121   (0.013) 0.006 0.000 
1313   (0.010) 0.002 0.000 
1113   (0.010) 0.002 0.000 
  87   (0.035) 0.045 0.009 
1031   (0.011) 0.003 0.000 
 155   (0.012) 0.005 0.000 
1312   (0.018) 0.007 0.002 
1272   (0.013) 0.006 0.000 
 151   (0.011) 0.003 0.000 
1351   (0.018) 0.012 0.001 
 135   (0.010) 0.002 0.000 
1432   (0.012) 0.005 0.000 
1152   (0.017) 0.015 0.000 
1271   (0.021) 0.018 0.002 
1311   (0.014) 0.007 0.000 
1472   (0.011) 0.003 0.000 
 137   (0.016) 0.015 0.000 
  88   (0.010) 0.002 0.000 
  60   (0.015) 0.003 0.017 
 712   (0.014) 0.010 0.000 
1071   (0.010) 0.002 0.000 
 751   (0.029) 0.021 0.035 
 107   (0.012) 0.003 0.002 
  71   (0.011) 0.001 0.010 
  67   (0.012) 0.001 0.006 

Locus 8 : Cl330 
25 alleles
1.5% missing data
  52   (0.134) 0.270 0.029 
 601   (0.079) 0.112 0.028 
  40   (0.070) 0.081 0.046 
  72   (0.034) 0.024 0.005 
  56   (0.077) 0.129 0.011 
 481   (0.072) 0.064 0.227 
  61   (0.045) 0.037 0.012 
  80   (0.019) 0.007 0.001 
 681   (0.040) 0.033 0.007 
  64   (0.059) 0.062 0.020 
  57   (0.019) 0.010 0.000 
  75   (0.019) 0.010 0.000 
  71   (0.021) 0.014 0.000 
  28   (0.052) 0.030 0.231 
  65   (0.028) 0.015 0.003 
 441   (0.046) 0.029 0.057 
  36   (0.026) 0.024 0.001 
  79   (0.020) 0.009 0.001 
  73   (0.018) 0.002 0.005 
 602   (0.023) 0.012 0.001 
 521   (0.034) 0.019 0.011 
  48   (0.023) 0.004 0.135 
  44   (0.018) 0.002 0.141 
  67   (0.014) 0.001 0.024 
  62   (0.012) 0.001 0.004 

Locus 9 : Cl344 
15 alleles
2.9% missing data
  56   (0.259) 0.385 0.082 
  60   (0.197) 0.256 0.096 
  48   (0.021) 0.009 0.000 
  76   (0.016) 0.005 0.000 
  64   (0.155) 0.141 0.402 
  72   (0.074) 0.073 0.014 
 761   (0.018) 0.006 0.000 
 641   (0.037) 0.019 0.007 
  68   (0.063) 0.049 0.021 
 601   (0.030) 0.021 0.001 
  52   (0.036) 0.009 0.310 
 681   (0.019) 0.008 0.000 
 721   (0.016) 0.005 0.000 
 561   (0.038) 0.013 0.043 
 521   (0.019) 0.002 0.023 

Locus 10 : Cl366 
8 alleles
0.1% missing data
  80   (0.293) 0.299 0.439 
  92   (0.047) 0.042 0.003 
  76   (0.232) 0.246 0.220 
  88   (0.081) 0.110 0.004 
  84   (0.134) 0.140 0.058 
  72   (0.171) 0.154 0.269 
  64   (0.026) 0.005 0.005 
  68   (0.017) 0.003 0.002 

Locus 11 : Cl375 
15 alleles
0.0% missing data
 491   (0.107) 0.121 0.083 
  53   (0.215) 0.266 0.377 
 612   (0.045) 0.024 0.030 
  57   (0.168) 0.228 0.121 
  45   (0.066) 0.046 0.129 
  61   (0.136) 0.158 0.152 
 651   (0.032) 0.034 0.001 
  69   (0.030) 0.023 0.001 
 571   (0.054) 0.048 0.010 
  65   (0.040) 0.022 0.010 
  37   (0.023) 0.011 0.001 
 691   (0.030) 0.011 0.008 
 531   (0.027) 0.006 0.064 
  49   (0.015) 0.001 0.013 
 532   (0.012) 0.001 0.001 

Locus 12 : Cl408 
13 alleles
0.1% missing data
  62   (0.227) 0.318 0.057 
  74   (0.059) 0.065 0.004 
  50   (0.074) 0.040 0.282 
  58   (0.120) 0.106 0.136 
  66   (0.139) 0.179 0.027 
  70   (0.049) 0.061 0.001 
  54   (0.165) 0.175 0.133 
  78   (0.020) 0.009 0.000 
  79   (0.013) 0.002 0.000 
  75   (0.056) 0.027 0.096 
  82   (0.015) 0.003 0.000 
  46   (0.039) 0.010 0.245 
  34   (0.025) 0.005 0.018 

Locus 13 : Cl507 
22 alleles
0.0% missing data
  70   (0.077) 0.075 0.057 
  94   (0.045) 0.046 0.005 
  74   (0.062) 0.057 0.023 
  54   (0.060) 0.046 0.062 
  82   (0.091) 0.191 0.004 
  90   (0.051) 0.048 0.007 
  86   (0.057) 0.076 0.005 
 701   (0.021) 0.014 0.000 
  78   (0.048) 0.078 0.001 
  62   (0.114) 0.116 0.276 
 741   (0.047) 0.053 0.003 
  66   (0.113) 0.110 0.340 
 661   (0.023) 0.017 0.000 
  58   (0.041) 0.016 0.145 
  98   (0.034) 0.024 0.003 
 781   (0.017) 0.007 0.000 
 141   (0.023) 0.014 0.001 
 102   (0.016) 0.005 0.000 
 106   (0.014) 0.003 0.000 
  50   (0.015) 0.001 0.020 
 621   (0.015) 0.001 0.041 
 702   (0.014) 0.001 0.005 

Locus 14 : Cl527 
29 alleles
0.0% missing data
  62   (0.080) 0.111 0.022 
 622   (0.013) 0.003 0.000 
 461   (0.024) 0.010 0.002 
  82   (0.017) 0.007 0.000 
 661   (0.056) 0.118 0.002 
  70   (0.046) 0.076 0.002 
 581   (0.052) 0.048 0.020 
 701   (0.056) 0.077 0.006 
 501   (0.022) 0.018 0.000 
  66   (0.100) 0.122 0.145 
 741   (0.022) 0.018 0.000 
  58   (0.086) 0.121 0.031 
 541   (0.033) 0.048 0.000 
  74   (0.015) 0.005 0.000 
 621   (0.053) 0.093 0.002 
  78   (0.017) 0.007 0.000 
 781   (0.019) 0.005 0.002 
 462   (0.017) 0.007 0.000 
  67   (0.022) 0.015 0.000 
  54   (0.050) 0.030 0.162 
  50   (0.049) 0.026 0.273 
  63   (0.015) 0.005 0.000 
  46   (0.021) 0.003 0.088 
  42   (0.034) 0.011 0.157 
  61   (0.021) 0.003 0.051 
  57   (0.024) 0.006 0.021 
  26   (0.012) 0.001 0.001 
  65   (0.013) 0.001 0.009 
  53   (0.012) 0.001 0.001 

Locus 15 : Cl380 
21 alleles
3.1% missing data
 671   (0.107) 0.125 0.124 
 672   (0.092) 0.089 0.179 
 751   (0.027) 0.022 0.001 
  71   (0.058) 0.071 0.007 
  79   (0.220) 0.296 0.463 
  75   (0.080) 0.096 0.028 
 711   (0.062) 0.138 0.001 
  67   (0.016) 0.006 0.000 
 791   (0.018) 0.007 0.000 
 591   (0.039) 0.021 0.016 
 552   (0.042) 0.045 0.003 
 792   (0.026) 0.008 0.007 
 593   (0.028) 0.019 0.002 
  59   (0.032) 0.018 0.004 
 631   (0.023) 0.004 0.034 
 833   (0.024) 0.005 0.008 
 712   (0.019) 0.010 0.000 
  63   (0.034) 0.013 0.022 
 551   (0.025) 0.005 0.091 
 632   (0.014) 0.001 0.007 
 592   (0.013) 0.001 0.002 

Locus 16 : Lup02 
6 alleles
0.3% missing data
  56   (0.539) 0.530 0.699 
  60   (0.169) 0.180 0.048 
  52   (0.144) 0.110 0.192 
  48   (0.104) 0.164 0.003 
 561   (0.026) 0.014 0.000 
  64   (0.019) 0.001 0.059 

Locus 17 : Lup13 
5 alleles
0.0% missing data
  57   (0.295) 0.261 0.538 
  61   (0.424) 0.474 0.265 
  65   (0.088) 0.110 0.004 
  53   (0.177) 0.155 0.188 
  69   (0.015) 0.001 0.005 

Locus 18 : Lup20 
9 alleles
1.2% missing data
  56   (0.464) 0.605 0.206 
 601   (0.110) 0.111 0.031 
  60   (0.184) 0.156 0.414 
  68   (0.079) 0.045 0.198 
  64   (0.086) 0.062 0.071 
  72   (0.017) 0.005 0.000 
 681   (0.016) 0.003 0.000 
 641   (0.022) 0.010 0.000 
  52   (0.021) 0.002 0.080 

Locus 19 : Lup21 
11 alleles
0.1% missing data
  41   (0.261) 0.332 0.101 
  57   (0.237) 0.287 0.110 
  53   (0.167) 0.138 0.427 
  37   (0.034) 0.017 0.004 
  45   (0.113) 0.165 0.007 
 531   (0.023) 0.008 0.001 
 611   (0.028) 0.005 0.026 
 491   (0.022) 0.010 0.000 
  49   (0.063) 0.029 0.209 
  61   (0.033) 0.007 0.076 
 612   (0.019) 0.002 0.038 

Locus 20 : Lup23 
6 alleles
0.0% missing data
  59   (0.253) 0.208 0.327 
  63   (0.644) 0.761 0.197 
  67   (0.031) 0.021 0.000 
  55   (0.036) 0.006 0.467 
 671   (0.022) 0.003 0.007 
  51   (0.014) 0.001 0.001 

Values of parameters used in structure:
DATAFILE=/home/eva.pavlovic/data_job_4a1_10_1,	OUTFILE=/home/eva.pavlovic/ParallelStructure/26_results_20MS/4a1_Croatia_low_numbers/4a1_Croatia_low_numbers_10/results_job_4a1_10_1,	NUMINDS=750,	NUMLOCI=20,	MISSING=-9,	LABEL=1,	POPDATA=1,	POPFLAG=0,	PHENOTYPE=0,	EXTRACOLS=0,	MAXPOPS=2,	BURNIN=300000,	NUMREPS=3000000,	USEPOPINFO=0,	INFERALPHA=1,	INFERLAMBDA=0,	POPSPECIFICLAMBDA=0,	POPALPHAS=0,	COMPUTEPROB=1,	NOADMIX=0,	ADMBURNIN=2500,	UPDATEFREQ=1,	PRINTLIKES=0,	INTERMEDSAVE=0,	PRINTKLD=0,	PRINTNET=0,	PRINTLAMBDA=0,	ANCESTDIST=0,	NUMBOXES=1000,	ANCESTPINT=0.90000,	GENSBACK=2,	MIGRPRIOR=0.05000,	PRINTQHAT=1,	PRINTQSUM=0,	ALPHA=1.0000,	FREQSCORR=1,	FPRIORMEAN=0.0100,	FPRIORSD=0.0500,	ONEFST=0,	LAMBDA=1.0000,	UNIFPRIORALPHA=1,	ALPHAMAX=10.0000,	ALPHAPRIORA=1.0000,	ALPHAPRIORB=2.0000,	ALPHAPROPSD=0.0250,	STARTATPOPINFO=0,	RANDOMIZE=1,	LINKAGE=0,	METROFREQ=10,	REPORTHITRATE=0,	MARKOVPHASE=-1,	PHASED=0,	PLOIDY=2,	PHASEINFO=0	LOCPRIOR=0, 	LOCPRIORINIT=1.000000, 	LOCDATA=0, 	LOCISPOP=0, 	LOCPRIORSTEP=0.100000, 	MAXLOCPRIOR=20.000000, 	SEED=1772707397,	
[STRAT parameters]:    NUMSIMSTATS=1000,	PHENOTYPECOL=-9,	POOLFREQ=10,	LOCUSxONLY=0,	EMERROR=0.00100,	MISSINGPHENO=-9,	