       M1EL5  1 0.0164 0.9836 
       W26T6  1 0.0467 0.9533 
       W26XX  1 0.0107 0.9893 
       M013P  1 0.0079 0.9921 
       M1ELA  1 0.0365 0.9635 
       M2C73  1 0.0151 0.9849 
       W23P4  1 0.0995 0.9005 
       W247C  1 0.0094 0.9906 
       W24K1  1 0.0088 0.9912 
       W24ME  1 0.0348 0.9652 
       W2514  1 0.0170 0.9830 
       W26MA  1 0.0240 0.9760 
       W26MM  1 0.0102 0.9898 
       W26MU  1 0.0157 0.9843 
       W26P0  1 0.0113 0.9887 
       W26P3  1 0.0070 0.9930 
       W26T5  1 0.0088 0.9912 
       W26TE  1 0.0198 0.9802 
       W26TF  1 0.0080 0.9920 
       W26U8  1 0.0493 0.9507 
       W26UJ  1 0.0097 0.9903 
       W26UK  1 0.0073 0.9927 
       W26UT  1 0.0073 0.9927 
       W26XT  1 0.0087 0.9913 
      CC06H2  1 0.0379 0.9621 
      CC06H4  1 0.0095 0.9905 
      CC06H5  1 0.0584 0.9416 
      CC06H6  1 0.0148 0.9852 
      CC06HE  1 0.0087 0.9913 
      CC06HF  1 0.0457 0.9543 
      CC06HH  1 0.0093 0.9907 
      CC06HJ  1 0.0120 0.9880 
      CC06HL  1 0.0067 0.9933 
      CC06HP  1 0.0083 0.9917 
      CC06HT  1 0.0271 0.9729 
      CC06HU  1 0.0102 0.9898 
      CC06HY  1 0.0194 0.9806 
      CC06J0  1 0.0133 0.9867 
      CC06J1  1 0.0357 0.9643 
      CC06J2  1 0.0127 0.9873 
     CT.0YCY  1 0.0136 0.9864 
     CT.0YEC  1 0.0064 0.9936 
     CT.0YEF  1 0.0123 0.9877 
     CT.0YEU  1 0.0080 0.9920 
     CT.0YF2  1 0.0192 0.9808 
     CT.0YF8  1 0.0080 0.9920 
     CT.0YFA  1 0.0155 0.9845 
     CT.0YFE  1 0.0146 0.9854 
     CT.0YFP  1 0.0152 0.9848 
     CT.0YFU  1 0.0132 0.9868 
     CT.0YK7  1 0.0147 0.9853 
     CX.10PT  1 0.0367 0.9633 
      DAM021  1 0.0120 0.9880 
      DAM034  1 0.0184 0.9816 
      DAM07X  1 0.0174 0.9826 
     EF.15J6  1 0.0095 0.9905 
      HRV010  1 0.0096 0.9904 
      HRV02J  1 0.0178 0.9822 
      HRV078  1 0.0129 0.9871 
      HRV0FH  1 0.0107 0.9893 
      HRV0H5  1 0.0162 0.9838 
      HRV0JF  1 0.0210 0.9790 
      HRV0JJ  1 0.0167 0.9833 
      HRV0JM  1 0.0129 0.9871 
      HRV0K6  1 0.0392 0.9608 
      HRV0K7  1 0.0090 0.9910 
      HRV0KP  1 0.0151 0.9849 
      HRV1AX  1 0.0302 0.9698 
      HRV1C4  1 0.0246 0.9754 
      HRV1CH  1 0.0127 0.9873 
      HRV1FA  1 0.0162 0.9838 
      HRV1FK  1 0.0160 0.9840 
      HRV1H8  1 0.0127 0.9873 
      HRV1HT  1 0.0216 0.9784 
      HRV1XU  1 0.0116 0.9884 
      HRV4TF  1 0.0092 0.9908 
      HRV6F0  1 0.0119 0.9881 
      HRVE6L  1 0.0131 0.9869 
       M27HM  1 0.0242 0.9758 
       M27HP  1 0.0091 0.9909 
       M2AK4  1 0.0089 0.9911 
       M2ALA  1 0.0083 0.9917 
       M2C56  1 0.0115 0.9885 
       M2CUX  1 0.0170 0.9830 
       M2E24  1 0.0096 0.9904 
       M2EA7  1 0.0099 0.9901 
       M2EH6  1 0.0102 0.9898 
       M2EKC  1 0.0346 0.9654 
      MSV083  1 0.0139 0.9861 
      MSV084  1 0.0161 0.9839 
      MSV0LJ  1 0.0190 0.9810 
      MSV1H5  1 0.0232 0.9768 
      MSV1KM  1 0.0091 0.9909 
      MSV23F  1 0.0118 0.9882 
      MSV2L8  1 0.0132 0.9868 
      MSV2P7  1 0.0103 0.9897 
      MSV2TJ  1 0.0183 0.9817 
      MSV2XM  1 0.0139 0.9861 
      MSV327  1 0.0117 0.9883 
      MSV33L  1 0.0080 0.9920 
       h0015  2 0.0169 0.9831 
       h0025  2 0.0131 0.9869 
       h0035  2 0.0096 0.9904 
       h0045  2 0.0102 0.9898 
       h0055  2 0.0075 0.9925 
       h0065  2 0.0112 0.9888 
       h0075  2 0.0071 0.9929 
       h0085  2 0.0112 0.9888 
       h0095  2 0.0111 0.9889 
       h0105  2 0.0401 0.9599 
       h0115  2 0.0075 0.9925 
       h0125  2 0.0167 0.9833 
       h0135  2 0.0123 0.9877 
       h0145  2 0.0091 0.9909 
       h0155  2 0.0086 0.9914 
       h0165  2 0.0274 0.9726 
       h0175  2 0.0079 0.9921 
       h0185  2 0.0181 0.9819 
       h0195  2 0.0298 0.9702 
       h0205  2 0.0099 0.9901 
       h0215  2 0.0215 0.9785 
       h0225  2 0.0204 0.9796 
       h0235  2 0.0191 0.9809 
       h0245  2 0.0139 0.9861 
       h0255  2 0.0117 0.9883 
       h0265  2 0.0091 0.9909 
       h0275  2 0.0070 0.9930 
       h0285  2 0.0068 0.9932 
       h0295  2 0.0065 0.9935 
       h0305  2 0.0144 0.9856 
       h0315  2 0.0080 0.9920 
       h0325  2 0.0138 0.9862 
       h0335  2 0.0102 0.9898 
       h0345  2 0.0083 0.9917 
       h0355  2 0.0131 0.9869 
       h0365  2 0.0178 0.9822 
       h0375  2 0.1091 0.8909 
       h0385  2 0.0089 0.9911 
       h0395  2 0.0083 0.9917 
       h0405  2 0.0067 0.9933 
       h0415  2 0.0117 0.9883 
       h0425  2 0.0127 0.9873 
       h0435  2 0.0430 0.9570 
       h0445  2 0.0206 0.9794 
       h0455  2 0.0140 0.9860 
       h0465  2 0.0146 0.9854 
       h0475  2 0.0146 0.9854 
       h0485  2 0.0117 0.9883 
       h0495  2 0.0058 0.9942 
       h0505  2 0.0117 0.9883 
       h0515  2 0.0120 0.9880 
       h0525  2 0.0081 0.9919 
       h0535  2 0.0091 0.9909 
       h0545  2 0.0089 0.9911 
       h0555  2 0.0126 0.9874 
       h0565  2 0.0064 0.9936 
       h0575  2 0.0245 0.9755 
       h0585  2 0.0124 0.9876 
       h0595  2 0.0090 0.9910 
       h0605  2 0.0336 0.9664 
       h0615  2 0.0132 0.9868 
       h0625  2 0.0135 0.9865 
       h0635  2 0.0110 0.9890 
       h0645  2 0.0101 0.9899 
       h0655  2 0.0111 0.9889 
       h0665  2 0.0123 0.9877 
       h0675  2 0.0862 0.9138 
       h0685  2 0.0219 0.9781 
       h0695  2 0.0238 0.9762 
       h0705  2 0.0211 0.9789 
       h0715  2 0.0284 0.9716 
       h0725  2 0.0109 0.9891 
       h0735  2 0.0204 0.9796 
       h0745  2 0.0081 0.9919 
       h0755  2 0.0097 0.9903 
       h0765  2 0.0239 0.9761 
       h0775  2 0.0081 0.9919 
       h0785  2 0.0320 0.9680 
       h0795  2 0.0119 0.9881 
       h0805  2 0.0193 0.9807 
       h0815  2 0.0078 0.9922 
       h0825  2 0.0093 0.9907 
       h0835  2 0.0150 0.9850 
       h0845  2 0.0115 0.9885 
       h0855  2 0.0090 0.9910 
       h0865  2 0.0102 0.9898 
       h0875  2 0.0374 0.9626 
       h0885  2 0.0173 0.9827 
       h0895  2 0.0317 0.9683 
       h0905  2 0.0388 0.9612 
       h0915  2 0.0113 0.9887 
       h0925  2 0.0122 0.9878 
       h0935  2 0.0176 0.9824 
       h0945  2 0.0289 0.9711 
       h0955  2 0.0120 0.9880 
       h0965  2 0.0206 0.9794 
       h0975  2 0.0260 0.9740 
       h0985  2 0.0157 0.9843 
       h0995  2 0.0674 0.9326 
       h1005  2 0.0116 0.9884 
        h101  2 0.0065 0.9935 
        h102  2 0.0184 0.9816 
        h103  2 0.0108 0.9892 
        h104  2 0.0166 0.9834 
        h105  2 0.0096 0.9904 
        h106  2 0.0111 0.9889 
        h107  2 0.0251 0.9749 
        h108  2 0.0071 0.9929 
        h109  2 0.0124 0.9876 
        h110  2 0.0057 0.9943 
        h111  2 0.0087 0.9913 
        h112  2 0.0117 0.9883 
        h113  2 0.0173 0.9827 
        h114  2 0.0110 0.9890 
        h115  2 0.0268 0.9732 
        h116  2 0.0458 0.9542 
        h117  2 0.0074 0.9926 
        h118  2 0.0083 0.9917 
        h119  2 0.0501 0.9499 
        h120  2 0.0211 0.9789 
        h121  2 0.0130 0.9870 
        h122  2 0.0109 0.9891 
        h123  2 0.0171 0.9829 
        h124  2 0.0140 0.9860 
        h125  2 0.0226 0.9774 
        h126  2 0.0174 0.9826 
        h127  2 0.0550 0.9450 
        h128  2 0.0200 0.9800 
        h129  2 0.0125 0.9875 
        h130  2 0.0087 0.9913 
        h131  2 0.0127 0.9873 
        h132  2 0.0782 0.9218 
        h133  2 0.0165 0.9835 
        h134  2 0.0099 0.9901 
        h135  2 0.0187 0.9813 
        h136  2 0.0098 0.9902 
        h137  2 0.0080 0.9920 
        h138  2 0.0095 0.9905 
        h139  2 0.0156 0.9844 
        h140  2 0.0648 0.9352 
        h141  2 0.0123 0.9877 
        h142  2 0.0198 0.9802 
        h143  2 0.0104 0.9896 
        h144  2 0.0130 0.9870 
        h145  2 0.0134 0.9866 
        h146  2 0.0108 0.9892 
        h147  2 0.0075 0.9925 
        h148  2 0.0107 0.9893 
        h149  2 0.0276 0.9724 
        h150  2 0.0131 0.9869 
        h151  2 0.0156 0.9844 
        h152  2 0.0090 0.9910 
        h153  2 0.0079 0.9921 
        h154  2 0.0235 0.9765 
        h155  2 0.0071 0.9929 
        h156  2 0.0527 0.9473 
        h157  2 0.0085 0.9915 
        h158  2 0.0137 0.9863 
        h159  2 0.0200 0.9800 
        h160  2 0.0076 0.9924 
        h161  2 0.0287 0.9713 
        h162  2 0.0089 0.9911 
        h163  2 0.0086 0.9914 
        h164  2 0.0098 0.9902 
        h165  2 0.0757 0.9243 
        h166  2 0.0085 0.9915 
        h167  2 0.0082 0.9918 
        h168  2 0.0132 0.9868 
        h169  2 0.0291 0.9709 
        h170  2 0.0098 0.9902 
        h171  2 0.0284 0.9716 
        h172  2 0.0279 0.9721 
        h173  2 0.0149 0.9851 
        h174  2 0.0116 0.9884 
        h175  2 0.0085 0.9915 
        h176  2 0.0157 0.9843 
        h177  2 0.0129 0.9871 
        h178  2 0.0108 0.9892 
        h179  2 0.0238 0.9762 
        h180  2 0.0130 0.9870 
        h181  2 0.0075 0.9925 
        h182  2 0.0078 0.9922 
        h183  2 0.0136 0.9864 
        h184  2 0.0091 0.9909 
        h185  2 0.0319 0.9681 
        h186  2 0.0106 0.9894 
        h187  2 0.0093 0.9907 
        h188  2 0.0067 0.9933 
        h189  2 0.0139 0.9861 
        h190  2 0.0145 0.9855 
        h191  2 0.0285 0.9715 
        h192  2 0.0551 0.9449 
        h193  2 0.0071 0.9929 
        h194  2 0.0088 0.9912 
        h195  2 0.0294 0.9706 
        h196  2 0.0130 0.9870 
        h197  2 0.0103 0.9897 
        h198  2 0.0223 0.9777 
        h199  2 0.0266 0.9734 
        h200  2 0.0166 0.9834 
        h201  2 0.0153 0.9847 
        h202  2 0.0192 0.9808 
        h203  2 0.0432 0.9568 
        h204  2 0.0063 0.9937 
        h205  2 0.0227 0.9773 
        h206  2 0.0093 0.9907 
        h207  2 0.0102 0.9898 
        h208  2 0.1842 0.8158 
        h209  2 0.0082 0.9918 
        h210  2 0.0184 0.9816 
        h211  2 0.0073 0.9927 
        h212  2 0.0131 0.9869 
        h213  2 0.0111 0.9889 
        h214  2 0.0785 0.9215 
        h215  2 0.0178 0.9822 
        h216  2 0.0127 0.9873 
        h217  2 0.0137 0.9863 
        h218  2 0.0228 0.9772 
        h219  2 0.0241 0.9759 
        h220  2 0.0101 0.9899 
        h221  2 0.0085 0.9915 
        h222  2 0.0213 0.9787 
        h223  2 0.0090 0.9910 
        h224  2 0.0288 0.9712 
        h225  2 0.0114 0.9886 
        h226  2 0.0092 0.9908 
        h227  2 0.0125 0.9875 
        h228  2 0.0154 0.9846 
        h229  2 0.0137 0.9863 
        h230  2 0.0208 0.9792 
        h231  2 0.0086 0.9914 
        h232  2 0.0074 0.9926 
        h233  2 0.0471 0.9529 
        h234  2 0.0475 0.9525 
        h235  2 0.0119 0.9881 
        h236  2 0.0136 0.9864 
        h237  2 0.0161 0.9839 
        h238  2 0.0153 0.9847 
        h239  2 0.0108 0.9892 
        h240  2 0.0078 0.9922 
        h241  2 0.0102 0.9898 
        h242  2 0.0163 0.9837 
        h243  2 0.0080 0.9920 
        h244  2 0.0226 0.9774 
        h245  2 0.0104 0.9896 
        h246  2 0.0329 0.9671 
        h247  2 0.0063 0.9937 
        h248  2 0.0157 0.9843 
        h249  2 0.0196 0.9804 
        h250  2 0.0066 0.9934 
        h251  2 0.0101 0.9899 
        h252  2 0.0134 0.9866 
        h253  2 0.0079 0.9921 
        h254  2 0.0142 0.9858 
        h255  2 0.0078 0.9922 
        h256  2 0.0114 0.9886 
        h257  2 0.0108 0.9892 
        h258  2 0.0326 0.9674 
        h259  2 0.0110 0.9890 
        h260  2 0.0125 0.9875 
        h261  2 0.0208 0.9792 
        h262  2 0.0095 0.9905 
        h263  2 0.0088 0.9912 
        h264  2 0.0163 0.9837 
        h265  2 0.0082 0.9918 
        h266  2 0.0186 0.9814 
        h267  2 0.0120 0.9880 
        h268  2 0.0073 0.9927 
        h269  2 0.0077 0.9923 
        h270  2 0.0177 0.9823 
        h271  2 0.0104 0.9896 
        h272  2 0.0169 0.9831 
        h273  2 0.0161 0.9839 
        h274  2 0.0184 0.9816 
        h275  2 0.0087 0.9913 
        h276  2 0.0220 0.9780 
        h277  2 0.0060 0.9940 
        h278  2 0.0100 0.9900 
        h279  2 0.0090 0.9910 
        h280  2 0.0118 0.9882 
        h281  2 0.0225 0.9775 
        h282  2 0.0164 0.9836 
        h283  2 0.0126 0.9874 
        h284  2 0.0240 0.9760 
        h285  2 0.0077 0.9923 
        h286  2 0.0338 0.9662 
        h287  2 0.0267 0.9733 
        h288  2 0.0113 0.9887 
        h289  2 0.0331 0.9669 
        h290  2 0.0118 0.9882 
        h291  2 0.0365 0.9635 
        h292  2 0.0130 0.9870 
        h293  2 0.0217 0.9783 
        h294  2 0.0089 0.9911 
        h295  2 0.0231 0.9769 
        h296  2 0.0110 0.9890 
        h297  2 0.0122 0.9878 
        h298  2 0.0066 0.9934 
        h299  2 0.0100 0.9900 
        h300  2 0.0099 0.9901 
        h301  2 0.0140 0.9860 
        h302  2 0.0095 0.9905 
        h303  2 0.0510 0.9490 
        h304  2 0.0153 0.9847 
        h305  2 0.0093 0.9907 
        h306  2 0.0108 0.9892 
        h307  2 0.0209 0.9791 
        h308  2 0.0099 0.9901 
        h309  2 0.0172 0.9828 
        h310  2 0.0077 0.9923 
        h311  2 0.0109 0.9891 
        h312  2 0.0138 0.9862 
        h313  2 0.0089 0.9911 
        h314  2 0.0398 0.9602 
        h315  2 0.0060 0.9940 
        h316  2 0.0061 0.9939 
        h317  2 0.0579 0.9421 
        h318  2 0.0147 0.9853 
        h319  2 0.0083 0.9917 
        h320  2 0.0408 0.9592 
        h321  2 0.0102 0.9898 
        h322  2 0.0415 0.9585 
        h323  2 0.0168 0.9832 
        h324  2 0.0110 0.9890 
        h325  2 0.0131 0.9869 
        h326  2 0.0125 0.9875 
        h327  2 0.0120 0.9880 
        h328  2 0.0525 0.9475 
        h329  2 0.0116 0.9884 
        h330  2 0.0084 0.9916 
        h331  2 0.0184 0.9816 
        h332  2 0.0146 0.9854 
        h333  2 0.0104 0.9896 
        h334  2 0.0161 0.9839 
        h335  2 0.0159 0.9841 
        h336  2 0.0085 0.9915 
        h337  2 0.0137 0.9863 
        h338  2 0.0247 0.9753 
        h339  2 0.0087 0.9913 
        h340  2 0.0144 0.9856 
        h341  2 0.0294 0.9706 
        h342  2 0.0636 0.9364 
        h343  2 0.0100 0.9900 
        h344  2 0.0090 0.9910 
        h345  2 0.0084 0.9916 
        h346  2 0.0168 0.9832 
        h347  2 0.0197 0.9803 
        h348  2 0.0168 0.9832 
        h349  2 0.0093 0.9907 
        h350  2 0.0060 0.9940 
        h351  2 0.0085 0.9915 
        h352  2 0.1395 0.8605 
        h353  2 0.0328 0.9672 
        h354  2 0.0422 0.9578 
        h355  2 0.0146 0.9854 
        h356  2 0.0120 0.9880 
        h357  2 0.0119 0.9881 
        h358  2 0.0082 0.9918 
        h359  2 0.0132 0.9868 
        h360  2 0.0205 0.9795 
        h361  2 0.0166 0.9834 
        h362  2 0.0540 0.9460 
        h363  2 0.0070 0.9930 
        h364  2 0.0082 0.9918 
        h365  2 0.0218 0.9782 
        h366  2 0.0089 0.9911 
        h367  2 0.0079 0.9921 
        h368  2 0.0422 0.9578 
        h369  2 0.0084 0.9916 
        h370  2 0.0891 0.9109 
        h371  2 0.0131 0.9869 
        h372  2 0.0188 0.9812 
        h373  2 0.0269 0.9731 
        h374  2 0.0127 0.9873 
        h375  2 0.0632 0.9368 
        h376  2 0.0103 0.9897 
        h377  2 0.0110 0.9890 
        h378  2 0.0154 0.9846 
        h379  2 0.0239 0.9761 
        h380  2 0.0123 0.9877 
        h381  2 0.0079 0.9921 
        h382  2 0.0120 0.9880 
        h383  2 0.0160 0.9840 
        h384  2 0.0226 0.9774 
        h385  2 0.0538 0.9462 
        h386  2 0.0124 0.9876 
        h387  2 0.0160 0.9840 
        h388  2 0.0219 0.9781 
        h389  2 0.0130 0.9870 
        h390  2 0.0095 0.9905 
        h391  2 0.0133 0.9867 
        h392  2 0.0425 0.9575 
        h393  2 0.0174 0.9826 
        h394  2 0.0206 0.9794 
        h395  2 0.0145 0.9855 
        h396  2 0.0072 0.9928 
        h397  2 0.0096 0.9904 
        h398  2 0.0175 0.9825 
        h399  2 0.0316 0.9684 
        h400  2 0.0072 0.9928 
        h001  3 0.0394 0.9606 
        h002  3 0.1364 0.8636 
        h003  3 0.2246 0.7754 
        h004  3 0.0122 0.9878 
        h005  3 0.0334 0.9666 
        h006  3 0.1381 0.8619 
        h007  3 0.1824 0.8176 
        h008  3 0.0439 0.9561 
        h009  3 0.2656 0.7344 
        h010  3 0.0922 0.9078 
        h011  3 0.1198 0.8802 
        h012  3 0.1839 0.8161 
        h013  3 0.0113 0.9887 
        h014  3 0.0204 0.9796 
        h015  3 0.0347 0.9653 
        h016  3 0.0340 0.9660 
        h017  3 0.0132 0.9868 
        h018  3 0.0768 0.9232 
        h019  3 0.0275 0.9725 
        h020  3 0.0161 0.9839 
        h021  3 0.0397 0.9603 
        h022  3 0.0485 0.9515 
        h023  3 0.0537 0.9463 
        h024  3 0.0505 0.9495 
        h025  3 0.2957 0.7043 
        h026  3 0.2782 0.7218 
        h027  3 0.0987 0.9013 
        h028  3 0.0483 0.9517 
        h029  3 0.1151 0.8849 
        h030  3 0.0694 0.9306 
        h031  3 0.0196 0.9804 
        h032  3 0.1974 0.8026 
        h033  3 0.1209 0.8791 
        h034  3 0.0083 0.9917 
        h035  3 0.1752 0.8248 
        h036  3 0.0137 0.9863 
        h037  3 0.1129 0.8871 
        h038  3 0.0917 0.9083 
        h039  3 0.0299 0.9701 
        h040  3 0.0089 0.9911 
        h041  3 0.3254 0.6746 
        h042  3 0.1621 0.8379 
        h043  3 0.0228 0.9772 
        h044  3 0.1443 0.8557 
        h045  3 0.0765 0.9235 
        h046  3 0.0360 0.9640 
        h047  3 0.0651 0.9349 
        h048  3 0.1093 0.8907 
        h049  3 0.1007 0.8993 
        h050  3 0.1437 0.8563 
        h051  3 0.0679 0.9321 
        h052  3 0.2858 0.7142 
        h053  3 0.2182 0.7818 
        h054  3 0.0167 0.9833 
        h055  3 0.0200 0.9800 
        h056  3 0.0354 0.9646 
        h057  3 0.0880 0.9120 
        h058  3 0.0310 0.9690 
        h059  3 0.0174 0.9826 
        h060  3 0.0790 0.9210 
        h061  3 0.0224 0.9776 
        h062  3 0.0245 0.9755 
        h063  3 0.1028 0.8972 
        h064  3 0.1749 0.8251 
        h065  3 0.0219 0.9781 
        h066  3 0.2761 0.7239 
        h067  3 0.0703 0.9297 
        h068  3 0.1148 0.8852 
        h069  3 0.1963 0.8037 
        h070  3 0.0183 0.9817 
        h071  3 0.0937 0.9063 
        h072  3 0.0881 0.9119 
        h073  3 0.1019 0.8981 
        h074  3 0.0627 0.9373 
        h075  3 0.2463 0.7537 
        h076  3 0.3726 0.6274 
        h077  3 0.1700 0.8300 
        h078  3 0.0154 0.9846 
        h079  3 0.0740 0.9260 
        h080  3 0.1211 0.8789 
        h081  3 0.0112 0.9888 
        h082  3 0.3374 0.6626 
        h083  3 0.2176 0.7824 
        h084  3 0.0445 0.9555 
        h085  3 0.2078 0.7922 
        h086  3 0.1322 0.8678 
        h087  3 0.0811 0.9189 
        h088  3 0.1558 0.8442 
        h089  3 0.1665 0.8335 
        h090  3 0.1930 0.8070 
        h091  3 0.1256 0.8744 
        h092  3 0.0297 0.9703 
        h093  3 0.0348 0.9652 
        h094  3 0.0258 0.9742 
        h095  3 0.0774 0.9226 
        h096  3 0.2778 0.7222 
        h097  3 0.0267 0.9733 
        h098  3 0.2831 0.7169 
        h099  3 0.2518 0.7482 
        h100  3 0.1463 0.8537 
       h0011  4 0.2866 0.7134 
       h0021  4 0.4329 0.5671 
       h0031  4 0.2230 0.7770 
       h0041  4 0.3606 0.6394 
       h0051  4 0.1935 0.8065 
       h0061  4 0.3609 0.6391 
       h0071  4 0.0994 0.9006 
       h0081  4 0.3859 0.6141 
       h0091  4 0.3117 0.6883 
       h0101  4 0.3014 0.6986 
       h0111  4 0.0483 0.9517 
       h0121  4 0.4841 0.5159 
       h0131  4 0.2646 0.7354 
       h0141  4 0.0159 0.9841 
       h0151  4 0.1185 0.8815 
       h0161  4 0.2302 0.7698 
       h0171  4 0.2785 0.7215 
       h0181  4 0.1570 0.8430 
       h0191  4 0.2610 0.7390 
       h0201  4 0.2576 0.7424 
       h0211  4 0.3616 0.6384 
       h0221  4 0.1774 0.8226 
       h0231  4 0.2091 0.7909 
       h0241  4 0.0424 0.9576 
       h0251  4 0.2302 0.7698 
       h0261  4 0.2196 0.7804 
       h0271  4 0.3161 0.6839 
       h0281  4 0.3096 0.6904 
       h0291  4 0.4124 0.5876 
       h0301  4 0.1218 0.8782 
       h0311  4 0.0222 0.9778 
       h0321  4 0.2462 0.7538 
       h0331  4 0.0886 0.9114 
       h0341  4 0.1523 0.8477 
       h0351  4 0.3139 0.6861 
       h0361  4 0.2135 0.7865 
       h0371  4 0.1338 0.8662 
       h0381  4 0.3051 0.6949 
       h0391  4 0.3351 0.6649 
       h0401  4 0.0262 0.9738 
       h0411  4 0.2462 0.7538 
       h0421  4 0.2709 0.7291 
       h0431  4 0.2932 0.7068 
       h0441  4 0.2249 0.7751 
       h0451  4 0.3091 0.6909 
       h0461  4 0.1459 0.8541 
       h0471  4 0.2725 0.7275 
       h0481  4 0.3333 0.6667 
       h0491  4 0.1371 0.8629 
       h0501  4 0.2153 0.7847 
       h0511  4 0.0570 0.9430 
       h0521  4 0.2845 0.7155 
       h0531  4 0.1187 0.8813 
       h0541  4 0.4362 0.5638 
       h0551  4 0.1726 0.8274 
       h0561  4 0.1874 0.8126 
       h0571  4 0.2548 0.7452 
       h0581  4 0.2814 0.7186 
       h0591  4 0.1357 0.8643 
       h0601  4 0.1528 0.8472 
       h0611  4 0.2441 0.7559 
       h0621  4 0.3495 0.6505 
       h0631  4 0.2107 0.7893 
       h0641  4 0.1923 0.8077 
       h0651  4 0.2577 0.7423 
       h0661  4 0.3573 0.6427 
       h0671  4 0.1922 0.8078 
       h0681  4 0.2465 0.7535 
       h0691  4 0.2472 0.7528 
       h0701  4 0.2265 0.7735 
       h0711  4 0.4118 0.5882 
       h0721  4 0.3508 0.6492 
       h0731  4 0.2491 0.7509 
       h0741  4 0.1351 0.8649 
       h0751  4 0.4640 0.5360 
       h0761  4 0.2049 0.7951 
       h0771  4 0.3305 0.6695 
       h0781  4 0.0620 0.9380 
       h0791  4 0.4875 0.5125 
       h0801  4 0.3892 0.6108 
       h0811  4 0.1877 0.8123 
       h0821  4 0.0396 0.9604 
       h0831  4 0.1871 0.8129 
       h0841  4 0.3016 0.6984 
       h0851  4 0.3137 0.6863 
       h0861  4 0.2199 0.7801 
       h0871  4 0.4517 0.5483 
       h0881  4 0.4402 0.5598 
       h0891  4 0.1075 0.8925 
       h0901  4 0.2477 0.7523 
       h0911  4 0.1684 0.8316 
       h0921  4 0.4933 0.5067 
       h0931  4 0.3222 0.6778 
       h0941  4 0.2687 0.7313 
       h0951  4 0.3750 0.6250 
       h0961  4 0.1496 0.8504 
       h0971  4 0.2396 0.7604 
       h0981  4 0.0577 0.9423 
       h0991  4 0.0228 0.9772 
       h1001  4 0.3294 0.6706 
      MSV1TX  5 0.3939 0.6061 
      MSV025  5 0.6122 0.3878 
      MSV02C  5 0.4841 0.5159 
      MSV02E  5 0.5489 0.4511 
      MSV0TF  5 0.5644 0.4356 
       M2EL8  5 0.6781 0.3219 
       h0012  6 0.4545 0.5455 
       h0022  6 0.4483 0.5517 
       h0032  6 0.6884 0.3116 
       h0042  6 0.4606 0.5394 
       h0052  6 0.6121 0.3879 
       h0062  6 0.4984 0.5016 
       h0072  6 0.4696 0.5304 
       h0082  6 0.5358 0.4642 
       h0092  6 0.4572 0.5428 
       h0102  6 0.4190 0.5810 
       h0112  6 0.4007 0.5993 
       h0122  6 0.1831 0.8169 
       h0132  6 0.2753 0.7247 
       h0142  6 0.5672 0.4328 
       h0152  6 0.5228 0.4772 
       h0162  6 0.5444 0.4556 
       h0172  6 0.3812 0.6188 
       h0182  6 0.5517 0.4483 
       h0192  6 0.4356 0.5644 
       h0202  6 0.6246 0.3754 
       h0212  6 0.4957 0.5043 
       h0222  6 0.4201 0.5799 
       h0232  6 0.5329 0.4671 
       h0242  6 0.4887 0.5113 
       h0252  6 0.5112 0.4888 
       h0262  6 0.5669 0.4331 
       h0272  6 0.5376 0.4624 
       h0282  6 0.4126 0.5874 
       h0292  6 0.5914 0.4086 
       h0302  6 0.4502 0.5498 
       h0312  6 0.5085 0.4915 
       h0322  6 0.6167 0.3833 
       h0332  6 0.5287 0.4713 
       h0342  6 0.4491 0.5509 
       h0352  6 0.5108 0.4892 
       h0362  6 0.4719 0.5281 
       h0372  6 0.4211 0.5789 
       h0382  6 0.5627 0.4373 
       h0392  6 0.4001 0.5999 
       h0402  6 0.3833 0.6167 
       h0412  6 0.4627 0.5373 
       h0422  6 0.5021 0.4979 
       h0432  6 0.4396 0.5604 
       h0442  6 0.4925 0.5075 
       h0452  6 0.4606 0.5394 
       h0462  6 0.5833 0.4167 
       h0472  6 0.4849 0.5151 
       h0482  6 0.5247 0.4753 
       h0492  6 0.6194 0.3806 
       h0502  6 0.5075 0.4925 
       h0512  6 0.6035 0.3965 
       h0522  6 0.3514 0.6486 
       h0532  6 0.3478 0.6522 
       h0542  6 0.2157 0.7843 
       h0552  6 0.5686 0.4314 
       h0562  6 0.4221 0.5779 
       h0572  6 0.4984 0.5016 
       h0582  6 0.5676 0.4324 
       h0592  6 0.5947 0.4053 
       h0602  6 0.5124 0.4876 
       h0612  6 0.3919 0.6081 
       h0622  6 0.5617 0.4383 
       h0632  6 0.5786 0.4214 
       h0642  6 0.5124 0.4876 
       h0652  6 0.5376 0.4624 
       h0662  6 0.6288 0.3712 
       h0672  6 0.2368 0.7632 
       h0682  6 0.5839 0.4161 
       h0692  6 0.4840 0.5160 
       h0702  6 0.6875 0.3125 
       h0712  6 0.4606 0.5394 
       h0722  6 0.4230 0.5770 
       h0732  6 0.4328 0.5672 
       h0742  6 0.6954 0.3046 
       h0752  6 0.4327 0.5673 
       h0762  6 0.2422 0.7578 
       h0772  6 0.4288 0.5712 
       h0782  6 0.6229 0.3771 
       h0792  6 0.5319 0.4681 
       h0802  6 0.5742 0.4258 
       h0812  6 0.5562 0.4438 
       h0822  6 0.4755 0.5245 
       h0832  6 0.4927 0.5073 
       h0842  6 0.4952 0.5048 
       h0852  6 0.5936 0.4064 
       h0862  6 0.5787 0.4213 
       h0872  6 0.5118 0.4882 
       h0882  6 0.4718 0.5282 
       h0892  6 0.3819 0.6181 
       h0902  6 0.5830 0.4170 
       h0912  6 0.5260 0.4740 
       h0922  6 0.3396 0.6604 
       h0932  6 0.5638 0.4362 
       h0942  6 0.5219 0.4781 
       h0952  6 0.4882 0.5118 
       h0962  6 0.5529 0.4471 
       h0972  6 0.4936 0.5064 
       h0982  6 0.4865 0.5135 
       h0992  6 0.3784 0.6216 
       h1002  6 0.4593 0.5407 
      MSV21T  7 0.8745 0.1255 
       M2E71  7 0.7708 0.2292 
       h0013  8 0.8081 0.1919 
       h0023  8 0.7913 0.2087 
       h0033  8 0.8577 0.1423 
       h0043  8 0.6694 0.3306 
       h0053  8 0.6457 0.3543 
       h0063  8 0.5624 0.4376 
       h0073  8 0.7794 0.2206 
       h0083  8 0.5928 0.4072 
       h0093  8 0.9840 0.0160 
       h0103  8 0.8262 0.1738 
       h0113  8 0.9232 0.0768 
       h0123  8 0.6143 0.3857 
       h0133  8 0.7914 0.2086 
       h0143  8 0.7460 0.2540 
       h0153  8 0.7564 0.2436 
       h0163  8 0.8367 0.1633 
       h0173  8 0.8701 0.1299 
       h0183  8 0.6996 0.3004 
       h0193  8 0.5841 0.4159 
       h0203  8 0.8989 0.1011 
       h0213  8 0.8305 0.1695 
       h0223  8 0.7205 0.2795 
       h0233  8 0.6752 0.3248 
       h0243  8 0.9600 0.0400 
       h0253  8 0.5549 0.4451 
       h0263  8 0.7470 0.2530 
       h0273  8 0.6852 0.3148 
       h0283  8 0.5962 0.4038 
       h0293  8 0.6711 0.3289 
       h0303  8 0.9886 0.0114 
       h0313  8 0.8025 0.1975 
       h0323  8 0.8894 0.1106 
       h0333  8 0.7430 0.2570 
       h0343  8 0.7140 0.2860 
       h0353  8 0.7170 0.2830 
       h0363  8 0.9355 0.0645 
       h0373  8 0.7272 0.2728 
       h0383  8 0.6789 0.3211 
       h0393  8 0.8612 0.1388 
       h0403  8 0.7168 0.2832 
       h0413  8 0.7171 0.2829 
       h0423  8 0.9063 0.0937 
       h0433  8 0.7143 0.2857 
       h0443  8 0.7742 0.2258 
       h0453  8 0.7502 0.2498 
       h0463  8 0.8789 0.1211 
       h0473  8 0.9311 0.0689 
       h0483  8 0.8051 0.1949 
       h0493  8 0.6850 0.3150 
       h0503  8 0.5260 0.4740 
       h0513  8 0.7168 0.2832 
       h0523  8 0.6994 0.3006 
       h0533  8 0.7294 0.2706 
       h0543  8 0.8495 0.1505 
       h0553  8 0.6967 0.3033 
       h0563  8 0.6459 0.3541 
       h0573  8 0.7493 0.2507 
       h0583  8 0.4169 0.5831 
       h0593  8 0.8124 0.1876 
       h0603  8 0.6162 0.3838 
       h0613  8 0.6718 0.3282 
       h0623  8 0.6484 0.3516 
       h0633  8 0.8678 0.1322 
       h0643  8 0.7015 0.2985 
       h0653  8 0.7808 0.2192 
       h0663  8 0.9483 0.0517 
       h0673  8 0.7179 0.2821 
       h0683  8 0.6660 0.3340 
       h0693  8 0.7849 0.2151 
       h0703  8 0.9478 0.0522 
       h0713  8 0.7675 0.2325 
       h0723  8 0.6755 0.3245 
       h0733  8 0.7697 0.2303 
       h0743  8 0.6846 0.3154 
       h0753  8 0.7160 0.2840 
       h0763  8 0.7018 0.2982 
       h0773  8 0.8989 0.1011 
       h0783  8 0.7037 0.2963 
       h0793  8 0.7801 0.2199 
       h0803  8 0.7204 0.2796 
       h0813  8 0.7682 0.2318 
       h0823  8 0.7699 0.2301 
       h0833  8 0.9631 0.0369 
       h0843  8 0.7473 0.2527 
       h0853  8 0.7646 0.2354 
       h0863  8 0.6859 0.3141 
       h0873  8 0.7286 0.2714 
       h0883  8 0.8666 0.1334 
       h0893  8 0.7047 0.2953 
       h0903  8 0.8203 0.1797 
       h0913  8 0.7463 0.2537 
       h0923  8 0.7308 0.2692 
       h0933  8 0.7968 0.2032 
       h0943  8 0.7252 0.2748 
       h0953  8 0.7424 0.2576 
       h0963  8 0.7337 0.2663 
       h0973  8 0.7484 0.2516 
       h0983  8 0.9893 0.0107 
       h0993  8 0.7141 0.2859 
       h1003  8 0.6219 0.3781 
       W23CA  9 0.9434 0.0566 
     AP.085Y  9 0.9844 0.0156 
     CH.0LLY  9 0.6125 0.3875 
       M0LEC  9 0.9893 0.0107 
       M2C3H  9 0.8023 0.1977 
       M2CHL  9 0.5586 0.4414 
       W26P7  9 0.9291 0.0709 
     AP.07M5  9 0.9164 0.0836 
     AP.080U  9 0.9452 0.0548 
     AP.082A  9 0.9903 0.0097 
     AP.0843  9 0.9368 0.0632 
     AP.0844  9 0.8375 0.1625 
     AP.084X  9 0.9734 0.0266 
     AP.086Y  9 0.8732 0.1268 
     AP.0870  9 0.9048 0.0952 
     AP.0878  9 0.8512 0.1488 
     AP.087F  9 0.8216 0.1784 
     AP.087Y  9 0.6102 0.3898 
     AP.088P  9 0.9813 0.0187 
     AP.08AK  9 0.9666 0.0334 
     CH.0LLM  9 0.8755 0.1245 
     CH.0LLU  9 0.7704 0.2296 
     CH.0LM0  9 0.9310 0.0690 
     CH.0LM3  9 0.9638 0.0362 
       W26MY  9 0.7979 0.2021 
       W26P6  9 0.9071 0.0929 
      HRV07U  9 0.9591 0.0409 
      HRV1CT  9 0.9880 0.0120 
      HRV1CU  9 0.9917 0.0083 
      HRV1E6  9 0.9929 0.0071 
      HRV081  9 0.9932 0.0068 
      HRV1E3  9 0.9753 0.0247 
      MSV21E  9 0.8352 0.1648 
      MSV216  9 0.9026 0.0974 
       M0TYK  9 0.9523 0.0477 
      MSV2AA  9 0.9070 0.0930 
     CK.0PET  9 0.7613 0.2387 
       M2E8C  9 0.9872 0.0128 
      MSV23X  9 0.8269 0.1731 
      MSV32A  9 0.8267 0.1733 
     AP.0838  9 0.9767 0.0233 
     AP.088F  9 0.9089 0.0911 
       h0014 10 0.9922 0.0078 
       h0024 10 0.9867 0.0133 
       h0034 10 0.9806 0.0194 
       h0044 10 0.7762 0.2238 
       h0054 10 0.8478 0.1522 
       h0064 10 0.7318 0.2682 
       h0074 10 0.9474 0.0526 
       h0084 10 0.8380 0.1620 
       h0094 10 0.7933 0.2067 
       h0104 10 0.9643 0.0357 
       h0114 10 0.7730 0.2270 
       h0124 10 0.7985 0.2015 
       h0134 10 0.8193 0.1807 
       h0144 10 0.8097 0.1903 
       h0154 10 0.9350 0.0650 
       h0164 10 0.8971 0.1029 
       h0174 10 0.9333 0.0667 
       h0184 10 0.9536 0.0464 
       h0194 10 0.9910 0.0090 
       h0204 10 0.8469 0.1531 
       h0214 10 0.9868 0.0132 
       h0224 10 0.9232 0.0768 
       h0234 10 0.9525 0.0475 
       h0244 10 0.7127 0.2873 
       h0254 10 0.9917 0.0083 
       h0264 10 0.9018 0.0982 
       h0274 10 0.9805 0.0195 
       h0284 10 0.8853 0.1147 
       h0294 10 0.8539 0.1461 
       h0304 10 0.9511 0.0489 
       h0314 10 0.9857 0.0143 
       h0324 10 0.6436 0.3564 
       h0334 10 0.7534 0.2466 
       h0344 10 0.9864 0.0136 
       h0354 10 0.9840 0.0160 
       h0364 10 0.8111 0.1889 
       h0374 10 0.8654 0.1346 
       h0384 10 0.7818 0.2182 
       h0394 10 0.7850 0.2150 
       h0404 10 0.9904 0.0096 
       h0414 10 0.7826 0.2174 
       h0424 10 0.8252 0.1748 
       h0434 10 0.7856 0.2144 
       h0444 10 0.8952 0.1048 
       h0454 10 0.8788 0.1212 
       h0464 10 0.9104 0.0896 
       h0474 10 0.9213 0.0787 
       h0484 10 0.8996 0.1004 
       h0494 10 0.9762 0.0238 
       h0504 10 0.8592 0.1408 
       h0514 10 0.9433 0.0567 
       h0524 10 0.9421 0.0579 
       h0534 10 0.9853 0.0147 
       h0544 10 0.8975 0.1025 
       h0554 10 0.8998 0.1002 
       h0564 10 0.9767 0.0233 
       h0574 10 0.7959 0.2041 
       h0584 10 0.9074 0.0926 
       h0594 10 0.9350 0.0650 
       h0604 10 0.9604 0.0396 
       h0614 10 0.9170 0.0830 
       h0624 10 0.8127 0.1873 
       h0634 10 0.8243 0.1757 
       h0644 10 0.9394 0.0606 
       h0654 10 0.7294 0.2706 
       h0664 10 0.8975 0.1025 
       h0674 10 0.9582 0.0418 
       h0684 10 0.9915 0.0085 
       h0694 10 0.9771 0.0229 
       h0704 10 0.9182 0.0818 
       h0714 10 0.6272 0.3728 
       h0724 10 0.9732 0.0268 
       h0734 10 0.7600 0.2400 
       h0744 10 0.9649 0.0351 
       h0754 10 0.8057 0.1943 
       h0764 10 0.8421 0.1579 
       h0774 10 0.9755 0.0245 
       h0784 10 0.8617 0.1383 
       h0794 10 0.8962 0.1038 
       h0804 10 0.8853 0.1147 
       h0814 10 0.7439 0.2561 
       h0824 10 0.9884 0.0116 
       h0834 10 0.6462 0.3538 
       h0844 10 0.9895 0.0105 
       h0854 10 0.8640 0.1360 
       h0864 10 0.8410 0.1590 
       h0874 10 0.8997 0.1003 
       h0884 10 0.9695 0.0305 
       h0894 10 0.8893 0.1107 
       h0904 10 0.9642 0.0358 
       h0914 10 0.8533 0.1467 
       h0924 10 0.9619 0.0381 
       h0934 10 0.9794 0.0206 
       h0944 10 0.8241 0.1759 
       h0954 10 0.9401 0.0599 
       h0964 10 0.9830 0.0170 
       h0974 10 0.8037 0.1963 
       h0984 10 0.8770 0.1230 
       h0994 10 0.8586 0.1414 
       h1004 10 0.9926 0.0074 
     AP.07M2 11 0.9529 0.0471 
      HRV05C 11 0.9817 0.0183 
      HRV077 11 0.9847 0.0153 
      HRV0A0 11 0.9928 0.0072 
      HRV0MC 11 0.9909 0.0091 
      HRV00P 11 0.9931 0.0069 
      HRV01J 11 0.9904 0.0096 
      HRV026 11 0.9887 0.0113 
      HRV02C 11 0.9936 0.0064 
      HRV031 11 0.9928 0.0072 
      HRV033 11 0.9928 0.0072 
      HRV05L 11 0.9931 0.0069 
      HRV06A 11 0.9915 0.0085 
      HRV07P 11 0.9934 0.0066 
      HRV0HC 11 0.9684 0.0316 
      HRV0HU 11 0.9845 0.0155 
      HRV0K1 11 0.9924 0.0076 
      HRV0M6 11 0.9636 0.0364 
      HRV0M7 11 0.9888 0.0112 
      HRV0MK 11 0.9933 0.0067 
      HRV1C7 11 0.9909 0.0091 
      HRV1EA 11 0.9877 0.0123 
       M147K 11 0.9941 0.0059 
      HRV008 11 0.9918 0.0082 
      HRV015 11 0.9874 0.0126 
      HRV01F 11 0.9766 0.0234 
      HRV01L 11 0.9920 0.0080 
      HRV01M 11 0.9911 0.0089 
      HRV020 11 0.9856 0.0144 
      HRV022 11 0.9751 0.0249 
      HRV02A 11 0.9819 0.0181 
      HRV02K 11 0.9730 0.0270 
      HRV04C 11 0.9916 0.0084 
      HRV05H 11 0.9842 0.0158 
      HRV076 11 0.9816 0.0184 
      HRV07H 11 0.9936 0.0064 
      HRV07X 11 0.9832 0.0168 
      HRV080 11 0.9925 0.0075 
      HRV086 11 0.9893 0.0107 
      HRV0H3 11 0.9890 0.0110 
      HRV0J3 11 0.9881 0.0119 
      HRV0JX 11 0.9815 0.0185 
      HRV0ML 11 0.9934 0.0066 
      HRV1E8 11 0.9905 0.0095 
      HRV007 11 0.9872 0.0128 
      HRV005 11 0.9845 0.0155 
      HRV05U 11 0.9925 0.0075 
      HRV01U 11 0.9911 0.0089 
     AP.07M1 11 0.9918 0.0082 
     AP.07ME 11 0.9881 0.0119 
     AP.0817 11 0.9888 0.0112 
     AP.0863 11 0.9746 0.0254 
     AP.087T 11 0.9752 0.0248 
     AP.088T 11 0.9933 0.0067 
     CH.0LM1 11 0.9893 0.0107 
       M05X5 11 0.9459 0.0541 
       M06JH 11 0.9418 0.0582 
       M0A6K 11 0.9895 0.0105 
       M0ETF 11 0.9923 0.0077 
       M0LUP 11 0.9872 0.0128 
       M16F1 11 0.9900 0.0100 
       M182M 11 0.9880 0.0120 
       M1CFL 11 0.9881 0.0119 
       M2AXY 11 0.9900 0.0100 
       M2AY2 11 0.9611 0.0389 
       M2CHP 11 0.9599 0.0401 
       W26LK 11 0.9918 0.0082 
       W26ME 11 0.9843 0.0157 
     AM.07FM 11 0.9937 0.0063 
     AM.07FP 11 0.9913 0.0087 
     AP.07M4 11 0.9935 0.0065 
     AP.07M7 11 0.9940 0.0060 
     AP.07M8 11 0.9892 0.0108 
     AP.07MA 11 0.9783 0.0217 
     AP.07MC 11 0.9924 0.0076 
     AP.07P8 11 0.9509 0.0491 
     AP.07U8 11 0.9875 0.0125 
     AP.081F 11 0.9888 0.0112 
     AP.081H 11 0.6684 0.3316 
     AP.0820 11 0.9750 0.0250 
     AP.0841 11 0.8747 0.1253 
     AP.0858 11 0.9867 0.0133 
     AP.085U 11 0.9599 0.0401 
     AP.085X 11 0.9921 0.0079 
     AP.0861 11 0.9888 0.0112 
     AP.0864 11 0.9931 0.0069 
     AP.086X 11 0.9926 0.0074 
     AP.0872 11 0.9915 0.0085 
     AP.0875 11 0.9073 0.0927 
     AP.087A 11 0.9918 0.0082 
     AP.087C 11 0.9853 0.0147 
     AP.087E 11 0.9922 0.0078 
     AP.087H 11 0.9922 0.0078 
     AP.087K 11 0.9867 0.0133 
     AP.087L 11 0.9913 0.0087 
     AP.087M 11 0.9897 0.0103 
     AP.087P 11 0.9876 0.0124 
     AP.087U 11 0.9548 0.0452 
     AP.087X 11 0.9683 0.0317 
     AP.0881 11 0.9823 0.0177 
     AP.0882 11 0.9899 0.0101 
     AP.0883 11 0.9724 0.0276 
     AP.0884 11 0.9932 0.0068 
     AP.0885 11 0.9861 0.0139 
     AP.0887 11 0.9871 0.0129 
     AP.0888 11 0.6928 0.3072 
     AP.088A 11 0.9910 0.0090 
     AP.088C 11 0.9670 0.0330 
     AP.088J 11 0.9861 0.0139 
     AP.088K 11 0.9840 0.0160 
     AP.088L 11 0.9918 0.0082 
     AP.088U 11 0.9920 0.0080 
     AP.088X 11 0.9619 0.0381 
     AP.08A0 11 0.9934 0.0066 
     AP.08A1 11 0.9880 0.0120 
     AP.08A3 11 0.9925 0.0075 
     AP.08A4 11 0.9241 0.0759 
     AP.08A5 11 0.9930 0.0070 
     AP.08A6 11 0.9798 0.0202 
     AP.08A8 11 0.9909 0.0091 
     AP.08AC 11 0.9822 0.0178 
     AP.08AH 11 0.9875 0.0125 
     AP.08AJ 11 0.9834 0.0166 
     AP.08AM 11 0.9922 0.0078 
     AP.08AT 11 0.9920 0.0080 
     AP.08AX 11 0.9920 0.0080 
     CH.0LLP 11 0.9841 0.0159 
     CH.0LM2 11 0.9891 0.0109 
     CH.0LM4 11 0.9927 0.0073 
     CH.0LM5 11 0.9905 0.0095 
       M0102 11 0.9912 0.0088 
       M023A 11 0.9934 0.0066 
       M03MM 11 0.9879 0.0121 
       M04PF 11 0.9923 0.0077 
       M04XH 11 0.9839 0.0161 
       M04XM 11 0.9911 0.0089 
       M0557 11 0.9719 0.0281 
       M055C 11 0.9651 0.0349 
       M05JC 11 0.9915 0.0085 
       M05PH 11 0.9871 0.0129 
       M05X6 11 0.9928 0.0072 
       M07TC 11 0.9841 0.0159 
       M0A66 11 0.9933 0.0067 
       M0EYT 11 0.9920 0.0080 
       M0FF2 11 0.9927 0.0073 
       M0HJ6 11 0.9828 0.0172 
      HRV0JL 11 0.9938 0.0062 
      HRV0JP 11 0.9911 0.0089 
      HRV0KA 11 0.9914 0.0086 
      HRV0LJ 11 0.9813 0.0187 
      HRV0LM 11 0.9909 0.0091 
      HRV0LP 11 0.9731 0.0269 
       M0HJ8 11 0.9918 0.0082 
       M0HM3 11 0.9919 0.0081 
       M0J1X 11 0.9920 0.0080 
       M0L32 11 0.9861 0.0139 
       M0L8F 11 0.9786 0.0214 
       M0LUH 11 0.9915 0.0085 
       M0XPJ 11 0.9918 0.0082 
       M0XTE 11 0.9846 0.0154 
       M157H 11 0.9897 0.0103 
       M16YU 11 0.9935 0.0065 
       M1751 11 0.9905 0.0095 
       M1C2H 11 0.9928 0.0072 
       M1E60 11 0.9935 0.0065 
       M1EKX 11 0.9929 0.0071 
       M1EKY 11 0.9921 0.0079 
       M1EL3 11 0.9843 0.0157 
       M1ELC 11 0.9882 0.0118 
       M1ELE 11 0.9921 0.0079 
       M2AY0 11 0.9821 0.0179 
       M2AY4 11 0.9912 0.0088 
       M2AY5 11 0.9888 0.0112 
       M2AY8 11 0.8712 0.1288 
       M2C3A 11 0.9911 0.0089 
       M2C3F 11 0.9910 0.0090 
      HRV0ME 11 0.9841 0.0159 
       M2CHJ 11 0.9710 0.0290 
       M2CHM 11 0.9654 0.0346 
       M2CHY 11 0.9870 0.0130 
       W23E8 11 0.9917 0.0083 
       W23EM 11 0.9880 0.0120 
       W23EX 11 0.9905 0.0095 
       W23F0 11 0.9884 0.0116 
       W26L5 11 0.9652 0.0348 
       W26LM 11 0.9362 0.0638 
       W26MJ 11 0.8708 0.1292 
       W26ML 11 0.9917 0.0083 
       W26MT 11 0.9930 0.0070 
       W26PE 11 0.8694 0.1306 
       W26PJ 11 0.8193 0.1807 
       W26PT 11 0.9922 0.0078 
       W26PX 11 0.9693 0.0307 
       W26T0 11 0.9873 0.0127 
       W26TC 11 0.9937 0.0063 
       W26TJ 11 0.8946 0.1054 
       W26UE 11 0.9879 0.0121 
       W26UF 11 0.9912 0.0088 
       W26UL 11 0.9643 0.0357 
       W26X2 11 0.9881 0.0119 
       W2716 11 0.9447 0.0553 
      HRV1C6 11 0.9927 0.0073 
      HRV1CX 11 0.9780 0.0220 
      HRV1E2 11 0.9928 0.0072 
      HRV1E4 11 0.9935 0.0065 
      HRV1E5 11 0.9930 0.0070 
      HRV1EC 11 0.9900 0.0100 
      HRV1EK 11 0.9770 0.0230 
      HRV001 11 0.9903 0.0097 
      HRV00H 11 0.9896 0.0104 
      HRV00K 11 0.9888 0.0112 
      HRV01X 11 0.9900 0.0100 
      HRV025 11 0.9842 0.0158 
      HRV028 11 0.9900 0.0100 
      HRV041 11 0.9920 0.0080 
      HRV04F 11 0.9919 0.0081 
      HRV04L 11 0.9928 0.0072 
      HRV055 11 0.9933 0.0067 
      HRV05J 11 0.9928 0.0072 
      HRV07J 11 0.9928 0.0072 
      HRV07K 11 0.9819 0.0181 
      HRV07L 11 0.9720 0.0280 
      HRV07M 11 0.9927 0.0073 
      HRV0HM 11 0.9516 0.0484 
      HRV0J2 11 0.9925 0.0075 
      HRV0K3 11 0.9917 0.0083 
      HRV0KE 11 0.9918 0.0082 
      HRV0KF 11 0.9872 0.0128 
      HRV0KU 11 0.9804 0.0196 
      HRV0L6 11 0.9927 0.0073 
      HRV0M2 11 0.9858 0.0142 
      HRV0MF 11 0.9914 0.0086 
      HRV0MJ 11 0.9769 0.0231 
      HRV1AT 11 0.9914 0.0086 
      HRV1C1 11 0.9909 0.0091 
      HRV1CL 11 0.9889 0.0111 
      HRV1E1 11 0.9904 0.0096 
      HRV1E7 11 0.9920 0.0080 
      HRV1EE 11 0.9922 0.0078 
      HRV1ET 11 0.9928 0.0072 
      h00111 12 0.9941 0.0059 
      h00211 12 0.9919 0.0081 
      h00311 12 0.9916 0.0084 
      h00411 12 0.9892 0.0108 
      h00511 12 0.9859 0.0141 
      h00611 12 0.9816 0.0184 
      h00711 12 0.9920 0.0080 
      h00811 12 0.9882 0.0118 
      h00911 12 0.9848 0.0152 
      h01011 12 0.9838 0.0162 
      h01111 12 0.9874 0.0126 
      h01211 12 0.9804 0.0196 
      h01311 12 0.9697 0.0303 
      h01411 12 0.9888 0.0112 
      h01511 12 0.9883 0.0117 
      h01611 12 0.9733 0.0267 
      h01711 12 0.9889 0.0111 
      h01811 12 0.9919 0.0081 
      h01911 12 0.9880 0.0120 
      h02011 12 0.9746 0.0254 
      h02111 12 0.9894 0.0106 
      h02211 12 0.9878 0.0122 
      h02311 12 0.9926 0.0074 
      h02411 12 0.9904 0.0096 
      h02511 12 0.9937 0.0063 
      h02611 12 0.9838 0.0162 
      h02711 12 0.9805 0.0195 
      h02811 12 0.9824 0.0176 
      h02911 12 0.9904 0.0096 
      h03011 12 0.9780 0.0220 
      h03111 12 0.9942 0.0058 
      h03211 12 0.9848 0.0152 
      h03311 12 0.9684 0.0316 
      h03411 12 0.9873 0.0127 
      h03511 12 0.9815 0.0185 
      h03611 12 0.9911 0.0089 
      h03711 12 0.9598 0.0402 
      h03811 12 0.9927 0.0073 
      h03911 12 0.9825 0.0175 
      h04011 12 0.9909 0.0091 
      h04111 12 0.9858 0.0142 
      h04211 12 0.9868 0.0132 
      h04311 12 0.9794 0.0206 
      h04411 12 0.9926 0.0074 
      h04511 12 0.9931 0.0069 
      h04611 12 0.9883 0.0117 
      h04711 12 0.9874 0.0126 
      h04811 12 0.9911 0.0089 
      h04911 12 0.9894 0.0106 
      h05011 12 0.9918 0.0082 
      h05111 12 0.9893 0.0107 
      h05211 12 0.9901 0.0099 
      h05311 12 0.9879 0.0121 
      h05411 12 0.9835 0.0165 
      h05511 12 0.9890 0.0110 
      h05611 12 0.9906 0.0094 
      h05711 12 0.9856 0.0144 
      h05811 12 0.9880 0.0120 
      h05911 12 0.9899 0.0101 
      h06011 12 0.9936 0.0064 
      h06111 12 0.9905 0.0095 
      h06211 12 0.9898 0.0102 
      h06311 12 0.9908 0.0092 
      h06411 12 0.9887 0.0113 
      h06511 12 0.9898 0.0102 
      h06611 12 0.9922 0.0078 
      h06711 12 0.9588 0.0412 
      h06811 12 0.9894 0.0106 
      h06911 12 0.9871 0.0129 
      h07011 12 0.9831 0.0169 
      h07111 12 0.9902 0.0098 
      h07211 12 0.9888 0.0112 
      h07311 12 0.9855 0.0145 
      h07411 12 0.9922 0.0078 
      h07511 12 0.9891 0.0109 
      h07611 12 0.9809 0.0191 
      h07711 12 0.9918 0.0082 
      h07811 12 0.9899 0.0101 
      h07911 12 0.9805 0.0195 
      h08011 12 0.9917 0.0083 
      h08111 12 0.9908 0.0092 
      h08211 12 0.9867 0.0133 
      h08311 12 0.9890 0.0110 
      h08411 12 0.9919 0.0081 
      h08511 12 0.9836 0.0164 
      h08611 12 0.9927 0.0073 
      h08711 12 0.9859 0.0141 
      h08811 12 0.9889 0.0111 
      h08911 12 0.9861 0.0139 
      h09011 12 0.9877 0.0123 
      h09111 12 0.9873 0.0127 
      h09211 12 0.9927 0.0073 
      h09311 12 0.9906 0.0094 
      h09411 12 0.9883 0.0117 
      h09511 12 0.9831 0.0169 
      h09611 12 0.9817 0.0183 
      h09711 12 0.9935 0.0065 
      h09811 12 0.9926 0.0074 
      h09911 12 0.9427 0.0573 
      h10011 12 0.9914 0.0086 
       h1011 12 0.9709 0.0291 
       h1021 12 0.9765 0.0235 
       h1031 12 0.9904 0.0096 
       h1041 12 0.9937 0.0063 
       h1051 12 0.9902 0.0098 
       h1061 12 0.9851 0.0149 
       h1071 12 0.9918 0.0082 
       h1081 12 0.9629 0.0371 
       h1091 12 0.9882 0.0118 
       h1101 12 0.9763 0.0237 
       h1111 12 0.9913 0.0087 
       h1121 12 0.9889 0.0111 
       h1131 12 0.9876 0.0124 
       h1141 12 0.9929 0.0071 
       h1151 12 0.9757 0.0243 
       h1161 12 0.9812 0.0188 
       h1171 12 0.9848 0.0152 
       h1181 12 0.9873 0.0127 
       h1191 12 0.9832 0.0168 
       h1201 12 0.9939 0.0061 
       h1211 12 0.9917 0.0083 
       h1221 12 0.9903 0.0097 
       h1231 12 0.9631 0.0369 
       h1241 12 0.9787 0.0213 
       h1251 12 0.9893 0.0107 
       h1261 12 0.9898 0.0102 
       h1271 12 0.9854 0.0146 
       h1281 12 0.9858 0.0142 
       h1291 12 0.9946 0.0054 
       h1301 12 0.9902 0.0098 
       h1311 12 0.9918 0.0082 
       h1321 12 0.9546 0.0454 
       h1331 12 0.9894 0.0106 
       h1341 12 0.9389 0.0611 
       h1351 12 0.9468 0.0532 
       h1361 12 0.9887 0.0113 
       h1371 12 0.9880 0.0120 
       h1381 12 0.9928 0.0072 
       h1391 12 0.9932 0.0068 
       h1401 12 0.9898 0.0102 
       h1411 12 0.9734 0.0266 
       h1421 12 0.9803 0.0197 
       h1431 12 0.9921 0.0079 
       h1441 12 0.9922 0.0078 
       h1451 12 0.9820 0.0180 
       h1461 12 0.9892 0.0108 
       h1471 12 0.9891 0.0109 
       h1481 12 0.9774 0.0226 
       h1491 12 0.9907 0.0093 
       h1501 12 0.9846 0.0154 
       h1511 12 0.9903 0.0097 
       h1521 12 0.9852 0.0148 
       h1531 12 0.9911 0.0089 
       h1541 12 0.9811 0.0189 
       h1551 12 0.9897 0.0103 
       h1561 12 0.9936 0.0064 
       h1571 12 0.9889 0.0111 
       h1581 12 0.9918 0.0082 
       h1591 12 0.9859 0.0141 
       h1601 12 0.9338 0.0662 
       h1611 12 0.9868 0.0132 
       h1621 12 0.9903 0.0097 
       h1631 12 0.9903 0.0097 
       h1641 12 0.9898 0.0102 
       h1651 12 0.9931 0.0069 
       h1661 12 0.9884 0.0116 
       h1671 12 0.9908 0.0092 
       h1681 12 0.9902 0.0098 
       h1691 12 0.9891 0.0109 
       h1701 12 0.9896 0.0104 
       h1711 12 0.9793 0.0207 
       h1721 12 0.9878 0.0122 
       h1731 12 0.9771 0.0229 
       h1741 12 0.9676 0.0324 
       h1751 12 0.9815 0.0185 
       h1761 12 0.9905 0.0095 
       h1771 12 0.9905 0.0095 
       h1781 12 0.9901 0.0099 
       h1791 12 0.9827 0.0173 
       h1801 12 0.9512 0.0488 
       h1811 12 0.9922 0.0078 
       h1821 12 0.9928 0.0072 
       h1831 12 0.9904 0.0096 
       h1841 12 0.9743 0.0257 
       h1851 12 0.9886 0.0114 
       h1861 12 0.9902 0.0098 
       h1871 12 0.9906 0.0094 
       h1881 12 0.9863 0.0137 
       h1891 12 0.9884 0.0116 
       h1901 12 0.9903 0.0097 
       h1911 12 0.9873 0.0127 
       h1921 12 0.9925 0.0075 
       h1931 12 0.9915 0.0085 
       h1941 12 0.9823 0.0177 
       h1951 12 0.9776 0.0224 
       h1961 12 0.9865 0.0135 
       h1971 12 0.9894 0.0106 
       h1981 12 0.9875 0.0125 
       h1991 12 0.9875 0.0125 
       h2001 12 0.9932 0.0068 
       h2011 12 0.9936 0.0064 
       h2021 12 0.9626 0.0374 
       h2031 12 0.9580 0.0420 
       h2041 12 0.9928 0.0072 
       h2051 12 0.9914 0.0086 
       h2061 12 0.9899 0.0101 
       h2071 12 0.9912 0.0088 
       h2081 12 0.9926 0.0074 
       h2091 12 0.9914 0.0086 
       h2101 12 0.9894 0.0106 
       h2111 12 0.9881 0.0119 
       h2121 12 0.9921 0.0079 
       h2131 12 0.9880 0.0120 
       h2141 12 0.9919 0.0081 
       h2151 12 0.9891 0.0109 
       h2161 12 0.9848 0.0152 
       h2171 12 0.9713 0.0287 
       h2181 12 0.9824 0.0176 
       h2191 12 0.9942 0.0058 
       h2201 12 0.9912 0.0088 
       h2211 12 0.9921 0.0079 
       h2221 12 0.9796 0.0204 
       h2231 12 0.9906 0.0094 
       h2241 12 0.9698 0.0302 
       h2251 12 0.9828 0.0172 
       h2261 12 0.9772 0.0228 
       h2271 12 0.9808 0.0192 
       h2281 12 0.9943 0.0057 
       h2291 12 0.9794 0.0206 
       h2301 12 0.9883 0.0117 
       h2311 12 0.9901 0.0099 
       h2321 12 0.9852 0.0148 
       h2331 12 0.9885 0.0115 
       h2341 12 0.9924 0.0076 
       h2351 12 0.9655 0.0345 
       h2361 12 0.9884 0.0116 
       h2371 12 0.9796 0.0204 
       h2381 12 0.9896 0.0104 
       h2391 12 0.9760 0.0240 
       h2401 12 0.9937 0.0063 
       h2411 12 0.9911 0.0089 
       h2421 12 0.9871 0.0129 
       h2431 12 0.9917 0.0083 
       h2441 12 0.9926 0.0074 
       h2451 12 0.9907 0.0093 
       h2461 12 0.9905 0.0095 
       h2471 12 0.9812 0.0188 
       h2481 12 0.9886 0.0114 
       h2491 12 0.9906 0.0094 
       h2501 12 0.9903 0.0097 
       h2511 12 0.9772 0.0228 
       h2521 12 0.9861 0.0139 
       h2531 12 0.9818 0.0182 
       h2541 12 0.9912 0.0088 
       h2551 12 0.9697 0.0303 
       h2561 12 0.9789 0.0211 
       h2571 12 0.9914 0.0086 
       h2581 12 0.9888 0.0112 
       h2591 12 0.9826 0.0174 
       h2601 12 0.9866 0.0134 
