       M1EL5  1 0.0099 0.9901 
       W26T6  1 0.0287 0.9713 
       W26XX  1 0.0081 0.9919 
       M013P  1 0.0119 0.9881 
       M1ELA  1 0.0272 0.9728 
       M2C73  1 0.0101 0.9899 
       W23P4  1 0.0186 0.9814 
       W247C  1 0.0095 0.9905 
       W24K1  1 0.0076 0.9924 
       W24ME  1 0.0181 0.9819 
       W2514  1 0.0099 0.9901 
       W26MA  1 0.0189 0.9811 
       W26MM  1 0.0164 0.9836 
       W26MU  1 0.0098 0.9902 
       W26P0  1 0.0099 0.9901 
       W26P3  1 0.0071 0.9929 
       W26T5  1 0.0064 0.9936 
       W26TE  1 0.0152 0.9848 
       W26TF  1 0.0239 0.9761 
       W26U8  1 0.0233 0.9767 
       W26UJ  1 0.0112 0.9888 
       W26UK  1 0.0063 0.9937 
       W26UT  1 0.0068 0.9932 
       W26XT  1 0.0169 0.9831 
      CC06H2  1 0.0216 0.9784 
      CC06H4  1 0.0204 0.9796 
      CC06H5  1 0.0137 0.9863 
      CC06H6  1 0.0056 0.9944 
      CC06HE  1 0.0084 0.9916 
      CC06HF  1 0.0201 0.9799 
      CC06HH  1 0.0071 0.9929 
      CC06HJ  1 0.0171 0.9829 
      CC06HL  1 0.0077 0.9923 
      CC06HP  1 0.0067 0.9933 
      CC06HT  1 0.0172 0.9828 
      CC06HU  1 0.0168 0.9832 
      CC06HY  1 0.0160 0.9840 
      CC06J0  1 0.0180 0.9820 
      CC06J1  1 0.0216 0.9784 
      CC06J2  1 0.0135 0.9865 
     CT.0YCY  1 0.0105 0.9895 
     CT.0YEC  1 0.0064 0.9936 
     CT.0YEF  1 0.0077 0.9923 
     CT.0YEU  1 0.0056 0.9944 
     CT.0YF2  1 0.0171 0.9829 
     CT.0YF8  1 0.0049 0.9951 
     CT.0YFA  1 0.0056 0.9944 
     CT.0YFE  1 0.0084 0.9916 
     CT.0YFP  1 0.0325 0.9675 
     CT.0YFU  1 0.0086 0.9914 
     CT.0YK7  1 0.0153 0.9847 
     CX.10PT  1 0.0680 0.9320 
      DAM021  1 0.0095 0.9905 
      DAM034  1 0.0059 0.9941 
      DAM07X  1 0.0079 0.9921 
     EF.15J6  1 0.0081 0.9919 
      HRV010  1 0.0145 0.9855 
      HRV02J  1 0.0118 0.9882 
      HRV078  1 0.0122 0.9878 
      HRV0FH  1 0.0072 0.9928 
      HRV0H5  1 0.0104 0.9896 
      HRV0JF  1 0.0084 0.9916 
      HRV0JJ  1 0.0095 0.9905 
      HRV0JM  1 0.0076 0.9924 
      HRV0K6  1 0.0436 0.9564 
      HRV0K7  1 0.0087 0.9913 
      HRV0KP  1 0.0252 0.9748 
      HRV1AX  1 0.0106 0.9894 
      HRV1C4  1 0.0063 0.9937 
      HRV1CH  1 0.0099 0.9901 
      HRV1FA  1 0.0128 0.9872 
      HRV1FK  1 0.0204 0.9796 
      HRV1H8  1 0.0073 0.9927 
      HRV1HT  1 0.0161 0.9839 
      HRV1XU  1 0.0378 0.9622 
      HRV4TF  1 0.0095 0.9905 
      HRV6F0  1 0.0118 0.9882 
      HRVE6L  1 0.0210 0.9790 
       M27HM  1 0.0078 0.9922 
       M27HP  1 0.0074 0.9926 
       M2AK4  1 0.0090 0.9910 
       M2ALA  1 0.0081 0.9919 
       M2C56  1 0.0097 0.9903 
       M2CUX  1 0.0148 0.9852 
       M2E24  1 0.0069 0.9931 
       M2EA7  1 0.0103 0.9897 
       M2EH6  1 0.0080 0.9920 
       M2EKC  1 0.0221 0.9779 
      MSV083  1 0.0530 0.9470 
      MSV084  1 0.0089 0.9911 
      MSV0LJ  1 0.0119 0.9881 
      MSV1H5  1 0.0087 0.9913 
      MSV1KM  1 0.0076 0.9924 
      MSV23F  1 0.0364 0.9636 
      MSV2L8  1 0.0121 0.9879 
      MSV2P7  1 0.0096 0.9904 
      MSV2TJ  1 0.0059 0.9941 
      MSV2XM  1 0.0145 0.9855 
      MSV327  1 0.0118 0.9882 
      MSV33L  1 0.0068 0.9932 
       h0015  2 0.0201 0.9799 
       h0025  2 0.0075 0.9925 
       h0035  2 0.0559 0.9441 
       h0045  2 0.0118 0.9882 
       h0055  2 0.0175 0.9825 
       h0065  2 0.0280 0.9720 
       h0075  2 0.0047 0.9953 
       h0085  2 0.0120 0.9880 
       h0095  2 0.0115 0.9885 
       h0105  2 0.0248 0.9752 
       h0115  2 0.0096 0.9904 
       h0125  2 0.0108 0.9892 
       h0135  2 0.0097 0.9903 
       h0145  2 0.0063 0.9937 
       h0155  2 0.0091 0.9909 
       h0165  2 0.0127 0.9873 
       h0175  2 0.0095 0.9905 
       h0185  2 0.0100 0.9900 
       h0195  2 0.0110 0.9890 
       h0205  2 0.0087 0.9913 
       h0215  2 0.0062 0.9938 
       h0225  2 0.0266 0.9734 
       h0235  2 0.0072 0.9928 
       h0245  2 0.0135 0.9865 
       h0255  2 0.0093 0.9907 
       h0265  2 0.0127 0.9873 
       h0275  2 0.0100 0.9900 
       h0285  2 0.0106 0.9894 
       h0295  2 0.0354 0.9646 
       h0305  2 0.0083 0.9917 
       h0315  2 0.0208 0.9792 
       h0325  2 0.0087 0.9913 
       h0335  2 0.0100 0.9900 
       h0345  2 0.0091 0.9909 
       h0355  2 0.0111 0.9889 
       h0365  2 0.0173 0.9827 
       h0375  2 0.0316 0.9684 
       h0385  2 0.0053 0.9947 
       h0395  2 0.0064 0.9936 
       h0405  2 0.0086 0.9914 
       h0415  2 0.0078 0.9922 
       h0425  2 0.0068 0.9932 
       h0435  2 0.0092 0.9908 
       h0445  2 0.0132 0.9868 
       h0455  2 0.0076 0.9924 
       h0465  2 0.0110 0.9890 
       h0475  2 0.0208 0.9792 
       h0485  2 0.0063 0.9937 
       h0495  2 0.0112 0.9888 
       h0505  2 0.0068 0.9932 
       h0515  2 0.0064 0.9936 
       h0525  2 0.0193 0.9807 
       h0535  2 0.0081 0.9919 
       h0545  2 0.0059 0.9941 
       h0555  2 0.0135 0.9865 
       h0565  2 0.0112 0.9888 
       h0575  2 0.0050 0.9950 
       h0585  2 0.0086 0.9914 
       h0595  2 0.0113 0.9887 
       h0605  2 0.0077 0.9923 
       h0615  2 0.0095 0.9905 
       h0625  2 0.0078 0.9922 
       h0635  2 0.0378 0.9622 
       h0645  2 0.0129 0.9871 
       h0655  2 0.0071 0.9929 
       h0665  2 0.0092 0.9908 
       h0675  2 0.0070 0.9930 
       h0685  2 0.0279 0.9721 
       h0695  2 0.0129 0.9871 
       h0705  2 0.0114 0.9886 
       h0715  2 0.0121 0.9879 
       h0725  2 0.0062 0.9938 
       h0735  2 0.0093 0.9907 
       h0745  2 0.0086 0.9914 
       h0755  2 0.0169 0.9831 
       h0765  2 0.0109 0.9891 
       h0775  2 0.0106 0.9894 
       h0785  2 0.0074 0.9926 
       h0795  2 0.0059 0.9941 
       h0805  2 0.0138 0.9862 
       h0815  2 0.0114 0.9886 
       h0825  2 0.0151 0.9849 
       h0835  2 0.0097 0.9903 
       h0845  2 0.0061 0.9939 
       h0855  2 0.0068 0.9932 
       h0865  2 0.0144 0.9856 
       h0875  2 0.0081 0.9919 
       h0885  2 0.0073 0.9927 
       h0895  2 0.0281 0.9719 
       h0905  2 0.0102 0.9898 
       h0915  2 0.0192 0.9808 
       h0925  2 0.0155 0.9845 
       h0935  2 0.0219 0.9781 
       h0945  2 0.0070 0.9930 
       h0955  2 0.0088 0.9912 
       h0965  2 0.0089 0.9911 
       h0975  2 0.0078 0.9922 
       h0985  2 0.0081 0.9919 
       h0995  2 0.0086 0.9914 
       h1005  2 0.0176 0.9824 
        h101  2 0.0115 0.9885 
        h102  2 0.0119 0.9881 
        h103  2 0.0118 0.9882 
        h104  2 0.0084 0.9916 
        h105  2 0.0048 0.9952 
        h106  2 0.0833 0.9167 
        h107  2 0.0174 0.9826 
        h108  2 0.0061 0.9939 
        h109  2 0.0245 0.9755 
        h110  2 0.0268 0.9732 
        h111  2 0.0254 0.9746 
        h112  2 0.0102 0.9898 
        h113  2 0.0203 0.9797 
        h114  2 0.0097 0.9903 
        h115  2 0.0069 0.9931 
        h116  2 0.0172 0.9828 
        h117  2 0.0091 0.9909 
        h118  2 0.0065 0.9935 
        h119  2 0.0097 0.9903 
        h120  2 0.0090 0.9910 
        h121  2 0.0130 0.9870 
        h122  2 0.0113 0.9887 
        h123  2 0.0123 0.9877 
        h124  2 0.0114 0.9886 
        h125  2 0.0103 0.9897 
        h126  2 0.0158 0.9842 
        h127  2 0.0056 0.9944 
        h128  2 0.0093 0.9907 
        h129  2 0.0043 0.9957 
        h130  2 0.0071 0.9929 
        h131  2 0.0082 0.9918 
        h132  2 0.0653 0.9347 
        h133  2 0.0060 0.9940 
        h134  2 0.0090 0.9910 
        h135  2 0.0054 0.9946 
        h136  2 0.0187 0.9813 
        h137  2 0.0112 0.9888 
        h138  2 0.0117 0.9883 
        h139  2 0.0154 0.9846 
        h140  2 0.0068 0.9932 
        h141  2 0.0327 0.9673 
        h142  2 0.0061 0.9939 
        h143  2 0.0058 0.9942 
        h144  2 0.0060 0.9940 
        h145  2 0.0192 0.9808 
        h146  2 0.0165 0.9835 
        h147  2 0.0060 0.9940 
        h148  2 0.0087 0.9913 
        h149  2 0.0112 0.9888 
        h150  2 0.0094 0.9906 
        h151  2 0.0070 0.9930 
        h152  2 0.0557 0.9443 
        h153  2 0.0177 0.9823 
        h154  2 0.0125 0.9875 
        h155  2 0.0288 0.9712 
        h156  2 0.0103 0.9897 
        h157  2 0.0090 0.9910 
        h158  2 0.0092 0.9908 
        h159  2 0.0130 0.9870 
        h160  2 0.0160 0.9840 
        h161  2 0.0607 0.9393 
        h162  2 0.0173 0.9827 
        h163  2 0.0158 0.9842 
        h164  2 0.0074 0.9926 
        h165  2 0.0048 0.9952 
        h166  2 0.0086 0.9914 
        h167  2 0.0093 0.9907 
        h168  2 0.0138 0.9862 
        h169  2 0.0068 0.9932 
        h170  2 0.0265 0.9735 
        h171  2 0.0482 0.9518 
        h172  2 0.0135 0.9865 
        h173  2 0.0119 0.9881 
        h174  2 0.0133 0.9867 
        h175  2 0.0125 0.9875 
        h176  2 0.0109 0.9891 
        h177  2 0.0081 0.9919 
        h178  2 0.0104 0.9896 
        h179  2 0.0077 0.9923 
        h180  2 0.0139 0.9861 
        h181  2 0.0064 0.9936 
        h182  2 0.0115 0.9885 
        h183  2 0.0097 0.9903 
        h184  2 0.0055 0.9945 
        h185  2 0.0128 0.9872 
        h186  2 0.0126 0.9874 
        h187  2 0.0082 0.9918 
        h188  2 0.0061 0.9939 
        h189  2 0.0044 0.9956 
        h190  2 0.0134 0.9866 
        h191  2 0.0129 0.9871 
        h192  2 0.0115 0.9885 
        h193  2 0.0459 0.9541 
        h194  2 0.0088 0.9912 
        h195  2 0.0132 0.9868 
        h196  2 0.0071 0.9929 
        h197  2 0.0327 0.9673 
        h198  2 0.0071 0.9929 
        h199  2 0.0070 0.9930 
        h200  2 0.0070 0.9930 
        h201  2 0.0090 0.9910 
        h202  2 0.0173 0.9827 
        h203  2 0.0195 0.9805 
        h204  2 0.0125 0.9875 
        h205  2 0.0121 0.9879 
        h206  2 0.0074 0.9926 
        h207  2 0.0104 0.9896 
        h208  2 0.0080 0.9920 
        h209  2 0.0161 0.9839 
        h210  2 0.0070 0.9930 
        h211  2 0.0115 0.9885 
        h212  2 0.0058 0.9942 
        h213  2 0.0140 0.9860 
        h214  2 0.0412 0.9588 
        h215  2 0.0058 0.9942 
        h216  2 0.0108 0.9892 
        h217  2 0.0153 0.9847 
        h218  2 0.0147 0.9853 
        h219  2 0.0087 0.9913 
        h220  2 0.0121 0.9879 
        h221  2 0.0150 0.9850 
        h222  2 0.0592 0.9408 
        h223  2 0.0087 0.9913 
        h224  2 0.0063 0.9937 
        h225  2 0.0081 0.9919 
        h226  2 0.0110 0.9890 
        h227  2 0.0097 0.9903 
        h228  2 0.0079 0.9921 
        h229  2 0.0074 0.9926 
        h230  2 0.0049 0.9951 
        h231  2 0.0079 0.9921 
        h232  2 0.0144 0.9856 
        h233  2 0.0095 0.9905 
        h234  2 0.0060 0.9940 
        h235  2 0.0091 0.9909 
        h236  2 0.0155 0.9845 
        h237  2 0.0142 0.9858 
        h238  2 0.0088 0.9912 
        h239  2 0.0089 0.9911 
        h240  2 0.0063 0.9937 
        h241  2 0.0169 0.9831 
        h242  2 0.0084 0.9916 
        h243  2 0.0486 0.9514 
        h244  2 0.0155 0.9845 
        h245  2 0.0130 0.9870 
        h246  2 0.0303 0.9697 
        h247  2 0.0093 0.9907 
        h248  2 0.0177 0.9823 
        h249  2 0.0143 0.9857 
        h250  2 0.0132 0.9868 
        h251  2 0.0079 0.9921 
        h252  2 0.0084 0.9916 
        h253  2 0.0111 0.9889 
        h254  2 0.0178 0.9822 
        h255  2 0.0106 0.9894 
        h256  2 0.0101 0.9899 
        h257  2 0.0107 0.9893 
        h258  2 0.0127 0.9873 
        h259  2 0.0066 0.9934 
        h260  2 0.0144 0.9856 
        h261  2 0.0352 0.9648 
        h262  2 0.0084 0.9916 
        h263  2 0.0202 0.9798 
        h264  2 0.0253 0.9747 
        h265  2 0.0158 0.9842 
        h266  2 0.0183 0.9817 
        h267  2 0.0158 0.9842 
        h268  2 0.0384 0.9616 
        h269  2 0.0082 0.9918 
        h270  2 0.0094 0.9906 
        h271  2 0.0242 0.9758 
        h272  2 0.0088 0.9912 
        h273  2 0.0053 0.9947 
        h274  2 0.0580 0.9420 
        h275  2 0.0309 0.9691 
        h276  2 0.0703 0.9297 
        h277  2 0.0177 0.9823 
        h278  2 0.0082 0.9918 
        h279  2 0.0351 0.9649 
        h280  2 0.0106 0.9894 
        h281  2 0.0061 0.9939 
        h282  2 0.0061 0.9939 
        h283  2 0.0084 0.9916 
        h284  2 0.0201 0.9799 
        h285  2 0.0197 0.9803 
        h286  2 0.0079 0.9921 
        h287  2 0.0152 0.9848 
        h288  2 0.0191 0.9809 
        h289  2 0.0063 0.9937 
        h290  2 0.0118 0.9882 
        h291  2 0.0434 0.9566 
        h292  2 0.0059 0.9941 
        h293  2 0.0380 0.9620 
        h294  2 0.0043 0.9957 
        h295  2 0.0095 0.9905 
        h296  2 0.0112 0.9888 
        h297  2 0.0570 0.9430 
        h298  2 0.0094 0.9906 
        h299  2 0.0157 0.9843 
        h300  2 0.0642 0.9358 
        h301  2 0.0101 0.9899 
        h302  2 0.0064 0.9936 
        h303  2 0.0093 0.9907 
        h304  2 0.0190 0.9810 
        h305  2 0.0096 0.9904 
        h306  2 0.0063 0.9937 
        h307  2 0.0075 0.9925 
        h308  2 0.0071 0.9929 
        h309  2 0.0439 0.9561 
        h310  2 0.0070 0.9930 
        h311  2 0.0070 0.9930 
        h312  2 0.0062 0.9938 
        h313  2 0.0147 0.9853 
        h314  2 0.0135 0.9865 
        h315  2 0.0353 0.9647 
        h316  2 0.0111 0.9889 
        h317  2 0.0059 0.9941 
        h318  2 0.0101 0.9899 
        h319  2 0.0124 0.9876 
        h320  2 0.0285 0.9715 
        h321  2 0.0171 0.9829 
        h322  2 0.0105 0.9895 
        h323  2 0.0233 0.9767 
        h324  2 0.0076 0.9924 
        h325  2 0.0086 0.9914 
        h326  2 0.0060 0.9940 
        h327  2 0.0206 0.9794 
        h328  2 0.0134 0.9866 
        h329  2 0.0151 0.9849 
        h330  2 0.0196 0.9804 
        h331  2 0.0068 0.9932 
        h332  2 0.0068 0.9932 
        h333  2 0.0090 0.9910 
        h334  2 0.0060 0.9940 
        h335  2 0.0602 0.9398 
        h336  2 0.0042 0.9958 
        h337  2 0.0114 0.9886 
        h338  2 0.0205 0.9795 
        h339  2 0.0104 0.9896 
        h340  2 0.0112 0.9888 
        h341  2 0.0095 0.9905 
        h342  2 0.0110 0.9890 
        h343  2 0.0098 0.9902 
        h344  2 0.0114 0.9886 
        h345  2 0.0135 0.9865 
        h346  2 0.0082 0.9918 
        h347  2 0.0119 0.9881 
        h348  2 0.0104 0.9896 
        h349  2 0.0098 0.9902 
        h350  2 0.0070 0.9930 
        h351  2 0.0195 0.9805 
        h352  2 0.0384 0.9616 
        h353  2 0.0087 0.9913 
        h354  2 0.0113 0.9887 
        h355  2 0.0137 0.9863 
        h356  2 0.0068 0.9932 
        h357  2 0.0116 0.9884 
        h358  2 0.0112 0.9888 
        h359  2 0.0427 0.9573 
        h360  2 0.0048 0.9952 
        h361  2 0.0073 0.9927 
        h362  2 0.0228 0.9772 
        h363  2 0.0111 0.9889 
        h364  2 0.0338 0.9662 
        h365  2 0.0075 0.9925 
        h366  2 0.0143 0.9857 
        h367  2 0.0158 0.9842 
        h368  2 0.0126 0.9874 
        h369  2 0.0774 0.9226 
        h370  2 0.0114 0.9886 
        h371  2 0.0164 0.9836 
        h372  2 0.0274 0.9726 
        h373  2 0.0080 0.9920 
        h374  2 0.0074 0.9926 
        h375  2 0.0221 0.9779 
        h376  2 0.0069 0.9931 
        h377  2 0.0060 0.9940 
        h378  2 0.0057 0.9943 
        h379  2 0.0102 0.9898 
        h380  2 0.0068 0.9932 
        h381  2 0.0110 0.9890 
        h382  2 0.0097 0.9903 
        h383  2 0.0064 0.9936 
        h384  2 0.0112 0.9888 
        h385  2 0.0077 0.9923 
        h386  2 0.0268 0.9732 
        h387  2 0.0521 0.9479 
        h388  2 0.0128 0.9872 
        h389  2 0.0048 0.9952 
        h390  2 0.0127 0.9873 
        h391  2 0.0189 0.9811 
        h392  2 0.0147 0.9853 
        h393  2 0.0083 0.9917 
        h394  2 0.0103 0.9897 
        h395  2 0.0138 0.9862 
        h396  2 0.0062 0.9938 
        h397  2 0.0057 0.9943 
        h398  2 0.0092 0.9908 
        h399  2 0.0089 0.9911 
        h400  2 0.0132 0.9868 
        h001  3 0.0325 0.9675 
        h002  3 0.0223 0.9777 
        h003  3 0.0152 0.9848 
        h004  3 0.0969 0.9031 
        h005  3 0.0113 0.9887 
        h006  3 0.1575 0.8425 
        h007  3 0.1232 0.8768 
        h008  3 0.0984 0.9016 
        h009  3 0.1654 0.8346 
        h010  3 0.0165 0.9835 
        h011  3 0.1146 0.8854 
        h012  3 0.1170 0.8830 
        h013  3 0.0703 0.9297 
        h014  3 0.0186 0.9814 
        h015  3 0.0607 0.9393 
        h016  3 0.1129 0.8871 
        h017  3 0.0958 0.9042 
        h018  3 0.0816 0.9184 
        h019  3 0.0925 0.9075 
        h020  3 0.2748 0.7252 
        h021  3 0.0098 0.9902 
        h022  3 0.1279 0.8721 
        h023  3 0.0520 0.9480 
        h024  3 0.0281 0.9719 
        h025  3 0.1838 0.8162 
        h026  3 0.0762 0.9238 
        h027  3 0.1254 0.8746 
        h028  3 0.1308 0.8692 
        h029  3 0.0220 0.9780 
        h030  3 0.0886 0.9114 
        h031  3 0.2247 0.7753 
        h032  3 0.1543 0.8457 
        h033  3 0.2444 0.7556 
        h034  3 0.1322 0.8678 
        h035  3 0.0088 0.9912 
        h036  3 0.0408 0.9592 
        h037  3 0.2505 0.7495 
        h038  3 0.1959 0.8041 
        h039  3 0.1233 0.8767 
        h040  3 0.1134 0.8866 
        h041  3 0.1455 0.8545 
        h042  3 0.2614 0.7386 
        h043  3 0.0600 0.9400 
        h044  3 0.0251 0.9749 
        h045  3 0.0273 0.9727 
        h046  3 0.0153 0.9847 
        h047  3 0.0185 0.9815 
        h048  3 0.0945 0.9055 
        h049  3 0.0158 0.9842 
        h050  3 0.1807 0.8193 
        h051  3 0.1396 0.8604 
        h052  3 0.0280 0.9720 
        h053  3 0.1899 0.8101 
        h054  3 0.1380 0.8620 
        h055  3 0.0202 0.9798 
        h056  3 0.1385 0.8615 
        h057  3 0.0423 0.9577 
        h058  3 0.0067 0.9933 
        h059  3 0.0315 0.9685 
        h060  3 0.0728 0.9272 
        h061  3 0.0996 0.9004 
        h062  3 0.0655 0.9345 
        h063  3 0.1442 0.8558 
        h064  3 0.0277 0.9723 
        h065  3 0.1719 0.8281 
        h066  3 0.0506 0.9494 
        h067  3 0.1530 0.8470 
        h068  3 0.1795 0.8205 
        h069  3 0.1171 0.8829 
        h070  3 0.1124 0.8876 
        h071  3 0.1786 0.8214 
        h072  3 0.1331 0.8669 
        h073  3 0.0205 0.9795 
        h074  3 0.0495 0.9505 
        h075  3 0.0232 0.9768 
        h076  3 0.1704 0.8296 
        h077  3 0.0603 0.9397 
        h078  3 0.0070 0.9930 
        h079  3 0.0513 0.9487 
        h080  3 0.0094 0.9906 
        h081  3 0.0752 0.9248 
        h082  3 0.0373 0.9627 
        h083  3 0.0141 0.9859 
        h084  3 0.3018 0.6982 
        h085  3 0.0104 0.9896 
        h086  3 0.1292 0.8708 
        h087  3 0.2564 0.7436 
        h088  3 0.0744 0.9256 
        h089  3 0.0652 0.9348 
        h090  3 0.0065 0.9935 
        h091  3 0.1607 0.8393 
        h092  3 0.0256 0.9744 
        h093  3 0.0464 0.9536 
        h094  3 0.0117 0.9883 
        h095  3 0.0808 0.9192 
        h096  3 0.0480 0.9520 
        h097  3 0.1409 0.8591 
        h098  3 0.1471 0.8529 
        h099  3 0.1109 0.8891 
        h100  3 0.0299 0.9701 
       h0011  4 0.2950 0.7050 
       h0021  4 0.1922 0.8078 
       h0031  4 0.2523 0.7477 
       h0041  4 0.2209 0.7791 
       h0051  4 0.1199 0.8801 
       h0061  4 0.3690 0.6310 
       h0071  4 0.1035 0.8965 
       h0081  4 0.1746 0.8254 
       h0091  4 0.3033 0.6967 
       h0101  4 0.1116 0.8884 
       h0111  4 0.0804 0.9196 
       h0121  4 0.1187 0.8813 
       h0131  4 0.0300 0.9700 
       h0141  4 0.1656 0.8344 
       h0151  4 0.2599 0.7401 
       h0161  4 0.1050 0.8950 
       h0171  4 0.3611 0.6389 
       h0181  4 0.3178 0.6822 
       h0191  4 0.0657 0.9343 
       h0201  4 0.3068 0.6932 
       h0211  4 0.1707 0.8293 
       h0221  4 0.4579 0.5421 
       h0231  4 0.1827 0.8173 
       h0241  4 0.1305 0.8695 
       h0251  4 0.0892 0.9108 
       h0261  4 0.2325 0.7675 
       h0271  4 0.2033 0.7967 
       h0281  4 0.3065 0.6935 
       h0291  4 0.1814 0.8186 
       h0301  4 0.1893 0.8107 
       h0311  4 0.2200 0.7800 
       h0321  4 0.1438 0.8562 
       h0331  4 0.2933 0.7067 
       h0341  4 0.2563 0.7437 
       h0351  4 0.1636 0.8364 
       h0361  4 0.3586 0.6414 
       h0371  4 0.3148 0.6852 
       h0381  4 0.1341 0.8659 
       h0391  4 0.4195 0.5805 
       h0401  4 0.2797 0.7203 
       h0411  4 0.3741 0.6259 
       h0421  4 0.1661 0.8339 
       h0431  4 0.0094 0.9906 
       h0441  4 0.5068 0.4932 
       h0451  4 0.2884 0.7116 
       h0461  4 0.1897 0.8103 
       h0471  4 0.2369 0.7631 
       h0481  4 0.3425 0.6575 
       h0491  4 0.2014 0.7986 
       h0501  4 0.1179 0.8821 
       h0511  4 0.2006 0.7994 
       h0521  4 0.2107 0.7893 
       h0531  4 0.2755 0.7245 
       h0541  4 0.1951 0.8049 
       h0551  4 0.2561 0.7439 
       h0561  4 0.5440 0.4560 
       h0571  4 0.0685 0.9315 
       h0581  4 0.4039 0.5961 
       h0591  4 0.0680 0.9320 
       h0601  4 0.3094 0.6906 
       h0611  4 0.1285 0.8715 
       h0621  4 0.1274 0.8726 
       h0631  4 0.2535 0.7465 
       h0641  4 0.1989 0.8011 
       h0651  4 0.4566 0.5434 
       h0661  4 0.2045 0.7955 
       h0671  4 0.0727 0.9273 
       h0681  4 0.3517 0.6483 
       h0691  4 0.0941 0.9059 
       h0701  4 0.3297 0.6703 
       h0711  4 0.2179 0.7821 
       h0721  4 0.1823 0.8177 
       h0731  4 0.3547 0.6453 
       h0741  4 0.3424 0.6576 
       h0751  4 0.0815 0.9185 
       h0761  4 0.2939 0.7061 
       h0771  4 0.2661 0.7339 
       h0781  4 0.1005 0.8995 
       h0791  4 0.3007 0.6993 
       h0801  4 0.0388 0.9612 
       h0811  4 0.3386 0.6614 
       h0821  4 0.2471 0.7529 
       h0831  4 0.1213 0.8787 
       h0841  4 0.0214 0.9786 
       h0851  4 0.2370 0.7630 
       h0861  4 0.1724 0.8276 
       h0871  4 0.3266 0.6734 
       h0881  4 0.2164 0.7836 
       h0891  4 0.2291 0.7709 
       h0901  4 0.1024 0.8976 
       h0911  4 0.1655 0.8345 
       h0921  4 0.2907 0.7093 
       h0931  4 0.2952 0.7048 
       h0941  4 0.0497 0.9503 
       h0951  4 0.3280 0.6720 
       h0961  4 0.2142 0.7858 
       h0971  4 0.3601 0.6399 
       h0981  4 0.2024 0.7976 
       h0991  4 0.1629 0.8371 
       h1001  4 0.2256 0.7744 
       h0012  5 0.4880 0.5120 
       h0022  5 0.5115 0.4885 
       h0032  5 0.4385 0.5615 
       h0042  5 0.3067 0.6933 
       h0052  5 0.3903 0.6097 
       h0062  5 0.4035 0.5965 
       h0072  5 0.4428 0.5572 
       h0082  5 0.5475 0.4525 
       h0092  5 0.5527 0.4473 
       h0102  5 0.4941 0.5059 
       h0112  5 0.4456 0.5544 
       h0122  5 0.5916 0.4084 
       h0132  5 0.3886 0.6114 
       h0142  5 0.4364 0.5636 
       h0152  5 0.5552 0.4448 
       h0162  5 0.6278 0.3722 
       h0172  5 0.5659 0.4341 
       h0182  5 0.5643 0.4357 
       h0192  5 0.6519 0.3481 
       h0202  5 0.3464 0.6536 
       h0212  5 0.5850 0.4150 
       h0222  5 0.3432 0.6568 
       h0232  5 0.4729 0.5271 
       h0242  5 0.5163 0.4837 
       h0252  5 0.5296 0.4704 
       h0262  5 0.6629 0.3371 
       h0272  5 0.5265 0.4735 
       h0282  5 0.5424 0.4576 
       h0292  5 0.4339 0.5661 
       h0302  5 0.4246 0.5754 
       h0312  5 0.5706 0.4294 
       h0322  5 0.6030 0.3970 
       h0332  5 0.3458 0.6542 
       h0342  5 0.4531 0.5469 
       h0352  5 0.4766 0.5234 
       h0362  5 0.5442 0.4558 
       h0372  5 0.6139 0.3861 
       h0382  5 0.5755 0.4245 
       h0392  5 0.3356 0.6644 
       h0402  5 0.4866 0.5134 
       h0412  5 0.6022 0.3978 
       h0422  5 0.5892 0.4108 
       h0432  5 0.4674 0.5326 
       h0442  5 0.4132 0.5868 
       h0452  5 0.5589 0.4411 
       h0462  5 0.4960 0.5040 
       h0472  5 0.4893 0.5107 
       h0482  5 0.3865 0.6135 
       h0492  5 0.6181 0.3819 
       h0502  5 0.3995 0.6005 
       h0512  5 0.5761 0.4239 
       h0522  5 0.4769 0.5231 
       h0532  5 0.4877 0.5123 
       h0542  5 0.4107 0.5893 
       h0552  5 0.5048 0.4952 
       h0562  5 0.4645 0.5355 
       h0572  5 0.4741 0.5259 
       h0582  5 0.4061 0.5939 
       h0592  5 0.4472 0.5528 
       h0602  5 0.5385 0.4615 
       h0612  5 0.4498 0.5502 
       h0622  5 0.4128 0.5872 
       h0632  5 0.4840 0.5160 
       h0642  5 0.3790 0.6210 
       h0652  5 0.4611 0.5389 
       h0662  5 0.5796 0.4204 
       h0672  5 0.4728 0.5272 
       h0682  5 0.3928 0.6072 
       h0692  5 0.4932 0.5068 
       h0702  5 0.3902 0.6098 
       h0712  5 0.4710 0.5290 
       h0722  5 0.5219 0.4781 
       h0732  5 0.4613 0.5387 
       h0742  5 0.5214 0.4786 
       h0752  5 0.5151 0.4849 
       h0762  5 0.4231 0.5769 
       h0772  5 0.5192 0.4808 
       h0782  5 0.6786 0.3214 
       h0792  5 0.3496 0.6504 
       h0802  5 0.3888 0.6112 
       h0812  5 0.5038 0.4962 
       h0822  5 0.4608 0.5392 
       h0832  5 0.4817 0.5183 
       h0842  5 0.4921 0.5079 
       h0852  5 0.5737 0.4263 
       h0862  5 0.4821 0.5179 
       h0872  5 0.4625 0.5375 
       h0882  5 0.5714 0.4286 
       h0892  5 0.5008 0.4992 
       h0902  5 0.4760 0.5240 
       h0912  5 0.5180 0.4820 
       h0922  5 0.4562 0.5438 
       h0932  5 0.4689 0.5311 
       h0942  5 0.4638 0.5362 
       h0952  5 0.5215 0.4785 
       h0962  5 0.4554 0.5446 
       h0972  5 0.5444 0.4556 
       h0982  5 0.4689 0.5311 
       h0992  5 0.4366 0.5634 
       h1002  5 0.3779 0.6221 
       h0013  6 0.7077 0.2923 
       h0023  6 0.8134 0.1866 
       h0033  6 0.6188 0.3812 
       h0043  6 0.6914 0.3086 
       h0053  6 0.8993 0.1007 
       h0063  6 0.7199 0.2801 
       h0073  6 0.7554 0.2446 
       h0083  6 0.7306 0.2694 
       h0093  6 0.7660 0.2340 
       h0103  6 0.7210 0.2790 
       h0113  6 0.8901 0.1099 
       h0123  6 0.6411 0.3589 
       h0133  6 0.6970 0.3030 
       h0143  6 0.7969 0.2031 
       h0153  6 0.7898 0.2102 
       h0163  6 0.7746 0.2254 
       h0173  6 0.8401 0.1599 
       h0183  6 0.6699 0.3301 
       h0193  6 0.7761 0.2239 
       h0203  6 0.9061 0.0939 
       h0213  6 0.8920 0.1080 
       h0223  6 0.7639 0.2361 
       h0233  6 0.6916 0.3084 
       h0243  6 0.8243 0.1757 
       h0253  6 0.7974 0.2026 
       h0263  6 0.5432 0.4568 
       h0273  6 0.8268 0.1732 
       h0283  6 0.6999 0.3001 
       h0293  6 0.7236 0.2764 
       h0303  6 0.6848 0.3152 
       h0313  6 0.7680 0.2320 
       h0323  6 0.5551 0.4449 
       h0333  6 0.8643 0.1357 
       h0343  6 0.7066 0.2934 
       h0353  6 0.8765 0.1235 
       h0363  6 0.6558 0.3442 
       h0373  6 0.8330 0.1670 
       h0383  6 0.9333 0.0667 
       h0393  6 0.7463 0.2537 
       h0403  6 0.7864 0.2136 
       h0413  6 0.4887 0.5113 
       h0423  6 0.5641 0.4359 
       h0433  6 0.5902 0.4098 
       h0443  6 0.8023 0.1977 
       h0453  6 0.4962 0.5038 
       h0463  6 0.6576 0.3424 
       h0473  6 0.8488 0.1512 
       h0483  6 0.8458 0.1542 
       h0493  6 0.7535 0.2465 
       h0503  6 0.8478 0.1522 
       h0513  6 0.7640 0.2360 
       h0523  6 0.7544 0.2456 
       h0533  6 0.7234 0.2766 
       h0543  6 0.5721 0.4279 
       h0553  6 0.8640 0.1360 
       h0563  6 0.7957 0.2043 
       h0573  6 0.6453 0.3547 
       h0583  6 0.6948 0.3052 
       h0593  6 0.8891 0.1109 
       h0603  6 0.7796 0.2204 
       h0613  6 0.7306 0.2694 
       h0623  6 0.7334 0.2666 
       h0633  6 0.7772 0.2228 
       h0643  6 0.6449 0.3551 
       h0653  6 0.7039 0.2961 
       h0663  6 0.6796 0.3204 
       h0673  6 0.7359 0.2641 
       h0683  6 0.7492 0.2508 
       h0693  6 0.8803 0.1197 
       h0703  6 0.9595 0.0405 
       h0713  6 0.7183 0.2817 
       h0723  6 0.7871 0.2129 
       h0733  6 0.8182 0.1818 
       h0743  6 0.6604 0.3396 
       h0753  6 0.4786 0.5214 
       h0763  6 0.8652 0.1348 
       h0773  6 0.7505 0.2495 
       h0783  6 0.7324 0.2676 
       h0793  6 0.7408 0.2592 
       h0803  6 0.9296 0.0704 
       h0813  6 0.6525 0.3475 
       h0823  6 0.7033 0.2967 
       h0833  6 0.6284 0.3716 
       h0843  6 0.7700 0.2300 
       h0853  6 0.5427 0.4573 
       h0863  6 0.7968 0.2032 
       h0873  6 0.7113 0.2887 
       h0883  6 0.7255 0.2745 
       h0893  6 0.7214 0.2786 
       h0903  6 0.8087 0.1913 
       h0913  6 0.8194 0.1806 
       h0923  6 0.7741 0.2259 
       h0933  6 0.7630 0.2370 
       h0943  6 0.6638 0.3362 
       h0953  6 0.8347 0.1653 
       h0963  6 0.7203 0.2797 
       h0973  6 0.6767 0.3233 
       h0983  6 0.7333 0.2667 
       h0993  6 0.6809 0.3191 
       h1003  6 0.6747 0.3253 
       h0014  7 0.7478 0.2522 
       h0024  7 0.9710 0.0290 
       h0034  7 0.8569 0.1431 
       h0044  7 0.7984 0.2016 
       h0054  7 0.9288 0.0712 
       h0064  7 0.7259 0.2741 
       h0074  7 0.9904 0.0096 
       h0084  7 0.8378 0.1622 
       h0094  7 0.7681 0.2319 
       h0104  7 0.8525 0.1475 
       h0114  7 0.9190 0.0810 
       h0124  7 0.9500 0.0500 
       h0134  7 0.9223 0.0777 
       h0144  7 0.9721 0.0279 
       h0154  7 0.8129 0.1871 
       h0164  7 0.9211 0.0789 
       h0174  7 0.8476 0.1524 
       h0184  7 0.8344 0.1656 
       h0194  7 0.8474 0.1526 
       h0204  7 0.9627 0.0373 
       h0214  7 0.8901 0.1099 
       h0224  7 0.9395 0.0605 
       h0234  7 0.7707 0.2293 
       h0244  7 0.8707 0.1293 
       h0254  7 0.8582 0.1418 
       h0264  7 0.8772 0.1228 
       h0274  7 0.8976 0.1024 
       h0284  7 0.8181 0.1819 
       h0294  7 0.7723 0.2277 
       h0304  7 0.8654 0.1346 
       h0314  7 0.8145 0.1855 
       h0324  7 0.7050 0.2950 
       h0334  7 0.9888 0.0112 
       h0344  7 0.8730 0.1270 
       h0354  7 0.8319 0.1681 
       h0364  7 0.8775 0.1225 
       h0374  7 0.7633 0.2367 
       h0384  7 0.7611 0.2389 
       h0394  7 0.8464 0.1536 
       h0404  7 0.7252 0.2748 
       h0414  7 0.8072 0.1928 
       h0424  7 0.9354 0.0646 
       h0434  7 0.9078 0.0922 
       h0444  7 0.7023 0.2977 
       h0454  7 0.7499 0.2501 
       h0464  7 0.8861 0.1139 
       h0474  7 0.8491 0.1509 
       h0484  7 0.9903 0.0097 
       h0494  7 0.9909 0.0091 
       h0504  7 0.8965 0.1035 
       h0514  7 0.7270 0.2730 
       h0524  7 0.9570 0.0430 
       h0534  7 0.9897 0.0103 
       h0544  7 0.8624 0.1376 
       h0554  7 0.8918 0.1082 
       h0564  7 0.8678 0.1322 
       h0574  7 0.8697 0.1303 
       h0584  7 0.9504 0.0496 
       h0594  7 0.8018 0.1982 
       h0604  7 0.9449 0.0551 
       h0614  7 0.8864 0.1136 
       h0624  7 0.8527 0.1473 
       h0634  7 0.9889 0.0111 
       h0644  7 0.9932 0.0068 
       h0654  7 0.8712 0.1288 
       h0664  7 0.9111 0.0889 
       h0674  7 0.9120 0.0880 
       h0684  7 0.9885 0.0115 
       h0694  7 0.8653 0.1347 
       h0704  7 0.8848 0.1152 
       h0714  7 0.8478 0.1522 
       h0724  7 0.7932 0.2068 
       h0734  7 0.9003 0.0997 
       h0744  7 0.8558 0.1442 
       h0754  7 0.8836 0.1164 
       h0764  7 0.8169 0.1831 
       h0774  7 0.9930 0.0070 
       h0784  7 0.9802 0.0198 
       h0794  7 0.8725 0.1275 
       h0804  7 0.9355 0.0645 
       h0814  7 0.7429 0.2571 
       h0824  7 0.9252 0.0748 
       h0834  7 0.7889 0.2111 
       h0844  7 0.9026 0.0974 
       h0854  7 0.9367 0.0633 
       h0864  7 0.8533 0.1467 
       h0874  7 0.8481 0.1519 
       h0884  7 0.9929 0.0071 
       h0894  7 0.8831 0.1169 
       h0904  7 0.7450 0.2550 
       h0914  7 0.8070 0.1930 
       h0924  7 0.7084 0.2916 
       h0934  7 0.9405 0.0595 
       h0944  7 0.9451 0.0549 
       h0954  7 0.7734 0.2266 
       h0964  7 0.8393 0.1607 
       h0974  7 0.8549 0.1451 
       h0984  7 0.8898 0.1102 
       h0994  7 0.8352 0.1648 
       h1004  7 0.7588 0.2412 
     CK.0PLA  8 0.9878 0.0122 
     CK.0PLC  8 0.9861 0.0139 
     CK.0PLE  8 0.9935 0.0065 
     CK.0PLF  8 0.9829 0.0171 
     CK.0PLH  8 0.9923 0.0077 
     CK.0PLJ  8 0.9910 0.0090 
     CK.0PLK  8 0.9945 0.0055 
     CK.0PLL  8 0.9905 0.0095 
     CK.0PLM  8 0.9920 0.0080 
     CK.0PLP  8 0.9917 0.0083 
     CK.0PLT  8 0.9948 0.0052 
     CK.0PLU  8 0.9930 0.0070 
     CK.0PLX  8 0.9888 0.0112 
     CK.0PLY  8 0.9949 0.0051 
     CK.0PM0  8 0.9935 0.0065 
     CK.0PM1  8 0.9943 0.0057 
     CK.0PM2  8 0.9919 0.0081 
     CK.0PM3  8 0.9909 0.0091 
     CK.0PM4  8 0.9897 0.0103 
     CK.0PM7  8 0.9937 0.0063 
     CK.0PM8  8 0.9948 0.0052 
     CK.0PMA  8 0.9899 0.0101 
       M2C06  8 0.9937 0.0063 
       M2C07  8 0.9952 0.0048 
       M2C08  8 0.9952 0.0048 
       M2C0A  8 0.9938 0.0062 
       M2C0C  8 0.9944 0.0056 
       M2C0E  8 0.9937 0.0063 
      h00111  9 0.9950 0.0050 
      h00211  9 0.9896 0.0104 
      h00311  9 0.9890 0.0110 
      h00411  9 0.9943 0.0057 
      h00511  9 0.9925 0.0075 
      h00611  9 0.9927 0.0073 
      h00711  9 0.9886 0.0114 
      h00811  9 0.9828 0.0172 
      h00911  9 0.9933 0.0067 
      h01011  9 0.9924 0.0076 
      h01111  9 0.9923 0.0077 
      h01211  9 0.9932 0.0068 
      h01311  9 0.9915 0.0085 
      h01411  9 0.9921 0.0079 
      h01511  9 0.9928 0.0072 
      h01611  9 0.9953 0.0047 
      h01711  9 0.9720 0.0280 
      h01811  9 0.9937 0.0063 
      h01911  9 0.9955 0.0045 
      h02011  9 0.9939 0.0061 
      h02111  9 0.9918 0.0082 
      h02211  9 0.9927 0.0073 
      h02311  9 0.9947 0.0053 
      h02411  9 0.9942 0.0058 
      h02511  9 0.9943 0.0057 
      h02611  9 0.9930 0.0070 
      h02711  9 0.9929 0.0071 
      h02811  9 0.9919 0.0081 
      h02911  9 0.9924 0.0076 
      h03011  9 0.9938 0.0062 
      h03111  9 0.9937 0.0063 
      h03211  9 0.9926 0.0074 
      h03311  9 0.9930 0.0070 
      h03411  9 0.9938 0.0062 
      h03511  9 0.9913 0.0087 
      h03611  9 0.9913 0.0087 
      h03711  9 0.9914 0.0086 
      h03811  9 0.9908 0.0092 
      h03911  9 0.9924 0.0076 
      h04011  9 0.9943 0.0057 
      h04111  9 0.9931 0.0069 
      h04211  9 0.9906 0.0094 
      h04311  9 0.9921 0.0079 
      h04411  9 0.9935 0.0065 
      h04511  9 0.9936 0.0064 
      h04611  9 0.9931 0.0069 
      h04711  9 0.9923 0.0077 
      h04811  9 0.9930 0.0070 
      h04911  9 0.9948 0.0052 
      h05011  9 0.9931 0.0069 
      h05111  9 0.9935 0.0065 
      h05211  9 0.9928 0.0072 
      h05311  9 0.9928 0.0072 
      h05411  9 0.9938 0.0062 
      h05511  9 0.9887 0.0113 
      h05611  9 0.9940 0.0060 
      h05711  9 0.9938 0.0062 
      h05811  9 0.9941 0.0059 
      h05911  9 0.9929 0.0071 
      h06011  9 0.9929 0.0071 
      h06111  9 0.9942 0.0058 
      h06211  9 0.9955 0.0045 
      h06311  9 0.9941 0.0059 
      h06411  9 0.9917 0.0083 
      h06511  9 0.9950 0.0050 
      h06611  9 0.9916 0.0084 
      h06711  9 0.9913 0.0087 
      h06811  9 0.9936 0.0064 
      h06911  9 0.9878 0.0122 
      h07011  9 0.9949 0.0051 
      h07111  9 0.9919 0.0081 
      h07211  9 0.9914 0.0086 
      h07311  9 0.9933 0.0067 
      h07411  9 0.9830 0.0170 
      h07511  9 0.9946 0.0054 
      h07611  9 0.9901 0.0099 
      h07711  9 0.9917 0.0083 
      h07811  9 0.9950 0.0050 
      h07911  9 0.9872 0.0128 
      h08011  9 0.9935 0.0065 
      h08111  9 0.9932 0.0068 
      h08211  9 0.9939 0.0061 
      h08311  9 0.9937 0.0063 
      h08411  9 0.9944 0.0056 
      h08511  9 0.9923 0.0077 
      h08611  9 0.9951 0.0049 
      h08711  9 0.9906 0.0094 
      h08811  9 0.9907 0.0093 
      h08911  9 0.9887 0.0113 
      h09011  9 0.9912 0.0088 
      h09111  9 0.9847 0.0153 
      h09211  9 0.9943 0.0057 
      h09311  9 0.9933 0.0067 
      h09411  9 0.9926 0.0074 
      h09511  9 0.9916 0.0084 
      h09611  9 0.9907 0.0093 
      h09711  9 0.9901 0.0099 
      h09811  9 0.9925 0.0075 
      h09911  9 0.9924 0.0076 
      h10011  9 0.9882 0.0118 
       h1011  9 0.9924 0.0076 
       h1021  9 0.9945 0.0055 
       h1031  9 0.9946 0.0054 
       h1041  9 0.9935 0.0065 
       h1051  9 0.9922 0.0078 
       h1061  9 0.9945 0.0055 
       h1071  9 0.9928 0.0072 
       h1081  9 0.9909 0.0091 
       h1091  9 0.9929 0.0071 
       h1101  9 0.9933 0.0067 
       h1111  9 0.9883 0.0117 
       h1121  9 0.9860 0.0140 
       h1131  9 0.9943 0.0057 
       h1141  9 0.9907 0.0093 
       h1151  9 0.9933 0.0067 
       h1161  9 0.9925 0.0075 
       h1171  9 0.9937 0.0063 
       h1181  9 0.9944 0.0056 
       h1191  9 0.9810 0.0190 
       h1201  9 0.9937 0.0063 
       h1211  9 0.9946 0.0054 
       h1221  9 0.9925 0.0075 
       h1231  9 0.9913 0.0087 
       h1241  9 0.9912 0.0088 
       h1251  9 0.9932 0.0068 
       h1261  9 0.9949 0.0051 
       h1271  9 0.9950 0.0050 
       h1281  9 0.9937 0.0063 
       h1291  9 0.9913 0.0087 
       h1301  9 0.9938 0.0062 
       h1311  9 0.9942 0.0058 
       h1321  9 0.9936 0.0064 
       h1331  9 0.9908 0.0092 
       h1341  9 0.9940 0.0060 
       h1351  9 0.9936 0.0064 
       h1361  9 0.9950 0.0050 
       h1371  9 0.9925 0.0075 
       h1381  9 0.9929 0.0071 
       h1391  9 0.9949 0.0051 
       h1401  9 0.9951 0.0049 
       h1411  9 0.9913 0.0087 
       h1421  9 0.9918 0.0082 
       h1431  9 0.9946 0.0054 
       h1441  9 0.9932 0.0068 
       h1451  9 0.9931 0.0069 
       h1461  9 0.9940 0.0060 
       h1471  9 0.9930 0.0070 
       h1481  9 0.9918 0.0082 
       h1491  9 0.9946 0.0054 
       h1501  9 0.9882 0.0118 
       h1511  9 0.9946 0.0054 
       h1521  9 0.9869 0.0131 
       h1531  9 0.9949 0.0051 
       h1541  9 0.9930 0.0070 
       h1551  9 0.9756 0.0244 
       h1561  9 0.9932 0.0068 
       h1571  9 0.9918 0.0082 
       h1581  9 0.9914 0.0086 
       h1591  9 0.9944 0.0056 
       h1601  9 0.9951 0.0049 
       h1611  9 0.9936 0.0064 
       h1621  9 0.9946 0.0054 
       h1631  9 0.9950 0.0050 
       h1641  9 0.9903 0.0097 
       h1651  9 0.9951 0.0049 
       h1661  9 0.9908 0.0092 
       h1671  9 0.9909 0.0091 
       h1681  9 0.9877 0.0123 
       h1691  9 0.9946 0.0054 
       h1701  9 0.9946 0.0054 
       h1711  9 0.9952 0.0048 
       h1721  9 0.9924 0.0076 
       h1731  9 0.9948 0.0052 
       h1741  9 0.9920 0.0080 
       h1751  9 0.9948 0.0052 
       h1761  9 0.9948 0.0052 
       h1771  9 0.9927 0.0073 
       h1781  9 0.9941 0.0059 
       h1791  9 0.9939 0.0061 
       h1801  9 0.9941 0.0059 
       h1811  9 0.9927 0.0073 
       h1821  9 0.9937 0.0063 
       h1831  9 0.9928 0.0072 
       h1841  9 0.9952 0.0048 
       h1851  9 0.9942 0.0058 
       h1861  9 0.9948 0.0052 
       h1871  9 0.9944 0.0056 
       h1881  9 0.9923 0.0077 
       h1891  9 0.9944 0.0056 
       h1901  9 0.9927 0.0073 
       h1911  9 0.9941 0.0059 
       h1921  9 0.9930 0.0070 
       h1931  9 0.9929 0.0071 
       h1941  9 0.9952 0.0048 
       h1951  9 0.9901 0.0099 
       h1961  9 0.9948 0.0052 
       h1971  9 0.9878 0.0122 
       h1981  9 0.9919 0.0081 
       h1991  9 0.9930 0.0070 
       h2001  9 0.9918 0.0082 
       h2011  9 0.9949 0.0051 
       h2021  9 0.9940 0.0060 
       h2031  9 0.9919 0.0081 
       h2041  9 0.9907 0.0093 
       h2051  9 0.9908 0.0092 
       h2061  9 0.9943 0.0057 
       h2071  9 0.9933 0.0067 
       h2081  9 0.9931 0.0069 
       h2091  9 0.9859 0.0141 
       h2101  9 0.9928 0.0072 
       h2111  9 0.9928 0.0072 
       h2121  9 0.9924 0.0076 
       h2131  9 0.9925 0.0075 
       h2141  9 0.9920 0.0080 
       h2151  9 0.9795 0.0205 
       h2161  9 0.9892 0.0108 
       h2171  9 0.9941 0.0059 
       h2181  9 0.9936 0.0064 
       h2191  9 0.9930 0.0070 
       h2201  9 0.9899 0.0101 
       h2211  9 0.9928 0.0072 
       h2221  9 0.9926 0.0074 
       h2231  9 0.9911 0.0089 
       h2241  9 0.9924 0.0076 
       h2251  9 0.9911 0.0089 
       h2261  9 0.9933 0.0067 
       h2271  9 0.9593 0.0407 
       h2281  9 0.9922 0.0078 
       h2291  9 0.9916 0.0084 
       h2301  9 0.9942 0.0058 
       h2311  9 0.9938 0.0062 
       h2321  9 0.9943 0.0057 
       h2331  9 0.9951 0.0049 
       h2341  9 0.9931 0.0069 
       h2351  9 0.9936 0.0064 
       h2361  9 0.9853 0.0147 
       h2371  9 0.9934 0.0066 
       h2381  9 0.9913 0.0087 
       h2391  9 0.9936 0.0064 
       h2401  9 0.9913 0.0087 
       h2411  9 0.9940 0.0060 
       h2421  9 0.9920 0.0080 
       h2431  9 0.9936 0.0064 
       h2441  9 0.9952 0.0048 
       h2451  9 0.9940 0.0060 
       h2461  9 0.9929 0.0071 
       h2471  9 0.9938 0.0062 
       h2481  9 0.9906 0.0094 
       h2491  9 0.9948 0.0052 
       h2501  9 0.9935 0.0065 
       h2511  9 0.9940 0.0060 
       h2521  9 0.9888 0.0112 
       h2531  9 0.9934 0.0066 
       h2541  9 0.9935 0.0065 
       h2551  9 0.9932 0.0068 
       h2561  9 0.9946 0.0054 
       h2571  9 0.9914 0.0086 
       h2581  9 0.9950 0.0050 
       h2591  9 0.9907 0.0093 
       h2601  9 0.9916 0.0084 
       h2611  9 0.9924 0.0076 
       h2621  9 0.9922 0.0078 
       h2631  9 0.9910 0.0090 
       h2641  9 0.9904 0.0096 
       h2651  9 0.9924 0.0076 
       h2661  9 0.9940 0.0060 
       h2671  9 0.9893 0.0107 
       h2681  9 0.9919 0.0081 
       h2691  9 0.9890 0.0110 
       h2701  9 0.9942 0.0058 
       h2711  9 0.9920 0.0080 
       h2721  9 0.9949 0.0051 
       h2731  9 0.9947 0.0053 
       h2741  9 0.9741 0.0259 
       h2751  9 0.9928 0.0072 
       h2761  9 0.9939 0.0061 
       h2771  9 0.9943 0.0057 
       h2781  9 0.9943 0.0057 
       h2791  9 0.9936 0.0064 
       h2801  9 0.9926 0.0074 
       h2811  9 0.9946 0.0054 
       h2821  9 0.9934 0.0066 
       h2831  9 0.9859 0.0141 
       h2841  9 0.9945 0.0055 
       h2851  9 0.9932 0.0068 
       h2861  9 0.9949 0.0051 
       h2871  9 0.9940 0.0060 
       h2881  9 0.9926 0.0074 
       h2891  9 0.9882 0.0118 
       h2901  9 0.9947 0.0053 
       h2911  9 0.9942 0.0058 
       h2921  9 0.9932 0.0068 
       h2931  9 0.9940 0.0060 
       h2941  9 0.9884 0.0116 
       h2951  9 0.9948 0.0052 
       h2961  9 0.9926 0.0074 
       h2971  9 0.9936 0.0064 
       h2981  9 0.9934 0.0066 
       h2991  9 0.9930 0.0070 
       h3001  9 0.9940 0.0060 
       h3011  9 0.9942 0.0058 
       h3021  9 0.9928 0.0072 
       h3031  9 0.9947 0.0053 
       h3041  9 0.9946 0.0054 
       h3051  9 0.9937 0.0063 
       h3061  9 0.9945 0.0055 
       h3071  9 0.9946 0.0054 
       h3081  9 0.9933 0.0067 
       h3091  9 0.9950 0.0050 
       h3101  9 0.9889 0.0111 
       h3111  9 0.9945 0.0055 
       h3121  9 0.9930 0.0070 
       h3131  9 0.9938 0.0062 
       h3141  9 0.9906 0.0094 
       h3151  9 0.9935 0.0065 
       h3161  9 0.9944 0.0056 
       h3171  9 0.9954 0.0046 
       h3181  9 0.9937 0.0063 
       h3191  9 0.9915 0.0085 
       h3201  9 0.9916 0.0084 
       h3211  9 0.9939 0.0061 
       h3221  9 0.9905 0.0095 
       h3231  9 0.9938 0.0062 
       h3241  9 0.9919 0.0081 
       h3251  9 0.9841 0.0159 
       h3261  9 0.9946 0.0054 
       h3271  9 0.9866 0.0134 
       h3281  9 0.9946 0.0054 
       h3291  9 0.9862 0.0138 
       h3301  9 0.9936 0.0064 
       h3311  9 0.9910 0.0090 
       h3321  9 0.9941 0.0059 
       h3331  9 0.9934 0.0066 
       h3341  9 0.9907 0.0093 
       h3351  9 0.9923 0.0077 
       h3361  9 0.9815 0.0185 
       h3371  9 0.9939 0.0061 
       h3381  9 0.9932 0.0068 
       h3391  9 0.9908 0.0092 
       h3401  9 0.9942 0.0058 
       h3411  9 0.9946 0.0054 
       h3421  9 0.9947 0.0053 
       h3431  9 0.9939 0.0061 
       h3441  9 0.9940 0.0060 
       h3451  9 0.9913 0.0087 
       h3461  9 0.9896 0.0104 
       h3471  9 0.9918 0.0082 
       h3481  9 0.9868 0.0132 
       h3491  9 0.9924 0.0076 
       h3501  9 0.9892 0.0108 
       h3511  9 0.9919 0.0081 
       h3521  9 0.9952 0.0048 
       h3531  9 0.9936 0.0064 
       h3541  9 0.9937 0.0063 
       h3551  9 0.9916 0.0084 
       h3561  9 0.9942 0.0058 
       h3571  9 0.9943 0.0057 
       h3581  9 0.9942 0.0058 
       h3591  9 0.9917 0.0083 
       h3601  9 0.9902 0.0098 
       h3611  9 0.9949 0.0051 
       h3621  9 0.9833 0.0167 
       h3631  9 0.9942 0.0058 
       h3641  9 0.9947 0.0053 
       h3651  9 0.9948 0.0052 
       h3661  9 0.9870 0.0130 
       h3671  9 0.9914 0.0086 
       h3681  9 0.9946 0.0054 
       h3691  9 0.9933 0.0067 
       h3701  9 0.9930 0.0070 
       h3711  9 0.9911 0.0089 
       h3721  9 0.9918 0.0082 
       h3731  9 0.9946 0.0054 
       h3741  9 0.9926 0.0074 
       h3751  9 0.9907 0.0093 
       h3761  9 0.9948 0.0052 
       h3771  9 0.9875 0.0125 
       h3781  9 0.9892 0.0108 
       h3791  9 0.9917 0.0083 
       h3801  9 0.9927 0.0073 
       h3811  9 0.9903 0.0097 
       h3821  9 0.9937 0.0063 
       h3831  9 0.9891 0.0109 
       h3841  9 0.9944 0.0056 
       h3851  9 0.9910 0.0090 
       h3861  9 0.9945 0.0055 
       h3871  9 0.9947 0.0053 
       h3881  9 0.9937 0.0063 
       h3891  9 0.9943 0.0057 
       h3901  9 0.9951 0.0049 
       h3911  9 0.9793 0.0207 
       h3921  9 0.9931 0.0069 
       h3931  9 0.9899 0.0101 
       h3941  9 0.9936 0.0064 
       h3951  9 0.9932 0.0068 
       h3961  9 0.9865 0.0135 
       h3971  9 0.9942 0.0058 
       h3981  9 0.9927 0.0073 
       h3991  9 0.9921 0.0079 
       h4001  9 0.9915 0.0085 
        h401  9 0.9945 0.0055 
        h402  9 0.9950 0.0050 
        h403  9 0.9949 0.0051 
        h404  9 0.9925 0.0075 
        h405  9 0.9928 0.0072 
        h406  9 0.9929 0.0071 
        h407  9 0.9953 0.0047 
        h408  9 0.9945 0.0055 
        h409  9 0.9879 0.0121 
        h410  9 0.9945 0.0055 
        h411  9 0.9928 0.0072 
        h412  9 0.9934 0.0066 
        h413  9 0.9940 0.0060 
        h414  9 0.9930 0.0070 
        h415  9 0.9868 0.0132 
        h416  9 0.9934 0.0066 
        h417  9 0.9934 0.0066 
        h418  9 0.9928 0.0072 
        h419  9 0.9929 0.0071 
        h420  9 0.9938 0.0062 
        h421  9 0.9918 0.0082 
        h422  9 0.9943 0.0057 
        h423  9 0.9949 0.0051 
        h424  9 0.9911 0.0089 
        h425  9 0.9924 0.0076 
        h426  9 0.9946 0.0054 
        h427  9 0.9920 0.0080 
        h428  9 0.9925 0.0075 
        h429  9 0.9948 0.0052 
        h430  9 0.9934 0.0066 
        h431  9 0.9897 0.0103 
        h432  9 0.9909 0.0091 
        h433  9 0.9927 0.0073 
        h434  9 0.9940 0.0060 
        h435  9 0.9921 0.0079 
        h436  9 0.9871 0.0129 
        h437  9 0.9759 0.0241 
        h438  9 0.9933 0.0067 
        h439  9 0.9937 0.0063 
        h440  9 0.9955 0.0045 
        h441  9 0.9930 0.0070 
        h442  9 0.9938 0.0062 
        h443  9 0.9947 0.0053 
        h444  9 0.9798 0.0202 
        h445  9 0.9853 0.0147 
        h446  9 0.9947 0.0053 
        h447  9 0.9920 0.0080 
        h448  9 0.9942 0.0058 
        h449  9 0.9938 0.0062 
        h450  9 0.9904 0.0096 
        h451  9 0.9923 0.0077 
        h452  9 0.9945 0.0055 
        h453  9 0.9916 0.0084 
        h454  9 0.9940 0.0060 
        h455  9 0.9902 0.0098 
        h456  9 0.9936 0.0064 
        h457  9 0.9922 0.0078 
        h458  9 0.9941 0.0059 
        h459  9 0.9873 0.0127 
        h460  9 0.9944 0.0056 
        h461  9 0.9948 0.0052 
        h462  9 0.9932 0.0068 
        h463  9 0.9935 0.0065 
        h464  9 0.9937 0.0063 
        h465  9 0.9934 0.0066 
        h466  9 0.9943 0.0057 
        h467  9 0.9931 0.0069 
        h468  9 0.9918 0.0082 
        h469  9 0.9907 0.0093 
        h470  9 0.9938 0.0062 
        h471  9 0.9946 0.0054 
        h472  9 0.9950 0.0050 
