       M1EL5  1 0.9901 0.0099 
       W26T6  1 0.9711 0.0289 
       W26XX  1 0.9919 0.0081 
       M013P  1 0.9880 0.0120 
       M1ELA  1 0.9728 0.0272 
       M2C73  1 0.9899 0.0101 
       W23P4  1 0.9813 0.0187 
       W247C  1 0.9904 0.0096 
       W24K1  1 0.9924 0.0076 
       W24ME  1 0.9819 0.0181 
       W2514  1 0.9901 0.0099 
       W26MA  1 0.9810 0.0190 
       W26MM  1 0.9835 0.0165 
       W26MU  1 0.9902 0.0098 
       W26P0  1 0.9901 0.0099 
       W26P3  1 0.9929 0.0071 
       W26T5  1 0.9936 0.0064 
       W26TE  1 0.9849 0.0151 
       W26TF  1 0.9760 0.0240 
       W26U8  1 0.9767 0.0233 
       W26UJ  1 0.9888 0.0112 
       W26UK  1 0.9937 0.0063 
       W26UT  1 0.9933 0.0067 
       W26XT  1 0.9831 0.0169 
      CC06H2  1 0.9783 0.0217 
      CC06H4  1 0.9798 0.0202 
      CC06H5  1 0.9862 0.0138 
      CC06H6  1 0.9944 0.0056 
      CC06HE  1 0.9916 0.0084 
      CC06HF  1 0.9797 0.0203 
      CC06HH  1 0.9929 0.0071 
      CC06HJ  1 0.9829 0.0171 
      CC06HL  1 0.9923 0.0077 
      CC06HP  1 0.9932 0.0068 
      CC06HT  1 0.9827 0.0173 
      CC06HU  1 0.9832 0.0168 
      CC06HY  1 0.9839 0.0161 
      CC06J0  1 0.9821 0.0179 
      CC06J1  1 0.9785 0.0215 
      CC06J2  1 0.9864 0.0136 
     CT.0YCY  1 0.9894 0.0106 
     CT.0YEC  1 0.9936 0.0064 
     CT.0YEF  1 0.9923 0.0077 
     CT.0YEU  1 0.9944 0.0056 
     CT.0YF2  1 0.9829 0.0171 
     CT.0YF8  1 0.9951 0.0049 
     CT.0YFA  1 0.9944 0.0056 
     CT.0YFE  1 0.9916 0.0084 
     CT.0YFP  1 0.9677 0.0323 
     CT.0YFU  1 0.9914 0.0086 
     CT.0YK7  1 0.9847 0.0153 
     CX.10PT  1 0.9315 0.0685 
      DAM021  1 0.9905 0.0095 
      DAM034  1 0.9941 0.0059 
      DAM07X  1 0.9921 0.0079 
     EF.15J6  1 0.9920 0.0080 
      HRV010  1 0.9855 0.0145 
      HRV02J  1 0.9882 0.0118 
      HRV078  1 0.9878 0.0122 
      HRV0FH  1 0.9928 0.0072 
      HRV0H5  1 0.9896 0.0104 
      HRV0JF  1 0.9916 0.0084 
      HRV0JJ  1 0.9903 0.0097 
      HRV0JM  1 0.9924 0.0076 
      HRV0K6  1 0.9566 0.0434 
      HRV0K7  1 0.9913 0.0087 
      HRV0KP  1 0.9746 0.0254 
      HRV1AX  1 0.9895 0.0105 
      HRV1C4  1 0.9937 0.0063 
      HRV1CH  1 0.9901 0.0099 
      HRV1FA  1 0.9872 0.0128 
      HRV1FK  1 0.9797 0.0203 
      HRV1H8  1 0.9927 0.0073 
      HRV1HT  1 0.9839 0.0161 
      HRV1XU  1 0.9624 0.0376 
      HRV4TF  1 0.9905 0.0095 
      HRV6F0  1 0.9882 0.0118 
      HRVE6L  1 0.9790 0.0210 
       M27HM  1 0.9922 0.0078 
       M27HP  1 0.9926 0.0074 
       M2AK4  1 0.9910 0.0090 
       M2ALA  1 0.9919 0.0081 
       M2C56  1 0.9903 0.0097 
       M2CUX  1 0.9852 0.0148 
       M2E24  1 0.9931 0.0069 
       M2EA7  1 0.9898 0.0102 
       M2EH6  1 0.9921 0.0079 
       M2EKC  1 0.9778 0.0222 
      MSV083  1 0.9473 0.0527 
      MSV084  1 0.9912 0.0088 
      MSV0LJ  1 0.9881 0.0119 
      MSV1H5  1 0.9913 0.0087 
      MSV1KM  1 0.9923 0.0077 
      MSV23F  1 0.9634 0.0366 
      MSV2L8  1 0.9878 0.0122 
      MSV2P7  1 0.9903 0.0097 
      MSV2TJ  1 0.9942 0.0058 
      MSV2XM  1 0.9855 0.0145 
      MSV327  1 0.9883 0.0117 
      MSV33L  1 0.9932 0.0068 
       h0015  2 0.9799 0.0201 
       h0025  2 0.9925 0.0075 
       h0035  2 0.9444 0.0556 
       h0045  2 0.9880 0.0120 
       h0055  2 0.9825 0.0175 
       h0065  2 0.9721 0.0279 
       h0075  2 0.9953 0.0047 
       h0085  2 0.9879 0.0121 
       h0095  2 0.9885 0.0115 
       h0105  2 0.9750 0.0250 
       h0115  2 0.9905 0.0095 
       h0125  2 0.9892 0.0108 
       h0135  2 0.9904 0.0096 
       h0145  2 0.9937 0.0063 
       h0155  2 0.9908 0.0092 
       h0165  2 0.9873 0.0127 
       h0175  2 0.9905 0.0095 
       h0185  2 0.9900 0.0100 
       h0195  2 0.9890 0.0110 
       h0205  2 0.9914 0.0086 
       h0215  2 0.9938 0.0062 
       h0225  2 0.9734 0.0266 
       h0235  2 0.9928 0.0072 
       h0245  2 0.9864 0.0136 
       h0255  2 0.9907 0.0093 
       h0265  2 0.9873 0.0127 
       h0275  2 0.9900 0.0100 
       h0285  2 0.9894 0.0106 
       h0295  2 0.9647 0.0353 
       h0305  2 0.9917 0.0083 
       h0315  2 0.9791 0.0209 
       h0325  2 0.9913 0.0087 
       h0335  2 0.9899 0.0101 
       h0345  2 0.9909 0.0091 
       h0355  2 0.9890 0.0110 
       h0365  2 0.9827 0.0173 
       h0375  2 0.9683 0.0317 
       h0385  2 0.9946 0.0054 
       h0395  2 0.9936 0.0064 
       h0405  2 0.9914 0.0086 
       h0415  2 0.9922 0.0078 
       h0425  2 0.9933 0.0067 
       h0435  2 0.9908 0.0092 
       h0445  2 0.9868 0.0132 
       h0455  2 0.9924 0.0076 
       h0465  2 0.9890 0.0110 
       h0475  2 0.9792 0.0208 
       h0485  2 0.9937 0.0063 
       h0495  2 0.9888 0.0112 
       h0505  2 0.9932 0.0068 
       h0515  2 0.9936 0.0064 
       h0525  2 0.9806 0.0194 
       h0535  2 0.9919 0.0081 
       h0545  2 0.9941 0.0059 
       h0555  2 0.9865 0.0135 
       h0565  2 0.9889 0.0111 
       h0575  2 0.9950 0.0050 
       h0585  2 0.9914 0.0086 
       h0595  2 0.9887 0.0113 
       h0605  2 0.9923 0.0077 
       h0615  2 0.9905 0.0095 
       h0625  2 0.9922 0.0078 
       h0635  2 0.9624 0.0376 
       h0645  2 0.9871 0.0129 
       h0655  2 0.9929 0.0071 
       h0665  2 0.9908 0.0092 
       h0675  2 0.9930 0.0070 
       h0685  2 0.9719 0.0281 
       h0695  2 0.9871 0.0129 
       h0705  2 0.9886 0.0114 
       h0715  2 0.9878 0.0122 
       h0725  2 0.9938 0.0062 
       h0735  2 0.9908 0.0092 
       h0745  2 0.9915 0.0085 
       h0755  2 0.9832 0.0168 
       h0765  2 0.9891 0.0109 
       h0775  2 0.9894 0.0106 
       h0785  2 0.9926 0.0074 
       h0795  2 0.9941 0.0059 
       h0805  2 0.9862 0.0138 
       h0815  2 0.9885 0.0115 
       h0825  2 0.9850 0.0150 
       h0835  2 0.9904 0.0096 
       h0845  2 0.9939 0.0061 
       h0855  2 0.9932 0.0068 
       h0865  2 0.9857 0.0143 
       h0875  2 0.9919 0.0081 
       h0885  2 0.9926 0.0074 
       h0895  2 0.9719 0.0281 
       h0905  2 0.9898 0.0102 
       h0915  2 0.9809 0.0191 
       h0925  2 0.9845 0.0155 
       h0935  2 0.9782 0.0218 
       h0945  2 0.9931 0.0069 
       h0955  2 0.9912 0.0088 
       h0965  2 0.9911 0.0089 
       h0975  2 0.9922 0.0078 
       h0985  2 0.9918 0.0082 
       h0995  2 0.9914 0.0086 
       h1005  2 0.9824 0.0176 
        h101  2 0.9884 0.0116 
        h102  2 0.9880 0.0120 
        h103  2 0.9882 0.0118 
        h104  2 0.9917 0.0083 
        h105  2 0.9952 0.0048 
        h106  2 0.9169 0.0831 
        h107  2 0.9826 0.0174 
        h108  2 0.9939 0.0061 
        h109  2 0.9754 0.0246 
        h110  2 0.9732 0.0268 
        h111  2 0.9744 0.0256 
        h112  2 0.9899 0.0101 
        h113  2 0.9798 0.0202 
        h114  2 0.9903 0.0097 
        h115  2 0.9931 0.0069 
        h116  2 0.9828 0.0172 
        h117  2 0.9909 0.0091 
        h118  2 0.9934 0.0066 
        h119  2 0.9903 0.0097 
        h120  2 0.9910 0.0090 
        h121  2 0.9871 0.0129 
        h122  2 0.9887 0.0113 
        h123  2 0.9877 0.0123 
        h124  2 0.9886 0.0114 
        h125  2 0.9897 0.0103 
        h126  2 0.9842 0.0158 
        h127  2 0.9944 0.0056 
        h128  2 0.9907 0.0093 
        h129  2 0.9957 0.0043 
        h130  2 0.9929 0.0071 
        h131  2 0.9918 0.0082 
        h132  2 0.9348 0.0652 
        h133  2 0.9940 0.0060 
        h134  2 0.9910 0.0090 
        h135  2 0.9946 0.0054 
        h136  2 0.9812 0.0188 
        h137  2 0.9889 0.0111 
        h138  2 0.9884 0.0116 
        h139  2 0.9846 0.0154 
        h140  2 0.9932 0.0068 
        h141  2 0.9673 0.0327 
        h142  2 0.9939 0.0061 
        h143  2 0.9942 0.0058 
        h144  2 0.9940 0.0060 
        h145  2 0.9807 0.0193 
        h146  2 0.9835 0.0165 
        h147  2 0.9940 0.0060 
        h148  2 0.9913 0.0087 
        h149  2 0.9889 0.0111 
        h150  2 0.9906 0.0094 
        h151  2 0.9930 0.0070 
        h152  2 0.9443 0.0557 
        h153  2 0.9825 0.0175 
        h154  2 0.9874 0.0126 
        h155  2 0.9713 0.0287 
        h156  2 0.9897 0.0103 
        h157  2 0.9909 0.0091 
        h158  2 0.9908 0.0092 
        h159  2 0.9872 0.0128 
        h160  2 0.9839 0.0161 
        h161  2 0.9391 0.0609 
        h162  2 0.9828 0.0172 
        h163  2 0.9842 0.0158 
        h164  2 0.9925 0.0075 
        h165  2 0.9952 0.0048 
        h166  2 0.9914 0.0086 
        h167  2 0.9907 0.0093 
        h168  2 0.9864 0.0136 
        h169  2 0.9933 0.0067 
        h170  2 0.9736 0.0264 
        h171  2 0.9519 0.0481 
        h172  2 0.9863 0.0137 
        h173  2 0.9880 0.0120 
        h174  2 0.9866 0.0134 
        h175  2 0.9876 0.0124 
        h176  2 0.9891 0.0109 
        h177  2 0.9919 0.0081 
        h178  2 0.9896 0.0104 
        h179  2 0.9923 0.0077 
        h180  2 0.9861 0.0139 
        h181  2 0.9936 0.0064 
        h182  2 0.9884 0.0116 
        h183  2 0.9903 0.0097 
        h184  2 0.9945 0.0055 
        h185  2 0.9871 0.0129 
        h186  2 0.9874 0.0126 
        h187  2 0.9917 0.0083 
        h188  2 0.9939 0.0061 
        h189  2 0.9956 0.0044 
        h190  2 0.9866 0.0134 
        h191  2 0.9870 0.0130 
        h192  2 0.9884 0.0116 
        h193  2 0.9544 0.0456 
        h194  2 0.9912 0.0088 
        h195  2 0.9868 0.0132 
        h196  2 0.9929 0.0071 
        h197  2 0.9674 0.0326 
        h198  2 0.9929 0.0071 
        h199  2 0.9929 0.0071 
        h200  2 0.9930 0.0070 
        h201  2 0.9910 0.0090 
        h202  2 0.9828 0.0172 
        h203  2 0.9804 0.0196 
        h204  2 0.9875 0.0125 
        h205  2 0.9879 0.0121 
        h206  2 0.9927 0.0073 
        h207  2 0.9896 0.0104 
        h208  2 0.9921 0.0079 
        h209  2 0.9838 0.0162 
        h210  2 0.9930 0.0070 
        h211  2 0.9884 0.0116 
        h212  2 0.9941 0.0059 
        h213  2 0.9861 0.0139 
        h214  2 0.9587 0.0413 
        h215  2 0.9942 0.0058 
        h216  2 0.9891 0.0109 
        h217  2 0.9847 0.0153 
        h218  2 0.9853 0.0147 
        h219  2 0.9913 0.0087 
        h220  2 0.9879 0.0121 
        h221  2 0.9851 0.0149 
        h222  2 0.9409 0.0591 
        h223  2 0.9913 0.0087 
        h224  2 0.9937 0.0063 
        h225  2 0.9919 0.0081 
        h226  2 0.9890 0.0110 
        h227  2 0.9903 0.0097 
        h228  2 0.9921 0.0079 
        h229  2 0.9926 0.0074 
        h230  2 0.9950 0.0050 
        h231  2 0.9921 0.0079 
        h232  2 0.9855 0.0145 
        h233  2 0.9905 0.0095 
        h234  2 0.9940 0.0060 
        h235  2 0.9909 0.0091 
        h236  2 0.9844 0.0156 
        h237  2 0.9858 0.0142 
        h238  2 0.9912 0.0088 
        h239  2 0.9912 0.0088 
        h240  2 0.9937 0.0063 
        h241  2 0.9830 0.0170 
        h242  2 0.9916 0.0084 
        h243  2 0.9514 0.0486 
        h244  2 0.9845 0.0155 
        h245  2 0.9871 0.0129 
        h246  2 0.9697 0.0303 
        h247  2 0.9907 0.0093 
        h248  2 0.9824 0.0176 
        h249  2 0.9858 0.0142 
        h250  2 0.9868 0.0132 
        h251  2 0.9921 0.0079 
        h252  2 0.9917 0.0083 
        h253  2 0.9889 0.0111 
        h254  2 0.9821 0.0179 
        h255  2 0.9894 0.0106 
        h256  2 0.9899 0.0101 
        h257  2 0.9892 0.0108 
        h258  2 0.9872 0.0128 
        h259  2 0.9934 0.0066 
        h260  2 0.9856 0.0144 
        h261  2 0.9647 0.0353 
        h262  2 0.9915 0.0085 
        h263  2 0.9797 0.0203 
        h264  2 0.9745 0.0255 
        h265  2 0.9842 0.0158 
        h266  2 0.9819 0.0181 
        h267  2 0.9842 0.0158 
        h268  2 0.9617 0.0383 
        h269  2 0.9918 0.0082 
        h270  2 0.9907 0.0093 
        h271  2 0.9760 0.0240 
        h272  2 0.9912 0.0088 
        h273  2 0.9947 0.0053 
        h274  2 0.9422 0.0578 
        h275  2 0.9691 0.0309 
        h276  2 0.9293 0.0707 
        h277  2 0.9823 0.0177 
        h278  2 0.9917 0.0083 
        h279  2 0.9649 0.0351 
        h280  2 0.9894 0.0106 
        h281  2 0.9940 0.0060 
        h282  2 0.9938 0.0062 
        h283  2 0.9916 0.0084 
        h284  2 0.9801 0.0199 
        h285  2 0.9803 0.0197 
        h286  2 0.9921 0.0079 
        h287  2 0.9848 0.0152 
        h288  2 0.9809 0.0191 
        h289  2 0.9938 0.0062 
        h290  2 0.9883 0.0117 
        h291  2 0.9565 0.0435 
        h292  2 0.9941 0.0059 
        h293  2 0.9622 0.0378 
        h294  2 0.9957 0.0043 
        h295  2 0.9906 0.0094 
        h296  2 0.9889 0.0111 
        h297  2 0.9433 0.0567 
        h298  2 0.9906 0.0094 
        h299  2 0.9843 0.0157 
        h300  2 0.9359 0.0641 
        h301  2 0.9899 0.0101 
        h302  2 0.9936 0.0064 
        h303  2 0.9908 0.0092 
        h304  2 0.9808 0.0192 
        h305  2 0.9904 0.0096 
        h306  2 0.9937 0.0063 
        h307  2 0.9926 0.0074 
        h308  2 0.9929 0.0071 
        h309  2 0.9561 0.0439 
        h310  2 0.9930 0.0070 
        h311  2 0.9930 0.0070 
        h312  2 0.9938 0.0062 
        h313  2 0.9854 0.0146 
        h314  2 0.9865 0.0135 
        h315  2 0.9646 0.0354 
        h316  2 0.9889 0.0111 
        h317  2 0.9942 0.0058 
        h318  2 0.9899 0.0101 
        h319  2 0.9876 0.0124 
        h320  2 0.9715 0.0285 
        h321  2 0.9828 0.0172 
        h322  2 0.9895 0.0105 
        h323  2 0.9768 0.0232 
        h324  2 0.9925 0.0075 
        h325  2 0.9913 0.0087 
        h326  2 0.9940 0.0060 
        h327  2 0.9794 0.0206 
        h328  2 0.9866 0.0134 
        h329  2 0.9848 0.0152 
        h330  2 0.9805 0.0195 
        h331  2 0.9933 0.0067 
        h332  2 0.9932 0.0068 
        h333  2 0.9911 0.0089 
        h334  2 0.9940 0.0060 
        h335  2 0.9398 0.0602 
        h336  2 0.9958 0.0042 
        h337  2 0.9886 0.0114 
        h338  2 0.9797 0.0203 
        h339  2 0.9895 0.0105 
        h340  2 0.9888 0.0112 
        h341  2 0.9906 0.0094 
        h342  2 0.9890 0.0110 
        h343  2 0.9903 0.0097 
        h344  2 0.9886 0.0114 
        h345  2 0.9865 0.0135 
        h346  2 0.9917 0.0083 
        h347  2 0.9880 0.0120 
        h348  2 0.9895 0.0105 
        h349  2 0.9902 0.0098 
        h350  2 0.9931 0.0069 
        h351  2 0.9807 0.0193 
        h352  2 0.9613 0.0387 
        h353  2 0.9913 0.0087 
        h354  2 0.9887 0.0113 
        h355  2 0.9863 0.0137 
        h356  2 0.9932 0.0068 
        h357  2 0.9884 0.0116 
        h358  2 0.9889 0.0111 
        h359  2 0.9574 0.0426 
        h360  2 0.9952 0.0048 
        h361  2 0.9927 0.0073 
        h362  2 0.9773 0.0227 
        h363  2 0.9888 0.0112 
        h364  2 0.9662 0.0338 
        h365  2 0.9925 0.0075 
        h366  2 0.9855 0.0145 
        h367  2 0.9842 0.0158 
        h368  2 0.9874 0.0126 
        h369  2 0.9224 0.0776 
        h370  2 0.9886 0.0114 
        h371  2 0.9836 0.0164 
        h372  2 0.9725 0.0275 
        h373  2 0.9920 0.0080 
        h374  2 0.9927 0.0073 
        h375  2 0.9780 0.0220 
        h376  2 0.9932 0.0068 
        h377  2 0.9939 0.0061 
        h378  2 0.9943 0.0057 
        h379  2 0.9898 0.0102 
        h380  2 0.9932 0.0068 
        h381  2 0.9890 0.0110 
        h382  2 0.9903 0.0097 
        h383  2 0.9935 0.0065 
        h384  2 0.9888 0.0112 
        h385  2 0.9923 0.0077 
        h386  2 0.9733 0.0267 
        h387  2 0.9480 0.0520 
        h388  2 0.9873 0.0127 
        h389  2 0.9952 0.0048 
        h390  2 0.9871 0.0129 
        h391  2 0.9811 0.0189 
        h392  2 0.9853 0.0147 
        h393  2 0.9918 0.0082 
        h394  2 0.9898 0.0102 
        h395  2 0.9862 0.0138 
        h396  2 0.9938 0.0062 
        h397  2 0.9943 0.0057 
        h398  2 0.9908 0.0092 
        h399  2 0.9911 0.0089 
        h400  2 0.9868 0.0132 
        h001  3 0.9675 0.0325 
        h002  3 0.9776 0.0224 
        h003  3 0.9847 0.0153 
        h004  3 0.9031 0.0969 
        h005  3 0.9887 0.0113 
        h006  3 0.8428 0.1572 
        h007  3 0.8772 0.1228 
        h008  3 0.9016 0.0984 
        h009  3 0.8342 0.1658 
        h010  3 0.9835 0.0165 
        h011  3 0.8855 0.1145 
        h012  3 0.8830 0.1170 
        h013  3 0.9293 0.0707 
        h014  3 0.9813 0.0187 
        h015  3 0.9392 0.0608 
        h016  3 0.8874 0.1126 
        h017  3 0.9044 0.0956 
        h018  3 0.9184 0.0816 
        h019  3 0.9075 0.0925 
        h020  3 0.7251 0.2749 
        h021  3 0.9901 0.0099 
        h022  3 0.8718 0.1282 
        h023  3 0.9480 0.0520 
        h024  3 0.9720 0.0280 
        h025  3 0.8163 0.1837 
        h026  3 0.9240 0.0760 
        h027  3 0.8745 0.1255 
        h028  3 0.8695 0.1305 
        h029  3 0.9782 0.0218 
        h030  3 0.9118 0.0882 
        h031  3 0.7752 0.2248 
        h032  3 0.8459 0.1541 
        h033  3 0.7557 0.2443 
        h034  3 0.8681 0.1319 
        h035  3 0.9912 0.0088 
        h036  3 0.9593 0.0407 
        h037  3 0.7501 0.2499 
        h038  3 0.8039 0.1961 
        h039  3 0.8768 0.1232 
        h040  3 0.8867 0.1133 
        h041  3 0.8544 0.1456 
        h042  3 0.7385 0.2615 
        h043  3 0.9400 0.0600 
        h044  3 0.9748 0.0252 
        h045  3 0.9727 0.0273 
        h046  3 0.9847 0.0153 
        h047  3 0.9815 0.0185 
        h048  3 0.9056 0.0944 
        h049  3 0.9842 0.0158 
        h050  3 0.8195 0.1805 
        h051  3 0.8603 0.1397 
        h052  3 0.9722 0.0278 
        h053  3 0.8100 0.1900 
        h054  3 0.8623 0.1377 
        h055  3 0.9798 0.0202 
        h056  3 0.8618 0.1382 
        h057  3 0.9577 0.0423 
        h058  3 0.9933 0.0067 
        h059  3 0.9686 0.0314 
        h060  3 0.9272 0.0728 
        h061  3 0.9008 0.0992 
        h062  3 0.9343 0.0657 
        h063  3 0.8558 0.1442 
        h064  3 0.9722 0.0278 
        h065  3 0.8283 0.1717 
        h066  3 0.9492 0.0508 
        h067  3 0.8469 0.1531 
        h068  3 0.8207 0.1793 
        h069  3 0.8827 0.1173 
        h070  3 0.8876 0.1124 
        h071  3 0.8214 0.1786 
        h072  3 0.8673 0.1327 
        h073  3 0.9797 0.0203 
        h074  3 0.9504 0.0496 
        h075  3 0.9770 0.0230 
        h076  3 0.8295 0.1705 
        h077  3 0.9399 0.0601 
        h078  3 0.9930 0.0070 
        h079  3 0.9487 0.0513 
        h080  3 0.9906 0.0094 
        h081  3 0.9248 0.0752 
        h082  3 0.9628 0.0372 
        h083  3 0.9858 0.0142 
        h084  3 0.6984 0.3016 
        h085  3 0.9896 0.0104 
        h086  3 0.8709 0.1291 
        h087  3 0.7438 0.2562 
        h088  3 0.9254 0.0746 
        h089  3 0.9346 0.0654 
        h090  3 0.9936 0.0064 
        h091  3 0.8391 0.1609 
        h092  3 0.9744 0.0256 
        h093  3 0.9535 0.0465 
        h094  3 0.9884 0.0116 
        h095  3 0.9194 0.0806 
        h096  3 0.9518 0.0482 
        h097  3 0.8593 0.1407 
        h098  3 0.8528 0.1472 
        h099  3 0.8886 0.1114 
        h100  3 0.9701 0.0299 
       h0011  4 0.7053 0.2947 
       h0021  4 0.8082 0.1918 
       h0031  4 0.7478 0.2522 
       h0041  4 0.7792 0.2208 
       h0051  4 0.8801 0.1199 
       h0061  4 0.6312 0.3688 
       h0071  4 0.8967 0.1033 
       h0081  4 0.8253 0.1747 
       h0091  4 0.6967 0.3033 
       h0101  4 0.8886 0.1114 
       h0111  4 0.9193 0.0807 
       h0121  4 0.8814 0.1186 
       h0131  4 0.9700 0.0300 
       h0141  4 0.8348 0.1652 
       h0151  4 0.7402 0.2598 
       h0161  4 0.8951 0.1049 
       h0171  4 0.6388 0.3612 
       h0181  4 0.6830 0.3170 
       h0191  4 0.9343 0.0657 
       h0201  4 0.6936 0.3064 
       h0211  4 0.8293 0.1707 
       h0221  4 0.5418 0.4582 
       h0231  4 0.8169 0.1831 
       h0241  4 0.8693 0.1307 
       h0251  4 0.9108 0.0892 
       h0261  4 0.7675 0.2325 
       h0271  4 0.7968 0.2032 
       h0281  4 0.6936 0.3064 
       h0291  4 0.8189 0.1811 
       h0301  4 0.8105 0.1895 
       h0311  4 0.7800 0.2200 
       h0321  4 0.8562 0.1438 
       h0331  4 0.7071 0.2929 
       h0341  4 0.7437 0.2563 
       h0351  4 0.8361 0.1639 
       h0361  4 0.6418 0.3582 
       h0371  4 0.6849 0.3151 
       h0381  4 0.8658 0.1342 
       h0391  4 0.5812 0.4188 
       h0401  4 0.7205 0.2795 
       h0411  4 0.6258 0.3742 
       h0421  4 0.8343 0.1657 
       h0431  4 0.9905 0.0095 
       h0441  4 0.4931 0.5069 
       h0451  4 0.7118 0.2882 
       h0461  4 0.8104 0.1896 
       h0471  4 0.7632 0.2368 
       h0481  4 0.6574 0.3426 
       h0491  4 0.7984 0.2016 
       h0501  4 0.8822 0.1178 
       h0511  4 0.7993 0.2007 
       h0521  4 0.7893 0.2107 
       h0531  4 0.7248 0.2752 
       h0541  4 0.8050 0.1950 
       h0551  4 0.7436 0.2564 
       h0561  4 0.4558 0.5442 
       h0571  4 0.9312 0.0688 
       h0581  4 0.5963 0.4037 
       h0591  4 0.9321 0.0679 
       h0601  4 0.6905 0.3095 
       h0611  4 0.8712 0.1288 
       h0621  4 0.8725 0.1275 
       h0631  4 0.7465 0.2535 
       h0641  4 0.8014 0.1986 
       h0651  4 0.5432 0.4568 
       h0661  4 0.7955 0.2045 
       h0671  4 0.9268 0.0732 
       h0681  4 0.6480 0.3520 
       h0691  4 0.9061 0.0939 
       h0701  4 0.6703 0.3297 
       h0711  4 0.7822 0.2178 
       h0721  4 0.8178 0.1822 
       h0731  4 0.6455 0.3545 
       h0741  4 0.6577 0.3423 
       h0751  4 0.9185 0.0815 
       h0761  4 0.7063 0.2937 
       h0771  4 0.7339 0.2661 
       h0781  4 0.8995 0.1005 
       h0791  4 0.6993 0.3007 
       h0801  4 0.9608 0.0392 
       h0811  4 0.6612 0.3388 
       h0821  4 0.7533 0.2467 
       h0831  4 0.8789 0.1211 
       h0841  4 0.9788 0.0212 
       h0851  4 0.7631 0.2369 
       h0861  4 0.8273 0.1727 
       h0871  4 0.6733 0.3267 
       h0881  4 0.7837 0.2163 
       h0891  4 0.7712 0.2288 
       h0901  4 0.8978 0.1022 
       h0911  4 0.8350 0.1650 
       h0921  4 0.7099 0.2901 
       h0931  4 0.7048 0.2952 
       h0941  4 0.9505 0.0495 
       h0951  4 0.6719 0.3281 
       h0961  4 0.7858 0.2142 
       h0971  4 0.6400 0.3600 
       h0981  4 0.7979 0.2021 
       h0991  4 0.8371 0.1629 
       h1001  4 0.7741 0.2259 
       h0012  5 0.5121 0.4879 
       h0022  5 0.4886 0.5114 
       h0032  5 0.5615 0.4385 
       h0042  5 0.6936 0.3064 
       h0052  5 0.6097 0.3903 
       h0062  5 0.5963 0.4037 
       h0072  5 0.5572 0.4428 
       h0082  5 0.4525 0.5475 
       h0092  5 0.4474 0.5526 
       h0102  5 0.5057 0.4943 
       h0112  5 0.5545 0.4455 
       h0122  5 0.4084 0.5916 
       h0132  5 0.6111 0.3889 
       h0142  5 0.5636 0.4364 
       h0152  5 0.4448 0.5552 
       h0162  5 0.3723 0.6277 
       h0172  5 0.4343 0.5657 
       h0182  5 0.4355 0.5645 
       h0192  5 0.3480 0.6520 
       h0202  5 0.6538 0.3462 
       h0212  5 0.4147 0.5853 
       h0222  5 0.6568 0.3432 
       h0232  5 0.5268 0.4732 
       h0242  5 0.4838 0.5162 
       h0252  5 0.4705 0.5295 
       h0262  5 0.3372 0.6628 
       h0272  5 0.4736 0.5264 
       h0282  5 0.4572 0.5428 
       h0292  5 0.5660 0.4340 
       h0302  5 0.5753 0.4247 
       h0312  5 0.4295 0.5705 
       h0322  5 0.3968 0.6032 
       h0332  5 0.6541 0.3459 
       h0342  5 0.5467 0.4533 
       h0352  5 0.5234 0.4766 
       h0362  5 0.4562 0.5438 
       h0372  5 0.3862 0.6138 
       h0382  5 0.4245 0.5755 
       h0392  5 0.6643 0.3357 
       h0402  5 0.5138 0.4862 
       h0412  5 0.3979 0.6021 
       h0422  5 0.4110 0.5890 
       h0432  5 0.5330 0.4670 
       h0442  5 0.5868 0.4132 
       h0452  5 0.4413 0.5587 
       h0462  5 0.5040 0.4960 
       h0472  5 0.5105 0.4895 
       h0482  5 0.6134 0.3866 
       h0492  5 0.3820 0.6180 
       h0502  5 0.6006 0.3994 
       h0512  5 0.4240 0.5760 
       h0522  5 0.5230 0.4770 
       h0532  5 0.5120 0.4880 
       h0542  5 0.5894 0.4106 
       h0552  5 0.4952 0.5048 
       h0562  5 0.5353 0.4647 
       h0572  5 0.5262 0.4738 
       h0582  5 0.5942 0.4058 
       h0592  5 0.5527 0.4473 
       h0602  5 0.4614 0.5386 
       h0612  5 0.5504 0.4496 
       h0622  5 0.5876 0.4124 
       h0632  5 0.5161 0.4839 
       h0642  5 0.6211 0.3789 
       h0652  5 0.5387 0.4613 
       h0662  5 0.4202 0.5798 
       h0672  5 0.5270 0.4730 
       h0682  5 0.6070 0.3930 
       h0692  5 0.5069 0.4931 
       h0702  5 0.6097 0.3903 
       h0712  5 0.5290 0.4710 
       h0722  5 0.4778 0.5222 
       h0732  5 0.5387 0.4613 
       h0742  5 0.4783 0.5217 
       h0752  5 0.4849 0.5151 
       h0762  5 0.5766 0.4234 
       h0772  5 0.4807 0.5193 
       h0782  5 0.3215 0.6785 
       h0792  5 0.6503 0.3497 
       h0802  5 0.6113 0.3887 
       h0812  5 0.4959 0.5041 
       h0822  5 0.5391 0.4609 
       h0832  5 0.5186 0.4814 
       h0842  5 0.5082 0.4918 
       h0852  5 0.4266 0.5734 
       h0862  5 0.5178 0.4822 
       h0872  5 0.5375 0.4625 
       h0882  5 0.4287 0.5713 
       h0892  5 0.4990 0.5010 
       h0902  5 0.5239 0.4761 
       h0912  5 0.4819 0.5181 
       h0922  5 0.5438 0.4562 
       h0932  5 0.5310 0.4690 
       h0942  5 0.5359 0.4641 
       h0952  5 0.4786 0.5214 
       h0962  5 0.5445 0.4555 
       h0972  5 0.4559 0.5441 
       h0982  5 0.5313 0.4687 
       h0992  5 0.5634 0.4366 
       h1002  5 0.6221 0.3779 
       h0013  6 0.2924 0.7076 
       h0023  6 0.1868 0.8132 
       h0033  6 0.3810 0.6190 
       h0043  6 0.3087 0.6913 
       h0053  6 0.1008 0.8992 
       h0063  6 0.2804 0.7196 
       h0073  6 0.2445 0.7555 
       h0083  6 0.2697 0.7303 
       h0093  6 0.2340 0.7660 
       h0103  6 0.2791 0.7209 
       h0113  6 0.1099 0.8901 
       h0123  6 0.3590 0.6410 
       h0133  6 0.3029 0.6971 
       h0143  6 0.2035 0.7965 
       h0153  6 0.2102 0.7898 
       h0163  6 0.2253 0.7747 
       h0173  6 0.1599 0.8401 
       h0183  6 0.3302 0.6698 
       h0193  6 0.2239 0.7761 
       h0203  6 0.0939 0.9061 
       h0213  6 0.1079 0.8921 
       h0223  6 0.2363 0.7637 
       h0233  6 0.3083 0.6917 
       h0243  6 0.1761 0.8239 
       h0253  6 0.2024 0.7976 
       h0263  6 0.4569 0.5431 
       h0273  6 0.1731 0.8269 
       h0283  6 0.3002 0.6998 
       h0293  6 0.2766 0.7234 
       h0303  6 0.3149 0.6851 
       h0313  6 0.2319 0.7681 
       h0323  6 0.4449 0.5551 
       h0333  6 0.1359 0.8641 
       h0343  6 0.2935 0.7065 
       h0353  6 0.1238 0.8762 
       h0363  6 0.3440 0.6560 
       h0373  6 0.1669 0.8331 
       h0383  6 0.0665 0.9335 
       h0393  6 0.2535 0.7465 
       h0403  6 0.2135 0.7865 
       h0413  6 0.5111 0.4889 
       h0423  6 0.4361 0.5639 
       h0433  6 0.4098 0.5902 
       h0443  6 0.1976 0.8024 
       h0453  6 0.5034 0.4966 
       h0463  6 0.3422 0.6578 
       h0473  6 0.1511 0.8489 
       h0483  6 0.1541 0.8459 
       h0493  6 0.2464 0.7536 
       h0503  6 0.1522 0.8478 
       h0513  6 0.2362 0.7638 
       h0523  6 0.2454 0.7546 
       h0533  6 0.2766 0.7234 
       h0543  6 0.4280 0.5720 
       h0553  6 0.1361 0.8639 
       h0563  6 0.2043 0.7957 
       h0573  6 0.3547 0.6453 
       h0583  6 0.3053 0.6947 
       h0593  6 0.1114 0.8886 
       h0603  6 0.2204 0.7796 
       h0613  6 0.2694 0.7306 
       h0623  6 0.2666 0.7334 
       h0633  6 0.2228 0.7772 
       h0643  6 0.3551 0.6449 
       h0653  6 0.2959 0.7041 
       h0663  6 0.3204 0.6796 
       h0673  6 0.2642 0.7358 
       h0683  6 0.2505 0.7495 
       h0693  6 0.1194 0.8806 
       h0703  6 0.0406 0.9594 
       h0713  6 0.2817 0.7183 
       h0723  6 0.2129 0.7871 
       h0733  6 0.1817 0.8183 
       h0743  6 0.3400 0.6600 
       h0753  6 0.5212 0.4788 
       h0763  6 0.1346 0.8654 
       h0773  6 0.2495 0.7505 
       h0783  6 0.2673 0.7327 
       h0793  6 0.2594 0.7406 
       h0803  6 0.0704 0.9296 
       h0813  6 0.3476 0.6524 
       h0823  6 0.2966 0.7034 
       h0833  6 0.3716 0.6284 
       h0843  6 0.2302 0.7698 
       h0853  6 0.4573 0.5427 
       h0863  6 0.2030 0.7970 
       h0873  6 0.2889 0.7111 
       h0883  6 0.2745 0.7255 
       h0893  6 0.2786 0.7214 
       h0903  6 0.1913 0.8087 
       h0913  6 0.1806 0.8194 
       h0923  6 0.2260 0.7740 
       h0933  6 0.2370 0.7630 
       h0943  6 0.3364 0.6636 
       h0953  6 0.1653 0.8347 
       h0963  6 0.2797 0.7203 
       h0973  6 0.3238 0.6762 
       h0983  6 0.2666 0.7334 
       h0993  6 0.3189 0.6811 
       h1003  6 0.3253 0.6747 
       h0014  7 0.2523 0.7477 
       h0024  7 0.0289 0.9711 
       h0034  7 0.1431 0.8569 
       h0044  7 0.2016 0.7984 
       h0054  7 0.0711 0.9289 
       h0064  7 0.2742 0.7258 
       h0074  7 0.0096 0.9904 
       h0084  7 0.1621 0.8379 
       h0094  7 0.2317 0.7683 
       h0104  7 0.1477 0.8523 
       h0114  7 0.0812 0.9188 
       h0124  7 0.0499 0.9501 
       h0134  7 0.0775 0.9225 
       h0144  7 0.0279 0.9721 
       h0154  7 0.1871 0.8129 
       h0164  7 0.0790 0.9210 
       h0174  7 0.1526 0.8474 
       h0184  7 0.1657 0.8343 
       h0194  7 0.1526 0.8474 
       h0204  7 0.0373 0.9627 
       h0214  7 0.1096 0.8904 
       h0224  7 0.0602 0.9398 
       h0234  7 0.2293 0.7707 
       h0244  7 0.1293 0.8707 
       h0254  7 0.1419 0.8581 
       h0264  7 0.1227 0.8773 
       h0274  7 0.1025 0.8975 
       h0284  7 0.1818 0.8182 
       h0294  7 0.2276 0.7724 
       h0304  7 0.1346 0.8654 
       h0314  7 0.1856 0.8144 
       h0324  7 0.2951 0.7049 
       h0334  7 0.0112 0.9888 
       h0344  7 0.1271 0.8729 
       h0354  7 0.1678 0.8322 
       h0364  7 0.1224 0.8776 
       h0374  7 0.2366 0.7634 
       h0384  7 0.2391 0.7609 
       h0394  7 0.1537 0.8463 
       h0404  7 0.2749 0.7251 
       h0414  7 0.1925 0.8075 
       h0424  7 0.0647 0.9353 
       h0434  7 0.0923 0.9077 
       h0444  7 0.2981 0.7019 
       h0454  7 0.2500 0.7500 
       h0464  7 0.1138 0.8862 
       h0474  7 0.1512 0.8488 
       h0484  7 0.0097 0.9903 
       h0494  7 0.0091 0.9909 
       h0504  7 0.1035 0.8965 
       h0514  7 0.2727 0.7273 
       h0524  7 0.0427 0.9573 
       h0534  7 0.0103 0.9897 
       h0544  7 0.1376 0.8624 
       h0554  7 0.1083 0.8917 
       h0564  7 0.1324 0.8676 
       h0574  7 0.1301 0.8699 
       h0584  7 0.0496 0.9504 
       h0594  7 0.1981 0.8019 
       h0604  7 0.0549 0.9451 
       h0614  7 0.1135 0.8865 
       h0624  7 0.1473 0.8527 
       h0634  7 0.0111 0.9889 
       h0644  7 0.0068 0.9932 
       h0654  7 0.1290 0.8710 
       h0664  7 0.0888 0.9112 
       h0674  7 0.0880 0.9120 
       h0684  7 0.0115 0.9885 
       h0694  7 0.1346 0.8654 
       h0704  7 0.1153 0.8847 
       h0714  7 0.1522 0.8478 
       h0724  7 0.2069 0.7931 
       h0734  7 0.0997 0.9003 
       h0744  7 0.1441 0.8559 
       h0754  7 0.1163 0.8837 
       h0764  7 0.1833 0.8167 
       h0774  7 0.0070 0.9930 
       h0784  7 0.0198 0.9802 
       h0794  7 0.1276 0.8724 
       h0804  7 0.0645 0.9355 
       h0814  7 0.2568 0.7432 
       h0824  7 0.0746 0.9254 
       h0834  7 0.2112 0.7888 
       h0844  7 0.0975 0.9025 
       h0854  7 0.0631 0.9369 
       h0864  7 0.1463 0.8537 
       h0874  7 0.1519 0.8481 
       h0884  7 0.0071 0.9929 
       h0894  7 0.1170 0.8830 
       h0904  7 0.2549 0.7451 
       h0914  7 0.1930 0.8070 
       h0924  7 0.2917 0.7083 
       h0934  7 0.0594 0.9406 
       h0944  7 0.0545 0.9455 
       h0954  7 0.2265 0.7735 
       h0964  7 0.1608 0.8392 
       h0974  7 0.1452 0.8548 
       h0984  7 0.1102 0.8898 
       h0994  7 0.1648 0.8352 
       h1004  7 0.2412 0.7588 
     CK.0PLA  8 0.0121 0.9879 
     CK.0PLC  8 0.0139 0.9861 
     CK.0PLE  8 0.0066 0.9934 
     CK.0PLF  8 0.0171 0.9829 
     CK.0PLH  8 0.0078 0.9922 
     CK.0PLJ  8 0.0091 0.9909 
     CK.0PLK  8 0.0055 0.9945 
     CK.0PLL  8 0.0095 0.9905 
     CK.0PLM  8 0.0080 0.9920 
     CK.0PLP  8 0.0083 0.9917 
     CK.0PLT  8 0.0051 0.9949 
     CK.0PLU  8 0.0070 0.9930 
     CK.0PLX  8 0.0112 0.9888 
     CK.0PLY  8 0.0051 0.9949 
     CK.0PM0  8 0.0065 0.9935 
     CK.0PM1  8 0.0057 0.9943 
     CK.0PM2  8 0.0081 0.9919 
     CK.0PM3  8 0.0090 0.9910 
     CK.0PM4  8 0.0103 0.9897 
     CK.0PM7  8 0.0063 0.9937 
     CK.0PM8  8 0.0052 0.9948 
     CK.0PMA  8 0.0101 0.9899 
       M2C06  8 0.0063 0.9937 
       M2C07  8 0.0048 0.9952 
       M2C08  8 0.0048 0.9952 
       M2C0A  8 0.0062 0.9938 
       M2C0C  8 0.0056 0.9944 
       M2C0E  8 0.0063 0.9937 
      h00111  9 0.0050 0.9950 
      h00211  9 0.0104 0.9896 
      h00311  9 0.0110 0.9890 
      h00411  9 0.0057 0.9943 
      h00511  9 0.0075 0.9925 
      h00611  9 0.0073 0.9927 
      h00711  9 0.0113 0.9887 
      h00811  9 0.0171 0.9829 
      h00911  9 0.0067 0.9933 
      h01011  9 0.0076 0.9924 
      h01111  9 0.0077 0.9923 
      h01211  9 0.0068 0.9932 
      h01311  9 0.0085 0.9915 
      h01411  9 0.0079 0.9921 
      h01511  9 0.0073 0.9927 
      h01611  9 0.0047 0.9953 
      h01711  9 0.0281 0.9719 
      h01811  9 0.0063 0.9937 
      h01911  9 0.0045 0.9955 
      h02011  9 0.0061 0.9939 
      h02111  9 0.0082 0.9918 
      h02211  9 0.0073 0.9927 
      h02311  9 0.0053 0.9947 
      h02411  9 0.0058 0.9942 
      h02511  9 0.0057 0.9943 
      h02611  9 0.0071 0.9929 
      h02711  9 0.0071 0.9929 
      h02811  9 0.0082 0.9918 
      h02911  9 0.0076 0.9924 
      h03011  9 0.0062 0.9938 
      h03111  9 0.0062 0.9938 
      h03211  9 0.0074 0.9926 
      h03311  9 0.0070 0.9930 
      h03411  9 0.0062 0.9938 
      h03511  9 0.0087 0.9913 
      h03611  9 0.0088 0.9912 
      h03711  9 0.0086 0.9914 
      h03811  9 0.0091 0.9909 
      h03911  9 0.0076 0.9924 
      h04011  9 0.0057 0.9943 
      h04111  9 0.0069 0.9931 
      h04211  9 0.0094 0.9906 
      h04311  9 0.0079 0.9921 
      h04411  9 0.0065 0.9935 
      h04511  9 0.0064 0.9936 
      h04611  9 0.0068 0.9932 
      h04711  9 0.0077 0.9923 
      h04811  9 0.0070 0.9930 
      h04911  9 0.0052 0.9948 
      h05011  9 0.0069 0.9931 
      h05111  9 0.0065 0.9935 
      h05211  9 0.0073 0.9927 
      h05311  9 0.0072 0.9928 
      h05411  9 0.0062 0.9938 
      h05511  9 0.0113 0.9887 
      h05611  9 0.0060 0.9940 
      h05711  9 0.0062 0.9938 
      h05811  9 0.0059 0.9941 
      h05911  9 0.0071 0.9929 
      h06011  9 0.0071 0.9929 
      h06111  9 0.0059 0.9941 
      h06211  9 0.0045 0.9955 
      h06311  9 0.0059 0.9941 
      h06411  9 0.0084 0.9916 
      h06511  9 0.0050 0.9950 
      h06611  9 0.0084 0.9916 
      h06711  9 0.0087 0.9913 
      h06811  9 0.0064 0.9936 
      h06911  9 0.0122 0.9878 
      h07011  9 0.0051 0.9949 
      h07111  9 0.0081 0.9919 
      h07211  9 0.0086 0.9914 
      h07311  9 0.0067 0.9933 
      h07411  9 0.0170 0.9830 
      h07511  9 0.0054 0.9946 
      h07611  9 0.0099 0.9901 
      h07711  9 0.0084 0.9916 
      h07811  9 0.0049 0.9951 
      h07911  9 0.0126 0.9874 
      h08011  9 0.0065 0.9935 
      h08111  9 0.0068 0.9932 
      h08211  9 0.0061 0.9939 
      h08311  9 0.0063 0.9937 
      h08411  9 0.0056 0.9944 
      h08511  9 0.0077 0.9923 
      h08611  9 0.0049 0.9951 
      h08711  9 0.0095 0.9905 
      h08811  9 0.0092 0.9908 
      h08911  9 0.0112 0.9888 
      h09011  9 0.0088 0.9912 
      h09111  9 0.0154 0.9846 
      h09211  9 0.0057 0.9943 
      h09311  9 0.0067 0.9933 
      h09411  9 0.0075 0.9925 
      h09511  9 0.0084 0.9916 
      h09611  9 0.0093 0.9907 
      h09711  9 0.0099 0.9901 
      h09811  9 0.0074 0.9926 
      h09911  9 0.0076 0.9924 
      h10011  9 0.0118 0.9882 
       h1011  9 0.0076 0.9924 
       h1021  9 0.0055 0.9945 
       h1031  9 0.0055 0.9945 
       h1041  9 0.0066 0.9934 
       h1051  9 0.0078 0.9922 
       h1061  9 0.0055 0.9945 
       h1071  9 0.0072 0.9928 
       h1081  9 0.0091 0.9909 
       h1091  9 0.0072 0.9928 
       h1101  9 0.0067 0.9933 
       h1111  9 0.0117 0.9883 
       h1121  9 0.0141 0.9859 
       h1131  9 0.0057 0.9943 
       h1141  9 0.0092 0.9908 
       h1151  9 0.0067 0.9933 
       h1161  9 0.0075 0.9925 
       h1171  9 0.0062 0.9938 
       h1181  9 0.0056 0.9944 
       h1191  9 0.0190 0.9810 
       h1201  9 0.0062 0.9938 
       h1211  9 0.0054 0.9946 
       h1221  9 0.0075 0.9925 
       h1231  9 0.0086 0.9914 
       h1241  9 0.0089 0.9911 
       h1251  9 0.0068 0.9932 
       h1261  9 0.0051 0.9949 
       h1271  9 0.0050 0.9950 
       h1281  9 0.0063 0.9937 
       h1291  9 0.0088 0.9912 
       h1301  9 0.0062 0.9938 
       h1311  9 0.0058 0.9942 
       h1321  9 0.0063 0.9937 
       h1331  9 0.0092 0.9908 
       h1341  9 0.0060 0.9940 
       h1351  9 0.0064 0.9936 
       h1361  9 0.0050 0.9950 
       h1371  9 0.0075 0.9925 
       h1381  9 0.0070 0.9930 
       h1391  9 0.0051 0.9949 
       h1401  9 0.0049 0.9951 
       h1411  9 0.0087 0.9913 
       h1421  9 0.0082 0.9918 
       h1431  9 0.0054 0.9946 
       h1441  9 0.0069 0.9931 
       h1451  9 0.0068 0.9932 
       h1461  9 0.0060 0.9940 
       h1471  9 0.0069 0.9931 
       h1481  9 0.0082 0.9918 
       h1491  9 0.0054 0.9946 
       h1501  9 0.0118 0.9882 
       h1511  9 0.0054 0.9946 
       h1521  9 0.0132 0.9868 
       h1531  9 0.0052 0.9948 
       h1541  9 0.0070 0.9930 
       h1551  9 0.0244 0.9756 
       h1561  9 0.0067 0.9933 
       h1571  9 0.0081 0.9919 
       h1581  9 0.0086 0.9914 
       h1591  9 0.0056 0.9944 
       h1601  9 0.0050 0.9950 
       h1611  9 0.0063 0.9937 
       h1621  9 0.0054 0.9946 
       h1631  9 0.0050 0.9950 
       h1641  9 0.0098 0.9902 
       h1651  9 0.0049 0.9951 
       h1661  9 0.0092 0.9908 
       h1671  9 0.0091 0.9909 
       h1681  9 0.0124 0.9876 
       h1691  9 0.0054 0.9946 
       h1701  9 0.0054 0.9946 
       h1711  9 0.0048 0.9952 
       h1721  9 0.0076 0.9924 
       h1731  9 0.0052 0.9948 
       h1741  9 0.0080 0.9920 
       h1751  9 0.0053 0.9947 
       h1761  9 0.0052 0.9948 
       h1771  9 0.0073 0.9927 
       h1781  9 0.0059 0.9941 
       h1791  9 0.0061 0.9939 
       h1801  9 0.0059 0.9941 
       h1811  9 0.0073 0.9927 
       h1821  9 0.0063 0.9937 
       h1831  9 0.0071 0.9929 
       h1841  9 0.0048 0.9952 
       h1851  9 0.0058 0.9942 
       h1861  9 0.0052 0.9948 
       h1871  9 0.0056 0.9944 
       h1881  9 0.0077 0.9923 
       h1891  9 0.0056 0.9944 
       h1901  9 0.0074 0.9926 
       h1911  9 0.0059 0.9941 
       h1921  9 0.0070 0.9930 
       h1931  9 0.0071 0.9929 
       h1941  9 0.0048 0.9952 
       h1951  9 0.0099 0.9901 
       h1961  9 0.0052 0.9948 
       h1971  9 0.0122 0.9878 
       h1981  9 0.0081 0.9919 
       h1991  9 0.0070 0.9930 
       h2001  9 0.0082 0.9918 
       h2011  9 0.0051 0.9949 
       h2021  9 0.0060 0.9940 
       h2031  9 0.0081 0.9919 
       h2041  9 0.0093 0.9907 
       h2051  9 0.0092 0.9908 
       h2061  9 0.0056 0.9944 
       h2071  9 0.0067 0.9933 
       h2081  9 0.0069 0.9931 
       h2091  9 0.0142 0.9858 
       h2101  9 0.0071 0.9929 
       h2111  9 0.0072 0.9928 
       h2121  9 0.0076 0.9924 
       h2131  9 0.0075 0.9925 
       h2141  9 0.0080 0.9920 
       h2151  9 0.0204 0.9796 
       h2161  9 0.0108 0.9892 
       h2171  9 0.0059 0.9941 
       h2181  9 0.0064 0.9936 
       h2191  9 0.0069 0.9931 
       h2201  9 0.0101 0.9899 
       h2211  9 0.0072 0.9928 
       h2221  9 0.0074 0.9926 
       h2231  9 0.0089 0.9911 
       h2241  9 0.0076 0.9924 
       h2251  9 0.0089 0.9911 
       h2261  9 0.0067 0.9933 
       h2271  9 0.0405 0.9595 
       h2281  9 0.0078 0.9922 
       h2291  9 0.0084 0.9916 
       h2301  9 0.0058 0.9942 
       h2311  9 0.0062 0.9938 
       h2321  9 0.0057 0.9943 
       h2331  9 0.0049 0.9951 
       h2341  9 0.0069 0.9931 
       h2351  9 0.0065 0.9935 
       h2361  9 0.0146 0.9854 
       h2371  9 0.0065 0.9935 
       h2381  9 0.0087 0.9913 
       h2391  9 0.0064 0.9936 
       h2401  9 0.0088 0.9912 
       h2411  9 0.0060 0.9940 
       h2421  9 0.0081 0.9919 
       h2431  9 0.0064 0.9936 
       h2441  9 0.0048 0.9952 
       h2451  9 0.0060 0.9940 
       h2461  9 0.0071 0.9929 
       h2471  9 0.0062 0.9938 
       h2481  9 0.0093 0.9907 
       h2491  9 0.0052 0.9948 
       h2501  9 0.0064 0.9936 
       h2511  9 0.0059 0.9941 
       h2521  9 0.0112 0.9888 
       h2531  9 0.0066 0.9934 
       h2541  9 0.0066 0.9934 
       h2551  9 0.0068 0.9932 
       h2561  9 0.0055 0.9945 
       h2571  9 0.0086 0.9914 
       h2581  9 0.0050 0.9950 
       h2591  9 0.0094 0.9906 
       h2601  9 0.0084 0.9916 
       h2611  9 0.0076 0.9924 
       h2621  9 0.0079 0.9921 
       h2631  9 0.0090 0.9910 
       h2641  9 0.0096 0.9904 
       h2651  9 0.0076 0.9924 
       h2661  9 0.0060 0.9940 
       h2671  9 0.0107 0.9893 
       h2681  9 0.0082 0.9918 
       h2691  9 0.0110 0.9890 
       h2701  9 0.0058 0.9942 
       h2711  9 0.0080 0.9920 
       h2721  9 0.0051 0.9949 
       h2731  9 0.0053 0.9947 
       h2741  9 0.0259 0.9741 
       h2751  9 0.0072 0.9928 
       h2761  9 0.0061 0.9939 
       h2771  9 0.0057 0.9943 
       h2781  9 0.0058 0.9942 
       h2791  9 0.0064 0.9936 
       h2801  9 0.0074 0.9926 
       h2811  9 0.0054 0.9946 
       h2821  9 0.0067 0.9933 
       h2831  9 0.0141 0.9859 
       h2841  9 0.0055 0.9945 
       h2851  9 0.0069 0.9931 
       h2861  9 0.0051 0.9949 
       h2871  9 0.0060 0.9940 
       h2881  9 0.0073 0.9927 
       h2891  9 0.0118 0.9882 
       h2901  9 0.0053 0.9947 
       h2911  9 0.0058 0.9942 
       h2921  9 0.0068 0.9932 
       h2931  9 0.0060 0.9940 
       h2941  9 0.0117 0.9883 
       h2951  9 0.0052 0.9948 
       h2961  9 0.0075 0.9925 
       h2971  9 0.0064 0.9936 
       h2981  9 0.0066 0.9934 
       h2991  9 0.0070 0.9930 
       h3001  9 0.0059 0.9941 
       h3011  9 0.0058 0.9942 
       h3021  9 0.0071 0.9929 
       h3031  9 0.0053 0.9947 
       h3041  9 0.0054 0.9946 
       h3051  9 0.0063 0.9937 
       h3061  9 0.0055 0.9945 
       h3071  9 0.0054 0.9946 
       h3081  9 0.0067 0.9933 
       h3091  9 0.0050 0.9950 
       h3101  9 0.0112 0.9888 
       h3111  9 0.0055 0.9945 
       h3121  9 0.0070 0.9930 
       h3131  9 0.0062 0.9938 
       h3141  9 0.0094 0.9906 
       h3151  9 0.0064 0.9936 
       h3161  9 0.0056 0.9944 
       h3171  9 0.0047 0.9953 
       h3181  9 0.0063 0.9937 
       h3191  9 0.0085 0.9915 
       h3201  9 0.0085 0.9915 
       h3211  9 0.0060 0.9940 
       h3221  9 0.0095 0.9905 
       h3231  9 0.0062 0.9938 
       h3241  9 0.0080 0.9920 
       h3251  9 0.0160 0.9840 
       h3261  9 0.0054 0.9946 
       h3271  9 0.0134 0.9866 
       h3281  9 0.0054 0.9946 
       h3291  9 0.0138 0.9862 
       h3301  9 0.0064 0.9936 
       h3311  9 0.0090 0.9910 
       h3321  9 0.0058 0.9942 
       h3331  9 0.0066 0.9934 
       h3341  9 0.0093 0.9907 
       h3351  9 0.0077 0.9923 
       h3361  9 0.0185 0.9815 
       h3371  9 0.0061 0.9939 
       h3381  9 0.0068 0.9932 
       h3391  9 0.0092 0.9908 
       h3401  9 0.0058 0.9942 
       h3411  9 0.0054 0.9946 
       h3421  9 0.0052 0.9948 
       h3431  9 0.0061 0.9939 
       h3441  9 0.0060 0.9940 
       h3451  9 0.0087 0.9913 
       h3461  9 0.0104 0.9896 
       h3471  9 0.0082 0.9918 
       h3481  9 0.0132 0.9868 
       h3491  9 0.0076 0.9924 
       h3501  9 0.0107 0.9893 
       h3511  9 0.0080 0.9920 
       h3521  9 0.0048 0.9952 
       h3531  9 0.0063 0.9937 
       h3541  9 0.0063 0.9937 
       h3551  9 0.0084 0.9916 
       h3561  9 0.0058 0.9942 
       h3571  9 0.0056 0.9944 
       h3581  9 0.0057 0.9943 
       h3591  9 0.0083 0.9917 
       h3601  9 0.0097 0.9903 
       h3611  9 0.0051 0.9949 
       h3621  9 0.0167 0.9833 
       h3631  9 0.0059 0.9941 
       h3641  9 0.0054 0.9946 
       h3651  9 0.0052 0.9948 
       h3661  9 0.0128 0.9872 
       h3671  9 0.0087 0.9913 
       h3681  9 0.0054 0.9946 
       h3691  9 0.0066 0.9934 
       h3701  9 0.0070 0.9930 
       h3711  9 0.0089 0.9911 
       h3721  9 0.0082 0.9918 
       h3731  9 0.0053 0.9947 
       h3741  9 0.0074 0.9926 
       h3751  9 0.0093 0.9907 
       h3761  9 0.0052 0.9948 
       h3771  9 0.0125 0.9875 
       h3781  9 0.0108 0.9892 
       h3791  9 0.0083 0.9917 
       h3801  9 0.0073 0.9927 
       h3811  9 0.0098 0.9902 
       h3821  9 0.0063 0.9937 
       h3831  9 0.0109 0.9891 
       h3841  9 0.0056 0.9944 
       h3851  9 0.0090 0.9910 
       h3861  9 0.0055 0.9945 
       h3871  9 0.0053 0.9947 
       h3881  9 0.0063 0.9937 
       h3891  9 0.0057 0.9943 
       h3901  9 0.0049 0.9951 
       h3911  9 0.0208 0.9792 
       h3921  9 0.0070 0.9930 
       h3931  9 0.0101 0.9899 
       h3941  9 0.0064 0.9936 
       h3951  9 0.0068 0.9932 
       h3961  9 0.0136 0.9864 
       h3971  9 0.0058 0.9942 
       h3981  9 0.0073 0.9927 
       h3991  9 0.0079 0.9921 
       h4001  9 0.0085 0.9915 
        h401  9 0.0055 0.9945 
        h402  9 0.0050 0.9950 
        h403  9 0.0051 0.9949 
        h404  9 0.0075 0.9925 
        h405  9 0.0072 0.9928 
        h406  9 0.0071 0.9929 
        h407  9 0.0047 0.9953 
        h408  9 0.0055 0.9945 
        h409  9 0.0121 0.9879 
        h410  9 0.0055 0.9945 
        h411  9 0.0072 0.9928 
        h412  9 0.0066 0.9934 
        h413  9 0.0060 0.9940 
        h414  9 0.0070 0.9930 
        h415  9 0.0133 0.9867 
        h416  9 0.0067 0.9933 
        h417  9 0.0066 0.9934 
        h418  9 0.0071 0.9929 
        h419  9 0.0071 0.9929 
        h420  9 0.0062 0.9938 
        h421  9 0.0081 0.9919 
        h422  9 0.0058 0.9942 
        h423  9 0.0051 0.9949 
        h424  9 0.0089 0.9911 
        h425  9 0.0075 0.9925 
        h426  9 0.0055 0.9945 
        h427  9 0.0081 0.9919 
        h428  9 0.0075 0.9925 
        h429  9 0.0052 0.9948 
        h430  9 0.0066 0.9934 
        h431  9 0.0103 0.9897 
        h432  9 0.0091 0.9909 
        h433  9 0.0073 0.9927 
        h434  9 0.0060 0.9940 
        h435  9 0.0079 0.9921 
        h436  9 0.0128 0.9872 
        h437  9 0.0242 0.9758 
        h438  9 0.0067 0.9933 
        h439  9 0.0063 0.9937 
        h440  9 0.0045 0.9955 
        h441  9 0.0070 0.9930 
        h442  9 0.0062 0.9938 
        h443  9 0.0053 0.9947 
        h444  9 0.0201 0.9799 
        h445  9 0.0148 0.9852 
        h446  9 0.0053 0.9947 
        h447  9 0.0080 0.9920 
        h448  9 0.0058 0.9942 
        h449  9 0.0062 0.9938 
        h450  9 0.0096 0.9904 
        h451  9 0.0077 0.9923 
        h452  9 0.0055 0.9945 
        h453  9 0.0084 0.9916 
        h454  9 0.0060 0.9940 
        h455  9 0.0098 0.9902 
        h456  9 0.0064 0.9936 
        h457  9 0.0078 0.9922 
        h458  9 0.0059 0.9941 
        h459  9 0.0127 0.9873 
        h460  9 0.0056 0.9944 
        h461  9 0.0052 0.9948 
        h462  9 0.0068 0.9932 
        h463  9 0.0065 0.9935 
        h464  9 0.0063 0.9937 
        h465  9 0.0066 0.9934 
        h466  9 0.0057 0.9943 
        h467  9 0.0069 0.9931 
        h468  9 0.0082 0.9918 
        h469  9 0.0093 0.9907 
        h470  9 0.0062 0.9938 
        h471  9 0.0054 0.9946 
        h472  9 0.0049 0.9951 
