       M1EL5  1 0.0099 0.9901 
       W26T6  1 0.0288 0.9712 
       W26XX  1 0.0081 0.9919 
       M013P  1 0.0119 0.9881 
       M1ELA  1 0.0273 0.9727 
       M2C73  1 0.0101 0.9899 
       W23P4  1 0.0186 0.9814 
       W247C  1 0.0095 0.9905 
       W24K1  1 0.0076 0.9924 
       W24ME  1 0.0181 0.9819 
       W2514  1 0.0098 0.9902 
       W26MA  1 0.0190 0.9810 
       W26MM  1 0.0165 0.9835 
       W26MU  1 0.0099 0.9901 
       W26P0  1 0.0099 0.9901 
       W26P3  1 0.0071 0.9929 
       W26T5  1 0.0065 0.9935 
       W26TE  1 0.0152 0.9848 
       W26TF  1 0.0239 0.9761 
       W26U8  1 0.0233 0.9767 
       W26UJ  1 0.0112 0.9888 
       W26UK  1 0.0063 0.9937 
       W26UT  1 0.0068 0.9932 
       W26XT  1 0.0167 0.9833 
      CC06H2  1 0.0215 0.9785 
      CC06H4  1 0.0203 0.9797 
      CC06H5  1 0.0139 0.9861 
      CC06H6  1 0.0056 0.9944 
      CC06HE  1 0.0084 0.9916 
      CC06HF  1 0.0202 0.9798 
      CC06HH  1 0.0071 0.9929 
      CC06HJ  1 0.0172 0.9828 
      CC06HL  1 0.0077 0.9923 
      CC06HP  1 0.0067 0.9933 
      CC06HT  1 0.0173 0.9827 
      CC06HU  1 0.0168 0.9832 
      CC06HY  1 0.0160 0.9840 
      CC06J0  1 0.0180 0.9820 
      CC06J1  1 0.0216 0.9784 
      CC06J2  1 0.0135 0.9865 
     CT.0YCY  1 0.0106 0.9894 
     CT.0YEC  1 0.0064 0.9936 
     CT.0YEF  1 0.0077 0.9923 
     CT.0YEU  1 0.0056 0.9944 
     CT.0YF2  1 0.0171 0.9829 
     CT.0YF8  1 0.0049 0.9951 
     CT.0YFA  1 0.0056 0.9944 
     CT.0YFE  1 0.0084 0.9916 
     CT.0YFP  1 0.0325 0.9675 
     CT.0YFU  1 0.0086 0.9914 
     CT.0YK7  1 0.0153 0.9847 
     CX.10PT  1 0.0682 0.9318 
      DAM021  1 0.0095 0.9905 
      DAM034  1 0.0059 0.9941 
      DAM07X  1 0.0080 0.9920 
     EF.15J6  1 0.0080 0.9920 
      HRV010  1 0.0146 0.9854 
      HRV02J  1 0.0119 0.9881 
      HRV078  1 0.0122 0.9878 
      HRV0FH  1 0.0072 0.9928 
      HRV0H5  1 0.0104 0.9896 
      HRV0JF  1 0.0084 0.9916 
      HRV0JJ  1 0.0096 0.9904 
      HRV0JM  1 0.0076 0.9924 
      HRV0K6  1 0.0436 0.9564 
      HRV0K7  1 0.0087 0.9913 
      HRV0KP  1 0.0253 0.9747 
      HRV1AX  1 0.0106 0.9894 
      HRV1C4  1 0.0063 0.9937 
      HRV1CH  1 0.0099 0.9901 
      HRV1FA  1 0.0128 0.9872 
      HRV1FK  1 0.0204 0.9796 
      HRV1H8  1 0.0074 0.9926 
      HRV1HT  1 0.0161 0.9839 
      HRV1XU  1 0.0378 0.9622 
      HRV4TF  1 0.0095 0.9905 
      HRV6F0  1 0.0119 0.9881 
      HRVE6L  1 0.0211 0.9789 
       M27HM  1 0.0078 0.9922 
       M27HP  1 0.0074 0.9926 
       M2AK4  1 0.0090 0.9910 
       M2ALA  1 0.0081 0.9919 
       M2C56  1 0.0098 0.9902 
       M2CUX  1 0.0147 0.9853 
       M2E24  1 0.0069 0.9931 
       M2EA7  1 0.0103 0.9897 
       M2EH6  1 0.0080 0.9920 
       M2EKC  1 0.0222 0.9778 
      MSV083  1 0.0526 0.9474 
      MSV084  1 0.0089 0.9911 
      MSV0LJ  1 0.0119 0.9881 
      MSV1H5  1 0.0087 0.9913 
      MSV1KM  1 0.0076 0.9924 
      MSV23F  1 0.0367 0.9633 
      MSV2L8  1 0.0122 0.9878 
      MSV2P7  1 0.0097 0.9903 
      MSV2TJ  1 0.0059 0.9941 
      MSV2XM  1 0.0144 0.9856 
      MSV327  1 0.0117 0.9883 
      MSV33L  1 0.0068 0.9932 
       h0015  2 0.0200 0.9800 
       h0025  2 0.0075 0.9925 
       h0035  2 0.0556 0.9444 
       h0045  2 0.0119 0.9881 
       h0055  2 0.0175 0.9825 
       h0065  2 0.0281 0.9719 
       h0075  2 0.0047 0.9953 
       h0085  2 0.0120 0.9880 
       h0095  2 0.0116 0.9884 
       h0105  2 0.0250 0.9750 
       h0115  2 0.0095 0.9905 
       h0125  2 0.0108 0.9892 
       h0135  2 0.0097 0.9903 
       h0145  2 0.0064 0.9936 
       h0155  2 0.0091 0.9909 
       h0165  2 0.0127 0.9873 
       h0175  2 0.0095 0.9905 
       h0185  2 0.0100 0.9900 
       h0195  2 0.0110 0.9890 
       h0205  2 0.0086 0.9914 
       h0215  2 0.0062 0.9938 
       h0225  2 0.0266 0.9734 
       h0235  2 0.0072 0.9928 
       h0245  2 0.0136 0.9864 
       h0255  2 0.0093 0.9907 
       h0265  2 0.0127 0.9873 
       h0275  2 0.0100 0.9900 
       h0285  2 0.0106 0.9894 
       h0295  2 0.0352 0.9648 
       h0305  2 0.0083 0.9917 
       h0315  2 0.0208 0.9792 
       h0325  2 0.0087 0.9913 
       h0335  2 0.0101 0.9899 
       h0345  2 0.0091 0.9909 
       h0355  2 0.0111 0.9889 
       h0365  2 0.0172 0.9828 
       h0375  2 0.0315 0.9685 
       h0385  2 0.0053 0.9947 
       h0395  2 0.0064 0.9936 
       h0405  2 0.0086 0.9914 
       h0415  2 0.0078 0.9922 
       h0425  2 0.0067 0.9933 
       h0435  2 0.0091 0.9909 
       h0445  2 0.0132 0.9868 
       h0455  2 0.0076 0.9924 
       h0465  2 0.0110 0.9890 
       h0475  2 0.0207 0.9793 
       h0485  2 0.0063 0.9937 
       h0495  2 0.0112 0.9888 
       h0505  2 0.0068 0.9932 
       h0515  2 0.0064 0.9936 
       h0525  2 0.0193 0.9807 
       h0535  2 0.0081 0.9919 
       h0545  2 0.0059 0.9941 
       h0555  2 0.0136 0.9864 
       h0565  2 0.0112 0.9888 
       h0575  2 0.0050 0.9950 
       h0585  2 0.0087 0.9913 
       h0595  2 0.0113 0.9887 
       h0605  2 0.0078 0.9922 
       h0615  2 0.0095 0.9905 
       h0625  2 0.0079 0.9921 
       h0635  2 0.0377 0.9623 
       h0645  2 0.0129 0.9871 
       h0655  2 0.0071 0.9929 
       h0665  2 0.0092 0.9908 
       h0675  2 0.0070 0.9930 
       h0685  2 0.0280 0.9720 
       h0695  2 0.0129 0.9871 
       h0705  2 0.0113 0.9887 
       h0715  2 0.0121 0.9879 
       h0725  2 0.0062 0.9938 
       h0735  2 0.0093 0.9907 
       h0745  2 0.0086 0.9914 
       h0755  2 0.0167 0.9833 
       h0765  2 0.0110 0.9890 
       h0775  2 0.0106 0.9894 
       h0785  2 0.0075 0.9925 
       h0795  2 0.0059 0.9941 
       h0805  2 0.0139 0.9861 
       h0815  2 0.0114 0.9886 
       h0825  2 0.0151 0.9849 
       h0835  2 0.0097 0.9903 
       h0845  2 0.0061 0.9939 
       h0855  2 0.0068 0.9932 
       h0865  2 0.0145 0.9855 
       h0875  2 0.0081 0.9919 
       h0885  2 0.0073 0.9927 
       h0895  2 0.0282 0.9718 
       h0905  2 0.0102 0.9898 
       h0915  2 0.0192 0.9808 
       h0925  2 0.0155 0.9845 
       h0935  2 0.0217 0.9783 
       h0945  2 0.0069 0.9931 
       h0955  2 0.0088 0.9912 
       h0965  2 0.0089 0.9911 
       h0975  2 0.0078 0.9922 
       h0985  2 0.0082 0.9918 
       h0995  2 0.0086 0.9914 
       h1005  2 0.0176 0.9824 
        h101  2 0.0116 0.9884 
        h102  2 0.0120 0.9880 
        h103  2 0.0119 0.9881 
        h104  2 0.0083 0.9917 
        h105  2 0.0048 0.9952 
        h106  2 0.0831 0.9169 
        h107  2 0.0174 0.9826 
        h108  2 0.0061 0.9939 
        h109  2 0.0246 0.9754 
        h110  2 0.0269 0.9731 
        h111  2 0.0256 0.9744 
        h112  2 0.0102 0.9898 
        h113  2 0.0203 0.9797 
        h114  2 0.0097 0.9903 
        h115  2 0.0070 0.9930 
        h116  2 0.0172 0.9828 
        h117  2 0.0091 0.9909 
        h118  2 0.0066 0.9934 
        h119  2 0.0097 0.9903 
        h120  2 0.0090 0.9910 
        h121  2 0.0130 0.9870 
        h122  2 0.0113 0.9887 
        h123  2 0.0123 0.9877 
        h124  2 0.0114 0.9886 
        h125  2 0.0103 0.9897 
        h126  2 0.0157 0.9843 
        h127  2 0.0056 0.9944 
        h128  2 0.0094 0.9906 
        h129  2 0.0043 0.9957 
        h130  2 0.0071 0.9929 
        h131  2 0.0082 0.9918 
        h132  2 0.0654 0.9346 
        h133  2 0.0060 0.9940 
        h134  2 0.0090 0.9910 
        h135  2 0.0054 0.9946 
        h136  2 0.0188 0.9812 
        h137  2 0.0111 0.9889 
        h138  2 0.0117 0.9883 
        h139  2 0.0154 0.9846 
        h140  2 0.0068 0.9932 
        h141  2 0.0328 0.9672 
        h142  2 0.0061 0.9939 
        h143  2 0.0058 0.9942 
        h144  2 0.0060 0.9940 
        h145  2 0.0193 0.9807 
        h146  2 0.0164 0.9836 
        h147  2 0.0060 0.9940 
        h148  2 0.0087 0.9913 
        h149  2 0.0112 0.9888 
        h150  2 0.0093 0.9907 
        h151  2 0.0070 0.9930 
        h152  2 0.0557 0.9443 
        h153  2 0.0177 0.9823 
        h154  2 0.0125 0.9875 
        h155  2 0.0287 0.9713 
        h156  2 0.0104 0.9896 
        h157  2 0.0090 0.9910 
        h158  2 0.0092 0.9908 
        h159  2 0.0129 0.9871 
        h160  2 0.0162 0.9838 
        h161  2 0.0608 0.9392 
        h162  2 0.0172 0.9828 
        h163  2 0.0157 0.9843 
        h164  2 0.0074 0.9926 
        h165  2 0.0048 0.9952 
        h166  2 0.0086 0.9914 
        h167  2 0.0093 0.9907 
        h168  2 0.0136 0.9864 
        h169  2 0.0067 0.9933 
        h170  2 0.0264 0.9736 
        h171  2 0.0479 0.9521 
        h172  2 0.0135 0.9865 
        h173  2 0.0120 0.9880 
        h174  2 0.0133 0.9867 
        h175  2 0.0124 0.9876 
        h176  2 0.0109 0.9891 
        h177  2 0.0081 0.9919 
        h178  2 0.0104 0.9896 
        h179  2 0.0077 0.9923 
        h180  2 0.0139 0.9861 
        h181  2 0.0064 0.9936 
        h182  2 0.0116 0.9884 
        h183  2 0.0097 0.9903 
        h184  2 0.0055 0.9945 
        h185  2 0.0128 0.9872 
        h186  2 0.0126 0.9874 
        h187  2 0.0082 0.9918 
        h188  2 0.0061 0.9939 
        h189  2 0.0044 0.9956 
        h190  2 0.0135 0.9865 
        h191  2 0.0130 0.9870 
        h192  2 0.0115 0.9885 
        h193  2 0.0455 0.9545 
        h194  2 0.0088 0.9912 
        h195  2 0.0132 0.9868 
        h196  2 0.0071 0.9929 
        h197  2 0.0325 0.9675 
        h198  2 0.0071 0.9929 
        h199  2 0.0070 0.9930 
        h200  2 0.0070 0.9930 
        h201  2 0.0090 0.9910 
        h202  2 0.0172 0.9828 
        h203  2 0.0195 0.9805 
        h204  2 0.0125 0.9875 
        h205  2 0.0121 0.9879 
        h206  2 0.0073 0.9927 
        h207  2 0.0104 0.9896 
        h208  2 0.0080 0.9920 
        h209  2 0.0161 0.9839 
        h210  2 0.0070 0.9930 
        h211  2 0.0115 0.9885 
        h212  2 0.0058 0.9942 
        h213  2 0.0140 0.9860 
        h214  2 0.0413 0.9587 
        h215  2 0.0057 0.9943 
        h216  2 0.0108 0.9892 
        h217  2 0.0153 0.9847 
        h218  2 0.0147 0.9853 
        h219  2 0.0086 0.9914 
        h220  2 0.0121 0.9879 
        h221  2 0.0149 0.9851 
        h222  2 0.0593 0.9407 
        h223  2 0.0087 0.9913 
        h224  2 0.0063 0.9937 
        h225  2 0.0081 0.9919 
        h226  2 0.0110 0.9890 
        h227  2 0.0097 0.9903 
        h228  2 0.0079 0.9921 
        h229  2 0.0073 0.9927 
        h230  2 0.0049 0.9951 
        h231  2 0.0079 0.9921 
        h232  2 0.0144 0.9856 
        h233  2 0.0095 0.9905 
        h234  2 0.0060 0.9940 
        h235  2 0.0091 0.9909 
        h236  2 0.0155 0.9845 
        h237  2 0.0142 0.9858 
        h238  2 0.0088 0.9912 
        h239  2 0.0088 0.9912 
        h240  2 0.0063 0.9937 
        h241  2 0.0169 0.9831 
        h242  2 0.0084 0.9916 
        h243  2 0.0488 0.9512 
        h244  2 0.0154 0.9846 
        h245  2 0.0129 0.9871 
        h246  2 0.0303 0.9697 
        h247  2 0.0093 0.9907 
        h248  2 0.0177 0.9823 
        h249  2 0.0143 0.9857 
        h250  2 0.0132 0.9868 
        h251  2 0.0080 0.9920 
        h252  2 0.0084 0.9916 
        h253  2 0.0111 0.9889 
        h254  2 0.0179 0.9821 
        h255  2 0.0107 0.9893 
        h256  2 0.0101 0.9899 
        h257  2 0.0108 0.9892 
        h258  2 0.0128 0.9872 
        h259  2 0.0066 0.9934 
        h260  2 0.0145 0.9855 
        h261  2 0.0355 0.9645 
        h262  2 0.0084 0.9916 
        h263  2 0.0202 0.9798 
        h264  2 0.0253 0.9747 
        h265  2 0.0158 0.9842 
        h266  2 0.0181 0.9819 
        h267  2 0.0159 0.9841 
        h268  2 0.0383 0.9617 
        h269  2 0.0082 0.9918 
        h270  2 0.0094 0.9906 
        h271  2 0.0241 0.9759 
        h272  2 0.0088 0.9912 
        h273  2 0.0053 0.9947 
        h274  2 0.0581 0.9419 
        h275  2 0.0308 0.9692 
        h276  2 0.0701 0.9299 
        h277  2 0.0177 0.9823 
        h278  2 0.0083 0.9917 
        h279  2 0.0352 0.9648 
        h280  2 0.0106 0.9894 
        h281  2 0.0061 0.9939 
        h282  2 0.0062 0.9938 
        h283  2 0.0084 0.9916 
        h284  2 0.0199 0.9801 
        h285  2 0.0198 0.9802 
        h286  2 0.0080 0.9920 
        h287  2 0.0152 0.9848 
        h288  2 0.0190 0.9810 
        h289  2 0.0062 0.9938 
        h290  2 0.0118 0.9882 
        h291  2 0.0437 0.9563 
        h292  2 0.0059 0.9941 
        h293  2 0.0379 0.9621 
        h294  2 0.0043 0.9957 
        h295  2 0.0093 0.9907 
        h296  2 0.0111 0.9889 
        h297  2 0.0572 0.9428 
        h298  2 0.0093 0.9907 
        h299  2 0.0157 0.9843 
        h300  2 0.0640 0.9360 
        h301  2 0.0100 0.9900 
        h302  2 0.0064 0.9936 
        h303  2 0.0093 0.9907 
        h304  2 0.0191 0.9809 
        h305  2 0.0096 0.9904 
        h306  2 0.0063 0.9937 
        h307  2 0.0075 0.9925 
        h308  2 0.0071 0.9929 
        h309  2 0.0439 0.9561 
        h310  2 0.0069 0.9931 
        h311  2 0.0070 0.9930 
        h312  2 0.0062 0.9938 
        h313  2 0.0147 0.9853 
        h314  2 0.0134 0.9866 
        h315  2 0.0352 0.9648 
        h316  2 0.0111 0.9889 
        h317  2 0.0059 0.9941 
        h318  2 0.0100 0.9900 
        h319  2 0.0124 0.9876 
        h320  2 0.0286 0.9714 
        h321  2 0.0172 0.9828 
        h322  2 0.0105 0.9895 
        h323  2 0.0232 0.9768 
        h324  2 0.0076 0.9924 
        h325  2 0.0087 0.9913 
        h326  2 0.0060 0.9940 
        h327  2 0.0207 0.9793 
        h328  2 0.0135 0.9865 
        h329  2 0.0151 0.9849 
        h330  2 0.0196 0.9804 
        h331  2 0.0068 0.9932 
        h332  2 0.0068 0.9932 
        h333  2 0.0089 0.9911 
        h334  2 0.0059 0.9941 
        h335  2 0.0602 0.9398 
        h336  2 0.0042 0.9958 
        h337  2 0.0114 0.9886 
        h338  2 0.0204 0.9796 
        h339  2 0.0104 0.9896 
        h340  2 0.0111 0.9889 
        h341  2 0.0095 0.9905 
        h342  2 0.0110 0.9890 
        h343  2 0.0098 0.9902 
        h344  2 0.0114 0.9886 
        h345  2 0.0135 0.9865 
        h346  2 0.0082 0.9918 
        h347  2 0.0119 0.9881 
        h348  2 0.0104 0.9896 
        h349  2 0.0098 0.9902 
        h350  2 0.0069 0.9931 
        h351  2 0.0194 0.9806 
        h352  2 0.0384 0.9616 
        h353  2 0.0086 0.9914 
        h354  2 0.0113 0.9887 
        h355  2 0.0136 0.9864 
        h356  2 0.0068 0.9932 
        h357  2 0.0116 0.9884 
        h358  2 0.0110 0.9890 
        h359  2 0.0427 0.9573 
        h360  2 0.0048 0.9952 
        h361  2 0.0072 0.9928 
        h362  2 0.0227 0.9773 
        h363  2 0.0110 0.9890 
        h364  2 0.0339 0.9661 
        h365  2 0.0075 0.9925 
        h366  2 0.0145 0.9855 
        h367  2 0.0158 0.9842 
        h368  2 0.0127 0.9873 
        h369  2 0.0773 0.9227 
        h370  2 0.0114 0.9886 
        h371  2 0.0164 0.9836 
        h372  2 0.0274 0.9726 
        h373  2 0.0079 0.9921 
        h374  2 0.0074 0.9926 
        h375  2 0.0220 0.9780 
        h376  2 0.0068 0.9932 
        h377  2 0.0061 0.9939 
        h378  2 0.0058 0.9942 
        h379  2 0.0102 0.9898 
        h380  2 0.0068 0.9932 
        h381  2 0.0110 0.9890 
        h382  2 0.0097 0.9903 
        h383  2 0.0064 0.9936 
        h384  2 0.0112 0.9888 
        h385  2 0.0076 0.9924 
        h386  2 0.0266 0.9734 
        h387  2 0.0525 0.9475 
        h388  2 0.0128 0.9872 
        h389  2 0.0048 0.9952 
        h390  2 0.0128 0.9872 
        h391  2 0.0190 0.9810 
        h392  2 0.0147 0.9853 
        h393  2 0.0083 0.9917 
        h394  2 0.0102 0.9898 
        h395  2 0.0139 0.9861 
        h396  2 0.0062 0.9938 
        h397  2 0.0057 0.9943 
        h398  2 0.0093 0.9907 
        h399  2 0.0089 0.9911 
        h400  2 0.0132 0.9868 
        h001  3 0.0326 0.9674 
        h002  3 0.0222 0.9778 
        h003  3 0.0153 0.9847 
        h004  3 0.0969 0.9031 
        h005  3 0.0115 0.9885 
        h006  3 0.1573 0.8427 
        h007  3 0.1231 0.8769 
        h008  3 0.0985 0.9015 
        h009  3 0.1656 0.8344 
        h010  3 0.0164 0.9836 
        h011  3 0.1145 0.8855 
        h012  3 0.1171 0.8829 
        h013  3 0.0707 0.9293 
        h014  3 0.0187 0.9813 
        h015  3 0.0606 0.9394 
        h016  3 0.1126 0.8874 
        h017  3 0.0955 0.9045 
        h018  3 0.0816 0.9184 
        h019  3 0.0924 0.9076 
        h020  3 0.2749 0.7251 
        h021  3 0.0098 0.9902 
        h022  3 0.1281 0.8719 
        h023  3 0.0521 0.9479 
        h024  3 0.0279 0.9721 
        h025  3 0.1838 0.8162 
        h026  3 0.0760 0.9240 
        h027  3 0.1253 0.8747 
        h028  3 0.1308 0.8692 
        h029  3 0.0219 0.9781 
        h030  3 0.0886 0.9114 
        h031  3 0.2247 0.7753 
        h032  3 0.1543 0.8457 
        h033  3 0.2444 0.7556 
        h034  3 0.1320 0.8680 
        h035  3 0.0087 0.9913 
        h036  3 0.0409 0.9591 
        h037  3 0.2497 0.7503 
        h038  3 0.1959 0.8041 
        h039  3 0.1234 0.8766 
        h040  3 0.1133 0.8867 
        h041  3 0.1455 0.8545 
        h042  3 0.2615 0.7385 
        h043  3 0.0600 0.9400 
        h044  3 0.0253 0.9747 
        h045  3 0.0273 0.9727 
        h046  3 0.0153 0.9847 
        h047  3 0.0184 0.9816 
        h048  3 0.0946 0.9054 
        h049  3 0.0158 0.9842 
        h050  3 0.1804 0.8196 
        h051  3 0.1397 0.8603 
        h052  3 0.0278 0.9722 
        h053  3 0.1893 0.8107 
        h054  3 0.1377 0.8623 
        h055  3 0.0202 0.9798 
        h056  3 0.1385 0.8615 
        h057  3 0.0423 0.9577 
        h058  3 0.0067 0.9933 
        h059  3 0.0315 0.9685 
        h060  3 0.0731 0.9269 
        h061  3 0.0993 0.9007 
        h062  3 0.0656 0.9344 
        h063  3 0.1440 0.8560 
        h064  3 0.0278 0.9722 
        h065  3 0.1715 0.8285 
        h066  3 0.0508 0.9492 
        h067  3 0.1531 0.8469 
        h068  3 0.1795 0.8205 
        h069  3 0.1174 0.8826 
        h070  3 0.1123 0.8877 
        h071  3 0.1786 0.8214 
        h072  3 0.1328 0.8672 
        h073  3 0.0203 0.9797 
        h074  3 0.0495 0.9505 
        h075  3 0.0231 0.9769 
        h076  3 0.1704 0.8296 
        h077  3 0.0604 0.9396 
        h078  3 0.0070 0.9930 
        h079  3 0.0513 0.9487 
        h080  3 0.0094 0.9906 
        h081  3 0.0751 0.9249 
        h082  3 0.0373 0.9627 
        h083  3 0.0142 0.9858 
        h084  3 0.3017 0.6983 
        h085  3 0.0104 0.9896 
        h086  3 0.1290 0.8710 
        h087  3 0.2564 0.7436 
        h088  3 0.0747 0.9253 
        h089  3 0.0651 0.9349 
        h090  3 0.0065 0.9935 
        h091  3 0.1609 0.8391 
        h092  3 0.0256 0.9744 
        h093  3 0.0468 0.9532 
        h094  3 0.0116 0.9884 
        h095  3 0.0807 0.9193 
        h096  3 0.0481 0.9519 
        h097  3 0.1413 0.8587 
        h098  3 0.1473 0.8527 
        h099  3 0.1111 0.8889 
        h100  3 0.0300 0.9700 
       h0011  4 0.2948 0.7052 
       h0021  4 0.1923 0.8077 
       h0031  4 0.2524 0.7476 
       h0041  4 0.2207 0.7793 
       h0051  4 0.1200 0.8800 
       h0061  4 0.3688 0.6312 
       h0071  4 0.1033 0.8967 
       h0081  4 0.1747 0.8253 
       h0091  4 0.3032 0.6968 
       h0101  4 0.1118 0.8882 
       h0111  4 0.0806 0.9194 
       h0121  4 0.1190 0.8810 
       h0131  4 0.0299 0.9701 
       h0141  4 0.1654 0.8346 
       h0151  4 0.2599 0.7401 
       h0161  4 0.1051 0.8949 
       h0171  4 0.3610 0.6390 
       h0181  4 0.3173 0.6827 
       h0191  4 0.0655 0.9345 
       h0201  4 0.3066 0.6934 
       h0211  4 0.1708 0.8292 
       h0221  4 0.4581 0.5419 
       h0231  4 0.1825 0.8175 
       h0241  4 0.1306 0.8694 
       h0251  4 0.0895 0.9105 
       h0261  4 0.2326 0.7674 
       h0271  4 0.2033 0.7967 
       h0281  4 0.3067 0.6933 
       h0291  4 0.1815 0.8185 
       h0301  4 0.1893 0.8107 
       h0311  4 0.2196 0.7804 
       h0321  4 0.1436 0.8564 
       h0331  4 0.2931 0.7069 
       h0341  4 0.2564 0.7436 
       h0351  4 0.1642 0.8358 
       h0361  4 0.3585 0.6415 
       h0371  4 0.3149 0.6851 
       h0381  4 0.1342 0.8658 
       h0391  4 0.4193 0.5807 
       h0401  4 0.2796 0.7204 
       h0411  4 0.3743 0.6257 
       h0421  4 0.1656 0.8344 
       h0431  4 0.0095 0.9905 
       h0441  4 0.5068 0.4932 
       h0451  4 0.2882 0.7118 
       h0461  4 0.1898 0.8102 
       h0471  4 0.2369 0.7631 
       h0481  4 0.3425 0.6575 
       h0491  4 0.2014 0.7986 
       h0501  4 0.1182 0.8818 
       h0511  4 0.2001 0.7999 
       h0521  4 0.2107 0.7893 
       h0531  4 0.2753 0.7247 
       h0541  4 0.1950 0.8050 
       h0551  4 0.2559 0.7441 
       h0561  4 0.5441 0.4559 
       h0571  4 0.0686 0.9314 
       h0581  4 0.4038 0.5962 
       h0591  4 0.0682 0.9318 
       h0601  4 0.3094 0.6906 
       h0611  4 0.1280 0.8720 
       h0621  4 0.1272 0.8728 
       h0631  4 0.2536 0.7464 
       h0641  4 0.1985 0.8015 
       h0651  4 0.4566 0.5434 
       h0661  4 0.2047 0.7953 
       h0671  4 0.0729 0.9271 
       h0681  4 0.3517 0.6483 
       h0691  4 0.0938 0.9062 
       h0701  4 0.3298 0.6702 
       h0711  4 0.2180 0.7820 
       h0721  4 0.1821 0.8179 
       h0731  4 0.3545 0.6455 
       h0741  4 0.3421 0.6579 
       h0751  4 0.0811 0.9189 
       h0761  4 0.2937 0.7063 
       h0771  4 0.2662 0.7338 
       h0781  4 0.1005 0.8995 
       h0791  4 0.3007 0.6993 
       h0801  4 0.0391 0.9609 
       h0811  4 0.3387 0.6613 
       h0821  4 0.2466 0.7534 
       h0831  4 0.1212 0.8788 
       h0841  4 0.0213 0.9787 
       h0851  4 0.2375 0.7625 
       h0861  4 0.1728 0.8272 
       h0871  4 0.3266 0.6734 
       h0881  4 0.2164 0.7836 
       h0891  4 0.2290 0.7710 
       h0901  4 0.1020 0.8980 
       h0911  4 0.1659 0.8341 
       h0921  4 0.2905 0.7095 
       h0931  4 0.2955 0.7045 
       h0941  4 0.0497 0.9503 
       h0951  4 0.3280 0.6720 
       h0961  4 0.2142 0.7858 
       h0971  4 0.3599 0.6401 
       h0981  4 0.2023 0.7977 
       h0991  4 0.1628 0.8372 
       h1001  4 0.2257 0.7743 
       h0012  5 0.4880 0.5120 
       h0022  5 0.5115 0.4885 
       h0032  5 0.4386 0.5614 
       h0042  5 0.3062 0.6938 
       h0052  5 0.3902 0.6098 
       h0062  5 0.4037 0.5963 
       h0072  5 0.4427 0.5573 
       h0082  5 0.5474 0.4526 
       h0092  5 0.5524 0.4476 
       h0102  5 0.4939 0.5061 
       h0112  5 0.4456 0.5544 
       h0122  5 0.5916 0.4084 
       h0132  5 0.3888 0.6112 
       h0142  5 0.4363 0.5637 
       h0152  5 0.5551 0.4449 
       h0162  5 0.6277 0.3723 
       h0172  5 0.5656 0.4344 
       h0182  5 0.5642 0.4358 
       h0192  5 0.6519 0.3481 
       h0202  5 0.3461 0.6539 
       h0212  5 0.5852 0.4148 
       h0222  5 0.3434 0.6566 
       h0232  5 0.4731 0.5269 
       h0242  5 0.5162 0.4838 
       h0252  5 0.5294 0.4706 
       h0262  5 0.6628 0.3372 
       h0272  5 0.5265 0.4735 
       h0282  5 0.5426 0.4574 
       h0292  5 0.4341 0.5659 
       h0302  5 0.4247 0.5753 
       h0312  5 0.5708 0.4292 
       h0322  5 0.6032 0.3968 
       h0332  5 0.3460 0.6540 
       h0342  5 0.4531 0.5469 
       h0352  5 0.4767 0.5233 
       h0362  5 0.5438 0.4562 
       h0372  5 0.6137 0.3863 
       h0382  5 0.5756 0.4244 
       h0392  5 0.3356 0.6644 
       h0402  5 0.4864 0.5136 
       h0412  5 0.6020 0.3980 
       h0422  5 0.5889 0.4111 
       h0432  5 0.4671 0.5329 
       h0442  5 0.4133 0.5867 
       h0452  5 0.5588 0.4412 
       h0462  5 0.4958 0.5042 
       h0472  5 0.4894 0.5106 
       h0482  5 0.3867 0.6133 
       h0492  5 0.6179 0.3821 
       h0502  5 0.3994 0.6006 
       h0512  5 0.5761 0.4239 
       h0522  5 0.4771 0.5229 
       h0532  5 0.4878 0.5122 
       h0542  5 0.4110 0.5890 
       h0552  5 0.5045 0.4955 
       h0562  5 0.4647 0.5353 
       h0572  5 0.4740 0.5260 
       h0582  5 0.4059 0.5941 
       h0592  5 0.4470 0.5530 
       h0602  5 0.5385 0.4615 
       h0612  5 0.4498 0.5502 
       h0622  5 0.4125 0.5875 
       h0632  5 0.4841 0.5159 
       h0642  5 0.3787 0.6213 
       h0652  5 0.4611 0.5389 
       h0662  5 0.5796 0.4204 
       h0672  5 0.4726 0.5274 
       h0682  5 0.3928 0.6072 
       h0692  5 0.4932 0.5068 
       h0702  5 0.3900 0.6100 
       h0712  5 0.4708 0.5292 
       h0722  5 0.5221 0.4779 
       h0732  5 0.4613 0.5387 
       h0742  5 0.5215 0.4785 
       h0752  5 0.5150 0.4850 
       h0762  5 0.4237 0.5763 
       h0772  5 0.5195 0.4805 
       h0782  5 0.6784 0.3216 
       h0792  5 0.3497 0.6503 
       h0802  5 0.3886 0.6114 
       h0812  5 0.5040 0.4960 
       h0822  5 0.4607 0.5393 
       h0832  5 0.4815 0.5185 
       h0842  5 0.4922 0.5078 
       h0852  5 0.5734 0.4266 
       h0862  5 0.4822 0.5178 
       h0872  5 0.4622 0.5378 
       h0882  5 0.5715 0.4285 
       h0892  5 0.5008 0.4992 
       h0902  5 0.4761 0.5239 
       h0912  5 0.5182 0.4818 
       h0922  5 0.4562 0.5438 
       h0932  5 0.4690 0.5310 
       h0942  5 0.4639 0.5361 
       h0952  5 0.5213 0.4787 
       h0962  5 0.4554 0.5446 
       h0972  5 0.5444 0.4556 
       h0982  5 0.4688 0.5312 
       h0992  5 0.4366 0.5634 
       h1002  5 0.3780 0.6220 
       h0013  6 0.7079 0.2921 
       h0023  6 0.8131 0.1869 
       h0033  6 0.6188 0.3812 
       h0043  6 0.6914 0.3086 
       h0053  6 0.8993 0.1007 
       h0063  6 0.7199 0.2801 
       h0073  6 0.7556 0.2444 
       h0083  6 0.7305 0.2695 
       h0093  6 0.7659 0.2341 
       h0103  6 0.7210 0.2790 
       h0113  6 0.8899 0.1101 
       h0123  6 0.6411 0.3589 
       h0133  6 0.6970 0.3030 
       h0143  6 0.7969 0.2031 
       h0153  6 0.7899 0.2101 
       h0163  6 0.7748 0.2252 
       h0173  6 0.8401 0.1599 
       h0183  6 0.6700 0.3300 
       h0193  6 0.7761 0.2239 
       h0203  6 0.9060 0.0940 
       h0213  6 0.8919 0.1081 
       h0223  6 0.7637 0.2363 
       h0233  6 0.6920 0.3080 
       h0243  6 0.8241 0.1759 
       h0253  6 0.7975 0.2025 
       h0263  6 0.5431 0.4569 
       h0273  6 0.8271 0.1729 
       h0283  6 0.6999 0.3001 
       h0293  6 0.7237 0.2763 
       h0303  6 0.6850 0.3150 
       h0313  6 0.7681 0.2319 
       h0323  6 0.5550 0.4450 
       h0333  6 0.8641 0.1359 
       h0343  6 0.7067 0.2933 
       h0353  6 0.8764 0.1236 
       h0363  6 0.6559 0.3441 
       h0373  6 0.8330 0.1670 
       h0383  6 0.9332 0.0668 
       h0393  6 0.7464 0.2536 
       h0403  6 0.7865 0.2135 
       h0413  6 0.4888 0.5112 
       h0423  6 0.5639 0.4361 
       h0433  6 0.5904 0.4096 
       h0443  6 0.8023 0.1977 
       h0453  6 0.4965 0.5035 
       h0463  6 0.6579 0.3421 
       h0473  6 0.8488 0.1512 
       h0483  6 0.8458 0.1542 
       h0493  6 0.7535 0.2465 
       h0503  6 0.8483 0.1517 
       h0513  6 0.7639 0.2361 
       h0523  6 0.7547 0.2453 
       h0533  6 0.7233 0.2767 
       h0543  6 0.5721 0.4279 
       h0553  6 0.8638 0.1362 
       h0563  6 0.7959 0.2041 
       h0573  6 0.6452 0.3548 
       h0583  6 0.6947 0.3053 
       h0593  6 0.8890 0.1110 
       h0603  6 0.7796 0.2204 
       h0613  6 0.7305 0.2695 
       h0623  6 0.7333 0.2667 
       h0633  6 0.7772 0.2228 
       h0643  6 0.6449 0.3551 
       h0653  6 0.7039 0.2961 
       h0663  6 0.6796 0.3204 
       h0673  6 0.7360 0.2640 
       h0683  6 0.7495 0.2505 
       h0693  6 0.8806 0.1194 
       h0703  6 0.9595 0.0405 
       h0713  6 0.7183 0.2817 
       h0723  6 0.7870 0.2130 
       h0733  6 0.8182 0.1818 
       h0743  6 0.6603 0.3397 
       h0753  6 0.4787 0.5213 
       h0763  6 0.8657 0.1343 
       h0773  6 0.7503 0.2497 
       h0783  6 0.7326 0.2674 
       h0793  6 0.7407 0.2593 
       h0803  6 0.9295 0.0705 
       h0813  6 0.6524 0.3476 
       h0823  6 0.7033 0.2967 
       h0833  6 0.6285 0.3715 
       h0843  6 0.7703 0.2297 
       h0853  6 0.5427 0.4573 
       h0863  6 0.7970 0.2030 
       h0873  6 0.7111 0.2889 
       h0883  6 0.7255 0.2745 
       h0893  6 0.7213 0.2787 
       h0903  6 0.8088 0.1912 
       h0913  6 0.8196 0.1804 
       h0923  6 0.7740 0.2260 
       h0933  6 0.7630 0.2370 
       h0943  6 0.6636 0.3364 
       h0953  6 0.8348 0.1652 
       h0963  6 0.7204 0.2796 
       h0973  6 0.6765 0.3235 
       h0983  6 0.7333 0.2667 
       h0993  6 0.6811 0.3189 
       h1003  6 0.6746 0.3254 
       h0014  7 0.7475 0.2525 
       h0024  7 0.9710 0.0290 
       h0034  7 0.8569 0.1431 
       h0044  7 0.7985 0.2015 
       h0054  7 0.9287 0.0713 
       h0064  7 0.7259 0.2741 
       h0074  7 0.9904 0.0096 
       h0084  7 0.8379 0.1621 
       h0094  7 0.7683 0.2317 
       h0104  7 0.8525 0.1475 
       h0114  7 0.9190 0.0810 
       h0124  7 0.9500 0.0500 
       h0134  7 0.9222 0.0778 
       h0144  7 0.9719 0.0281 
       h0154  7 0.8130 0.1870 
       h0164  7 0.9214 0.0786 
       h0174  7 0.8476 0.1524 
       h0184  7 0.8344 0.1656 
       h0194  7 0.8476 0.1524 
       h0204  7 0.9627 0.0373 
       h0214  7 0.8903 0.1097 
       h0224  7 0.9395 0.0605 
       h0234  7 0.7708 0.2292 
       h0244  7 0.8706 0.1294 
       h0254  7 0.8582 0.1418 
       h0264  7 0.8775 0.1225 
       h0274  7 0.8974 0.1026 
       h0284  7 0.8182 0.1818 
       h0294  7 0.7726 0.2274 
       h0304  7 0.8655 0.1345 
       h0314  7 0.8140 0.1860 
       h0324  7 0.7050 0.2950 
       h0334  7 0.9888 0.0112 
       h0344  7 0.8731 0.1269 
       h0354  7 0.8320 0.1680 
       h0364  7 0.8776 0.1224 
       h0374  7 0.7632 0.2368 
       h0384  7 0.7611 0.2389 
       h0394  7 0.8464 0.1536 
       h0404  7 0.7252 0.2748 
       h0414  7 0.8073 0.1927 
       h0424  7 0.9352 0.0648 
       h0434  7 0.9078 0.0922 
       h0444  7 0.7021 0.2979 
       h0454  7 0.7502 0.2498 
       h0464  7 0.8863 0.1137 
       h0474  7 0.8490 0.1510 
       h0484  7 0.9904 0.0096 
       h0494  7 0.9909 0.0091 
       h0504  7 0.8964 0.1036 
       h0514  7 0.7269 0.2731 
       h0524  7 0.9570 0.0430 
       h0534  7 0.9897 0.0103 
       h0544  7 0.8624 0.1376 
       h0554  7 0.8918 0.1082 
       h0564  7 0.8678 0.1322 
       h0574  7 0.8699 0.1301 
       h0584  7 0.9505 0.0495 
       h0594  7 0.8017 0.1983 
       h0604  7 0.9450 0.0550 
       h0614  7 0.8864 0.1136 
       h0624  7 0.8527 0.1473 
       h0634  7 0.9889 0.0111 
       h0644  7 0.9932 0.0068 
       h0654  7 0.8713 0.1287 
       h0664  7 0.9109 0.0891 
       h0674  7 0.9120 0.0880 
       h0684  7 0.9885 0.0115 
       h0694  7 0.8652 0.1348 
       h0704  7 0.8847 0.1153 
       h0714  7 0.8480 0.1520 
       h0724  7 0.7929 0.2071 
       h0734  7 0.9002 0.0998 
       h0744  7 0.8558 0.1442 
       h0754  7 0.8837 0.1163 
       h0764  7 0.8167 0.1833 
       h0774  7 0.9929 0.0071 
       h0784  7 0.9803 0.0197 
       h0794  7 0.8723 0.1277 
       h0804  7 0.9354 0.0646 
       h0814  7 0.7430 0.2570 
       h0824  7 0.9254 0.0746 
       h0834  7 0.7886 0.2114 
       h0844  7 0.9025 0.0975 
       h0854  7 0.9366 0.0634 
       h0864  7 0.8535 0.1465 
       h0874  7 0.8481 0.1519 
       h0884  7 0.9928 0.0072 
       h0894  7 0.8831 0.1169 
       h0904  7 0.7449 0.2551 
       h0914  7 0.8071 0.1929 
       h0924  7 0.7083 0.2917 
       h0934  7 0.9406 0.0594 
       h0944  7 0.9453 0.0547 
       h0954  7 0.7734 0.2266 
       h0964  7 0.8393 0.1607 
       h0974  7 0.8549 0.1451 
       h0984  7 0.8900 0.1100 
       h0994  7 0.8352 0.1648 
       h1004  7 0.7587 0.2413 
     CK.0PLA  8 0.9878 0.0122 
     CK.0PLC  8 0.9861 0.0139 
     CK.0PLE  8 0.9934 0.0066 
     CK.0PLF  8 0.9829 0.0171 
     CK.0PLH  8 0.9923 0.0077 
     CK.0PLJ  8 0.9910 0.0090 
     CK.0PLK  8 0.9945 0.0055 
     CK.0PLL  8 0.9906 0.0094 
     CK.0PLM  8 0.9920 0.0080 
     CK.0PLP  8 0.9916 0.0084 
     CK.0PLT  8 0.9949 0.0051 
     CK.0PLU  8 0.9930 0.0070 
     CK.0PLX  8 0.9888 0.0112 
     CK.0PLY  8 0.9950 0.0050 
     CK.0PM0  8 0.9935 0.0065 
     CK.0PM1  8 0.9942 0.0058 
     CK.0PM2  8 0.9920 0.0080 
     CK.0PM3  8 0.9909 0.0091 
     CK.0PM4  8 0.9898 0.0102 
     CK.0PM7  8 0.9937 0.0063 
     CK.0PM8  8 0.9948 0.0052 
     CK.0PMA  8 0.9899 0.0101 
       M2C06  8 0.9937 0.0063 
       M2C07  8 0.9952 0.0048 
       M2C08  8 0.9952 0.0048 
       M2C0A  8 0.9938 0.0062 
       M2C0C  8 0.9944 0.0056 
       M2C0E  8 0.9937 0.0063 
      h00111  9 0.9949 0.0051 
      h00211  9 0.9897 0.0103 
      h00311  9 0.9890 0.0110 
      h00411  9 0.9943 0.0057 
      h00511  9 0.9925 0.0075 
      h00611  9 0.9927 0.0073 
      h00711  9 0.9886 0.0114 
      h00811  9 0.9829 0.0171 
      h00911  9 0.9933 0.0067 
      h01011  9 0.9925 0.0075 
      h01111  9 0.9923 0.0077 
      h01211  9 0.9932 0.0068 
      h01311  9 0.9915 0.0085 
      h01411  9 0.9921 0.0079 
      h01511  9 0.9927 0.0073 
      h01611  9 0.9953 0.0047 
      h01711  9 0.9719 0.0281 
      h01811  9 0.9937 0.0063 
      h01911  9 0.9956 0.0044 
      h02011  9 0.9939 0.0061 
      h02111  9 0.9918 0.0082 
      h02211  9 0.9927 0.0073 
      h02311  9 0.9947 0.0053 
      h02411  9 0.9943 0.0057 
      h02511  9 0.9943 0.0057 
      h02611  9 0.9930 0.0070 
      h02711  9 0.9929 0.0071 
      h02811  9 0.9919 0.0081 
      h02911  9 0.9924 0.0076 
      h03011  9 0.9938 0.0062 
      h03111  9 0.9937 0.0063 
      h03211  9 0.9926 0.0074 
      h03311  9 0.9930 0.0070 
      h03411  9 0.9938 0.0062 
      h03511  9 0.9913 0.0087 
      h03611  9 0.9913 0.0087 
      h03711  9 0.9915 0.0085 
      h03811  9 0.9908 0.0092 
      h03911  9 0.9924 0.0076 
      h04011  9 0.9943 0.0057 
      h04111  9 0.9931 0.0069 
      h04211  9 0.9907 0.0093 
      h04311  9 0.9921 0.0079 
      h04411  9 0.9935 0.0065 
      h04511  9 0.9936 0.0064 
      h04611  9 0.9931 0.0069 
      h04711  9 0.9924 0.0076 
      h04811  9 0.9930 0.0070 
      h04911  9 0.9948 0.0052 
      h05011  9 0.9931 0.0069 
      h05111  9 0.9935 0.0065 
      h05211  9 0.9928 0.0072 
      h05311  9 0.9928 0.0072 
      h05411  9 0.9938 0.0062 
      h05511  9 0.9887 0.0113 
      h05611  9 0.9940 0.0060 
      h05711  9 0.9938 0.0062 
      h05811  9 0.9941 0.0059 
      h05911  9 0.9930 0.0070 
      h06011  9 0.9929 0.0071 
      h06111  9 0.9942 0.0058 
      h06211  9 0.9955 0.0045 
      h06311  9 0.9941 0.0059 
      h06411  9 0.9917 0.0083 
      h06511  9 0.9950 0.0050 
      h06611  9 0.9916 0.0084 
      h06711  9 0.9913 0.0087 
      h06811  9 0.9936 0.0064 
      h06911  9 0.9878 0.0122 
      h07011  9 0.9948 0.0052 
      h07111  9 0.9919 0.0081 
      h07211  9 0.9915 0.0085 
      h07311  9 0.9933 0.0067 
      h07411  9 0.9829 0.0171 
      h07511  9 0.9946 0.0054 
      h07611  9 0.9900 0.0100 
      h07711  9 0.9916 0.0084 
      h07811  9 0.9950 0.0050 
      h07911  9 0.9873 0.0127 
      h08011  9 0.9935 0.0065 
      h08111  9 0.9932 0.0068 
      h08211  9 0.9939 0.0061 
      h08311  9 0.9936 0.0064 
      h08411  9 0.9944 0.0056 
      h08511  9 0.9922 0.0078 
      h08611  9 0.9951 0.0049 
      h08711  9 0.9906 0.0094 
      h08811  9 0.9907 0.0093 
      h08911  9 0.9888 0.0112 
      h09011  9 0.9911 0.0089 
      h09111  9 0.9846 0.0154 
      h09211  9 0.9943 0.0057 
      h09311  9 0.9933 0.0067 
      h09411  9 0.9925 0.0075 
      h09511  9 0.9916 0.0084 
      h09611  9 0.9907 0.0093 
      h09711  9 0.9901 0.0099 
      h09811  9 0.9926 0.0074 
      h09911  9 0.9925 0.0075 
      h10011  9 0.9882 0.0118 
       h1011  9 0.9923 0.0077 
       h1021  9 0.9945 0.0055 
       h1031  9 0.9945 0.0055 
       h1041  9 0.9934 0.0066 
       h1051  9 0.9922 0.0078 
       h1061  9 0.9945 0.0055 
       h1071  9 0.9928 0.0072 
       h1081  9 0.9909 0.0091 
       h1091  9 0.9928 0.0072 
       h1101  9 0.9933 0.0067 
       h1111  9 0.9883 0.0117 
       h1121  9 0.9859 0.0141 
       h1131  9 0.9943 0.0057 
       h1141  9 0.9907 0.0093 
       h1151  9 0.9933 0.0067 
       h1161  9 0.9926 0.0074 
       h1171  9 0.9938 0.0062 
       h1181  9 0.9944 0.0056 
       h1191  9 0.9811 0.0189 
       h1201  9 0.9938 0.0062 
       h1211  9 0.9946 0.0054 
       h1221  9 0.9926 0.0074 
       h1231  9 0.9914 0.0086 
       h1241  9 0.9911 0.0089 
       h1251  9 0.9932 0.0068 
       h1261  9 0.9949 0.0051 
       h1271  9 0.9950 0.0050 
       h1281  9 0.9937 0.0063 
       h1291  9 0.9912 0.0088 
       h1301  9 0.9938 0.0062 
       h1311  9 0.9942 0.0058 
       h1321  9 0.9937 0.0063 
       h1331  9 0.9908 0.0092 
       h1341  9 0.9940 0.0060 
       h1351  9 0.9937 0.0063 
       h1361  9 0.9950 0.0050 
       h1371  9 0.9925 0.0075 
       h1381  9 0.9929 0.0071 
       h1391  9 0.9949 0.0051 
       h1401  9 0.9951 0.0049 
       h1411  9 0.9913 0.0087 
       h1421  9 0.9918 0.0082 
       h1431  9 0.9946 0.0054 
       h1441  9 0.9931 0.0069 
       h1451  9 0.9931 0.0069 
       h1461  9 0.9940 0.0060 
       h1471  9 0.9930 0.0070 
       h1481  9 0.9918 0.0082 
       h1491  9 0.9946 0.0054 
       h1501  9 0.9882 0.0118 
       h1511  9 0.9946 0.0054 
       h1521  9 0.9869 0.0131 
       h1531  9 0.9949 0.0051 
       h1541  9 0.9930 0.0070 
       h1551  9 0.9756 0.0244 
       h1561  9 0.9932 0.0068 
       h1571  9 0.9919 0.0081 
       h1581  9 0.9914 0.0086 
       h1591  9 0.9944 0.0056 
       h1601  9 0.9951 0.0049 
       h1611  9 0.9937 0.0063 
       h1621  9 0.9946 0.0054 
       h1631  9 0.9950 0.0050 
       h1641  9 0.9903 0.0097 
       h1651  9 0.9951 0.0049 
       h1661  9 0.9909 0.0091 
       h1671  9 0.9909 0.0091 
       h1681  9 0.9876 0.0124 
       h1691  9 0.9946 0.0054 
       h1701  9 0.9946 0.0054 
       h1711  9 0.9952 0.0048 
       h1721  9 0.9925 0.0075 
       h1731  9 0.9948 0.0052 
       h1741  9 0.9920 0.0080 
       h1751  9 0.9947 0.0053 
       h1761  9 0.9948 0.0052 
       h1771  9 0.9928 0.0072 
       h1781  9 0.9941 0.0059 
       h1791  9 0.9939 0.0061 
       h1801  9 0.9941 0.0059 
       h1811  9 0.9927 0.0073 
       h1821  9 0.9937 0.0063 
       h1831  9 0.9929 0.0071 
       h1841  9 0.9952 0.0048 
       h1851  9 0.9942 0.0058 
       h1861  9 0.9948 0.0052 
       h1871  9 0.9944 0.0056 
       h1881  9 0.9923 0.0077 
       h1891  9 0.9944 0.0056 
       h1901  9 0.9927 0.0073 
       h1911  9 0.9941 0.0059 
       h1921  9 0.9930 0.0070 
       h1931  9 0.9928 0.0072 
       h1941  9 0.9952 0.0048 
       h1951  9 0.9901 0.0099 
       h1961  9 0.9948 0.0052 
       h1971  9 0.9879 0.0121 
       h1981  9 0.9919 0.0081 
       h1991  9 0.9931 0.0069 
       h2001  9 0.9918 0.0082 
       h2011  9 0.9948 0.0052 
       h2021  9 0.9940 0.0060 
       h2031  9 0.9918 0.0082 
       h2041  9 0.9907 0.0093 
       h2051  9 0.9908 0.0092 
       h2061  9 0.9944 0.0056 
       h2071  9 0.9934 0.0066 
       h2081  9 0.9931 0.0069 
       h2091  9 0.9858 0.0142 
       h2101  9 0.9929 0.0071 
       h2111  9 0.9928 0.0072 
       h2121  9 0.9924 0.0076 
       h2131  9 0.9925 0.0075 
       h2141  9 0.9920 0.0080 
       h2151  9 0.9796 0.0204 
       h2161  9 0.9893 0.0107 
       h2171  9 0.9941 0.0059 
       h2181  9 0.9936 0.0064 
       h2191  9 0.9931 0.0069 
       h2201  9 0.9898 0.0102 
       h2211  9 0.9929 0.0071 
       h2221  9 0.9926 0.0074 
       h2231  9 0.9911 0.0089 
       h2241  9 0.9924 0.0076 
       h2251  9 0.9911 0.0089 
       h2261  9 0.9933 0.0067 
       h2271  9 0.9595 0.0405 
       h2281  9 0.9922 0.0078 
       h2291  9 0.9916 0.0084 
       h2301  9 0.9941 0.0059 
       h2311  9 0.9937 0.0063 
       h2321  9 0.9943 0.0057 
       h2331  9 0.9951 0.0049 
       h2341  9 0.9931 0.0069 
       h2351  9 0.9936 0.0064 
       h2361  9 0.9853 0.0147 
       h2371  9 0.9934 0.0066 
       h2381  9 0.9914 0.0086 
       h2391  9 0.9936 0.0064 
       h2401  9 0.9913 0.0087 
       h2411  9 0.9940 0.0060 
       h2421  9 0.9920 0.0080 
       h2431  9 0.9936 0.0064 
       h2441  9 0.9952 0.0048 
       h2451  9 0.9940 0.0060 
       h2461  9 0.9929 0.0071 
       h2471  9 0.9938 0.0062 
       h2481  9 0.9906 0.0094 
       h2491  9 0.9948 0.0052 
       h2501  9 0.9935 0.0065 
       h2511  9 0.9940 0.0060 
       h2521  9 0.9889 0.0111 
       h2531  9 0.9934 0.0066 
       h2541  9 0.9935 0.0065 
       h2551  9 0.9931 0.0069 
       h2561  9 0.9945 0.0055 
       h2571  9 0.9914 0.0086 
       h2581  9 0.9949 0.0051 
       h2591  9 0.9906 0.0094 
       h2601  9 0.9916 0.0084 
       h2611  9 0.9923 0.0077 
       h2621  9 0.9921 0.0079 
       h2631  9 0.9911 0.0089 
       h2641  9 0.9904 0.0096 
       h2651  9 0.9925 0.0075 
       h2661  9 0.9940 0.0060 
       h2671  9 0.9894 0.0106 
       h2681  9 0.9918 0.0082 
       h2691  9 0.9891 0.0109 
       h2701  9 0.9942 0.0058 
       h2711  9 0.9920 0.0080 
       h2721  9 0.9949 0.0051 
       h2731  9 0.9947 0.0053 
       h2741  9 0.9741 0.0259 
       h2751  9 0.9928 0.0072 
       h2761  9 0.9939 0.0061 
       h2771  9 0.9944 0.0056 
       h2781  9 0.9943 0.0057 
       h2791  9 0.9936 0.0064 
       h2801  9 0.9926 0.0074 
       h2811  9 0.9946 0.0054 
       h2821  9 0.9933 0.0067 
       h2831  9 0.9859 0.0141 
       h2841  9 0.9945 0.0055 
       h2851  9 0.9932 0.0068 
       h2861  9 0.9948 0.0052 
       h2871  9 0.9940 0.0060 
       h2881  9 0.9926 0.0074 
       h2891  9 0.9882 0.0118 
       h2901  9 0.9947 0.0053 
       h2911  9 0.9942 0.0058 
       h2921  9 0.9932 0.0068 
       h2931  9 0.9940 0.0060 
       h2941  9 0.9884 0.0116 
       h2951  9 0.9948 0.0052 
       h2961  9 0.9925 0.0075 
       h2971  9 0.9936 0.0064 
       h2981  9 0.9934 0.0066 
       h2991  9 0.9930 0.0070 
       h3001  9 0.9941 0.0059 
       h3011  9 0.9942 0.0058 
       h3021  9 0.9928 0.0072 
       h3031  9 0.9947 0.0053 
       h3041  9 0.9946 0.0054 
       h3051  9 0.9937 0.0063 
       h3061  9 0.9944 0.0056 
       h3071  9 0.9946 0.0054 
       h3081  9 0.9933 0.0067 
       h3091  9 0.9950 0.0050 
       h3101  9 0.9888 0.0112 
       h3111  9 0.9945 0.0055 
       h3121  9 0.9930 0.0070 
       h3131  9 0.9939 0.0061 
       h3141  9 0.9906 0.0094 
       h3151  9 0.9936 0.0064 
       h3161  9 0.9944 0.0056 
       h3171  9 0.9953 0.0047 
       h3181  9 0.9937 0.0063 
       h3191  9 0.9915 0.0085 
       h3201  9 0.9916 0.0084 
       h3211  9 0.9939 0.0061 
       h3221  9 0.9905 0.0095 
       h3231  9 0.9938 0.0062 
       h3241  9 0.9920 0.0080 
       h3251  9 0.9841 0.0159 
       h3261  9 0.9945 0.0055 
       h3271  9 0.9868 0.0132 
       h3281  9 0.9946 0.0054 
       h3291  9 0.9861 0.0139 
       h3301  9 0.9936 0.0064 
       h3311  9 0.9910 0.0090 
       h3321  9 0.9941 0.0059 
       h3331  9 0.9934 0.0066 
       h3341  9 0.9907 0.0093 
       h3351  9 0.9923 0.0077 
       h3361  9 0.9816 0.0184 
       h3371  9 0.9939 0.0061 
       h3381  9 0.9932 0.0068 
       h3391  9 0.9908 0.0092 
       h3401  9 0.9942 0.0058 
       h3411  9 0.9946 0.0054 
       h3421  9 0.9948 0.0052 
       h3431  9 0.9939 0.0061 
       h3441  9 0.9940 0.0060 
       h3451  9 0.9913 0.0087 
       h3461  9 0.9896 0.0104 
       h3471  9 0.9918 0.0082 
       h3481  9 0.9868 0.0132 
       h3491  9 0.9923 0.0077 
       h3501  9 0.9892 0.0108 
       h3511  9 0.9919 0.0081 
       h3521  9 0.9952 0.0048 
       h3531  9 0.9937 0.0063 
       h3541  9 0.9937 0.0063 
       h3551  9 0.9916 0.0084 
       h3561  9 0.9942 0.0058 
       h3571  9 0.9944 0.0056 
       h3581  9 0.9943 0.0057 
       h3591  9 0.9917 0.0083 
       h3601  9 0.9903 0.0097 
       h3611  9 0.9949 0.0051 
       h3621  9 0.9834 0.0166 
       h3631  9 0.9941 0.0059 
       h3641  9 0.9947 0.0053 
       h3651  9 0.9948 0.0052 
       h3661  9 0.9872 0.0128 
       h3671  9 0.9913 0.0087 
       h3681  9 0.9946 0.0054 
       h3691  9 0.9934 0.0066 
       h3701  9 0.9930 0.0070 
       h3711  9 0.9911 0.0089 
       h3721  9 0.9919 0.0081 
       h3731  9 0.9947 0.0053 
       h3741  9 0.9926 0.0074 
       h3751  9 0.9907 0.0093 
       h3761  9 0.9948 0.0052 
       h3771  9 0.9875 0.0125 
       h3781  9 0.9892 0.0108 
       h3791  9 0.9917 0.0083 
       h3801  9 0.9927 0.0073 
       h3811  9 0.9902 0.0098 
       h3821  9 0.9937 0.0063 
       h3831  9 0.9892 0.0108 
       h3841  9 0.9945 0.0055 
       h3851  9 0.9910 0.0090 
       h3861  9 0.9945 0.0055 
       h3871  9 0.9947 0.0053 
       h3881  9 0.9937 0.0063 
       h3891  9 0.9943 0.0057 
       h3901  9 0.9951 0.0049 
       h3911  9 0.9792 0.0208 
       h3921  9 0.9930 0.0070 
       h3931  9 0.9899 0.0101 
       h3941  9 0.9935 0.0065 
       h3951  9 0.9932 0.0068 
       h3961  9 0.9865 0.0135 
       h3971  9 0.9942 0.0058 
       h3981  9 0.9927 0.0073 
       h3991  9 0.9921 0.0079 
       h4001  9 0.9915 0.0085 
        h401  9 0.9944 0.0056 
        h402  9 0.9950 0.0050 
        h403  9 0.9949 0.0051 
        h404  9 0.9925 0.0075 
        h405  9 0.9928 0.0072 
        h406  9 0.9929 0.0071 
        h407  9 0.9953 0.0047 
        h408  9 0.9945 0.0055 
        h409  9 0.9879 0.0121 
        h410  9 0.9945 0.0055 
        h411  9 0.9927 0.0073 
        h412  9 0.9934 0.0066 
        h413  9 0.9940 0.0060 
        h414  9 0.9930 0.0070 
        h415  9 0.9867 0.0133 
        h416  9 0.9934 0.0066 
        h417  9 0.9934 0.0066 
        h418  9 0.9928 0.0072 
        h419  9 0.9929 0.0071 
        h420  9 0.9938 0.0062 
        h421  9 0.9919 0.0081 
        h422  9 0.9942 0.0058 
        h423  9 0.9949 0.0051 
        h424  9 0.9911 0.0089 
        h425  9 0.9924 0.0076 
        h426  9 0.9945 0.0055 
        h427  9 0.9920 0.0080 
        h428  9 0.9925 0.0075 
        h429  9 0.9948 0.0052 
        h430  9 0.9934 0.0066 
        h431  9 0.9897 0.0103 
        h432  9 0.9909 0.0091 
        h433  9 0.9928 0.0072 
        h434  9 0.9940 0.0060 
        h435  9 0.9921 0.0079 
        h436  9 0.9871 0.0129 
        h437  9 0.9760 0.0240 
        h438  9 0.9933 0.0067 
        h439  9 0.9937 0.0063 
        h440  9 0.9955 0.0045 
        h441  9 0.9930 0.0070 
        h442  9 0.9937 0.0063 
        h443  9 0.9947 0.0053 
        h444  9 0.9799 0.0201 
        h445  9 0.9853 0.0147 
        h446  9 0.9947 0.0053 
        h447  9 0.9920 0.0080 
        h448  9 0.9943 0.0057 
        h449  9 0.9938 0.0062 
        h450  9 0.9904 0.0096 
        h451  9 0.9923 0.0077 
        h452  9 0.9945 0.0055 
        h453  9 0.9916 0.0084 
        h454  9 0.9940 0.0060 
        h455  9 0.9902 0.0098 
        h456  9 0.9936 0.0064 
        h457  9 0.9923 0.0077 
        h458  9 0.9941 0.0059 
        h459  9 0.9873 0.0127 
        h460  9 0.9944 0.0056 
        h461  9 0.9948 0.0052 
        h462  9 0.9932 0.0068 
        h463  9 0.9935 0.0065 
        h464  9 0.9937 0.0063 
        h465  9 0.9934 0.0066 
        h466  9 0.9943 0.0057 
        h467  9 0.9931 0.0069 
        h468  9 0.9919 0.0081 
        h469  9 0.9906 0.0094 
        h470  9 0.9938 0.0062 
        h471  9 0.9946 0.0054 
        h472  9 0.9950 0.0050 
