       M1EL5  1 0.9899 0.0032 0.0021 0.0048 
       W26T6  1 0.9815 0.0071 0.0091 0.0023 
       W26XX  1 0.9933 0.0024 0.0018 0.0024 
       M013P  1 0.9922 0.0019 0.0026 0.0034 
       M1ELA  1 0.9444 0.0455 0.0056 0.0044 
       M2C73  1 0.9915 0.0032 0.0024 0.0029 
       W23P4  1 0.9784 0.0145 0.0056 0.0015 
       W247C  1 0.9934 0.0018 0.0022 0.0026 
       W24K1  1 0.9951 0.0014 0.0017 0.0018 
       W24ME  1 0.9897 0.0046 0.0041 0.0016 
       W2514  1 0.9930 0.0032 0.0022 0.0016 
       W26MA  1 0.9856 0.0045 0.0075 0.0024 
       W26MM  1 0.9929 0.0016 0.0041 0.0014 
       W26MU  1 0.9914 0.0022 0.0021 0.0044 
       W26P0  1 0.9939 0.0023 0.0019 0.0019 
       W26P3  1 0.9932 0.0019 0.0016 0.0032 
       W26T5  1 0.9958 0.0016 0.0014 0.0012 
       W26TE  1 0.9848 0.0090 0.0037 0.0026 
       W26TF  1 0.9812 0.0025 0.0130 0.0033 
       W26U8  1 0.9724 0.0155 0.0073 0.0048 
       W26UJ  1 0.9946 0.0014 0.0024 0.0016 
       W26UK  1 0.9936 0.0015 0.0013 0.0037 
       W26UT  1 0.9932 0.0019 0.0015 0.0033 
       W26XT  1 0.9846 0.0029 0.0045 0.0080 
      CC06H2  1 0.9850 0.0048 0.0077 0.0026 
      CC06H4  1 0.9885 0.0022 0.0062 0.0031 
      CC06H5  1 0.9835 0.0099 0.0041 0.0024 
      CC06H6  1 0.9894 0.0052 0.0012 0.0042 
      CC06HE  1 0.9931 0.0020 0.0018 0.0031 
      CC06HF  1 0.9548 0.0155 0.0110 0.0187 
      CC06HH  1 0.9932 0.0026 0.0017 0.0025 
      CC06HJ  1 0.9912 0.0036 0.0031 0.0021 
      CC06HL  1 0.9947 0.0017 0.0018 0.0017 
      CC06HP  1 0.9929 0.0019 0.0014 0.0038 
      CC06HT  1 0.9437 0.0484 0.0040 0.0039 
      CC06HU  1 0.9738 0.0152 0.0063 0.0046 
      CC06HY  1 0.9853 0.0069 0.0052 0.0026 
      CC06J0  1 0.9907 0.0023 0.0052 0.0017 
      CC06J1  1 0.9858 0.0059 0.0061 0.0021 
      CC06J2  1 0.9897 0.0031 0.0030 0.0041 
     CT.0YCY  1 0.9920 0.0033 0.0025 0.0022 
     CT.0YEC  1 0.9949 0.0014 0.0016 0.0021 
     CT.0YEF  1 0.9932 0.0026 0.0017 0.0025 
     CT.0YEU  1 0.9962 0.0014 0.0012 0.0012 
     CT.0YF2  1 0.9914 0.0029 0.0036 0.0021 
     CT.0YF8  1 0.9929 0.0020 0.0010 0.0041 
     CT.0YFA  1 0.9896 0.0040 0.0013 0.0051 
     CT.0YFE  1 0.9885 0.0036 0.0018 0.0061 
     CT.0YFP  1 0.9910 0.0021 0.0053 0.0016 
     CT.0YFU  1 0.9918 0.0026 0.0019 0.0037 
     CT.0YK7  1 0.9916 0.0023 0.0043 0.0019 
     CX.10PT  1 0.9690 0.0067 0.0184 0.0059 
      DAM021  1 0.9868 0.0042 0.0021 0.0068 
      DAM034  1 0.9934 0.0030 0.0013 0.0023 
      DAM07X  1 0.9936 0.0026 0.0018 0.0021 
     EF.15J6  1 0.9930 0.0022 0.0018 0.0030 
      HRV010  1 0.9906 0.0032 0.0041 0.0022 
      HRV02J  1 0.9902 0.0034 0.0025 0.0039 
      HRV078  1 0.9904 0.0025 0.0028 0.0043 
      HRV0FH  1 0.9953 0.0016 0.0016 0.0015 
      HRV0H5  1 0.9902 0.0034 0.0023 0.0041 
      HRV0JF  1 0.9913 0.0049 0.0019 0.0020 
      HRV0JJ  1 0.9929 0.0034 0.0020 0.0017 
      HRV0JM  1 0.9936 0.0026 0.0015 0.0023 
      HRV0K6  1 0.9725 0.0090 0.0170 0.0016 
      HRV0K7  1 0.9911 0.0040 0.0017 0.0032 
      HRV0KP  1 0.9781 0.0040 0.0098 0.0080 
      HRV1AX  1 0.9757 0.0075 0.0027 0.0140 
      HRV1C4  1 0.9934 0.0038 0.0015 0.0013 
      HRV1CH  1 0.9922 0.0024 0.0021 0.0033 
      HRV1FA  1 0.9852 0.0073 0.0027 0.0048 
      HRV1FK  1 0.9905 0.0028 0.0052 0.0016 
      HRV1H8  1 0.9917 0.0040 0.0017 0.0026 
      HRV1HT  1 0.9873 0.0045 0.0042 0.0039 
      HRV1XU  1 0.9847 0.0027 0.0104 0.0022 
      HRV4TF  1 0.7990 0.0024 0.0022 0.1963 
      HRV6F0  1 0.9790 0.0021 0.0027 0.0162 
      HRVE6L  1 0.9707 0.0037 0.0051 0.0205 
       M27HM  1 0.9908 0.0033 0.0017 0.0042 
       M27HP  1 0.9946 0.0016 0.0016 0.0022 
       M2AK4  1 0.9945 0.0016 0.0019 0.0021 
       M2ALA  1 0.9955 0.0015 0.0017 0.0013 
       M2C56  1 0.9778 0.0028 0.0020 0.0174 
       M2CUX  1 0.9914 0.0033 0.0039 0.0015 
       M2E24  1 0.9951 0.0020 0.0016 0.0013 
       M2EA7  1 0.9936 0.0020 0.0024 0.0020 
       M2EH6  1 0.9939 0.0021 0.0018 0.0022 
       M2EKC  1 0.8427 0.0092 0.0048 0.1433 
      MSV083  1 0.9697 0.0044 0.0184 0.0075 
      MSV084  1 0.9852 0.0068 0.0019 0.0061 
      MSV0LJ  1 0.9900 0.0032 0.0025 0.0044 
      MSV1H5  1 0.9899 0.0055 0.0020 0.0026 
      MSV1KM  1 0.9940 0.0018 0.0017 0.0025 
      MSV23F  1 0.9727 0.0032 0.0099 0.0142 
      MSV2L8  1 0.9926 0.0018 0.0025 0.0030 
      MSV2P7  1 0.9950 0.0016 0.0021 0.0013 
      MSV2TJ  1 0.9899 0.0024 0.0013 0.0064 
      MSV2XM  1 0.9891 0.0044 0.0040 0.0025 
      MSV327  1 0.9934 0.0023 0.0026 0.0017 
      MSV33L  1 0.9955 0.0015 0.0013 0.0017 
        h001  2 0.9920 0.0019 0.0039 0.0022 
        h002  2 0.9401 0.0548 0.0020 0.0032 
        h003  2 0.9901 0.0021 0.0022 0.0055 
        h004  2 0.9874 0.0052 0.0045 0.0029 
        h005  2 0.9938 0.0021 0.0013 0.0029 
        h006  2 0.9699 0.0054 0.0058 0.0189 
        h007  2 0.9952 0.0016 0.0015 0.0017 
        h008  2 0.9893 0.0043 0.0029 0.0035 
        h009  2 0.9938 0.0023 0.0021 0.0018 
        h010  2 0.9867 0.0024 0.0013 0.0096 
        h011  2 0.9943 0.0022 0.0020 0.0015 
        h012  2 0.9717 0.0196 0.0064 0.0024 
        h013  2 0.9933 0.0020 0.0026 0.0021 
        h014  2 0.9919 0.0031 0.0034 0.0016 
        h015  2 0.9919 0.0029 0.0012 0.0039 
        h016  2 0.9921 0.0020 0.0022 0.0037 
        h017  2 0.9956 0.0016 0.0015 0.0013 
        h018  2 0.9932 0.0020 0.0034 0.0014 
        h019  2 0.9942 0.0018 0.0023 0.0017 
        h020  2 0.9869 0.0031 0.0044 0.0055 
        h021  2 0.9928 0.0023 0.0025 0.0023 
        h022  2 0.9838 0.0099 0.0031 0.0031 
        h023  2 0.9915 0.0023 0.0028 0.0034 
        h024  2 0.9808 0.0025 0.0146 0.0021 
        h025  2 0.9841 0.0040 0.0028 0.0090 
        h026  2 0.9856 0.0027 0.0017 0.0101 
        h027  2 0.9926 0.0027 0.0023 0.0025 
        h028  2 0.9870 0.0037 0.0067 0.0026 
        h029  2 0.9932 0.0026 0.0026 0.0016 
        h030  2 0.9921 0.0025 0.0024 0.0030 
        h031  2 0.9946 0.0019 0.0021 0.0014 
        h032  2 0.9928 0.0039 0.0014 0.0019 
        h033  2 0.9903 0.0035 0.0020 0.0043 
        h034  2 0.9857 0.0061 0.0021 0.0061 
        h035  2 0.9835 0.0051 0.0016 0.0098 
        h036  2 0.9151 0.0750 0.0060 0.0039 
        h037  2 0.9867 0.0024 0.0019 0.0089 
        h038  2 0.9869 0.0039 0.0079 0.0014 
        h039  2 0.9920 0.0023 0.0030 0.0026 
        h040  2 0.9584 0.0099 0.0266 0.0051 
        h041  2 0.9931 0.0026 0.0022 0.0022 
        h042  2 0.9931 0.0023 0.0019 0.0027 
        h043  2 0.9928 0.0019 0.0014 0.0039 
        h044  2 0.9846 0.0082 0.0038 0.0034 
        h045  2 0.9903 0.0029 0.0036 0.0033 
        h046  2 0.9953 0.0015 0.0016 0.0017 
        h047  2 0.9917 0.0026 0.0013 0.0044 
        h048  2 0.9917 0.0044 0.0018 0.0021 
        h049  2 0.9949 0.0023 0.0016 0.0012 
        h050  2 0.9934 0.0018 0.0016 0.0033 
        h051  2 0.9935 0.0019 0.0027 0.0019 
        h052  2 0.9908 0.0062 0.0013 0.0016 
        h053  2 0.9744 0.0037 0.0052 0.0167 
        h054  2 0.9922 0.0025 0.0033 0.0021 
        h055  2 0.9935 0.0028 0.0019 0.0017 
        h056  2 0.9895 0.0019 0.0052 0.0034 
        h057  2 0.9791 0.0100 0.0042 0.0068 
        h058  2 0.8493 0.0493 0.0606 0.0409 
        h059  2 0.9902 0.0020 0.0038 0.0039 
        h060  2 0.9944 0.0015 0.0021 0.0020 
        h061  2 0.9944 0.0017 0.0016 0.0022 
        h062  2 0.9704 0.0267 0.0012 0.0017 
        h063  2 0.9934 0.0032 0.0020 0.0014 
        h064  2 0.9950 0.0018 0.0012 0.0020 
        h065  2 0.9751 0.0170 0.0013 0.0067 
        h066  2 0.9936 0.0020 0.0023 0.0021 
        h067  2 0.9857 0.0045 0.0055 0.0043 
        h068  2 0.9920 0.0026 0.0022 0.0032 
        h069  2 0.9923 0.0025 0.0039 0.0014 
        h070  2 0.9959 0.0011 0.0014 0.0016 
        h071  2 0.9940 0.0020 0.0022 0.0018 
        h072  2 0.9935 0.0021 0.0030 0.0014 
        h073  2 0.9964 0.0012 0.0010 0.0013 
        h074  2 0.9914 0.0041 0.0014 0.0031 
        h075  2 0.9910 0.0031 0.0045 0.0014 
        h076  2 0.9860 0.0046 0.0074 0.0020 
        h077  2 0.9956 0.0012 0.0011 0.0020 
        h078  2 0.9799 0.0166 0.0014 0.0020 
        h079  2 0.9947 0.0018 0.0022 0.0014 
        h080  2 0.9869 0.0071 0.0019 0.0041 
        h081  2 0.9963 0.0011 0.0012 0.0013 
        h082  2 0.9910 0.0022 0.0013 0.0055 
        h083  2 0.9950 0.0017 0.0019 0.0014 
        h084  2 0.9961 0.0013 0.0013 0.0014 
        h085  2 0.9899 0.0021 0.0061 0.0018 
        h086  2 0.7874 0.1843 0.0223 0.0060 
        h087  2 0.9944 0.0018 0.0022 0.0015 
        h088  2 0.9931 0.0022 0.0025 0.0022 
        h089  2 0.9918 0.0020 0.0046 0.0016 
        h090  2 0.9943 0.0019 0.0017 0.0021 
        h091  2 0.9922 0.0034 0.0022 0.0021 
        h092  2 0.9945 0.0019 0.0020 0.0016 
        h093  2 0.9920 0.0021 0.0018 0.0042 
        h094  2 0.9751 0.0059 0.0091 0.0099 
        h095  2 0.9653 0.0047 0.0129 0.0172 
        h096  2 0.9941 0.0019 0.0021 0.0020 
        h097  2 0.9908 0.0062 0.0013 0.0017 
        h098  2 0.9906 0.0027 0.0050 0.0016 
        h099  2 0.9363 0.0036 0.0113 0.0489 
        h100  2 0.9892 0.0035 0.0055 0.0018 
        h101  2 0.9863 0.0068 0.0052 0.0016 
        h102  2 0.9789 0.0051 0.0026 0.0134 
        h103  2 0.9947 0.0017 0.0012 0.0023 
        h104  2 0.9927 0.0027 0.0016 0.0030 
        h105  2 0.9932 0.0024 0.0024 0.0020 
        h106  2 0.9955 0.0016 0.0014 0.0015 
        h107  2 0.9899 0.0026 0.0028 0.0047 
        h108  2 0.9945 0.0021 0.0014 0.0021 
        h109  2 0.9933 0.0025 0.0016 0.0026 
        h110  2 0.9936 0.0026 0.0019 0.0019 
        h111  2 0.9632 0.0050 0.0275 0.0043 
        h112  2 0.9899 0.0015 0.0017 0.0069 
        h113  2 0.9936 0.0023 0.0017 0.0024 
        h114  2 0.9923 0.0018 0.0035 0.0024 
        h115  2 0.9952 0.0012 0.0011 0.0025 
        h116  2 0.9949 0.0021 0.0015 0.0014 
        h117  2 0.9886 0.0018 0.0037 0.0059 
        h118  2 0.9911 0.0028 0.0038 0.0024 
        h119  2 0.9920 0.0025 0.0015 0.0040 
        h120  2 0.9941 0.0019 0.0027 0.0013 
        h121  2 0.9756 0.0205 0.0014 0.0025 
        h122  2 0.9742 0.0064 0.0030 0.0164 
        h123  2 0.9898 0.0028 0.0053 0.0021 
        h124  2 0.9940 0.0018 0.0016 0.0027 
        h125  2 0.9903 0.0055 0.0017 0.0024 
        h126  2 0.9666 0.0061 0.0053 0.0220 
        h127  2 0.9905 0.0033 0.0022 0.0039 
        h128  2 0.9884 0.0055 0.0035 0.0026 
        h129  2 0.9915 0.0021 0.0037 0.0028 
        h130  2 0.9922 0.0021 0.0016 0.0041 
        h131  2 0.9935 0.0019 0.0029 0.0017 
        h132  2 0.9965 0.0011 0.0011 0.0013 
        h133  2 0.9625 0.0077 0.0098 0.0200 
        h134  2 0.9954 0.0014 0.0018 0.0015 
        h135  2 0.9929 0.0030 0.0019 0.0022 
        h136  2 0.9872 0.0022 0.0046 0.0061 
        h137  2 0.9940 0.0021 0.0021 0.0018 
        h138  2 0.9945 0.0024 0.0014 0.0017 
        h139  2 0.9918 0.0015 0.0013 0.0053 
        h140  2 0.9896 0.0044 0.0039 0.0020 
        h141  2 0.9904 0.0022 0.0019 0.0055 
        h142  2 0.9907 0.0025 0.0036 0.0032 
        h143  2 0.9956 0.0017 0.0011 0.0016 
        h144  2 0.9921 0.0020 0.0038 0.0021 
        h145  2 0.9947 0.0020 0.0016 0.0017 
        h146  2 0.9924 0.0022 0.0024 0.0030 
        h147  2 0.9885 0.0045 0.0017 0.0053 
        h148  2 0.9923 0.0028 0.0029 0.0020 
        h149  2 0.9960 0.0014 0.0014 0.0012 
        h150  2 0.9936 0.0020 0.0017 0.0027 
        h151  2 0.9927 0.0036 0.0020 0.0016 
        h152  2 0.9938 0.0015 0.0016 0.0031 
        h153  2 0.9882 0.0022 0.0013 0.0083 
        h154  2 0.9926 0.0037 0.0018 0.0018 
        h155  2 0.9931 0.0020 0.0032 0.0018 
        h156  2 0.9941 0.0023 0.0016 0.0020 
        h157  2 0.9673 0.0061 0.0032 0.0233 
        h158  2 0.9944 0.0022 0.0018 0.0016 
        h159  2 0.9926 0.0019 0.0020 0.0035 
        h160  2 0.9941 0.0018 0.0013 0.0027 
        h161  2 0.9957 0.0014 0.0014 0.0015 
        h162  2 0.9878 0.0074 0.0019 0.0029 
        h163  2 0.9783 0.0024 0.0135 0.0059 
        h164  2 0.9947 0.0020 0.0016 0.0017 
        h165  2 0.9935 0.0022 0.0031 0.0013 
        h166  2 0.9910 0.0042 0.0019 0.0028 
        h167  2 0.9934 0.0018 0.0019 0.0029 
        h168  2 0.9904 0.0050 0.0020 0.0027 
        h169  2 0.9941 0.0022 0.0011 0.0026 
        h170  2 0.9926 0.0030 0.0027 0.0017 
        h171  2 0.9936 0.0020 0.0031 0.0012 
        h172  2 0.9901 0.0059 0.0017 0.0023 
        h173  2 0.9822 0.0056 0.0070 0.0052 
        h174  2 0.9912 0.0032 0.0038 0.0017 
        h175  2 0.9877 0.0017 0.0018 0.0089 
        h176  2 0.9958 0.0015 0.0014 0.0013 
        h177  2 0.9937 0.0015 0.0018 0.0029 
        h178  2 0.9834 0.0054 0.0020 0.0092 
        h179  2 0.9858 0.0020 0.0019 0.0102 
        h180  2 0.9954 0.0016 0.0014 0.0016 
        h181  2 0.9933 0.0017 0.0019 0.0031 
        h182  2 0.9930 0.0021 0.0021 0.0028 
        h183  2 0.9918 0.0032 0.0033 0.0017 
        h184  2 0.9798 0.0031 0.0078 0.0094 
        h185  2 0.9811 0.0150 0.0013 0.0026 
        h186  2 0.9910 0.0023 0.0026 0.0041 
        h187  2 0.9856 0.0043 0.0032 0.0069 
        h188  2 0.9644 0.0038 0.0018 0.0299 
        h189  2 0.9896 0.0019 0.0065 0.0020 
        h190  2 0.9912 0.0033 0.0019 0.0036 
        h191  2 0.9939 0.0022 0.0022 0.0017 
        h192  2 0.9934 0.0024 0.0021 0.0021 
        h193  2 0.9888 0.0038 0.0043 0.0031 
        h194  2 0.9910 0.0023 0.0042 0.0026 
        h195  2 0.9959 0.0013 0.0017 0.0011 
        h196  2 0.9753 0.0018 0.0013 0.0215 
        h197  2 0.9918 0.0024 0.0036 0.0022 
        h198  2 0.9900 0.0038 0.0033 0.0029 
        h199  2 0.9928 0.0018 0.0024 0.0030 
        h200  2 0.9945 0.0014 0.0026 0.0015 
        h201  2 0.9767 0.0181 0.0026 0.0026 
        h202  2 0.9921 0.0022 0.0015 0.0042 
        h203  2 0.9796 0.0152 0.0017 0.0036 
        h204  2 0.9782 0.0068 0.0016 0.0135 
        h205  2 0.9875 0.0047 0.0031 0.0047 
        h206  2 0.9823 0.0092 0.0012 0.0073 
        h207  2 0.9831 0.0046 0.0084 0.0039 
        h208  2 0.9881 0.0030 0.0067 0.0023 
        h209  2 0.9940 0.0019 0.0021 0.0020 
        h210  2 0.9897 0.0036 0.0028 0.0040 
        h211  2 0.9640 0.0030 0.0014 0.0316 
        h212  2 0.9872 0.0066 0.0025 0.0037 
        h213  2 0.9917 0.0024 0.0013 0.0046 
        h214  2 0.9917 0.0029 0.0020 0.0033 
        h215  2 0.9856 0.0018 0.0112 0.0014 
        h216  2 0.9887 0.0032 0.0042 0.0038 
        h217  2 0.9923 0.0022 0.0021 0.0034 
        h218  2 0.9940 0.0018 0.0029 0.0012 
        h219  2 0.9945 0.0022 0.0016 0.0018 
        h220  2 0.9908 0.0031 0.0037 0.0025 
        h221  2 0.9809 0.0048 0.0074 0.0069 
        h222  2 0.9916 0.0025 0.0037 0.0022 
        h223  2 0.9910 0.0026 0.0019 0.0045 
        h224  2 0.9942 0.0016 0.0018 0.0024 
        h225  2 0.9911 0.0035 0.0033 0.0021 
        h226  2 0.9914 0.0029 0.0033 0.0024 
        h227  2 0.9865 0.0074 0.0012 0.0048 
        h228  2 0.9814 0.0022 0.0135 0.0030 
        h229  2 0.9959 0.0011 0.0015 0.0014 
        h230  2 0.9929 0.0028 0.0014 0.0030 
        h231  2 0.9928 0.0023 0.0018 0.0031 
        h232  2 0.9929 0.0024 0.0025 0.0022 
        h233  2 0.9927 0.0023 0.0023 0.0027 
        h234  2 0.9086 0.0470 0.0354 0.0090 
        h235  2 0.9914 0.0019 0.0023 0.0043 
        h236  2 0.9885 0.0020 0.0071 0.0024 
        h237  2 0.9867 0.0061 0.0037 0.0035 
        h238  2 0.9954 0.0015 0.0011 0.0020 
        h239  2 0.9938 0.0020 0.0021 0.0020 
        h240  2 0.9953 0.0016 0.0013 0.0019 
        h241  2 0.9928 0.0024 0.0017 0.0031 
        h242  2 0.9918 0.0023 0.0016 0.0043 
        h243  2 0.9923 0.0021 0.0018 0.0038 
        h244  2 0.9903 0.0028 0.0013 0.0056 
        h245  2 0.9898 0.0034 0.0014 0.0053 
        h246  2 0.9929 0.0025 0.0023 0.0023 
        h247  2 0.9833 0.0109 0.0018 0.0040 
        h248  2 0.9695 0.0119 0.0163 0.0023 
        h249  2 0.9930 0.0027 0.0021 0.0023 
        h250  2 0.9838 0.0065 0.0034 0.0063 
      MSV1TX  3 0.6366 0.3567 0.0042 0.0024 
      MSV025  3 0.2888 0.6972 0.0102 0.0038 
      MSV02C  3 0.5503 0.4170 0.0225 0.0101 
      MSV02E  3 0.4220 0.5679 0.0078 0.0023 
      MSV0TF  3 0.4046 0.5841 0.0102 0.0011 
       M2EL8  3 0.3533 0.6107 0.0296 0.0064 
      MSV21T  4 0.0150 0.9753 0.0035 0.0062 
       M2E71  4 0.1065 0.8881 0.0022 0.0033 
       W23CA  5 0.0112 0.9812 0.0039 0.0037 
     AP.085Y  5 0.0029 0.9743 0.0136 0.0093 
     CH.0LLY  5 0.3618 0.6176 0.0050 0.0155 
       M0LEC  5 0.0024 0.9932 0.0021 0.0023 
       M2C3H  5 0.1936 0.7918 0.0066 0.0081 
       M2CHL  5 0.4322 0.5456 0.0077 0.0146 
       W26P7  5 0.0962 0.8935 0.0024 0.0080 
     AP.07M5  5 0.0046 0.9632 0.0305 0.0017 
     AP.080U  5 0.0214 0.9712 0.0022 0.0053 
     AP.082A  5 0.0023 0.9884 0.0077 0.0016 
     AP.0843  5 0.0055 0.9786 0.0120 0.0039 
     AP.0844  5 0.0186 0.9685 0.0026 0.0103 
     AP.084X  5 0.0404 0.9536 0.0044 0.0016 
     AP.086Y  5 0.1782 0.8163 0.0032 0.0024 
     AP.0870  5 0.0281 0.9520 0.0024 0.0176 
     AP.0878  5 0.0949 0.8973 0.0027 0.0052 
     AP.087F  5 0.1967 0.7970 0.0025 0.0038 
     AP.087Y  5 0.4017 0.5870 0.0037 0.0076 
     AP.088P  5 0.0028 0.9889 0.0069 0.0014 
     AP.08AK  5 0.0177 0.8637 0.1171 0.0015 
     CH.0LLM  5 0.1555 0.8256 0.0055 0.0134 
     CH.0LLU  5 0.1982 0.7743 0.0042 0.0233 
     CH.0LM0  5 0.1056 0.8707 0.0174 0.0062 
     CH.0LM3  5 0.0398 0.9468 0.0117 0.0016 
       W26MY  5 0.0478 0.8983 0.0392 0.0146 
       W26P6  5 0.1452 0.8454 0.0077 0.0017 
      HRV07U  5 0.0101 0.9570 0.0031 0.0299 
      HRV1CT  5 0.0026 0.9883 0.0057 0.0035 
      HRV1CU  5 0.0017 0.9878 0.0070 0.0034 
      HRV1E6  5 0.0021 0.9898 0.0046 0.0036 
      HRV081  5 0.0018 0.9457 0.0511 0.0015 
      HRV1E3  5 0.0231 0.9685 0.0027 0.0057 
      MSV21E  5 0.0663 0.9162 0.0114 0.0061 
      MSV216  5 0.0027 0.9808 0.0085 0.0080 
       M0TYK  5 0.0740 0.9166 0.0064 0.0030 
      MSV2AA  5 0.1075 0.8855 0.0030 0.0039 
     CK.0PET  5 0.1416 0.8410 0.0069 0.0105 
       M2E8C  5 0.0028 0.9884 0.0047 0.0042 
      MSV23X  5 0.0710 0.9177 0.0072 0.0042 
      MSV32A  5 0.0143 0.9816 0.0020 0.0021 
     AP.0838  5 0.0152 0.9703 0.0015 0.0130 
     AP.088F  5 0.0160 0.9758 0.0020 0.0061 
      DAM2HL  6 0.0019 0.9932 0.0030 0.0019 
       M2ALK  6 0.0027 0.9911 0.0030 0.0032 
       M2E2J  6 0.0208 0.7627 0.2135 0.0031 
       M2E73  6 0.0021 0.9883 0.0062 0.0033 
       M2E74  6 0.0029 0.9633 0.0024 0.0315 
       M2EUJ  6 0.0019 0.9811 0.0022 0.0147 
      DAM1XK  6 0.0019 0.9937 0.0028 0.0016 
       M2057  6 0.0032 0.9913 0.0013 0.0042 
       M2271  6 0.0014 0.7727 0.2231 0.0028 
       M27YK  6 0.0118 0.9799 0.0015 0.0067 
       M2A1H  6 0.0016 0.4706 0.5250 0.0029 
       M2E0P  6 0.0021 0.9888 0.0071 0.0019 
       M2E75  6 0.0012 0.9929 0.0044 0.0015 
       M2E76  6 0.0029 0.9890 0.0022 0.0060 
      MSV0T5  6 0.0031 0.9766 0.0189 0.0013 
      MSV241  6 0.0037 0.9916 0.0029 0.0018 
      MSV2A0  6 0.0043 0.9827 0.0099 0.0030 
      MSV2A1  6 0.0014 0.9826 0.0140 0.0020 
      MSV2A8  6 0.0023 0.9920 0.0025 0.0032 
      DAM1P5  6 0.0014 0.9942 0.0025 0.0019 
       M1084  6 0.0017 0.9938 0.0020 0.0025 
      MSV2M4  6 0.0023 0.9894 0.0050 0.0033 
      MSV2T6  6 0.0038 0.8590 0.1352 0.0020 
       M1UM1  6 0.0028 0.9861 0.0064 0.0047 
       M2ECL  6 0.0030 0.9920 0.0016 0.0034 
       M2EJ0  6 0.0016 0.9946 0.0020 0.0019 
      MSV20J  6 0.0019 0.9899 0.0060 0.0022 
      MSV2TK  6 0.0025 0.9903 0.0016 0.0056 
      MSV2TX  6 0.0018 0.9929 0.0034 0.0019 
      MSV310  6 0.0052 0.9841 0.0086 0.0022 
      MSV33F  6 0.0042 0.9492 0.0443 0.0023 
      DAM35L  6 0.0020 0.9916 0.0046 0.0017 
       M2E4C  6 0.0022 0.9924 0.0027 0.0027 
       M2E4H  6 0.0029 0.9805 0.0141 0.0025 
       M2E65  6 0.0020 0.9937 0.0021 0.0022 
       M2EEJ  6 0.0031 0.9182 0.0749 0.0038 
       M2EEP  6 0.0032 0.9809 0.0131 0.0028 
      MSV1TU  6 0.0114 0.9812 0.0054 0.0019 
      MSV20M  6 0.0019 0.9908 0.0048 0.0025 
      MSV223  6 0.0037 0.9879 0.0061 0.0023 
      MSV22E  6 0.0031 0.9877 0.0056 0.0036 
      MSV23J  6 0.0047 0.9824 0.0094 0.0035 
      MSV2K6  6 0.0023 0.9821 0.0134 0.0022 
      DAM23U  6 0.0039 0.9850 0.0067 0.0045 
       M2E8A  6 0.0022 0.9731 0.0209 0.0038 
      MSV2L2  6 0.0030 0.9807 0.0132 0.0030 
       M1YMH  6 0.0060 0.9796 0.0115 0.0029 
       M2A84  6 0.0163 0.9743 0.0064 0.0029 
      MSV23M  6 0.0027 0.9883 0.0057 0.0032 
     AP.085T  6 0.0016 0.9911 0.0055 0.0017 
     AP.086J  6 0.0021 0.9913 0.0038 0.0028 
     AP.08C2  6 0.0036 0.9626 0.0312 0.0027 
     AP.08CF  6 0.0016 0.9885 0.0085 0.0014 
     AP.08CX  6 0.0015 0.9945 0.0024 0.0015 
     AP.08CY  6 0.0026 0.9658 0.0041 0.0275 
      DAM0JX  6 0.0021 0.9895 0.0065 0.0019 
      DAM0P4  6 0.0019 0.9840 0.0112 0.0029 
      DAM0UK  6 0.0025 0.9906 0.0042 0.0027 
       M2030  6 0.0016 0.8955 0.1007 0.0022 
      MSV24M  6 0.0024 0.9896 0.0064 0.0017 
       M20AM  6 0.0022 0.9930 0.0019 0.0029 
       M21YP  6 0.0015 0.0021 0.0016 0.9949 
       M2205  6 0.0012 0.9890 0.0080 0.0018 
       M2206  6 0.0012 0.9902 0.0062 0.0024 
      MSV267  6 0.0020 0.9931 0.0030 0.0019 
       M2757  6 0.0022 0.9918 0.0024 0.0036 
       M27TH  6 0.0021 0.9901 0.0013 0.0065 
      MSV2JA  6 0.0040 0.6387 0.3037 0.0536 
      MSV2KU  6 0.0027 0.9706 0.0245 0.0022 
      MSV2MF  6 0.0021 0.9870 0.0090 0.0019 
      MSV2TA  6 0.0015 0.9925 0.0029 0.0031 
      MSV2TE  6 0.0016 0.9920 0.0034 0.0029 
      MSV2TU  6 0.0026 0.9901 0.0057 0.0017 
      MSV2UT  6 0.0033 0.9830 0.0038 0.0099 
      MSV306  6 0.0016 0.9913 0.0042 0.0028 
      MSV311  6 0.0011 0.9940 0.0024 0.0026 
      MSV31M  6 0.0017 0.9910 0.0026 0.0046 
      MSV325  6 0.0032 0.9540 0.0407 0.0020 
      MSV32H  6 0.0046 0.9652 0.0264 0.0039 
     CX.112U  6 0.0026 0.9919 0.0024 0.0031 
      DAM2PC  6 0.0014 0.2188 0.7768 0.0031 
       M2E48  6 0.0021 0.9925 0.0030 0.0025 
       M2E7K  6 0.0022 0.9910 0.0033 0.0034 
       M2E80  6 0.0023 0.9903 0.0046 0.0028 
       M2EAM  6 0.0013 0.9924 0.0033 0.0030 
       M2EFF  6 0.0023 0.9920 0.0027 0.0030 
       M2EFY  6 0.0018 0.9906 0.0015 0.0061 
       M2EHM  6 0.0018 0.9832 0.0130 0.0020 
       M2EK0  6 0.0020 0.9862 0.0085 0.0034 
       M2EK1  6 0.0015 0.9882 0.0057 0.0046 
      MSV22F  6 0.0018 0.9872 0.0095 0.0014 
      MSV273  6 0.0028 0.9915 0.0024 0.0033 
      MSV0TL  6 0.0030 0.3405 0.6540 0.0025 
      MSV0TT  6 0.0024 0.9829 0.0120 0.0028 
      MSV12H  6 0.0024 0.9909 0.0051 0.0015 
      MSV1TH  6 0.0024 0.9475 0.0483 0.0019 
      MSV275  6 0.0039 0.9448 0.0444 0.0070 
      MSV286  6 0.0025 0.9927 0.0025 0.0023 
      MSV2H4  6 0.0016 0.9914 0.0035 0.0035 
      MSV2K8  6 0.0027 0.9826 0.0119 0.0028 
      MSV2PM  6 0.0014 0.9942 0.0025 0.0019 
      MSV2X3  6 0.0013 0.9925 0.0048 0.0014 
      MSV2X4  6 0.0032 0.9781 0.0157 0.0029 
      MSV30U  6 0.0014 0.9922 0.0043 0.0021 
     CX.111C  6 0.0016 0.9878 0.0092 0.0014 
     AP.07M2  7 0.0736 0.9203 0.0044 0.0016 
      HRV05C  7 0.0062 0.9813 0.0104 0.0021 
      HRV077  7 0.0055 0.9654 0.0046 0.0245 
      HRV0A0  7 0.0019 0.9900 0.0065 0.0016 
      HRV0MC  7 0.0025 0.9739 0.0191 0.0045 
      HRV00P  7 0.0015 0.9791 0.0168 0.0026 
      HRV01J  7 0.0020 0.9155 0.0728 0.0096 
      HRV026  7 0.0026 0.8626 0.1331 0.0017 
      HRV02C  7 0.0016 0.9786 0.0181 0.0017 
      HRV031  7 0.0015 0.9899 0.0065 0.0020 
      HRV033  7 0.0015 0.9902 0.0063 0.0020 
      HRV05L  7 0.0013 0.9930 0.0037 0.0021 
      HRV06A  7 0.0021 0.9884 0.0040 0.0055 
      HRV07P  7 0.0016 0.9903 0.0055 0.0026 
      HRV0HC  7 0.0335 0.9539 0.0063 0.0064 
      HRV0HU  7 0.0037 0.9860 0.0084 0.0019 
      HRV0K1  7 0.0018 0.9917 0.0043 0.0022 
      HRV0M6  7 0.0047 0.9485 0.0343 0.0125 
      HRV0M7  7 0.0031 0.9865 0.0026 0.0078 
      HRV0MK  7 0.0015 0.9931 0.0030 0.0025 
      HRV1C7  7 0.0015 0.9751 0.0214 0.0020 
      HRV1EA  7 0.0051 0.9868 0.0022 0.0059 
       M147K  7 0.0013 0.9651 0.0131 0.0205 
      HRV008  7 0.0025 0.9541 0.0418 0.0016 
      HRV015  7 0.0040 0.9283 0.0628 0.0049 
      HRV01F  7 0.0062 0.9744 0.0069 0.0126 
      HRV01L  7 0.0020 0.9032 0.0931 0.0018 
      HRV01M  7 0.0016 0.9855 0.0115 0.0013 
      HRV020  7 0.0031 0.7904 0.2049 0.0017 
      HRV022  7 0.0095 0.9611 0.0186 0.0108 
      HRV02A  7 0.0040 0.9886 0.0032 0.0041 
      HRV02K  7 0.0045 0.8413 0.1521 0.0021 
      HRV04C  7 0.0020 0.9853 0.0112 0.0016 
      HRV05H  7 0.0037 0.9913 0.0032 0.0018 
      HRV076  7 0.0046 0.9878 0.0042 0.0034 
      HRV07H  7 0.0021 0.9921 0.0030 0.0028 
      HRV07X  7 0.0060 0.9896 0.0020 0.0025 
      HRV080  7 0.0023 0.9931 0.0033 0.0013 
      HRV086  7 0.0032 0.9866 0.0048 0.0055 
      HRV0H3  7 0.0022 0.9716 0.0199 0.0063 
      HRV0J3  7 0.0040 0.9837 0.0023 0.0100 
      HRV0JX  7 0.0074 0.9679 0.0053 0.0194 
      HRV0ML  7 0.0016 0.9570 0.0396 0.0018 
      HRV1E8  7 0.0020 0.9911 0.0042 0.0027 
      HRV007  7 0.0025 0.9898 0.0048 0.0029 
      HRV005  7 0.0023 0.9849 0.0066 0.0063 
      HRV05U  7 0.0018 0.9826 0.0132 0.0024 
      HRV01U  7 0.0022 0.9904 0.0019 0.0054 
     AP.07M1  7 0.0018 0.9720 0.0238 0.0023 
     AP.07ME  7 0.0017 0.9924 0.0034 0.0026 
     AP.0817  7 0.0023 0.9915 0.0033 0.0028 
     AP.0863  7 0.0049 0.9852 0.0054 0.0045 
     AP.087T  7 0.0311 0.9610 0.0065 0.0013 
     AP.088T  7 0.0017 0.9901 0.0063 0.0018 
     CH.0LM1  7 0.0028 0.9809 0.0134 0.0029 
       M05X5  7 0.0233 0.9669 0.0062 0.0037 
       M06JH  7 0.0193 0.9536 0.0075 0.0196 
       M0A6K  7 0.0021 0.9922 0.0023 0.0034 
       M0ETF  7 0.0016 0.9698 0.0267 0.0020 
       M0LUP  7 0.0029 0.9878 0.0038 0.0056 
       M16F1  7 0.0021 0.8215 0.1745 0.0019 
       M182M  7 0.0025 0.9917 0.0013 0.0045 
       M1CFL  7 0.0021 0.9487 0.0470 0.0022 
       M2AXY  7 0.0029 0.9904 0.0039 0.0029 
       M2AY2  7 0.0639 0.9279 0.0053 0.0029 
       M2CHP  7 0.0181 0.9650 0.0126 0.0043 
       W26LK  7 0.0016 0.9915 0.0048 0.0022 
       W26ME  7 0.0030 0.8554 0.0067 0.1348 
     AM.07FM  7 0.0012 0.9580 0.0375 0.0032 
     AM.07FP  7 0.0024 0.9193 0.0759 0.0024 
     AP.07M4  7 0.0017 0.9911 0.0059 0.0013 
     AP.07M7  7 0.0014 0.9948 0.0024 0.0014 
     AP.07M8  7 0.0065 0.9878 0.0039 0.0017 
     AP.07MA  7 0.0237 0.9621 0.0107 0.0036 
     AP.07MC  7 0.0014 0.9904 0.0044 0.0038 
     AP.07P8  7 0.0101 0.9179 0.0699 0.0021 
     AP.07U8  7 0.0028 0.8317 0.1608 0.0047 
     AP.081F  7 0.0118 0.9797 0.0065 0.0021 
     AP.081H  7 0.0176 0.9749 0.0031 0.0043 
     AP.0820  7 0.0091 0.9784 0.0104 0.0020 
     AP.0841  7 0.0784 0.9142 0.0037 0.0038 
     AP.0858  7 0.0034 0.9843 0.0081 0.0041 
     AP.085U  7 0.0072 0.9863 0.0041 0.0024 
     AP.085X  7 0.0016 0.9802 0.0155 0.0028 
     AP.0861  7 0.0033 0.9651 0.0247 0.0069 
     AP.0864  7 0.0016 0.9909 0.0062 0.0013 
     AP.086X  7 0.0020 0.9923 0.0036 0.0022 
     AP.0872  7 0.0024 0.9900 0.0050 0.0025 
     AP.0875  7 0.0284 0.9458 0.0026 0.0232 
     AP.087A  7 0.0019 0.9896 0.0026 0.0059 
     AP.087C  7 0.0030 0.9880 0.0048 0.0042 
     AP.087E  7 0.0021 0.9922 0.0033 0.0024 
     AP.087H  7 0.0015 0.9205 0.0763 0.0017 
     AP.087K  7 0.0021 0.9904 0.0040 0.0035 
     AP.087L  7 0.0019 0.9525 0.0436 0.0020 
     AP.087M  7 0.0023 0.9905 0.0044 0.0028 
     AP.087P  7 0.0030 0.9900 0.0033 0.0037 
     AP.087U  7 0.0098 0.9658 0.0196 0.0048 
     AP.087X  7 0.0054 0.9834 0.0061 0.0051 
     AP.0881  7 0.0056 0.9728 0.0046 0.0170 
     AP.0882  7 0.0018 0.9696 0.0256 0.0031 
     AP.0883  7 0.0212 0.9713 0.0060 0.0015 
     AP.0884  7 0.0019 0.9908 0.0059 0.0014 
     AP.0885  7 0.0021 0.9907 0.0038 0.0034 
     AP.0887  7 0.0023 0.9824 0.0129 0.0024 
     AP.0888  7 0.2874 0.6992 0.0025 0.0110 
     AP.088A  7 0.0019 0.9927 0.0033 0.0021 
     AP.088C  7 0.0053 0.8814 0.1083 0.0050 
     AP.088J  7 0.0028 0.9687 0.0065 0.0220 
     AP.088K  7 0.0020 0.9879 0.0079 0.0022 
     AP.088L  7 0.0018 0.9893 0.0068 0.0022 
     AP.088U  7 0.0018 0.9809 0.0109 0.0065 
     AP.088X  7 0.0024 0.9576 0.0386 0.0014 
     AP.08A0  7 0.0017 0.9930 0.0041 0.0012 
     AP.08A1  7 0.0023 0.9893 0.0052 0.0032 
     AP.08A3  7 0.0023 0.9919 0.0036 0.0022 
     AP.08A4  7 0.0072 0.9193 0.0703 0.0033 
     AP.08A5  7 0.0016 0.9914 0.0034 0.0035 
     AP.08A6  7 0.0087 0.9865 0.0029 0.0019 
     AP.08A8  7 0.0020 0.9886 0.0063 0.0031 
     AP.08AC  7 0.0039 0.9813 0.0118 0.0030 
     AP.08AH  7 0.0027 0.9784 0.0130 0.0059 
     AP.08AJ  7 0.0070 0.9820 0.0090 0.0020 
     AP.08AM  7 0.0017 0.9817 0.0149 0.0017 
     AP.08AT  7 0.0026 0.9919 0.0042 0.0013 
     AP.08AX  7 0.0017 0.9903 0.0068 0.0012 
     CH.0LLP  7 0.0144 0.9771 0.0062 0.0023 
     CH.0LM2  7 0.0013 0.9944 0.0027 0.0016 
     CH.0LM4  7 0.0016 0.9918 0.0030 0.0036 
     CH.0LM5  7 0.0025 0.9909 0.0044 0.0022 
       M0102  7 0.0031 0.9910 0.0041 0.0019 
       M023A  7 0.0013 0.9950 0.0025 0.0012 
       M03MM  7 0.0022 0.9913 0.0028 0.0036 
       M04PF  7 0.0020 0.9865 0.0100 0.0015 
       M04XH  7 0.0107 0.9653 0.0037 0.0203 
       M04XM  7 0.0018 0.9872 0.0092 0.0018 
       M0557  7 0.0026 0.9896 0.0037 0.0041 
       M055C  7 0.0063 0.9845 0.0071 0.0022 
       M05JC  7 0.0036 0.9859 0.0022 0.0083 
       M05PH  7 0.0041 0.9063 0.0094 0.0802 
       M05X6  7 0.0019 0.9872 0.0091 0.0017 
       M07TC  7 0.0053 0.9906 0.0024 0.0017 
       M0A66  7 0.0018 0.9766 0.0193 0.0022 
       M0EYT  7 0.0017 0.9843 0.0102 0.0038 
       M0FF2  7 0.0015 0.9899 0.0073 0.0014 
       M0HJ6  7 0.0065 0.9843 0.0019 0.0074 
      HRV0JL  7 0.0014 0.9888 0.0084 0.0014 
      HRV0JP  7 0.0031 0.6623 0.3097 0.0249 
      HRV0KA  7 0.0030 0.9881 0.0038 0.0051 
      HRV0LJ  7 0.0038 0.9854 0.0081 0.0027 
      HRV0LM  7 0.0026 0.9881 0.0079 0.0014 
      HRV0LP  7 0.0040 0.9847 0.0065 0.0048 
       M0HJ8  7 0.0018 0.9806 0.0146 0.0030 
       M0HM3  7 0.0014 0.9741 0.0204 0.0041 
       M0J1X  7 0.0021 0.9905 0.0035 0.0039 
       M0L32  7 0.0032 0.9540 0.0363 0.0065 
       M0L8F  7 0.0039 0.9908 0.0041 0.0013 
       M0LUH  7 0.0027 0.9866 0.0058 0.0049 
       M0XPJ  7 0.0020 0.9877 0.0076 0.0027 
       M0XTE  7 0.0075 0.9836 0.0041 0.0048 
       M157H  7 0.0015 0.8061 0.1907 0.0017 
       M16YU  7 0.0014 0.9888 0.0085 0.0013 
       M1751  7 0.0020 0.9933 0.0031 0.0017 
       M1C2H  7 0.0015 0.9927 0.0036 0.0023 
       M1E60  7 0.0015 0.9934 0.0034 0.0016 
       M1EKX  7 0.0015 0.9925 0.0044 0.0016 
       M1EKY  7 0.0018 0.9894 0.0049 0.0039 
       M1EL3  7 0.0064 0.9861 0.0043 0.0032 
       M1ELC  7 0.0030 0.9882 0.0067 0.0020 
       M1ELE  7 0.0018 0.9934 0.0030 0.0018 
       M2AY0  7 0.0038 0.9893 0.0044 0.0024 
       M2AY4  7 0.0016 0.9198 0.0111 0.0676 
       M2AY5  7 0.0032 0.9900 0.0037 0.0031 
       M2AY8  7 0.0612 0.8809 0.0165 0.0413 
       M2C3A  7 0.0018 0.9869 0.0091 0.0022 
       M2C3F  7 0.0027 0.9579 0.0347 0.0047 
      HRV0ME  7 0.0041 0.9602 0.0254 0.0103 
       M2CHJ  7 0.0042 0.9864 0.0078 0.0017 
       M2CHM  7 0.0185 0.9737 0.0036 0.0043 
       M2CHY  7 0.0067 0.9603 0.0150 0.0180 
       W23E8  7 0.0018 0.9830 0.0135 0.0017 
       W23EM  7 0.0028 0.9910 0.0046 0.0016 
       W23EX  7 0.0024 0.9913 0.0041 0.0022 
       W23F0  7 0.0027 0.9929 0.0031 0.0014 
       W26L5  7 0.0227 0.7975 0.1781 0.0017 
       W26LM  7 0.0509 0.9458 0.0015 0.0019 
       W26MJ  7 0.1490 0.8423 0.0065 0.0021 
       W26ML  7 0.0018 0.9937 0.0017 0.0027 
       W26MT  7 0.0015 0.9931 0.0024 0.0030 
       W26PE  7 0.0163 0.9688 0.0048 0.0101 
       W26PJ  7 0.0086 0.9687 0.0079 0.0147 
       W26PT  7 0.0017 0.9818 0.0135 0.0029 
       W26PX  7 0.0036 0.9843 0.0098 0.0023 
       W26T0  7 0.0041 0.9677 0.0249 0.0033 
       W26TC  7 0.0015 0.9930 0.0031 0.0025 
       W26TJ  7 0.0111 0.9785 0.0066 0.0038 
       W26UE  7 0.0025 0.9872 0.0073 0.0030 
       W26UF  7 0.0019 0.9857 0.0104 0.0020 
       W26UL  7 0.0505 0.9379 0.0066 0.0051 
       W26X2  7 0.0019 0.9902 0.0061 0.0018 
       W2716  7 0.0030 0.9911 0.0022 0.0037 
      HRV1C6  7 0.0014 0.9743 0.0225 0.0018 
      HRV1CX  7 0.0140 0.9757 0.0086 0.0017 
      HRV1E2  7 0.0017 0.9889 0.0048 0.0046 
      HRV1E4  7 0.0014 0.9945 0.0023 0.0019 
      HRV1E5  7 0.0015 0.9936 0.0032 0.0017 
      HRV1EC  7 0.0018 0.9909 0.0053 0.0021 
      HRV1EK  7 0.0055 0.9765 0.0120 0.0060 
      HRV001  7 0.0016 0.9875 0.0037 0.0072 
      HRV00H  7 0.0017 0.9890 0.0020 0.0073 
      HRV00K  7 0.0017 0.9925 0.0019 0.0039 
      HRV01X  7 0.0027 0.9332 0.0614 0.0027 
      HRV025  7 0.0033 0.9683 0.0204 0.0080 
      HRV028  7 0.0027 0.9341 0.0605 0.0027 
      HRV041  7 0.0019 0.9931 0.0025 0.0025 
      HRV04F  7 0.0015 0.9924 0.0026 0.0035 
      HRV04L  7 0.0013 0.9937 0.0035 0.0016 
      HRV055  7 0.0013 0.9948 0.0027 0.0012 
      HRV05J  7 0.0017 0.9802 0.0167 0.0014 
      HRV07J  7 0.0013 0.9364 0.0606 0.0016 
      HRV07K  7 0.0169 0.9348 0.0462 0.0021 
      HRV07L  7 0.0760 0.9085 0.0108 0.0047 
      HRV07M  7 0.0015 0.9932 0.0033 0.0020 
      HRV0HM  7 0.0058 0.9747 0.0054 0.0141 
      HRV0J2  7 0.0019 0.9737 0.0225 0.0018 
      HRV0K3  7 0.0017 0.9731 0.0054 0.0197 
      HRV0KE  7 0.0015 0.9922 0.0042 0.0021 
      HRV0KF  7 0.0033 0.9868 0.0073 0.0026 
      HRV0KU  7 0.0043 0.9826 0.0110 0.0021 
      HRV0L6  7 0.0016 0.9907 0.0040 0.0038 
      HRV0M2  7 0.0027 0.9855 0.0098 0.0020 
      HRV0MF  7 0.0020 0.9901 0.0067 0.0012 
      HRV0MJ  7 0.0041 0.9474 0.0465 0.0021 
      HRV1AT  7 0.0020 0.9926 0.0029 0.0025 
      HRV1C1  7 0.0033 0.9914 0.0035 0.0018 
      HRV1CL  7 0.0027 0.9884 0.0068 0.0021 
      HRV1E1  7 0.0019 0.9928 0.0026 0.0028 
      HRV1E7  7 0.0024 0.9930 0.0030 0.0016 
      HRV1EE  7 0.0018 0.9927 0.0035 0.0020 
      HRV1ET  7 0.0015 0.9926 0.0036 0.0024 
         148  8 0.0044 0.9859 0.0027 0.0070 
         149  8 0.0024 0.9897 0.0030 0.0049 
         213  8 0.0030 0.9846 0.0080 0.0044 
         215  8 0.0028 0.9909 0.0032 0.0031 
         218  8 0.0024 0.9866 0.0094 0.0016 
         219  8 0.1186 0.8650 0.0062 0.0102 
         222  8 0.0032 0.9873 0.0055 0.0041 
         224  8 0.0176 0.9190 0.0603 0.0031 
         225  8 0.0017 0.9890 0.0043 0.0050 
         229  8 0.0030 0.9923 0.0027 0.0020 
         231  8 0.0056 0.9881 0.0044 0.0019 
      HRV1CP  8 0.0026 0.9901 0.0057 0.0015 
         239  8 0.0023 0.9856 0.0093 0.0028 
         240  8 0.0022 0.9924 0.0030 0.0024 
         243  8 0.0027 0.9251 0.0695 0.0027 
         248  8 0.0013 0.9922 0.0048 0.0017 
         250  8 0.0017 0.9923 0.0025 0.0034 
         251  8 0.0039 0.9923 0.0019 0.0019 
         256  8 0.0022 0.9932 0.0023 0.0024 
         260  8 0.0055 0.9876 0.0020 0.0049 
         261  8 0.0051 0.8657 0.1229 0.0063 
         263  8 0.0024 0.9577 0.0025 0.0374 
         284  8 0.0022 0.9872 0.0055 0.0051 
         285  8 0.0024 0.9822 0.0104 0.0050 
         286  8 0.0205 0.9755 0.0019 0.0021 
         289  8 0.0026 0.9857 0.0040 0.0077 
         291  8 0.0022 0.9673 0.0124 0.0181 
         292  8 0.0039 0.9859 0.0028 0.0074 
         293  8 0.0045 0.9780 0.0153 0.0022 
      BF0001  8 0.0046 0.9888 0.0019 0.0047 
      BF0002  8 0.0736 0.8914 0.0324 0.0026 
       M2AY6  8 0.0024 0.9898 0.0035 0.0042 
     Slov472  8 0.0026 0.9787 0.0165 0.0023 
      BF0026  8 0.0093 0.9706 0.0015 0.0185 
      BF0028  8 0.0042 0.9908 0.0014 0.0036 
     CK.0PP5  8 0.0061 0.9827 0.0080 0.0032 
     CK.0PP8  8 0.0032 0.9928 0.0023 0.0017 
     CK.0PPC  8 0.0111 0.9825 0.0031 0.0034 
     Slov166  8 0.0018 0.9928 0.0017 0.0037 
     Slov189  8 0.0162 0.9768 0.0048 0.0021 
     Slov196  8 0.0044 0.9889 0.0023 0.0044 
     Slov204  8 0.0014 0.9866 0.0026 0.0094 
      Slov24  8 0.0037 0.9765 0.0028 0.0170 
      Slov26  8 0.0053 0.9796 0.0108 0.0043 
      Slov33  8 0.0013 0.9919 0.0024 0.0044 
     Slov447  8 0.0025 0.9906 0.0028 0.0042 
     Slov449  8 0.0060 0.9848 0.0043 0.0049 
     Slov492  8 0.0017 0.9905 0.0019 0.0058 
      Slov56  8 0.0024 0.9007 0.0063 0.0906 
       Slov7  8 0.0076 0.9440 0.0048 0.0437 
      Slov70  8 0.0031 0.9634 0.0312 0.0023 
      Slov75  8 0.0020 0.9636 0.0022 0.0322 
      Slov78  8 0.0034 0.9860 0.0030 0.0077 
      Slov85  8 0.0017 0.9849 0.0105 0.0029 
      BF0003  8 0.0018 0.9919 0.0039 0.0024 
      BF0004  8 0.0033 0.9880 0.0051 0.0036 
      BF0005  8 0.0035 0.9365 0.0018 0.0582 
      BF0006  8 0.0024 0.9893 0.0026 0.0058 
      BF0007  8 0.0028 0.9513 0.0061 0.0399 
      BF0008  8 0.0039 0.9900 0.0020 0.0041 
      BF000A  8 0.0017 0.9939 0.0022 0.0022 
      BF000C  8 0.0024 0.9911 0.0037 0.0028 
      BF000E  8 0.0074 0.9656 0.0043 0.0228 
      BF000F  8 0.0037 0.9637 0.0022 0.0304 
      BF000H  8 0.0012 0.9904 0.0024 0.0060 
      BF000J  8 0.0015 0.9774 0.0042 0.0169 
      BF000K  8 0.0015 0.9926 0.0024 0.0035 
      BF000L  8 0.0031 0.9858 0.0025 0.0086 
      BF000M  9 0.0022 0.9903 0.0059 0.0015 
      BF000P  9 0.0025 0.9897 0.0062 0.0016 
      BF000T  9 0.0036 0.9887 0.0047 0.0030 
      BF000U  9 0.0043 0.9895 0.0039 0.0023 
      BF000X  9 0.0026 0.9904 0.0038 0.0032 
      BF0010  9 0.0012 0.9925 0.0020 0.0044 
      BF0011  9 0.0017 0.9923 0.0043 0.0016 
      BF0012  9 0.0079 0.9069 0.0017 0.0835 
      BF0013  9 0.0050 0.9829 0.0073 0.0048 
      BF0014  9 0.0036 0.9845 0.0049 0.0071 
      BF0015  9 0.0020 0.9925 0.0027 0.0028 
      BF0016  9 0.0032 0.9907 0.0039 0.0022 
      BF0017  9 0.0031 0.9879 0.0015 0.0075 
      BF0018  9 0.0017 0.9905 0.0057 0.0021 
      BF001A  9 0.0090 0.9867 0.0019 0.0024 
      BF001C  9 0.0018 0.9927 0.0027 0.0028 
      BF001E  9 0.0020 0.9902 0.0030 0.0048 
      BF001F  9 0.0032 0.9745 0.0028 0.0196 
      BF001H  9 0.0023 0.9910 0.0022 0.0044 
      BF001J  9 0.0015 0.9924 0.0034 0.0026 
      BF001K  9 0.0016 0.9909 0.0035 0.0041 
      BF001L  9 0.0027 0.9896 0.0047 0.0029 
      BF001M  9 0.0018 0.9897 0.0073 0.0012 
      BF001P  9 0.0016 0.9803 0.0156 0.0025 
      BF001T  9 0.0020 0.9928 0.0028 0.0024 
      BF001U  9 0.0122 0.9823 0.0024 0.0031 
      BF001X  9 0.0021 0.9934 0.0015 0.0030 
      BF0020  9 0.0110 0.9815 0.0052 0.0023 
      BF0022  9 0.0167 0.9793 0.0018 0.0021 
      BF0023  9 0.0036 0.9800 0.0074 0.0089 
      BF0025  9 0.0036 0.9887 0.0059 0.0018 
       h0014 10 0.0030 0.9931 0.0020 0.0019 
       h0024 10 0.0028 0.9903 0.0021 0.0049 
       h0034 10 0.0019 0.9906 0.0060 0.0015 
       h0044 10 0.0015 0.9907 0.0054 0.0024 
       h0054 10 0.0015 0.9853 0.0032 0.0100 
       h0064 10 0.0017 0.9939 0.0014 0.0031 
       h0074 10 0.0039 0.9778 0.0109 0.0074 
       h0084 10 0.0018 0.9916 0.0045 0.0021 
       h0094 10 0.0055 0.9866 0.0056 0.0023 
       h0104 10 0.0029 0.9904 0.0019 0.0048 
       h0114 10 0.0023 0.9924 0.0033 0.0019 
       h0124 10 0.0045 0.9861 0.0041 0.0053 
       h0134 10 0.0029 0.9906 0.0030 0.0034 
       h0144 10 0.0226 0.9563 0.0183 0.0028 
       h0154 10 0.0027 0.9914 0.0041 0.0019 
       h0164 10 0.0025 0.9873 0.0066 0.0036 
       h0174 10 0.0051 0.9766 0.0096 0.0087 
       h0184 10 0.0013 0.9807 0.0127 0.0053 
       h0194 10 0.0026 0.9906 0.0030 0.0038 
       h0204 10 0.0025 0.9805 0.0052 0.0117 
       h0214 10 0.0141 0.9757 0.0021 0.0081 
       h0224 10 0.0026 0.9914 0.0035 0.0025 
       h0234 10 0.0021 0.9904 0.0020 0.0054 
       h0244 10 0.0014 0.9954 0.0017 0.0014 
       h0254 10 0.0044 0.9872 0.0023 0.0061 
       h0264 10 0.0015 0.9923 0.0021 0.0041 
       h0274 10 0.0013 0.9881 0.0087 0.0019 
       h0284 10 0.0074 0.9869 0.0033 0.0024 
       h0294 10 0.0044 0.9903 0.0032 0.0021 
       h0304 10 0.0205 0.9714 0.0015 0.0065 
       h0314 10 0.0042 0.9847 0.0086 0.0024 
       h0324 10 0.0025 0.9883 0.0038 0.0054 
       h0334 10 0.0026 0.9913 0.0033 0.0027 
       h0344 10 0.0059 0.9863 0.0045 0.0032 
       h0354 10 0.0027 0.9895 0.0039 0.0040 
       h0364 10 0.0049 0.9910 0.0015 0.0025 
       h0374 10 0.0031 0.9916 0.0017 0.0036 
       h0384 10 0.0033 0.9608 0.0028 0.0330 
       h0394 10 0.0015 0.9939 0.0022 0.0023 
       h0404 10 0.0016 0.9921 0.0038 0.0026 
       h0414 10 0.0033 0.9888 0.0043 0.0035 
       h0424 10 0.0030 0.9905 0.0035 0.0030 
       h0434 10 0.0034 0.9825 0.0054 0.0086 
       h0444 10 0.0037 0.9898 0.0042 0.0022 
       h0454 10 0.0035 0.9904 0.0029 0.0032 
       h0464 10 0.0020 0.9761 0.0155 0.0065 
       h0474 10 0.0100 0.9787 0.0072 0.0040 
       h0484 10 0.0020 0.9883 0.0064 0.0033 
       h0494 10 0.0026 0.9907 0.0021 0.0046 
       h0504 10 0.0063 0.9887 0.0023 0.0027 
       h0514 10 0.0027 0.9867 0.0083 0.0023 
       h0524 10 0.0017 0.9610 0.0343 0.0031 
       h0534 10 0.0105 0.9804 0.0069 0.0022 
       h0544 10 0.0018 0.9938 0.0026 0.0018 
       h0554 10 0.0032 0.9815 0.0070 0.0083 
       h0564 10 0.0291 0.9657 0.0020 0.0032 
       h0574 10 0.0049 0.9897 0.0030 0.0024 
       h0584 10 0.0038 0.9904 0.0024 0.0034 
       h0594 10 0.0055 0.9874 0.0018 0.0053 
       h0604 10 0.0024 0.9924 0.0030 0.0021 
       h0614 10 0.0026 0.9922 0.0028 0.0024 
       h0624 10 0.0214 0.9736 0.0029 0.0021 
       h0634 10 0.0069 0.9863 0.0042 0.0025 
       h0644 10 0.0222 0.9681 0.0060 0.0037 
       h0654 10 0.0023 0.9905 0.0045 0.0027 
       h0664 10 0.0037 0.9897 0.0023 0.0043 
       h0674 10 0.0029 0.9653 0.0044 0.0273 
       h0684 10 0.0015 0.9869 0.0089 0.0027 
       h0694 10 0.0034 0.9894 0.0056 0.0016 
       h0704 10 0.0017 0.9950 0.0020 0.0013 
       h0714 10 0.0215 0.9670 0.0063 0.0052 
       h0724 10 0.0013 0.9929 0.0043 0.0014 
       h0734 10 0.0044 0.9900 0.0033 0.0022 
       h0744 10 0.0026 0.9823 0.0117 0.0035 
       h0754 10 0.0020 0.9941 0.0015 0.0024 
       h0764 10 0.0020 0.9909 0.0040 0.0030 
       h0774 10 0.0019 0.9913 0.0047 0.0021 
       h0784 10 0.0017 0.9936 0.0026 0.0021 
       h0794 10 0.0026 0.9915 0.0029 0.0030 
       h0804 10 0.0027 0.9782 0.0093 0.0099 
       h0814 10 0.0047 0.9905 0.0031 0.0017 
       h0824 10 0.0024 0.9916 0.0044 0.0017 
       h0834 10 0.0039 0.9831 0.0048 0.0081 
       h0844 10 0.0014 0.9911 0.0054 0.0021 
       h0854 10 0.0043 0.9862 0.0049 0.0045 
       h0864 10 0.0040 0.9880 0.0032 0.0047 
       h0874 10 0.0038 0.9901 0.0036 0.0025 
       h0884 10 0.0032 0.9907 0.0045 0.0017 
       h0894 10 0.0022 0.9830 0.0027 0.0121 
       h0904 10 0.0015 0.9910 0.0054 0.0020 
       h0914 10 0.0063 0.9870 0.0030 0.0037 
       h0924 10 0.0017 0.9920 0.0024 0.0039 
       h0934 10 0.0014 0.9896 0.0022 0.0068 
       h0944 10 0.0019 0.9902 0.0052 0.0027 
       h0954 10 0.0017 0.9946 0.0020 0.0017 
       h0964 10 0.0036 0.9880 0.0060 0.0023 
       h0974 10 0.0028 0.9931 0.0024 0.0016 
       h0984 10 0.0019 0.9887 0.0031 0.0064 
       h0994 10 0.0020 0.9912 0.0027 0.0041 
       h1004 10 0.0043 0.9140 0.0628 0.0188 
       h1014 10 0.0021 0.9936 0.0024 0.0018 
       h1024 10 0.0040 0.9892 0.0037 0.0031 
       h1034 10 0.0031 0.9908 0.0047 0.0014 
       h1044 10 0.0027 0.9921 0.0025 0.0026 
       h1054 10 0.0020 0.9936 0.0026 0.0017 
       h1064 10 0.0025 0.9941 0.0021 0.0013 
       h1074 10 0.0040 0.9862 0.0022 0.0075 
       h1084 10 0.0026 0.9927 0.0014 0.0033 
       h1094 10 0.0104 0.9855 0.0016 0.0024 
       h1104 10 0.0035 0.9934 0.0014 0.0017 
       h1114 10 0.0016 0.9873 0.0060 0.0051 
       h1124 10 0.0014 0.9949 0.0016 0.0021 
       h1134 10 0.0021 0.9901 0.0048 0.0029 
       h1144 10 0.0035 0.9907 0.0025 0.0033 
       h1154 10 0.0113 0.9849 0.0021 0.0016 
       h1164 10 0.0038 0.9521 0.0063 0.0378 
       h1174 10 0.0063 0.9893 0.0025 0.0019 
       h1184 10 0.0034 0.9687 0.0182 0.0097 
       h1194 10 0.0040 0.9917 0.0030 0.0014 
       h1204 10 0.0015 0.9950 0.0018 0.0016 
       h1214 10 0.0120 0.9784 0.0030 0.0065 
       h1224 10 0.0076 0.9849 0.0019 0.0056 
       h1234 10 0.0027 0.9927 0.0018 0.0028 
       h1244 10 0.0027 0.9869 0.0060 0.0043 
       h1254 10 0.0066 0.9899 0.0020 0.0015 
     CX.10JP 11 0.0034 0.9903 0.0033 0.0030 
     CX.10JX 11 0.0077 0.9647 0.0028 0.0248 
     CX.10K0 11 0.0037 0.9887 0.0043 0.0034 
     CX.10K5 11 0.0019 0.9893 0.0037 0.0051 
     CX.10K6 11 0.0021 0.9917 0.0035 0.0027 
     CX.10K7 11 0.0056 0.9766 0.0029 0.0150 
     CX.10KA 11 0.0122 0.9687 0.0013 0.0177 
     CX.10KC 11 0.0892 0.9067 0.0022 0.0018 
     CX.10KH 11 0.0187 0.9738 0.0029 0.0046 
     CX.10KL 11 0.0043 0.9750 0.0158 0.0048 
     CX.10KM 11 0.0034 0.9908 0.0017 0.0041 
     CX.10KT 11 0.0031 0.9903 0.0024 0.0042 
     CX.10KU 11 0.0024 0.9909 0.0018 0.0049 
     CX.10KX 11 0.0043 0.9867 0.0034 0.0056 
     CX.10L0 11 0.0058 0.9894 0.0019 0.0030 
     CX.10L6 11 0.0038 0.9895 0.0029 0.0039 
     CX.10L7 11 0.0043 0.9891 0.0028 0.0039 
     CX.10L8 11 0.0439 0.9358 0.0097 0.0106 
     CX.10LA 11 0.0022 0.9865 0.0060 0.0053 
     CX.10LE 11 0.0046 0.8019 0.0041 0.1895 
     CX.10LH 11 0.0063 0.9854 0.0022 0.0061 
     CX.10LK 11 0.0030 0.9880 0.0063 0.0026 
     CX.10LL 11 0.0035 0.9832 0.0014 0.0119 
     CX.10LP 11 0.0609 0.8550 0.0067 0.0774 
     CX.10LT 11 0.0099 0.9835 0.0030 0.0036 
     CX.10LU 11 0.0023 0.9908 0.0044 0.0024 
     CX.10M1 11 0.0040 0.9923 0.0015 0.0022 
     CX.10M2 11 0.0017 0.9784 0.0018 0.0181 
     CX.10M3 11 0.0111 0.9791 0.0063 0.0035 
     CX.10M5 11 0.0044 0.9889 0.0034 0.0032 
     CX.10M6 11 0.0047 0.9799 0.0020 0.0134 
     CX.10M7 11 0.0036 0.9886 0.0060 0.0018 
     CX.10M8 11 0.0029 0.9924 0.0026 0.0021 
     CX.10P3 11 0.0020 0.9824 0.0119 0.0037 
     CX.10P7 11 0.0026 0.9917 0.0031 0.0026 
     CX.10PC 11 0.0015 0.9907 0.0041 0.0037 
     CX.10PE 11 0.0016 0.9831 0.0016 0.0137 
     CX.10PU 11 0.0034 0.9841 0.0092 0.0033 
     CX.10PX 11 0.0020 0.9923 0.0018 0.0039 
     CX.10T0 11 0.0062 0.9886 0.0019 0.0033 
     CX.10T2 11 0.0013 0.9936 0.0024 0.0027 
     CX.10JT 11 0.0254 0.9680 0.0027 0.0039 
     CX.10JY 11 0.0021 0.9675 0.0035 0.0268 
     CX.10K4 11 0.0035 0.9890 0.0031 0.0044 
     CX.10KE 11 0.0024 0.9726 0.0022 0.0228 
     CX.10KY 11 0.0021 0.9933 0.0026 0.0020 
     CX.10L2 11 0.0036 0.9907 0.0037 0.0021 
     CX.10L3 11 0.0037 0.9434 0.0027 0.0502 
     CX.10LF 11 0.0024 0.9911 0.0037 0.0028 
     CX.10LM 11 0.0024 0.9919 0.0030 0.0026 
     CX.10LY 11 0.0094 0.9723 0.0033 0.0150 
     CX.10M0 11 0.0030 0.9931 0.0021 0.0018 
     CX.10MA 11 0.0032 0.9807 0.0082 0.0079 
       h0015 12 0.0031 0.9927 0.0020 0.0021 
       h0025 12 0.0017 0.9932 0.0033 0.0018 
       h0035 12 0.0017 0.9827 0.0083 0.0074 
       h0045 12 0.0030 0.8613 0.0022 0.1336 
       h0055 12 0.0025 0.9894 0.0043 0.0037 
       h0065 12 0.0026 0.9801 0.0016 0.0157 
       h0075 12 0.0120 0.9169 0.0031 0.0681 
       h0085 12 0.0028 0.9858 0.0083 0.0031 
       h0095 12 0.0087 0.9602 0.0266 0.0046 
       h0105 12 0.0029 0.9918 0.0021 0.0033 
       h0115 12 0.0013 0.9643 0.0046 0.0298 
       h0125 12 0.0032 0.9762 0.0022 0.0184 
       h0135 12 0.0018 0.9908 0.0044 0.0030 
       h0145 12 0.0036 0.9917 0.0015 0.0033 
       h0155 12 0.0025 0.9879 0.0020 0.0076 
       h0165 12 0.0030 0.9811 0.0033 0.0126 
       h0175 12 0.0050 0.9879 0.0037 0.0034 
       h0185 12 0.0020 0.9878 0.0070 0.0032 
       h0195 12 0.0061 0.9757 0.0015 0.0167 
       h0205 12 0.0171 0.9786 0.0027 0.0016 
       h0215 12 0.0014 0.9931 0.0041 0.0014 
       h0225 12 0.0130 0.9801 0.0044 0.0026 
       h0235 12 0.0041 0.9908 0.0024 0.0027 
       h0245 12 0.0043 0.9625 0.0021 0.0312 
       h0255 12 0.0023 0.9866 0.0043 0.0068 
       h0265 12 0.0054 0.9903 0.0014 0.0029 
       h0275 12 0.0018 0.9940 0.0024 0.0018 
       h0285 12 0.0016 0.9894 0.0019 0.0071 
       h0295 12 0.0045 0.9841 0.0050 0.0064 
       h0305 12 0.0019 0.9932 0.0030 0.0019 
       h0315 12 0.0019 0.9915 0.0034 0.0031 
       h0325 12 0.0025 0.9911 0.0030 0.0034 
       h0335 12 0.0012 0.9942 0.0034 0.0011 
       h0345 12 0.0073 0.9867 0.0017 0.0043 
       h0355 12 0.0059 0.9822 0.0039 0.0080 
       h0365 12 0.0016 0.9904 0.0023 0.0056 
       h0375 12 0.0049 0.9868 0.0051 0.0032 
       h0385 12 0.0028 0.9899 0.0034 0.0038 
       h0395 12 0.0069 0.9750 0.0053 0.0129 
       h0405 12 0.0373 0.9506 0.0024 0.0097 
       h0415 12 0.0236 0.8477 0.0024 0.1263 
       h0425 12 0.1140 0.8790 0.0033 0.0037 
       h0435 12 0.0030 0.9872 0.0033 0.0065 
       h0445 12 0.0035 0.9908 0.0024 0.0033 
       h0455 12 0.0104 0.9763 0.0045 0.0088 
       h0465 12 0.0089 0.9629 0.0022 0.0260 
       h0475 12 0.0016 0.9727 0.0027 0.0230 
       h0485 12 0.0022 0.9936 0.0023 0.0018 
       h0495 12 0.0048 0.9844 0.0019 0.0090 
       h0505 12 0.0021 0.9401 0.0019 0.0559 
       h0515 12 0.0167 0.9665 0.0025 0.0143 
       h0525 12 0.0021 0.9895 0.0062 0.0023 
       h0535 12 0.0057 0.9563 0.0037 0.0344 
       h0545 12 0.0018 0.9941 0.0013 0.0028 
       h0555 12 0.0016 0.9881 0.0031 0.0072 
       h0565 12 0.0053 0.9912 0.0014 0.0021 
       h0575 12 0.0098 0.9814 0.0063 0.0025 
       h0585 12 0.0272 0.9356 0.0308 0.0064 
       h0595 12 0.0369 0.9098 0.0042 0.0490 
       h0605 12 0.0042 0.9877 0.0055 0.0025 
       h0615 12 0.0029 0.9497 0.0027 0.0447 
       h0625 12 0.0153 0.9765 0.0025 0.0057 
       h0635 12 0.0027 0.9887 0.0021 0.0065 
       h0645 12 0.0028 0.9792 0.0041 0.0139 
       h0655 12 0.0044 0.9843 0.0082 0.0030 
       h0665 12 0.0025 0.9918 0.0016 0.0041 
       h0675 12 0.0050 0.9900 0.0033 0.0017 
       h0685 12 0.0044 0.9784 0.0018 0.0154 
       h0695 12 0.0025 0.9902 0.0020 0.0053 
       h0705 12 0.0049 0.9209 0.0108 0.0633 
       h0715 12 0.0280 0.9559 0.0118 0.0042 
       h0725 12 0.0020 0.9839 0.0034 0.0108 
       h0735 12 0.0045 0.9898 0.0037 0.0021 
       h0745 12 0.0266 0.9643 0.0069 0.0022 
       h0755 12 0.0238 0.9724 0.0023 0.0015 
       h0765 12 0.0026 0.9910 0.0034 0.0030 
       h0775 12 0.0055 0.9842 0.0028 0.0074 
       h0785 12 0.0049 0.9812 0.0090 0.0049 
       h0795 12 0.0234 0.8695 0.0043 0.1028 
       h0805 12 0.0019 0.9904 0.0041 0.0036 
       h0815 12 0.0018 0.9946 0.0019 0.0017 
       h0825 12 0.0022 0.9835 0.0094 0.0049 
       h0835 12 0.0024 0.9931 0.0020 0.0024 
       h0845 12 0.0081 0.9607 0.0066 0.0245 
       h0855 12 0.0067 0.9815 0.0054 0.0065 
       h0865 12 0.0077 0.9878 0.0026 0.0020 
       h0875 12 0.0022 0.9744 0.0045 0.0189 
       h0885 12 0.0042 0.9883 0.0045 0.0030 
       h0895 12 0.0020 0.9559 0.0031 0.0389 
       h0905 12 0.0026 0.9866 0.0021 0.0086 
       h0915 12 0.0074 0.9840 0.0036 0.0049 
       h0925 12 0.0061 0.9705 0.0022 0.0212 
       h0935 12 0.0024 0.9940 0.0015 0.0021 
       h0945 12 0.0021 0.9840 0.0057 0.0083 
       h0955 12 0.0285 0.9662 0.0021 0.0032 
       h0965 12 0.0027 0.9872 0.0074 0.0027 
       h0975 12 0.0025 0.9907 0.0022 0.0045 
       h0985 12 0.0081 0.9787 0.0067 0.0065 
       h0995 12 0.0020 0.9775 0.0029 0.0175 
       h1005 12 0.0044 0.9912 0.0027 0.0017 
       h1015 12 0.0015 0.9928 0.0018 0.0040 
       h1025 12 0.0021 0.9937 0.0020 0.0022 
       h1035 12 0.0023 0.9691 0.0026 0.0260 
       h1045 12 0.0067 0.9876 0.0021 0.0036 
       h1055 12 0.0017 0.9949 0.0017 0.0018 
       h1065 12 0.0049 0.9874 0.0034 0.0043 
       h1075 12 0.0039 0.9731 0.0027 0.0204 
       h1085 12 0.0134 0.9534 0.0043 0.0289 
       h1095 12 0.0043 0.9908 0.0029 0.0020 
       h1105 12 0.0157 0.9788 0.0024 0.0032 
       h1115 12 0.0022 0.9827 0.0024 0.0127 
       h1125 12 0.0024 0.9856 0.0024 0.0097 
       h1135 12 0.0017 0.9804 0.0016 0.0163 
       h1145 12 0.0064 0.9824 0.0069 0.0043 
       h1155 12 0.0037 0.9881 0.0027 0.0054 
       h1165 12 0.0030 0.9918 0.0028 0.0024 
       h1175 12 0.0123 0.9789 0.0065 0.0023 
       h1185 12 0.0048 0.9903 0.0020 0.0029 
       h1195 12 0.0041 0.9843 0.0026 0.0091 
       h1205 12 0.0030 0.9882 0.0052 0.0035 
       h1215 12 0.0028 0.9872 0.0029 0.0071 
       h1225 12 0.0092 0.9825 0.0041 0.0042 
       h1235 12 0.0051 0.9902 0.0015 0.0032 
       h1245 12 0.0042 0.9879 0.0030 0.0049 
       h1255 12 0.0155 0.9433 0.0383 0.0030 
     CK.0PLA 13 0.0023 0.0035 0.9923 0.0019 
     CK.0PLC 13 0.0035 0.0061 0.9884 0.0020 
     CK.0PLE 13 0.0014 0.0021 0.9944 0.0020 
     CK.0PLF 13 0.0056 0.0081 0.9782 0.0081 
     CK.0PLH 13 0.0017 0.0021 0.9946 0.0017 
     CK.0PLJ 13 0.0018 0.0036 0.9912 0.0034 
     CK.0PLK 13 0.0011 0.0020 0.9955 0.0013 
     CK.0PLL 13 0.0020 0.0020 0.9941 0.0019 
     CK.0PLM 13 0.0020 0.0022 0.9930 0.0027 
     CK.0PLP 13 0.0016 0.0021 0.9948 0.0016 
     CK.0PLT 13 0.0011 0.0014 0.9964 0.0011 
     CK.0PLU 13 0.0016 0.0020 0.9947 0.0016 
     CK.0PLX 13 0.0031 0.0040 0.9908 0.0021 
     CK.0PLY 13 0.0010 0.0015 0.9963 0.0012 
     CK.0PM0 13 0.0017 0.0022 0.9948 0.0014 
     CK.0PM1 13 0.0012 0.0016 0.9960 0.0012 
     CK.0PM2 13 0.0018 0.0020 0.9891 0.0071 
     CK.0PM3 13 0.0022 0.0018 0.9948 0.0013 
     CK.0PM4 13 0.0023 0.0021 0.9941 0.0015 
     CK.0PM7 13 0.0013 0.0017 0.9956 0.0014 
     CK.0PM8 13 0.0011 0.0017 0.9958 0.0013 
     CK.0PMA 13 0.0021 0.0022 0.9930 0.0027 
       M2C06 13 0.0013 0.0016 0.9957 0.0013 
       M2C07 13 0.0010 0.0013 0.9966 0.0011 
       M2C08 13 0.0010 0.0011 0.9969 0.0010 
       M2C0A 13 0.0013 0.0014 0.9957 0.0016 
       M2C0C 13 0.0011 0.0017 0.9958 0.0013 
       M2C0E 13 0.0014 0.0015 0.9960 0.0012 
       h0012 14 0.0015 0.0015 0.9954 0.0015 
       h0022 14 0.0014 0.0022 0.9942 0.0022 
       h0032 14 0.0014 0.0020 0.9943 0.0023 
       h0042 14 0.0021 0.0021 0.9936 0.0022 
       h0052 14 0.0017 0.0015 0.9951 0.0017 
       h0062 14 0.0013 0.0023 0.9940 0.0024 
       h0072 14 0.0040 0.0030 0.9892 0.0038 
       h0082 14 0.0012 0.0014 0.9959 0.0016 
       h0092 14 0.0012 0.0014 0.9962 0.0012 
       h0102 14 0.0014 0.0019 0.9954 0.0013 
       h0112 14 0.0015 0.0020 0.9947 0.0018 
       h0122 14 0.0019 0.0055 0.9878 0.0047 
       h0132 14 0.0011 0.0016 0.9960 0.0013 
       h0142 14 0.0017 0.0019 0.9953 0.0011 
       h0152 14 0.0012 0.0012 0.9963 0.0012 
       h0162 14 0.0018 0.0021 0.9950 0.0011 
       h0172 14 0.0016 0.0029 0.9942 0.0014 
       h0182 14 0.0012 0.0013 0.9964 0.0012 
       h0192 14 0.0016 0.0018 0.9948 0.0019 
       h0202 14 0.0023 0.0031 0.9930 0.0016 
       h0212 14 0.0024 0.0034 0.9912 0.0030 
       h0222 14 0.0020 0.0061 0.9883 0.0036 
       h0232 14 0.0023 0.0018 0.9946 0.0014 
       h0242 14 0.0012 0.0015 0.9957 0.0017 
       h0252 14 0.0024 0.0069 0.9804 0.0103 
       h0262 14 0.0013 0.0017 0.9956 0.0014 
       h0272 14 0.0013 0.0022 0.9951 0.0014 
       h0282 14 0.0012 0.0019 0.9956 0.0013 
       h0292 14 0.0013 0.0013 0.9961 0.0013 
       h0302 14 0.0012 0.0018 0.9957 0.0014 
       h0312 14 0.0009 0.0014 0.9967 0.0011 
       h0322 14 0.0010 0.0013 0.9965 0.0013 
       h0332 14 0.0035 0.0019 0.9914 0.0032 
       h0342 14 0.0013 0.0018 0.9955 0.0014 
       h0352 14 0.0010 0.0014 0.9963 0.0013 
       h0362 14 0.0024 0.0030 0.9915 0.0031 
       h0372 14 0.0018 0.0047 0.9911 0.0025 
       h0382 14 0.0028 0.0020 0.9916 0.0035 
       h0392 14 0.0017 0.0019 0.9946 0.0019 
       h0402 14 0.0025 0.0030 0.9921 0.0024 
       h0412 14 0.0016 0.0016 0.9950 0.0018 
       h0422 14 0.0033 0.0021 0.9930 0.0016 
       h0432 14 0.0020 0.0028 0.9939 0.0014 
       h0442 14 0.0013 0.0014 0.9961 0.0013 
       h0452 14 0.0014 0.0013 0.9963 0.0010 
       h0462 14 0.0017 0.0017 0.9946 0.0021 
       h0472 14 0.0013 0.0020 0.9952 0.0015 
       h0482 14 0.0014 0.0015 0.9960 0.0011 
       h0492 14 0.0011 0.0015 0.9965 0.0010 
       h0502 14 0.0015 0.0020 0.9951 0.0014 
       h0512 14 0.0012 0.0015 0.9961 0.0013 
       h0522 14 0.0019 0.0017 0.9938 0.0026 
       h0532 14 0.0015 0.0027 0.9933 0.0025 
       h0542 14 0.0017 0.0023 0.9942 0.0018 
       h0552 14 0.0017 0.0018 0.9954 0.0011 
       h0562 14 0.0015 0.0017 0.9955 0.0013 
       h0572 14 0.0011 0.0014 0.9964 0.0011 
       h0582 14 0.0017 0.0023 0.9942 0.0018 
       h0592 14 0.0011 0.0015 0.9960 0.0013 
       h0602 14 0.0017 0.0026 0.9928 0.0028 
       h0612 14 0.0017 0.0030 0.9914 0.0039 
       h0622 14 0.0013 0.0019 0.9957 0.0011 
       h0632 14 0.0014 0.0018 0.9958 0.0011 
       h0642 14 0.0011 0.0013 0.9966 0.0010 
       h0652 14 0.0025 0.0051 0.9889 0.0035 
       h0662 14 0.0011 0.0016 0.9963 0.0010 
       h0672 14 0.0011 0.0016 0.9959 0.0014 
       h0682 14 0.0019 0.0021 0.9937 0.0023 
       h0692 14 0.0016 0.0020 0.9880 0.0084 
       h0702 14 0.0020 0.0020 0.9943 0.0017 
       h0712 14 0.0016 0.0035 0.9931 0.0017 
       h0722 14 0.0013 0.0015 0.9957 0.0015 
       h0732 14 0.0031 0.0059 0.9871 0.0040 
       h0742 14 0.0018 0.0041 0.9804 0.0137 
       h0752 14 0.0013 0.0018 0.9956 0.0014 
       h0762 14 0.0012 0.0015 0.9962 0.0011 
       h0772 14 0.0013 0.0017 0.9959 0.0010 
       h0782 14 0.0017 0.0019 0.9953 0.0011 
       h0792 14 0.0014 0.0016 0.9955 0.0015 
       h0802 14 0.0013 0.0043 0.9920 0.0024 
       h0812 14 0.0022 0.0033 0.9933 0.0012 
       h0822 14 0.0019 0.0037 0.9919 0.0025 
       h0832 14 0.0014 0.0019 0.9954 0.0014 
       h0842 14 0.0014 0.0016 0.9959 0.0010 
       h0852 14 0.0013 0.0017 0.9951 0.0019 
       h0862 14 0.0016 0.0017 0.9948 0.0019 
       h0872 14 0.0015 0.0017 0.9951 0.0017 
       h0882 14 0.0048 0.0021 0.9921 0.0011 
       h0892 14 0.0036 0.0018 0.9927 0.0020 
       h0902 14 0.0017 0.0016 0.9956 0.0011 
       h0912 14 0.0012 0.0018 0.9949 0.0021 
       h0922 14 0.0018 0.0017 0.9946 0.0019 
       h0932 14 0.0012 0.0017 0.9960 0.0012 
       h0942 14 0.0018 0.0022 0.9950 0.0011 
       h0952 14 0.0014 0.0022 0.9951 0.0013 
       h0962 14 0.0018 0.0032 0.9926 0.0025 
       h0972 14 0.0014 0.0016 0.9954 0.0016 
       h0982 14 0.0039 0.0029 0.9914 0.0018 
       h0992 14 0.0049 0.0037 0.9877 0.0037 
       h1002 14 0.0012 0.0015 0.9961 0.0013 
       h1012 14 0.0013 0.0015 0.9960 0.0011 
       h1022 14 0.0014 0.0019 0.9955 0.0012 
       h1032 14 0.0012 0.0020 0.9954 0.0014 
       h1042 14 0.0016 0.0016 0.9954 0.0014 
       h1052 14 0.0011 0.0025 0.9947 0.0017 
       h1062 14 0.0036 0.0045 0.9828 0.0091 
       h1072 14 0.0011 0.0016 0.9960 0.0014 
       h1082 14 0.0015 0.0019 0.9953 0.0013 
       h1092 14 0.0017 0.0022 0.9944 0.0017 
       h1102 14 0.0014 0.0019 0.9953 0.0015 
       h1112 14 0.0009 0.0016 0.9962 0.0014 
       h1122 14 0.0011 0.0020 0.9956 0.0013 
       h1132 14 0.0012 0.0015 0.9963 0.0010 
       h1142 14 0.0032 0.0018 0.9931 0.0019 
       h1152 14 0.0024 0.0019 0.9940 0.0017 
       h1162 14 0.0014 0.0021 0.9940 0.0024 
       h1172 14 0.0017 0.0020 0.9930 0.0033 
       h1182 14 0.0010 0.0015 0.9964 0.0011 
       h1192 14 0.0029 0.0025 0.9899 0.0047 
       h1202 14 0.0016 0.0044 0.9909 0.0032 
       h1212 14 0.0019 0.0017 0.9929 0.0035 
       h1222 14 0.0012 0.0014 0.9956 0.0018 
       h1232 14 0.0012 0.0021 0.9945 0.0022 
       h1242 14 0.0015 0.0017 0.9958 0.0010 
       h1252 14 0.0012 0.0016 0.9961 0.0011 
       h1262 14 0.0014 0.0029 0.9920 0.0036 
       h1272 14 0.0015 0.0017 0.9951 0.0017 
       h1282 14 0.0011 0.0014 0.9964 0.0011 
       h1292 14 0.0016 0.0018 0.9948 0.0019 
       h1302 14 0.0013 0.0016 0.9954 0.0017 
       h1312 14 0.0018 0.0018 0.9949 0.0015 
       h1322 14 0.0035 0.0016 0.9932 0.0017 
       h1332 14 0.0038 0.0029 0.9893 0.0041 
       h1342 14 0.0012 0.0025 0.9952 0.0011 
       h1352 14 0.0012 0.0015 0.9958 0.0015 
       h1362 14 0.0021 0.0018 0.9944 0.0017 
       h1372 14 0.0012 0.0015 0.9935 0.0038 
       h1382 14 0.0019 0.0064 0.9826 0.0091 
       h1392 14 0.0015 0.0017 0.9952 0.0016 
       h1402 14 0.0014 0.0031 0.9916 0.0039 
       h1412 14 0.0011 0.0012 0.9966 0.0011 
       h1422 14 0.0013 0.0018 0.9950 0.0019 
       h1432 14 0.0011 0.0018 0.9959 0.0012 
       h1442 14 0.0012 0.0016 0.9957 0.0015 
       h1452 14 0.0015 0.0020 0.9947 0.0019 
       h1462 14 0.0012 0.0017 0.9955 0.0016 
       h1472 14 0.0011 0.0016 0.9961 0.0012 
       h1482 14 0.0011 0.0015 0.9964 0.0010 
       h1492 14 0.0014 0.0015 0.9958 0.0012 
       h1502 14 0.0013 0.0020 0.9925 0.0041 
       h1512 14 0.0014 0.0020 0.9954 0.0012 
       h1522 14 0.0040 0.0041 0.9891 0.0028 
       h1532 14 0.0014 0.0018 0.9950 0.0018 
       h1542 14 0.0014 0.0019 0.9944 0.0024 
       h1552 14 0.0011 0.0018 0.9961 0.0010 
       h1562 14 0.0012 0.0015 0.9958 0.0015 
       h1572 14 0.0010 0.0017 0.9963 0.0010 
       h1582 14 0.0017 0.0013 0.9953 0.0017 
       h1592 14 0.0017 0.0020 0.9953 0.0010 
       h1602 14 0.0018 0.0027 0.9942 0.0012 
       h1612 14 0.0012 0.0016 0.9959 0.0014 
       h1622 14 0.0011 0.0015 0.9959 0.0015 
       h1632 14 0.0019 0.0014 0.9955 0.0013 
       h1642 14 0.0015 0.0020 0.9952 0.0013 
       h1652 14 0.0012 0.0019 0.9951 0.0018 
       h1662 14 0.0014 0.0017 0.9941 0.0028 
       h1672 14 0.0011 0.0016 0.9963 0.0010 
       h1682 14 0.0014 0.0020 0.9952 0.0014 
       h1692 14 0.0013 0.0018 0.9949 0.0020 
       h1702 14 0.0010 0.0015 0.9963 0.0011 
       h1712 14 0.0014 0.0014 0.9961 0.0011 
       h1722 14 0.0014 0.0027 0.9941 0.0018 
       h1732 14 0.0024 0.0040 0.9906 0.0030 
       h1742 14 0.0014 0.0033 0.9920 0.0033 
       h1752 14 0.0011 0.0024 0.9950 0.0015 
       h1762 14 0.0014 0.0018 0.9951 0.0017 
       h1772 14 0.0014 0.0015 0.9957 0.0014 
       h1782 14 0.0010 0.0015 0.9962 0.0013 
       h1792 14 0.0019 0.0018 0.9944 0.0019 
       h1802 14 0.0010 0.0015 0.9964 0.0011 
       h1812 14 0.0017 0.0024 0.9947 0.0012 
       h1822 14 0.0013 0.0014 0.9962 0.0011 
       h1832 14 0.0015 0.0016 0.9955 0.0015 
       h1842 14 0.0015 0.0026 0.9919 0.0040 
       h1852 14 0.0014 0.0020 0.9951 0.0016 
       h1862 14 0.0013 0.0024 0.9950 0.0013 
       h1872 14 0.0016 0.0022 0.9934 0.0028 
       h1882 14 0.0021 0.0058 0.9867 0.0054 
       h1892 14 0.0011 0.0016 0.9963 0.0010 
       h1902 14 0.0010 0.0013 0.9966 0.0011 
       h1912 14 0.0012 0.0013 0.9961 0.0013 
       h1922 14 0.0010 0.0014 0.9964 0.0012 
       h1932 14 0.0017 0.0017 0.9953 0.0014 
       h1942 14 0.0011 0.0015 0.9962 0.0012 
       h1952 14 0.0053 0.0026 0.9906 0.0015 
       h1962 14 0.0013 0.0019 0.9956 0.0012 
       h1972 14 0.0019 0.0048 0.9883 0.0049 
       h1982 14 0.0013 0.0014 0.9962 0.0010 
       h1992 14 0.0014 0.0028 0.9923 0.0035 
       h2002 14 0.0030 0.0042 0.9898 0.0030 
       h2012 14 0.0013 0.0020 0.9957 0.0010 
       h2022 14 0.0011 0.0017 0.9957 0.0014 
       h2032 14 0.0013 0.0022 0.9947 0.0017 
       h2042 14 0.0013 0.0022 0.9954 0.0011 
       h2052 14 0.0017 0.0025 0.9919 0.0039 
       h2062 14 0.0011 0.0018 0.9957 0.0014 
       h2072 14 0.0019 0.0020 0.9943 0.0018 
       h2082 14 0.0018 0.0018 0.9951 0.0012 
       h2092 14 0.0020 0.0019 0.9929 0.0032 
       h2102 14 0.0014 0.0022 0.9946 0.0018 
       h2112 14 0.0019 0.0020 0.9946 0.0014 
       h2122 14 0.0014 0.0016 0.9947 0.0024 
       h2132 14 0.0018 0.0017 0.9954 0.0011 
       h2142 14 0.0016 0.0018 0.9949 0.0017 
       h2152 14 0.0013 0.0014 0.9959 0.0014 
       h2162 14 0.0014 0.0016 0.9955 0.0015 
       h2172 14 0.0018 0.0016 0.9953 0.0013 
       h2182 14 0.0010 0.0017 0.9960 0.0013 
       h2192 14 0.0020 0.0023 0.9939 0.0017 
       h2202 14 0.0016 0.0014 0.9958 0.0012 
       h2212 14 0.0020 0.0021 0.9946 0.0014 
       h2222 14 0.0012 0.0019 0.9957 0.0012 
       h2232 14 0.0016 0.0033 0.9924 0.0027 
       h2242 14 0.0016 0.0020 0.9949 0.0015 
       h2252 14 0.0016 0.0020 0.9949 0.0016 
       h2262 14 0.0012 0.0022 0.9952 0.0015 
       h2272 14 0.0014 0.0017 0.9957 0.0012 
       h2282 14 0.0013 0.0016 0.9954 0.0016 
       h2292 14 0.0011 0.0015 0.9963 0.0012 
       h2302 14 0.0018 0.0020 0.9940 0.0023 
       h2312 14 0.0013 0.0017 0.9959 0.0011 
       h2322 14 0.0011 0.0013 0.9965 0.0011 
       h2332 14 0.0010 0.0017 0.9962 0.0011 
       h2342 14 0.0026 0.0060 0.9893 0.0021 
       h2352 14 0.0018 0.0021 0.9940 0.0022 
       h2362 14 0.0011 0.0020 0.9955 0.0014 
       h2372 14 0.0010 0.0015 0.9965 0.0010 
       h2382 14 0.0014 0.0017 0.9955 0.0014 
       h2392 14 0.0012 0.0020 0.9954 0.0014 
       h2402 14 0.0019 0.0022 0.9947 0.0012 
       h2412 14 0.0028 0.0019 0.9926 0.0028 
       h2422 14 0.0019 0.0019 0.9949 0.0014 
       h2432 14 0.0011 0.0016 0.9962 0.0011 
       h2442 14 0.0011 0.0015 0.9965 0.0010 
       h2452 14 0.0013 0.0026 0.9952 0.0010 
       h2462 14 0.0012 0.0013 0.9965 0.0011 
       h2472 14 0.0015 0.0016 0.9960 0.0010 
       h2482 14 0.0012 0.0018 0.9949 0.0021 
       h2492 14 0.0015 0.0022 0.9948 0.0016 
       h2502 14 0.0016 0.0021 0.9950 0.0013 
       h2511 14 0.0012 0.0015 0.9960 0.0013 
       h2521 14 0.0013 0.0026 0.9946 0.0015 
       h2531 14 0.0016 0.0017 0.9957 0.0011 
       h2541 14 0.0016 0.0019 0.9948 0.0018 
       h2551 14 0.0023 0.0023 0.9941 0.0013 
       h2561 14 0.0011 0.0016 0.9963 0.0011 
       h2571 14 0.0012 0.0015 0.9961 0.0012 
       h2581 14 0.0015 0.0014 0.9936 0.0035 
       h2591 14 0.0018 0.0027 0.9917 0.0039 
       h2601 14 0.0012 0.0020 0.9953 0.0015 
       h2611 14 0.0013 0.0013 0.9962 0.0012 
       h2621 14 0.0014 0.0017 0.9948 0.0021 
       h2631 14 0.0012 0.0017 0.9958 0.0013 
       h2641 14 0.0013 0.0017 0.9959 0.0012 
       h2651 14 0.0012 0.0021 0.9955 0.0013 
       h2661 14 0.0042 0.0026 0.9911 0.0021 
       h2671 14 0.0010 0.0014 0.9965 0.0011 
       h2681 14 0.0013 0.0016 0.9961 0.0011 
       h2691 14 0.0014 0.0016 0.9954 0.0016 
       h2701 14 0.0013 0.0013 0.9962 0.0012 
       h2711 14 0.0014 0.0024 0.9948 0.0014 
       h2721 14 0.0091 0.0082 0.9791 0.0035 
       h2731 14 0.0015 0.0020 0.9943 0.0022 
       h2741 14 0.0015 0.0015 0.9950 0.0020 
       h2751 14 0.0010 0.0017 0.9953 0.0020 
       h2761 14 0.0053 0.0034 0.9760 0.0154 
       h2771 14 0.0019 0.0017 0.9945 0.0019 
       h2781 14 0.0019 0.0019 0.9951 0.0012 
       h2791 14 0.0024 0.0022 0.9931 0.0023 
       h2801 14 0.0049 0.0041 0.9880 0.0029 
       h2811 14 0.0018 0.0027 0.9938 0.0018 
       h2821 14 0.0013 0.0016 0.9958 0.0012 
       h2831 14 0.0016 0.0038 0.9928 0.0017 
       h2841 14 0.0021 0.0025 0.9919 0.0035 
       h2851 14 0.0015 0.0017 0.9926 0.0042 
       h2861 14 0.0016 0.0017 0.9957 0.0010 
       h2871 14 0.0013 0.0019 0.9941 0.0027 
       h2881 14 0.0020 0.0065 0.9873 0.0043 
       h2891 14 0.0014 0.0024 0.9946 0.0015 
       h2901 14 0.0024 0.0017 0.9945 0.0014 
       h2911 14 0.0014 0.0031 0.9916 0.0038 
       h2921 14 0.0016 0.0016 0.9952 0.0016 
       h2931 14 0.0019 0.0028 0.9924 0.0029 
       h2941 14 0.0012 0.0016 0.9951 0.0021 
       h2951 14 0.0014 0.0016 0.9959 0.0012 
       h2961 14 0.0014 0.0019 0.9934 0.0034 
       h2971 14 0.0016 0.0016 0.9951 0.0016 
       h2981 14 0.0015 0.0060 0.9896 0.0029 
       h2991 14 0.0012 0.0013 0.9964 0.0011 
       h3001 14 0.0012 0.0018 0.9957 0.0013 
     EF.15EU 15 0.0013 0.0015 0.0019 0.9953 
     EF.15EE 15 0.0012 0.0016 0.0015 0.9957 
     EF.15EF 15 0.0017 0.0038 0.0032 0.9913 
     EF.15EH 15 0.0014 0.0015 0.0011 0.9960 
     EF.15EJ 15 0.0029 0.0068 0.0016 0.9887 
     EF.15EK 15 0.0013 0.0013 0.0013 0.9961 
     EF.15EL 15 0.0024 0.0014 0.0016 0.9946 
     EF.15EM 15 0.0015 0.0021 0.0014 0.9950 
     EF.15EP 15 0.0018 0.0018 0.0021 0.9943 
     EF.15ET 15 0.0023 0.0014 0.0017 0.9946 
     EF.15EX 15 0.0015 0.0015 0.0011 0.9960 
     EF.15F0 15 0.0012 0.0016 0.0014 0.9957 
     EF.15F1 15 0.0025 0.0026 0.0015 0.9934 
     EF.15F2 15 0.0013 0.0013 0.0016 0.9958 
     EF.15F3 15 0.0018 0.0020 0.0015 0.9947 
     EF.15F4 15 0.0010 0.0012 0.0012 0.9966 
     EF.15F5 15 0.0017 0.0026 0.0013 0.9945 
     EF.15F6 15 0.0012 0.0018 0.0018 0.9953 
     EF.15FC 15 0.0018 0.0025 0.0036 0.9921 
     EF.15FE 15 0.0025 0.0119 0.0037 0.9819 
     EF.15FF 15 0.0018 0.0019 0.0013 0.9950 
     EF.15FH 15 0.0011 0.0017 0.0017 0.9955 
     EF.15FJ 15 0.0021 0.0072 0.0070 0.9837 
     EF.15FK 15 0.0035 0.0035 0.0026 0.9903 
     EF.15FL 15 0.0013 0.0014 0.0015 0.9959 
     EF.15FM 15 0.0021 0.0057 0.0073 0.9850 
     EF.15FP 15 0.0013 0.0017 0.0015 0.9955 
       h0011 16 0.0028 0.0027 0.0033 0.9913 
       h0021 16 0.0020 0.0021 0.0014 0.9944 
       h0031 16 0.0016 0.0017 0.0011 0.9956 
       h0041 16 0.0012 0.0019 0.0021 0.9947 
       h0051 16 0.0011 0.0013 0.0011 0.9965 
       h0061 16 0.0017 0.0024 0.0038 0.9922 
       h0071 16 0.0013 0.0014 0.0015 0.9957 
       h0081 16 0.0010 0.0012 0.0012 0.9966 
       h0091 16 0.0013 0.0030 0.0046 0.9911 
       h0101 16 0.0019 0.0031 0.0015 0.9935 
       h0111 16 0.0038 0.0033 0.0014 0.9916 
       h0121 16 0.0013 0.0018 0.0019 0.9950 
       h0131 16 0.0014 0.0022 0.0019 0.9945 
       h0141 16 0.0017 0.0017 0.0020 0.9946 
       h0151 16 0.0025 0.0017 0.0022 0.9935 
       h0161 16 0.0026 0.0029 0.0039 0.9906 
       h0171 16 0.0018 0.0026 0.0011 0.9944 
       h0181 16 0.0016 0.0019 0.0011 0.9954 
       h0191 16 0.0020 0.0014 0.0013 0.9953 
       h0201 16 0.0021 0.0016 0.0016 0.9947 
       h0211 16 0.0017 0.0019 0.0045 0.9919 
       h0221 16 0.0015 0.0012 0.0010 0.9963 
       h0231 16 0.0014 0.0024 0.0016 0.9947 
       h0241 16 0.0015 0.0011 0.0012 0.9962 
       h0251 16 0.0019 0.0022 0.0022 0.9937 
       h0261 16 0.0017 0.0021 0.0015 0.9947 
       h0271 16 0.0014 0.0021 0.0013 0.9951 
       h0281 16 0.0017 0.0022 0.0023 0.9938 
       h0291 16 0.0013 0.0017 0.0025 0.9945 
       h0301 16 0.0021 0.0027 0.0016 0.9936 
       h0311 16 0.0015 0.0013 0.0013 0.9960 
       h0321 16 0.0020 0.0015 0.0013 0.9952 
       h0331 16 0.0036 0.0022 0.0017 0.9926 
       h0341 16 0.0022 0.0032 0.0023 0.9924 
       h0351 16 0.0016 0.0030 0.0022 0.9932 
       h0361 16 0.0013 0.0021 0.0018 0.9948 
       h0371 16 0.0011 0.0018 0.0022 0.9949 
       h0381 16 0.0014 0.0023 0.0027 0.9935 
       h0391 16 0.0011 0.0012 0.0012 0.9965 
       h0401 16 0.0014 0.0017 0.0013 0.9957 
       h0411 16 0.0011 0.0016 0.0011 0.9963 
       h0421 16 0.0014 0.0018 0.0019 0.9949 
       h0431 16 0.0013 0.0016 0.0012 0.9959 
       h0441 16 0.0011 0.0022 0.0012 0.9954 
       h0451 16 0.0014 0.0030 0.0020 0.9936 
       h0461 16 0.0012 0.0020 0.0015 0.9954 
       h0471 16 0.0015 0.0022 0.0012 0.9951 
       h0481 16 0.0013 0.0013 0.0011 0.9963 
       h0491 16 0.0015 0.0017 0.0013 0.9955 
       h0501 16 0.0017 0.0028 0.0016 0.9939 
       h0511 16 0.0015 0.0015 0.0014 0.9955 
       h0521 16 0.0021 0.0018 0.0018 0.9944 
       h0531 16 0.0011 0.0013 0.0012 0.9964 
       h0541 16 0.0012 0.0025 0.0013 0.9949 
       h0551 16 0.0019 0.0037 0.0047 0.9897 
       h0561 16 0.0011 0.0019 0.0019 0.9951 
       h0571 16 0.0015 0.0052 0.0028 0.9905 
       h0581 16 0.0011 0.0019 0.0018 0.9952 
       h0591 16 0.0016 0.0023 0.0016 0.9945 
       h0601 16 0.0017 0.0019 0.0021 0.9943 
       h0611 16 0.0027 0.0020 0.0044 0.9908 
       h0621 16 0.0017 0.0021 0.0013 0.9949 
       h0631 16 0.0011 0.0023 0.0012 0.9955 
       h0641 16 0.0020 0.0015 0.0010 0.9956 
       h0651 16 0.0026 0.0038 0.0071 0.9865 
       h0661 16 0.0014 0.0017 0.0012 0.9956 
       h0671 16 0.0013 0.0029 0.0013 0.9944 
       h0681 16 0.0017 0.0033 0.0017 0.9933 
       h0691 16 0.0018 0.0036 0.0015 0.9931 
       h0701 16 0.0015 0.0016 0.0014 0.9954 
       h0711 16 0.0037 0.0018 0.0016 0.9928 
       h0721 16 0.0018 0.0022 0.0021 0.9939 
       h0731 16 0.0019 0.0014 0.0014 0.9954 
       h0741 16 0.0013 0.0013 0.0014 0.9960 
       h0751 16 0.0017 0.0013 0.0014 0.9956 
       h0761 16 0.0015 0.0025 0.0022 0.9938 
       h0771 16 0.0021 0.0014 0.0014 0.9952 
       h0781 16 0.0019 0.0026 0.0031 0.9925 
       h0791 16 0.0021 0.0048 0.0020 0.9911 
       h0801 16 0.0011 0.0037 0.0031 0.9921 
       h0811 16 0.0018 0.0049 0.0060 0.9874 
       h0821 16 0.0020 0.0043 0.0014 0.9923 
       h0831 16 0.0014 0.0019 0.0017 0.9950 
       h0841 16 0.0021 0.0015 0.0016 0.9948 
       h0851 16 0.0013 0.0014 0.0014 0.9959 
       h0861 16 0.0015 0.0016 0.0015 0.9954 
       h0871 16 0.0020 0.0020 0.0016 0.9944 
       h0881 16 0.0016 0.0018 0.0014 0.9951 
       h0891 16 0.0021 0.0054 0.0343 0.9583 
       h0901 16 0.0016 0.0022 0.0033 0.9929 
       h0911 16 0.0014 0.0013 0.0011 0.9961 
       h0921 16 0.0015 0.0018 0.0012 0.9955 
       h0931 16 0.0025 0.0018 0.0017 0.9940 
       h0941 16 0.0013 0.0015 0.0013 0.9959 
       h0951 16 0.0014 0.0015 0.0012 0.9959 
       h0961 16 0.0016 0.0014 0.0030 0.9939 
       h0971 16 0.0013 0.0016 0.0013 0.9958 
       h0981 16 0.0014 0.0012 0.0009 0.9964 
       h0991 16 0.0017 0.0019 0.0014 0.9950 
       h1001 16 0.0014 0.0052 0.0026 0.9908 
       h1011 16 0.0014 0.0016 0.0011 0.9959 
       h1021 16 0.0019 0.0017 0.0015 0.9949 
       h1031 16 0.0018 0.0021 0.0021 0.9940 
       h1041 16 0.0046 0.0029 0.0021 0.9904 
       h1051 16 0.0013 0.0018 0.0015 0.9953 
       h1061 16 0.0017 0.0038 0.0060 0.9886 
       h1071 16 0.0016 0.0017 0.0012 0.9954 
       h1081 16 0.0014 0.0014 0.0011 0.9962 
       h1091 16 0.0016 0.0017 0.0015 0.9952 
       h1101 16 0.0015 0.0013 0.0014 0.9957 
       h1111 16 0.0012 0.0013 0.0010 0.9965 
       h1121 16 0.0013 0.0016 0.0013 0.9958 
       h1131 16 0.0013 0.0026 0.0014 0.9947 
       h1141 16 0.0023 0.0023 0.0018 0.9936 
       h1151 16 0.0012 0.0014 0.0012 0.9961 
       h1161 16 0.0018 0.0022 0.0017 0.9943 
       h1171 16 0.0018 0.0021 0.0011 0.9949 
       h1181 16 0.0013 0.0013 0.0014 0.9960 
       h1191 16 0.0016 0.0015 0.0011 0.9958 
       h1201 16 0.0014 0.0018 0.0015 0.9953 
       h1211 16 0.0026 0.0054 0.0091 0.9828 
       h1221 16 0.0018 0.0017 0.0012 0.9954 
       h1231 16 0.0022 0.0014 0.0025 0.9938 
       h1241 16 0.0017 0.0023 0.0019 0.9941 
       h1251 16 0.0011 0.0016 0.0010 0.9963 
       h1261 16 0.0019 0.0040 0.0014 0.9927 
       h1271 16 0.0015 0.0020 0.0013 0.9952 
       h1281 16 0.0016 0.0018 0.0020 0.9946 
       h1291 16 0.0016 0.0017 0.0021 0.9946 
       h1301 16 0.0018 0.0022 0.0025 0.9935 
       h1311 16 0.0018 0.0020 0.0017 0.9944 
       h1321 16 0.0014 0.0016 0.0016 0.9954 
       h1331 16 0.0016 0.0013 0.0010 0.9961 
       h1341 16 0.0012 0.0015 0.0015 0.9958 
       h1351 16 0.0014 0.0029 0.0013 0.9944 
       h1361 16 0.0013 0.0017 0.0014 0.9956 
       h1371 16 0.0021 0.0024 0.0040 0.9916 
       h1381 16 0.0017 0.0040 0.0019 0.9924 
       h1391 16 0.0021 0.0135 0.0029 0.9815 
       h1401 16 0.0020 0.0050 0.0041 0.9889 
       h1411 16 0.0014 0.0013 0.0013 0.9959 
       h1421 16 0.0020 0.0025 0.0062 0.9893 
       h1431 16 0.0014 0.0040 0.0023 0.9923 
       h1441 16 0.0019 0.0039 0.0033 0.9910 
       h1451 16 0.0021 0.0029 0.0025 0.9925 
       h1461 16 0.0021 0.0018 0.0014 0.9946 
       h1471 16 0.0020 0.0020 0.0015 0.9945 
       h1481 16 0.0017 0.0018 0.0020 0.9946 
       h1491 16 0.0020 0.0016 0.0024 0.9940 
       h1501 16 0.0019 0.0033 0.0019 0.9929 
       h1511 16 0.0013 0.0017 0.0014 0.9956 
       h1521 16 0.0014 0.0059 0.0105 0.9823 
       h1531 16 0.0012 0.0013 0.0009 0.9965 
       h1541 16 0.0011 0.0012 0.0010 0.9968 
       h1551 16 0.0023 0.0026 0.0019 0.9932 
       h1561 16 0.0013 0.0013 0.0011 0.9964 
       h1571 16 0.0013 0.0025 0.0025 0.9937 
       h1581 16 0.0026 0.0022 0.0013 0.9940 
       h1591 16 0.0019 0.0039 0.0052 0.9891 
       h1601 16 0.0016 0.0015 0.0011 0.9958 
       h1611 16 0.0017 0.0018 0.0018 0.9947 
       h1621 16 0.0015 0.0021 0.0029 0.9934 
       h1631 16 0.0013 0.0019 0.0011 0.9957 
       h1641 16 0.0014 0.0015 0.0013 0.9958 
       h1651 16 0.0017 0.0041 0.0038 0.9904 
       h1661 16 0.0014 0.0017 0.0022 0.9947 
       h1671 16 0.0021 0.0023 0.0016 0.9940 
       h1681 16 0.0015 0.0027 0.0014 0.9944 
       h1691 16 0.0015 0.0016 0.0017 0.9952 
       h1701 16 0.0027 0.0016 0.0013 0.9944 
       h1711 16 0.0017 0.0018 0.0013 0.9953 
       h1721 16 0.0016 0.0020 0.0017 0.9946 
       h1731 16 0.0020 0.0023 0.0018 0.9939 
       h1741 16 0.0016 0.0020 0.0025 0.9940 
       h1751 16 0.0021 0.0021 0.0015 0.9944 
       h1761 16 0.0017 0.0023 0.0021 0.9939 
       h1771 16 0.0013 0.0022 0.0017 0.9948 
       h1781 16 0.0016 0.0028 0.0038 0.9919 
       h1791 16 0.0015 0.0017 0.0012 0.9956 
       h1801 16 0.0012 0.0030 0.0018 0.9939 
       h1811 16 0.0013 0.0013 0.0012 0.9962 
       h1821 16 0.0015 0.0023 0.0016 0.9946 
       h1831 16 0.0012 0.0016 0.0016 0.9956 
       h1841 16 0.0013 0.0033 0.0018 0.9936 
       h1851 16 0.0018 0.0027 0.0018 0.9937 
       h1861 16 0.0015 0.0018 0.0016 0.9951 
       h1871 16 0.0016 0.0033 0.0019 0.9932 
       h1881 16 0.0016 0.0013 0.0013 0.9959 
       h1891 16 0.0014 0.0052 0.0022 0.9911 
       h1901 16 0.0018 0.0019 0.0021 0.9942 
       h1911 16 0.0016 0.0014 0.0014 0.9957 
       h1921 16 0.0013 0.0024 0.0012 0.9951 
       h1931 16 0.0016 0.0014 0.0012 0.9958 
       h1941 16 0.0026 0.0032 0.0023 0.9920 
       h1951 16 0.0023 0.0026 0.0022 0.9928 
       h1961 16 0.0015 0.0021 0.0020 0.9944 
       h1971 16 0.0014 0.0015 0.0013 0.9959 
       h1981 16 0.0020 0.0019 0.0047 0.9914 
       h1991 16 0.0014 0.0024 0.0019 0.9943 
       h2001 16 0.0015 0.0014 0.0016 0.9954 
       h2011 16 0.0010 0.0014 0.0011 0.9965 
       h2021 16 0.0023 0.0015 0.0014 0.9948 
       h2031 16 0.0012 0.0017 0.0010 0.9960 
       h2041 16 0.0013 0.0020 0.0012 0.9955 
       h2051 16 0.0013 0.0017 0.0018 0.9952 
       h2061 16 0.0019 0.0046 0.0028 0.9907 
       h2071 16 0.0015 0.0018 0.0021 0.9945 
       h2081 16 0.0014 0.0029 0.0033 0.9924 
       h2091 16 0.0014 0.0024 0.0014 0.9949 
       h2101 16 0.0012 0.0032 0.0031 0.9925 
       h2111 16 0.0025 0.0014 0.0016 0.9946 
       h2121 16 0.0015 0.0018 0.0013 0.9953 
       h2131 16 0.0012 0.0014 0.0011 0.9963 
       h2141 16 0.0022 0.0023 0.0016 0.9940 
       h2151 16 0.0021 0.0024 0.0011 0.9944 
       h2161 16 0.0015 0.0014 0.0015 0.9956 
       h2171 16 0.0017 0.0014 0.0012 0.9958 
       h2181 16 0.0014 0.0018 0.0014 0.9953 
       h2191 16 0.0016 0.0014 0.0012 0.9958 
       h2201 16 0.0015 0.0026 0.0019 0.9939 
       h2211 16 0.0014 0.0023 0.0014 0.9950 
       h2221 16 0.0020 0.0025 0.0020 0.9935 
       h2231 16 0.0020 0.0017 0.0012 0.9951 
       h2241 16 0.0023 0.0017 0.0012 0.9948 
       h2251 16 0.0016 0.0030 0.0019 0.9935 
       h2261 16 0.0015 0.0019 0.0018 0.9948 
       h2271 16 0.0019 0.0038 0.0031 0.9912 
       h2281 16 0.0018 0.0020 0.0014 0.9949 
       h2291 16 0.0014 0.0016 0.0016 0.9954 
       h2301 16 0.0012 0.0018 0.0021 0.9949 
       h2311 16 0.0016 0.0027 0.0018 0.9939 
       h2321 16 0.0013 0.0014 0.0009 0.9964 
       h2331 16 0.0012 0.0015 0.0016 0.9958 
       h2341 16 0.0011 0.0014 0.0016 0.9959 
       h2351 16 0.0021 0.0031 0.0101 0.9847 
       h2361 16 0.0037 0.0033 0.0029 0.9901 
       h2371 16 0.0013 0.0015 0.0038 0.9933 
       h2381 16 0.0011 0.0024 0.0015 0.9950 
       h2391 16 0.0029 0.0014 0.0011 0.9945 
       h2401 16 0.0015 0.0020 0.0017 0.9948 
       h2411 16 0.0012 0.0015 0.0013 0.9960 
       h2421 16 0.0016 0.0012 0.0012 0.9960 
       h2431 16 0.0018 0.0022 0.0022 0.9938 
       h2441 16 0.0017 0.0028 0.0024 0.9931 
       h2451 16 0.0018 0.0015 0.0013 0.9954 
       h2461 16 0.0014 0.0020 0.0014 0.9952 
       h2471 16 0.0017 0.0025 0.0027 0.9931 
       h2481 16 0.0017 0.0024 0.0020 0.9939 
       h2491 16 0.0013 0.0015 0.0014 0.9958 
       h2501 16 0.0015 0.0019 0.0016 0.9950 
        h251 16 0.0014 0.0027 0.0022 0.9938 
        h252 16 0.0014 0.0015 0.0016 0.9955 
        h253 16 0.0013 0.0014 0.0015 0.9958 
        h254 16 0.0017 0.0016 0.0013 0.9954 
        h255 16 0.0012 0.0017 0.0017 0.9954 
        h256 16 0.0013 0.0020 0.0011 0.9955 
        h257 16 0.0017 0.0029 0.0033 0.9921 
        h258 16 0.0020 0.0019 0.0031 0.9931 
        h259 16 0.0021 0.0037 0.0019 0.9922 
        h260 16 0.0020 0.0024 0.0016 0.9940 
        h261 16 0.0012 0.0015 0.0014 0.9959 
        h262 16 0.0010 0.0013 0.0010 0.9967 
        h263 16 0.0014 0.0017 0.0014 0.9955 
        h264 16 0.0021 0.0032 0.0047 0.9899 
        h265 16 0.0013 0.0021 0.0016 0.9950 
        h266 16 0.0018 0.0017 0.0013 0.9951 
        h267 16 0.0018 0.0019 0.0013 0.9949 
        h268 16 0.0012 0.0018 0.0015 0.9955 
        h269 16 0.0032 0.0022 0.0020 0.9927 
        h270 16 0.0016 0.0020 0.0013 0.9952 
        h271 16 0.0019 0.0064 0.0031 0.9886 
        h272 16 0.0033 0.0051 0.0040 0.9876 
        h273 16 0.0014 0.0020 0.0015 0.9951 
        h274 16 0.0017 0.0022 0.0021 0.9940 
        h275 16 0.0023 0.0026 0.0017 0.9934 
        h276 16 0.0035 0.0020 0.0047 0.9898 
        h277 16 0.0017 0.0025 0.0014 0.9944 
        h278 16 0.0023 0.0014 0.0015 0.9948 
        h279 16 0.0015 0.0021 0.0014 0.9950 
        h280 16 0.0011 0.0016 0.0020 0.9952 
        h281 16 0.0029 0.0035 0.0023 0.9914 
        h282 16 0.0020 0.0019 0.0032 0.9930 
        h283 16 0.0014 0.0035 0.0018 0.9933 
        h284 16 0.0024 0.0016 0.0013 0.9947 
        h285 16 0.0021 0.0022 0.0013 0.9944 
        h286 16 0.0029 0.0040 0.0023 0.9908 
        h287 16 0.0026 0.0058 0.0058 0.9858 
        h288 16 0.0016 0.0026 0.0022 0.9936 
        h289 16 0.0015 0.0021 0.0015 0.9949 
        h290 16 0.0014 0.0020 0.0029 0.9937 
        h291 16 0.0021 0.0038 0.0017 0.9923 
        h292 16 0.0016 0.0025 0.0019 0.9940 
        h293 16 0.0017 0.0023 0.0031 0.9929 
        h294 16 0.0013 0.0024 0.0017 0.9947 
        h295 16 0.0014 0.0014 0.0015 0.9957 
        h296 16 0.0015 0.0017 0.0014 0.9953 
        h297 16 0.0015 0.0014 0.0012 0.9959 
        h298 16 0.0015 0.0036 0.0017 0.9932 
        h299 16 0.0012 0.0016 0.0013 0.9959 
        h300 16 0.0014 0.0015 0.0010 0.9961 
      CC00K0 17 0.0016 0.9932 0.0015 0.0037 
      CC01AY 17 0.0021 0.9817 0.0036 0.0125 
      CC01EE 17 0.0025 0.9909 0.0023 0.0043 
      CC03KH 17 0.0023 0.9823 0.0016 0.0138 
      CC04FK 17 0.0032 0.9910 0.0028 0.0031 
      CC04H8 17 0.0028 0.9610 0.0113 0.0249 
      CC05EL 17 0.0029 0.9818 0.0031 0.0122 
      CC05EM 17 0.0014 0.9942 0.0019 0.0025 
      CC05EX 17 0.0015 0.9937 0.0016 0.0032 
      CC05H2 17 0.0012 0.9861 0.0082 0.0045 
      CC05HP 17 0.0015 0.9919 0.0024 0.0042 
      CC05X0 17 0.0024 0.9914 0.0016 0.0045 
      CC05X7 17 0.0019 0.9910 0.0039 0.0032 
      CC0637 17 0.0017 0.9859 0.0039 0.0085 
      CC0640 17 0.0024 0.9895 0.0022 0.0059 
      FCC01M 17 0.0017 0.9821 0.0065 0.0097 
      FCC2JC 17 0.0215 0.8107 0.0022 0.1655 
      CC00JM 17 0.0108 0.9749 0.0048 0.0096 
      CC00T6 17 0.0036 0.9742 0.0173 0.0050 
      CC00T7 17 0.0017 0.9884 0.0017 0.0082 
      CC00TC 17 0.0035 0.9648 0.0182 0.0135 
      CC01CJ 17 0.0029 0.9680 0.0188 0.0104 
      CC01CY 17 0.0022 0.9836 0.0062 0.0081 
      CC01EC 17 0.0026 0.9863 0.0017 0.0094 
      CC01EH 17 0.0048 0.9471 0.0077 0.0404 
      CC01F2 17 0.0025 0.9921 0.0023 0.0031 
      CC01FL 17 0.0019 0.9605 0.0305 0.0071 
      CC025E 17 0.0039 0.9773 0.0037 0.0151 
      CC03E3 17 0.0017 0.9508 0.0450 0.0025 
      CC04AU 17 0.0017 0.9909 0.0015 0.0059 
      CC04EK 17 0.0018 0.9914 0.0022 0.0046 
      CC05FX 17 0.0016 0.9474 0.0038 0.0472 
      CC05H7 17 0.0032 0.9885 0.0046 0.0037 
      CC05M5 17 0.0020 0.9918 0.0015 0.0048 
      CC05YK 17 0.0030 0.9503 0.0422 0.0046 
      CC0630 17 0.0022 0.9924 0.0019 0.0034 
      CC066E 17 0.0028 0.9875 0.0036 0.0061 
      CC01ET 17 0.0046 0.9506 0.0125 0.0323 
      CC01F1 17 0.0044 0.9813 0.0041 0.0102 
      CC063M 17 0.0062 0.9870 0.0044 0.0024 
       h0013 18 0.0016 0.8494 0.0024 0.1466 
       h0023 18 0.0039 0.9616 0.0109 0.0235 
       h0033 18 0.0018 0.9843 0.0021 0.0117 
       h0043 18 0.0022 0.9636 0.0020 0.0322 
       h0053 18 0.0030 0.9308 0.0026 0.0637 
       h0063 18 0.0017 0.9918 0.0019 0.0046 
       h0073 18 0.0017 0.9922 0.0034 0.0027 
       h0083 18 0.0020 0.9893 0.0023 0.0064 
       h0093 18 0.0028 0.9729 0.0196 0.0048 
       h0103 18 0.0023 0.9869 0.0039 0.0070 
       h0113 18 0.0015 0.9871 0.0023 0.0091 
       h0123 18 0.0018 0.9920 0.0032 0.0030 
       h0133 18 0.0022 0.9917 0.0037 0.0024 
       h0143 18 0.0014 0.9933 0.0014 0.0039 
       h0153 18 0.0022 0.9711 0.0139 0.0128 
       h0163 18 0.0024 0.9868 0.0017 0.0091 
       h0173 18 0.0017 0.9899 0.0041 0.0042 
       h0183 18 0.0018 0.9795 0.0153 0.0034 
       h0193 18 0.0015 0.9944 0.0015 0.0027 
       h0203 18 0.0024 0.9850 0.0024 0.0102 
       h0213 18 0.0026 0.9568 0.0015 0.0391 
       h0223 18 0.0021 0.9431 0.0507 0.0041 
       h0233 18 0.0020 0.9890 0.0045 0.0046 
       h0243 18 0.0027 0.9903 0.0041 0.0028 
       h0253 18 0.0018 0.9929 0.0041 0.0012 
       h0263 18 0.0018 0.9807 0.0131 0.0044 
       h0273 18 0.0016 0.9934 0.0024 0.0026 
       h0283 18 0.0020 0.9930 0.0022 0.0028 
       h0293 18 0.0028 0.9566 0.0367 0.0039 
       h0303 18 0.0028 0.9898 0.0046 0.0029 
       h0313 18 0.0018 0.9906 0.0044 0.0031 
       h0323 18 0.0022 0.9821 0.0075 0.0083 
       h0333 18 0.0013 0.9911 0.0046 0.0030 
       h0343 18 0.0020 0.9924 0.0022 0.0035 
       h0353 18 0.0018 0.9910 0.0022 0.0050 
       h0363 18 0.0020 0.9861 0.0104 0.0015 
       h0373 18 0.0034 0.9908 0.0019 0.0039 
       h0383 18 0.0031 0.9896 0.0030 0.0043 
       h0393 18 0.0047 0.9705 0.0157 0.0092 
       h0403 18 0.0014 0.9921 0.0025 0.0040 
       h0413 18 0.0023 0.9843 0.0021 0.0113 
       h0423 18 0.0053 0.9795 0.0033 0.0119 
       h0433 18 0.0019 0.8774 0.0036 0.1172 
       h0443 18 0.0017 0.9597 0.0017 0.0369 
       h0453 18 0.0025 0.9071 0.0043 0.0860 
       h0463 18 0.0025 0.9867 0.0083 0.0025 
       h0473 18 0.0027 0.9836 0.0100 0.0038 
       h0483 18 0.0026 0.9849 0.0039 0.0086 
       h0493 18 0.0014 0.9864 0.0065 0.0057 
       h0503 18 0.0015 0.9705 0.0019 0.0261 
       h0513 18 0.0077 0.9793 0.0039 0.0090 
       h0523 18 0.0020 0.9899 0.0060 0.0020 
       h0533 18 0.0034 0.9845 0.0085 0.0036 
       h0543 18 0.0046 0.9527 0.0267 0.0160 
       h0553 18 0.0020 0.9895 0.0038 0.0047 
       h0563 18 0.0016 0.9917 0.0020 0.0047 
       h0573 18 0.0021 0.9893 0.0063 0.0022 
       h0583 18 0.0031 0.9862 0.0051 0.0055 
       h0593 18 0.0014 0.9919 0.0024 0.0042 
       h0603 18 0.0016 0.9767 0.0019 0.0198 
       h0613 18 0.0023 0.9840 0.0016 0.0121 
       h0623 18 0.0023 0.9926 0.0030 0.0021 
       h0633 18 0.0050 0.9878 0.0026 0.0046 
       h0643 18 0.0016 0.9933 0.0017 0.0034 
       h0653 18 0.0027 0.9733 0.0021 0.0219 
       h0663 18 0.0021 0.9570 0.0088 0.0322 
       h0673 18 0.0026 0.8548 0.1402 0.0024 
       h0683 18 0.0017 0.9931 0.0016 0.0036 
       h0693 18 0.0026 0.9888 0.0042 0.0044 
       h0703 18 0.0019 0.9822 0.0121 0.0037 
       h0713 18 0.0024 0.9483 0.0020 0.0473 
       h0723 18 0.0039 0.9685 0.0016 0.0261 
       h0733 18 0.0019 0.9917 0.0029 0.0034 
       h0743 18 0.0029 0.9652 0.0036 0.0283 
       h0753 18 0.0031 0.9503 0.0078 0.0389 
       h0763 18 0.0014 0.9934 0.0015 0.0037 
       h0773 18 0.0026 0.9889 0.0045 0.0040 
       h0783 18 0.0017 0.9434 0.0026 0.0524 
       h0793 18 0.0021 0.9219 0.0054 0.0707 
       h0803 18 0.0025 0.9852 0.0076 0.0047 
       h0813 18 0.0017 0.9806 0.0033 0.0144 
       h0823 18 0.0018 0.9916 0.0020 0.0046 
       h0833 18 0.0038 0.9906 0.0019 0.0036 
       h0843 18 0.0015 0.9924 0.0032 0.0030 
       h0853 18 0.0019 0.9867 0.0020 0.0095 
       h0863 18 0.0019 0.9559 0.0021 0.0401 
       h0873 18 0.0017 0.9734 0.0032 0.0216 
       h0883 18 0.0018 0.9919 0.0038 0.0026 
       h0893 18 0.0039 0.9378 0.0022 0.0561 
       h0903 18 0.0017 0.9886 0.0020 0.0076 
       h0913 18 0.0040 0.9643 0.0051 0.0265 
       h0923 18 0.0082 0.9264 0.0169 0.0486 
       h0933 18 0.0016 0.9891 0.0033 0.0060 
       h0943 18 0.0016 0.9910 0.0018 0.0056 
       h0953 18 0.0020 0.9202 0.0019 0.0758 
       h0963 18 0.0064 0.9410 0.0387 0.0139 
       h0973 18 0.0024 0.9834 0.0117 0.0024 
       h0983 18 0.0016 0.9542 0.0039 0.0403 
       h0993 18 0.0015 0.9904 0.0047 0.0034 
       h1003 18 0.0020 0.9209 0.0044 0.0727 
       h1013 18 0.0055 0.9761 0.0049 0.0135 
       h1023 18 0.0018 0.9566 0.0029 0.0386 
       h1033 18 0.0016 0.9937 0.0016 0.0030 
       h1043 18 0.0034 0.9865 0.0060 0.0041 
       h1053 18 0.0037 0.9764 0.0041 0.0159 
       h1063 18 0.0045 0.9775 0.0104 0.0076 
       h1073 18 0.0039 0.9730 0.0069 0.0162 
       h1083 18 0.0041 0.9794 0.0057 0.0108 
       h1093 18 0.0020 0.9893 0.0016 0.0070 
       h1103 18 0.0016 0.9912 0.0038 0.0034 
       h1113 18 0.0021 0.9927 0.0017 0.0034 
       h1123 18 0.0037 0.9686 0.0112 0.0165 
       h1133 18 0.0040 0.9823 0.0092 0.0045 
       h1143 18 0.0014 0.9870 0.0081 0.0035 
       h1153 18 0.0025 0.9830 0.0085 0.0061 
       h1163 18 0.0023 0.7044 0.0030 0.2903 
       h1173 18 0.0021 0.8957 0.0048 0.0974 
       h1183 18 0.0026 0.9860 0.0052 0.0062 
       h1193 18 0.0019 0.9907 0.0045 0.0028 
       h1203 18 0.0015 0.9880 0.0058 0.0047 
       h1213 18 0.0038 0.9517 0.0032 0.0414 
       h1223 18 0.0045 0.9859 0.0051 0.0045 
       h1233 18 0.0024 0.9910 0.0029 0.0038 
       h1243 18 0.0015 0.9853 0.0013 0.0119 
       h1253 18 0.0018 0.9909 0.0028 0.0045 
       h1263 18 0.0030 0.9884 0.0050 0.0036 
       h1273 18 0.0032 0.9049 0.0070 0.0849 
       h1283 18 0.0016 0.9893 0.0073 0.0019 
       h1293 18 0.0019 0.9844 0.0072 0.0064 
       h1303 18 0.0011 0.9916 0.0026 0.0047 
       h1313 18 0.0035 0.7734 0.0025 0.2205 
       h1323 18 0.0015 0.9938 0.0015 0.0032 
       h1333 18 0.0017 0.9924 0.0029 0.0030 
       h1343 18 0.0021 0.9907 0.0033 0.0039 
       h1353 18 0.0042 0.9894 0.0027 0.0037 
       h1363 18 0.0019 0.9787 0.0024 0.0170 
       h1373 18 0.0024 0.9765 0.0031 0.0179 
       h1383 18 0.0032 0.9889 0.0027 0.0052 
       h1393 18 0.0027 0.9757 0.0188 0.0027 
       h1403 18 0.0028 0.9657 0.0040 0.0275 
       h1413 18 0.0034 0.9922 0.0017 0.0026 
       h1423 18 0.0115 0.9823 0.0024 0.0039 
       h1433 18 0.0019 0.9923 0.0017 0.0041 
       h1443 18 0.0024 0.9891 0.0055 0.0029 
       h1453 18 0.0054 0.9821 0.0037 0.0088 
       h1463 18 0.0017 0.9685 0.0049 0.0250 
       h1473 18 0.0026 0.9687 0.0058 0.0228 
       h1483 18 0.0028 0.9916 0.0022 0.0033 
       h1493 18 0.0017 0.9926 0.0041 0.0016 
       h1503 18 0.0016 0.9873 0.0039 0.0071 
       h1513 18 0.0025 0.9886 0.0034 0.0055 
       h1523 18 0.0015 0.9938 0.0022 0.0025 
       h1533 18 0.0013 0.9835 0.0021 0.0130 
       h1543 18 0.0022 0.9797 0.0016 0.0166 
       h1553 18 0.0040 0.9882 0.0047 0.0031 
       h1563 18 0.0024 0.9692 0.0025 0.0258 
       h1573 18 0.0035 0.9871 0.0065 0.0029 
       h1583 18 0.0039 0.9596 0.0294 0.0071 
       h1593 18 0.0018 0.9664 0.0164 0.0154 
       h1603 18 0.0017 0.9626 0.0337 0.0020 
       h1613 18 0.0017 0.9923 0.0032 0.0028 
       h1623 18 0.0029 0.9874 0.0031 0.0066 
       h1633 18 0.0056 0.9838 0.0073 0.0034 
       h1643 18 0.0024 0.9855 0.0083 0.0038 
       h1653 18 0.0045 0.6672 0.2808 0.0475 
       h1663 18 0.0020 0.9899 0.0026 0.0055 
       h1673 18 0.0057 0.9872 0.0035 0.0035 
       h1683 18 0.0016 0.9763 0.0156 0.0065 
       h1693 18 0.0033 0.9810 0.0104 0.0053 
       h1703 18 0.0015 0.9875 0.0021 0.0089 
       h1713 18 0.0017 0.9941 0.0023 0.0019 
       h1723 18 0.0072 0.9845 0.0056 0.0027 
       h1733 18 0.0015 0.9920 0.0036 0.0029 
       h1743 18 0.0019 0.9938 0.0019 0.0025 
       h1753 18 0.0011 0.9947 0.0019 0.0022 
       h1763 18 0.0031 0.9744 0.0158 0.0066 
       h1773 18 0.0012 0.9939 0.0030 0.0018 
       h1783 18 0.0015 0.9921 0.0017 0.0047 
       h1793 18 0.0019 0.9825 0.0091 0.0065 
       h1803 18 0.0023 0.9883 0.0045 0.0048 
       h1813 18 0.0030 0.9903 0.0036 0.0031 
       h1823 18 0.0024 0.9811 0.0117 0.0047 
       h1833 18 0.0046 0.9692 0.0027 0.0235 
       h1843 18 0.0013 0.9718 0.0218 0.0051 
       h1853 18 0.0059 0.9675 0.0033 0.0232 
       h1863 18 0.0012 0.9856 0.0023 0.0108 
       h1873 18 0.0020 0.9722 0.0044 0.0215 
       h1883 18 0.0038 0.9739 0.0037 0.0185 
       h1893 18 0.0015 0.9838 0.0044 0.0103 
       h1903 18 0.0029 0.9895 0.0025 0.0050 
       h1913 18 0.0037 0.9861 0.0075 0.0027 
       h1923 18 0.0030 0.9834 0.0035 0.0101 
       h1933 18 0.0014 0.9857 0.0049 0.0080 
       h1943 18 0.0037 0.9874 0.0016 0.0074 
       h1953 18 0.0020 0.9927 0.0022 0.0031 
       h1963 18 0.0043 0.9576 0.0195 0.0186 
       h1973 18 0.0030 0.9803 0.0111 0.0055 
       h1983 18 0.0026 0.9898 0.0035 0.0041 
       h1993 18 0.0037 0.9917 0.0023 0.0023 
       h2003 18 0.0022 0.9761 0.0087 0.0130 
       h2013 18 0.0053 0.9641 0.0031 0.0274 
       h2023 18 0.0021 0.9925 0.0012 0.0043 
       h2033 18 0.0026 0.9908 0.0017 0.0049 
       h2043 18 0.0025 0.9875 0.0021 0.0079 
       h2053 18 0.0036 0.9244 0.0329 0.0391 
       h2063 18 0.0024 0.9817 0.0037 0.0122 
       h2073 18 0.0032 0.9782 0.0027 0.0159 
       h2083 18 0.0044 0.9586 0.0116 0.0254 
       h2093 18 0.0078 0.9863 0.0028 0.0031 
       h2103 18 0.0021 0.9874 0.0030 0.0074 
       h2113 18 0.0028 0.9887 0.0035 0.0051 
       h2123 18 0.0019 0.9240 0.0717 0.0024 
       h2133 18 0.0029 0.9894 0.0033 0.0044 
       h2143 18 0.0020 0.9739 0.0032 0.0209 
       h2153 18 0.0018 0.9824 0.0058 0.0100 
       h2163 18 0.0022 0.9897 0.0024 0.0057 
       h2173 18 0.0018 0.9548 0.0049 0.0385 
       h2183 18 0.0025 0.9810 0.0037 0.0128 
       h2193 18 0.0012 0.9917 0.0020 0.0051 
       h2203 18 0.0020 0.9920 0.0025 0.0034 
       h2213 18 0.0019 0.9793 0.0015 0.0173 
       h2223 18 0.0027 0.9877 0.0057 0.0039 
       h2233 18 0.0019 0.9865 0.0025 0.0091 
       h2243 18 0.0023 0.8420 0.1522 0.0036 
       h2253 18 0.0017 0.9852 0.0097 0.0033 
       h2263 18 0.0026 0.9794 0.0022 0.0157 
       h2273 18 0.0053 0.9621 0.0024 0.0302 
       h2283 18 0.0019 0.9894 0.0019 0.0067 
       h2293 18 0.0038 0.9360 0.0077 0.0524 
       h2303 18 0.0046 0.9707 0.0014 0.0233 
       h2313 18 0.0032 0.9754 0.0039 0.0175 
       h2323 18 0.0036 0.9841 0.0074 0.0049 
       h2333 18 0.0032 0.9877 0.0024 0.0066 
       h2343 18 0.0038 0.9713 0.0131 0.0118 
       h2353 18 0.0016 0.9913 0.0020 0.0051 
       h2363 18 0.0016 0.9836 0.0035 0.0112 
       h2373 18 0.0019 0.9936 0.0015 0.0031 
       h2383 18 0.0023 0.9908 0.0022 0.0047 
       h2393 18 0.0081 0.9753 0.0136 0.0030 
       h2403 18 0.0015 0.9944 0.0021 0.0020 
       h2413 18 0.0022 0.9924 0.0020 0.0033 
       h2423 18 0.0022 0.9583 0.0055 0.0340 
       h2433 18 0.0016 0.9911 0.0020 0.0053 
       h2443 18 0.0267 0.9608 0.0024 0.0102 
       h2453 18 0.0018 0.8929 0.0022 0.1031 
       h2463 18 0.0025 0.9871 0.0018 0.0086 
       h2473 18 0.0020 0.9925 0.0028 0.0027 
       h2483 18 0.0012 0.9938 0.0035 0.0014 
       h2493 18 0.0015 0.9883 0.0029 0.0074 
       h2503 18 0.0016 0.9949 0.0013 0.0023 
       h2512 18 0.0023 0.9871 0.0056 0.0049 
       h2522 18 0.0025 0.9610 0.0016 0.0349 
       h2532 18 0.0241 0.9701 0.0027 0.0032 
       h2542 18 0.0018 0.9567 0.0068 0.0347 
       h2552 18 0.0021 0.9702 0.0022 0.0255 
       h2562 18 0.0069 0.9722 0.0084 0.0125 
       h2572 18 0.0014 0.9870 0.0072 0.0044 
       h2582 18 0.0022 0.9862 0.0026 0.0089 
       h2592 18 0.0013 0.9533 0.0019 0.0435 
       h2602 18 0.0024 0.9895 0.0043 0.0038 
       h2612 18 0.0014 0.9927 0.0037 0.0021 
       h2622 18 0.0026 0.9792 0.0049 0.0134 
       h2632 18 0.0019 0.9852 0.0106 0.0023 
       h2642 18 0.0021 0.9904 0.0043 0.0033 
       h2652 18 0.0035 0.9604 0.0324 0.0038 
       h2662 18 0.0020 0.9880 0.0056 0.0043 
       h2672 18 0.0033 0.9918 0.0027 0.0022 
       h2682 18 0.0019 0.9914 0.0041 0.0026 
       h2692 18 0.0022 0.9793 0.0058 0.0127 
       h2702 18 0.0027 0.9881 0.0031 0.0060 
       h2712 18 0.0029 0.9898 0.0028 0.0046 
       h2722 18 0.0019 0.9710 0.0062 0.0208 
       h2732 18 0.0089 0.8519 0.0163 0.1229 
       h2742 18 0.0022 0.9902 0.0030 0.0047 
       h2752 18 0.0021 0.9685 0.0021 0.0273 
       h2762 18 0.0014 0.9940 0.0017 0.0029 
       h2772 18 0.0021 0.9666 0.0023 0.0290 
       h2782 18 0.0023 0.9696 0.0228 0.0053 
       h2792 18 0.0045 0.9297 0.0556 0.0102 
       h2802 18 0.0021 0.9342 0.0016 0.0621 
       h2812 18 0.0015 0.9810 0.0036 0.0139 
       h2822 18 0.0038 0.9807 0.0037 0.0119 
       h2832 18 0.0021 0.9842 0.0027 0.0110 
       h2842 18 0.0014 0.9803 0.0028 0.0155 
       h2852 18 0.0028 0.9834 0.0080 0.0058 
       h2862 18 0.0021 0.9900 0.0049 0.0029 
       h2872 18 0.0020 0.9673 0.0072 0.0235 
       h2882 18 0.0042 0.9764 0.0048 0.0145 
       h2892 18 0.0024 0.9908 0.0016 0.0052 
       h2902 18 0.0033 0.9650 0.0080 0.0237 
       h2912 18 0.0024 0.9860 0.0020 0.0096 
       h2922 18 0.0015 0.9933 0.0015 0.0037 
       h2932 18 0.0026 0.9747 0.0066 0.0161 
       h2942 18 0.0048 0.9855 0.0020 0.0077 
       h2952 18 0.0032 0.9899 0.0031 0.0038 
       h2962 18 0.0034 0.9830 0.0064 0.0072 
       h2972 18 0.0065 0.9788 0.0039 0.0109 
       h2982 18 0.0016 0.9936 0.0016 0.0032 
       h2992 18 0.0032 0.9922 0.0025 0.0021 
       h3002 18 0.0012 0.9950 0.0014 0.0024 
