       M1EL5  1 0.9735 0.0265 
       W26T6  1 0.9464 0.0536 
       W26XX  1 0.9770 0.0230 
       M013P  1 0.9686 0.0314 
       M1ELA  1 0.9355 0.0645 
       M2C73  1 0.9759 0.0241 
       W23P4  1 0.9471 0.0529 
       W247C  1 0.9738 0.0262 
       W24K1  1 0.9746 0.0254 
       W24ME  1 0.9379 0.0621 
       W2514  1 0.9705 0.0295 
       W26MA  1 0.9510 0.0490 
       W26MM  1 0.9589 0.0411 
       W26MU  1 0.9707 0.0293 
       W26P0  1 0.9783 0.0217 
       W26P3  1 0.9775 0.0225 
       W26T5  1 0.9799 0.0201 
       W26TE  1 0.9589 0.0411 
       W26TF  1 0.9295 0.0705 
       W26U8  1 0.9380 0.0620 
       W26UJ  1 0.9696 0.0304 
       W26UK  1 0.9830 0.0170 
       W26UT  1 0.9779 0.0221 
       W26XT  1 0.9453 0.0547 
      CC06H2  1 0.9453 0.0547 
      CC06H4  1 0.9519 0.0481 
      CC06H5  1 0.9625 0.0375 
      CC06H6  1 0.9832 0.0168 
      CC06HE  1 0.9755 0.0245 
      CC06HF  1 0.9544 0.0456 
      CC06HH  1 0.9788 0.0212 
      CC06HJ  1 0.9621 0.0379 
      CC06HL  1 0.9797 0.0203 
      CC06HP  1 0.9799 0.0201 
      CC06HT  1 0.9543 0.0457 
      CC06HU  1 0.9738 0.0262 
      CC06HY  1 0.9596 0.0404 
      CC06J0  1 0.9485 0.0515 
      CC06J1  1 0.9604 0.0396 
      CC06J2  1 0.9625 0.0375 
     CT.0YCY  1 0.9724 0.0276 
     CT.0YEC  1 0.9780 0.0220 
     CT.0YEF  1 0.9789 0.0211 
     CT.0YEU  1 0.9833 0.0167 
     CT.0YF2  1 0.9512 0.0488 
     CT.0YF8  1 0.9846 0.0154 
     CT.0YFA  1 0.9831 0.0169 
     CT.0YFE  1 0.9738 0.0262 
     CT.0YFP  1 0.9645 0.0355 
     CT.0YFU  1 0.9742 0.0258 
     CT.0YK7  1 0.9452 0.0548 
     CX.10PT  1 0.8694 0.1306 
      DAM021  1 0.9750 0.0250 
      DAM034  1 0.9824 0.0176 
      DAM07X  1 0.9777 0.0223 
     EF.15J6  1 0.9762 0.0238 
      HRV010  1 0.9629 0.0371 
      HRV02J  1 0.9681 0.0319 
      HRV078  1 0.9654 0.0346 
      HRV0FH  1 0.9786 0.0214 
      HRV0H5  1 0.9741 0.0259 
      HRV0JF  1 0.9747 0.0253 
      HRV0JJ  1 0.9745 0.0255 
      HRV0JM  1 0.9795 0.0205 
      HRV0K6  1 0.8910 0.1090 
      HRV0K7  1 0.9753 0.0247 
      HRV0KP  1 0.9264 0.0736 
      HRV1AX  1 0.9724 0.0276 
      HRV1C4  1 0.9797 0.0203 
      HRV1CH  1 0.9723 0.0277 
      HRV1FA  1 0.9614 0.0386 
      HRV1FK  1 0.9397 0.0603 
      HRV1H8  1 0.9786 0.0214 
      HRV1HT  1 0.9543 0.0457 
      HRV1XU  1 0.9351 0.0649 
      HRV4TF  1 0.9606 0.0394 
      HRV6F0  1 0.9585 0.0415 
      HRVE6L  1 0.9528 0.0472 
       M27HM  1 0.9755 0.0245 
       M27HP  1 0.9773 0.0227 
       M2AK4  1 0.9744 0.0256 
       M2ALA  1 0.9753 0.0247 
       M2C56  1 0.9765 0.0235 
       M2CUX  1 0.9424 0.0576 
       M2E24  1 0.9785 0.0215 
       M2EA7  1 0.9757 0.0243 
       M2EH6  1 0.9773 0.0227 
       M2EKC  1 0.9447 0.0553 
      MSV083  1 0.8917 0.1083 
      MSV084  1 0.9719 0.0281 
      MSV0LJ  1 0.9660 0.0340 
      MSV1H5  1 0.9704 0.0296 
      MSV1KM  1 0.9789 0.0211 
      MSV23F  1 0.9303 0.0697 
      MSV2L8  1 0.9673 0.0327 
      MSV2P7  1 0.9734 0.0266 
      MSV2TJ  1 0.9813 0.0187 
      MSV2XM  1 0.9628 0.0372 
      MSV327  1 0.9632 0.0368 
      MSV33L  1 0.9788 0.0212 
        h001  2 0.9352 0.0648 
        h002  2 0.9096 0.0904 
        h003  2 0.8743 0.1257 
        h004  2 0.9315 0.0685 
        h005  2 0.7560 0.2440 
        h006  2 0.8431 0.1569 
        h007  2 0.8971 0.1029 
        h008  2 0.8679 0.1321 
        h009  2 0.9155 0.0845 
        h010  2 0.9659 0.0341 
        h011  2 0.9100 0.0900 
        h012  2 0.9520 0.0480 
        h013  2 0.9272 0.0728 
        h014  2 0.8817 0.1183 
        h015  2 0.9071 0.0929 
        h016  2 0.8356 0.1644 
        h017  2 0.8311 0.1689 
        h018  2 0.9118 0.0882 
        h019  2 0.7524 0.2476 
        h020  2 0.8513 0.1487 
        h021  2 0.9075 0.0925 
        h022  2 0.9763 0.0237 
        h023  2 0.8589 0.1411 
        h024  2 0.9357 0.0643 
        h025  2 0.9354 0.0646 
        h026  2 0.9271 0.0729 
        h027  2 0.9788 0.0212 
        h028  2 0.8096 0.1904 
        h029  2 0.9562 0.0438 
        h030  2 0.8912 0.1088 
        h031  2 0.9330 0.0670 
        h032  2 0.8100 0.1900 
        h033  2 0.8867 0.1133 
        h034  2 0.8077 0.1923 
        h035  2 0.8258 0.1742 
        h036  2 0.9608 0.0392 
        h037  2 0.9417 0.0583 
        h038  2 0.9386 0.0614 
        h039  2 0.8591 0.1409 
        h040  2 0.7538 0.2462 
        h041  2 0.9193 0.0807 
        h042  2 0.8913 0.1087 
        h043  2 0.8884 0.1116 
        h044  2 0.8631 0.1369 
        h045  2 0.9470 0.0530 
        h046  2 0.8842 0.1158 
        h047  2 0.8196 0.1804 
        h048  2 0.8860 0.1140 
        h049  2 0.8511 0.1489 
        h050  2 0.8469 0.1531 
        h051  2 0.8648 0.1352 
        h052  2 0.8394 0.1606 
        h053  2 0.9210 0.0790 
        h054  2 0.9780 0.0220 
        h055  2 0.9491 0.0509 
        h056  2 0.6890 0.3110 
        h057  2 0.9395 0.0605 
        h058  2 0.9552 0.0448 
        h059  2 0.9216 0.0784 
        h060  2 0.9740 0.0260 
        h061  2 0.9738 0.0262 
        h062  2 0.9668 0.0332 
        h063  2 0.9408 0.0592 
        h064  2 0.8905 0.1095 
        h065  2 0.9206 0.0794 
        h066  2 0.9336 0.0664 
        h067  2 0.9183 0.0817 
        h068  2 0.9214 0.0786 
        h069  2 0.9695 0.0305 
        h070  2 0.6334 0.3666 
        h071  2 0.9268 0.0732 
        h072  2 0.9235 0.0765 
        h073  2 0.7939 0.2061 
        h074  2 0.9255 0.0745 
        h075  2 0.7124 0.2876 
        h076  2 0.9544 0.0456 
        h077  2 0.8797 0.1203 
        h078  2 0.8416 0.1584 
        h079  2 0.9018 0.0982 
        h080  2 0.8176 0.1824 
        h081  2 0.9517 0.0483 
        h082  2 0.9425 0.0575 
        h083  2 0.9505 0.0495 
        h084  2 0.9681 0.0319 
        h085  2 0.9657 0.0343 
        h086  2 0.9369 0.0631 
        h087  2 0.9604 0.0396 
        h088  2 0.8755 0.1245 
        h089  2 0.9397 0.0603 
        h090  2 0.7403 0.2597 
        h091  2 0.9765 0.0235 
        h092  2 0.9406 0.0594 
        h093  2 0.9574 0.0426 
        h094  2 0.9415 0.0585 
        h095  2 0.9395 0.0605 
        h096  2 0.8643 0.1357 
        h097  2 0.9731 0.0269 
        h098  2 0.9017 0.0983 
        h099  2 0.9706 0.0294 
        h100  2 0.8633 0.1367 
       h0011  3 0.7566 0.2434 
       h0021  3 0.8242 0.1758 
       h0031  3 0.7156 0.2844 
       h0041  3 0.6808 0.3192 
       h0051  3 0.7459 0.2541 
       h0061  3 0.7516 0.2484 
       h0071  3 0.6983 0.3017 
       h0081  3 0.9774 0.0226 
       h0091  3 0.7818 0.2182 
       h0101  3 0.7122 0.2878 
       h0111  3 0.8692 0.1308 
       h0121  3 0.8707 0.1293 
       h0131  3 0.7480 0.2520 
       h0141  3 0.8870 0.1130 
       h0151  3 0.8787 0.1213 
       h0161  3 0.7676 0.2324 
       h0171  3 0.8447 0.1553 
       h0181  3 0.6872 0.3128 
       h0191  3 0.8338 0.1662 
       h0201  3 0.4596 0.5404 
       h0211  3 0.7633 0.2367 
       h0221  3 0.8325 0.1675 
       h0231  3 0.8133 0.1867 
       h0241  3 0.7344 0.2656 
       h0251  3 0.9269 0.0731 
       h0261  3 0.8219 0.1781 
       h0271  3 0.7289 0.2711 
       h0281  3 0.9383 0.0617 
       h0291  3 0.7246 0.2754 
       h0301  3 0.7392 0.2608 
       h0311  3 0.7371 0.2629 
       h0321  3 0.6293 0.3707 
       h0331  3 0.8761 0.1239 
       h0341  3 0.9279 0.0721 
       h0351  3 0.6499 0.3501 
       h0361  3 0.8348 0.1652 
       h0371  3 0.7921 0.2079 
       h0381  3 0.8903 0.1097 
       h0391  3 0.8130 0.1870 
       h0401  3 0.8334 0.1666 
       h0411  3 0.8483 0.1517 
       h0421  3 0.9543 0.0457 
       h0431  3 0.7432 0.2568 
       h0441  3 0.7981 0.2019 
       h0451  3 0.7108 0.2892 
       h0461  3 0.8091 0.1909 
       h0471  3 0.7953 0.2047 
       h0481  3 0.6610 0.3390 
       h0491  3 0.7300 0.2700 
       h0501  3 0.7300 0.2700 
       h0511  3 0.8725 0.1275 
       h0521  3 0.7232 0.2768 
       h0531  3 0.5248 0.4752 
       h0541  3 0.6886 0.3114 
       h0551  3 0.8999 0.1001 
       h0561  3 0.8979 0.1021 
       h0571  3 0.9058 0.0942 
       h0581  3 0.8790 0.1210 
       h0591  3 0.8372 0.1628 
       h0601  3 0.5231 0.4769 
       h0611  3 0.6870 0.3130 
       h0621  3 0.9452 0.0548 
       h0631  3 0.9179 0.0821 
       h0641  3 0.8786 0.1214 
       h0651  3 0.8548 0.1452 
       h0661  3 0.8802 0.1198 
       h0671  3 0.8040 0.1960 
       h0681  3 0.7569 0.2431 
       h0691  3 0.7642 0.2358 
       h0701  3 0.9456 0.0544 
       h0711  3 0.7719 0.2281 
       h0721  3 0.5600 0.4400 
       h0731  3 0.6884 0.3116 
       h0741  3 0.7629 0.2371 
       h0751  3 0.7600 0.2400 
       h0761  3 0.9450 0.0550 
       h0771  3 0.7382 0.2618 
       h0781  3 0.8215 0.1785 
       h0791  3 0.7681 0.2319 
       h0801  3 0.8826 0.1174 
       h0811  3 0.8885 0.1115 
       h0821  3 0.5741 0.4259 
       h0831  3 0.8736 0.1264 
       h0841  3 0.9468 0.0532 
       h0851  3 0.9183 0.0817 
       h0861  3 0.8082 0.1918 
       h0871  3 0.7503 0.2497 
       h0881  3 0.8413 0.1587 
       h0891  3 0.5874 0.4126 
       h0901  3 0.8705 0.1295 
       h0911  3 0.6876 0.3124 
       h0921  3 0.6881 0.3119 
       h0931  3 0.8504 0.1496 
       h0941  3 0.8222 0.1778 
       h0951  3 0.8208 0.1792 
       h0961  3 0.8127 0.1873 
       h0971  3 0.8759 0.1241 
       h0981  3 0.7671 0.2329 
       h0991  3 0.5969 0.4031 
       h1001  3 0.8479 0.1521 
       h0012  4 0.7132 0.2868 
       h0022  4 0.5017 0.4983 
       h0032  4 0.5071 0.4929 
       h0042  4 0.6588 0.3412 
       h0052  4 0.6473 0.3527 
       h0062  4 0.4669 0.5331 
       h0072  4 0.4661 0.5339 
       h0082  4 0.5780 0.4220 
       h0092  4 0.4986 0.5014 
       h0102  4 0.4127 0.5873 
       h0112  4 0.3147 0.6853 
       h0122  4 0.6831 0.3169 
       h0132  4 0.6424 0.3576 
       h0142  4 0.4217 0.5783 
       h0152  4 0.5399 0.4601 
       h0162  4 0.4583 0.5417 
       h0172  4 0.4778 0.5222 
       h0182  4 0.4971 0.5029 
       h0192  4 0.4306 0.5694 
       h0202  4 0.5413 0.4587 
       h0212  4 0.5493 0.4507 
       h0222  4 0.4994 0.5006 
       h0232  4 0.4493 0.5507 
       h0242  4 0.6211 0.3789 
       h0252  4 0.5897 0.4103 
       h0262  4 0.5700 0.4300 
       h0272  4 0.4457 0.5543 
       h0282  4 0.4768 0.5232 
       h0292  4 0.5276 0.4724 
       h0302  4 0.5542 0.4458 
       h0312  4 0.5381 0.4619 
       h0322  4 0.4114 0.5886 
       h0332  4 0.4561 0.5439 
       h0342  4 0.4610 0.5390 
       h0352  4 0.4211 0.5789 
       h0362  4 0.5059 0.4941 
       h0372  4 0.4751 0.5249 
       h0382  4 0.5210 0.4790 
       h0392  4 0.6070 0.3930 
       h0402  4 0.4280 0.5720 
       h0412  4 0.4880 0.5120 
       h0422  4 0.4931 0.5069 
       h0432  4 0.5285 0.4715 
       h0442  4 0.5189 0.4811 
       h0452  4 0.5612 0.4388 
       h0462  4 0.3821 0.6179 
       h0472  4 0.5396 0.4604 
       h0482  4 0.4850 0.5150 
       h0492  4 0.6437 0.3563 
       h0502  4 0.5929 0.4071 
       h0512  4 0.5624 0.4376 
       h0522  4 0.5303 0.4697 
       h0532  4 0.4719 0.5281 
       h0542  4 0.7671 0.2329 
       h0552  4 0.6228 0.3772 
       h0562  4 0.4536 0.5464 
       h0572  4 0.3774 0.6226 
       h0582  4 0.6368 0.3632 
       h0592  4 0.4262 0.5738 
       h0602  4 0.6278 0.3722 
       h0612  4 0.3560 0.6440 
       h0622  4 0.5829 0.4171 
       h0632  4 0.5159 0.4841 
       h0642  4 0.5276 0.4724 
       h0652  4 0.4331 0.5669 
       h0662  4 0.6193 0.3807 
       h0672  4 0.3314 0.6686 
       h0682  4 0.4038 0.5962 
       h0692  4 0.5840 0.4160 
       h0702  4 0.5144 0.4856 
       h0712  4 0.4457 0.5543 
       h0722  4 0.6212 0.3788 
       h0732  4 0.4314 0.5686 
       h0742  4 0.4828 0.5172 
       h0752  4 0.4953 0.5047 
       h0762  4 0.4668 0.5332 
       h0772  4 0.4639 0.5361 
       h0782  4 0.4603 0.5397 
       h0792  4 0.6065 0.3935 
       h0802  4 0.6779 0.3221 
       h0812  4 0.4923 0.5077 
       h0822  4 0.5039 0.4961 
       h0832  4 0.5557 0.4443 
       h0842  4 0.4076 0.5924 
       h0852  4 0.5116 0.4884 
       h0862  4 0.4601 0.5399 
       h0872  4 0.5804 0.4196 
       h0882  4 0.4813 0.5187 
       h0892  4 0.5152 0.4848 
       h0902  4 0.5663 0.4337 
       h0912  4 0.4819 0.5181 
       h0922  4 0.5493 0.4507 
       h0932  4 0.5590 0.4410 
       h0942  4 0.6279 0.3721 
       h0952  4 0.5914 0.4086 
       h0962  4 0.4909 0.5091 
       h0972  4 0.4838 0.5162 
       h0982  4 0.4631 0.5369 
       h0992  4 0.4964 0.5036 
       h1002  4 0.5087 0.4913 
       h0013  5 0.3753 0.6247 
       h0023  5 0.3992 0.6008 
       h0033  5 0.3676 0.6324 
       h0043  5 0.2222 0.7778 
       h0053  5 0.3705 0.6295 
       h0063  5 0.1634 0.8366 
       h0073  5 0.3376 0.6624 
       h0083  5 0.2318 0.7682 
       h0093  5 0.3046 0.6954 
       h0103  5 0.2518 0.7482 
       h0113  5 0.1875 0.8125 
       h0123  5 0.2726 0.7274 
       h0133  5 0.1405 0.8595 
       h0143  5 0.2226 0.7774 
       h0153  5 0.2454 0.7546 
       h0163  5 0.3358 0.6642 
       h0173  5 0.0964 0.9036 
       h0183  5 0.2760 0.7240 
       h0193  5 0.1983 0.8017 
       h0203  5 0.2125 0.7875 
       h0213  5 0.2560 0.7440 
       h0223  5 0.2997 0.7003 
       h0233  5 0.3151 0.6849 
       h0243  5 0.3240 0.6760 
       h0253  5 0.3137 0.6863 
       h0263  5 0.3608 0.6392 
       h0273  5 0.0764 0.9236 
       h0283  5 0.2993 0.7007 
       h0293  5 0.2252 0.7748 
       h0303  5 0.1614 0.8386 
       h0313  5 0.2249 0.7751 
       h0323  5 0.2228 0.7772 
       h0333  5 0.2213 0.7787 
       h0343  5 0.2396 0.7604 
       h0353  5 0.1244 0.8756 
       h0363  5 0.1962 0.8038 
       h0373  5 0.3586 0.6414 
       h0383  5 0.0547 0.9453 
       h0393  5 0.3556 0.6444 
       h0403  5 0.3349 0.6651 
       h0413  5 0.2564 0.7436 
       h0423  5 0.2795 0.7205 
       h0433  5 0.3201 0.6799 
       h0443  5 0.2756 0.7244 
       h0453  5 0.3266 0.6734 
       h0463  5 0.1549 0.8451 
       h0473  5 0.3979 0.6021 
       h0483  5 0.2273 0.7727 
       h0493  5 0.3571 0.6429 
       h0503  5 0.0970 0.9030 
       h0513  5 0.3745 0.6255 
       h0523  5 0.1890 0.8110 
       h0533  5 0.1518 0.8482 
       h0543  5 0.0347 0.9653 
       h0553  5 0.3317 0.6683 
       h0563  5 0.2704 0.7296 
       h0573  5 0.2559 0.7441 
       h0583  5 0.3221 0.6779 
       h0593  5 0.2827 0.7173 
       h0603  5 0.1989 0.8011 
       h0613  5 0.3951 0.6049 
       h0623  5 0.3911 0.6089 
       h0633  5 0.3346 0.6654 
       h0643  5 0.1804 0.8196 
       h0653  5 0.3038 0.6962 
       h0663  5 0.1109 0.8891 
       h0673  5 0.2926 0.7074 
       h0683  5 0.2693 0.7307 
       h0693  5 0.2576 0.7424 
       h0703  5 0.3308 0.6692 
       h0713  5 0.2148 0.7852 
       h0723  5 0.2196 0.7804 
       h0733  5 0.1250 0.8750 
       h0743  5 0.2857 0.7143 
       h0753  5 0.1516 0.8484 
       h0763  5 0.3238 0.6762 
       h0773  5 0.1778 0.8222 
       h0783  5 0.0683 0.9317 
       h0793  5 0.1768 0.8232 
       h0803  5 0.3001 0.6999 
       h0813  5 0.2804 0.7196 
       h0823  5 0.3562 0.6438 
       h0833  5 0.2334 0.7666 
       h0843  5 0.2557 0.7443 
       h0853  5 0.2301 0.7699 
       h0863  5 0.2671 0.7329 
       h0873  5 0.3277 0.6723 
       h0883  5 0.1796 0.8204 
       h0893  5 0.1338 0.8662 
       h0903  5 0.3496 0.6504 
       h0913  5 0.1282 0.8718 
       h0923  5 0.1188 0.8812 
       h0933  5 0.2169 0.7831 
       h0943  5 0.3394 0.6606 
       h0953  5 0.2371 0.7629 
       h0963  5 0.1637 0.8363 
       h0973  5 0.2004 0.7996 
       h0983  5 0.4333 0.5667 
       h0993  5 0.3391 0.6609 
       h1003  5 0.2754 0.7246 
       h0014  6 0.0918 0.9082 
       h0024  6 0.1661 0.8339 
       h0034  6 0.0519 0.9481 
       h0044  6 0.3162 0.6838 
       h0054  6 0.0408 0.9592 
       h0064  6 0.0564 0.9436 
       h0074  6 0.0803 0.9197 
       h0084  6 0.1660 0.8340 
       h0094  6 0.1975 0.8025 
       h0104  6 0.0243 0.9757 
       h0114  6 0.0810 0.9190 
       h0124  6 0.1855 0.8145 
       h0134  6 0.1559 0.8441 
       h0144  6 0.0639 0.9361 
       h0154  6 0.1076 0.8924 
       h0164  6 0.0175 0.9825 
       h0174  6 0.0940 0.9060 
       h0184  6 0.0745 0.9255 
       h0194  6 0.2196 0.7804 
       h0204  6 0.0565 0.9435 
       h0214  6 0.1411 0.8589 
       h0224  6 0.2843 0.7157 
       h0234  6 0.1495 0.8505 
       h0244  6 0.2703 0.7297 
       h0254  6 0.1060 0.8940 
       h0264  6 0.0944 0.9056 
       h0274  6 0.0872 0.9128 
       h0284  6 0.2990 0.7010 
       h0294  6 0.2601 0.7399 
       h0304  6 0.0731 0.9269 
       h0314  6 0.0461 0.9539 
       h0324  6 0.0840 0.9160 
       h0334  6 0.2034 0.7966 
       h0344  6 0.1848 0.8152 
       h0354  6 0.0713 0.9287 
       h0364  6 0.0741 0.9259 
       h0374  6 0.0398 0.9602 
       h0384  6 0.1780 0.8220 
       h0394  6 0.1802 0.8198 
       h0404  6 0.1916 0.8084 
       h0414  6 0.1178 0.8822 
       h0424  6 0.1215 0.8785 
       h0434  6 0.0761 0.9239 
       h0444  6 0.1598 0.8402 
       h0454  6 0.0828 0.9172 
       h0464  6 0.1740 0.8260 
       h0474  6 0.1973 0.8027 
       h0484  6 0.2329 0.7671 
       h0494  6 0.0599 0.9401 
       h0504  6 0.1513 0.8487 
       h0514  6 0.0986 0.9014 
       h0524  6 0.1499 0.8501 
       h0534  6 0.0930 0.9070 
       h0544  6 0.3069 0.6931 
       h0554  6 0.1767 0.8233 
       h0564  6 0.0284 0.9716 
       h0574  6 0.0347 0.9653 
       h0584  6 0.0182 0.9818 
       h0594  6 0.0265 0.9735 
       h0604  6 0.1864 0.8136 
       h0614  6 0.1407 0.8593 
       h0624  6 0.0980 0.9020 
       h0634  6 0.0452 0.9548 
       h0644  6 0.0806 0.9194 
       h0654  6 0.0282 0.9718 
       h0664  6 0.1444 0.8556 
       h0674  6 0.0784 0.9216 
       h0684  6 0.1146 0.8854 
       h0694  6 0.0596 0.9404 
       h0704  6 0.0226 0.9774 
       h0714  6 0.1017 0.8983 
       h0724  6 0.0660 0.9340 
       h0734  6 0.0796 0.9204 
       h0744  6 0.0212 0.9788 
       h0754  6 0.0262 0.9738 
       h0764  6 0.2093 0.7907 
       h0774  6 0.2516 0.7484 
       h0784  6 0.1135 0.8865 
       h0794  6 0.1022 0.8978 
       h0804  6 0.1656 0.8344 
       h0814  6 0.1810 0.8190 
       h0824  6 0.0427 0.9573 
       h0834  6 0.0595 0.9405 
       h0844  6 0.0642 0.9358 
       h0854  6 0.2488 0.7512 
       h0864  6 0.1428 0.8572 
       h0874  6 0.0413 0.9587 
       h0884  6 0.1506 0.8494 
       h0894  6 0.0624 0.9376 
       h0904  6 0.0650 0.9350 
       h0914  6 0.0194 0.9806 
       h0924  6 0.0604 0.9396 
       h0934  6 0.2388 0.7612 
       h0944  6 0.0278 0.9722 
       h0954  6 0.1547 0.8453 
       h0964  6 0.1346 0.8654 
       h0974  6 0.0721 0.9279 
       h0984  6 0.1111 0.8889 
       h0994  6 0.1305 0.8695 
       h1004  6 0.1028 0.8972 
     CK.0PLA  7 0.0318 0.9682 
     CK.0PLC  7 0.0368 0.9632 
     CK.0PLE  7 0.0190 0.9810 
     CK.0PLF  7 0.0712 0.9288 
     CK.0PLH  7 0.0222 0.9778 
     CK.0PLJ  7 0.0253 0.9747 
     CK.0PLK  7 0.0161 0.9839 
     CK.0PLL  7 0.0269 0.9731 
     CK.0PLM  7 0.0320 0.9680 
     CK.0PLP  7 0.0297 0.9703 
     CK.0PLT  7 0.0155 0.9845 
     CK.0PLU  7 0.0194 0.9806 
     CK.0PLX  7 0.0309 0.9691 
     CK.0PLY  7 0.0154 0.9846 
     CK.0PM0  7 0.0201 0.9799 
     CK.0PM1  7 0.0178 0.9822 
     CK.0PM2  7 0.0224 0.9776 
     CK.0PM3  7 0.0340 0.9660 
     CK.0PM4  7 0.0294 0.9706 
     CK.0PM7  7 0.0186 0.9814 
     CK.0PM8  7 0.0161 0.9839 
     CK.0PMA  7 0.0283 0.9717 
       M2C06  7 0.0184 0.9816 
       M2C07  7 0.0143 0.9857 
       M2C08  7 0.0148 0.9852 
       M2C0A  7 0.0183 0.9817 
       M2C0C  7 0.0178 0.9822 
       M2C0E  7 0.0185 0.9815 
         h01  8 0.0372 0.9628 
         h02  8 0.0194 0.9806 
         h03  8 0.0224 0.9776 
         h04  8 0.0202 0.9798 
         h05  8 0.0153 0.9847 
         h06  8 0.0180 0.9820 
         h07  8 0.0214 0.9786 
         h08  8 0.0211 0.9789 
         h09  8 0.0236 0.9764 
         h10  8 0.0165 0.9835 
         h11  8 0.0167 0.9833 
         h12  8 0.0241 0.9759 
         h13  8 0.0168 0.9832 
         h14  8 0.0172 0.9828 
         h15  8 0.0167 0.9833 
         h16  8 0.0196 0.9804 
         h17  8 0.0231 0.9769 
         h18  8 0.0240 0.9760 
         h19  8 0.0160 0.9840 
         h20  8 0.0289 0.9711 
         h21  8 0.0158 0.9842 
         h22  8 0.0181 0.9819 
         h23  8 0.0235 0.9765 
         h24  8 0.0306 0.9694 
         h25  8 0.0269 0.9731 
         h26  8 0.0606 0.9394 
         h27  8 0.0161 0.9839 
         h28  8 0.0184 0.9816 
         h29  8 0.0400 0.9600 
         h30  8 0.0202 0.9798 
         h31  8 0.0209 0.9791 
         h32  8 0.0181 0.9819 
         h33  8 0.0287 0.9713 
         h34  8 0.0239 0.9761 
         h35  8 0.0252 0.9748 
         h36  8 0.0143 0.9857 
         h37  8 0.0174 0.9826 
         h38  8 0.0230 0.9770 
         h39  8 0.0391 0.9609 
         h40  8 0.0227 0.9773 
         h41  8 0.0149 0.9851 
         h42  8 0.0239 0.9761 
         h43  8 0.0201 0.9799 
         h44  8 0.0196 0.9804 
         h45  8 0.0279 0.9721 
         h46  8 0.0219 0.9781 
         h47  8 0.0257 0.9743 
         h48  8 0.0191 0.9809 
         h49  8 0.0150 0.9850 
         h50  8 0.0165 0.9835 
         h51  8 0.0193 0.9807 
         h52  8 0.0256 0.9744 
         h53  8 0.0245 0.9755 
         h54  8 0.0386 0.9614 
         h55  8 0.0166 0.9834 
         h56  8 0.0188 0.9812 
         h57  8 0.0174 0.9826 
         h58  8 0.0246 0.9754 
         h59  8 0.0209 0.9791 
         h60  8 0.0240 0.9760 
         h61  8 0.0201 0.9799 
         h62  8 0.0225 0.9775 
         h63  8 0.0312 0.9688 
         h64  8 0.0247 0.9753 
         h65  8 0.0154 0.9846 
         h66  8 0.0247 0.9753 
         h67  8 0.0162 0.9838 
         h68  8 0.0254 0.9746 
         h69  8 0.0164 0.9836 
         h70  8 0.0158 0.9842 
         h71  8 0.0451 0.9549 
         h72  8 0.0275 0.9725 
