       M1EL5  1 0.9737 0.0263 
       W26T6  1 0.9467 0.0533 
       W26XX  1 0.9771 0.0229 
       M013P  1 0.9687 0.0313 
       M1ELA  1 0.9357 0.0643 
       M2C73  1 0.9760 0.0240 
       W23P4  1 0.9476 0.0524 
       W247C  1 0.9740 0.0260 
       W24K1  1 0.9747 0.0253 
       W24ME  1 0.9381 0.0619 
       W2514  1 0.9705 0.0295 
       W26MA  1 0.9512 0.0488 
       W26MM  1 0.9590 0.0410 
       W26MU  1 0.9707 0.0293 
       W26P0  1 0.9784 0.0216 
       W26P3  1 0.9775 0.0225 
       W26T5  1 0.9800 0.0200 
       W26TE  1 0.9590 0.0410 
       W26TF  1 0.9297 0.0703 
       W26U8  1 0.9383 0.0617 
       W26UJ  1 0.9698 0.0302 
       W26UK  1 0.9830 0.0170 
       W26UT  1 0.9780 0.0220 
       W26XT  1 0.9455 0.0545 
      CC06H2  1 0.9458 0.0542 
      CC06H4  1 0.9521 0.0479 
      CC06H5  1 0.9627 0.0373 
      CC06H6  1 0.9832 0.0168 
      CC06HE  1 0.9756 0.0244 
      CC06HF  1 0.9548 0.0452 
      CC06HH  1 0.9788 0.0212 
      CC06HJ  1 0.9624 0.0376 
      CC06HL  1 0.9798 0.0202 
      CC06HP  1 0.9800 0.0200 
      CC06HT  1 0.9547 0.0453 
      CC06HU  1 0.9740 0.0260 
      CC06HY  1 0.9598 0.0402 
      CC06J0  1 0.9486 0.0514 
      CC06J1  1 0.9608 0.0392 
      CC06J2  1 0.9626 0.0374 
     CT.0YCY  1 0.9725 0.0275 
     CT.0YEC  1 0.9782 0.0218 
     CT.0YEF  1 0.9789 0.0211 
     CT.0YEU  1 0.9833 0.0167 
     CT.0YF2  1 0.9513 0.0487 
     CT.0YF8  1 0.9846 0.0154 
     CT.0YFA  1 0.9831 0.0169 
     CT.0YFE  1 0.9738 0.0262 
     CT.0YFP  1 0.9646 0.0354 
     CT.0YFU  1 0.9742 0.0258 
     CT.0YK7  1 0.9454 0.0546 
     CX.10PT  1 0.8694 0.1306 
      DAM021  1 0.9751 0.0249 
      DAM034  1 0.9824 0.0176 
      DAM07X  1 0.9777 0.0223 
     EF.15J6  1 0.9763 0.0237 
      HRV010  1 0.9630 0.0370 
      HRV02J  1 0.9683 0.0317 
      HRV078  1 0.9654 0.0346 
      HRV0FH  1 0.9786 0.0214 
      HRV0H5  1 0.9742 0.0258 
      HRV0JF  1 0.9747 0.0253 
      HRV0JJ  1 0.9745 0.0255 
      HRV0JM  1 0.9796 0.0204 
      HRV0K6  1 0.8917 0.1083 
      HRV0K7  1 0.9754 0.0246 
      HRV0KP  1 0.9269 0.0731 
      HRV1AX  1 0.9724 0.0276 
      HRV1C4  1 0.9797 0.0203 
      HRV1CH  1 0.9724 0.0276 
      HRV1FA  1 0.9615 0.0385 
      HRV1FK  1 0.9400 0.0600 
      HRV1H8  1 0.9787 0.0213 
      HRV1HT  1 0.9545 0.0455 
      HRV1XU  1 0.9352 0.0648 
      HRV4TF  1 0.9608 0.0392 
      HRV6F0  1 0.9586 0.0414 
      HRVE6L  1 0.9529 0.0471 
       M27HM  1 0.9755 0.0245 
       M27HP  1 0.9773 0.0227 
       M2AK4  1 0.9745 0.0255 
       M2ALA  1 0.9754 0.0246 
       M2C56  1 0.9766 0.0234 
       M2CUX  1 0.9434 0.0566 
       M2E24  1 0.9785 0.0215 
       M2EA7  1 0.9758 0.0242 
       M2EH6  1 0.9773 0.0227 
       M2EKC  1 0.9456 0.0544 
      MSV083  1 0.8920 0.1080 
      MSV084  1 0.9720 0.0280 
      MSV0LJ  1 0.9662 0.0338 
      MSV1H5  1 0.9706 0.0294 
      MSV1KM  1 0.9790 0.0210 
      MSV23F  1 0.9305 0.0695 
      MSV2L8  1 0.9675 0.0325 
      MSV2P7  1 0.9734 0.0266 
      MSV2TJ  1 0.9813 0.0187 
      MSV2XM  1 0.9628 0.0372 
      MSV327  1 0.9633 0.0367 
      MSV33L  1 0.9788 0.0212 
        h001  2 0.9355 0.0645 
        h002  2 0.9102 0.0898 
        h003  2 0.8745 0.1255 
        h004  2 0.9321 0.0679 
        h005  2 0.7565 0.2435 
        h006  2 0.8435 0.1565 
        h007  2 0.8985 0.1015 
        h008  2 0.8688 0.1312 
        h009  2 0.9165 0.0835 
        h010  2 0.9663 0.0337 
        h011  2 0.9108 0.0892 
        h012  2 0.9524 0.0476 
        h013  2 0.9272 0.0728 
        h014  2 0.8823 0.1177 
        h015  2 0.9076 0.0924 
        h016  2 0.8359 0.1641 
        h017  2 0.8319 0.1681 
        h018  2 0.9125 0.0875 
        h019  2 0.7529 0.2471 
        h020  2 0.8533 0.1467 
        h021  2 0.9084 0.0916 
        h022  2 0.9764 0.0236 
        h023  2 0.8596 0.1404 
        h024  2 0.9363 0.0637 
        h025  2 0.9361 0.0639 
        h026  2 0.9274 0.0726 
        h027  2 0.9789 0.0211 
        h028  2 0.8107 0.1893 
        h029  2 0.9563 0.0437 
        h030  2 0.8920 0.1080 
        h031  2 0.9334 0.0666 
        h032  2 0.8112 0.1888 
        h033  2 0.8877 0.1123 
        h034  2 0.8084 0.1916 
        h035  2 0.8268 0.1732 
        h036  2 0.9609 0.0391 
        h037  2 0.9418 0.0582 
        h038  2 0.9387 0.0613 
        h039  2 0.8600 0.1400 
        h040  2 0.7543 0.2457 
        h041  2 0.9194 0.0806 
        h042  2 0.8917 0.1083 
        h043  2 0.8889 0.1111 
        h044  2 0.8638 0.1362 
        h045  2 0.9474 0.0526 
        h046  2 0.8846 0.1154 
        h047  2 0.8199 0.1801 
        h048  2 0.8870 0.1130 
        h049  2 0.8519 0.1481 
        h050  2 0.8475 0.1525 
        h051  2 0.8659 0.1341 
        h052  2 0.8402 0.1598 
        h053  2 0.9216 0.0784 
        h054  2 0.9781 0.0219 
        h055  2 0.9497 0.0503 
        h056  2 0.6897 0.3103 
        h057  2 0.9400 0.0600 
        h058  2 0.9555 0.0445 
        h059  2 0.9224 0.0776 
        h060  2 0.9740 0.0260 
        h061  2 0.9740 0.0260 
        h062  2 0.9670 0.0330 
        h063  2 0.9413 0.0587 
        h064  2 0.8913 0.1087 
        h065  2 0.9209 0.0791 
        h066  2 0.9344 0.0656 
        h067  2 0.9182 0.0818 
        h068  2 0.9222 0.0778 
        h069  2 0.9696 0.0304 
        h070  2 0.6339 0.3661 
        h071  2 0.9272 0.0728 
        h072  2 0.9241 0.0759 
        h073  2 0.7946 0.2054 
        h074  2 0.9257 0.0743 
        h075  2 0.7121 0.2879 
        h076  2 0.9545 0.0455 
        h077  2 0.8803 0.1197 
        h078  2 0.8422 0.1578 
        h079  2 0.9018 0.0982 
        h080  2 0.8186 0.1814 
        h081  2 0.9520 0.0480 
        h082  2 0.9427 0.0573 
        h083  2 0.9512 0.0488 
        h084  2 0.9682 0.0318 
        h085  2 0.9658 0.0342 
        h086  2 0.9376 0.0624 
        h087  2 0.9605 0.0395 
        h088  2 0.8765 0.1235 
        h089  2 0.9401 0.0599 
        h090  2 0.7419 0.2581 
        h091  2 0.9766 0.0234 
        h092  2 0.9407 0.0593 
        h093  2 0.9577 0.0423 
        h094  2 0.9423 0.0577 
        h095  2 0.9395 0.0605 
        h096  2 0.8649 0.1351 
        h097  2 0.9732 0.0268 
        h098  2 0.9021 0.0979 
        h099  2 0.9706 0.0294 
        h100  2 0.8644 0.1356 
       h0011  3 0.7572 0.2428 
       h0021  3 0.8247 0.1753 
       h0031  3 0.7160 0.2840 
       h0041  3 0.6812 0.3188 
       h0051  3 0.7459 0.2541 
       h0061  3 0.7524 0.2476 
       h0071  3 0.6996 0.3004 
       h0081  3 0.9775 0.0225 
       h0091  3 0.7828 0.2172 
       h0101  3 0.7128 0.2872 
       h0111  3 0.8699 0.1301 
       h0121  3 0.8705 0.1295 
       h0131  3 0.7490 0.2510 
       h0141  3 0.8872 0.1128 
       h0151  3 0.8792 0.1208 
       h0161  3 0.7683 0.2317 
       h0171  3 0.8454 0.1546 
       h0181  3 0.6878 0.3122 
       h0191  3 0.8347 0.1653 
       h0201  3 0.4593 0.5407 
       h0211  3 0.7638 0.2362 
       h0221  3 0.8338 0.1662 
       h0231  3 0.8143 0.1857 
       h0241  3 0.7347 0.2653 
       h0251  3 0.9277 0.0723 
       h0261  3 0.8229 0.1771 
       h0271  3 0.7297 0.2703 
       h0281  3 0.9384 0.0616 
       h0291  3 0.7254 0.2746 
       h0301  3 0.7401 0.2599 
       h0311  3 0.7375 0.2625 
       h0321  3 0.6294 0.3706 
       h0331  3 0.8773 0.1227 
       h0341  3 0.9285 0.0715 
       h0351  3 0.6505 0.3495 
       h0361  3 0.8361 0.1639 
       h0371  3 0.7931 0.2069 
       h0381  3 0.8915 0.1085 
       h0391  3 0.8138 0.1862 
       h0401  3 0.8341 0.1659 
       h0411  3 0.8496 0.1504 
       h0421  3 0.9548 0.0452 
       h0431  3 0.7442 0.2558 
       h0441  3 0.7987 0.2013 
       h0451  3 0.7117 0.2883 
       h0461  3 0.8093 0.1907 
       h0471  3 0.7964 0.2036 
       h0481  3 0.6614 0.3386 
       h0491  3 0.7306 0.2694 
       h0501  3 0.7304 0.2696 
       h0511  3 0.8733 0.1267 
       h0521  3 0.7237 0.2763 
       h0531  3 0.5250 0.4750 
       h0541  3 0.6890 0.3110 
       h0551  3 0.9009 0.0991 
       h0561  3 0.8986 0.1014 
       h0571  3 0.9060 0.0940 
       h0581  3 0.8799 0.1201 
       h0591  3 0.8373 0.1627 
       h0601  3 0.5235 0.4765 
       h0611  3 0.6875 0.3125 
       h0621  3 0.9453 0.0547 
       h0631  3 0.9189 0.0811 
       h0641  3 0.8792 0.1208 
       h0651  3 0.8548 0.1452 
       h0661  3 0.8809 0.1191 
       h0671  3 0.8047 0.1953 
       h0681  3 0.7577 0.2423 
       h0691  3 0.7645 0.2355 
       h0701  3 0.9463 0.0537 
       h0711  3 0.7725 0.2275 
       h0721  3 0.5601 0.4399 
       h0731  3 0.6894 0.3106 
       h0741  3 0.7631 0.2369 
       h0751  3 0.7615 0.2385 
       h0761  3 0.9454 0.0546 
       h0771  3 0.7385 0.2615 
       h0781  3 0.8227 0.1773 
       h0791  3 0.7685 0.2315 
       h0801  3 0.8833 0.1167 
       h0811  3 0.8890 0.1110 
       h0821  3 0.5745 0.4255 
       h0831  3 0.8746 0.1254 
       h0841  3 0.9472 0.0528 
       h0851  3 0.9185 0.0815 
       h0861  3 0.8093 0.1907 
       h0871  3 0.7511 0.2489 
       h0881  3 0.8420 0.1580 
       h0891  3 0.5881 0.4119 
       h0901  3 0.8713 0.1287 
       h0911  3 0.6880 0.3120 
       h0921  3 0.6886 0.3114 
       h0931  3 0.8523 0.1477 
       h0941  3 0.8232 0.1768 
       h0951  3 0.8213 0.1787 
       h0961  3 0.8137 0.1863 
       h0971  3 0.8762 0.1238 
       h0981  3 0.7679 0.2321 
       h0991  3 0.5975 0.4025 
       h1001  3 0.8486 0.1514 
       h0012  4 0.7137 0.2863 
       h0022  4 0.5017 0.4983 
       h0032  4 0.5077 0.4923 
       h0042  4 0.6591 0.3409 
       h0052  4 0.6478 0.3522 
       h0062  4 0.4670 0.5330 
       h0072  4 0.4664 0.5336 
       h0082  4 0.5787 0.4213 
       h0092  4 0.4984 0.5016 
       h0102  4 0.4124 0.5876 
       h0112  4 0.3146 0.6854 
       h0122  4 0.6844 0.3156 
       h0132  4 0.6427 0.3573 
       h0142  4 0.4220 0.5780 
       h0152  4 0.5404 0.4596 
       h0162  4 0.4585 0.5415 
       h0172  4 0.4783 0.5217 
       h0182  4 0.4973 0.5027 
       h0192  4 0.4309 0.5691 
       h0202  4 0.5416 0.4584 
       h0212  4 0.5496 0.4504 
       h0222  4 0.5006 0.4994 
       h0232  4 0.4495 0.5505 
       h0242  4 0.6216 0.3784 
       h0252  4 0.5900 0.4100 
       h0262  4 0.5703 0.4297 
       h0272  4 0.4463 0.5537 
       h0282  4 0.4767 0.5233 
       h0292  4 0.5278 0.4722 
       h0302  4 0.5550 0.4450 
       h0312  4 0.5384 0.4616 
       h0322  4 0.4113 0.5887 
       h0332  4 0.4560 0.5440 
       h0342  4 0.4612 0.5388 
       h0352  4 0.4212 0.5788 
       h0362  4 0.5067 0.4933 
       h0372  4 0.4754 0.5246 
       h0382  4 0.5212 0.4788 
       h0392  4 0.6076 0.3924 
       h0402  4 0.4287 0.5713 
       h0412  4 0.4878 0.5122 
       h0422  4 0.4934 0.5066 
       h0432  4 0.5289 0.4711 
       h0442  4 0.5193 0.4807 
       h0452  4 0.5616 0.4384 
       h0462  4 0.3822 0.6178 
       h0472  4 0.5399 0.4601 
       h0482  4 0.4852 0.5148 
       h0492  4 0.6436 0.3564 
       h0502  4 0.5934 0.4066 
       h0512  4 0.5625 0.4375 
       h0522  4 0.5309 0.4691 
       h0532  4 0.4722 0.5278 
       h0542  4 0.7674 0.2326 
       h0552  4 0.6232 0.3768 
       h0562  4 0.4542 0.5458 
       h0572  4 0.3776 0.6224 
       h0582  4 0.6374 0.3626 
       h0592  4 0.4264 0.5736 
       h0602  4 0.6277 0.3723 
       h0612  4 0.3559 0.6441 
       h0622  4 0.5835 0.4165 
       h0632  4 0.5160 0.4840 
       h0642  4 0.5277 0.4723 
       h0652  4 0.4335 0.5665 
       h0662  4 0.6194 0.3806 
       h0672  4 0.3316 0.6684 
       h0682  4 0.4041 0.5959 
       h0692  4 0.5843 0.4157 
       h0702  4 0.5143 0.4857 
       h0712  4 0.4459 0.5541 
       h0722  4 0.6218 0.3782 
       h0732  4 0.4314 0.5686 
       h0742  4 0.4831 0.5169 
       h0752  4 0.4950 0.5050 
       h0762  4 0.4668 0.5332 
       h0772  4 0.4645 0.5355 
       h0782  4 0.4604 0.5396 
       h0792  4 0.6067 0.3933 
       h0802  4 0.6781 0.3219 
       h0812  4 0.4925 0.5075 
       h0822  4 0.5040 0.4960 
       h0832  4 0.5563 0.4437 
       h0842  4 0.4079 0.5921 
       h0852  4 0.5122 0.4878 
       h0862  4 0.4599 0.5401 
       h0872  4 0.5805 0.4195 
       h0882  4 0.4818 0.5182 
       h0892  4 0.5153 0.4847 
       h0902  4 0.5663 0.4337 
       h0912  4 0.4818 0.5182 
       h0922  4 0.5496 0.4504 
       h0932  4 0.5596 0.4404 
       h0942  4 0.6289 0.3711 
       h0952  4 0.5915 0.4085 
       h0962  4 0.4912 0.5088 
       h0972  4 0.4842 0.5158 
       h0982  4 0.4634 0.5366 
       h0992  4 0.4963 0.5037 
       h1002  4 0.5085 0.4915 
       h0013  5 0.3754 0.6246 
       h0023  5 0.3990 0.6010 
       h0033  5 0.3676 0.6324 
       h0043  5 0.2224 0.7776 
       h0053  5 0.3708 0.6292 
       h0063  5 0.1632 0.8368 
       h0073  5 0.3373 0.6627 
       h0083  5 0.2318 0.7682 
       h0093  5 0.3048 0.6952 
       h0103  5 0.2520 0.7480 
       h0113  5 0.1878 0.8122 
       h0123  5 0.2729 0.7271 
       h0133  5 0.1401 0.8599 
       h0143  5 0.2232 0.7768 
       h0153  5 0.2458 0.7542 
       h0163  5 0.3356 0.6644 
       h0173  5 0.0962 0.9038 
       h0183  5 0.2758 0.7242 
       h0193  5 0.1985 0.8015 
       h0203  5 0.2128 0.7872 
       h0213  5 0.2559 0.7441 
       h0223  5 0.2998 0.7002 
       h0233  5 0.3148 0.6852 
       h0243  5 0.3243 0.6757 
       h0253  5 0.3135 0.6865 
       h0263  5 0.3608 0.6392 
       h0273  5 0.0762 0.9238 
       h0283  5 0.2991 0.7009 
       h0293  5 0.2255 0.7745 
       h0303  5 0.1610 0.8390 
       h0313  5 0.2255 0.7745 
       h0323  5 0.2227 0.7773 
       h0333  5 0.2209 0.7791 
       h0343  5 0.2398 0.7602 
       h0353  5 0.1242 0.8758 
       h0363  5 0.1963 0.8037 
       h0373  5 0.3588 0.6412 
       h0383  5 0.0542 0.9458 
       h0393  5 0.3553 0.6447 
       h0403  5 0.3350 0.6650 
       h0413  5 0.2567 0.7433 
       h0423  5 0.2794 0.7206 
       h0433  5 0.3201 0.6799 
       h0443  5 0.2753 0.7247 
       h0453  5 0.3269 0.6731 
       h0463  5 0.1549 0.8451 
       h0473  5 0.3978 0.6022 
       h0483  5 0.2270 0.7730 
       h0493  5 0.3576 0.6424 
       h0503  5 0.0968 0.9032 
       h0513  5 0.3749 0.6251 
       h0523  5 0.1889 0.8111 
       h0533  5 0.1521 0.8479 
       h0543  5 0.0346 0.9654 
       h0553  5 0.3316 0.6684 
       h0563  5 0.2705 0.7295 
       h0573  5 0.2560 0.7440 
       h0583  5 0.3222 0.6778 
       h0593  5 0.2828 0.7172 
       h0603  5 0.1988 0.8012 
       h0613  5 0.3965 0.6035 
       h0623  5 0.3913 0.6087 
       h0633  5 0.3347 0.6653 
       h0643  5 0.1804 0.8196 
       h0653  5 0.3040 0.6960 
       h0663  5 0.1105 0.8895 
       h0673  5 0.2920 0.7080 
       h0683  5 0.2695 0.7305 
       h0693  5 0.2576 0.7424 
       h0703  5 0.3312 0.6688 
       h0713  5 0.2147 0.7853 
       h0723  5 0.2196 0.7804 
       h0733  5 0.1246 0.8754 
       h0743  5 0.2853 0.7147 
       h0753  5 0.1516 0.8484 
       h0763  5 0.3241 0.6759 
       h0773  5 0.1776 0.8224 
       h0783  5 0.0683 0.9317 
       h0793  5 0.1769 0.8231 
       h0803  5 0.3005 0.6995 
       h0813  5 0.2805 0.7195 
       h0823  5 0.3561 0.6439 
       h0833  5 0.2335 0.7665 
       h0843  5 0.2554 0.7446 
       h0853  5 0.2302 0.7698 
       h0863  5 0.2672 0.7328 
       h0873  5 0.3274 0.6726 
       h0883  5 0.1793 0.8207 
       h0893  5 0.1338 0.8662 
       h0903  5 0.3498 0.6502 
       h0913  5 0.1279 0.8721 
       h0923  5 0.1189 0.8811 
       h0933  5 0.2168 0.7832 
       h0943  5 0.3398 0.6602 
       h0953  5 0.2372 0.7628 
       h0963  5 0.1640 0.8360 
       h0973  5 0.2004 0.7996 
       h0983  5 0.4336 0.5664 
       h0993  5 0.3392 0.6608 
       h1003  5 0.2753 0.7247 
       h0014  6 0.0920 0.9080 
       h0024  6 0.1662 0.8338 
       h0034  6 0.0517 0.9483 
       h0044  6 0.3160 0.6840 
       h0054  6 0.0408 0.9592 
       h0064  6 0.0563 0.9437 
       h0074  6 0.0801 0.9199 
       h0084  6 0.1659 0.8341 
       h0094  6 0.1975 0.8025 
       h0104  6 0.0242 0.9758 
       h0114  6 0.0806 0.9194 
       h0124  6 0.1856 0.8144 
       h0134  6 0.1565 0.8435 
       h0144  6 0.0636 0.9364 
       h0154  6 0.1073 0.8927 
       h0164  6 0.0174 0.9826 
       h0174  6 0.0937 0.9063 
       h0184  6 0.0745 0.9255 
       h0194  6 0.2197 0.7803 
       h0204  6 0.0565 0.9435 
       h0214  6 0.1411 0.8589 
       h0224  6 0.2846 0.7154 
       h0234  6 0.1491 0.8509 
       h0244  6 0.2705 0.7295 
       h0254  6 0.1059 0.8941 
       h0264  6 0.0943 0.9057 
       h0274  6 0.0871 0.9129 
       h0284  6 0.2994 0.7006 
       h0294  6 0.2600 0.7400 
       h0304  6 0.0726 0.9274 
       h0314  6 0.0459 0.9541 
       h0324  6 0.0836 0.9164 
       h0334  6 0.2035 0.7965 
       h0344  6 0.1848 0.8152 
       h0354  6 0.0712 0.9288 
       h0364  6 0.0739 0.9261 
       h0374  6 0.0396 0.9604 
       h0384  6 0.1781 0.8219 
       h0394  6 0.1799 0.8201 
       h0404  6 0.1915 0.8085 
       h0414  6 0.1179 0.8821 
       h0424  6 0.1214 0.8786 
       h0434  6 0.0765 0.9235 
       h0444  6 0.1599 0.8401 
       h0454  6 0.0823 0.9177 
       h0464  6 0.1741 0.8259 
       h0474  6 0.1971 0.8029 
       h0484  6 0.2331 0.7669 
       h0494  6 0.0598 0.9402 
       h0504  6 0.1517 0.8483 
       h0514  6 0.0984 0.9016 
       h0524  6 0.1499 0.8501 
       h0534  6 0.0926 0.9074 
       h0544  6 0.3068 0.6932 
       h0554  6 0.1768 0.8232 
       h0564  6 0.0283 0.9717 
       h0574  6 0.0347 0.9653 
       h0584  6 0.0181 0.9819 
       h0594  6 0.0265 0.9735 
       h0604  6 0.1869 0.8131 
       h0614  6 0.1415 0.8585 
       h0624  6 0.0981 0.9019 
       h0634  6 0.0450 0.9550 
       h0644  6 0.0805 0.9195 
       h0654  6 0.0282 0.9718 
       h0664  6 0.1443 0.8557 
       h0674  6 0.0783 0.9217 
       h0684  6 0.1149 0.8851 
       h0694  6 0.0592 0.9408 
       h0704  6 0.0225 0.9775 
       h0714  6 0.1014 0.8986 
       h0724  6 0.0660 0.9340 
       h0734  6 0.0792 0.9208 
       h0744  6 0.0212 0.9788 
       h0754  6 0.0261 0.9739 
       h0764  6 0.2095 0.7905 
       h0774  6 0.2520 0.7480 
       h0784  6 0.1135 0.8865 
       h0794  6 0.1018 0.8982 
       h0804  6 0.1653 0.8347 
       h0814  6 0.1808 0.8192 
       h0824  6 0.0426 0.9574 
       h0834  6 0.0593 0.9407 
       h0844  6 0.0640 0.9360 
       h0854  6 0.2490 0.7510 
       h0864  6 0.1424 0.8576 
       h0874  6 0.0410 0.9590 
       h0884  6 0.1508 0.8492 
       h0894  6 0.0622 0.9378 
       h0904  6 0.0648 0.9352 
       h0914  6 0.0194 0.9806 
       h0924  6 0.0601 0.9399 
       h0934  6 0.2386 0.7614 
       h0944  6 0.0277 0.9723 
       h0954  6 0.1546 0.8454 
       h0964  6 0.1345 0.8655 
       h0974  6 0.0721 0.9279 
       h0984  6 0.1110 0.8890 
       h0994  6 0.1303 0.8697 
       h1004  6 0.1026 0.8974 
     CK.0PLA  7 0.0317 0.9683 
     CK.0PLC  7 0.0368 0.9632 
     CK.0PLE  7 0.0189 0.9811 
     CK.0PLF  7 0.0707 0.9293 
     CK.0PLH  7 0.0221 0.9779 
     CK.0PLJ  7 0.0252 0.9748 
     CK.0PLK  7 0.0160 0.9840 
     CK.0PLL  7 0.0268 0.9732 
     CK.0PLM  7 0.0321 0.9679 
     CK.0PLP  7 0.0298 0.9702 
     CK.0PLT  7 0.0155 0.9845 
     CK.0PLU  7 0.0193 0.9807 
     CK.0PLX  7 0.0307 0.9693 
     CK.0PLY  7 0.0154 0.9846 
     CK.0PM0  7 0.0201 0.9799 
     CK.0PM1  7 0.0178 0.9822 
     CK.0PM2  7 0.0224 0.9776 
     CK.0PM3  7 0.0337 0.9663 
     CK.0PM4  7 0.0293 0.9707 
     CK.0PM7  7 0.0185 0.9815 
     CK.0PM8  7 0.0160 0.9840 
     CK.0PMA  7 0.0283 0.9717 
       M2C06  7 0.0183 0.9817 
       M2C07  7 0.0143 0.9857 
       M2C08  7 0.0148 0.9852 
       M2C0A  7 0.0183 0.9817 
       M2C0C  7 0.0178 0.9822 
       M2C0E  7 0.0185 0.9815 
         h01  8 0.0370 0.9630 
         h02  8 0.0194 0.9806 
         h03  8 0.0223 0.9777 
         h04  8 0.0202 0.9798 
         h05  8 0.0152 0.9848 
         h06  8 0.0179 0.9821 
         h07  8 0.0213 0.9787 
         h08  8 0.0211 0.9789 
         h09  8 0.0237 0.9763 
         h10  8 0.0164 0.9836 
         h11  8 0.0166 0.9834 
         h12  8 0.0241 0.9759 
         h13  8 0.0168 0.9832 
         h14  8 0.0171 0.9829 
         h15  8 0.0166 0.9834 
         h16  8 0.0195 0.9805 
         h17  8 0.0230 0.9770 
         h18  8 0.0239 0.9761 
         h19  8 0.0160 0.9840 
         h20  8 0.0287 0.9713 
         h21  8 0.0157 0.9843 
         h22  8 0.0180 0.9820 
         h23  8 0.0234 0.9766 
         h24  8 0.0306 0.9694 
         h25  8 0.0270 0.9730 
         h26  8 0.0604 0.9396 
         h27  8 0.0161 0.9839 
         h28  8 0.0184 0.9816 
         h29  8 0.0399 0.9601 
         h30  8 0.0201 0.9799 
         h31  8 0.0209 0.9791 
         h32  8 0.0181 0.9819 
         h33  8 0.0287 0.9713 
         h34  8 0.0238 0.9762 
         h35  8 0.0251 0.9749 
         h36  8 0.0143 0.9857 
         h37  8 0.0174 0.9826 
         h38  8 0.0229 0.9771 
         h39  8 0.0389 0.9611 
         h40  8 0.0225 0.9775 
         h41  8 0.0148 0.9852 
         h42  8 0.0238 0.9762 
         h43  8 0.0199 0.9801 
         h44  8 0.0196 0.9804 
         h45  8 0.0278 0.9722 
         h46  8 0.0218 0.9782 
         h47  8 0.0257 0.9743 
         h48  8 0.0191 0.9809 
         h49  8 0.0150 0.9850 
         h50  8 0.0164 0.9836 
         h51  8 0.0192 0.9808 
         h52  8 0.0256 0.9744 
         h53  8 0.0244 0.9756 
         h54  8 0.0385 0.9615 
         h55  8 0.0166 0.9834 
         h56  8 0.0187 0.9813 
         h57  8 0.0174 0.9826 
         h58  8 0.0245 0.9755 
         h59  8 0.0209 0.9791 
         h60  8 0.0241 0.9759 
         h61  8 0.0200 0.9800 
         h62  8 0.0224 0.9776 
         h63  8 0.0310 0.9690 
         h64  8 0.0247 0.9753 
         h65  8 0.0154 0.9846 
         h66  8 0.0246 0.9754 
         h67  8 0.0162 0.9838 
         h68  8 0.0254 0.9746 
         h69  8 0.0164 0.9836 
         h70  8 0.0157 0.9843 
         h71  8 0.0450 0.9550 
         h72  8 0.0273 0.9727 
