       M1EL5  1 0.9736 0.0264 
       W26T6  1 0.9463 0.0537 
       W26XX  1 0.9770 0.0230 
       M013P  1 0.9685 0.0315 
       M1ELA  1 0.9355 0.0645 
       M2C73  1 0.9758 0.0242 
       W23P4  1 0.9473 0.0527 
       W247C  1 0.9737 0.0263 
       W24K1  1 0.9747 0.0253 
       W24ME  1 0.9380 0.0620 
       W2514  1 0.9704 0.0296 
       W26MA  1 0.9511 0.0489 
       W26MM  1 0.9588 0.0412 
       W26MU  1 0.9708 0.0292 
       W26P0  1 0.9783 0.0217 
       W26P3  1 0.9775 0.0225 
       W26T5  1 0.9799 0.0201 
       W26TE  1 0.9589 0.0411 
       W26TF  1 0.9295 0.0705 
       W26U8  1 0.9382 0.0618 
       W26UJ  1 0.9697 0.0303 
       W26UK  1 0.9829 0.0171 
       W26UT  1 0.9779 0.0221 
       W26XT  1 0.9452 0.0548 
      CC06H2  1 0.9455 0.0545 
      CC06H4  1 0.9518 0.0482 
      CC06H5  1 0.9626 0.0374 
      CC06H6  1 0.9833 0.0167 
      CC06HE  1 0.9755 0.0245 
      CC06HF  1 0.9545 0.0455 
      CC06HH  1 0.9788 0.0212 
      CC06HJ  1 0.9621 0.0379 
      CC06HL  1 0.9797 0.0203 
      CC06HP  1 0.9799 0.0201 
      CC06HT  1 0.9544 0.0456 
      CC06HU  1 0.9738 0.0262 
      CC06HY  1 0.9596 0.0404 
      CC06J0  1 0.9484 0.0516 
      CC06J1  1 0.9606 0.0394 
      CC06J2  1 0.9624 0.0376 
     CT.0YCY  1 0.9724 0.0276 
     CT.0YEC  1 0.9780 0.0220 
     CT.0YEF  1 0.9790 0.0210 
     CT.0YEU  1 0.9833 0.0167 
     CT.0YF2  1 0.9511 0.0489 
     CT.0YF8  1 0.9846 0.0154 
     CT.0YFA  1 0.9831 0.0169 
     CT.0YFE  1 0.9738 0.0262 
     CT.0YFP  1 0.9643 0.0357 
     CT.0YFU  1 0.9741 0.0259 
     CT.0YK7  1 0.9452 0.0548 
     CX.10PT  1 0.8692 0.1308 
      DAM021  1 0.9750 0.0250 
      DAM034  1 0.9823 0.0177 
      DAM07X  1 0.9777 0.0223 
     EF.15J6  1 0.9762 0.0238 
      HRV010  1 0.9628 0.0372 
      HRV02J  1 0.9681 0.0319 
      HRV078  1 0.9655 0.0345 
      HRV0FH  1 0.9786 0.0214 
      HRV0H5  1 0.9742 0.0258 
      HRV0JF  1 0.9746 0.0254 
      HRV0JJ  1 0.9744 0.0256 
      HRV0JM  1 0.9796 0.0204 
      HRV0K6  1 0.8911 0.1089 
      HRV0K7  1 0.9753 0.0247 
      HRV0KP  1 0.9266 0.0734 
      HRV1AX  1 0.9724 0.0276 
      HRV1C4  1 0.9797 0.0203 
      HRV1CH  1 0.9724 0.0276 
      HRV1FA  1 0.9613 0.0387 
      HRV1FK  1 0.9397 0.0603 
      HRV1H8  1 0.9786 0.0214 
      HRV1HT  1 0.9544 0.0456 
      HRV1XU  1 0.9351 0.0649 
      HRV4TF  1 0.9607 0.0393 
      HRV6F0  1 0.9585 0.0415 
      HRVE6L  1 0.9527 0.0473 
       M27HM  1 0.9755 0.0245 
       M27HP  1 0.9773 0.0227 
       M2AK4  1 0.9744 0.0256 
       M2ALA  1 0.9753 0.0247 
       M2C56  1 0.9765 0.0235 
       M2CUX  1 0.9425 0.0575 
       M2E24  1 0.9784 0.0216 
       M2EA7  1 0.9758 0.0242 
       M2EH6  1 0.9773 0.0227 
       M2EKC  1 0.9446 0.0554 
      MSV083  1 0.8913 0.1087 
      MSV084  1 0.9719 0.0281 
      MSV0LJ  1 0.9661 0.0339 
      MSV1H5  1 0.9705 0.0295 
      MSV1KM  1 0.9790 0.0210 
      MSV23F  1 0.9304 0.0696 
      MSV2L8  1 0.9674 0.0326 
      MSV2P7  1 0.9735 0.0265 
      MSV2TJ  1 0.9813 0.0187 
      MSV2XM  1 0.9628 0.0372 
      MSV327  1 0.9632 0.0368 
      MSV33L  1 0.9787 0.0213 
        h001  2 0.9352 0.0648 
        h002  2 0.9095 0.0905 
        h003  2 0.8741 0.1259 
        h004  2 0.9317 0.0683 
        h005  2 0.7560 0.2440 
        h006  2 0.8430 0.1570 
        h007  2 0.8967 0.1033 
        h008  2 0.8678 0.1322 
        h009  2 0.9158 0.0842 
        h010  2 0.9661 0.0339 
        h011  2 0.9099 0.0901 
        h012  2 0.9520 0.0480 
        h013  2 0.9271 0.0729 
        h014  2 0.8817 0.1183 
        h015  2 0.9066 0.0934 
        h016  2 0.8355 0.1645 
        h017  2 0.8311 0.1689 
        h018  2 0.9119 0.0881 
        h019  2 0.7521 0.2479 
        h020  2 0.8507 0.1493 
        h021  2 0.9072 0.0928 
        h022  2 0.9763 0.0237 
        h023  2 0.8594 0.1406 
        h024  2 0.9359 0.0641 
        h025  2 0.9357 0.0643 
        h026  2 0.9269 0.0731 
        h027  2 0.9788 0.0212 
        h028  2 0.8098 0.1902 
        h029  2 0.9562 0.0438 
        h030  2 0.8913 0.1087 
        h031  2 0.9334 0.0666 
        h032  2 0.8102 0.1898 
        h033  2 0.8865 0.1135 
        h034  2 0.8078 0.1922 
        h035  2 0.8255 0.1745 
        h036  2 0.9608 0.0392 
        h037  2 0.9414 0.0586 
        h038  2 0.9385 0.0615 
        h039  2 0.8591 0.1409 
        h040  2 0.7534 0.2466 
        h041  2 0.9191 0.0809 
        h042  2 0.8913 0.1087 
        h043  2 0.8883 0.1117 
        h044  2 0.8631 0.1369 
        h045  2 0.9471 0.0529 
        h046  2 0.8839 0.1161 
        h047  2 0.8196 0.1804 
        h048  2 0.8860 0.1140 
        h049  2 0.8515 0.1485 
        h050  2 0.8468 0.1532 
        h051  2 0.8650 0.1350 
        h052  2 0.8388 0.1612 
        h053  2 0.9214 0.0786 
        h054  2 0.9780 0.0220 
        h055  2 0.9490 0.0510 
        h056  2 0.6892 0.3108 
        h057  2 0.9394 0.0606 
        h058  2 0.9551 0.0449 
        h059  2 0.9219 0.0781 
        h060  2 0.9740 0.0260 
        h061  2 0.9738 0.0262 
        h062  2 0.9669 0.0331 
        h063  2 0.9411 0.0589 
        h064  2 0.8905 0.1095 
        h065  2 0.9208 0.0792 
        h066  2 0.9336 0.0664 
        h067  2 0.9179 0.0821 
        h068  2 0.9212 0.0788 
        h069  2 0.9696 0.0304 
        h070  2 0.6333 0.3667 
        h071  2 0.9267 0.0733 
        h072  2 0.9234 0.0766 
        h073  2 0.7933 0.2067 
        h074  2 0.9255 0.0745 
        h075  2 0.7121 0.2879 
        h076  2 0.9542 0.0458 
        h077  2 0.8797 0.1203 
        h078  2 0.8412 0.1588 
        h079  2 0.9018 0.0982 
        h080  2 0.8177 0.1823 
        h081  2 0.9516 0.0484 
        h082  2 0.9423 0.0577 
        h083  2 0.9504 0.0496 
        h084  2 0.9682 0.0318 
        h085  2 0.9658 0.0342 
        h086  2 0.9370 0.0630 
        h087  2 0.9604 0.0396 
        h088  2 0.8756 0.1244 
        h089  2 0.9399 0.0601 
        h090  2 0.7406 0.2594 
        h091  2 0.9764 0.0236 
        h092  2 0.9404 0.0596 
        h093  2 0.9576 0.0424 
        h094  2 0.9415 0.0585 
        h095  2 0.9395 0.0605 
        h096  2 0.8642 0.1358 
        h097  2 0.9732 0.0268 
        h098  2 0.9018 0.0982 
        h099  2 0.9707 0.0293 
        h100  2 0.8634 0.1366 
       h0011  3 0.7562 0.2438 
       h0021  3 0.8238 0.1762 
       h0031  3 0.7155 0.2845 
       h0041  3 0.6805 0.3195 
       h0051  3 0.7457 0.2543 
       h0061  3 0.7518 0.2482 
       h0071  3 0.6982 0.3018 
       h0081  3 0.9774 0.0226 
       h0091  3 0.7821 0.2179 
       h0101  3 0.7119 0.2881 
       h0111  3 0.8692 0.1308 
       h0121  3 0.8703 0.1297 
       h0131  3 0.7481 0.2519 
       h0141  3 0.8865 0.1135 
       h0151  3 0.8782 0.1218 
       h0161  3 0.7678 0.2322 
       h0171  3 0.8445 0.1555 
       h0181  3 0.6871 0.3129 
       h0191  3 0.8339 0.1661 
       h0201  3 0.4595 0.5405 
       h0211  3 0.7632 0.2368 
       h0221  3 0.8325 0.1675 
       h0231  3 0.8129 0.1871 
       h0241  3 0.7340 0.2660 
       h0251  3 0.9269 0.0731 
       h0261  3 0.8217 0.1783 
       h0271  3 0.7290 0.2710 
       h0281  3 0.9381 0.0619 
       h0291  3 0.7244 0.2756 
       h0301  3 0.7390 0.2610 
       h0311  3 0.7368 0.2632 
       h0321  3 0.6294 0.3706 
       h0331  3 0.8758 0.1242 
       h0341  3 0.9277 0.0723 
       h0351  3 0.6500 0.3500 
       h0361  3 0.8348 0.1652 
       h0371  3 0.7922 0.2078 
       h0381  3 0.8901 0.1099 
       h0391  3 0.8133 0.1867 
       h0401  3 0.8334 0.1666 
       h0411  3 0.8482 0.1518 
       h0421  3 0.9544 0.0456 
       h0431  3 0.7432 0.2568 
       h0441  3 0.7979 0.2021 
       h0451  3 0.7107 0.2893 
       h0461  3 0.8087 0.1913 
       h0471  3 0.7951 0.2049 
       h0481  3 0.6609 0.3391 
       h0491  3 0.7302 0.2698 
       h0501  3 0.7300 0.2700 
       h0511  3 0.8722 0.1278 
       h0521  3 0.7233 0.2767 
       h0531  3 0.5249 0.4751 
       h0541  3 0.6886 0.3114 
       h0551  3 0.8995 0.1005 
       h0561  3 0.8981 0.1019 
       h0571  3 0.9059 0.0941 
       h0581  3 0.8788 0.1212 
       h0591  3 0.8371 0.1629 
       h0601  3 0.5231 0.4769 
       h0611  3 0.6864 0.3136 
       h0621  3 0.9452 0.0548 
       h0631  3 0.9182 0.0818 
       h0641  3 0.8788 0.1212 
       h0651  3 0.8548 0.1452 
       h0661  3 0.8801 0.1199 
       h0671  3 0.8044 0.1956 
       h0681  3 0.7570 0.2430 
       h0691  3 0.7639 0.2361 
       h0701  3 0.9456 0.0544 
       h0711  3 0.7721 0.2279 
       h0721  3 0.5600 0.4400 
       h0731  3 0.6885 0.3115 
       h0741  3 0.7630 0.2370 
       h0751  3 0.7596 0.2404 
       h0761  3 0.9449 0.0551 
       h0771  3 0.7377 0.2623 
       h0781  3 0.8217 0.1783 
       h0791  3 0.7681 0.2319 
       h0801  3 0.8823 0.1177 
       h0811  3 0.8884 0.1116 
       h0821  3 0.5742 0.4258 
       h0831  3 0.8737 0.1263 
       h0841  3 0.9468 0.0532 
       h0851  3 0.9184 0.0816 
       h0861  3 0.8085 0.1915 
       h0871  3 0.7505 0.2495 
       h0881  3 0.8412 0.1588 
       h0891  3 0.5873 0.4127 
       h0901  3 0.8704 0.1296 
       h0911  3 0.6874 0.3126 
       h0921  3 0.6882 0.3118 
       h0931  3 0.8503 0.1497 
       h0941  3 0.8221 0.1779 
       h0951  3 0.8213 0.1787 
       h0961  3 0.8125 0.1875 
       h0971  3 0.8758 0.1242 
       h0981  3 0.7670 0.2330 
       h0991  3 0.5973 0.4027 
       h1001  3 0.8479 0.1521 
       h0012  4 0.7136 0.2864 
       h0022  4 0.5017 0.4983 
       h0032  4 0.5070 0.4930 
       h0042  4 0.6584 0.3416 
       h0052  4 0.6475 0.3525 
       h0062  4 0.4668 0.5332 
       h0072  4 0.4661 0.5339 
       h0082  4 0.5779 0.4221 
       h0092  4 0.4984 0.5016 
       h0102  4 0.4125 0.5875 
       h0112  4 0.3147 0.6853 
       h0122  4 0.6834 0.3166 
       h0132  4 0.6425 0.3575 
       h0142  4 0.4220 0.5780 
       h0152  4 0.5399 0.4601 
       h0162  4 0.4583 0.5417 
       h0172  4 0.4774 0.5226 
       h0182  4 0.4969 0.5031 
       h0192  4 0.4308 0.5692 
       h0202  4 0.5413 0.4587 
       h0212  4 0.5490 0.4510 
       h0222  4 0.4996 0.5004 
       h0232  4 0.4493 0.5507 
       h0242  4 0.6207 0.3793 
       h0252  4 0.5898 0.4102 
       h0262  4 0.5699 0.4301 
       h0272  4 0.4452 0.5548 
       h0282  4 0.4764 0.5236 
       h0292  4 0.5272 0.4728 
       h0302  4 0.5540 0.4460 
       h0312  4 0.5384 0.4616 
       h0322  4 0.4112 0.5888 
       h0332  4 0.4557 0.5443 
       h0342  4 0.4611 0.5389 
       h0352  4 0.4211 0.5789 
       h0362  4 0.5061 0.4939 
       h0372  4 0.4749 0.5251 
       h0382  4 0.5210 0.4790 
       h0392  4 0.6066 0.3934 
       h0402  4 0.4281 0.5719 
       h0412  4 0.4882 0.5118 
       h0422  4 0.4930 0.5070 
       h0432  4 0.5286 0.4714 
       h0442  4 0.5190 0.4810 
       h0452  4 0.5613 0.4387 
       h0462  4 0.3822 0.6178 
       h0472  4 0.5397 0.4603 
       h0482  4 0.4850 0.5150 
       h0492  4 0.6433 0.3567 
       h0502  4 0.5927 0.4073 
       h0512  4 0.5623 0.4377 
       h0522  4 0.5299 0.4701 
       h0532  4 0.4713 0.5287 
       h0542  4 0.7670 0.2330 
       h0552  4 0.6224 0.3776 
       h0562  4 0.4535 0.5465 
       h0572  4 0.3770 0.6230 
       h0582  4 0.6367 0.3633 
       h0592  4 0.4262 0.5738 
       h0602  4 0.6276 0.3724 
       h0612  4 0.3557 0.6443 
       h0622  4 0.5830 0.4170 
       h0632  4 0.5159 0.4841 
       h0642  4 0.5275 0.4725 
       h0652  4 0.4332 0.5668 
       h0662  4 0.6193 0.3807 
       h0672  4 0.3313 0.6687 
       h0682  4 0.4039 0.5961 
       h0692  4 0.5839 0.4161 
       h0702  4 0.5145 0.4855 
       h0712  4 0.4459 0.5541 
       h0722  4 0.6213 0.3787 
       h0732  4 0.4315 0.5685 
       h0742  4 0.4828 0.5172 
       h0752  4 0.4950 0.5050 
       h0762  4 0.4667 0.5333 
       h0772  4 0.4638 0.5362 
       h0782  4 0.4603 0.5397 
       h0792  4 0.6066 0.3934 
       h0802  4 0.6779 0.3221 
       h0812  4 0.4922 0.5078 
       h0822  4 0.5035 0.4965 
       h0832  4 0.5556 0.4444 
       h0842  4 0.4076 0.5924 
       h0852  4 0.5114 0.4886 
       h0862  4 0.4596 0.5404 
       h0872  4 0.5803 0.4197 
       h0882  4 0.4812 0.5188 
       h0892  4 0.5154 0.4846 
       h0902  4 0.5661 0.4339 
       h0912  4 0.4817 0.5183 
       h0922  4 0.5492 0.4508 
       h0932  4 0.5590 0.4410 
       h0942  4 0.6280 0.3720 
       h0952  4 0.5913 0.4087 
       h0962  4 0.4912 0.5088 
       h0972  4 0.4837 0.5163 
       h0982  4 0.4630 0.5370 
       h0992  4 0.4960 0.5040 
       h1002  4 0.5085 0.4915 
       h0013  5 0.3753 0.6247 
       h0023  5 0.3987 0.6013 
       h0033  5 0.3676 0.6324 
       h0043  5 0.2224 0.7776 
       h0053  5 0.3706 0.6294 
       h0063  5 0.1634 0.8366 
       h0073  5 0.3375 0.6625 
       h0083  5 0.2317 0.7683 
       h0093  5 0.3048 0.6952 
       h0103  5 0.2517 0.7483 
       h0113  5 0.1873 0.8127 
       h0123  5 0.2724 0.7276 
       h0133  5 0.1404 0.8596 
       h0143  5 0.2227 0.7773 
       h0153  5 0.2454 0.7546 
       h0163  5 0.3356 0.6644 
       h0173  5 0.0962 0.9038 
       h0183  5 0.2760 0.7240 
       h0193  5 0.1985 0.8015 
       h0203  5 0.2127 0.7873 
       h0213  5 0.2559 0.7441 
       h0223  5 0.2997 0.7003 
       h0233  5 0.3147 0.6853 
       h0243  5 0.3245 0.6755 
       h0253  5 0.3134 0.6866 
       h0263  5 0.3603 0.6397 
       h0273  5 0.0763 0.9237 
       h0283  5 0.2992 0.7008 
       h0293  5 0.2252 0.7748 
       h0303  5 0.1613 0.8387 
       h0313  5 0.2254 0.7746 
       h0323  5 0.2227 0.7773 
       h0333  5 0.2210 0.7790 
       h0343  5 0.2396 0.7604 
       h0353  5 0.1246 0.8754 
       h0363  5 0.1963 0.8037 
       h0373  5 0.3589 0.6411 
       h0383  5 0.0545 0.9455 
       h0393  5 0.3558 0.6442 
       h0403  5 0.3349 0.6651 
       h0413  5 0.2562 0.7438 
       h0423  5 0.2795 0.7205 
       h0433  5 0.3200 0.6800 
       h0443  5 0.2753 0.7247 
       h0453  5 0.3264 0.6736 
       h0463  5 0.1550 0.8450 
       h0473  5 0.3978 0.6022 
       h0483  5 0.2275 0.7725 
       h0493  5 0.3572 0.6428 
       h0503  5 0.0971 0.9029 
       h0513  5 0.3743 0.6257 
       h0523  5 0.1888 0.8112 
       h0533  5 0.1519 0.8481 
       h0543  5 0.0347 0.9653 
       h0553  5 0.3316 0.6684 
       h0563  5 0.2707 0.7293 
       h0573  5 0.2561 0.7439 
       h0583  5 0.3218 0.6782 
       h0593  5 0.2824 0.7176 
       h0603  5 0.1989 0.8011 
       h0613  5 0.3952 0.6048 
       h0623  5 0.3913 0.6087 
       h0633  5 0.3345 0.6655 
       h0643  5 0.1804 0.8196 
       h0653  5 0.3040 0.6960 
       h0663  5 0.1109 0.8891 
       h0673  5 0.2927 0.7073 
       h0683  5 0.2694 0.7306 
       h0693  5 0.2572 0.7428 
       h0703  5 0.3305 0.6695 
       h0713  5 0.2147 0.7853 
       h0723  5 0.2196 0.7804 
       h0733  5 0.1248 0.8752 
       h0743  5 0.2854 0.7146 
       h0753  5 0.1517 0.8483 
       h0763  5 0.3238 0.6762 
       h0773  5 0.1779 0.8221 
       h0783  5 0.0684 0.9316 
       h0793  5 0.1770 0.8230 
       h0803  5 0.3003 0.6997 
       h0813  5 0.2803 0.7197 
       h0823  5 0.3558 0.6442 
       h0833  5 0.2336 0.7664 
       h0843  5 0.2556 0.7444 
       h0853  5 0.2298 0.7702 
       h0863  5 0.2672 0.7328 
       h0873  5 0.3277 0.6723 
       h0883  5 0.1794 0.8206 
       h0893  5 0.1337 0.8663 
       h0903  5 0.3497 0.6503 
       h0913  5 0.1279 0.8721 
       h0923  5 0.1188 0.8812 
       h0933  5 0.2170 0.7830 
       h0943  5 0.3393 0.6607 
       h0953  5 0.2372 0.7628 
       h0963  5 0.1639 0.8361 
       h0973  5 0.2002 0.7998 
       h0983  5 0.4337 0.5663 
       h0993  5 0.3391 0.6609 
       h1003  5 0.2751 0.7249 
       h0014  6 0.0917 0.9083 
       h0024  6 0.1662 0.8338 
       h0034  6 0.0517 0.9483 
       h0044  6 0.3159 0.6841 
       h0054  6 0.0408 0.9592 
       h0064  6 0.0564 0.9436 
       h0074  6 0.0804 0.9196 
       h0084  6 0.1659 0.8341 
       h0094  6 0.1973 0.8027 
       h0104  6 0.0242 0.9758 
       h0114  6 0.0811 0.9189 
       h0124  6 0.1854 0.8146 
       h0134  6 0.1561 0.8439 
       h0144  6 0.0639 0.9361 
       h0154  6 0.1075 0.8925 
       h0164  6 0.0175 0.9825 
       h0174  6 0.0938 0.9062 
       h0184  6 0.0743 0.9257 
       h0194  6 0.2199 0.7801 
       h0204  6 0.0565 0.9435 
       h0214  6 0.1411 0.8589 
       h0224  6 0.2842 0.7158 
       h0234  6 0.1492 0.8508 
       h0244  6 0.2696 0.7304 
       h0254  6 0.1059 0.8941 
       h0264  6 0.0942 0.9058 
       h0274  6 0.0873 0.9127 
       h0284  6 0.2991 0.7009 
       h0294  6 0.2597 0.7403 
       h0304  6 0.0729 0.9271 
       h0314  6 0.0458 0.9542 
       h0324  6 0.0839 0.9161 
       h0334  6 0.2033 0.7967 
       h0344  6 0.1848 0.8152 
       h0354  6 0.0712 0.9288 
       h0364  6 0.0739 0.9261 
       h0374  6 0.0398 0.9602 
       h0384  6 0.1780 0.8220 
       h0394  6 0.1804 0.8196 
       h0404  6 0.1914 0.8086 
       h0414  6 0.1181 0.8819 
       h0424  6 0.1214 0.8786 
       h0434  6 0.0761 0.9239 
       h0444  6 0.1598 0.8402 
       h0454  6 0.0827 0.9173 
       h0464  6 0.1740 0.8260 
       h0474  6 0.1970 0.8030 
       h0484  6 0.2329 0.7671 
       h0494  6 0.0598 0.9402 
       h0504  6 0.1512 0.8488 
       h0514  6 0.0988 0.9012 
       h0524  6 0.1500 0.8500 
       h0534  6 0.0930 0.9070 
       h0544  6 0.3071 0.6929 
       h0554  6 0.1765 0.8235 
       h0564  6 0.0285 0.9715 
       h0574  6 0.0347 0.9653 
       h0584  6 0.0181 0.9819 
       h0594  6 0.0265 0.9735 
       h0604  6 0.1861 0.8139 
       h0614  6 0.1408 0.8592 
       h0624  6 0.0978 0.9022 
       h0634  6 0.0454 0.9546 
       h0644  6 0.0805 0.9195 
       h0654  6 0.0284 0.9716 
       h0664  6 0.1443 0.8557 
       h0674  6 0.0780 0.9220 
       h0684  6 0.1148 0.8852 
       h0694  6 0.0594 0.9406 
       h0704  6 0.0225 0.9775 
       h0714  6 0.1019 0.8981 
       h0724  6 0.0660 0.9340 
       h0734  6 0.0794 0.9206 
       h0744  6 0.0211 0.9789 
       h0754  6 0.0260 0.9740 
       h0764  6 0.2093 0.7907 
       h0774  6 0.2514 0.7486 
       h0784  6 0.1135 0.8865 
       h0794  6 0.1020 0.8980 
       h0804  6 0.1655 0.8345 
       h0814  6 0.1806 0.8194 
       h0824  6 0.0428 0.9572 
       h0834  6 0.0595 0.9405 
       h0844  6 0.0642 0.9358 
       h0854  6 0.2489 0.7511 
       h0864  6 0.1425 0.8575 
       h0874  6 0.0411 0.9589 
       h0884  6 0.1507 0.8493 
       h0894  6 0.0624 0.9376 
       h0904  6 0.0651 0.9349 
       h0914  6 0.0194 0.9806 
       h0924  6 0.0605 0.9395 
       h0934  6 0.2388 0.7612 
       h0944  6 0.0279 0.9721 
       h0954  6 0.1546 0.8454 
       h0964  6 0.1346 0.8654 
       h0974  6 0.0722 0.9278 
       h0984  6 0.1108 0.8892 
       h0994  6 0.1305 0.8695 
       h1004  6 0.1028 0.8972 
     CK.0PLA  7 0.0319 0.9681 
     CK.0PLC  7 0.0367 0.9633 
     CK.0PLE  7 0.0190 0.9810 
     CK.0PLF  7 0.0710 0.9290 
     CK.0PLH  7 0.0222 0.9778 
     CK.0PLJ  7 0.0253 0.9747 
     CK.0PLK  7 0.0161 0.9839 
     CK.0PLL  7 0.0269 0.9731 
     CK.0PLM  7 0.0321 0.9679 
     CK.0PLP  7 0.0297 0.9703 
     CK.0PLT  7 0.0155 0.9845 
     CK.0PLU  7 0.0194 0.9806 
     CK.0PLX  7 0.0309 0.9691 
     CK.0PLY  7 0.0154 0.9846 
     CK.0PM0  7 0.0201 0.9799 
     CK.0PM1  7 0.0178 0.9822 
     CK.0PM2  7 0.0224 0.9776 
     CK.0PM3  7 0.0339 0.9661 
     CK.0PM4  7 0.0294 0.9706 
     CK.0PM7  7 0.0185 0.9815 
     CK.0PM8  7 0.0161 0.9839 
     CK.0PMA  7 0.0283 0.9717 
       M2C06  7 0.0183 0.9817 
       M2C07  7 0.0143 0.9857 
       M2C08  7 0.0148 0.9852 
       M2C0A  7 0.0182 0.9818 
       M2C0C  7 0.0178 0.9822 
       M2C0E  7 0.0185 0.9815 
         h01  8 0.0371 0.9629 
         h02  8 0.0193 0.9807 
         h03  8 0.0224 0.9776 
         h04  8 0.0203 0.9797 
         h05  8 0.0152 0.9848 
         h06  8 0.0179 0.9821 
         h07  8 0.0214 0.9786 
         h08  8 0.0212 0.9788 
         h09  8 0.0237 0.9763 
         h10  8 0.0165 0.9835 
         h11  8 0.0166 0.9834 
         h12  8 0.0241 0.9759 
         h13  8 0.0167 0.9833 
         h14  8 0.0172 0.9828 
         h15  8 0.0167 0.9833 
         h16  8 0.0197 0.9803 
         h17  8 0.0230 0.9770 
         h18  8 0.0240 0.9760 
         h19  8 0.0160 0.9840 
         h20  8 0.0289 0.9711 
         h21  8 0.0157 0.9843 
         h22  8 0.0181 0.9819 
         h23  8 0.0235 0.9765 
         h24  8 0.0306 0.9694 
         h25  8 0.0269 0.9731 
         h26  8 0.0606 0.9394 
         h27  8 0.0161 0.9839 
         h28  8 0.0184 0.9816 
         h29  8 0.0401 0.9599 
         h30  8 0.0202 0.9798 
         h31  8 0.0208 0.9792 
         h32  8 0.0181 0.9819 
         h33  8 0.0288 0.9712 
         h34  8 0.0239 0.9761 
         h35  8 0.0251 0.9749 
         h36  8 0.0143 0.9857 
         h37  8 0.0174 0.9826 
         h38  8 0.0229 0.9771 
         h39  8 0.0390 0.9610 
         h40  8 0.0226 0.9774 
         h41  8 0.0148 0.9852 
         h42  8 0.0238 0.9762 
         h43  8 0.0201 0.9799 
         h44  8 0.0197 0.9803 
         h45  8 0.0279 0.9721 
         h46  8 0.0218 0.9782 
         h47  8 0.0258 0.9742 
         h48  8 0.0191 0.9809 
         h49  8 0.0150 0.9850 
         h50  8 0.0164 0.9836 
         h51  8 0.0192 0.9808 
         h52  8 0.0256 0.9744 
         h53  8 0.0244 0.9756 
         h54  8 0.0386 0.9614 
         h55  8 0.0166 0.9834 
         h56  8 0.0187 0.9813 
         h57  8 0.0174 0.9826 
         h58  8 0.0246 0.9754 
         h59  8 0.0210 0.9790 
         h60  8 0.0239 0.9761 
         h61  8 0.0201 0.9799 
         h62  8 0.0224 0.9776 
         h63  8 0.0311 0.9689 
         h64  8 0.0247 0.9753 
         h65  8 0.0154 0.9846 
         h66  8 0.0247 0.9753 
         h67  8 0.0162 0.9838 
         h68  8 0.0254 0.9746 
         h69  8 0.0164 0.9836 
         h70  8 0.0158 0.9842 
         h71  8 0.0451 0.9549 
         h72  8 0.0274 0.9726 
