

----------------------------------------------------
STRUCTURE by Pritchard, Stephens and Donnelly (2000)
     and Falush, Stephens and Pritchard (2003)
       Code by Pritchard, Falush and Hubisz
             Version 2.3.4 (Jul 2012)
----------------------------------------------------



Command line arguments:   /home/eva.pavlovic/Structure/structure -m parameter_job_4a1_1_1 
Input File:    /home/eva.pavlovic/data_job_4a1_1_1

Run parameters:
   750 individuals
   20 loci
   2 populations assumed
   300000 Burn-in period
   3000000 Reps


--------------------------------------------
Proportion of membership of each pre-defined
 population in each of the 2 clusters

Given    Inferred Clusters       Number of
 Pop       1      2             Individuals

  1:     0.964  0.036             100
  2:     0.912  0.088             100
  3:     0.769  0.231             100
  4:     0.460  0.540               6
  5:     0.496  0.504             100
  6:     0.116  0.884               2
  7:     0.219  0.781             100
  8:     0.067  0.933              42
  9:     0.090  0.910             100
 10:     0.040  0.960             100
--------------------------------------------

Allele-freq. divergence among pops (Net nucleotide distance),
computed using point estimates of P.

      1       2      
 1      -    0.0903  
 2   0.0903     -    

Average distances (expected heterozygosity) between individuals in same cluster:
cluster  1  : 0.7943 
cluster  2  : 0.7438 

--------------------------------------------
Estimated Ln Prob of Data   = -57898.6
Mean value of ln likelihood = -57561.4
Variance of ln likelihood   = 674.4
Mean value of alpha         = 0.3329

Mean value of Fst_1         = 0.0270
Mean value of Fst_2         = 0.1383


Inferred ancestry of individuals:
        Label (%Miss) Pop:  Inferred clusters
  1    M1EL5    (5)    1 :  0.965 0.035 
  2    W26T6    (5)    1 :  0.942 0.058 
  3    W26XX    (5)    1 :  0.977 0.023 
  4    M013P    (0)    1 :  0.983 0.017 
  5    M1ELA    (0)    1 :  0.920 0.080 
  6    M2C73    (0)    1 :  0.974 0.026 
  7    W23P4    (0)    1 :  0.831 0.169 
  8    W247C    (5)    1 :  0.980 0.020 
  9    W24K1    (0)    1 :  0.980 0.020 
 10    W24ME    (0)    1 :  0.913 0.087 
 11    W2514    (0)    1 :  0.960 0.040 
 12    W26MA    (0)    1 :  0.951 0.049 
 13    W26MM    (0)    1 :  0.979 0.021 
 14    W26MU    (0)    1 :  0.961 0.039 
 15    W26P0    (0)    1 :  0.953 0.047 
 16    W26P3    (0)    1 :  0.984 0.016 
 17    W26T5    (0)    1 :  0.981 0.019 
 18    W26TE    (0)    1 :  0.955 0.045 
 19    W26TF    (0)    1 :  0.982 0.018 
 20    W26U8    (0)    1 :  0.913 0.087 
 21    W26UJ    (0)    1 :  0.982 0.018 
 22    W26UK    (0)    1 :  0.982 0.018 
 23    W26UT    (0)    1 :  0.982 0.018 
 24    W26XT    (0)    1 :  0.978 0.022 
 25   CC06H2    (0)    1 :  0.937 0.063 
 26   CC06H4    (0)    1 :  0.979 0.021 
 27   CC06H5    (5)    1 :  0.915 0.085 
 28   CC06H6    (0)    1 :  0.969 0.031 
 29   CC06HE    (0)    1 :  0.980 0.020 
 30   CC06HF    (0)    1 :  0.907 0.093 
 31   CC06HH    (0)    1 :  0.979 0.021 
 32   CC06HJ    (0)    1 :  0.961 0.039 
 33   CC06HL    (0)    1 :  0.984 0.016 
 34   CC06HP    (0)    1 :  0.983 0.017 
 35   CC06HT    (0)    1 :  0.965 0.035 
 36   CC06HU    (0)    1 :  0.976 0.024 
 37   CC06HY    (0)    1 :  0.962 0.038 
 38   CC06J0    (0)    1 :  0.971 0.029 
 39   CC06J1    (0)    1 :  0.959 0.041 
 40   CC06J2    (0)    1 :  0.974 0.026 
 41  CT.0YCY    (0)    1 :  0.975 0.025 
 42  CT.0YEC    (0)    1 :  0.985 0.015 
 43  CT.0YEF    (0)    1 :  0.973 0.027 
 44  CT.0YEU    (0)    1 :  0.981 0.019 
 45  CT.0YF2    (5)    1 :  0.965 0.035 
 46  CT.0YF8    (0)    1 :  0.980 0.020 
 47  CT.0YFA    (0)    1 :  0.962 0.038 
 48  CT.0YFE    (0)    1 :  0.957 0.043 
 49  CT.0YFP    (0)    1 :  0.968 0.032 
 50  CT.0YFU    (0)    1 :  0.968 0.032 
 51  CT.0YK7    (0)    1 :  0.965 0.035 
 52  CX.10PT    (0)    1 :  0.941 0.059 
 53   DAM021    (0)    1 :  0.960 0.040 
 54   DAM034    (0)    1 :  0.968 0.032 
 55   DAM07X    (0)    1 :  0.971 0.029 
 56  EF.15J6    (0)    1 :  0.977 0.023 
 57   HRV010   (10)    1 :  0.977 0.023 
 58   HRV02J    (5)    1 :  0.967 0.033 
 59   HRV078    (0)    1 :  0.969 0.031 
 60   HRV0FH    (0)    1 :  0.980 0.020 
 61   HRV0H5    (0)    1 :  0.969 0.031 
 62   HRV0JF    (0)    1 :  0.921 0.079 
 63   HRV0JJ    (0)    1 :  0.954 0.046 
 64   HRV0JM    (0)    1 :  0.970 0.030 
 65   HRV0K6    (0)    1 :  0.943 0.057 
 66   HRV0K7    (0)    1 :  0.978 0.022 
 67   HRV0KP    (5)    1 :  0.956 0.044 
 68   HRV1AX    (0)    1 :  0.949 0.051 
 69   HRV1C4    (0)    1 :  0.966 0.034 
 70   HRV1CH    (0)    1 :  0.966 0.034 
 71   HRV1FA    (5)    1 :  0.964 0.036 
 72   HRV1FK    (0)    1 :  0.956 0.044 
 73   HRV1H8    (5)    1 :  0.974 0.026 
 74   HRV1HT   (10)    1 :  0.953 0.047 
 75   HRV1XU   (10)    1 :  0.973 0.027 
 76   HRV4TF    (0)    1 :  0.975 0.025 
 77   HRV6F0   (10)    1 :  0.971 0.029 
 78   HRVE6L    (0)    1 :  0.963 0.037 
 79    M27HM    (5)    1 :  0.963 0.037 
 80    M27HP    (0)    1 :  0.979 0.021 
 81    M2AK4    (0)    1 :  0.979 0.021 
 82    M2ALA    (0)    1 :  0.983 0.017 
 83    M2C56    (0)    1 :  0.961 0.039 
 84    M2CUX    (0)    1 :  0.961 0.039 
 85    M2E24    (0)    1 :  0.981 0.019 
 86    M2EA7    (5)    1 :  0.976 0.024 
 87    M2EH6    (0)    1 :  0.976 0.024 
 88    M2EKC    (0)    1 :  0.911 0.089 
 89   MSV083    (0)    1 :  0.976 0.024 
 90   MSV084    (0)    1 :  0.944 0.056 
 91   MSV0LJ    (0)    1 :  0.967 0.033 
 92   MSV1H5    (0)    1 :  0.946 0.054 
 93   MSV1KM    (0)    1 :  0.980 0.020 
 94   MSV23F    (5)    1 :  0.973 0.027 
 95   MSV2L8    (0)    1 :  0.973 0.027 
 96   MSV2P7    (5)    1 :  0.975 0.025 
 97   MSV2TJ    (0)    1 :  0.966 0.034 
 98   MSV2XM    (0)    1 :  0.969 0.031 
 99   MSV327    (5)    1 :  0.976 0.024 
100   MSV33L    (5)    1 :  0.981 0.019 
101     h001    (0)    2 :  0.941 0.059 
102     h002    (0)    2 :  0.856 0.144 
103     h003    (0)    2 :  0.952 0.048 
104     h004    (0)    2 :  0.850 0.150 
105     h005    (0)    2 :  0.978 0.022 
106     h006    (0)    2 :  0.788 0.212 
107     h007    (0)    2 :  0.768 0.232 
108     h008    (0)    2 :  0.906 0.094 
109     h009    (0)    2 :  0.930 0.070 
110     h010    (0)    2 :  0.948 0.052 
111     h011    (0)    2 :  0.978 0.022 
112     h012    (0)    2 :  0.787 0.213 
113     h013    (0)    2 :  0.930 0.070 
114     h014    (0)    2 :  0.977 0.023 
115     h015    (0)    2 :  0.956 0.044 
116     h016    (0)    2 :  0.956 0.044 
117     h017    (0)    2 :  0.846 0.154 
118     h018    (0)    2 :  0.915 0.085 
119     h019    (0)    2 :  0.818 0.182 
120     h020    (0)    2 :  0.971 0.029 
121     h021    (0)    2 :  0.972 0.028 
122     h022    (0)    2 :  0.954 0.046 
123     h023    (0)    2 :  0.912 0.088 
124     h024    (0)    2 :  0.870 0.130 
125     h025    (0)    2 :  0.978 0.022 
126     h026    (0)    2 :  0.932 0.068 
127     h027    (0)    2 :  0.945 0.055 
128     h028    (0)    2 :  0.817 0.183 
129     h029    (0)    2 :  0.977 0.023 
130     h030    (0)    2 :  0.964 0.036 
131     h031    (0)    2 :  0.975 0.025 
132     h032    (0)    2 :  0.963 0.037 
133     h033    (0)    2 :  0.961 0.039 
134     h034    (0)    2 :  0.803 0.197 
135     h035    (0)    2 :  0.924 0.076 
136     h036    (0)    2 :  0.973 0.027 
137     h037    (0)    2 :  0.938 0.062 
138     h038    (0)    2 :  0.894 0.106 
139     h039    (0)    2 :  0.733 0.267 
140     h040    (0)    2 :  0.938 0.062 
141     h041    (0)    2 :  0.970 0.030 
142     h042    (0)    2 :  0.977 0.023 
143     h043    (0)    2 :  0.871 0.129 
144     h044    (0)    2 :  0.962 0.038 
145     h045    (0)    2 :  0.841 0.159 
146     h046    (0)    2 :  0.959 0.041 
147     h047    (0)    2 :  0.938 0.062 
148     h048    (0)    2 :  0.942 0.058 
149     h049    (0)    2 :  0.944 0.056 
150     h050    (0)    2 :  0.938 0.062 
151     h051    (0)    2 :  0.848 0.152 
152     h052    (0)    2 :  0.966 0.034 
153     h053    (0)    2 :  0.952 0.048 
154     h054    (0)    2 :  0.846 0.154 
155     h055    (0)    2 :  0.955 0.045 
156     h056    (0)    2 :  0.915 0.085 
157     h057    (0)    2 :  0.928 0.072 
158     h058    (0)    2 :  0.731 0.269 
159     h059    (0)    2 :  0.922 0.078 
160     h060    (0)    2 :  0.965 0.035 
161     h061    (0)    2 :  0.952 0.048 
162     h062    (0)    2 :  0.979 0.021 
163     h063    (0)    2 :  0.921 0.079 
164     h064    (0)    2 :  0.919 0.081 
165     h065    (0)    2 :  0.935 0.065 
166     h066    (0)    2 :  0.938 0.062 
167     h067    (0)    2 :  0.845 0.155 
168     h068    (0)    2 :  0.939 0.061 
169     h069    (0)    2 :  0.959 0.041 
170     h070    (0)    2 :  0.969 0.031 
171     h071    (0)    2 :  0.721 0.279 
172     h072    (0)    2 :  0.982 0.018 
173     h073    (0)    2 :  0.828 0.172 
174     h074    (0)    2 :  0.833 0.167 
175     h075    (0)    2 :  0.969 0.031 
176     h076    (0)    2 :  0.908 0.092 
177     h077    (0)    2 :  0.965 0.035 
178     h078    (0)    2 :  0.919 0.081 
179     h079    (0)    2 :  0.822 0.178 
180     h080    (0)    2 :  0.970 0.030 
181     h081    (0)    2 :  0.777 0.223 
182     h082    (0)    2 :  0.939 0.061 
183     h083    (0)    2 :  0.977 0.023 
184     h084    (0)    2 :  0.901 0.099 
185     h085    (0)    2 :  0.903 0.097 
186     h086    (0)    2 :  0.967 0.033 
187     h087    (0)    2 :  0.892 0.108 
188     h088    (0)    2 :  0.821 0.179 
189     h089    (0)    2 :  0.973 0.027 
190     h090    (0)    2 :  0.895 0.105 
191     h091    (0)    2 :  0.965 0.035 
192     h092    (0)    2 :  0.925 0.075 
193     h093    (0)    2 :  0.878 0.122 
194     h094    (0)    2 :  0.945 0.055 
195     h095    (0)    2 :  0.952 0.048 
196     h096    (0)    2 :  0.930 0.070 
197     h097    (0)    2 :  0.936 0.064 
198     h098    (0)    2 :  0.901 0.099 
199     h099    (0)    2 :  0.908 0.092 
200     h100    (0)    2 :  0.699 0.301 
201    h0011    (0)    3 :  0.578 0.422 
202    h0021    (0)    3 :  0.913 0.087 
203    h0031    (0)    3 :  0.673 0.327 
204    h0041    (0)    3 :  0.731 0.269 
205    h0051    (0)    3 :  0.890 0.110 
206    h0061    (0)    3 :  0.760 0.240 
207    h0071    (0)    3 :  0.871 0.129 
208    h0081    (0)    3 :  0.705 0.295 
209    h0091    (0)    3 :  0.691 0.309 
210    h0101    (0)    3 :  0.889 0.111 
211    h0111    (0)    3 :  0.835 0.165 
212    h0121    (0)    3 :  0.799 0.201 
213    h0131    (0)    3 :  0.899 0.101 
214    h0141    (0)    3 :  0.672 0.328 
215    h0151    (0)    3 :  0.866 0.134 
216    h0161    (0)    3 :  0.671 0.329 
217    h0171    (0)    3 :  0.704 0.296 
218    h0181    (0)    3 :  0.671 0.329 
219    h0191    (0)    3 :  0.636 0.364 
220    h0201    (0)    3 :  0.782 0.218 
221    h0211    (0)    3 :  0.683 0.317 
222    h0221    (0)    3 :  0.749 0.251 
223    h0231    (0)    3 :  0.674 0.326 
224    h0241    (0)    3 :  0.964 0.036 
225    h0251    (0)    3 :  0.889 0.111 
226    h0261    (0)    3 :  0.721 0.279 
227    h0271    (0)    3 :  0.888 0.112 
228    h0281    (0)    3 :  0.847 0.153 
229    h0291    (0)    3 :  0.835 0.165 
230    h0301    (0)    3 :  0.952 0.048 
231    h0311    (0)    3 :  0.527 0.473 
232    h0321    (0)    3 :  0.867 0.133 
233    h0331    (0)    3 :  0.676 0.324 
234    h0341    (0)    3 :  0.792 0.208 
235    h0351    (0)    3 :  0.793 0.207 
236    h0361    (0)    3 :  0.645 0.355 
237    h0371    (0)    3 :  0.869 0.131 
238    h0381    (0)    3 :  0.875 0.125 
239    h0391    (0)    3 :  0.670 0.330 
240    h0401    (0)    3 :  0.810 0.190 
241    h0411    (0)    3 :  0.637 0.363 
242    h0421    (0)    3 :  0.645 0.355 
243    h0431    (0)    3 :  0.627 0.373 
244    h0441    (0)    3 :  0.834 0.166 
245    h0451    (0)    3 :  0.663 0.337 
246    h0461    (0)    3 :  0.567 0.433 
247    h0471    (0)    3 :  0.858 0.142 
248    h0481    (0)    3 :  0.593 0.407 
249    h0491    (0)    3 :  0.622 0.378 
250    h0501    (0)    3 :  0.801 0.199 
251    h0511    (0)    3 :  0.756 0.244 
252    h0521    (0)    3 :  0.822 0.178 
253    h0531    (0)    3 :  0.669 0.331 
254    h0541    (0)    3 :  0.620 0.380 
255    h0551    (0)    3 :  0.764 0.236 
256    h0561    (0)    3 :  0.923 0.077 
257    h0571    (0)    3 :  0.854 0.146 
258    h0581    (0)    3 :  0.765 0.235 
259    h0591    (0)    3 :  0.760 0.240 
260    h0601    (0)    3 :  0.905 0.095 
261    h0611    (0)    3 :  0.747 0.253 
262    h0621    (0)    3 :  0.581 0.419 
263    h0631    (0)    3 :  0.686 0.314 
264    h0641    (0)    3 :  0.924 0.076 
265    h0651    (0)    3 :  0.756 0.244 
266    h0661    (0)    3 :  0.923 0.077 
267    h0671    (0)    3 :  0.614 0.386 
268    h0681    (0)    3 :  0.884 0.116 
269    h0691    (0)    3 :  0.596 0.404 
270    h0701    (0)    3 :  0.852 0.148 
271    h0711    (0)    3 :  0.961 0.039 
272    h0721    (0)    3 :  0.781 0.219 
273    h0731    (0)    3 :  0.887 0.113 
274    h0741    (0)    3 :  0.698 0.302 
275    h0751    (0)    3 :  0.660 0.340 
276    h0761    (0)    3 :  0.542 0.458 
277    h0771    (0)    3 :  0.677 0.323 
278    h0781    (0)    3 :  0.704 0.296 
279    h0791    (0)    3 :  0.827 0.173 
280    h0801    (0)    3 :  0.783 0.217 
281    h0811    (0)    3 :  0.931 0.069 
282    h0821    (0)    3 :  0.604 0.396 
283    h0831    (0)    3 :  0.834 0.166 
284    h0841    (0)    3 :  0.888 0.112 
285    h0851    (0)    3 :  0.844 0.156 
286    h0861    (0)    3 :  0.847 0.153 
287    h0871    (0)    3 :  0.895 0.105 
288    h0881    (0)    3 :  0.955 0.045 
289    h0891    (0)    3 :  0.728 0.272 
290    h0901    (0)    3 :  0.924 0.076 
291    h0911    (0)    3 :  0.790 0.210 
292    h0921    (0)    3 :  0.852 0.148 
293    h0931    (0)    3 :  0.980 0.020 
294    h0941    (0)    3 :  0.736 0.264 
295    h0951    (0)    3 :  0.675 0.325 
296    h0961    (0)    3 :  0.755 0.245 
297    h0971    (0)    3 :  0.755 0.245 
298    h0981    (0)    3 :  0.804 0.196 
299    h0991    (0)    3 :  0.721 0.279 
300    h1001    (0)    3 :  0.684 0.316 
301   MSV1TX    (5)    4 :  0.654 0.346 
302   MSV025    (0)    4 :  0.367 0.633 
303   MSV02C    (0)    4 :  0.502 0.498 
304   MSV02E    (5)    4 :  0.495 0.505 
305   MSV0TF    (5)    4 :  0.419 0.581 
306    M2EL8    (0)    4 :  0.324 0.676 
307    h0012    (0)    5 :  0.395 0.605 
308    h0022    (0)    5 :  0.484 0.516 
309    h0032    (0)    5 :  0.570 0.430 
310    h0042    (0)    5 :  0.462 0.538 
311    h0052    (0)    5 :  0.565 0.435 
312    h0062    (0)    5 :  0.473 0.527 
313    h0072    (0)    5 :  0.448 0.552 
314    h0082    (0)    5 :  0.807 0.193 
315    h0092    (0)    5 :  0.439 0.561 
316    h0102    (0)    5 :  0.548 0.452 
317    h0112    (0)    5 :  0.587 0.413 
318    h0122    (0)    5 :  0.492 0.508 
319    h0132    (0)    5 :  0.558 0.442 
320    h0142    (0)    5 :  0.669 0.331 
321    h0152    (0)    5 :  0.338 0.662 
322    h0162    (0)    5 :  0.340 0.660 
323    h0172    (0)    5 :  0.431 0.569 
324    h0182    (0)    5 :  0.468 0.532 
325    h0192    (0)    5 :  0.483 0.517 
326    h0202    (0)    5 :  0.503 0.497 
327    h0212    (0)    5 :  0.435 0.565 
328    h0222    (0)    5 :  0.599 0.401 
329    h0232    (0)    5 :  0.445 0.555 
330    h0242    (0)    5 :  0.674 0.326 
331    h0252    (0)    5 :  0.525 0.475 
332    h0262    (0)    5 :  0.390 0.610 
333    h0272    (0)    5 :  0.303 0.697 
334    h0282    (0)    5 :  0.361 0.639 
335    h0292    (0)    5 :  0.743 0.257 
336    h0302    (0)    5 :  0.509 0.491 
337    h0312    (0)    5 :  0.565 0.435 
338    h0322    (0)    5 :  0.424 0.576 
339    h0332    (0)    5 :  0.457 0.543 
340    h0342    (0)    5 :  0.561 0.439 
341    h0352    (0)    5 :  0.325 0.675 
342    h0362    (0)    5 :  0.547 0.453 
343    h0372    (0)    5 :  0.535 0.465 
344    h0382    (0)    5 :  0.523 0.477 
345    h0392    (0)    5 :  0.390 0.610 
346    h0402    (0)    5 :  0.701 0.299 
347    h0412    (0)    5 :  0.533 0.467 
348    h0422    (0)    5 :  0.349 0.651 
349    h0432    (0)    5 :  0.457 0.543 
350    h0442    (0)    5 :  0.580 0.420 
351    h0452    (0)    5 :  0.316 0.684 
352    h0462    (0)    5 :  0.542 0.458 
353    h0472    (0)    5 :  0.596 0.404 
354    h0482    (0)    5 :  0.577 0.423 
355    h0492    (0)    5 :  0.411 0.589 
356    h0502    (0)    5 :  0.529 0.471 
357    h0512    (0)    5 :  0.579 0.421 
358    h0522    (0)    5 :  0.494 0.506 
359    h0532    (0)    5 :  0.544 0.456 
360    h0542    (0)    5 :  0.482 0.518 
361    h0552    (0)    5 :  0.383 0.617 
362    h0562    (0)    5 :  0.394 0.606 
363    h0572    (0)    5 :  0.505 0.495 
364    h0582    (0)    5 :  0.696 0.304 
365    h0592    (0)    5 :  0.535 0.465 
366    h0602    (0)    5 :  0.584 0.416 
367    h0612    (0)    5 :  0.608 0.392 
368    h0622    (0)    5 :  0.351 0.649 
369    h0632    (0)    5 :  0.527 0.473 
370    h0642    (0)    5 :  0.410 0.590 
371    h0652    (0)    5 :  0.597 0.403 
372    h0662    (0)    5 :  0.578 0.422 
373    h0672    (0)    5 :  0.499 0.501 
374    h0682    (0)    5 :  0.380 0.620 
375    h0692    (0)    5 :  0.431 0.569 
376    h0702    (0)    5 :  0.411 0.589 
377    h0712    (0)    5 :  0.454 0.546 
378    h0722    (0)    5 :  0.839 0.161 
379    h0732    (0)    5 :  0.363 0.637 
380    h0742    (0)    5 :  0.482 0.518 
381    h0752    (0)    5 :  0.453 0.547 
382    h0762    (0)    5 :  0.548 0.452 
383    h0772    (0)    5 :  0.436 0.564 
384    h0782    (0)    5 :  0.513 0.487 
385    h0792    (0)    5 :  0.371 0.629 
386    h0802    (0)    5 :  0.352 0.648 
387    h0812    (0)    5 :  0.515 0.485 
388    h0822    (0)    5 :  0.406 0.594 
389    h0832    (0)    5 :  0.503 0.497 
390    h0842    (0)    5 :  0.438 0.562 
391    h0852    (0)    5 :  0.542 0.458 
392    h0862    (0)    5 :  0.486 0.514 
393    h0872    (0)    5 :  0.371 0.629 
394    h0882    (0)    5 :  0.596 0.404 
395    h0892    (0)    5 :  0.389 0.611 
396    h0902    (0)    5 :  0.499 0.501 
397    h0912    (0)    5 :  0.418 0.582 
398    h0922    (0)    5 :  0.449 0.551 
399    h0932    (0)    5 :  0.630 0.370 
400    h0942    (0)    5 :  0.456 0.544 
401    h0952    (0)    5 :  0.399 0.601 
402    h0962    (0)    5 :  0.469 0.531 
403    h0972    (0)    5 :  0.682 0.318 
404    h0982    (0)    5 :  0.483 0.517 
405    h0992    (0)    5 :  0.539 0.461 
406    h1002    (0)    5 :  0.545 0.455 
407   MSV21T    (0)    6 :  0.085 0.915 
408    M2E71    (0)    6 :  0.147 0.853 
409    h0013    (0)    7 :  0.336 0.664 
410    h0023    (0)    7 :  0.153 0.847 
411    h0033    (0)    7 :  0.158 0.842 
412    h0043    (0)    7 :  0.309 0.691 
413    h0053    (0)    7 :  0.232 0.768 
414    h0063    (0)    7 :  0.211 0.789 
415    h0073    (0)    7 :  0.205 0.795 
416    h0083    (0)    7 :  0.066 0.934 
417    h0093    (0)    7 :  0.308 0.692 
418    h0103    (0)    7 :  0.163 0.837 
419    h0113    (0)    7 :  0.283 0.717 
420    h0123    (0)    7 :  0.046 0.954 
421    h0133    (0)    7 :  0.069 0.931 
422    h0143    (0)    7 :  0.028 0.972 
423    h0153    (0)    7 :  0.201 0.799 
424    h0163    (0)    7 :  0.268 0.732 
425    h0173    (0)    7 :  0.172 0.828 
426    h0183    (0)    7 :  0.109 0.891 
427    h0193    (0)    7 :  0.044 0.956 
428    h0203    (0)    7 :  0.136 0.864 
429    h0213    (0)    7 :  0.118 0.882 
430    h0223    (0)    7 :  0.086 0.914 
431    h0233    (0)    7 :  0.164 0.836 
432    h0243    (0)    7 :  0.321 0.679 
433    h0253    (0)    7 :  0.381 0.619 
434    h0263    (0)    7 :  0.115 0.885 
435    h0273    (0)    7 :  0.101 0.899 
436    h0283    (0)    7 :  0.064 0.936 
437    h0293    (0)    7 :  0.206 0.794 
438    h0303    (0)    7 :  0.284 0.716 
439    h0313    (0)    7 :  0.318 0.682 
440    h0323    (0)    7 :  0.227 0.773 
441    h0333    (0)    7 :  0.309 0.691 
442    h0343    (0)    7 :  0.218 0.782 
443    h0353    (0)    7 :  0.091 0.909 
444    h0363    (0)    7 :  0.267 0.733 
445    h0373    (0)    7 :  0.294 0.706 
446    h0383    (0)    7 :  0.441 0.559 
447    h0393    (0)    7 :  0.130 0.870 
448    h0403    (0)    7 :  0.235 0.765 
449    h0413    (0)    7 :  0.271 0.729 
450    h0423    (0)    7 :  0.047 0.953 
451    h0433    (0)    7 :  0.325 0.675 
452    h0443    (0)    7 :  0.229 0.771 
453    h0453    (0)    7 :  0.193 0.807 
454    h0463    (0)    7 :  0.084 0.916 
455    h0473    (0)    7 :  0.294 0.706 
456    h0483    (0)    7 :  0.211 0.789 
457    h0493    (0)    7 :  0.270 0.730 
458    h0503    (0)    7 :  0.198 0.802 
459    h0513    (0)    7 :  0.351 0.649 
460    h0523    (0)    7 :  0.033 0.967 
461    h0533    (0)    7 :  0.216 0.784 
462    h0543    (0)    7 :  0.415 0.585 
463    h0553    (0)    7 :  0.224 0.776 
464    h0563    (0)    7 :  0.220 0.780 
465    h0573    (0)    7 :  0.276 0.724 
466    h0583    (0)    7 :  0.321 0.679 
467    h0593    (0)    7 :  0.127 0.873 
468    h0603    (0)    7 :  0.333 0.667 
469    h0613    (0)    7 :  0.267 0.733 
470    h0623    (0)    7 :  0.364 0.636 
471    h0633    (0)    7 :  0.068 0.932 
472    h0643    (0)    7 :  0.212 0.788 
473    h0653    (0)    7 :  0.448 0.552 
474    h0663    (0)    7 :  0.246 0.754 
475    h0673    (0)    7 :  0.252 0.748 
476    h0683    (0)    7 :  0.076 0.924 
477    h0693    (0)    7 :  0.232 0.768 
478    h0703    (0)    7 :  0.194 0.806 
479    h0713    (0)    7 :  0.260 0.740 
480    h0723    (0)    7 :  0.143 0.857 
481    h0733    (0)    7 :  0.334 0.666 
482    h0743    (0)    7 :  0.360 0.640 
483    h0753    (0)    7 :  0.140 0.860 
484    h0763    (0)    7 :  0.279 0.721 
485    h0773    (0)    7 :  0.031 0.969 
486    h0783    (0)    7 :  0.185 0.815 
487    h0793    (0)    7 :  0.128 0.872 
488    h0803    (0)    7 :  0.230 0.770 
489    h0813    (0)    7 :  0.171 0.829 
490    h0823    (0)    7 :  0.067 0.933 
491    h0833    (0)    7 :  0.543 0.457 
492    h0843    (0)    7 :  0.395 0.605 
493    h0853    (0)    7 :  0.279 0.721 
494    h0863    (0)    7 :  0.338 0.662 
495    h0873    (0)    7 :  0.131 0.869 
496    h0883    (0)    7 :  0.159 0.841 
497    h0893    (0)    7 :  0.390 0.610 
498    h0903    (0)    7 :  0.109 0.891 
499    h0913    (0)    7 :  0.266 0.734 
500    h0923    (0)    7 :  0.340 0.660 
501    h0933    (0)    7 :  0.083 0.917 
502    h0943    (0)    7 :  0.137 0.863 
503    h0953    (0)    7 :  0.191 0.809 
504    h0963    (0)    7 :  0.192 0.808 
505    h0973    (0)    7 :  0.433 0.567 
506    h0983    (0)    7 :  0.297 0.703 
507    h0993    (0)    7 :  0.210 0.790 
508    h1003    (0)    7 :  0.225 0.775 
509    W23CA   (10)    8 :  0.024 0.976 
510  AP.085Y    (5)    8 :  0.038 0.962 
511  CH.0LLY    (5)    8 :  0.114 0.886 
512    M0LEC    (5)    8 :  0.022 0.978 
513    M2C3H   (10)    8 :  0.033 0.967 
514    M2CHL    (5)    8 :  0.130 0.870 
515    W26P7   (10)    8 :  0.031 0.969 
516  AP.07M5    (0)    8 :  0.111 0.889 
517  AP.080U    (0)    8 :  0.042 0.958 
518  AP.082A    (0)    8 :  0.021 0.979 
519  AP.0843    (0)    8 :  0.054 0.946 
520  AP.0844    (0)    8 :  0.149 0.851 
521  AP.084X    (0)    8 :  0.031 0.969 
522  AP.086Y    (0)    8 :  0.033 0.967 
523  AP.0870    (0)    8 :  0.039 0.961 
524  AP.0878    (0)    8 :  0.038 0.962 
525  AP.087F    (0)    8 :  0.037 0.963 
526  AP.087Y    (0)    8 :  0.107 0.893 
527  AP.088P    (0)    8 :  0.048 0.952 
528  AP.08AK    (5)    8 :  0.084 0.916 
529  CH.0LLM    (0)    8 :  0.036 0.964 
530  CH.0LLU    (0)    8 :  0.102 0.898 
531  CH.0LM0    (5)    8 :  0.044 0.956 
532  CH.0LM3    (5)    8 :  0.060 0.940 
533    W26MY    (0)    8 :  0.208 0.792 
534    W26P6    (0)    8 :  0.082 0.918 
535   HRV07U    (0)    8 :  0.107 0.893 
536   HRV1CT    (0)    8 :  0.026 0.974 
537   HRV1CU    (0)    8 :  0.018 0.982 
538   HRV1E6    (0)    8 :  0.022 0.978 
539   HRV081    (0)    8 :  0.016 0.984 
540   HRV1E3    (0)    8 :  0.044 0.956 
541   MSV21E    (0)    8 :  0.109 0.891 
542   MSV216    (0)    8 :  0.073 0.927 
543    M0TYK    (0)    8 :  0.075 0.925 
544   MSV2AA    (0)    8 :  0.058 0.942 
545  CK.0PET    (0)    8 :  0.175 0.825 
546    M2E8C    (0)    8 :  0.046 0.954 
547   MSV23X    (0)    8 :  0.113 0.887 
548   MSV32A    (0)    8 :  0.129 0.871 
549  AP.0838    (0)    8 :  0.035 0.965 
550  AP.088F    (0)    8 :  0.033 0.967 
551    h0014    (0)    9 :  0.031 0.969 
552    h0024    (0)    9 :  0.151 0.849 
553    h0034    (0)    9 :  0.026 0.974 
554    h0044    (0)    9 :  0.115 0.885 
555    h0054    (0)    9 :  0.068 0.932 
556    h0064    (0)    9 :  0.027 0.973 
557    h0074    (0)    9 :  0.206 0.794 
558    h0084    (0)    9 :  0.114 0.886 
559    h0094    (0)    9 :  0.052 0.948 
560    h0104    (0)    9 :  0.073 0.927 
561    h0114    (0)    9 :  0.050 0.950 
562    h0124    (0)    9 :  0.053 0.947 
563    h0134    (0)    9 :  0.054 0.946 
564    h0144    (0)    9 :  0.093 0.907 
565    h0154    (0)    9 :  0.127 0.873 
566    h0164    (0)    9 :  0.029 0.971 
567    h0174    (0)    9 :  0.052 0.948 
568    h0184    (0)    9 :  0.156 0.844 
569    h0194    (0)    9 :  0.059 0.941 
570    h0204    (0)    9 :  0.041 0.959 
571    h0214    (0)    9 :  0.212 0.788 
572    h0224    (0)    9 :  0.082 0.918 
573    h0234    (0)    9 :  0.040 0.960 
574    h0244    (0)    9 :  0.031 0.969 
575    h0254    (0)    9 :  0.055 0.945 
576    h0264    (0)    9 :  0.029 0.971 
577    h0274    (0)    9 :  0.052 0.948 
578    h0284    (0)    9 :  0.185 0.815 
579    h0294    (0)    9 :  0.278 0.722 
580    h0304    (0)    9 :  0.094 0.906 
581    h0314    (0)    9 :  0.066 0.934 
582    h0324    (0)    9 :  0.093 0.907 
583    h0334    (0)    9 :  0.181 0.819 
584    h0344    (0)    9 :  0.068 0.932 
585    h0354    (0)    9 :  0.083 0.917 
586    h0364    (0)    9 :  0.056 0.944 
587    h0374    (0)    9 :  0.077 0.923 
588    h0384    (0)    9 :  0.258 0.742 
589    h0394    (0)    9 :  0.048 0.952 
590    h0404    (0)    9 :  0.036 0.964 
591    h0414    (0)    9 :  0.174 0.826 
592    h0424    (0)    9 :  0.081 0.919 
593    h0434    (0)    9 :  0.052 0.948 
594    h0444    (0)    9 :  0.181 0.819 
595    h0454    (0)    9 :  0.059 0.941 
596    h0464    (0)    9 :  0.181 0.819 
597    h0474    (0)    9 :  0.023 0.977 
598    h0484    (0)    9 :  0.105 0.895 
599    h0494    (0)    9 :  0.138 0.862 
600    h0504    (0)    9 :  0.081 0.919 
601    h0514    (0)    9 :  0.100 0.900 
602    h0524    (0)    9 :  0.054 0.946 
603    h0534    (0)    9 :  0.057 0.943 
604    h0544    (0)    9 :  0.198 0.802 
605    h0554    (0)    9 :  0.064 0.936 
606    h0564    (0)    9 :  0.041 0.959 
607    h0574    (0)    9 :  0.088 0.912 
608    h0584    (0)    9 :  0.134 0.866 
609    h0594    (0)    9 :  0.064 0.936 
610    h0604    (0)    9 :  0.150 0.850 
611    h0614    (0)    9 :  0.033 0.967 
612    h0624    (0)    9 :  0.187 0.813 
613    h0634    (0)    9 :  0.046 0.954 
614    h0644    (0)    9 :  0.141 0.859 
615    h0654    (0)    9 :  0.022 0.978 
616    h0664    (0)    9 :  0.019 0.981 
617    h0674    (0)    9 :  0.183 0.817 
618    h0684    (0)    9 :  0.070 0.930 
619    h0694    (0)    9 :  0.110 0.890 
620    h0704    (0)    9 :  0.080 0.920 
621    h0714    (0)    9 :  0.130 0.870 
622    h0724    (0)    9 :  0.261 0.739 
623    h0734    (0)    9 :  0.033 0.967 
624    h0744    (0)    9 :  0.062 0.938 
625    h0754    (0)    9 :  0.062 0.938 
626    h0764    (0)    9 :  0.062 0.938 
627    h0774    (0)    9 :  0.045 0.955 
628    h0784    (0)    9 :  0.109 0.891 
629    h0794    (0)    9 :  0.072 0.928 
630    h0804    (0)    9 :  0.026 0.974 
631    h0814    (0)    9 :  0.019 0.981 
632    h0824    (0)    9 :  0.255 0.745 
633    h0834    (0)    9 :  0.021 0.979 
634    h0844    (0)    9 :  0.156 0.844 
635    h0854    (0)    9 :  0.172 0.828 
636    h0864    (0)    9 :  0.062 0.938 
637    h0874    (0)    9 :  0.063 0.937 
638    h0884    (0)    9 :  0.038 0.962 
639    h0894    (0)    9 :  0.036 0.964 
640    h0904    (0)    9 :  0.042 0.958 
641    h0914    (0)    9 :  0.110 0.890 
642    h0924    (0)    9 :  0.045 0.955 
643    h0934    (0)    9 :  0.028 0.972 
644    h0944    (0)    9 :  0.179 0.821 
645    h0954    (0)    9 :  0.046 0.954 
646    h0964    (0)    9 :  0.051 0.949 
647    h0974    (0)    9 :  0.058 0.942 
648    h0984    (0)    9 :  0.028 0.972 
649    h0994    (0)    9 :  0.036 0.964 
650    h1004    (0)    9 :  0.143 0.857 
651    W26ME   (10)   10 :  0.065 0.935 
652    M1EKY    (0)   10 :  0.018 0.982 
653  CH.0LM4    (5)   10 :  0.018 0.982 
654    M16YU    (0)   10 :  0.017 0.983 
655   HRV041    (0)   10 :  0.019 0.981 
656   HRV0ML   (10)   10 :  0.016 0.984 
657   HRV07P    (5)   10 :  0.017 0.983 
658   HRV00H    (0)   10 :  0.024 0.976 
659    W26MJ    (0)   10 :  0.123 0.877 
660  AP.0817    (5)   10 :  0.026 0.974 
661   HRV0J2    (0)   10 :  0.019 0.981 
662  AP.0861    (5)   10 :  0.021 0.979 
663   HRV1C7    (5)   10 :  0.023 0.977 
664  AP.0888    (5)   10 :  0.374 0.626 
665    W23EM    (0)   10 :  0.032 0.968 
666  AP.07MA    (0)   10 :  0.041 0.959 
667   HRV01J    (5)   10 :  0.022 0.978 
668  AP.07M8    (0)   10 :  0.019 0.981 
669  AP.081H   (10)   10 :  0.332 0.668 
670   HRV025    (0)   10 :  0.036 0.964 
671   HRV07X    (0)   10 :  0.052 0.948 
672  AP.0887    (0)   10 :  0.028 0.972 
673   HRV04L    (0)   10 :  0.017 0.983 
674  AP.088K    (0)   10 :  0.031 0.969 
675    M1E60    (0)   10 :  0.015 0.985 
676   HRV05H    (0)   10 :  0.032 0.968 
677   HRV0KE    (0)   10 :  0.018 0.982 
678  AP.08AX    (0)   10 :  0.020 0.980 
679  AP.0875    (0)   10 :  0.177 0.823 
680    M2AY4    (5)   10 :  0.024 0.976 
681   HRV1EC    (0)   10 :  0.022 0.978 
682   HRV04C    (0)   10 :  0.022 0.978 
683  AP.085X    (5)   10 :  0.019 0.981 
684    M1751    (0)   10 :  0.023 0.977 
685  AM.07FP    (5)   10 :  0.021 0.979 
686   HRV0L6    (0)   10 :  0.017 0.983 
687   HRV0JX   (15)   10 :  0.058 0.942 
688    M1EKX    (0)   10 :  0.019 0.981 
689  AP.088L    (0)   10 :  0.020 0.980 
690   HRV0JP    (0)   10 :  0.018 0.982 
691    M0L32    (0)   10 :  0.035 0.965 
692   HRV0MK    (0)   10 :  0.016 0.984 
693   HRV1E8   (10)   10 :  0.021 0.979 
694  AP.08AC    (0)   10 :  0.049 0.951 
695  AP.086X    (0)   10 :  0.033 0.967 
696   HRV1E5    (0)   10 :  0.016 0.984 
697    W26UE    (5)   10 :  0.029 0.971 
698   HRV0H3    (5)   10 :  0.026 0.974 
699   HRV00K    (0)   10 :  0.026 0.974 
700   HRV015    (0)   10 :  0.033 0.967 
701  AP.08A6    (0)   10 :  0.048 0.952 
702  AP.08AH    (0)   10 :  0.038 0.962 
703   HRV086    (5)   10 :  0.026 0.974 
704    M2CHM    (5)   10 :  0.125 0.875 
705   HRV1E2    (0)   10 :  0.016 0.984 
706    M04PF    (0)   10 :  0.018 0.982 
707   HRV008    (0)   10 :  0.019 0.981 
708    M0XTE    (0)   10 :  0.040 0.960 
709   HRV1AT    (0)   10 :  0.024 0.976 
710  CH.0LM5    (0)   10 :  0.021 0.979 
711   HRV007   (10)   10 :  0.034 0.966 
712    M0HJ6    (5)   10 :  0.047 0.953 
713   HRV1EA    (0)   10 :  0.048 0.952 
714  AP.08A1    (0)   10 :  0.031 0.969 
715  AP.0885    (5)   10 :  0.030 0.970 
716    W26TC    (0)   10 :  0.014 0.986 
717    M2C3A   (10)   10 :  0.021 0.979 
718    M2C3F   (10)   10 :  0.023 0.977 
719  AP.0884    (0)   10 :  0.018 0.982 
720  AP.07MC    (0)   10 :  0.017 0.983 
721   HRV06A    (0)   10 :  0.022 0.978 
722    W26PX   (10)   10 :  0.141 0.859 
723   HRV01X    (0)   10 :  0.025 0.975 
724    M147K    (5)   10 :  0.014 0.986 
725   HRV055    (0)   10 :  0.015 0.985 
726   HRV1EK    (0)   10 :  0.044 0.956 
727    W26PT    (0)   10 :  0.020 0.980 
728   HRV020    (0)   10 :  0.043 0.957 
729    M05X6    (0)   10 :  0.018 0.982 
730   HRV0LJ    (5)   10 :  0.051 0.949 
731    W26X2    (0)   10 :  0.029 0.971 
732  AP.088C    (0)   10 :  0.098 0.902 
733   HRV01U    (5)   10 :  0.021 0.979 
734   HRV001    (0)   10 :  0.021 0.979 
735    M2CHY   (10)   10 :  0.027 0.973 
736   HRV0KA    (0)   10 :  0.020 0.980 
737   HRV02A    (0)   10 :  0.038 0.962 
738  AP.0883    (0)   10 :  0.048 0.952 
739    M0FF2    (0)   10 :  0.019 0.981 
740   HRV07M    (0)   10 :  0.018 0.982 
741    W26TJ    (5)   10 :  0.127 0.873 
742  AP.085U    (5)   10 :  0.105 0.895 
743  AP.08A5    (0)   10 :  0.017 0.983 
744  AP.087A    (0)   10 :  0.019 0.981 
745    M0LUH    (0)   10 :  0.018 0.982 
746  AP.088A    (0)   10 :  0.021 0.979 
747    M2AXY   (10)   10 :  0.024 0.976 
748    M1C2H    (0)   10 :  0.017 0.983 
749    M0LUP   (10)   10 :  0.038 0.962 
750   HRV0M2    (0)   10 :  0.036 0.964 


Estimated Allele Frequencies in each cluster
First column gives estimated ancestral frequencies


Locus 1 : Cl147 
21 alleles
0.0% missing data
  45   (0.108) 0.163 0.021 
  69   (0.101) 0.093 0.261 
  73   (0.138) 0.179 0.113 
  77   (0.091) 0.117 0.024 
  56   (0.070) 0.067 0.034 
  65   (0.041) 0.015 0.187 
  41   (0.076) 0.153 0.002 
  52   (0.091) 0.104 0.047 
  48   (0.027) 0.020 0.001 
  81   (0.017) 0.006 0.000 
  49   (0.028) 0.025 0.000 
  60   (0.039) 0.022 0.008 
  84   (0.018) 0.005 0.001 
  89   (0.017) 0.006 0.000 
  61   (0.019) 0.002 0.009 
  44   (0.038) 0.012 0.216 
  68   (0.026) 0.005 0.067 
  85   (0.015) 0.002 0.003 
  72   (0.014) 0.001 0.002 
  80   (0.013) 0.001 0.001 
 801   (0.014) 0.001 0.002 

Locus 2 : Cl233 
31 alleles
0.0% missing data
  63   (0.123) 0.207 0.131 
  85   (0.047) 0.043 0.024 
  73   (0.031) 0.033 0.001 
  79   (0.024) 0.025 0.000 
  71   (0.075) 0.115 0.026 
  77   (0.040) 0.033 0.010 
  75   (0.053) 0.085 0.005 
  67   (0.073) 0.079 0.182 
  55   (0.053) 0.034 0.406 
  59   (0.052) 0.038 0.174 
  81   (0.058) 0.115 0.004 
  83   (0.041) 0.038 0.007 
  93   (0.019) 0.012 0.000 
 101   (0.016) 0.006 0.000 
  69   (0.019) 0.011 0.000 
  51   (0.038) 0.025 0.017 
 100   (0.019) 0.010 0.000 
  92   (0.013) 0.003 0.000 
1121   (0.017) 0.008 0.000 
1001   (0.015) 0.005 0.000 
  89   (0.020) 0.014 0.000 
 711   (0.013) 0.003 0.000 
 116   (0.013) 0.003 0.000 
  80   (0.012) 0.002 0.000 
  43   (0.012) 0.002 0.000 
  84   (0.012) 0.002 0.000 
  88   (0.023) 0.020 0.000 
 104   (0.018) 0.010 0.000 
  97   (0.016) 0.008 0.000 
  35   (0.024) 0.008 0.008 
 791   (0.012) 0.002 0.000 

Locus 3 : Cl264 
26 alleles
0.1% missing data
  65   (0.086) 0.101 0.136 
 651   (0.115) 0.211 0.035 
 691   (0.101) 0.144 0.082 
  57   (0.024) 0.006 0.025 
  61   (0.029) 0.008 0.180 
 731   (0.057) 0.073 0.009 
 811   (0.026) 0.028 0.000 
 611   (0.052) 0.042 0.044 
  69   (0.096) 0.109 0.245 
  77   (0.029) 0.013 0.005 
  49   (0.041) 0.060 0.002 
  45   (0.014) 0.003 0.000 
 491   (0.025) 0.007 0.005 
 571   (0.016) 0.006 0.000 
 771   (0.031) 0.044 0.000 
  89   (0.025) 0.024 0.000 
 652   (0.019) 0.010 0.000 
  53   (0.057) 0.042 0.131 
  73   (0.055) 0.047 0.055 
  80   (0.017) 0.008 0.000 
 531   (0.017) 0.002 0.016 
 693   (0.012) 0.002 0.000 
  93   (0.014) 0.003 0.000 
  85   (0.016) 0.006 0.000 
  37   (0.014) 0.001 0.020 
 692   (0.014) 0.001 0.009 

Locus 4 : Cl274 
8 alleles
0.0% missing data
  61   (0.427) 0.474 0.375 
  57   (0.216) 0.187 0.438 
  65   (0.135) 0.147 0.032 
  53   (0.067) 0.065 0.005 
  69   (0.059) 0.065 0.002 
  73   (0.028) 0.019 0.000 
  49   (0.042) 0.040 0.001 
  45   (0.026) 0.004 0.146 

Locus 5 : Cl285 
35 alleles
0.0% missing data
  75   (0.085) 0.122 0.220 
  71   (0.109) 0.190 0.187 
 631   (0.043) 0.057 0.006 
  67   (0.086) 0.117 0.291 
  63   (0.040) 0.095 0.001 
  79   (0.057) 0.072 0.034 
 792   (0.041) 0.057 0.005 
 671   (0.056) 0.060 0.074 
 831   (0.039) 0.030 0.028 
 752   (0.050) 0.054 0.027 
  55   (0.016) 0.003 0.002 
1401   (0.018) 0.008 0.001 
  59   (0.036) 0.024 0.019 
 712   (0.024) 0.028 0.000 
 833   (0.020) 0.017 0.000 
1322   (0.018) 0.013 0.000 
 136   (0.025) 0.012 0.002 
 164   (0.013) 0.003 0.000 
 872   (0.013) 0.003 0.000 
1282   (0.013) 0.003 0.000 
 148   (0.011) 0.002 0.000 
 144   (0.014) 0.005 0.000 
 119   (0.011) 0.002 0.000 
1402   (0.014) 0.005 0.000 
 751   (0.021) 0.004 0.041 
 791   (0.019) 0.004 0.006 
1361   (0.013) 0.001 0.010 
 832   (0.011) 0.002 0.000 
 132   (0.014) 0.001 0.024 
 711   (0.012) 0.001 0.009 
 140   (0.012) 0.001 0.002 
1281   (0.012) 0.001 0.005 
 124   (0.011) 0.001 0.001 
1321   (0.011) 0.001 0.001 
1441   (0.013) 0.002 0.001 

Locus 6 : Cl291 
20 alleles
0.4% missing data
 641   (0.076) 0.093 0.012 
  72   (0.100) 0.096 0.174 
 682   (0.035) 0.042 0.001 
 801   (0.046) 0.055 0.002 
 681   (0.118) 0.197 0.015 
  76   (0.121) 0.151 0.080 
 722   (0.080) 0.120 0.007 
 601   (0.019) 0.009 0.000 
  80   (0.050) 0.034 0.020 
 761   (0.035) 0.011 0.096 
 762   (0.040) 0.046 0.001 
 721   (0.065) 0.046 0.104 
  84   (0.050) 0.051 0.005 
  64   (0.039) 0.012 0.326 
  68   (0.035) 0.010 0.138 
 843   (0.021) 0.012 0.000 
 881   (0.013) 0.002 0.000 
 763   (0.024) 0.005 0.011 
 803   (0.019) 0.005 0.003 
  60   (0.014) 0.001 0.005 

Locus 7 : Cl308 
52 alleles
0.0% missing data
  72   (0.069) 0.164 0.144 
  64   (0.037) 0.034 0.147 
  68   (0.067) 0.119 0.448 
 103   (0.014) 0.009 0.000 
  80   (0.035) 0.045 0.012 
  76   (0.057) 0.102 0.134 
1151   (0.020) 0.010 0.003 
 123   (0.020) 0.021 0.001 
 115   (0.021) 0.026 0.001 
  83   (0.027) 0.034 0.003 
1231   (0.019) 0.021 0.001 
1192   (0.012) 0.005 0.000 
 131   (0.019) 0.022 0.000 
1191   (0.016) 0.013 0.000 
 752   (0.021) 0.025 0.001 
 143   (0.023) 0.012 0.008 
  79   (0.020) 0.030 0.000 
 119   (0.018) 0.015 0.001 
1431   (0.019) 0.028 0.000 
1112   (0.023) 0.044 0.000 
1193   (0.012) 0.006 0.000 
1591   (0.012) 0.005 0.000 
1232   (0.012) 0.005 0.000 
 139   (0.026) 0.022 0.006 
1111   (0.011) 0.003 0.000 
 127   (0.012) 0.005 0.000 
1391   (0.017) 0.018 0.000 
 121   (0.013) 0.006 0.000 
1313   (0.011) 0.003 0.000 
1113   (0.012) 0.005 0.000 
  87   (0.020) 0.032 0.000 
1031   (0.012) 0.005 0.000 
 155   (0.012) 0.005 0.000 
1312   (0.018) 0.009 0.003 
1272   (0.012) 0.005 0.000 
 151   (0.012) 0.005 0.000 
1351   (0.014) 0.007 0.000 
 135   (0.011) 0.003 0.000 
1432   (0.012) 0.005 0.000 
1152   (0.012) 0.005 0.000 
1271   (0.015) 0.010 0.000 
1311   (0.014) 0.007 0.000 
1472   (0.010) 0.002 0.000 
 137   (0.019) 0.008 0.004 
  88   (0.011) 0.003 0.000 
  60   (0.022) 0.009 0.034 
 712   (0.017) 0.017 0.000 
1071   (0.011) 0.003 0.000 
 751   (0.014) 0.002 0.032 
 107   (0.012) 0.004 0.001 
  71   (0.011) 0.001 0.010 
  67   (0.011) 0.001 0.003 

Locus 8 : Cl330 
25 alleles
1.5% missing data
  52   (0.166) 0.321 0.047 
 601   (0.074) 0.115 0.009 
  40   (0.072) 0.083 0.036 
  72   (0.044) 0.031 0.014 
  56   (0.083) 0.116 0.019 
 481   (0.074) 0.062 0.227 
  61   (0.046) 0.040 0.008 
  80   (0.012) 0.002 0.000 
 681   (0.043) 0.030 0.011 
  64   (0.051) 0.063 0.004 
  57   (0.019) 0.007 0.000 
  75   (0.017) 0.006 0.000 
  71   (0.020) 0.010 0.000 
  28   (0.040) 0.015 0.240 
  65   (0.019) 0.009 0.000 
 441   (0.050) 0.031 0.074 
  36   (0.029) 0.033 0.000 
  79   (0.012) 0.002 0.000 
  73   (0.012) 0.002 0.000 
 602   (0.014) 0.003 0.000 
  44   (0.031) 0.009 0.140 
  48   (0.020) 0.003 0.120 
  62   (0.022) 0.004 0.008 
 521   (0.015) 0.001 0.017 
  67   (0.017) 0.002 0.024 

Locus 9 : Cl344 
15 alleles
4.1% missing data
  56   (0.272) 0.421 0.076 
  60   (0.186) 0.243 0.087 
  48   (0.015) 0.004 0.000 
  76   (0.020) 0.009 0.000 
  64   (0.139) 0.122 0.383 
  72   (0.078) 0.073 0.024 
 761   (0.021) 0.004 0.004 
 641   (0.019) 0.008 0.000 
  68   (0.059) 0.043 0.019 
 601   (0.042) 0.029 0.005 
  52   (0.055) 0.023 0.290 
 681   (0.017) 0.005 0.000 
 721   (0.018) 0.006 0.000 
 561   (0.033) 0.008 0.064 
 521   (0.025) 0.004 0.045 

Locus 10 : Cl366 
8 alleles
0.1% missing data
  80   (0.291) 0.304 0.411 
  92   (0.045) 0.044 0.001 
  76   (0.205) 0.211 0.210 
  88   (0.086) 0.112 0.005 
  84   (0.144) 0.152 0.070 
  72   (0.178) 0.163 0.292 
  64   (0.034) 0.011 0.008 
  68   (0.018) 0.004 0.001 

Locus 11 : Cl375 
15 alleles
0.0% missing data
 491   (0.080) 0.072 0.080 
  53   (0.223) 0.283 0.387 
 612   (0.046) 0.024 0.034 
  57   (0.173) 0.244 0.113 
  45   (0.086) 0.078 0.115 
  61   (0.137) 0.165 0.141 
 651   (0.029) 0.030 0.000 
  69   (0.028) 0.024 0.000 
 571   (0.054) 0.039 0.026 
  65   (0.033) 0.017 0.004 
  37   (0.013) 0.002 0.000 
 691   (0.031) 0.010 0.008 
 531   (0.034) 0.010 0.074 
  49   (0.019) 0.002 0.015 
 532   (0.014) 0.001 0.002 

Locus 12 : Cl408 
13 alleles
0.1% missing data
  62   (0.242) 0.325 0.082 
  74   (0.047) 0.049 0.002 
  50   (0.074) 0.039 0.298 
  58   (0.111) 0.101 0.081 
  66   (0.148) 0.208 0.020 
  70   (0.051) 0.066 0.001 
  54   (0.153) 0.152 0.152 
  78   (0.022) 0.010 0.000 
  79   (0.018) 0.006 0.000 
  75   (0.051) 0.021 0.109 
  82   (0.013) 0.002 0.000 
  46   (0.051) 0.019 0.241 
  34   (0.019) 0.002 0.013 

Locus 13 : Cl507 
22 alleles
0.0% missing data
  70   (0.073) 0.072 0.054 
  94   (0.028) 0.027 0.000 
  74   (0.068) 0.069 0.026 
  54   (0.056) 0.038 0.075 
  82   (0.100) 0.203 0.006 
  90   (0.048) 0.065 0.002 
  86   (0.045) 0.077 0.001 
 701   (0.022) 0.015 0.000 
  78   (0.044) 0.072 0.001 
  62   (0.097) 0.089 0.311 
 741   (0.048) 0.047 0.005 
  66   (0.113) 0.116 0.307 
 661   (0.018) 0.008 0.000 
  58   (0.052) 0.029 0.137 
  98   (0.036) 0.021 0.005 
 781   (0.029) 0.009 0.008 
 141   (0.024) 0.013 0.001 
 102   (0.017) 0.006 0.000 
 106   (0.022) 0.013 0.000 
  50   (0.031) 0.010 0.019 
 702   (0.016) 0.002 0.004 
 621   (0.015) 0.001 0.037 

Locus 14 : Cl527 
29 alleles
0.0% missing data
  62   (0.083) 0.112 0.034 
 622   (0.017) 0.008 0.000 
 461   (0.024) 0.009 0.002 
  82   (0.016) 0.006 0.000 
 661   (0.065) 0.115 0.004 
  70   (0.036) 0.057 0.001 
 581   (0.046) 0.034 0.022 
 701   (0.065) 0.100 0.008 
 501   (0.022) 0.016 0.000 
  66   (0.109) 0.138 0.172 
 741   (0.027) 0.021 0.001 
  58   (0.076) 0.105 0.018 
 541   (0.038) 0.061 0.001 
  74   (0.023) 0.010 0.002 
 621   (0.048) 0.101 0.001 
  78   (0.018) 0.007 0.000 
 781   (0.017) 0.008 0.000 
 462   (0.017) 0.008 0.000 
  67   (0.025) 0.023 0.000 
  54   (0.042) 0.018 0.192 
  50   (0.047) 0.023 0.228 
  63   (0.014) 0.003 0.000 
  42   (0.026) 0.006 0.146 
  65   (0.022) 0.005 0.013 
  46   (0.019) 0.002 0.093 
  61   (0.019) 0.002 0.054 
  26   (0.012) 0.001 0.001 
  57   (0.014) 0.001 0.006 
  53   (0.012) 0.001 0.001 

Locus 15 : Cl380 
21 alleles
3.5% missing data
 671   (0.110) 0.124 0.164 
 672   (0.107) 0.121 0.150 
 751   (0.035) 0.051 0.000 
  71   (0.036) 0.048 0.001 
  79   (0.199) 0.259 0.452 
  75   (0.080) 0.100 0.023 
 711   (0.084) 0.127 0.011 
  67   (0.021) 0.012 0.000 
 791   (0.022) 0.007 0.002 
 591   (0.033) 0.013 0.015 
 552   (0.040) 0.059 0.001 
 792   (0.020) 0.011 0.000 
 593   (0.021) 0.013 0.000 
  59   (0.034) 0.019 0.004 
 631   (0.028) 0.007 0.024 
 833   (0.026) 0.007 0.010 
 712   (0.025) 0.010 0.002 
  63   (0.034) 0.011 0.041 
 551   (0.018) 0.002 0.089 
 592   (0.014) 0.001 0.007 
 632   (0.013) 0.001 0.004 

Locus 16 : Lup02 
6 alleles
0.3% missing data
  56   (0.493) 0.497 0.641 
  60   (0.161) 0.170 0.049 
  52   (0.178) 0.151 0.234 
  48   (0.119) 0.160 0.007 
 561   (0.030) 0.020 0.000 
  64   (0.020) 0.001 0.067 

Locus 17 : Lup13 
5 alleles
0.0% missing data
  57   (0.322) 0.283 0.591 
  61   (0.398) 0.436 0.248 
  65   (0.083) 0.118 0.002 
  53   (0.180) 0.161 0.155 
  69   (0.017) 0.001 0.005 

Locus 18 : Lup20 
9 alleles
1.2% missing data
  56   (0.475) 0.632 0.186 
 601   (0.101) 0.098 0.023 
  60   (0.159) 0.123 0.442 
  68   (0.080) 0.046 0.185 
  64   (0.085) 0.058 0.080 
  72   (0.023) 0.011 0.000 
 681   (0.021) 0.008 0.000 
 641   (0.029) 0.021 0.000 
  52   (0.028) 0.004 0.082 

Locus 19 : Lup21 
11 alleles
0.1% missing data
  41   (0.261) 0.337 0.097 
  57   (0.249) 0.302 0.126 
  53   (0.167) 0.141 0.398 
  37   (0.025) 0.013 0.000 
  45   (0.103) 0.142 0.007 
 531   (0.019) 0.006 0.000 
 611   (0.027) 0.004 0.037 
 491   (0.016) 0.003 0.000 
  61   (0.034) 0.008 0.099 
  49   (0.070) 0.036 0.213 
 612   (0.030) 0.007 0.022 

Locus 20 : Lup23 
6 alleles
0.0% missing data
  59   (0.271) 0.218 0.357 
  63   (0.624) 0.757 0.132 
  67   (0.026) 0.012 0.000 
  55   (0.047) 0.011 0.505 
 671   (0.016) 0.001 0.004 
  51   (0.016) 0.002 0.002 

Values of parameters used in structure:
DATAFILE=/home/eva.pavlovic/data_job_4a1_1_1,	OUTFILE=/home/eva.pavlovic/ParallelStructure/26_results_20MS/4a1_Croatia_low_numbers/4a1_Croatia_low_numbers_1/results_job_4a1_1_1,	NUMINDS=750,	NUMLOCI=20,	MISSING=-9,	LABEL=1,	POPDATA=1,	POPFLAG=0,	PHENOTYPE=0,	EXTRACOLS=0,	MAXPOPS=2,	BURNIN=300000,	NUMREPS=3000000,	USEPOPINFO=0,	INFERALPHA=1,	INFERLAMBDA=0,	POPSPECIFICLAMBDA=0,	POPALPHAS=0,	COMPUTEPROB=1,	NOADMIX=0,	ADMBURNIN=2500,	UPDATEFREQ=1,	PRINTLIKES=0,	INTERMEDSAVE=0,	PRINTKLD=0,	PRINTNET=0,	PRINTLAMBDA=0,	ANCESTDIST=0,	NUMBOXES=1000,	ANCESTPINT=0.90000,	GENSBACK=2,	MIGRPRIOR=0.05000,	PRINTQHAT=1,	PRINTQSUM=0,	ALPHA=1.0000,	FREQSCORR=1,	FPRIORMEAN=0.0100,	FPRIORSD=0.0500,	ONEFST=0,	LAMBDA=1.0000,	UNIFPRIORALPHA=1,	ALPHAMAX=10.0000,	ALPHAPRIORA=1.0000,	ALPHAPRIORB=2.0000,	ALPHAPROPSD=0.0250,	STARTATPOPINFO=0,	RANDOMIZE=1,	LINKAGE=0,	METROFREQ=10,	REPORTHITRATE=0,	MARKOVPHASE=-1,	PHASED=0,	PLOIDY=2,	PHASEINFO=0	LOCPRIOR=0, 	LOCPRIORINIT=1.000000, 	LOCDATA=0, 	LOCISPOP=0, 	LOCPRIORSTEP=0.100000, 	MAXLOCPRIOR=20.000000, 	SEED=1772637793,	
[STRAT parameters]:    NUMSIMSTATS=1000,	PHENOTYPECOL=-9,	POOLFREQ=10,	LOCUSxONLY=0,	EMERROR=0.00100,	MISSINGPHENO=-9,	