1:	0.9636 0.0051 0.0085 0.0058 0.0054 0.0062 0.0054 	100
2:	0.9664 0.0048 0.0063 0.0051 0.0055 0.0066 0.0054 	200
3:	0.2645 0.0160 0.0062 0.0151 0.0303 0.5529 0.1150 	6
4:	0.4330 0.0093 0.0090 0.0205 0.0147 0.3257 0.1878 	100
5:	0.4475 0.0085 0.0087 0.4863 0.0196 0.0181 0.0114 	100
6:	0.4783 0.4832 0.0068 0.0095 0.0065 0.0085 0.0073 	100
7:	0.4597 0.0075 0.5046 0.0067 0.0086 0.0071 0.0058 	100
8:	0.4504 0.0095 0.0160 0.0131 0.4785 0.0182 0.0143 	100
9:	0.0300 0.0035 0.0180 0.0592 0.0678 0.5988 0.2227 	2
10:	0.1386 0.0127 0.0077 0.0213 0.0198 0.5967 0.2032 	100
11:	0.1378 0.0083 0.0141 0.7946 0.0174 0.0175 0.0104 	100
12:	0.2085 0.7393 0.0090 0.0119 0.0095 0.0150 0.0067 	100
13:	0.1909 0.0077 0.7589 0.0081 0.0128 0.0129 0.0087 	100
14:	0.1678 0.0111 0.0101 0.0132 0.7516 0.0328 0.0133 	100
15:	0.0089 0.0083 0.0098 0.0104 0.0163 0.8834 0.0629 	42
16:	0.0448 0.0083 0.0067 0.0230 0.0140 0.6234 0.2797 	100
17:	0.0348 0.0070 0.0117 0.9065 0.0134 0.0149 0.0117 	100
18:	0.0807 0.8753 0.0063 0.0115 0.0083 0.0121 0.0059 	100
19:	0.0489 0.0048 0.9097 0.0099 0.0117 0.0082 0.0068 	100
20:	0.0508 0.0098 0.0080 0.0166 0.8930 0.0120 0.0098 	100
21:	0.0034 0.0250 0.0184 0.0211 0.0140 0.1667 0.7513 	105
22:	0.0037 0.0072 0.0067 0.0267 0.0087 0.4901 0.4569 	240
23:	0.0051 0.0113 0.0228 0.4189 0.0445 0.4011 0.0962 	68
24:	0.0040 0.0075 0.0083 0.9250 0.0091 0.0299 0.0162 	31
25:	0.0042 0.0102 0.0064 0.9224 0.0098 0.0296 0.0175 	125
26:	0.0033 0.0053 0.0083 0.9545 0.0095 0.0095 0.0098 	53
27:	0.0032 0.0054 0.0082 0.9577 0.0098 0.0072 0.0085 	125
28:	0.0023 0.9813 0.0028 0.0031 0.0032 0.0031 0.0042 	28
29:	0.0023 0.9830 0.0029 0.0028 0.0029 0.0030 0.0032 	300
30:	0.0024 0.0029 0.9799 0.0037 0.0054 0.0027 0.0030 	27
31:	0.0023 0.0030 0.9825 0.0031 0.0038 0.0027 0.0026 	300
32:	0.0029 0.0055 0.0078 0.0072 0.9638 0.0064 0.0063 	40
33:	0.0028 0.0055 0.0064 0.0057 0.9693 0.0051 0.0052 	300
