       M1EL5  1 0.0033 0.9967 
       W26T6  1 0.0086 0.9914 
       W26XX  1 0.0023 0.9977 
       M013P  1 0.0016 0.9984 
       M1ELA  1 0.0074 0.9926 
       M2C73  1 0.0027 0.9973 
       W23P4  1 0.0409 0.9591 
       W247C  1 0.0018 0.9982 
       W24K1  1 0.0018 0.9982 
       W24ME  1 0.0170 0.9830 
       W2514  1 0.0039 0.9961 
       W26MA  1 0.0050 0.9950 
       W26MM  1 0.0022 0.9978 
       W26MU  1 0.0032 0.9968 
       W26P0  1 0.0033 0.9967 
       W26P3  1 0.0015 0.9985 
       W26T5  1 0.0019 0.9981 
       W26TE  1 0.0056 0.9944 
       W26TF  1 0.0019 0.9981 
       W26U8  1 0.0083 0.9917 
       W26UJ  1 0.0018 0.9982 
       W26UK  1 0.0015 0.9985 
       W26UT  1 0.0016 0.9984 
       W26XT  1 0.0022 0.9978 
      CC06H2  1 0.0088 0.9912 
      CC06H4  1 0.0019 0.9981 
      CC06H5  1 0.0112 0.9888 
      CC06H6  1 0.0038 0.9962 
      CC06HE  1 0.0018 0.9982 
      CC06HF  1 0.0115 0.9885 
      CC06HH  1 0.0020 0.9980 
      CC06HJ  1 0.0036 0.9964 
      CC06HL  1 0.0014 0.9986 
      CC06HP  1 0.0015 0.9985 
      CC06HT  1 0.0236 0.9764 
      CC06HU  1 0.0119 0.9881 
      CC06HY  1 0.0085 0.9915 
      CC06J0  1 0.0033 0.9967 
      CC06J1  1 0.0155 0.9845 
      CC06J2  1 0.0026 0.9974 
     CT.0YCY  1 0.0025 0.9975 
     CT.0YEC  1 0.0014 0.9986 
     CT.0YEF  1 0.0027 0.9973 
     CT.0YEU  1 0.0017 0.9983 
     CT.0YF2  1 0.0048 0.9952 
     CT.0YF8  1 0.0017 0.9983 
     CT.0YFA  1 0.0038 0.9962 
     CT.0YFE  1 0.0035 0.9965 
     CT.0YFP  1 0.0033 0.9967 
     CT.0YFU  1 0.0029 0.9971 
     CT.0YK7  1 0.0035 0.9965 
     CX.10PT  1 0.0117 0.9883 
      DAM021  1 0.0037 0.9963 
      DAM034  1 0.0044 0.9956 
      DAM07X  1 0.0035 0.9965 
     EF.15J6  1 0.0020 0.9980 
      HRV010  1 0.0022 0.9978 
      HRV02J  1 0.0038 0.9962 
      HRV078  1 0.0035 0.9965 
      HRV0FH  1 0.0024 0.9976 
      HRV0H5  1 0.0030 0.9970 
      HRV0JF  1 0.0109 0.9891 
      HRV0JJ  1 0.0050 0.9950 
      HRV0JM  1 0.0026 0.9974 
      HRV0K6  1 0.0070 0.9930 
      HRV0K7  1 0.0019 0.9981 
      HRV0KP  1 0.0036 0.9964 
      HRV1AX  1 0.0114 0.9886 
      HRV1C4  1 0.0079 0.9921 
      HRV1CH  1 0.0033 0.9967 
      HRV1FA  1 0.0040 0.9960 
      HRV1FK  1 0.0035 0.9965 
      HRV1H8  1 0.0025 0.9975 
      HRV1HT  1 0.0053 0.9947 
      HRV1XU  1 0.0034 0.9966 
      HRV4TF  1 0.0023 0.9977 
      HRV6F0  1 0.0027 0.9973 
      HRVE6L  1 0.0049 0.9951 
       M27HM  1 0.0040 0.9960 
       M27HP  1 0.0019 0.9981 
       M2AK4  1 0.0019 0.9981 
       M2ALA  1 0.0018 0.9982 
       M2C56  1 0.0053 0.9947 
       M2CUX  1 0.0049 0.9951 
       M2E24  1 0.0021 0.9979 
       M2EA7  1 0.0023 0.9977 
       M2EH6  1 0.0021 0.9979 
       M2EKC  1 0.0083 0.9917 
      MSV083  1 0.0027 0.9973 
      MSV084  1 0.0041 0.9959 
      MSV0LJ  1 0.0031 0.9969 
      MSV1H5  1 0.0048 0.9952 
      MSV1KM  1 0.0021 0.9979 
      MSV23F  1 0.0027 0.9973 
      MSV2L8  1 0.0025 0.9975 
      MSV2P7  1 0.0022 0.9978 
      MSV2TJ  1 0.0058 0.9942 
      MSV2XM  1 0.0034 0.9966 
      MSV327  1 0.0024 0.9976 
      MSV33L  1 0.0017 0.9983 
        h001  2 0.0029 0.9971 
        h002  2 0.0052 0.9948 
        h003  2 0.0057 0.9943 
        h004  2 0.0019 0.9981 
        h005  2 0.0021 0.9979 
        h006  2 0.0024 0.9976 
        h007  2 0.0187 0.9813 
        h008  2 0.0023 0.9977 
        h009  2 0.0023 0.9977 
        h010  2 0.0015 0.9985 
        h011  2 0.0017 0.9983 
        h012  2 0.0098 0.9902 
        h013  2 0.0017 0.9983 
        h014  2 0.0039 0.9961 
        h015  2 0.0043 0.9957 
        h016  2 0.0017 0.9983 
        h017  2 0.0025 0.9975 
        h018  2 0.0023 0.9977 
        h019  2 0.0018 0.9982 
        h020  2 0.0033 0.9967 
        h021  2 0.0027 0.9973 
        h022  2 0.0080 0.9920 
        h023  2 0.0012 0.9988 
        h024  2 0.0030 0.9970 
        h025  2 0.0029 0.9971 
        h026  2 0.0062 0.9938 
        h027  2 0.0065 0.9935 
        h028  2 0.0018 0.9982 
        h029  2 0.0028 0.9972 
        h030  2 0.0022 0.9978 
        h031  2 0.0025 0.9975 
        h032  2 0.0031 0.9969 
        h033  2 0.0022 0.9978 
        h034  2 0.0029 0.9971 
        h035  2 0.0041 0.9959 
        h036  2 0.0025 0.9975 
        h037  2 0.0031 0.9969 
        h038  2 0.0014 0.9986 
        h039  2 0.0038 0.9962 
        h040  2 0.0044 0.9956 
        h041  2 0.0024 0.9976 
        h042  2 0.0101 0.9899 
        h043  2 0.0041 0.9959 
        h044  2 0.0054 0.9946 
        h045  2 0.0015 0.9985 
        h046  2 0.0066 0.9934 
        h047  2 0.0057 0.9943 
        h048  2 0.0022 0.9978 
        h049  2 0.0145 0.9855 
        h050  2 0.0018 0.9982 
        h051  2 0.0032 0.9968 
        h052  2 0.0058 0.9942 
        h053  2 0.0319 0.9681 
        h054  2 0.0092 0.9908 
        h055  2 0.0024 0.9976 
        h056  2 0.0022 0.9978 
        h057  2 0.0150 0.9850 
        h058  2 0.0019 0.9981 
        h059  2 0.0022 0.9978 
        h060  2 0.0085 0.9915 
        h061  2 0.0017 0.9983 
        h062  2 0.0049 0.9951 
        h063  2 0.0021 0.9979 
        h064  2 0.0022 0.9978 
        h065  2 0.0022 0.9978 
        h066  2 0.0038 0.9962 
        h067  2 0.0020 0.9980 
        h068  2 0.1439 0.8561 
        h069  2 0.0019 0.9981 
        h070  2 0.0031 0.9969 
        h071  2 0.0021 0.9979 
        h072  2 0.0049 0.9951 
        h073  2 0.0037 0.9963 
        h074  2 0.0054 0.9946 
        h075  2 0.0028 0.9972 
        h076  2 0.0044 0.9956 
        h077  2 0.0038 0.9962 
        h078  2 0.0042 0.9958 
        h079  2 0.0021 0.9979 
        h080  2 0.0021 0.9979 
        h081  2 0.0078 0.9922 
        h082  2 0.0057 0.9943 
        h083  2 0.0027 0.9973 
        h084  2 0.0025 0.9975 
        h085  2 0.0067 0.9933 
        h086  2 0.0016 0.9984 
        h087  2 0.0016 0.9984 
        h088  2 0.0043 0.9957 
        h089  2 0.0021 0.9979 
        h090  2 0.0045 0.9955 
        h091  2 0.0018 0.9982 
        h092  2 0.0052 0.9948 
        h093  2 0.0023 0.9977 
        h094  2 0.0020 0.9980 
        h095  2 0.0036 0.9964 
        h096  2 0.0030 0.9970 
        h097  2 0.0032 0.9968 
        h098  2 0.0027 0.9973 
        h099  2 0.0089 0.9911 
        h100  2 0.0042 0.9958 
        h101  2 0.0060 0.9940 
        h102  2 0.0024 0.9976 
        h103  2 0.0019 0.9981 
        h104  2 0.0038 0.9962 
        h105  2 0.0046 0.9954 
        h106  2 0.0021 0.9979 
        h107  2 0.0078 0.9922 
        h108  2 0.0016 0.9984 
        h109  2 0.0019 0.9981 
        h110  2 0.0045 0.9955 
        h111  2 0.0050 0.9950 
        h112  2 0.0026 0.9974 
        h113  2 0.0027 0.9973 
        h114  2 0.0030 0.9970 
        h115  2 0.0023 0.9977 
        h116  2 0.0015 0.9985 
        h117  2 0.0038 0.9962 
        h118  2 0.0025 0.9975 
        h119  2 0.0036 0.9964 
        h120  2 0.0028 0.9972 
        h121  2 0.0050 0.9950 
        h122  2 0.0066 0.9934 
        h123  2 0.0016 0.9984 
        h124  2 0.0025 0.9975 
        h125  2 0.0036 0.9964 
        h126  2 0.0021 0.9979 
        h127  2 0.0022 0.9978 
        h128  2 0.0034 0.9966 
        h129  2 0.0045 0.9955 
        h130  2 0.0026 0.9974 
        h131  2 0.0033 0.9967 
        h132  2 0.0019 0.9981 
        h133  2 0.0035 0.9965 
        h134  2 0.0041 0.9959 
        h135  2 0.0061 0.9939 
        h136  2 0.0025 0.9975 
        h137  2 0.0032 0.9968 
        h138  2 0.0032 0.9968 
        h139  2 0.0020 0.9980 
        h140  2 0.0018 0.9982 
        h141  2 0.0080 0.9920 
        h142  2 0.0022 0.9978 
        h143  2 0.0031 0.9969 
        h144  2 0.0032 0.9968 
        h145  2 0.0033 0.9967 
        h146  2 0.0037 0.9963 
        h147  2 0.0112 0.9888 
        h148  2 0.0042 0.9958 
        h149  2 0.0022 0.9978 
        h150  2 0.0048 0.9952 
        h151  2 0.0113 0.9887 
        h152  2 0.0029 0.9971 
        h153  2 0.0018 0.9982 
        h154  2 0.0045 0.9955 
        h155  2 0.0026 0.9974 
        h156  2 0.0116 0.9884 
        h157  2 0.0048 0.9952 
        h158  2 0.0150 0.9850 
        h159  2 0.0021 0.9979 
        h160  2 0.0031 0.9969 
        h161  2 0.0036 0.9964 
        h162  2 0.0027 0.9973 
        h163  2 0.0026 0.9974 
        h164  2 0.0051 0.9949 
        h165  2 0.0022 0.9978 
        h166  2 0.0021 0.9979 
        h167  2 0.0018 0.9982 
        h168  2 0.0024 0.9976 
        h169  2 0.0016 0.9984 
        h170  2 0.0021 0.9979 
        h171  2 0.0018 0.9982 
        h172  2 0.0024 0.9976 
        h173  2 0.0043 0.9957 
        h174  2 0.0019 0.9981 
        h175  2 0.0015 0.9985 
        h176  2 0.0022 0.9978 
        h177  2 0.0020 0.9980 
        h178  2 0.0017 0.9983 
        h179  2 0.0019 0.9981 
        h180  2 0.0040 0.9960 
        h181  2 0.0031 0.9969 
        h182  2 0.0025 0.9975 
        h183  2 0.0045 0.9955 
        h184  2 0.0113 0.9887 
        h185  2 0.0088 0.9912 
        h186  2 0.0026 0.9974 
        h187  2 0.0024 0.9976 
        h188  2 0.0014 0.9986 
        h189  2 0.0021 0.9979 
        h190  2 0.0222 0.9778 
        h191  2 0.0019 0.9981 
        h192  2 0.0088 0.9912 
        h193  2 0.0029 0.9971 
        h194  2 0.0025 0.9975 
        h195  2 0.0044 0.9956 
        h196  2 0.0019 0.9981 
        h197  2 0.0014 0.9986 
        h198  2 0.0045 0.9955 
        h199  2 0.0031 0.9969 
        h200  2 0.0027 0.9973 
        h201  2 0.0038 0.9962 
        h202  2 0.0027 0.9973 
        h203  2 0.0021 0.9979 
        h204  2 0.0059 0.9941 
        h205  2 0.0020 0.9980 
        h206  2 0.0026 0.9974 
        h207  2 0.0053 0.9947 
        h208  2 0.0015 0.9985 
        h209  2 0.0024 0.9976 
        h210  2 0.0025 0.9975 
        h211  2 0.0035 0.9965 
        h212  2 0.0015 0.9985 
        h213  2 0.0018 0.9982 
        h214  2 0.0196 0.9804 
        h215  2 0.0015 0.9985 
        h216  2 0.0023 0.9977 
        h217  2 0.0040 0.9960 
        h218  2 0.0062 0.9938 
        h219  2 0.0028 0.9972 
        h220  2 0.0024 0.9976 
        h221  2 0.0018 0.9982 
        h222  2 0.0058 0.9942 
        h223  2 0.0030 0.9970 
        h224  2 0.0037 0.9963 
        h225  2 0.0012 0.9988 
        h226  2 0.0034 0.9966 
        h227  2 0.0028 0.9972 
        h228  2 0.0047 0.9953 
        h229  2 0.0044 0.9956 
        h230  2 0.0025 0.9975 
        h231  2 0.0014 0.9986 
        h232  2 0.0015 0.9985 
        h233  2 0.0032 0.9968 
        h234  2 0.0025 0.9975 
        h235  2 0.0016 0.9984 
        h236  2 0.0020 0.9980 
        h237  2 0.0030 0.9970 
        h238  2 0.0019 0.9981 
        h239  2 0.0018 0.9982 
        h240  2 0.0025 0.9975 
        h241  2 0.0026 0.9974 
        h242  2 0.0053 0.9947 
        h243  2 0.0020 0.9980 
        h244  2 0.0040 0.9960 
        h245  2 0.0035 0.9965 
        h246  2 0.0017 0.9983 
        h247  2 0.0015 0.9985 
        h248  2 0.0025 0.9975 
        h249  2 0.0014 0.9986 
        h250  2 0.0021 0.9979 
      MSV1TX  3 0.3985 0.6015 
      MSV025  3 0.6769 0.3231 
      MSV02C  3 0.5087 0.4913 
      MSV02E  3 0.5804 0.4196 
      MSV0TF  3 0.6219 0.3781 
       M2EL8  3 0.7157 0.2843 
      MSV21T  4 0.9909 0.0091 
       M2E71  4 0.9435 0.0565 
       W23CA  5 0.9970 0.0030 
     AP.085Y  5 0.9959 0.0041 
     CH.0LLY  5 0.8763 0.1237 
       M0LEC  5 0.9980 0.0020 
       M2C3H  5 0.9876 0.0124 
       M2CHL  5 0.7310 0.2690 
       W26P7  5 0.9928 0.0072 
     AP.07M5  5 0.9955 0.0045 
     AP.080U  5 0.9931 0.0069 
     AP.082A  5 0.9978 0.0022 
     AP.0843  5 0.9770 0.0230 
     AP.0844  5 0.9144 0.0856 
     AP.084X  5 0.9968 0.0032 
     AP.086Y  5 0.9929 0.0071 
     AP.0870  5 0.9939 0.0061 
     AP.0878  5 0.9845 0.0155 
     AP.087F  5 0.9833 0.0167 
     AP.087Y  5 0.8020 0.1980 
     AP.088P  5 0.9959 0.0041 
     AP.08AK  5 0.9881 0.0119 
     CH.0LLM  5 0.9933 0.0067 
     CH.0LLU  5 0.8849 0.1151 
     CH.0LM0  5 0.9808 0.0192 
     CH.0LM3  5 0.9905 0.0095 
       W26MY  5 0.8087 0.1913 
       W26P6  5 0.9318 0.0682 
      HRV07U  5 0.9856 0.0144 
      HRV1CT  5 0.9975 0.0025 
      HRV1CU  5 0.9984 0.0016 
      HRV1E6  5 0.9975 0.0025 
      HRV081  5 0.9986 0.0014 
      HRV1E3  5 0.9928 0.0072 
      MSV21E  5 0.9889 0.0111 
      MSV216  5 0.9952 0.0048 
       M0TYK  5 0.9866 0.0134 
      MSV2AA  5 0.9770 0.0230 
     CK.0PET  5 0.9080 0.0920 
       M2E8C  5 0.9975 0.0025 
      MSV23X  5 0.9887 0.0113 
      MSV32A  5 0.9816 0.0184 
     AP.0838  5 0.9969 0.0031 
     AP.088F  5 0.9953 0.0047 
      DAM2HL  6 0.9982 0.0018 
       M2ALK  6 0.9962 0.0038 
       M2E2J  6 0.9678 0.0322 
       M2E73  6 0.9980 0.0020 
       M2E74  6 0.9957 0.0043 
       M2EUJ  6 0.9974 0.0026 
      DAM1XK  6 0.9980 0.0020 
       M2057  6 0.9971 0.0029 
       M2271  6 0.9983 0.0017 
       M27YK  6 0.9673 0.0327 
       M2A1H  6 0.9960 0.0040 
       M2E0P  6 0.9981 0.0019 
       M2E75  6 0.9986 0.0014 
       M2E76  6 0.9969 0.0031 
      MSV0T5  6 0.9982 0.0018 
      MSV241  6 0.9968 0.0032 
      MSV2A0  6 0.9959 0.0041 
      MSV2A1  6 0.9983 0.0017 
      MSV2A8  6 0.9977 0.0023 
      DAM1P5  6 0.9988 0.0012 
       M1084  6 0.9981 0.0019 
      MSV2M4  6 0.9973 0.0027 
      MSV2T6  6 0.9968 0.0032 
       M1UM1  6 0.9951 0.0049 
       M2ECL  6 0.9958 0.0042 
       M2EJ0  6 0.9984 0.0016 
      MSV20J  6 0.9982 0.0018 
      MSV2TK  6 0.9964 0.0036 
      MSV2TX  6 0.9983 0.0017 
      MSV310  6 0.9964 0.0036 
      MSV33F  6 0.9962 0.0038 
      DAM35L  6 0.9983 0.0017 
       M2E4C  6 0.9981 0.0019 
       M2E4H  6 0.9974 0.0026 
       M2E65  6 0.9967 0.0033 
       M2EEJ  6 0.9975 0.0025 
       M2EEP  6 0.9966 0.0034 
      MSV1TU  6 0.9963 0.0037 
      MSV20M  6 0.9983 0.0017 
      MSV223  6 0.9971 0.0029 
      MSV22E  6 0.9974 0.0026 
      MSV23J  6 0.9973 0.0027 
      MSV2K6  6 0.9981 0.0019 
      DAM23U  6 0.9972 0.0028 
       M2E8A  6 0.9980 0.0020 
      MSV2L2  6 0.9972 0.0028 
       M1YMH  6 0.9960 0.0040 
       M2A84  6 0.9953 0.0047 
      MSV23M  6 0.9863 0.0137 
     AP.085T  6 0.9984 0.0016 
     AP.086J  6 0.8507 0.1493 
     AP.08C2  6 0.9430 0.0570 
     AP.08CF  6 0.9984 0.0016 
     AP.08CX  6 0.9986 0.0014 
     AP.08CY  6 0.9971 0.0029 
      DAM0JX  6 0.9981 0.0019 
      DAM0P4  6 0.9981 0.0019 
      DAM0UK  6 0.9970 0.0030 
       M2030  6 0.9982 0.0018 
      MSV24M  6 0.9976 0.0024 
       M20AM  6 0.9973 0.0027 
       M21YP  6 0.5758 0.4242 
       M2205  6 0.9988 0.0012 
       M2206  6 0.9984 0.0016 
      MSV267  6 0.9980 0.0020 
       M2757  6 0.9969 0.0031 
       M27TH  6 0.9980 0.0020 
      MSV2JA  6 0.9947 0.0053 
      MSV2KU  6 0.9969 0.0031 
      MSV2MF  6 0.9978 0.0022 
      MSV2TA  6 0.9985 0.0015 
      MSV2TE  6 0.9986 0.0014 
      MSV2TU  6 0.9965 0.0035 
      MSV2UT  6 0.9969 0.0031 
      MSV306  6 0.9977 0.0023 
      MSV311  6 0.9985 0.0015 
      MSV31M  6 0.9979 0.0021 
      MSV325  6 0.9976 0.0024 
      MSV32H  6 0.9966 0.0034 
     CX.112U  6 0.9973 0.0027 
      DAM2PC  6 0.8871 0.1129 
       M2E48  6 0.9977 0.0023 
       M2E7K  6 0.9976 0.0024 
       M2E80  6 0.9976 0.0024 
       M2EAM  6 0.9987 0.0013 
       M2EFF  6 0.9972 0.0028 
       M2EFY  6 0.9980 0.0020 
       M2EHM  6 0.9982 0.0018 
       M2EK0  6 0.9981 0.0019 
       M2EK1  6 0.9985 0.0015 
      MSV22F  6 0.9980 0.0020 
      MSV273  6 0.9968 0.0032 
      MSV0TL  6 0.9911 0.0089 
      MSV0TT  6 0.9978 0.0022 
      MSV12H  6 0.9981 0.0019 
      MSV1TH  6 0.9971 0.0029 
      MSV275  6 0.9964 0.0036 
      MSV286  6 0.9957 0.0043 
      MSV2H4  6 0.9984 0.0016 
      MSV2K8  6 0.9978 0.0022 
      MSV2PM  6 0.9988 0.0012 
      MSV2X3  6 0.9988 0.0012 
      MSV2X4  6 0.9969 0.0031 
      MSV30U  6 0.9987 0.0013 
     CX.111C  6 0.9985 0.0015 
     AP.07M2  7 0.9769 0.0231 
      HRV05C  7 0.9947 0.0053 
      HRV077  7 0.9965 0.0035 
      HRV0A0  7 0.9985 0.0015 
      HRV0MC  7 0.9979 0.0021 
      HRV00P  7 0.9985 0.0015 
      HRV01J  7 0.9981 0.0019 
      HRV026  7 0.9976 0.0024 
      HRV02C  7 0.9986 0.0014 
      HRV031  7 0.9984 0.0016 
      HRV033  7 0.9984 0.0016 
      HRV05L  7 0.9979 0.0021 
      HRV06A  7 0.9982 0.0018 
      HRV07P  7 0.9984 0.0016 
      HRV0HC  7 0.9930 0.0070 
      HRV0HU  7 0.9967 0.0033 
      HRV0K1  7 0.9982 0.0018 
      HRV0M6  7 0.9936 0.0064 
      HRV0M7  7 0.9979 0.0021 
      HRV0MK  7 0.9985 0.0015 
      HRV1C7  7 0.9982 0.0018 
      HRV1EA  7 0.9930 0.0070 
       M147K  7 0.9988 0.0012 
      HRV008  7 0.9983 0.0017 
      HRV015  7 0.9973 0.0027 
      HRV01F  7 0.9954 0.0046 
      HRV01L  7 0.9983 0.0017 
      HRV01M  7 0.9979 0.0021 
      HRV020  7 0.9969 0.0031 
      HRV022  7 0.9942 0.0058 
      HRV02A  7 0.9960 0.0040 
      HRV02K  7 0.9938 0.0062 
      HRV04C  7 0.9982 0.0018 
      HRV05H  7 0.9963 0.0037 
      HRV076  7 0.9950 0.0050 
      HRV07H  7 0.9986 0.0014 
      HRV07X  7 0.9950 0.0050 
      HRV080  7 0.9983 0.0017 
      HRV086  7 0.9977 0.0023 
      HRV0H3  7 0.9978 0.0022 
      HRV0J3  7 0.9978 0.0022 
      HRV0JX  7 0.9958 0.0042 
      HRV0ML  7 0.9986 0.0014 
      HRV1E8  7 0.9981 0.0019 
      HRV007  7 0.9969 0.0031 
      HRV005  7 0.9975 0.0025 
      HRV05U  7 0.9984 0.0016 
      HRV01U  7 0.9981 0.0019 
     AP.07M1  7 0.9982 0.0018 
     AP.07ME  7 0.9957 0.0043 
     AP.0817  7 0.9977 0.0023 
     AP.0863  7 0.9912 0.0088 
     AP.087T  7 0.9903 0.0097 
     AP.088T  7 0.9986 0.0014 
     CH.0LM1  7 0.9977 0.0023 
       M05X5  7 0.9861 0.0139 
       M06JH  7 0.9581 0.0419 
       M0A6K  7 0.9976 0.0024 
       M0ETF  7 0.9983 0.0017 
       M0LUP  7 0.9973 0.0027 
       M16F1  7 0.9980 0.0020 
       M182M  7 0.9975 0.0025 
       M1CFL  7 0.9979 0.0021 
       M2AXY  7 0.9975 0.0025 
       M2AY2  7 0.9913 0.0087 
       M2CHP  7 0.9656 0.0344 
       W26LK  7 0.9982 0.0018 
       W26ME  7 0.9965 0.0035 
     AM.07FM  7 0.9988 0.0012 
     AM.07FP  7 0.9981 0.0019 
     AP.07M4  7 0.9986 0.0014 
     AP.07M7  7 0.9987 0.0013 
     AP.07M8  7 0.9979 0.0021 
     AP.07MA  7 0.9957 0.0043 
     AP.07MC  7 0.9984 0.0016 
     AP.07P8  7 0.9798 0.0202 
     AP.07U8  7 0.9970 0.0030 
     AP.081F  7 0.9979 0.0021 
     AP.081H  7 0.7355 0.2645 
     AP.0820  7 0.9619 0.0381 
     AP.0841  7 0.9267 0.0733 
     AP.0858  7 0.9971 0.0029 
     AP.085U  7 0.9869 0.0131 
     AP.085X  7 0.9983 0.0017 
     AP.0861  7 0.9976 0.0024 
     AP.0864  7 0.9985 0.0015 
     AP.086X  7 0.9984 0.0016 
     AP.0872  7 0.9982 0.0018 
     AP.0875  7 0.7922 0.2078 
     AP.087A  7 0.9982 0.0018 
     AP.087C  7 0.9965 0.0035 
     AP.087E  7 0.9984 0.0016 
     AP.087H  7 0.9985 0.0015 
     AP.087K  7 0.9964 0.0036 
     AP.087L  7 0.9981 0.0019 
     AP.087M  7 0.9973 0.0027 
     AP.087P  7 0.9974 0.0026 
     AP.087U  7 0.9701 0.0299 
     AP.087X  7 0.9925 0.0075 
     AP.0881  7 0.9940 0.0060 
     AP.0882  7 0.9979 0.0021 
     AP.0883  7 0.9887 0.0113 
     AP.0884  7 0.9985 0.0015 
     AP.0885  7 0.9963 0.0037 
     AP.0887  7 0.9978 0.0022 
     AP.0888  7 0.5951 0.4049 
     AP.088A  7 0.9980 0.0020 
     AP.088C  7 0.9267 0.0733 
     AP.088J  7 0.9966 0.0034 
     AP.088K  7 0.9949 0.0051 
     AP.088L  7 0.9982 0.0018 
     AP.088U  7 0.9983 0.0017 
     AP.088X  7 0.9860 0.0140 
     AP.08A0  7 0.9984 0.0016 
     AP.08A1  7 0.9974 0.0026 
     AP.08A3  7 0.9984 0.0016 
     AP.08A4  7 0.8862 0.1138 
     AP.08A5  7 0.9984 0.0016 
     AP.08A6  7 0.9960 0.0040 
     AP.08A8  7 0.9979 0.0021 
     AP.08AC  7 0.9942 0.0058 
     AP.08AH  7 0.9969 0.0031 
     AP.08AJ  7 0.9968 0.0032 
     AP.08AM  7 0.9980 0.0020 
     AP.08AT  7 0.9981 0.0019 
     AP.08AX  7 0.9985 0.0015 
     CH.0LLP  7 0.9981 0.0019 
     CH.0LM2  7 0.9962 0.0038 
     CH.0LM4  7 0.9984 0.0016 
     CH.0LM5  7 0.9978 0.0022 
       M0102  7 0.9980 0.0020 
       M023A  7 0.9986 0.0014 
       M03MM  7 0.9974 0.0026 
       M04PF  7 0.9983 0.0017 
       M04XH  7 0.9967 0.0033 
       M04XM  7 0.9981 0.0019 
       M0557  7 0.9967 0.0033 
       M055C  7 0.9804 0.0196 
       M05JC  7 0.9981 0.0019 
       M05PH  7 0.9971 0.0029 
       M05X6  7 0.9984 0.0016 
       M07TC  7 0.9967 0.0033 
       M0A66  7 0.9985 0.0015 
       M0EYT  7 0.9984 0.0016 
       M0FF2  7 0.9986 0.0014 
       M0HJ6  7 0.9961 0.0039 
      HRV0JL  7 0.9987 0.0013 
      HRV0JP  7 0.9980 0.0020 
      HRV0KA  7 0.9982 0.0018 
      HRV0LJ  7 0.9960 0.0040 
      HRV0LM  7 0.9974 0.0026 
      HRV0LP  7 0.9942 0.0058 
       M0HJ8  7 0.9982 0.0018 
       M0HM3  7 0.9983 0.0017 
       M0J1X  7 0.9982 0.0018 
       M0L32  7 0.9973 0.0027 
       M0L8F  7 0.9943 0.0057 
       M0LUH  7 0.9982 0.0018 
       M0XPJ  7 0.9981 0.0019 
       M0XTE  7 0.9943 0.0057 
       M157H  7 0.9981 0.0019 
       M16YU  7 0.9986 0.0014 
       M1751  7 0.9980 0.0020 
       M1C2H  7 0.9985 0.0015 
       M1E60  7 0.9986 0.0014 
       M1EKX  7 0.9985 0.0015 
       M1EKY  7 0.9983 0.0017 
       M1EL3  7 0.9963 0.0037 
       M1ELC  7 0.9977 0.0023 
       M1ELE  7 0.9985 0.0015 
       M2AY0  7 0.9964 0.0036 
       M2AY4  7 0.9980 0.0020 
       M2AY5  7 0.9974 0.0026 
       M2AY8  7 0.9200 0.0800 
       M2C3A  7 0.9980 0.0020 
       M2C3F  7 0.9979 0.0021 
      HRV0ME  7 0.9967 0.0033 
       M2CHJ  7 0.9968 0.0032 
       M2CHM  7 0.9719 0.0281 
       M2CHY  7 0.9972 0.0028 
       W23E8  7 0.9983 0.0017 
       W23EM  7 0.9976 0.0024 
       W23EX  7 0.9980 0.0020 
       W23F0  7 0.9979 0.0021 
       W26L5  7 0.9633 0.0367 
       W26LM  7 0.8569 0.1431 
       W26MJ  7 0.9195 0.0805 
       W26ML  7 0.9981 0.0019 
       W26MT  7 0.9985 0.0015 
       W26PE  7 0.8307 0.1693 
       W26PJ  7 0.8568 0.1432 
       W26PT  7 0.9984 0.0016 
       W26PX  7 0.9915 0.0085 
       W26T0  7 0.9975 0.0025 
       W26TC  7 0.9987 0.0013 
       W26TJ  7 0.9240 0.0760 
       W26UE  7 0.9971 0.0029 
       W26UF  7 0.9981 0.0019 
       W26UL  7 0.9864 0.0136 
       W26X2  7 0.9973 0.0027 
       W2716  7 0.9678 0.0322 
      HRV1C6  7 0.9985 0.0015 
      HRV1CX  7 0.9951 0.0049 
      HRV1E2  7 0.9985 0.0015 
      HRV1E4  7 0.9987 0.0013 
      HRV1E5  7 0.9987 0.0013 
      HRV1EC  7 0.9980 0.0020 
      HRV1EK  7 0.9948 0.0052 
      HRV001  7 0.9982 0.0018 
      HRV00H  7 0.9979 0.0021 
      HRV00K  7 0.9981 0.0019 
      HRV01X  7 0.9979 0.0021 
      HRV025  7 0.9968 0.0032 
      HRV028  7 0.9979 0.0021 
      HRV041  7 0.9983 0.0017 
      HRV04F  7 0.9983 0.0017 
      HRV04L  7 0.9985 0.0015 
      HRV055  7 0.9986 0.0014 
      HRV05J  7 0.9979 0.0021 
      HRV07J  7 0.9985 0.0015 
      HRV07K  7 0.9898 0.0102 
      HRV07L  7 0.9941 0.0059 
      HRV07M  7 0.9985 0.0015 
      HRV0HM  7 0.9906 0.0094 
      HRV0J2  7 0.9985 0.0015 
      HRV0K3  7 0.9983 0.0017 
      HRV0KE  7 0.9983 0.0017 
      HRV0KF  7 0.9971 0.0029 
      HRV0KU  7 0.9936 0.0064 
      HRV0L6  7 0.9984 0.0016 
      HRV0M2  7 0.9967 0.0033 
      HRV0MF  7 0.9983 0.0017 
      HRV0MJ  7 0.9923 0.0077 
      HRV1AT  7 0.9981 0.0019 
      HRV1C1  7 0.9978 0.0022 
      HRV1CL  7 0.9978 0.0022 
      HRV1E1  7 0.9978 0.0022 
      HRV1E7  7 0.9982 0.0018 
      HRV1EE  7 0.9984 0.0016 
      HRV1ET  7 0.9985 0.0015 
