1:	0.9762 0.0055 0.0052 0.0048 0.0083 	100
2:	0.4740 0.0088 0.3018 0.1778 0.0376 	6
3:	0.0571 0.0145 0.6418 0.1451 0.1414 	2
4:	0.0144 0.0086 0.8989 0.0492 0.0290 	42
5:	0.0041 0.0328 0.1983 0.7243 0.0405 	105
6:	0.0062 0.0543 0.4948 0.4341 0.0107 	240
7:	0.0069 0.6079 0.2663 0.0794 0.0395 	68
8:	0.0056 0.9456 0.0260 0.0142 0.0085 	31
9:	0.0066 0.9562 0.0118 0.0113 0.0142 	53
10:	0.0067 0.3147 0.0225 0.0493 0.6069 	28
11:	0.0104 0.0069 0.0033 0.0030 0.9763 	27
12:	0.0064 0.0701 0.0179 0.0129 0.8926 	40
