1:	0.4790 0.0081 0.0056 0.0044 0.0054 0.0052 0.4922 	100
2:	0.5221 0.0080 0.0059 0.0052 0.0059 0.0054 0.4474 	200
3:	0.1734 0.0070 0.4818 0.0142 0.0384 0.0190 0.2663 	6
4:	0.2201 0.0071 0.4655 0.0103 0.0117 0.0319 0.2534 	100
5:	0.2537 0.0112 0.0243 0.0084 0.0171 0.4640 0.2212 	100
6:	0.2253 0.0070 0.0085 0.4843 0.0071 0.0074 0.2604 	100
7:	0.2335 0.4820 0.0059 0.0049 0.0057 0.0073 0.2607 	100
8:	0.2484 0.0111 0.0199 0.0106 0.4826 0.0144 0.2130 	100
9:	0.0208 0.0252 0.7950 0.0035 0.0860 0.0548 0.0147 	2
10:	0.0920 0.0105 0.7413 0.0105 0.0090 0.0289 0.1079 	100
11:	0.0993 0.0109 0.0207 0.0100 0.0210 0.7440 0.0941 	100
12:	0.1073 0.0074 0.0105 0.7409 0.0085 0.0083 0.1172 	100
13:	0.1127 0.7336 0.0074 0.0050 0.0055 0.0088 0.1269 	100
14:	0.1150 0.0130 0.0116 0.0116 0.7526 0.0112 0.0851 	100
15:	0.0462 0.0176 0.8697 0.0108 0.0269 0.0158 0.0130 	42
16:	0.0292 0.0084 0.8844 0.0135 0.0093 0.0223 0.0328 	100
17:	0.0315 0.0086 0.0133 0.0074 0.0117 0.8987 0.0288 	100
18:	0.0493 0.0047 0.0072 0.8782 0.0079 0.0076 0.0450 	100
19:	0.0461 0.8674 0.0077 0.0064 0.0068 0.0066 0.0591 	100
20:	0.0454 0.0102 0.0094 0.0104 0.8749 0.0115 0.0382 	100
21:	0.0035 0.0190 0.8989 0.0251 0.0271 0.0227 0.0036 	105
22:	0.0050 0.0076 0.9325 0.0085 0.0098 0.0312 0.0054 	240
23:	0.0078 0.0228 0.4367 0.0120 0.0467 0.4652 0.0089 	68
24:	0.0042 0.0070 0.0236 0.0080 0.0090 0.9439 0.0045 	31
25:	0.0034 0.0075 0.0267 0.0077 0.0091 0.9418 0.0037 	125
26:	0.0037 0.0090 0.0109 0.0055 0.0081 0.9592 0.0036 	53
27:	0.0033 0.0070 0.0071 0.0060 0.0086 0.9649 0.0033 	125
28:	0.0027 0.0031 0.0038 0.9811 0.0031 0.0037 0.0026 	28
29:	0.0025 0.0029 0.0034 0.9826 0.0030 0.0031 0.0024 	300
30:	0.0026 0.9797 0.0030 0.0030 0.0053 0.0039 0.0025 	27
31:	0.0025 0.9818 0.0028 0.0029 0.0042 0.0033 0.0025 	300
32:	0.0031 0.0082 0.0062 0.0057 0.9651 0.0086 0.0032 	40
33:	0.0029 0.0070 0.0060 0.0055 0.9687 0.0068 0.0030 	300
