1:	0.9780 0.0068 0.0042 0.0032 0.0039 0.0039 	100
2:	0.9807 0.0044 0.0040 0.0032 0.0042 0.0034 	250
3:	0.3992 0.0041 0.5561 0.0095 0.0260 0.0051 	6
4:	0.0444 0.0145 0.8637 0.0025 0.0637 0.0112 	2
5:	0.0397 0.0126 0.9094 0.0078 0.0167 0.0138 	42
6:	0.0028 0.0173 0.9252 0.0237 0.0140 0.0169 	105
7:	0.0066 0.0062 0.9276 0.0079 0.0079 0.0438 	240
8:	0.0093 0.0138 0.3946 0.0090 0.0394 0.5339 	68
9:	0.0031 0.0043 0.0101 0.0047 0.0051 0.9727 	31
10:	0.0029 0.0040 0.0115 0.0058 0.0053 0.9704 	125
11:	0.0034 0.0089 0.0102 0.0041 0.0078 0.9656 	53
12:	0.0030 0.0071 0.0093 0.0037 0.0104 0.9665 	125
13:	0.0017 0.0020 0.0029 0.9887 0.0022 0.0025 	28
14:	0.0016 0.0020 0.0023 0.9899 0.0021 0.0020 	300
15:	0.0016 0.9884 0.0019 0.0020 0.0034 0.0027 	27
16:	0.0017 0.9893 0.0019 0.0020 0.0029 0.0022 	300
17:	0.0023 0.0057 0.0050 0.0041 0.9763 0.0066 	40
18:	0.0021 0.0053 0.0043 0.0040 0.9796 0.0049 	300
