

----------------------------------------------------
STRUCTURE by Pritchard, Stephens and Donnelly (2000)
     and Falush, Stephens and Pritchard (2003)
       Code by Pritchard, Falush and Hubisz
             Version 2.3.4 (Jul 2012)
----------------------------------------------------



Command line arguments:   /home/eva.pavlovic/Structure/structure -m parameter_job_1c_2_3 
Input File:    /home/eva.pavlovic/data_job_1c_2_3

Run parameters:
   745 individuals
   20 loci
   2 populations assumed
   300000 Burn-in period
   3000000 Reps


--------------------------------------------
Proportion of membership of each pre-defined
 population in each of the 2 clusters

Given    Inferred Clusters       Number of
 Pop       1      2             Individuals

  1:     0.005  0.995             100
  2:     0.004  0.996             250
  3:     0.588  0.412               6
  4:     0.959  0.041               2
  5:     0.960  0.040              42
  6:     0.990  0.010             105
  7:     0.989  0.011             240
--------------------------------------------

Allele-freq. divergence among pops (Net nucleotide distance),
computed using point estimates of P.

      1       2      
 1      -    0.1039  
 2   0.1039     -    

Average distances (expected heterozygosity) between individuals in same cluster:
cluster  1  : 0.7368 
cluster  2  : 0.7882 

--------------------------------------------
Estimated Ln Prob of Data   = -53923.1
Mean value of ln likelihood = -53730.9
Variance of ln likelihood   = 384.3
Mean value of alpha         = 0.0300

Mean value of Fst_1         = 0.1653
Mean value of Fst_2         = 0.0418


Inferred ancestry of individuals:
        Label (%Miss) Pop:  Inferred clusters
  1    M1EL5    (5)    1 :  0.003 0.997 
  2    W26T6    (5)    1 :  0.010 0.990 
  3    W26XX    (5)    1 :  0.002 0.998 
  4    M013P    (0)    1 :  0.002 0.998 
  5    M1ELA    (0)    1 :  0.012 0.988 
  6    M2C73    (0)    1 :  0.003 0.997 
  7    W23P4    (0)    1 :  0.066 0.934 
  8    W247C    (5)    1 :  0.002 0.998 
  9    W24K1    (0)    1 :  0.002 0.998 
 10    W24ME    (0)    1 :  0.018 0.982 
 11    W2514    (0)    1 :  0.004 0.996 
 12    W26MA    (0)    1 :  0.006 0.994 
 13    W26MM    (0)    1 :  0.002 0.998 
 14    W26MU    (0)    1 :  0.003 0.997 
 15    W26P0    (0)    1 :  0.003 0.997 
 16    W26P3    (0)    1 :  0.002 0.998 
 17    W26T5    (0)    1 :  0.002 0.998 
 18    W26TE    (0)    1 :  0.005 0.995 
 19    W26TF    (0)    1 :  0.002 0.998 
 20    W26U8    (0)    1 :  0.018 0.982 
 21    W26UJ    (0)    1 :  0.002 0.998 
 22    W26UK    (0)    1 :  0.001 0.999 
 23    W26UT    (0)    1 :  0.002 0.998 
 24    W26XT    (0)    1 :  0.002 0.998 
 25   CC06H2    (0)    1 :  0.012 0.988 
 26   CC06H4    (0)    1 :  0.002 0.998 
 27   CC06H5    (5)    1 :  0.019 0.981 
 28   CC06H6    (0)    1 :  0.004 0.996 
 29   CC06HE    (0)    1 :  0.002 0.998 
 30   CC06HF    (0)    1 :  0.011 0.989 
 31   CC06HH    (0)    1 :  0.002 0.998 
 32   CC06HJ    (0)    1 :  0.004 0.996 
 33   CC06HL    (0)    1 :  0.001 0.999 
 34   CC06HP    (0)    1 :  0.002 0.998 
 35   CC06HT    (0)    1 :  0.018 0.982 
 36   CC06HU    (0)    1 :  0.012 0.988 
 37   CC06HY    (0)    1 :  0.009 0.991 
 38   CC06J0    (0)    1 :  0.003 0.997 
 39   CC06J1    (0)    1 :  0.011 0.989 
 40   CC06J2    (0)    1 :  0.003 0.997 
 41  CT.0YCY    (0)    1 :  0.003 0.997 
 42  CT.0YEC    (0)    1 :  0.001 0.999 
 43  CT.0YEF    (0)    1 :  0.003 0.997 
 44  CT.0YEU    (0)    1 :  0.002 0.998 
 45  CT.0YF2    (5)    1 :  0.005 0.995 
 46  CT.0YF8    (0)    1 :  0.002 0.998 
 47  CT.0YFA    (0)    1 :  0.004 0.996 
 48  CT.0YFE    (0)    1 :  0.004 0.996 
 49  CT.0YFP    (0)    1 :  0.003 0.997 
 50  CT.0YFU    (0)    1 :  0.003 0.997 
 51  CT.0YK7    (0)    1 :  0.003 0.997 
 52  CX.10PT    (0)    1 :  0.010 0.990 
 53   DAM021    (0)    1 :  0.003 0.997 
 54   DAM034    (0)    1 :  0.005 0.995 
 55   DAM07X    (0)    1 :  0.004 0.996 
 56  EF.15J6    (0)    1 :  0.002 0.998 
 57   HRV010   (10)    1 :  0.002 0.998 
 58   HRV02J    (5)    1 :  0.004 0.996 
 59   HRV078    (0)    1 :  0.003 0.997 
 60   HRV0FH    (0)    1 :  0.003 0.997 
 61   HRV0H5    (0)    1 :  0.003 0.997 
 62   HRV0JF    (0)    1 :  0.006 0.994 
 63   HRV0JJ    (0)    1 :  0.005 0.995 
 64   HRV0JM    (0)    1 :  0.003 0.997 
 65   HRV0K6    (0)    1 :  0.012 0.988 
 66   HRV0K7    (0)    1 :  0.002 0.998 
 67   HRV0KP    (5)    1 :  0.004 0.996 
 68   HRV1AX    (0)    1 :  0.011 0.989 
 69   HRV1C4    (0)    1 :  0.008 0.992 
 70   HRV1CH    (0)    1 :  0.004 0.996 
 71   HRV1FA    (5)    1 :  0.003 0.997 
 72   HRV1FK    (0)    1 :  0.004 0.996 
 73   HRV1H8    (5)    1 :  0.003 0.997 
 74   HRV1HT   (10)    1 :  0.005 0.995 
 75   HRV1XU   (10)    1 :  0.003 0.997 
 76   HRV4TF    (0)    1 :  0.002 0.998 
 77   HRV6F0   (10)    1 :  0.003 0.997 
 78   HRVE6L    (0)    1 :  0.004 0.996 
 79    M27HM    (5)    1 :  0.006 0.994 
 80    M27HP    (0)    1 :  0.002 0.998 
 81    M2AK4    (0)    1 :  0.002 0.998 
 82    M2ALA    (0)    1 :  0.002 0.998 
 83    M2C56    (0)    1 :  0.006 0.994 
 84    M2CUX    (0)    1 :  0.007 0.993 
 85    M2E24    (0)    1 :  0.002 0.998 
 86    M2EA7    (5)    1 :  0.002 0.998 
 87    M2EH6    (0)    1 :  0.002 0.998 
 88    M2EKC    (0)    1 :  0.012 0.988 
 89   MSV083    (0)    1 :  0.003 0.997 
 90   MSV084    (0)    1 :  0.004 0.996 
 91   MSV0LJ    (0)    1 :  0.003 0.997 
 92   MSV1H5    (0)    1 :  0.006 0.994 
 93   MSV1KM    (0)    1 :  0.002 0.998 
 94   MSV23F    (5)    1 :  0.002 0.998 
 95   MSV2L8    (0)    1 :  0.002 0.998 
 96   MSV2P7    (5)    1 :  0.002 0.998 
 97   MSV2TJ    (0)    1 :  0.005 0.995 
 98   MSV2XM    (0)    1 :  0.003 0.997 
 99   MSV327    (5)    1 :  0.002 0.998 
100   MSV33L    (5)    1 :  0.002 0.998 
101     h001    (0)    2 :  0.004 0.996 
102     h002    (0)    2 :  0.002 0.998 
103     h003    (0)    2 :  0.002 0.998 
104     h004    (0)    2 :  0.002 0.998 
105     h005    (0)    2 :  0.003 0.997 
106     h006    (0)    2 :  0.006 0.994 
107     h007    (0)    2 :  0.003 0.997 
108     h008    (0)    2 :  0.002 0.998 
109     h009    (0)    2 :  0.005 0.995 
110     h010    (0)    2 :  0.013 0.987 
111     h011    (0)    2 :  0.003 0.997 
112     h012    (0)    2 :  0.002 0.998 
113     h013    (0)    2 :  0.002 0.998 
114     h014    (0)    2 :  0.005 0.995 
115     h015    (0)    2 :  0.008 0.992 
116     h016    (0)    2 :  0.002 0.998 
117     h017    (0)    2 :  0.002 0.998 
118     h018    (0)    2 :  0.002 0.998 
119     h019    (0)    2 :  0.003 0.997 
120     h020    (0)    2 :  0.002 0.998 
121     h021    (0)    2 :  0.002 0.998 
122     h022    (0)    2 :  0.003 0.997 
123     h023    (0)    2 :  0.007 0.993 
124     h024    (0)    2 :  0.002 0.998 
125     h025    (0)    2 :  0.002 0.998 
126     h026    (0)    2 :  0.002 0.998 
127     h027    (0)    2 :  0.003 0.997 
128     h028    (0)    2 :  0.004 0.996 
129     h029    (0)    2 :  0.002 0.998 
130     h030    (0)    2 :  0.003 0.997 
131     h031    (0)    2 :  0.002 0.998 
132     h032    (0)    2 :  0.001 0.999 
133     h033    (0)    2 :  0.011 0.989 
134     h034    (0)    2 :  0.002 0.998 
135     h035    (0)    2 :  0.003 0.997 
136     h036    (0)    2 :  0.003 0.997 
137     h037    (0)    2 :  0.003 0.997 
138     h038    (0)    2 :  0.002 0.998 
139     h039    (0)    2 :  0.002 0.998 
140     h040    (0)    2 :  0.002 0.998 
141     h041    (0)    2 :  0.005 0.995 
142     h042    (0)    2 :  0.002 0.998 
143     h043    (0)    2 :  0.002 0.998 
144     h044    (0)    2 :  0.002 0.998 
145     h045    (0)    2 :  0.002 0.998 
146     h046    (0)    2 :  0.002 0.998 
147     h047    (0)    2 :  0.004 0.996 
148     h048    (0)    2 :  0.002 0.998 
149     h049    (0)    2 :  0.002 0.998 
150     h050    (0)    2 :  0.004 0.996 
151     h051    (0)    2 :  0.002 0.998 
152     h052    (0)    2 :  0.004 0.996 
153     h053    (0)    2 :  0.002 0.998 
154     h054    (0)    2 :  0.003 0.997 
155     h055    (0)    2 :  0.002 0.998 
156     h056    (0)    2 :  0.004 0.996 
157     h057    (0)    2 :  0.002 0.998 
158     h058    (0)    2 :  0.003 0.997 
159     h059    (0)    2 :  0.003 0.997 
160     h060    (0)    2 :  0.005 0.995 
161     h061    (0)    2 :  0.007 0.993 
162     h062    (0)    2 :  0.004 0.996 
163     h063    (0)    2 :  0.002 0.998 
164     h064    (0)    2 :  0.022 0.978 
165     h065    (0)    2 :  0.020 0.980 
166     h066    (0)    2 :  0.003 0.997 
167     h067    (0)    2 :  0.002 0.998 
168     h068    (0)    2 :  0.001 0.999 
169     h069    (0)    2 :  0.003 0.997 
170     h070    (0)    2 :  0.003 0.997 
171     h071    (0)    2 :  0.013 0.987 
172     h072    (0)    2 :  0.003 0.997 
173     h073    (0)    2 :  0.002 0.998 
174     h074    (0)    2 :  0.002 0.998 
175     h075    (0)    2 :  0.004 0.996 
176     h076    (0)    2 :  0.003 0.997 
177     h077    (0)    2 :  0.010 0.990 
178     h078    (0)    2 :  0.005 0.995 
179     h079    (0)    2 :  0.003 0.997 
180     h080    (0)    2 :  0.002 0.998 
181     h081    (0)    2 :  0.009 0.991 
182     h082    (0)    2 :  0.003 0.997 
183     h083    (0)    2 :  0.002 0.998 
184     h084    (0)    2 :  0.003 0.997 
185     h085    (0)    2 :  0.002 0.998 
186     h086    (0)    2 :  0.011 0.989 
187     h087    (0)    2 :  0.003 0.997 
188     h088    (0)    2 :  0.002 0.998 
189     h089    (0)    2 :  0.002 0.998 
190     h090    (0)    2 :  0.004 0.996 
191     h091    (0)    2 :  0.002 0.998 
192     h092    (0)    2 :  0.002 0.998 
193     h093    (0)    2 :  0.002 0.998 
194     h094    (0)    2 :  0.004 0.996 
195     h095    (0)    2 :  0.003 0.997 
196     h096    (0)    2 :  0.003 0.997 
197     h097    (0)    2 :  0.004 0.996 
198     h098    (0)    2 :  0.002 0.998 
199     h099    (0)    2 :  0.002 0.998 
200     h100    (0)    2 :  0.049 0.951 
201     h101    (0)    2 :  0.008 0.992 
202     h102    (0)    2 :  0.005 0.995 
203     h103    (0)    2 :  0.005 0.995 
204     h104    (0)    2 :  0.002 0.998 
205     h105    (0)    2 :  0.006 0.994 
206     h106    (0)    2 :  0.003 0.997 
207     h107    (0)    2 :  0.004 0.996 
208     h108    (0)    2 :  0.007 0.993 
209     h109    (0)    2 :  0.002 0.998 
210     h110    (0)    2 :  0.002 0.998 
211     h111    (0)    2 :  0.004 0.996 
212     h112    (0)    2 :  0.003 0.997 
213     h113    (0)    2 :  0.005 0.995 
214     h114    (0)    2 :  0.002 0.998 
215     h115    (0)    2 :  0.003 0.997 
216     h116    (0)    2 :  0.002 0.998 
217     h117    (0)    2 :  0.006 0.994 
218     h118    (0)    2 :  0.002 0.998 
219     h119    (0)    2 :  0.002 0.998 
220     h120    (0)    2 :  0.002 0.998 
221     h121    (0)    2 :  0.005 0.995 
222     h122    (0)    2 :  0.002 0.998 
223     h123    (0)    2 :  0.003 0.997 
224     h124    (0)    2 :  0.004 0.996 
225     h125    (0)    2 :  0.004 0.996 
226     h126    (0)    2 :  0.002 0.998 
227     h127    (0)    2 :  0.004 0.996 
228     h128    (0)    2 :  0.005 0.995 
229     h129    (0)    2 :  0.003 0.997 
230     h130    (0)    2 :  0.002 0.998 
231     h131    (0)    2 :  0.003 0.997 
232     h132    (0)    2 :  0.002 0.998 
233     h133    (0)    2 :  0.001 0.999 
234     h134    (0)    2 :  0.003 0.997 
235     h135    (0)    2 :  0.007 0.993 
236     h136    (0)    2 :  0.002 0.998 
237     h137    (0)    2 :  0.002 0.998 
238     h138    (0)    2 :  0.002 0.998 
239     h139    (0)    2 :  0.015 0.985 
240     h140    (0)    2 :  0.003 0.997 
241     h141    (0)    2 :  0.002 0.998 
242     h142    (0)    2 :  0.002 0.998 
243     h143    (0)    2 :  0.005 0.995 
244     h144    (0)    2 :  0.002 0.998 
245     h145    (0)    2 :  0.007 0.993 
246     h146    (0)    2 :  0.003 0.997 
247     h147    (0)    2 :  0.007 0.993 
248     h148    (0)    2 :  0.002 0.998 
249     h149    (0)    2 :  0.002 0.998 
250     h150    (0)    2 :  0.009 0.991 
251     h151    (0)    2 :  0.004 0.996 
252     h152    (0)    2 :  0.001 0.999 
253     h153    (0)    2 :  0.002 0.998 
254     h154    (0)    2 :  0.004 0.996 
255     h155    (0)    2 :  0.003 0.997 
256     h156    (0)    2 :  0.002 0.998 
257     h157    (0)    2 :  0.004 0.996 
258     h158    (0)    2 :  0.023 0.977 
259     h159    (0)    2 :  0.007 0.993 
260     h160    (0)    2 :  0.005 0.995 
261     h161    (0)    2 :  0.002 0.998 
262     h162    (0)    2 :  0.001 0.999 
263     h163    (0)    2 :  0.018 0.982 
264     h164    (0)    2 :  0.001 0.999 
265     h165    (0)    2 :  0.003 0.997 
266     h166    (0)    2 :  0.001 0.999 
267     h167    (0)    2 :  0.003 0.997 
268     h168    (0)    2 :  0.002 0.998 
269     h169    (0)    2 :  0.002 0.998 
270     h170    (0)    2 :  0.002 0.998 
271     h171    (0)    2 :  0.003 0.997 
272     h172    (0)    2 :  0.012 0.988 
273     h173    (0)    2 :  0.002 0.998 
274     h174    (0)    2 :  0.016 0.984 
275     h175    (0)    2 :  0.003 0.997 
276     h176    (0)    2 :  0.002 0.998 
277     h177    (0)    2 :  0.005 0.995 
278     h178    (0)    2 :  0.002 0.998 
279     h179    (0)    2 :  0.002 0.998 
280     h180    (0)    2 :  0.002 0.998 
281     h181    (0)    2 :  0.006 0.994 
282     h182    (0)    2 :  0.002 0.998 
283     h183    (0)    2 :  0.002 0.998 
284     h184    (0)    2 :  0.002 0.998 
285     h185    (0)    2 :  0.002 0.998 
286     h186    (0)    2 :  0.004 0.996 
287     h187    (0)    2 :  0.002 0.998 
288     h188    (0)    2 :  0.002 0.998 
289     h189    (0)    2 :  0.002 0.998 
290     h190    (0)    2 :  0.002 0.998 
291     h191    (0)    2 :  0.003 0.997 
292     h192    (0)    2 :  0.008 0.992 
293     h193    (0)    2 :  0.006 0.994 
294     h194    (0)    2 :  0.009 0.991 
295     h195    (0)    2 :  0.012 0.988 
296     h196    (0)    2 :  0.002 0.998 
297     h197    (0)    2 :  0.003 0.997 
298     h198    (0)    2 :  0.003 0.997 
299     h199    (0)    2 :  0.002 0.998 
300     h200    (0)    2 :  0.002 0.998 
301     h201    (0)    2 :  0.005 0.995 
302     h202    (0)    2 :  0.002 0.998 
303     h203    (0)    2 :  0.002 0.998 
304     h204    (0)    2 :  0.003 0.997 
305     h205    (0)    2 :  0.006 0.994 
306     h206    (0)    2 :  0.002 0.998 
307     h207    (0)    2 :  0.002 0.998 
308     h208    (0)    2 :  0.005 0.995 
309     h209    (0)    2 :  0.003 0.997 
310     h210    (0)    2 :  0.005 0.995 
311     h211    (0)    2 :  0.008 0.992 
312     h212    (0)    2 :  0.002 0.998 
313     h213    (0)    2 :  0.003 0.997 
314     h214    (0)    2 :  0.003 0.997 
315     h215    (0)    2 :  0.001 0.999 
316     h216    (0)    2 :  0.002 0.998 
317     h217    (0)    2 :  0.002 0.998 
318     h218    (0)    2 :  0.001 0.999 
319     h219    (0)    2 :  0.004 0.996 
320     h220    (0)    2 :  0.001 0.999 
321     h221    (0)    2 :  0.005 0.995 
322     h222    (0)    2 :  0.002 0.998 
323     h223    (0)    2 :  0.005 0.995 
324     h224    (0)    2 :  0.033 0.967 
325     h225    (0)    2 :  0.002 0.998 
326     h226    (0)    2 :  0.002 0.998 
327     h227    (0)    2 :  0.002 0.998 
328     h228    (0)    2 :  0.020 0.980 
329     h229    (0)    2 :  0.003 0.997 
330     h230    (0)    2 :  0.002 0.998 
331     h231    (0)    2 :  0.003 0.997 
332     h232    (0)    2 :  0.003 0.997 
333     h233    (0)    2 :  0.002 0.998 
334     h234    (0)    2 :  0.006 0.994 
335     h235    (0)    2 :  0.004 0.996 
336     h236    (0)    2 :  0.002 0.998 
337     h237    (0)    2 :  0.003 0.997 
338     h238    (0)    2 :  0.003 0.997 
339     h239    (0)    2 :  0.007 0.993 
340     h240    (0)    2 :  0.002 0.998 
341     h241    (0)    2 :  0.004 0.996 
342     h242    (0)    2 :  0.003 0.997 
343     h243    (0)    2 :  0.002 0.998 
344     h244    (0)    2 :  0.002 0.998 
345     h245    (0)    2 :  0.002 0.998 
346     h246    (0)    2 :  0.003 0.997 
347     h247    (0)    2 :  0.005 0.995 
348     h248    (0)    2 :  0.004 0.996 
349     h249    (0)    2 :  0.004 0.996 
350     h250    (0)    2 :  0.003 0.997 
351   MSV1TX    (5)    3 :  0.409 0.591 
352   MSV025    (0)    3 :  0.667 0.333 
353   MSV02C    (0)    3 :  0.519 0.481 
354   MSV02E    (5)    3 :  0.596 0.404 
355   MSV0TF    (5)    3 :  0.627 0.373 
356    M2EL8    (0)    3 :  0.712 0.288 
357   MSV21T    (0)    4 :  0.990 0.010 
358    M2E71    (0)    4 :  0.929 0.071 
359    W23CA   (10)    5 :  0.997 0.003 
360  AP.085Y    (5)    5 :  0.996 0.004 
361  CH.0LLY    (5)    5 :  0.833 0.167 
362    M0LEC    (5)    5 :  0.998 0.002 
363    M2C3H   (10)    5 :  0.984 0.016 
364    M2CHL    (5)    5 :  0.683 0.317 
365    W26P7   (10)    5 :  0.992 0.008 
366  AP.07M5    (0)    5 :  0.995 0.005 
367  AP.080U    (0)    5 :  0.993 0.007 
368  AP.082A    (0)    5 :  0.998 0.002 
369  AP.0843    (0)    5 :  0.972 0.028 
370  AP.0844    (0)    5 :  0.894 0.106 
371  AP.084X    (0)    5 :  0.997 0.003 
372  AP.086Y    (0)    5 :  0.991 0.009 
373  AP.0870    (0)    5 :  0.993 0.007 
374  AP.0878    (0)    5 :  0.982 0.018 
375  AP.087F    (0)    5 :  0.982 0.018 
376  AP.087Y    (0)    5 :  0.759 0.241 
377  AP.088P    (0)    5 :  0.995 0.005 
378  AP.08AK    (5)    5 :  0.989 0.011 
379  CH.0LLM    (0)    5 :  0.994 0.006 
380  CH.0LLU    (0)    5 :  0.873 0.127 
381  CH.0LM0    (5)    5 :  0.979 0.021 
382  CH.0LM3    (5)    5 :  0.992 0.008 
383    W26MY    (0)    5 :  0.802 0.198 
384    W26P6    (0)    5 :  0.934 0.066 
385   HRV07U    (0)    5 :  0.986 0.014 
386   HRV1CT    (0)    5 :  0.998 0.002 
387   HRV1CU    (0)    5 :  0.998 0.002 
388   HRV1E6    (0)    5 :  0.998 0.002 
389   HRV081    (0)    5 :  0.999 0.001 
390   HRV1E3    (0)    5 :  0.994 0.006 
391   MSV21E    (0)    5 :  0.987 0.013 
392   MSV216    (0)    5 :  0.995 0.005 
393    M0TYK    (0)    5 :  0.987 0.013 
394   MSV2AA    (0)    5 :  0.973 0.027 
395  CK.0PET    (0)    5 :  0.877 0.123 
396    M2E8C    (0)    5 :  0.998 0.002 
397   MSV23X    (0)    5 :  0.986 0.014 
398   MSV32A    (0)    5 :  0.970 0.030 
399  AP.0838    (0)    5 :  0.997 0.003 
400  AP.088F    (0)    5 :  0.995 0.005 
401   DAM2HL   (10)    6 :  0.998 0.002 
402    M2ALK    (0)    6 :  0.995 0.005 
403    M2E2J    (0)    6 :  0.965 0.035 
404    M2E73    (0)    6 :  0.998 0.002 
405    M2E74    (0)    6 :  0.995 0.005 
406    M2EUJ    (5)    6 :  0.997 0.003 
407   DAM1XK    (0)    6 :  0.998 0.002 
408    M2057    (0)    6 :  0.997 0.003 
409    M2271    (0)    6 :  0.998 0.002 
410    M27YK    (0)    6 :  0.967 0.033 
411    M2A1H    (0)    6 :  0.996 0.004 
412    M2E0P    (0)    6 :  0.998 0.002 
413    M2E75    (0)    6 :  0.999 0.001 
414    M2E76    (0)    6 :  0.997 0.003 
415   MSV0T5    (5)    6 :  0.998 0.002 
416   MSV241    (0)    6 :  0.997 0.003 
417   MSV2A0    (0)    6 :  0.996 0.004 
418   MSV2A1    (0)    6 :  0.998 0.002 
419   MSV2A8    (0)    6 :  0.998 0.002 
420   DAM1P5    (0)    6 :  0.999 0.001 
421    M1084    (0)    6 :  0.998 0.002 
422   MSV2M4    (5)    6 :  0.997 0.003 
423   MSV2T6    (5)    6 :  0.997 0.003 
424    M1UM1    (5)    6 :  0.995 0.005 
425    M2ECL    (0)    6 :  0.996 0.004 
426    M2EJ0    (0)    6 :  0.998 0.002 
427   MSV20J    (0)    6 :  0.998 0.002 
428   MSV2TK    (0)    6 :  0.996 0.004 
429   MSV2TX    (0)    6 :  0.998 0.002 
430   MSV310    (0)    6 :  0.996 0.004 
431   MSV33F    (0)    6 :  0.996 0.004 
432   DAM35L    (0)    6 :  0.998 0.002 
433    M2E4C    (0)    6 :  0.998 0.002 
434    M2E4H    (0)    6 :  0.997 0.003 
435    M2E65    (0)    6 :  0.996 0.004 
436    M2EEJ    (0)    6 :  0.998 0.002 
437    M2EEP    (5)    6 :  0.996 0.004 
438   MSV1TU    (0)    6 :  0.996 0.004 
439   MSV20M    (0)    6 :  0.998 0.002 
440   MSV223    (0)    6 :  0.997 0.003 
441   MSV22E    (0)    6 :  0.997 0.003 
442   MSV23J    (0)    6 :  0.997 0.003 
443   MSV2K6    (5)    6 :  0.998 0.002 
444   DAM23U    (5)    6 :  0.997 0.003 
445    M2E8A    (5)    6 :  0.998 0.002 
446   MSV2L2    (5)    6 :  0.997 0.003 
447    M1YMH    (5)    6 :  0.996 0.004 
448    M2A84    (5)    6 :  0.995 0.005 
449   MSV23M    (0)    6 :  0.987 0.013 
450  AP.085T    (5)    6 :  0.998 0.002 
451  AP.086J    (0)    6 :  0.831 0.169 
452  AP.08C2    (0)    6 :  0.938 0.062 
453  AP.08CF    (0)    6 :  0.998 0.002 
454  AP.08CX    (0)    6 :  0.999 0.001 
455  AP.08CY    (0)    6 :  0.997 0.003 
456   DAM0JX    (0)    6 :  0.998 0.002 
457   DAM0P4    (0)    6 :  0.998 0.002 
458   DAM0UK    (0)    6 :  0.997 0.003 
459    M2030    (0)    6 :  0.998 0.002 
460   MSV24M    (0)    6 :  0.998 0.002 
461    M20AM    (0)    6 :  0.997 0.003 
462    M21YP    (0)    6 :  0.578 0.422 
463    M2205    (0)    6 :  0.999 0.001 
464    M2206    (0)    6 :  0.998 0.002 
465   MSV267    (0)    6 :  0.998 0.002 
466    M2757    (0)    6 :  0.997 0.003 
467    M27TH    (0)    6 :  0.998 0.002 
468   MSV2JA    (0)    6 :  0.995 0.005 
469   MSV2KU    (0)    6 :  0.997 0.003 
470   MSV2MF    (0)    6 :  0.998 0.002 
471   MSV2TA    (0)    6 :  0.999 0.001 
472   MSV2TE    (0)    6 :  0.999 0.001 
473   MSV2TU    (0)    6 :  0.996 0.004 
474   MSV2UT    (0)    6 :  0.997 0.003 
475   MSV306    (0)    6 :  0.998 0.002 
476   MSV311    (0)    6 :  0.999 0.001 
477   MSV31M    (0)    6 :  0.998 0.002 
478   MSV325    (0)    6 :  0.998 0.002 
479   MSV32H    (0)    6 :  0.997 0.003 
480  CX.112U    (0)    6 :  0.997 0.003 
481   DAM2PC    (0)    6 :  0.891 0.109 
482    M2E48    (0)    6 :  0.998 0.002 
483    M2E7K    (0)    6 :  0.998 0.002 
484    M2E80    (0)    6 :  0.998 0.002 
485    M2EAM    (0)    6 :  0.999 0.001 
486    M2EFF    (0)    6 :  0.997 0.003 
487    M2EFY    (0)    6 :  0.998 0.002 
488    M2EHM    (0)    6 :  0.998 0.002 
489    M2EK0    (0)    6 :  0.998 0.002 
490    M2EK1    (0)    6 :  0.999 0.001 
491   MSV22F    (0)    6 :  0.998 0.002 
492   MSV273    (0)    6 :  0.996 0.004 
493   MSV0TL   (10)    6 :  0.988 0.012 
494   MSV0TT    (0)    6 :  0.998 0.002 
495   MSV12H    (0)    6 :  0.998 0.002 
496   MSV1TH    (0)    6 :  0.997 0.003 
497   MSV275    (0)    6 :  0.996 0.004 
498   MSV286    (0)    6 :  0.995 0.005 
499   MSV2H4    (0)    6 :  0.998 0.002 
500   MSV2K8    (0)    6 :  0.998 0.002 
501   MSV2PM    (0)    6 :  0.999 0.001 
502   MSV2X3    (0)    6 :  0.999 0.001 
503   MSV2X4    (0)    6 :  0.997 0.003 
504   MSV30U    (0)    6 :  0.999 0.001 
505  CX.111C    (0)    6 :  0.999 0.001 
506  AP.07M2    (0)    7 :  0.982 0.018 
507   HRV05C   (10)    7 :  0.995 0.005 
508   HRV077   (10)    7 :  0.996 0.004 
509   HRV0A0    (5)    7 :  0.999 0.001 
510   HRV0MC    (5)    7 :  0.998 0.002 
511   HRV00P    (0)    7 :  0.999 0.001 
512   HRV01J    (5)    7 :  0.998 0.002 
513   HRV026    (5)    7 :  0.998 0.002 
514   HRV02C    (0)    7 :  0.999 0.001 
515   HRV031    (0)    7 :  0.999 0.001 
516   HRV033    (0)    7 :  0.999 0.001 
517   HRV05L    (0)    7 :  0.998 0.002 
518   HRV06A    (0)    7 :  0.998 0.002 
519   HRV07P    (5)    7 :  0.998 0.002 
520   HRV0HC    (5)    7 :  0.992 0.008 
521   HRV0HU   (10)    7 :  0.996 0.004 
522   HRV0K1    (0)    7 :  0.998 0.002 
523   HRV0M6    (5)    7 :  0.993 0.007 
524   HRV0M7    (5)    7 :  0.998 0.002 
525   HRV0MK    (0)    7 :  0.999 0.001 
526   HRV1C7    (5)    7 :  0.998 0.002 
527   HRV1EA    (0)    7 :  0.995 0.005 
528    M147K    (5)    7 :  0.999 0.001 
529   HRV008    (0)    7 :  0.998 0.002 
530   HRV015    (0)    7 :  0.997 0.003 
531   HRV01F    (0)    7 :  0.995 0.005 
532   HRV01L    (0)    7 :  0.998 0.002 
533   HRV01M    (0)    7 :  0.998 0.002 
534   HRV020    (0)    7 :  0.997 0.003 
535   HRV022    (0)    7 :  0.995 0.005 
536   HRV02A    (0)    7 :  0.996 0.004 
537   HRV02K    (0)    7 :  0.994 0.006 
538   HRV04C    (0)    7 :  0.998 0.002 
539   HRV05H    (0)    7 :  0.997 0.003 
540   HRV076    (0)    7 :  0.995 0.005 
541   HRV07H    (0)    7 :  0.999 0.001 
542   HRV07X    (0)    7 :  0.996 0.004 
543   HRV080    (0)    7 :  0.998 0.002 
544   HRV086    (5)    7 :  0.998 0.002 
545   HRV0H3    (5)    7 :  0.998 0.002 
546   HRV0J3    (0)    7 :  0.998 0.002 
547   HRV0JX   (15)    7 :  0.996 0.004 
548   HRV0ML   (10)    7 :  0.999 0.001 
549   HRV1E8   (10)    7 :  0.998 0.002 
550   HRV007   (10)    7 :  0.997 0.003 
551   HRV005    (5)    7 :  0.998 0.002 
552   HRV05U    (5)    7 :  0.998 0.002 
553   HRV01U    (5)    7 :  0.998 0.002 
554  AP.07M1    (5)    7 :  0.998 0.002 
555  AP.07ME    (5)    7 :  0.996 0.004 
556  AP.0817    (5)    7 :  0.998 0.002 
557  AP.0863   (15)    7 :  0.992 0.008 
558  AP.087T    (5)    7 :  0.990 0.010 
559  AP.088T    (5)    7 :  0.999 0.001 
560  CH.0LM1   (15)    7 :  0.998 0.002 
561    M05X5    (5)    7 :  0.983 0.017 
562    M06JH    (5)    7 :  0.954 0.046 
563    M0A6K    (5)    7 :  0.998 0.002 
564    M0ETF    (5)    7 :  0.998 0.002 
565    M0LUP   (10)    7 :  0.997 0.003 
566    M16F1    (5)    7 :  0.998 0.002 
567    M182M    (5)    7 :  0.998 0.002 
568    M1CFL   (10)    7 :  0.998 0.002 
569    M2AXY   (10)    7 :  0.998 0.002 
570    M2AY2   (10)    7 :  0.991 0.009 
571    M2CHP   (10)    7 :  0.971 0.029 
572    W26LK    (5)    7 :  0.998 0.002 
573    W26ME   (10)    7 :  0.996 0.004 
574  AM.07FM    (0)    7 :  0.999 0.001 
575  AM.07FP    (5)    7 :  0.998 0.002 
576  AP.07M4    (0)    7 :  0.999 0.001 
577  AP.07M7    (0)    7 :  0.999 0.001 
578  AP.07M8    (0)    7 :  0.998 0.002 
579  AP.07MA    (0)    7 :  0.996 0.004 
580  AP.07MC    (0)    7 :  0.998 0.002 
581  AP.07P8    (0)    7 :  0.979 0.021 
582  AP.07U8    (0)    7 :  0.997 0.003 
583  AP.081F   (10)    7 :  0.998 0.002 
584  AP.081H   (10)    7 :  0.769 0.231 
585  AP.0820    (0)    7 :  0.975 0.025 
586  AP.0841    (5)    7 :  0.931 0.069 
587  AP.0858    (0)    7 :  0.997 0.003 
588  AP.085U    (5)    7 :  0.987 0.013 
589  AP.085X    (5)    7 :  0.998 0.002 
590  AP.0861    (5)    7 :  0.998 0.002 
591  AP.0864   (10)    7 :  0.999 0.001 
592  AP.086X    (0)    7 :  0.998 0.002 
593  AP.0872    (0)    7 :  0.998 0.002 
594  AP.0875    (0)    7 :  0.861 0.139 
595  AP.087A    (0)    7 :  0.998 0.002 
596  AP.087C    (0)    7 :  0.997 0.003 
597  AP.087E    (0)    7 :  0.998 0.002 
598  AP.087H    (0)    7 :  0.998 0.002 
599  AP.087K    (0)    7 :  0.996 0.004 
600  AP.087L    (0)    7 :  0.998 0.002 
601  AP.087M    (0)    7 :  0.997 0.003 
602  AP.087P    (0)    7 :  0.997 0.003 
603  AP.087U    (0)    7 :  0.976 0.024 
604  AP.087X    (0)    7 :  0.992 0.008 
605  AP.0881    (0)    7 :  0.995 0.005 
606  AP.0882    (0)    7 :  0.998 0.002 
607  AP.0883    (0)    7 :  0.991 0.009 
608  AP.0884    (0)    7 :  0.998 0.002 
609  AP.0885    (5)    7 :  0.997 0.003 
610  AP.0887    (0)    7 :  0.998 0.002 
611  AP.0888    (5)    7 :  0.635 0.365 
612  AP.088A    (0)    7 :  0.998 0.002 
613  AP.088C    (0)    7 :  0.933 0.067 
614  AP.088J    (0)    7 :  0.997 0.003 
615  AP.088K    (0)    7 :  0.995 0.005 
616  AP.088L    (0)    7 :  0.998 0.002 
617  AP.088U    (0)    7 :  0.998 0.002 
618  AP.088X    (0)    7 :  0.984 0.016 
619  AP.08A0    (0)    7 :  0.999 0.001 
620  AP.08A1    (0)    7 :  0.997 0.003 
621  AP.08A3    (0)    7 :  0.998 0.002 
622  AP.08A4    (0)    7 :  0.895 0.105 
623  AP.08A5    (0)    7 :  0.999 0.001 
624  AP.08A6    (0)    7 :  0.996 0.004 
625  AP.08A8    (5)    7 :  0.998 0.002 
626  AP.08AC    (0)    7 :  0.994 0.006 
627  AP.08AH    (0)    7 :  0.997 0.003 
628  AP.08AJ    (0)    7 :  0.996 0.004 
629  AP.08AM   (10)    7 :  0.998 0.002 
630  AP.08AT    (0)    7 :  0.998 0.002 
631  AP.08AX    (0)    7 :  0.998 0.002 
632  CH.0LLP    (0)    7 :  0.998 0.002 
633  CH.0LM2   (10)    7 :  0.996 0.004 
634  CH.0LM4    (5)    7 :  0.998 0.002 
635  CH.0LM5    (0)    7 :  0.998 0.002 
636    M0102    (5)    7 :  0.998 0.002 
637    M023A    (5)    7 :  0.999 0.001 
638    M03MM   (10)    7 :  0.997 0.003 
639    M04PF    (0)    7 :  0.998 0.002 
640    M04XH    (5)    7 :  0.996 0.004 
641    M04XM   (10)    7 :  0.998 0.002 
642    M0557    (0)    7 :  0.996 0.004 
643    M055C    (0)    7 :  0.979 0.021 
644    M05JC    (0)    7 :  0.998 0.002 
645    M05PH    (0)    7 :  0.997 0.003 
646    M05X6    (0)    7 :  0.999 0.001 
647    M07TC    (0)    7 :  0.997 0.003 
648    M0A66    (0)    7 :  0.999 0.001 
649    M0EYT    (0)    7 :  0.998 0.002 
650    M0FF2    (0)    7 :  0.999 0.001 
651    M0HJ6    (5)    7 :  0.996 0.004 
652   HRV0JL    (0)    7 :  0.999 0.001 
653   HRV0JP    (0)    7 :  0.998 0.002 
654   HRV0KA    (0)    7 :  0.998 0.002 
655   HRV0LJ    (5)    7 :  0.996 0.004 
656   HRV0LM    (0)    7 :  0.997 0.003 
657   HRV0LP    (0)    7 :  0.994 0.006 
658    M0HJ8    (0)    7 :  0.998 0.002 
659    M0HM3    (0)    7 :  0.998 0.002 
660    M0J1X    (0)    7 :  0.998 0.002 
661    M0L32    (0)    7 :  0.997 0.003 
662    M0L8F    (0)    7 :  0.994 0.006 
663    M0LUH    (0)    7 :  0.998 0.002 
664    M0XPJ    (0)    7 :  0.998 0.002 
665    M0XTE    (0)    7 :  0.995 0.005 
666    M157H    (0)    7 :  0.998 0.002 
667    M16YU    (0)    7 :  0.999 0.001 
668    M1751    (0)    7 :  0.998 0.002 
669    M1C2H    (0)    7 :  0.999 0.001 
670    M1E60    (0)    7 :  0.999 0.001 
671    M1EKX    (0)    7 :  0.999 0.001 
672    M1EKY    (0)    7 :  0.998 0.002 
673    M1EL3    (0)    7 :  0.996 0.004 
674    M1ELC    (0)    7 :  0.998 0.002 
675    M1ELE    (0)    7 :  0.998 0.002 
676    M2AY0   (10)    7 :  0.997 0.003 
677    M2AY4    (5)    7 :  0.998 0.002 
678    M2AY5   (10)    7 :  0.998 0.002 
679    M2AY8    (5)    7 :  0.920 0.080 
680    M2C3A   (10)    7 :  0.998 0.002 
681    M2C3F   (10)    7 :  0.998 0.002 
682   HRV0ME    (0)    7 :  0.997 0.003 
683    M2CHJ    (5)    7 :  0.997 0.003 
684    M2CHM    (5)    7 :  0.978 0.022 
685    M2CHY   (10)    7 :  0.997 0.003 
686    W23E8    (0)    7 :  0.998 0.002 
687    W23EM    (0)    7 :  0.998 0.002 
688    W23EX    (0)    7 :  0.998 0.002 
689    W23F0    (0)    7 :  0.998 0.002 
690    W26L5    (0)    7 :  0.969 0.031 
691    W26LM    (0)    7 :  0.863 0.137 
692    W26MJ    (0)    7 :  0.920 0.080 
693    W26ML    (0)    7 :  0.998 0.002 
694    W26MT    (0)    7 :  0.999 0.001 
695    W26PE    (5)    7 :  0.834 0.166 
696    W26PJ    (0)    7 :  0.874 0.126 
697    W26PT    (0)    7 :  0.998 0.002 
698    W26PX   (10)    7 :  0.991 0.009 
699    W26T0    (5)    7 :  0.997 0.003 
700    W26TC    (0)    7 :  0.999 0.001 
701    W26TJ    (5)    7 :  0.927 0.073 
702    W26UE    (5)    7 :  0.997 0.003 
703    W26UF    (0)    7 :  0.998 0.002 
704    W26UL    (0)    7 :  0.988 0.012 
705    W26X2    (0)    7 :  0.997 0.003 
706    W2716    (0)    7 :  0.968 0.032 
707   HRV1C6    (0)    7 :  0.999 0.001 
708   HRV1CX    (0)    7 :  0.996 0.004 
709   HRV1E2    (0)    7 :  0.999 0.001 
710   HRV1E4    (0)    7 :  0.999 0.001 
711   HRV1E5    (0)    7 :  0.999 0.001 
712   HRV1EC    (0)    7 :  0.998 0.002 
713   HRV1EK    (0)    7 :  0.995 0.005 
714   HRV001    (0)    7 :  0.998 0.002 
715   HRV00H    (0)    7 :  0.998 0.002 
716   HRV00K    (0)    7 :  0.998 0.002 
717   HRV01X    (0)    7 :  0.998 0.002 
718   HRV025    (0)    7 :  0.997 0.003 
719   HRV028    (0)    7 :  0.998 0.002 
720   HRV041    (0)    7 :  0.998 0.002 
721   HRV04F    (0)    7 :  0.998 0.002 
722   HRV04L    (0)    7 :  0.999 0.001 
723   HRV055    (0)    7 :  0.999 0.001 
724   HRV05J    (0)    7 :  0.998 0.002 
725   HRV07J    (0)    7 :  0.999 0.001 
726   HRV07K    (0)    7 :  0.991 0.009 
727   HRV07L    (0)    7 :  0.992 0.008 
728   HRV07M    (0)    7 :  0.999 0.001 
729   HRV0HM    (0)    7 :  0.990 0.010 
730   HRV0J2    (0)    7 :  0.999 0.001 
731   HRV0K3    (0)    7 :  0.998 0.002 
732   HRV0KE    (0)    7 :  0.998 0.002 
733   HRV0KF    (0)    7 :  0.997 0.003 
734   HRV0KU    (0)    7 :  0.993 0.007 
735   HRV0L6    (0)    7 :  0.998 0.002 
736   HRV0M2    (0)    7 :  0.997 0.003 
737   HRV0MF    (0)    7 :  0.998 0.002 
738   HRV0MJ    (0)    7 :  0.993 0.007 
739   HRV1AT    (0)    7 :  0.998 0.002 
740   HRV1C1    (0)    7 :  0.998 0.002 
741   HRV1CL    (0)    7 :  0.998 0.002 
742   HRV1E1    (0)    7 :  0.998 0.002 
743   HRV1E7    (0)    7 :  0.998 0.002 
744   HRV1EE    (0)    7 :  0.998 0.002 
745   HRV1ET    (0)    7 :  0.999 0.001 


Estimated Allele Frequencies in each cluster
First column gives estimated ancestral frequencies


Locus 1 : Cl147 
22 alleles
0.0% missing data
  45   (0.100) 0.016 0.181 
  69   (0.094) 0.262 0.086 
  73   (0.126) 0.117 0.188 
  77   (0.078) 0.009 0.115 
  56   (0.066) 0.037 0.055 
  65   (0.054) 0.178 0.022 
  41   (0.062) 0.001 0.137 
  52   (0.080) 0.018 0.106 
  48   (0.041) 0.007 0.017 
  81   (0.022) 0.000 0.009 
  49   (0.030) 0.000 0.031 
  60   (0.044) 0.005 0.025 
  84   (0.024) 0.000 0.009 
  89   (0.023) 0.000 0.010 
  61   (0.032) 0.013 0.005 
  44   (0.020) 0.241 0.001 
  85   (0.018) 0.004 0.001 
  72   (0.016) 0.003 0.001 
  68   (0.019) 0.082 0.001 
  80   (0.018) 0.002 0.001 
 801   (0.016) 0.003 0.001 
  40   (0.016) 0.001 0.000 

Locus 2 : Cl233 
31 alleles
0.0% missing data
  63   (0.096) 0.151 0.162 
  85   (0.054) 0.010 0.065 
  73   (0.029) 0.000 0.042 
  79   (0.030) 0.000 0.045 
  71   (0.078) 0.032 0.140 
  77   (0.028) 0.000 0.036 
  75   (0.050) 0.007 0.053 
  67   (0.078) 0.184 0.098 
  55   (0.060) 0.399 0.039 
  59   (0.054) 0.198 0.035 
  81   (0.035) 0.000 0.077 
  83   (0.028) 0.000 0.036 
  93   (0.022) 0.000 0.013 
 101   (0.020) 0.000 0.010 
  69   (0.021) 0.000 0.012 
  51   (0.043) 0.007 0.032 
 100   (0.022) 0.000 0.014 
  92   (0.018) 0.000 0.006 
1121   (0.018) 0.000 0.006 
1001   (0.016) 0.000 0.003 
  89   (0.023) 0.000 0.018 
 711   (0.017) 0.000 0.005 
 116   (0.019) 0.000 0.007 
  80   (0.014) 0.000 0.002 
  43   (0.018) 0.000 0.006 
  84   (0.016) 0.000 0.003 
  88   (0.023) 0.000 0.017 
 104   (0.020) 0.000 0.009 
  97   (0.018) 0.000 0.006 
 791   (0.014) 0.000 0.002 
  35   (0.016) 0.008 0.001 

Locus 3 : Cl264 
29 alleles
0.3% missing data
  65   (0.071) 0.119 0.089 
 651   (0.091) 0.041 0.202 
 691   (0.077) 0.055 0.131 
  57   (0.030) 0.042 0.005 
  61   (0.037) 0.198 0.010 
 731   (0.045) 0.001 0.101 
 811   (0.025) 0.000 0.028 
 611   (0.052) 0.057 0.043 
  69   (0.080) 0.241 0.101 
  77   (0.040) 0.016 0.022 
  49   (0.032) 0.000 0.063 
  45   (0.021) 0.000 0.012 
 491   (0.032) 0.005 0.011 
 571   (0.024) 0.001 0.012 
 771   (0.030) 0.000 0.051 
  89   (0.025) 0.000 0.025 
 652   (0.017) 0.000 0.005 
  53   (0.041) 0.114 0.015 
  73   (0.049) 0.057 0.036 
  80   (0.018) 0.000 0.006 
 531   (0.032) 0.016 0.009 
 693   (0.016) 0.000 0.003 
  93   (0.017) 0.000 0.005 
  85   (0.022) 0.000 0.014 
  37   (0.017) 0.030 0.001 
 732   (0.014) 0.001 0.000 
  81   (0.014) 0.001 0.001 
 612   (0.014) 0.001 0.000 
 692   (0.015) 0.003 0.000 

Locus 4 : Cl274 
8 alleles
0.0% missing data
  61   (0.409) 0.351 0.485 
  57   (0.206) 0.494 0.161 
  65   (0.149) 0.034 0.165 
  53   (0.072) 0.003 0.062 
  69   (0.050) 0.000 0.060 
  73   (0.037) 0.000 0.027 
  49   (0.054) 0.001 0.040 
  45   (0.023) 0.117 0.001 

Locus 5 : Cl285 
36 alleles
0.3% missing data
  75   (0.073) 0.195 0.121 
  71   (0.086) 0.211 0.177 
 631   (0.027) 0.000 0.047 
  67   (0.075) 0.301 0.122 
  63   (0.057) 0.022 0.098 
  79   (0.054) 0.037 0.072 
 792   (0.033) 0.001 0.060 
 671   (0.051) 0.055 0.054 
 831   (0.044) 0.028 0.041 
 752   (0.051) 0.015 0.070 
  55   (0.023) 0.002 0.006 
1401   (0.016) 0.000 0.005 
  59   (0.034) 0.018 0.016 
 712   (0.025) 0.000 0.039 
 833   (0.020) 0.000 0.014 
1322   (0.017) 0.000 0.006 
 136   (0.030) 0.003 0.015 
 164   (0.016) 0.000 0.005 
 872   (0.014) 0.000 0.002 
1282   (0.017) 0.000 0.006 
 148   (0.018) 0.000 0.007 
 144   (0.018) 0.000 0.007 
 119   (0.015) 0.000 0.003 
1402   (0.014) 0.000 0.002 
1281   (0.014) 0.007 0.000 
1361   (0.015) 0.012 0.000 
 124   (0.013) 0.001 0.000 
 751   (0.015) 0.030 0.001 
 132   (0.015) 0.026 0.000 
1321   (0.015) 0.013 0.000 
 791   (0.015) 0.014 0.000 
  87   (0.013) 0.001 0.000 
 832   (0.014) 0.002 0.001 
1441   (0.015) 0.002 0.001 
 140   (0.014) 0.001 0.001 
 711   (0.014) 0.002 0.001 

Locus 6 : Cl291 
21 alleles
0.5% missing data
 641   (0.072) 0.010 0.083 
  72   (0.096) 0.191 0.085 
 682   (0.034) 0.000 0.041 
 801   (0.038) 0.000 0.053 
 681   (0.107) 0.010 0.209 
  76   (0.106) 0.079 0.125 
 722   (0.072) 0.002 0.135 
 601   (0.025) 0.000 0.013 
  80   (0.064) 0.012 0.056 
 761   (0.039) 0.057 0.008 
 762   (0.043) 0.000 0.075 
 721   (0.073) 0.102 0.052 
  84   (0.044) 0.002 0.038 
  64   (0.042) 0.330 0.007 
  68   (0.028) 0.171 0.002 
 843   (0.020) 0.000 0.005 
 881   (0.022) 0.000 0.008 
 803   (0.022) 0.004 0.004 
 763   (0.019) 0.014 0.001 
  60   (0.018) 0.010 0.001 
 841   (0.017) 0.003 0.001 

Locus 7 : Cl308 
52 alleles
0.0% missing data
  72   (0.059) 0.136 0.160 
  64   (0.041) 0.156 0.048 
  68   (0.052) 0.485 0.087 
 103   (0.018) 0.000 0.016 
  80   (0.034) 0.009 0.040 
  76   (0.054) 0.146 0.116 
1151   (0.019) 0.000 0.024 
 123   (0.019) 0.000 0.025 
 115   (0.019) 0.000 0.028 
  83   (0.025) 0.001 0.020 
1231   (0.018) 0.000 0.017 
1192   (0.013) 0.000 0.003 
 131   (0.018) 0.000 0.016 
1191   (0.015) 0.000 0.007 
 752   (0.013) 0.000 0.003 
 143   (0.016) 0.000 0.010 
  79   (0.022) 0.000 0.044 
 119   (0.018) 0.000 0.018 
1431   (0.020) 0.000 0.033 
1112   (0.021) 0.000 0.036 
1193   (0.018) 0.000 0.016 
1591   (0.014) 0.000 0.005 
1232   (0.012) 0.000 0.002 
 139   (0.017) 0.000 0.011 
1111   (0.016) 0.000 0.011 
 127   (0.015) 0.000 0.007 
1391   (0.018) 0.000 0.017 
 121   (0.015) 0.000 0.006 
1313   (0.014) 0.000 0.005 
1113   (0.013) 0.000 0.003 
  87   (0.023) 0.000 0.053 
1031   (0.013) 0.000 0.003 
 155   (0.017) 0.000 0.014 
1312   (0.015) 0.000 0.006 
1272   (0.012) 0.000 0.002 
 151   (0.017) 0.000 0.011 
1351   (0.016) 0.000 0.007 
 135   (0.012) 0.000 0.002 
1432   (0.012) 0.000 0.002 
1152   (0.017) 0.000 0.013 
1271   (0.015) 0.000 0.007 
1311   (0.013) 0.000 0.003 
1472   (0.014) 0.000 0.005 
 137   (0.014) 0.000 0.005 
  88   (0.016) 0.000 0.009 
  60   (0.024) 0.016 0.007 
 712   (0.016) 0.000 0.010 
1071   (0.012) 0.000 0.002 
 107   (0.014) 0.002 0.003 
  71   (0.013) 0.013 0.000 
 751   (0.014) 0.029 0.000 
  67   (0.013) 0.002 0.001 

Locus 8 : Cl330 
29 alleles
3.0% missing data
  52   (0.111) 0.023 0.295 
 601   (0.076) 0.012 0.142 
  40   (0.073) 0.076 0.085 
  72   (0.040) 0.004 0.023 
  56   (0.077) 0.016 0.136 
 481   (0.062) 0.196 0.042 
  61   (0.033) 0.000 0.050 
  80   (0.018) 0.000 0.005 
 681   (0.038) 0.003 0.023 
  64   (0.058) 0.009 0.066 
  57   (0.021) 0.000 0.007 
  75   (0.021) 0.000 0.009 
  71   (0.022) 0.000 0.009 
  28   (0.046) 0.238 0.015 
  65   (0.024) 0.000 0.014 
 441   (0.052) 0.063 0.029 
  36   (0.029) 0.000 0.031 
  79   (0.019) 0.000 0.005 
  73   (0.019) 0.000 0.006 
 602   (0.017) 0.000 0.003 
  44   (0.019) 0.181 0.001 
  67   (0.017) 0.028 0.001 
  48   (0.018) 0.125 0.001 
 711   (0.015) 0.003 0.001 
 641   (0.015) 0.001 0.000 
  60   (0.014) 0.001 0.000 
  68   (0.014) 0.001 0.001 
 521   (0.016) 0.011 0.000 
  62   (0.015) 0.007 0.000 

Locus 9 : Cl344 
15 alleles
7.9% missing data
  56   (0.273) 0.070 0.469 
  60   (0.190) 0.085 0.251 
  48   (0.020) 0.000 0.003 
  76   (0.029) 0.000 0.015 
  64   (0.132) 0.360 0.097 
  72   (0.081) 0.011 0.075 
 761   (0.024) 0.000 0.008 
 641   (0.030) 0.000 0.018 
  68   (0.063) 0.038 0.029 
 601   (0.030) 0.000 0.018 
  52   (0.040) 0.357 0.004 
 681   (0.021) 0.000 0.005 
 721   (0.024) 0.000 0.008 
 561   (0.021) 0.042 0.001 
 521   (0.020) 0.036 0.001 

Locus 10 : Cl366 
8 alleles
0.1% missing data
  80   (0.310) 0.379 0.342 
  92   (0.039) 0.000 0.035 
  76   (0.226) 0.237 0.233 
  88   (0.064) 0.000 0.115 
  84   (0.128) 0.054 0.119 
  72   (0.178) 0.320 0.148 
  64   (0.033) 0.008 0.004 
  68   (0.022) 0.002 0.003 

Locus 11 : Cl375 
15 alleles
0.0% missing data
 491   (0.095) 0.104 0.090 
  53   (0.188) 0.363 0.252 
 612   (0.056) 0.021 0.032 
  57   (0.165) 0.103 0.267 
  45   (0.073) 0.127 0.045 
  61   (0.129) 0.186 0.150 
 651   (0.035) 0.000 0.032 
  69   (0.034) 0.000 0.036 
 571   (0.063) 0.015 0.048 
  65   (0.048) 0.003 0.036 
  37   (0.018) 0.000 0.003 
 691   (0.029) 0.005 0.004 
 531   (0.032) 0.049 0.004 
  49   (0.018) 0.019 0.001 
 532   (0.016) 0.001 0.001 

Locus 12 : Cl408 
13 alleles
0.4% missing data
  62   (0.220) 0.093 0.307 
  74   (0.043) 0.000 0.052 
  50   (0.070) 0.272 0.024 
  58   (0.112) 0.087 0.093 
  66   (0.169) 0.030 0.254 
  70   (0.046) 0.000 0.060 
  54   (0.162) 0.161 0.164 
  78   (0.024) 0.000 0.008 
  79   (0.020) 0.000 0.003 
  75   (0.070) 0.094 0.030 
  82   (0.022) 0.000 0.005 
  46   (0.023) 0.252 0.001 
  34   (0.020) 0.010 0.001 

Locus 13 : Cl507 
22 alleles
0.0% missing data
  70   (0.080) 0.069 0.074 
  94   (0.033) 0.000 0.029 
  74   (0.069) 0.016 0.070 
  54   (0.068) 0.063 0.049 
  82   (0.085) 0.002 0.214 
  90   (0.060) 0.008 0.056 
  86   (0.046) 0.000 0.094 
 701   (0.024) 0.000 0.012 
  78   (0.047) 0.001 0.085 
  62   (0.099) 0.334 0.084 
 741   (0.039) 0.000 0.058 
  66   (0.096) 0.286 0.082 
 661   (0.026) 0.000 0.014 
  58   (0.050) 0.152 0.016 
  98   (0.033) 0.001 0.018 
 781   (0.027) 0.000 0.018 
 141   (0.025) 0.000 0.014 
 102   (0.021) 0.000 0.007 
 106   (0.018) 0.000 0.003 
  50   (0.019) 0.017 0.001 
 621   (0.019) 0.046 0.001 
 702   (0.017) 0.004 0.001 

Locus 14 : Cl527 
30 alleles
0.3% missing data
  62   (0.078) 0.028 0.110 
 622   (0.020) 0.000 0.007 
 461   (0.033) 0.006 0.008 
  82   (0.017) 0.000 0.003 
 661   (0.045) 0.000 0.112 
  70   (0.038) 0.000 0.074 
 581   (0.059) 0.029 0.050 
 701   (0.039) 0.000 0.081 
 501   (0.030) 0.000 0.037 
  66   (0.087) 0.166 0.095 
 741   (0.030) 0.000 0.035 
  58   (0.082) 0.032 0.124 
 541   (0.036) 0.000 0.067 
  74   (0.032) 0.007 0.008 
 621   (0.042) 0.000 0.097 
  78   (0.027) 0.000 0.023 
 781   (0.020) 0.000 0.007 
 462   (0.024) 0.000 0.014 
  67   (0.024) 0.000 0.013 
  54   (0.034) 0.178 0.005 
  50   (0.048) 0.247 0.017 
  63   (0.019) 0.000 0.006 
  26   (0.016) 0.009 0.001 
  61   (0.018) 0.052 0.001 
  53   (0.016) 0.005 0.001 
  46   (0.018) 0.084 0.001 
  42   (0.019) 0.129 0.001 
  65   (0.017) 0.014 0.001 
 582   (0.016) 0.002 0.001 
  57   (0.017) 0.009 0.001 

Locus 15 : Cl380 
21 alleles
7.0% missing data
 671   (0.102) 0.142 0.121 
 672   (0.097) 0.184 0.102 
 751   (0.031) 0.000 0.033 
  71   (0.046) 0.001 0.072 
  79   (0.166) 0.428 0.240 
  75   (0.088) 0.036 0.119 
 711   (0.051) 0.000 0.136 
  67   (0.036) 0.001 0.020 
 791   (0.018) 0.000 0.003 
 591   (0.044) 0.010 0.021 
 552   (0.034) 0.000 0.042 
 792   (0.024) 0.000 0.013 
 593   (0.026) 0.000 0.016 
  59   (0.037) 0.010 0.011 
 631   (0.038) 0.022 0.010 
 833   (0.047) 0.029 0.021 
 712   (0.021) 0.000 0.008 
  63   (0.040) 0.042 0.011 
 551   (0.020) 0.080 0.001 
 592   (0.017) 0.006 0.001 
 632   (0.017) 0.006 0.001 

Locus 16 : Lup02 
6 alleles
0.4% missing data
  56   (0.494) 0.663 0.496 
  60   (0.175) 0.042 0.191 
  52   (0.166) 0.208 0.122 
  48   (0.111) 0.002 0.177 
 561   (0.030) 0.000 0.013 
  64   (0.023) 0.085 0.001 

Locus 17 : Lup13 
5 alleles
0.0% missing data
  57   (0.303) 0.618 0.243 
  61   (0.397) 0.220 0.450 
  65   (0.077) 0.001 0.131 
  53   (0.201) 0.156 0.175 
  69   (0.021) 0.005 0.001 

Locus 18 : Lup20 
9 alleles
1.9% missing data
  56   (0.450) 0.188 0.655 
 601   (0.110) 0.014 0.116 
  60   (0.178) 0.450 0.131 
  68   (0.070) 0.213 0.022 
  64   (0.086) 0.062 0.048 
  72   (0.033) 0.001 0.008 
 681   (0.022) 0.000 0.005 
 641   (0.029) 0.000 0.013 
  52   (0.022) 0.071 0.001 

Locus 19 : Lup21 
11 alleles
0.1% missing data
  41   (0.284) 0.085 0.378 
  57   (0.248) 0.142 0.277 
  53   (0.190) 0.409 0.143 
  37   (0.031) 0.000 0.015 
  45   (0.080) 0.001 0.158 
 531   (0.025) 0.000 0.008 
 611   (0.047) 0.029 0.010 
 491   (0.027) 0.000 0.009 
  49   (0.024) 0.211 0.001 
  61   (0.023) 0.083 0.001 
 612   (0.022) 0.040 0.001 

Locus 20 : Lup23 
6 alleles
0.0% missing data
  59   (0.263) 0.325 0.194 
  63   (0.631) 0.157 0.785 
  67   (0.036) 0.000 0.019 
  55   (0.027) 0.502 0.001 
  51   (0.022) 0.010 0.001 
 671   (0.021) 0.005 0.001 

Values of parameters used in structure:
DATAFILE=/home/eva.pavlovic/data_job_1c_2_3,	OUTFILE=/home/eva.pavlovic/ParallelStructure/26_results_20MS/1c_NDinaric_empirical_Sim_dog/1c_NDinaric_empirical_Sim_dog_2/results_job_1c_2_3,	NUMINDS=745,	NUMLOCI=20,	MISSING=-9,	LABEL=1,	POPDATA=1,	POPFLAG=0,	PHENOTYPE=0,	EXTRACOLS=0,	MAXPOPS=2,	BURNIN=300000,	NUMREPS=3000000,	USEPOPINFO=0,	INFERALPHA=1,	INFERLAMBDA=0,	POPSPECIFICLAMBDA=0,	POPALPHAS=0,	COMPUTEPROB=1,	NOADMIX=0,	ADMBURNIN=2500,	UPDATEFREQ=1,	PRINTLIKES=0,	INTERMEDSAVE=0,	PRINTKLD=0,	PRINTNET=0,	PRINTLAMBDA=0,	ANCESTDIST=0,	NUMBOXES=1000,	ANCESTPINT=0.90000,	GENSBACK=2,	MIGRPRIOR=0.05000,	PRINTQHAT=1,	PRINTQSUM=0,	ALPHA=1.0000,	FREQSCORR=1,	FPRIORMEAN=0.0100,	FPRIORSD=0.0500,	ONEFST=0,	LAMBDA=1.0000,	UNIFPRIORALPHA=1,	ALPHAMAX=10.0000,	ALPHAPRIORA=1.0000,	ALPHAPRIORB=2.0000,	ALPHAPROPSD=0.0250,	STARTATPOPINFO=0,	RANDOMIZE=1,	LINKAGE=0,	METROFREQ=10,	REPORTHITRATE=0,	MARKOVPHASE=-1,	PHASED=0,	PLOIDY=2,	PHASEINFO=0	LOCPRIOR=0, 	LOCPRIORINIT=1.000000, 	LOCDATA=0, 	LOCISPOP=0, 	LOCPRIORSTEP=0.100000, 	MAXLOCPRIOR=20.000000, 	SEED=1773685094,	
[STRAT parameters]:    NUMSIMSTATS=1000,	PHENOTYPECOL=-9,	POOLFREQ=10,	LOCUSxONLY=0,	EMERROR=0.00100,	MISSINGPHENO=-9,	