1 1 (5) 1 : 0.004 0.007 0.005 0.984
2 2 (5) 1 : 0.009 0.010 0.009 0.973
3 3 (5) 1 : 0.003 0.004 0.003 0.990
4 4 (0) 1 : 0.002 0.004 0.003 0.991
5 5 (0) 1 : 0.011 0.044 0.024 0.921
6 6 (0) 1 : 0.003 0.006 0.004 0.987
7 7 (0) 1 : 0.081 0.003 0.011 0.905
8 8 (5) 1 : 0.002 0.003 0.003 0.992
9 9 (0) 1 : 0.002 0.002 0.002 0.993
10 10 (0) 1 : 0.015 0.004 0.007 0.974
11 11 (0) 1 : 0.006 0.003 0.004 0.986
12 12 (0) 1 : 0.007 0.003 0.006 0.984
13 13 (0) 1 : 0.003 0.002 0.004 0.992
14 14 (0) 1 : 0.004 0.004 0.004 0.988
15 15 (0) 1 : 0.003 0.003 0.006 0.988
16 16 (0) 1 : 0.002 0.004 0.003 0.991
17 17 (0) 1 : 0.002 0.002 0.002 0.994
18 18 (0) 1 : 0.006 0.006 0.012 0.976
19 19 (0) 1 : 0.002 0.008 0.003 0.987
20 20 (0) 1 : 0.016 0.007 0.014 0.963
21 21 (0) 1 : 0.002 0.002 0.002 0.993
22 22 (0) 1 : 0.002 0.004 0.002 0.992
23 23 (0) 1 : 0.002 0.007 0.002 0.989
24 24 (0) 1 : 0.002 0.012 0.004 0.982
25 25 (0) 1 : 0.016 0.003 0.006 0.975
26 26 (0) 1 : 0.003 0.003 0.003 0.991
27 27 (5) 1 : 0.014 0.010 0.013 0.963
28 28 (0) 1 : 0.004 0.005 0.007 0.984
29 29 (0) 1 : 0.002 0.004 0.003 0.991
30 30 (0) 1 : 0.011 0.016 0.007 0.966
31 31 (0) 1 : 0.003 0.005 0.003 0.990
32 32 (0) 1 : 0.004 0.004 0.044 0.948
33 33 (0) 1 : 0.002 0.003 0.003 0.992
34 34 (0) 1 : 0.002 0.008 0.002 0.988
35 35 (0) 1 : 0.006 0.039 0.009 0.946
36 36 (0) 1 : 0.003 0.005 0.016 0.975
37 37 (0) 1 : 0.008 0.004 0.006 0.982
38 38 (0) 1 : 0.004 0.003 0.004 0.989
39 39 (0) 1 : 0.008 0.004 0.010 0.978
40 40 (0) 1 : 0.003 0.006 0.004 0.987
41 41 (0) 1 : 0.003 0.003 0.004 0.990
42 42 (0) 1 : 0.002 0.003 0.002 0.994
43 43 (0) 1 : 0.004 0.003 0.003 0.990
44 44 (0) 1 : 0.002 0.002 0.002 0.994
45 45 (5) 1 : 0.006 0.003 0.007 0.984
46 46 (0) 1 : 0.002 0.004 0.002 0.992
47 47 (0) 1 : 0.005 0.004 0.005 0.987
48 48 (0) 1 : 0.005 0.006 0.004 0.985
49 49 (0) 1 : 0.005 0.002 0.006 0.987
50 50 (0) 1 : 0.004 0.003 0.003 0.990
51 51 (0) 1 : 0.005 0.003 0.003 0.988
52 52 (0) 1 : 0.013 0.008 0.009 0.970
53 53 (0) 1 : 0.007 0.030 0.003 0.960
54 54 (0) 1 : 0.005 0.004 0.004 0.988
55 55 (0) 1 : 0.005 0.003 0.003 0.990
56 56 (0) 1 : 0.003 0.003 0.003 0.991
57 57 (10) 1 : 0.003 0.003 0.007 0.988
58 58 (5) 1 : 0.005 0.004 0.006 0.986
59 59 (0) 1 : 0.004 0.008 0.003 0.985
60 60 (0) 1 : 0.003 0.002 0.003 0.992
61 61 (0) 1 : 0.004 0.005 0.003 0.987
62 62 (0) 1 : 0.006 0.009 0.005 0.980
63 63 (0) 1 : 0.006 0.004 0.005 0.985
64 64 (0) 1 : 0.004 0.005 0.003 0.989
65 65 (0) 1 : 0.009 0.003 0.027 0.960
66 66 (0) 1 : 0.002 0.005 0.008 0.984
67 67 (5) 1 : 0.004 0.009 0.008 0.978
68 68 (0) 1 : 0.011 0.010 0.005 0.973
69 69 (0) 1 : 0.009 0.002 0.003 0.986
70 70 (0) 1 : 0.005 0.003 0.006 0.986
71 71 (5) 1 : 0.005 0.007 0.008 0.980
72 72 (0) 1 : 0.005 0.003 0.005 0.986
73 73 (5) 1 : 0.003 0.007 0.003 0.986
74 74 (10) 1 : 0.006 0.005 0.006 0.983
75 75 (10) 1 : 0.004 0.006 0.004 0.986
76 76 (0) 1 : 0.002 0.054 0.006 0.937
77 77 (10) 1 : 0.003 0.013 0.003 0.981
78 78 (0) 1 : 0.004 0.099 0.006 0.891
79 79 (5) 1 : 0.005 0.007 0.004 0.984
80 80 (0) 1 : 0.002 0.002 0.002 0.993
81 81 (0) 1 : 0.002 0.003 0.002 0.992
82 82 (0) 1 : 0.002 0.002 0.002 0.993
83 83 (0) 1 : 0.005 0.015 0.005 0.976
84 84 (0) 1 : 0.007 0.003 0.007 0.983
85 85 (0) 1 : 0.003 0.002 0.002 0.993
86 86 (5) 1 : 0.003 0.003 0.002 0.992
87 87 (0) 1 : 0.003 0.002 0.004 0.991
88 88 (0) 1 : 0.006 0.119 0.022 0.853
89 89 (0) 1 : 0.003 0.006 0.010 0.981
90 90 (0) 1 : 0.005 0.005 0.010 0.980
91 91 (0) 1 : 0.004 0.006 0.004 0.987
92 92 (0) 1 : 0.008 0.005 0.012 0.975
93 93 (0) 1 : 0.002 0.003 0.002 0.993
94 94 (5) 1 : 0.003 0.019 0.006 0.972
95 95 (0) 1 : 0.003 0.004 0.003 0.991
96 96 (5) 1 : 0.003 0.003 0.002 0.992
97 97 (0) 1 : 0.007 0.004 0.004 0.985
98 98 (0) 1 : 0.004 0.004 0.004 0.987
99 99 (5) 1 : 0.003 0.003 0.004 0.991
100 100 (5) 1 : 0.002 0.002 0.002 0.993
101 101 (5) 2 : 0.380 0.004 0.006 0.611
102 102 (0) 2 : 0.473 0.110 0.034 0.383
103 103 (0) 2 : 0.345 0.101 0.008 0.545
104 104 (5) 2 : 0.347 0.145 0.006 0.502
105 105 (5) 2 : 0.489 0.036 0.013 0.461
106 106 (0) 2 : 0.496 0.110 0.009 0.385
107 107 (0) 3 : 0.700 0.281 0.008 0.011
108 108 (0) 3 : 0.388 0.582 0.007 0.023
109 109 (10) 4 : 0.679 0.303 0.015 0.003
110 110 (5) 4 : 0.929 0.040 0.025 0.006
111 111 (5) 4 : 0.013 0.977 0.007 0.004
112 112 (5) 4 : 0.965 0.004 0.028 0.003
113 113 (10) 4 : 0.029 0.960 0.008 0.002
114 114 (5) 4 : 0.005 0.985 0.007 0.003
115 115 (10) 4 : 0.213 0.767 0.017 0.003
116 116 (0) 4 : 0.845 0.013 0.128 0.015
117 117 (0) 4 : 0.841 0.135 0.008 0.016
118 118 (0) 4 : 0.986 0.003 0.008 0.003
119 119 (0) 4 : 0.784 0.012 0.180 0.024
120 120 (0) 4 : 0.812 0.044 0.009 0.135
121 121 (0) 4 : 0.876 0.097 0.009 0.018
122 122 (0) 4 : 0.254 0.732 0.011 0.003
123 123 (0) 4 : 0.485 0.505 0.006 0.003
124 124 (0) 4 : 0.266 0.705 0.025 0.003
125 125 (0) 4 : 0.434 0.548 0.014 0.004
126 126 (0) 4 : 0.071 0.909 0.013 0.008
127 127 (0) 4 : 0.978 0.005 0.011 0.006
128 128 (5) 4 : 0.970 0.003 0.008 0.019
129 129 (0) 4 : 0.564 0.428 0.004 0.004
130 130 (0) 4 : 0.470 0.472 0.018 0.040
131 131 (5) 4 : 0.611 0.190 0.163 0.036
132 132 (5) 4 : 0.978 0.003 0.008 0.011
133 133 (0) 4 : 0.682 0.127 0.045 0.146
134 134 (0) 4 : 0.894 0.004 0.020 0.082
135 135 (0) 4 : 0.765 0.077 0.134 0.025
136 136 (0) 4 : 0.984 0.005 0.007 0.004
137 137 (0) 4 : 0.989 0.004 0.005 0.002
138 138 (0) 4 : 0.978 0.011 0.007 0.004
139 139 (0) 4 : 0.993 0.002 0.004 0.002
140 140 (0) 4 : 0.961 0.005 0.024 0.010
141 141 (0) 4 : 0.653 0.303 0.007 0.037
142 142 (0) 4 : 0.320 0.670 0.007 0.003
143 143 (0) 4 : 0.965 0.008 0.005 0.022
144 144 (0) 4 : 0.811 0.117 0.004 0.068
145 145 (0) 4 : 0.018 0.931 0.005 0.046
146 146 (0) 4 : 0.990 0.004 0.004 0.003
147 147 (0) 4 : 0.663 0.298 0.006 0.034
148 148 (0) 4 : 0.552 0.425 0.009 0.014
149 149 (0) 4 : 0.796 0.166 0.033 0.004
150 150 (0) 4 : 0.566 0.390 0.041 0.003
151 151 (10) 5 : 0.975 0.007 0.016 0.003
152 152 (0) 5 : 0.696 0.294 0.006 0.004
153 153 (0) 5 : 0.937 0.004 0.008 0.051
154 154 (0) 5 : 0.988 0.004 0.005 0.003
155 155 (0) 5 : 0.652 0.337 0.008 0.004
156 156 (5) 5 : 0.452 0.525 0.020 0.003
157 157 (0) 5 : 0.977 0.004 0.015 0.003
158 158 (0) 5 : 0.988 0.004 0.004 0.004
159 159 (0) 5 : 0.982 0.006 0.010 0.002
160 160 (0) 5 : 0.823 0.058 0.074 0.045
161 161 (0) 5 : 0.717 0.009 0.270 0.004
162 162 (0) 5 : 0.991 0.003 0.004 0.002
163 163 (0) 5 : 0.956 0.003 0.038 0.002
164 164 (0) 5 : 0.975 0.015 0.006 0.004
165 165 (5) 5 : 0.990 0.002 0.005 0.002
166 166 (0) 5 : 0.987 0.003 0.006 0.004
167 167 (0) 5 : 0.985 0.004 0.006 0.005
168 168 (0) 5 : 0.991 0.003 0.004 0.002
169 169 (0) 5 : 0.980 0.012 0.005 0.003
170 170 (0) 5 : 0.994 0.002 0.002 0.002
171 171 (0) 5 : 0.987 0.005 0.005 0.002
172 172 (5) 5 : 0.984 0.005 0.008 0.003
173 173 (5) 5 : 0.972 0.006 0.016 0.006
174 174 (5) 5 : 0.906 0.021 0.063 0.010
175 175 (0) 5 : 0.973 0.014 0.005 0.008
176 176 (0) 5 : 0.960 0.003 0.034 0.002
177 177 (0) 5 : 0.977 0.008 0.012 0.002
178 178 (0) 5 : 0.977 0.012 0.004 0.007
179 179 (0) 5 : 0.990 0.005 0.003 0.002
180 180 (0) 5 : 0.988 0.004 0.004 0.004
181 181 (0) 5 : 0.986 0.004 0.006 0.005
182 182 (0) 5 : 0.989 0.003 0.006 0.002
183 183 (0) 5 : 0.987 0.007 0.004 0.002
184 184 (0) 5 : 0.958 0.009 0.027 0.006
185 185 (0) 5 : 0.904 0.073 0.018 0.005
186 186 (0) 5 : 0.991 0.003 0.003 0.003
187 187 (5) 5 : 0.964 0.017 0.014 0.005
188 188 (0) 5 : 0.983 0.007 0.004 0.006
189 189 (0) 5 : 0.985 0.005 0.008 0.002
190 190 (0) 5 : 0.987 0.003 0.006 0.004
191 191 (0) 5 : 0.986 0.005 0.006 0.003
192 192 (0) 5 : 0.989 0.003 0.005 0.003
193 193 (5) 5 : 0.991 0.003 0.003 0.002
194 194 (5) 5 : 0.980 0.011 0.005 0.004
195 195 (5) 5 : 0.985 0.007 0.005 0.003
196 196 (5) 5 : 0.988 0.004 0.004 0.004
197 197 (5) 5 : 0.986 0.003 0.006 0.004
198 198 (5) 5 : 0.984 0.005 0.004 0.007
199 199 (0) 5 : 0.872 0.013 0.110 0.005
200 200 (5) 5 : 0.990 0.004 0.004 0.002
201 201 (0) 5 : 0.029 0.037 0.930 0.003
202 202 (0) 5 : 0.168 0.016 0.807 0.009
203 203 (0) 5 : 0.985 0.004 0.009 0.002
204 204 (0) 5 : 0.991 0.003 0.004 0.002
205 205 (0) 5 : 0.966 0.017 0.013 0.004
206 206 (0) 5 : 0.983 0.004 0.011 0.002
207 207 (0) 5 : 0.989 0.003 0.006 0.002
208 208 (0) 5 : 0.967 0.005 0.024 0.004
209 209 (0) 5 : 0.961 0.004 0.032 0.002
210 210 (0) 5 : 0.984 0.004 0.009 0.003
211 211 (0) 5 : 0.644 0.324 0.030 0.003
212 212 (0) 5 : 0.003 0.991 0.003 0.003
213 213 (0) 5 : 0.990 0.003 0.006 0.002
214 214 (0) 5 : 0.982 0.005 0.011 0.002
215 215 (0) 5 : 0.977 0.004 0.016 0.003
216 216 (0) 5 : 0.853 0.122 0.022 0.004
217 217 (0) 5 : 0.986 0.006 0.005 0.003
218 218 (0) 5 : 0.879 0.099 0.014 0.008
219 219 (0) 5 : 0.960 0.020 0.016 0.004
220 220 (0) 5 : 0.864 0.121 0.012 0.003
221 221 (0) 5 : 0.991 0.004 0.003 0.002
222 222 (0) 5 : 0.993 0.003 0.003 0.002
223 223 (0) 5 : 0.979 0.005 0.011 0.005
224 224 (0) 5 : 0.880 0.105 0.010 0.004
225 225 (0) 5 : 0.983 0.006 0.008 0.003
226 226 (0) 5 : 0.951 0.006 0.040 0.002
227 227 (0) 5 : 0.975 0.006 0.016 0.003
228 228 (0) 5 : 0.988 0.004 0.005 0.003
229 229 (0) 5 : 0.984 0.005 0.007 0.004
230 230 (0) 5 : 0.963 0.008 0.026 0.004
231 231 (0) 5 : 0.388 0.006 0.602 0.003
232 232 (0) 5 : 0.987 0.006 0.004 0.003
233 233 (0) 5 : 0.986 0.007 0.004 0.003
234 234 (0) 5 : 0.988 0.005 0.004 0.003
235 235 (0) 5 : 0.990 0.005 0.003 0.002
236 236 (0) 5 : 0.980 0.012 0.004 0.004
237 237 (0) 5 : 0.988 0.006 0.003 0.002
238 238 (0) 5 : 0.978 0.003 0.016 0.002
239 239 (0) 5 : 0.975 0.003 0.020 0.002
240 240 (0) 5 : 0.988 0.005 0.006 0.002
241 241 (0) 5 : 0.979 0.006 0.013 0.003
242 242 (0) 5 : 0.985 0.007 0.004 0.005
243 243 (10) 5 : 0.457 0.013 0.525 0.005
244 244 (0) 5 : 0.990 0.004 0.004 0.003
245 245 (0) 5 : 0.987 0.006 0.004 0.002
246 246 (0) 5 : 0.932 0.049 0.015 0.004
247 247 (0) 5 : 0.983 0.007 0.006 0.004
248 248 (0) 5 : 0.951 0.032 0.010 0.007
249 249 (0) 5 : 0.989 0.006 0.004 0.002
250 250 (0) 5 : 0.960 0.009 0.028 0.003
251 251 (0) 5 : 0.994 0.002 0.002 0.002
252 252 (0) 5 : 0.993 0.002 0.003 0.001
253 253 (0) 5 : 0.978 0.005 0.011 0.006
254 254 (0) 5 : 0.993 0.003 0.003 0.002
255 255 (0) 5 : 0.993 0.002 0.003 0.002
256 256 (0) 6 : 0.923 0.006 0.027 0.044
257 257 (10) 6 : 0.971 0.004 0.014 0.011
258 258 (10) 6 : 0.848 0.131 0.016 0.005
259 259 (5) 6 : 0.991 0.003 0.003 0.002
260 260 (5) 6 : 0.989 0.003 0.005 0.003
261 261 (0) 6 : 0.986 0.006 0.007 0.002
262 262 (5) 6 : 0.989 0.005 0.004 0.003
263 263 (5) 6 : 0.989 0.003 0.006 0.003
264 264 (0) 6 : 0.993 0.002 0.003 0.002
265 265 (0) 6 : 0.991 0.003 0.005 0.002
266 266 (0) 6 : 0.991 0.003 0.005 0.002
267 267 (0) 6 : 0.753 0.007 0.237 0.002
268 268 (0) 6 : 0.988 0.005 0.005 0.002
269 269 (5) 6 : 0.988 0.004 0.006 0.002
270 270 (5) 6 : 0.973 0.009 0.006 0.012
271 271 (10) 6 : 0.935 0.004 0.056 0.004
272 272 (0) 6 : 0.983 0.005 0.010 0.002
273 273 (5) 6 : 0.904 0.008 0.076 0.012
274 274 (5) 6 : 0.983 0.008 0.006 0.003
275 275 (0) 6 : 0.985 0.006 0.007 0.002
276 276 (5) 6 : 0.972 0.004 0.021 0.002
277 277 (0) 6 : 0.934 0.045 0.008 0.013
278 278 (5) 6 : 0.991 0.005 0.003 0.002
279 279 (0) 6 : 0.989 0.003 0.006 0.002
280 280 (0) 6 : 0.991 0.003 0.003 0.003
281 281 (0) 6 : 0.984 0.006 0.005 0.006
282 282 (0) 6 : 0.987 0.003 0.008 0.002
283 283 (0) 6 : 0.968 0.008 0.021 0.003
284 284 (0) 6 : 0.988 0.004 0.005 0.004
285 285 (0) 6 : 0.986 0.004 0.004 0.007
286 286 (0) 6 : 0.986 0.005 0.004 0.005
287 287 (0) 6 : 0.974 0.006 0.013 0.008
288 288 (0) 6 : 0.991 0.003 0.003 0.002
289 289 (0) 6 : 0.977 0.006 0.012 0.005
290 290 (0) 6 : 0.978 0.006 0.009 0.006
291 291 (0) 6 : 0.990 0.003 0.005 0.002
292 292 (0) 6 : 0.984 0.003 0.007 0.005
293 293 (0) 6 : 0.991 0.003 0.004 0.002
294 294 (5) 6 : 0.985 0.004 0.008 0.003
295 295 (5) 6 : 0.986 0.005 0.005 0.003
296 296 (0) 6 : 0.987 0.006 0.004 0.003
297 297 (15) 6 : 0.978 0.008 0.008 0.006
298 298 (10) 6 : 0.992 0.003 0.004 0.002
299 299 (10) 6 : 0.985 0.005 0.007 0.002
300 300 (10) 6 : 0.972 0.008 0.016 0.004
301 301 (5) 6 : 0.979 0.011 0.008 0.003
302 302 (5) 6 : 0.888 0.004 0.106 0.002
303 303 (5) 6 : 0.983 0.007 0.006 0.003
304 304 (5) 6 : 0.987 0.004 0.006 0.002
305 305 (5) 6 : 0.945 0.031 0.020 0.005
306 306 (5) 6 : 0.963 0.007 0.028 0.003
307 307 (15) 6 : 0.852 0.012 0.122 0.014
308 308 (5) 6 : 0.935 0.004 0.042 0.019
309 309 (5) 6 : 0.987 0.003 0.009 0.002
310 310 (15) 6 : 0.942 0.006 0.048 0.004
311 311 (5) 6 : 0.911 0.014 0.056 0.020
312 312 (5) 6 : 0.584 0.375 0.017 0.024
313 313 (5) 6 : 0.969 0.012 0.016 0.003
314 314 (5) 6 : 0.990 0.003 0.005 0.002
315 315 (10) 6 : 0.987 0.004 0.006 0.003
316 316 (5) 6 : 0.981 0.003 0.013 0.003
317 317 (5) 6 : 0.986 0.005 0.005 0.003
318 318 (10) 6 : 0.935 0.005 0.057 0.003
319 319 (10) 6 : 0.984 0.007 0.006 0.003
320 320 (10) 6 : 0.968 0.006 0.010 0.016
321 321 (10) 6 : 0.837 0.014 0.103 0.045
322 322 (5) 6 : 0.973 0.014 0.011 0.002
323 323 (10) 6 : 0.565 0.423 0.009 0.003
324 324 (0) 6 : 0.992 0.003 0.003 0.002
325 325 (5) 6 : 0.992 0.003 0.003 0.002
326 326 (0) 6 : 0.989 0.002 0.007 0.002
327 327 (0) 6 : 0.994 0.002 0.003 0.002
328 328 (0) 6 : 0.967 0.012 0.015 0.006
329 329 (0) 6 : 0.987 0.004 0.003 0.007
330 330 (0) 6 : 0.934 0.034 0.028 0.004
331 331 (0) 6 : 0.966 0.003 0.007 0.024
332 332 (0) 6 : 0.945 0.005 0.044 0.006
333 333 (10) 6 : 0.978 0.012 0.004 0.006
334 334 (10) 6 : 0.016 0.008 0.969 0.007
335 335 (0) 6 : 0.563 0.005 0.413 0.019
336 336 (5) 6 : 0.509 0.017 0.411 0.062
337 337 (0) 6 : 0.672 0.263 0.061 0.003
338 338 (5) 6 : 0.862 0.009 0.105 0.024
339 339 (5) 6 : 0.979 0.007 0.012 0.002
340 340 (5) 6 : 0.984 0.007 0.005 0.004
341 341 (10) 6 : 0.989 0.003 0.006 0.002
342 342 (0) 6 : 0.990 0.002 0.006 0.002
343 343 (0) 6 : 0.987 0.005 0.005 0.003
344 344 (0) 6 : 0.032 0.010 0.939 0.018
345 345 (0) 6 : 0.990 0.004 0.005 0.002
346 346 (0) 6 : 0.950 0.008 0.037 0.004
347 347 (0) 6 : 0.991 0.003 0.004 0.002
348 348 (0) 6 : 0.982 0.009 0.006 0.002
349 349 (0) 6 : 0.894 0.018 0.081 0.007
350 350 (0) 6 : 0.979 0.003 0.015 0.002
351 351 (0) 6 : 0.951 0.010 0.035 0.004
352 352 (0) 6 : 0.978 0.006 0.011 0.004
353 353 (0) 6 : 0.062 0.009 0.922 0.007
354 354 (0) 6 : 0.173 0.117 0.703 0.007
355 355 (0) 6 : 0.068 0.069 0.854 0.009
356 356 (0) 6 : 0.952 0.035 0.011 0.003
357 357 (0) 6 : 0.935 0.009 0.033 0.023
358 358 (0) 6 : 0.987 0.005 0.005 0.002
359 359 (5) 6 : 0.963 0.009 0.021 0.007
360 360 (0) 6 : 0.939 0.012 0.046 0.003
361 361 (5) 6 : 0.050 0.010 0.674 0.267
362 362 (0) 6 : 0.978 0.014 0.006 0.002
363 363 (0) 6 : 0.510 0.005 0.479 0.005
364 364 (0) 6 : 0.822 0.070 0.102 0.006
365 365 (0) 6 : 0.726 0.014 0.254 0.006
366 366 (0) 6 : 0.989 0.003 0.006 0.002
367 367 (0) 6 : 0.988 0.006 0.003 0.002
368 368 (0) 6 : 0.912 0.020 0.056 0.013
369 369 (0) 6 : 0.986 0.002 0.010 0.002
370 370 (0) 6 : 0.981 0.005 0.010 0.003
371 371 (0) 6 : 0.988 0.002 0.007 0.002
372 372 (0) 6 : 0.291 0.011 0.693 0.005
373 373 (0) 6 : 0.990 0.003 0.004 0.002
374 374 (0) 6 : 0.978 0.005 0.011 0.006
375 375 (5) 6 : 0.909 0.005 0.083 0.003
376 376 (0) 6 : 0.943 0.003 0.042 0.012
377 377 (0) 6 : 0.937 0.020 0.039 0.004
378 378 (0) 6 : 0.988 0.004 0.004 0.004
379 379 (10) 6 : 0.973 0.004 0.021 0.003
380 380 (0) 6 : 0.990 0.003 0.005 0.002
381 381 (0) 6 : 0.989 0.002 0.007 0.002
382 382 (0) 6 : 0.950 0.022 0.016 0.011
383 383 (10) 6 : 0.953 0.017 0.025 0.005
384 384 (5) 6 : 0.823 0.018 0.156 0.002
385 385 (0) 6 : 0.982 0.007 0.008 0.003
386 386 (5) 6 : 0.990 0.003 0.004 0.003
387 387 (5) 6 : 0.993 0.003 0.003 0.002
388 388 (10) 6 : 0.978 0.009 0.009 0.003
389 389 (0) 6 : 0.991 0.003 0.005 0.002
390 390 (5) 6 : 0.949 0.035 0.005 0.010
391 391 (10) 6 : 0.984 0.003 0.010 0.002
392 392 (0) 6 : 0.966 0.022 0.006 0.006
393 393 (0) 6 : 0.921 0.007 0.041 0.031
394 394 (0) 6 : 0.769 0.219 0.009 0.003
395 395 (0) 6 : 0.762 0.217 0.017 0.005
396 396 (0) 6 : 0.991 0.004 0.003 0.002
397 397 (0) 6 : 0.990 0.003 0.003 0.004
398 398 (0) 6 : 0.990 0.004 0.004 0.002
399 399 (0) 6 : 0.992 0.003 0.003 0.002
400 400 (0) 6 : 0.991 0.003 0.004 0.002
401 401 (5) 6 : 0.966 0.013 0.016 0.005
402 402 (0) 6 : 0.992 0.002 0.004 0.002
403 403 (0) 6 : 0.984 0.008 0.005 0.003
404 404 (0) 6 : 0.987 0.006 0.005 0.003
405 405 (5) 6 : 0.963 0.009 0.023 0.005
406 406 (0) 6 : 0.984 0.005 0.007 0.004
407 407 (0) 6 : 0.875 0.040 0.078 0.007
408 408 (0) 6 : 0.990 0.005 0.003 0.002
409 409 (0) 6 : 0.854 0.013 0.130 0.002
410 410 (0) 6 : 0.991 0.003 0.004 0.002
411 411 (0) 6 : 0.986 0.006 0.004 0.004
412 412 (0) 6 : 0.974 0.006 0.012 0.008
413 413 (0) 6 : 0.992 0.002 0.004 0.002
414 414 (0) 6 : 0.987 0.006 0.005 0.002
415 415 (0) 6 : 0.911 0.014 0.047 0.028
416 416 (0) 6 : 0.886 0.004 0.108 0.002
417 417 (0) 6 : 0.993 0.003 0.003 0.002
418 418 (0) 6 : 0.987 0.003 0.008 0.002
419 419 (0) 6 : 0.991 0.003 0.004 0.002
420 420 (0) 6 : 0.989 0.003 0.006 0.002
421 421 (0) 6 : 0.992 0.003 0.003 0.002
422 422 (0) 6 : 0.988 0.006 0.004 0.002
423 423 (0) 6 : 0.984 0.005 0.006 0.005
424 424 (0) 6 : 0.991 0.003 0.004 0.003
425 425 (0) 6 : 0.993 0.002 0.003 0.002
426 426 (10) 6 : 0.981 0.004 0.011 0.004
427 427 (5) 6 : 0.803 0.146 0.049 0.002
428 428 (10) 6 : 0.983 0.005 0.008 0.003
429 429 (5) 6 : 0.759 0.031 0.048 0.161
430 430 (10) 6 : 0.989 0.003 0.006 0.002
431 431 (10) 6 : 0.980 0.008 0.009 0.003
432 432 (0) 6 : 0.982 0.009 0.005 0.004
433 433 (5) 6 : 0.979 0.009 0.007 0.005
434 434 (5) 6 : 0.877 0.034 0.030 0.059
435 435 (10) 6 : 0.975 0.016 0.005 0.004
436 436 (0) 6 : 0.989 0.003 0.005 0.002
437 437 (0) 6 : 0.991 0.003 0.004 0.003
438 438 (0) 6 : 0.992 0.003 0.003 0.002
439 439 (0) 6 : 0.992 0.002 0.003 0.003
440 440 (0) 6 : 0.895 0.005 0.051 0.048
441 441 (0) 6 : 0.461 0.015 0.480 0.045
442 442 (0) 6 : 0.908 0.003 0.007 0.082
443 443 (0) 6 : 0.986 0.005 0.006 0.002
444 444 (0) 6 : 0.980 0.014 0.005 0.002
445 445 (5) 6 : 0.068 0.020 0.903 0.010
446 446 (0) 6 : 0.013 0.039 0.940 0.008
447 447 (0) 6 : 0.838 0.006 0.154 0.002
448 448 (10) 6 : 0.175 0.006 0.815 0.004
449 449 (5) 6 : 0.960 0.003 0.034 0.003
450 450 (0) 6 : 0.983 0.005 0.010 0.002
451 451 (5) 6 : 0.010 0.007 0.978 0.005
452 452 (5) 6 : 0.982 0.008 0.007 0.003
453 453 (0) 6 : 0.985 0.007 0.006 0.002
454 454 (0) 6 : 0.968 0.004 0.006 0.022
455 455 (0) 6 : 0.978 0.008 0.010 0.004
456 456 (0) 6 : 0.312 0.012 0.672 0.004
457 457 (0) 6 : 0.951 0.003 0.044 0.002
458 458 (0) 6 : 0.971 0.005 0.017 0.007
459 459 (0) 6 : 0.991 0.004 0.004 0.002
460 460 (0) 6 : 0.991 0.004 0.003 0.002
461 461 (0) 6 : 0.990 0.003 0.005 0.002
462 462 (0) 6 : 0.988 0.005 0.005 0.003
463 463 (0) 6 : 0.983 0.005 0.005 0.007
464 464 (0) 6 : 0.984 0.010 0.003 0.002
465 465 (0) 6 : 0.980 0.011 0.007 0.003
466 466 (0) 6 : 0.988 0.005 0.004 0.002
467 467 (0) 6 : 0.991 0.003 0.003 0.002
468 468 (0) 6 : 0.982 0.010 0.004 0.004
469 469 (0) 6 : 0.991 0.003 0.003 0.002
470 470 (0) 6 : 0.991 0.004 0.003 0.002
471 471 (0) 6 : 0.992 0.004 0.003 0.002
472 472 (0) 6 : 0.991 0.004 0.003 0.002
473 473 (0) 6 : 0.993 0.003 0.003 0.002
474 474 (0) 6 : 0.897 0.003 0.097 0.003
475 475 (0) 6 : 0.981 0.003 0.014 0.002
476 476 (0) 6 : 0.966 0.006 0.007 0.022
477 477 (0) 6 : 0.926 0.012 0.027 0.035
478 478 (0) 6 : 0.991 0.003 0.004 0.002
479 479 (0) 6 : 0.940 0.022 0.025 0.013
480 480 (0) 6 : 0.990 0.002 0.006 0.002
481 481 (0) 6 : 0.983 0.008 0.006 0.002
482 482 (0) 6 : 0.982 0.004 0.012 0.002
483 483 (0) 6 : 0.964 0.005 0.027 0.004
484 484 (0) 6 : 0.958 0.005 0.028 0.009
485 485 (0) 6 : 0.986 0.004 0.008 0.002
486 486 (0) 6 : 0.976 0.010 0.010 0.005
487 487 (0) 6 : 0.992 0.003 0.003 0.002
488 488 (0) 6 : 0.924 0.012 0.048 0.015
489 489 (0) 6 : 0.992 0.002 0.003 0.002
490 490 (0) 6 : 0.988 0.003 0.006 0.003
491 491 (0) 6 : 0.631 0.053 0.313 0.003
492 492 (0) 6 : 0.987 0.005 0.005 0.003
493 493 (0) 6 : 0.990 0.003 0.005 0.002
494 494 (0) 6 : 0.920 0.005 0.072 0.002
495 495 (0) 6 : 0.991 0.003 0.004 0.002
496 496 (5) 7 : 0.792 0.021 0.163 0.025
497 497 (0) 7 : 0.059 0.015 0.923 0.003
498 498 (0) 7 : 0.019 0.004 0.973 0.003
499 499 (0) 7 : 0.007 0.004 0.988 0.002
500 500 (0) 7 : 0.499 0.004 0.495 0.003
501 501 (0) 7 : 0.120 0.037 0.717 0.126
502 502 (0) 7 : 0.398 0.031 0.566 0.004
503 503 (0) 7 : 0.619 0.034 0.323 0.024
504 504 (0) 7 : 0.019 0.008 0.971 0.002
505 505 (0) 7 : 0.993 0.002 0.003 0.002
506 506 (0) 7 : 0.680 0.009 0.300 0.011
507 507 (0) 7 : 0.558 0.010 0.428 0.004
508 508 (0) 7 : 0.975 0.006 0.016 0.004
509 509 (0) 7 : 0.051 0.005 0.942 0.003
510 510 (0) 7 : 0.057 0.009 0.931 0.003
511 511 (0) 7 : 0.993 0.002 0.003 0.001
512 512 (0) 7 : 0.391 0.008 0.598 0.003
513 513 (0) 7 : 0.514 0.008 0.455 0.023
514 514 (0) 7 : 0.978 0.008 0.011 0.003
515 515 (0) 7 : 0.754 0.198 0.035 0.013
516 516 (0) 7 : 0.857 0.007 0.124 0.011
517 517 (0) 7 : 0.740 0.204 0.051 0.005
518 518 (0) 7 : 0.026 0.009 0.963 0.003
519 519 (0) 7 : 0.020 0.007 0.970 0.003
520 520 (0) 7 : 0.943 0.004 0.010 0.043
521 521 (0) 7 : 0.637 0.066 0.290 0.006
522 522 (0) 7 : 0.184 0.014 0.799 0.003
523 523 (0) 7 : 0.005 0.006 0.984 0.004
524 524 (0) 7 : 0.111 0.003 0.881 0.004
525 525 (0) 7 : 0.457 0.010 0.525 0.008
526 526 (0) 7 : 0.678 0.008 0.240 0.074
527 527 (10) 7 : 0.988 0.006 0.004 0.003
528 528 (5) 7 : 0.351 0.005 0.639 0.005
529 529 (0) 7 : 0.006 0.368 0.620 0.006
530 530 (0) 7 : 0.018 0.006 0.972 0.004
531 531 (0) 7 : 0.009 0.007 0.978 0.005
532 532 (0) 7 : 0.019 0.009 0.967 0.005
533 533 (0) 7 : 0.007 0.031 0.953 0.009
534 534 (0) 7 : 0.017 0.010 0.970 0.002
535 535 (0) 7 : 0.020 0.006 0.966 0.008
536 536 (0) 7 : 0.015 0.009 0.970 0.006
537 537 (0) 7 : 0.009 0.006 0.984 0.002
538 538 (5) 7 : 0.371 0.121 0.501 0.007
539 539 (0) 7 : 0.004 0.035 0.958 0.003
540 540 (0) 7 : 0.155 0.032 0.812 0.002
541 541 (0) 7 : 0.120 0.163 0.713 0.004
542 542 (0) 7 : 0.292 0.026 0.663 0.018
543 543 (0) 7 : 0.014 0.061 0.922 0.002
544 544 (5) 7 : 0.114 0.873 0.011 0.002
545 545 (0) 7 : 0.017 0.023 0.951 0.009
546 546 (0) 7 : 0.006 0.005 0.987 0.003
547 547 (0) 7 : 0.003 0.012 0.982 0.002
548 548 (0) 7 : 0.008 0.013 0.974 0.004
549 549 (0) 7 : 0.981 0.004 0.012 0.002
550 550 (0) 7 : 0.270 0.008 0.719 0.003
551 551 (5) 7 : 0.132 0.008 0.856 0.004
552 552 (5) 7 : 0.007 0.102 0.887 0.004
553 553 (0) 7 : 0.024 0.006 0.967 0.003
554 554 (0) 7 : 0.008 0.086 0.903 0.003
555 555 (0) 7 : 0.065 0.053 0.861 0.021
556 556 (0) 7 : 0.023 0.006 0.969 0.002
557 557 (0) 7 : 0.766 0.025 0.201 0.008
558 558 (0) 7 : 0.012 0.010 0.970 0.008
559 559 (0) 7 : 0.211 0.010 0.774 0.005
560 560 (0) 7 : 0.352 0.034 0.612 0.002
561 561 (0) 7 : 0.096 0.094 0.808 0.003
562 562 (0) 7 : 0.078 0.007 0.912 0.003
563 563 (0) 7 : 0.395 0.183 0.415 0.007
564 564 (0) 8 : 0.067 0.003 0.928 0.003
565 565 (0) 8 : 0.029 0.004 0.964 0.003
566 566 (0) 8 : 0.045 0.005 0.943 0.007
567 567 (0) 8 : 0.014 0.004 0.977 0.005
568 568 (0) 8 : 0.020 0.008 0.969 0.003
569 569 (0) 8 : 0.008 0.006 0.985 0.002
570 570 (0) 8 : 0.016 0.003 0.979 0.002
571 571 (0) 8 : 0.018 0.069 0.892 0.021
572 572 (0) 8 : 0.013 0.014 0.961 0.012
573 573 (0) 8 : 0.044 0.013 0.938 0.005
574 574 (0) 8 : 0.008 0.003 0.987 0.002
575 575 (0) 8 : 0.005 0.010 0.979 0.006
576 576 (0) 8 : 0.021 0.009 0.964 0.005
577 577 (0) 8 : 0.015 0.004 0.979 0.002
578 578 (0) 8 : 0.005 0.005 0.985 0.005
579 579 (0) 8 : 0.010 0.004 0.984 0.002
580 580 (0) 8 : 0.004 0.006 0.988 0.002
581 581 (0) 8 : 0.013 0.013 0.970 0.004
582 582 (0) 8 : 0.006 0.005 0.987 0.003
583 583 (0) 8 : 0.004 0.005 0.989 0.002
584 584 (0) 8 : 0.018 0.018 0.961 0.003
585 585 (0) 8 : 0.003 0.011 0.982 0.003
586 586 (0) 8 : 0.004 0.004 0.990 0.002
587 587 (0) 8 : 0.004 0.007 0.987 0.002
588 588 (0) 8 : 0.004 0.009 0.985 0.002
589 589 (0) 8 : 0.009 0.007 0.977 0.007
590 590 (0) 8 : 0.025 0.014 0.957 0.004
591 591 (0) 8 : 0.011 0.005 0.977 0.006
592 592 (0) 8 : 0.003 0.006 0.961 0.031
593 593 (0) 8 : 0.004 0.006 0.986 0.004
594 594 (0) 8 : 0.009 0.006 0.980 0.006
595 595 (0) 9 : 0.006 0.005 0.985 0.003
596 596 (0) 9 : 0.007 0.008 0.977 0.008
597 597 (0) 9 : 0.006 0.006 0.984 0.004
598 598 (0) 9 : 0.013 0.013 0.972 0.002
599 599 (0) 9 : 0.003 0.004 0.991 0.002
600 600 (0) 9 : 0.007 0.030 0.950 0.014
601 601 (0) 9 : 0.006 0.007 0.971 0.017
602 602 (0) 9 : 0.005 0.006 0.971 0.018
603 603 (0) 9 : 0.008 0.011 0.957 0.024
604 604 (0) 9 : 0.003 0.010 0.983 0.004
605 605 (0) 9 : 0.003 0.004 0.990 0.003
606 606 (0) 9 : 0.004 0.018 0.976 0.003
607 607 (0) 9 : 0.011 0.007 0.980 0.002
608 608 (0) 9 : 0.005 0.004 0.987 0.003
609 609 (0) 9 : 0.046 0.008 0.936 0.010
610 610 (10) 9 : 0.005 0.005 0.986 0.004
611 611 (0) 9 : 0.009 0.021 0.964 0.006
612 612 (0) 9 : 0.035 0.026 0.906 0.033
613 613 (0) 9 : 0.009 0.008 0.980 0.003
614 614 (0) 9 : 0.006 0.049 0.940 0.005
615 615 (5) 9 : 0.004 0.004 0.987 0.005
616 616 (0) 9 : 0.006 0.004 0.987 0.003
617 617 (0) 9 : 0.006 0.009 0.982 0.003
618 618 (0) 9 : 0.007 0.012 0.951 0.030
619 619 (0) 9 : 0.003 0.004 0.983 0.010
620 620 (0) 9 : 0.005 0.004 0.988 0.003
621 621 (0) 9 : 0.004 0.033 0.958 0.005
622 622 (5) 9 : 0.004 0.017 0.977 0.002
623 623 (0) 9 : 0.015 0.008 0.973 0.004
624 624 (0) 9 : 0.009 0.004 0.983 0.004
625 625 (0) 9 : 0.006 0.005 0.985 0.004
626 626 (0) 9 : 0.020 0.011 0.959 0.010
627 627 (0) 9 : 0.006 0.008 0.984 0.003
628 628 (0) 9 : 0.014 0.012 0.972 0.002
629 629 (0) 9 : 0.006 0.006 0.985 0.003
630 630 (0) 9 : 0.006 0.004 0.988 0.002
631 631 (0) 9 : 0.006 0.013 0.979 0.002
632 632 (5) 9 : 0.005 0.004 0.989 0.003
633 633 (0) 9 : 0.009 0.017 0.970 0.004
634 634 (0) 9 : 0.008 0.021 0.964 0.007
635 635 (0) 9 : 0.007 0.007 0.984 0.002
636 636 (5) 9 : 0.006 0.005 0.936 0.054
637 637 (5) 9 : 0.003 0.050 0.944 0.003
638 638 (10) 9 : 0.005 0.006 0.983 0.005
639 639 (5) 9 : 0.004 0.022 0.971 0.003
640 640 (5) 9 : 0.004 0.005 0.989 0.002
641 641 (5) 9 : 0.004 0.005 0.987 0.004
642 642 (5) 9 : 0.031 0.098 0.865 0.006
643 643 (5) 9 : 0.004 0.005 0.989 0.003
644 644 (10) 9 : 0.133 0.013 0.849 0.004
645 645 (5) 9 : 0.042 0.045 0.899 0.013
646 646 (5) 9 : 0.004 0.005 0.988 0.003
647 647 (5) 9 : 0.062 0.021 0.912 0.006
648 648 (5) 10 : 0.031 0.008 0.955 0.006
649 649 (0) 10 : 0.050 0.007 0.936 0.007
650 650 (0) 10 : 0.019 0.007 0.971 0.004
651 651 (0) 10 : 0.166 0.004 0.827 0.003
652 652 (0) 10 : 0.330 0.004 0.646 0.019
653 653 (0) 10 : 0.017 0.003 0.977 0.003
654 654 (0) 10 : 0.037 0.013 0.947 0.003
655 655 (0) 10 : 0.008 0.002 0.970 0.019
656 656 (0) 10 : 0.006 0.033 0.952 0.009
657 657 (0) 10 : 0.008 0.003 0.968 0.022
658 658 (0) 10 : 0.006 0.005 0.987 0.003
659 659 (0) 10 : 0.024 0.006 0.967 0.004
660 660 (0) 10 : 0.009 0.008 0.926 0.057
661 661 (5) 10 : 0.009 0.004 0.984 0.003
662 662 (0) 10 : 0.015 0.077 0.894 0.014
663 663 (0) 10 : 0.016 0.022 0.956 0.007
664 664 (0) 10 : 0.078 0.009 0.902 0.011
665 665 (0) 10 : 0.008 0.005 0.974 0.013
666 666 (0) 10 : 0.003 0.003 0.990 0.003
667 667 (0) 10 : 0.008 0.005 0.980 0.007
668 668 (0) 10 : 0.005 0.003 0.989 0.003
669 669 (0) 10 : 0.006 0.004 0.983 0.007
670 670 (0) 10 : 0.005 0.003 0.989 0.003
671 671 (0) 10 : 0.005 0.004 0.989 0.003
672 672 (0) 10 : 0.011 0.003 0.983 0.003
673 673 (0) 10 : 0.007 0.003 0.986 0.003
674 674 (0) 10 : 0.044 0.006 0.943 0.007
675 675 (0) 10 : 0.010 0.004 0.980 0.006
676 676 (5) 11 : 0.003 0.989 0.005 0.003
677 677 (0) 11 : 0.002 0.993 0.003 0.002
678 678 (0) 11 : 0.006 0.982 0.010 0.003
679 679 (0) 11 : 0.003 0.989 0.005 0.003
680 680 (5) 11 : 0.003 0.988 0.004 0.004
681 681 (0) 11 : 0.002 0.992 0.003 0.003
682 682 (0) 11 : 0.003 0.983 0.003 0.011
683 683 (0) 11 : 0.003 0.990 0.004 0.003
684 684 (0) 11 : 0.002 0.990 0.003 0.005
685 685 (0) 11 : 0.002 0.988 0.003 0.007
686 686 (0) 11 : 0.003 0.989 0.005 0.003
687 687 (0) 11 : 0.002 0.985 0.004 0.009
688 688 (5) 11 : 0.004 0.980 0.005 0.010
689 689 (0) 11 : 0.002 0.992 0.002 0.003
690 690 (0) 11 : 0.002 0.991 0.003 0.004
691 691 (0) 11 : 0.002 0.994 0.002 0.002
692 692 (0) 11 : 0.003 0.976 0.005 0.015
693 693 (0) 11 : 0.002 0.993 0.003 0.002
694 694 (0) 11 : 0.005 0.987 0.005 0.004
695 695 (0) 11 : 0.005 0.910 0.022 0.063
696 696 (0) 11 : 0.003 0.991 0.002 0.003
697 697 (0) 11 : 0.003 0.990 0.004 0.002
698 698 (0) 11 : 0.006 0.964 0.023 0.006
699 699 (0) 11 : 0.004 0.883 0.013 0.100
700 700 (0) 11 : 0.003 0.991 0.004 0.003
701 701 (0) 11 : 0.003 0.991 0.004 0.003
702 702 (0) 11 : 0.002 0.992 0.003 0.003
703 703 (0) 12 : 0.005 0.984 0.008 0.003
704 704 (0) 12 : 0.007 0.950 0.041 0.003
705 705 (0) 12 : 0.028 0.931 0.036 0.005
706 706 (0) 12 : 0.040 0.866 0.087 0.007
707 707 (0) 12 : 0.026 0.771 0.181 0.021
708 708 (0) 12 : 0.016 0.772 0.207 0.006
709 709 (0) 12 : 0.022 0.763 0.200 0.016
710 710 (0) 12 : 0.013 0.925 0.060 0.002
711 711 (0) 12 : 0.009 0.950 0.038 0.003
712 712 (0) 12 : 0.023 0.824 0.150 0.002
713 713 (0) 12 : 0.007 0.987 0.004 0.002
714 714 (0) 12 : 0.013 0.973 0.011 0.003
715 715 (0) 12 : 0.007 0.984 0.005 0.003
716 716 (0) 12 : 0.016 0.946 0.036 0.003
717 717 (0) 12 : 0.007 0.982 0.008 0.003
718 718 (0) 12 : 0.006 0.978 0.014 0.002
719 719 (0) 12 : 0.016 0.895 0.047 0.043
720 720 (0) 12 : 0.010 0.966 0.007 0.017
721 721 (0) 12 : 0.079 0.807 0.107 0.007
722 722 (0) 12 : 0.018 0.974 0.006 0.003
723 723 (0) 12 : 0.003 0.990 0.004 0.003
724 724 (0) 12 : 0.021 0.965 0.006 0.008
725 725 (5) 12 : 0.010 0.980 0.008 0.002
726 726 (0) 12 : 0.006 0.985 0.005 0.004
727 727 (0) 12 : 0.004 0.986 0.006 0.004
728 728 (0) 12 : 0.021 0.963 0.011 0.005
729 729 (0) 12 : 0.008 0.981 0.008 0.002
730 730 (0) 12 : 0.006 0.983 0.005 0.006
731 731 (0) 12 : 0.006 0.854 0.137 0.003
732 732 (0) 12 : 0.004 0.991 0.003 0.002
733 733 (5) 12 : 0.006 0.986 0.006 0.002
734 734 (0) 12 : 0.004 0.990 0.004 0.002
735 735 (0) 12 : 0.013 0.912 0.068 0.007
736 736 (0) 12 : 0.005 0.988 0.004 0.003
737 737 (0) 12 : 0.008 0.910 0.074 0.008
738 738 (0) 12 : 0.040 0.752 0.198 0.011
739 739 (5) 12 : 0.046 0.726 0.219 0.009
740 740 (5) 12 : 0.007 0.861 0.121 0.010
741 741 (5) 12 : 0.007 0.959 0.030 0.004
742 742 (5) 12 : 0.009 0.969 0.010 0.011
