1:	0.6529 0.3238 0.0136 0.0097 	100
2:	0.6540 0.3268 0.0103 0.0089 	200
3:	0.3365 0.0542 0.5775 0.0319 	6
4:	0.3457 0.1207 0.5109 0.0227 	100
5:	0.3620 0.1368 0.4869 0.0143 	100
6:	0.3157 0.1409 0.0145 0.5290 	100
7:	0.3167 0.6607 0.0130 0.0097 	100
8:	0.8038 0.1658 0.0206 0.0099 	100
9:	0.1029 0.0170 0.8757 0.0043 	2
10:	0.1039 0.0325 0.8418 0.0218 	100
11:	0.1242 0.0451 0.8218 0.0089 	100
12:	0.0987 0.0490 0.0202 0.8321 	100
13:	0.1162 0.8559 0.0180 0.0099 	100
14:	0.9242 0.0486 0.0162 0.0110 	100
15:	0.0463 0.0230 0.9130 0.0177 	42
16:	0.0251 0.0122 0.9470 0.0157 	100
17:	0.0391 0.0205 0.9319 0.0085 	100
18:	0.0238 0.0156 0.0110 0.9496 	100
19:	0.0316 0.9508 0.0102 0.0074 	100
20:	0.9591 0.0149 0.0144 0.0116 	100
21:	0.0136 0.0159 0.9361 0.0344 	105
22:	0.0087 0.0072 0.9672 0.0169 	240
23:	0.0338 0.0175 0.9374 0.0114 	68
24:	0.0115 0.0129 0.9688 0.0069 	31
25:	0.0105 0.0092 0.9745 0.0058 	125
26:	0.0142 0.0160 0.9630 0.0068 	53
27:	0.0148 0.0165 0.9621 0.0066 	125
28:	0.0032 0.0030 0.0039 0.9898 	28
29:	0.0029 0.0028 0.0032 0.9911 	300
30:	0.0068 0.9859 0.0041 0.0031 	27
31:	0.0050 0.9882 0.0035 0.0033 	300
32:	0.9586 0.0151 0.0173 0.0089 	40
33:	0.9573 0.0137 0.0184 0.0106 	300
