       M1EL5  1 0.0091 0.9909 
       W26T6  1 0.0321 0.9679 
       W26XX  1 0.0076 0.9924 
       M013P  1 0.0109 0.9891 
       M1ELA  1 0.0268 0.9732 
       M2C73  1 0.0107 0.9893 
       W23P4  1 0.0269 0.9731 
       W247C  1 0.0094 0.9906 
       W24K1  1 0.0078 0.9922 
       W24ME  1 0.0176 0.9824 
       W2514  1 0.0104 0.9896 
       W26MA  1 0.0252 0.9748 
       W26MM  1 0.0156 0.9844 
       W26MU  1 0.0097 0.9903 
       W26P0  1 0.0075 0.9925 
       W26P3  1 0.0072 0.9928 
       W26T5  1 0.0064 0.9936 
       W26TE  1 0.0146 0.9854 
       W26TF  1 0.0306 0.9694 
       W26U8  1 0.0252 0.9748 
       W26UJ  1 0.0121 0.9879 
       W26UK  1 0.0058 0.9942 
       W26UT  1 0.0069 0.9931 
       W26XT  1 0.0166 0.9834 
      CC06H2  1 0.0254 0.9746 
      CC06H4  1 0.0187 0.9813 
      CC06H5  1 0.0166 0.9834 
      CC06H6  1 0.0056 0.9944 
      CC06HE  1 0.0083 0.9917 
      CC06HF  1 0.0265 0.9735 
      CC06HH  1 0.0070 0.9930 
      CC06HJ  1 0.0184 0.9816 
      CC06HL  1 0.0075 0.9925 
      CC06HP  1 0.0065 0.9935 
      CC06HT  1 0.0156 0.9844 
      CC06HU  1 0.0195 0.9805 
      CC06HY  1 0.0171 0.9829 
      CC06J0  1 0.0193 0.9807 
      CC06J1  1 0.0179 0.9821 
      CC06J2  1 0.0125 0.9875 
     CT.0YCY  1 0.0100 0.9900 
     CT.0YEC  1 0.0104 0.9896 
     CT.0YEF  1 0.0073 0.9927 
     CT.0YEU  1 0.0055 0.9945 
     CT.0YF2  1 0.0159 0.9841 
     CT.0YF8  1 0.0049 0.9951 
     CT.0YFA  1 0.0057 0.9943 
     CT.0YFE  1 0.0089 0.9911 
     CT.0YFP  1 0.0165 0.9835 
     CT.0YFU  1 0.0085 0.9915 
     CT.0YK7  1 0.0168 0.9832 
     CX.10PT  1 0.0648 0.9352 
      DAM021  1 0.0088 0.9912 
      DAM034  1 0.0058 0.9942 
      DAM07X  1 0.0077 0.9923 
     EF.15J6  1 0.0077 0.9923 
      HRV010  1 0.0151 0.9849 
      HRV02J  1 0.0112 0.9888 
      HRV078  1 0.0118 0.9882 
      HRV0FH  1 0.0072 0.9928 
      HRV0H5  1 0.0099 0.9901 
      HRV0JF  1 0.0079 0.9921 
      HRV0JJ  1 0.0090 0.9910 
      HRV0JM  1 0.0071 0.9929 
      HRV0K6  1 0.0529 0.9471 
      HRV0K7  1 0.0083 0.9917 
      HRV0KP  1 0.0322 0.9678 
      HRV1AX  1 0.0100 0.9900 
      HRV1C4  1 0.0067 0.9933 
      HRV1CH  1 0.0092 0.9908 
      HRV1FA  1 0.0126 0.9874 
      HRV1FK  1 0.0213 0.9787 
      HRV1H8  1 0.0073 0.9927 
      HRV1HT  1 0.0163 0.9837 
      HRV1XU  1 0.0282 0.9718 
      HRV4TF  1 0.0090 0.9910 
      HRV6F0  1 0.0112 0.9888 
      HRVE6L  1 0.0180 0.9820 
       M27HM  1 0.0078 0.9922 
       M27HP  1 0.0072 0.9928 
       M2AK4  1 0.0084 0.9916 
       M2ALA  1 0.0077 0.9923 
       M2C56  1 0.0099 0.9901 
       M2CUX  1 0.0156 0.9844 
       M2E24  1 0.0072 0.9928 
       M2EA7  1 0.0095 0.9905 
       M2EH6  1 0.0079 0.9921 
       M2EKC  1 0.0233 0.9767 
      MSV083  1 0.0540 0.9460 
      MSV084  1 0.0080 0.9920 
      MSV0LJ  1 0.0111 0.9889 
      MSV1H5  1 0.0091 0.9909 
      MSV1KM  1 0.0076 0.9924 
      MSV23F  1 0.0288 0.9712 
      MSV2L8  1 0.0117 0.9883 
      MSV2P7  1 0.0091 0.9909 
      MSV2TJ  1 0.0059 0.9941 
      MSV2XM  1 0.0141 0.9859 
      MSV327  1 0.0116 0.9884 
      MSV33L  1 0.0068 0.9932 
       h0015  2 0.0342 0.9658 
       h0025  2 0.0148 0.9852 
       h0035  2 0.0115 0.9885 
       h0045  2 0.0134 0.9866 
       h0055  2 0.0064 0.9936 
       h0065  2 0.0072 0.9928 
       h0075  2 0.0053 0.9947 
       h0085  2 0.0138 0.9862 
       h0095  2 0.0098 0.9902 
       h0105  2 0.0089 0.9911 
       h0115  2 0.0055 0.9945 
       h0125  2 0.0165 0.9835 
       h0135  2 0.0106 0.9894 
       h0145  2 0.0058 0.9942 
       h0155  2 0.0088 0.9912 
       h0165  2 0.0175 0.9825 
       h0175  2 0.0068 0.9932 
       h0185  2 0.0109 0.9891 
       h0195  2 0.0075 0.9925 
       h0205  2 0.0074 0.9926 
       h0215  2 0.0190 0.9810 
       h0225  2 0.0102 0.9898 
       h0235  2 0.0104 0.9896 
       h0245  2 0.0058 0.9942 
       h0255  2 0.0122 0.9878 
       h0265  2 0.0081 0.9919 
       h0275  2 0.0066 0.9934 
       h0285  2 0.0066 0.9934 
       h0295  2 0.0065 0.9935 
       h0305  2 0.0185 0.9815 
       h0315  2 0.0101 0.9899 
       h0325  2 0.0103 0.9897 
       h0335  2 0.0111 0.9889 
       h0345  2 0.0150 0.9850 
       h0355  2 0.0052 0.9948 
       h0365  2 0.0114 0.9886 
       h0375  2 0.1632 0.8368 
       h0385  2 0.0107 0.9893 
       h0395  2 0.0081 0.9919 
       h0405  2 0.0084 0.9916 
       h0415  2 0.0190 0.9810 
       h0425  2 0.0367 0.9633 
       h0435  2 0.0479 0.9521 
       h0445  2 0.0089 0.9911 
       h0455  2 0.0076 0.9924 
       h0465  2 0.0080 0.9920 
       h0475  2 0.0182 0.9818 
       h0485  2 0.0088 0.9912 
       h0495  2 0.0068 0.9932 
       h0505  2 0.0091 0.9909 
       h0515  2 0.0092 0.9908 
       h0525  2 0.0077 0.9923 
       h0535  2 0.0049 0.9951 
       h0545  2 0.0061 0.9939 
       h0555  2 0.0124 0.9876 
       h0565  2 0.0074 0.9926 
       h0575  2 0.0173 0.9827 
       h0585  2 0.0068 0.9932 
       h0595  2 0.0090 0.9910 
       h0605  2 0.0216 0.9784 
       h0615  2 0.0226 0.9774 
       h0625  2 0.0119 0.9881 
       h0635  2 0.0105 0.9895 
       h0645  2 0.0134 0.9866 
       h0655  2 0.0104 0.9896 
       h0665  2 0.0214 0.9786 
       h0675  2 0.0135 0.9865 
       h0685  2 0.0082 0.9918 
       h0695  2 0.0091 0.9909 
       h0705  2 0.0199 0.9801 
       h0715  2 0.0183 0.9817 
       h0725  2 0.0110 0.9890 
       h0735  2 0.0106 0.9894 
       h0745  2 0.0083 0.9917 
       h0755  2 0.0047 0.9953 
       h0765  2 0.0211 0.9789 
       h0775  2 0.0170 0.9830 
       h0785  2 0.0054 0.9946 
       h0795  2 0.0201 0.9799 
       h0805  2 0.0113 0.9887 
       h0815  2 0.0143 0.9857 
       h0825  2 0.0082 0.9918 
       h0835  2 0.0098 0.9902 
       h0845  2 0.0076 0.9924 
       h0855  2 0.0067 0.9933 
       h0865  2 0.0079 0.9921 
       h0875  2 0.0202 0.9798 
       h0885  2 0.0058 0.9942 
       h0895  2 0.0463 0.9537 
       h0905  2 0.0101 0.9899 
       h0915  2 0.0240 0.9760 
       h0925  2 0.0121 0.9879 
       h0935  2 0.0173 0.9827 
       h0945  2 0.0104 0.9896 
       h0955  2 0.0318 0.9682 
       h0965  2 0.0407 0.9593 
       h0975  2 0.0165 0.9835 
       h0985  2 0.0103 0.9897 
       h0995  2 0.0977 0.9023 
       h1005  2 0.0081 0.9919 
        h101  2 0.0071 0.9929 
        h102  2 0.0073 0.9927 
        h103  2 0.0152 0.9848 
        h104  2 0.0060 0.9940 
        h105  2 0.0144 0.9856 
        h106  2 0.0375 0.9625 
        h107  2 0.0252 0.9748 
        h108  2 0.0076 0.9924 
        h109  2 0.0062 0.9938 
        h110  2 0.0056 0.9944 
        h111  2 0.0085 0.9915 
        h112  2 0.0336 0.9664 
        h113  2 0.0138 0.9862 
        h114  2 0.0051 0.9949 
        h115  2 0.0930 0.9070 
        h116  2 0.0069 0.9931 
        h117  2 0.0064 0.9936 
        h118  2 0.0077 0.9923 
        h119  2 0.0744 0.9256 
        h120  2 0.0311 0.9689 
        h121  2 0.0078 0.9922 
        h122  2 0.0124 0.9876 
        h123  2 0.0110 0.9890 
        h124  2 0.0100 0.9900 
        h125  2 0.0098 0.9902 
        h126  2 0.0144 0.9856 
        h127  2 0.0118 0.9882 
        h128  2 0.0165 0.9835 
        h129  2 0.0185 0.9815 
        h130  2 0.0118 0.9882 
        h131  2 0.0287 0.9713 
        h132  2 0.0144 0.9856 
        h133  2 0.0179 0.9821 
        h134  2 0.0089 0.9911 
        h135  2 0.0163 0.9837 
        h136  2 0.0078 0.9922 
        h137  2 0.0054 0.9946 
        h138  2 0.0131 0.9869 
        h139  2 0.0071 0.9929 
        h140  2 0.0292 0.9708 
        h141  2 0.0072 0.9928 
        h142  2 0.0144 0.9856 
        h143  2 0.0148 0.9852 
        h144  2 0.0066 0.9934 
        h145  2 0.0069 0.9931 
        h146  2 0.0096 0.9904 
        h147  2 0.0043 0.9957 
        h148  2 0.0125 0.9875 
        h149  2 0.0236 0.9764 
        h150  2 0.0171 0.9829 
        h151  2 0.0181 0.9819 
        h152  2 0.0050 0.9950 
        h153  2 0.0098 0.9902 
        h154  2 0.0157 0.9843 
        h155  2 0.0115 0.9885 
        h156  2 0.0256 0.9744 
        h157  2 0.0071 0.9929 
        h158  2 0.0249 0.9751 
        h159  2 0.0199 0.9801 
        h160  2 0.0088 0.9912 
        h161  2 0.0189 0.9811 
        h162  2 0.0063 0.9937 
        h163  2 0.0075 0.9925 
        h164  2 0.0115 0.9885 
        h165  2 0.0738 0.9262 
        h166  2 0.0081 0.9919 
        h167  2 0.0058 0.9942 
        h168  2 0.0130 0.9870 
        h169  2 0.0090 0.9910 
        h170  2 0.0092 0.9908 
        h171  2 0.0119 0.9881 
        h172  2 0.0290 0.9710 
        h173  2 0.0058 0.9942 
        h174  2 0.0077 0.9923 
        h175  2 0.0154 0.9846 
        h176  2 0.0086 0.9914 
        h177  2 0.0138 0.9862 
        h178  2 0.0080 0.9920 
        h179  2 0.0112 0.9888 
        h180  2 0.0266 0.9734 
        h181  2 0.0086 0.9914 
        h182  2 0.0064 0.9936 
        h183  2 0.0070 0.9930 
        h184  2 0.0086 0.9914 
        h185  2 0.0117 0.9883 
        h186  2 0.0072 0.9928 
        h187  2 0.0075 0.9925 
        h188  2 0.0058 0.9942 
        h189  2 0.0117 0.9883 
        h190  2 0.0077 0.9923 
        h191  2 0.0082 0.9918 
        h192  2 0.0883 0.9117 
        h193  2 0.0065 0.9935 
        h194  2 0.0083 0.9917 
        h195  2 0.0225 0.9775 
        h196  2 0.0221 0.9779 
        h197  2 0.0087 0.9913 
        h198  2 0.0108 0.9892 
        h199  2 0.0302 0.9698 
        h200  2 0.0350 0.9650 
        h201  2 0.0412 0.9588 
        h202  2 0.0186 0.9814 
        h203  2 0.0101 0.9899 
        h204  2 0.0065 0.9935 
        h205  2 0.0248 0.9752 
        h206  2 0.0063 0.9937 
        h207  2 0.0091 0.9909 
        h208  2 0.0417 0.9583 
        h209  2 0.0048 0.9952 
        h210  2 0.0078 0.9922 
        h211  2 0.0068 0.9932 
        h212  2 0.0212 0.9788 
        h213  2 0.0100 0.9900 
        h214  2 0.0602 0.9398 
        h215  2 0.0213 0.9787 
        h216  2 0.0086 0.9914 
        h217  2 0.0113 0.9887 
        h218  2 0.0106 0.9894 
        h219  2 0.0173 0.9827 
        h220  2 0.0056 0.9944 
        h221  2 0.0063 0.9937 
        h222  2 0.0203 0.9797 
        h223  2 0.0090 0.9910 
        h224  2 0.0504 0.9496 
        h225  2 0.0084 0.9916 
        h226  2 0.0141 0.9859 
        h227  2 0.0221 0.9779 
        h228  2 0.0141 0.9859 
        h229  2 0.0101 0.9899 
        h230  2 0.0321 0.9679 
        h231  2 0.0094 0.9906 
        h232  2 0.0057 0.9943 
        h233  2 0.0295 0.9705 
        h234  2 0.0070 0.9930 
        h235  2 0.0061 0.9939 
        h236  2 0.0332 0.9668 
        h237  2 0.0091 0.9909 
        h238  2 0.0068 0.9932 
        h239  2 0.0088 0.9912 
        h240  2 0.0056 0.9944 
        h241  2 0.0353 0.9647 
        h242  2 0.0094 0.9906 
        h243  2 0.0069 0.9931 
        h244  2 0.0112 0.9888 
        h245  2 0.0106 0.9894 
        h246  2 0.0135 0.9865 
        h247  2 0.0075 0.9925 
        h248  2 0.0164 0.9836 
        h249  2 0.0063 0.9937 
        h250  2 0.0111 0.9889 
        h251  2 0.0075 0.9925 
        h252  2 0.0171 0.9829 
        h253  2 0.0105 0.9895 
        h254  2 0.0330 0.9670 
        h255  2 0.0078 0.9922 
        h256  2 0.0095 0.9905 
        h257  2 0.0093 0.9907 
        h258  2 0.0334 0.9666 
        h259  2 0.0066 0.9934 
        h260  2 0.0084 0.9916 
        h261  2 0.0137 0.9863 
        h262  2 0.0096 0.9904 
        h263  2 0.0046 0.9954 
        h264  2 0.0100 0.9900 
        h265  2 0.0085 0.9915 
        h266  2 0.0135 0.9865 
        h267  2 0.0074 0.9926 
        h268  2 0.0072 0.9928 
        h269  2 0.0070 0.9930 
        h270  2 0.0120 0.9880 
        h271  2 0.0072 0.9928 
        h272  2 0.0096 0.9904 
        h273  2 0.0138 0.9862 
        h274  2 0.0068 0.9932 
        h275  2 0.0167 0.9833 
        h276  2 0.0265 0.9735 
        h277  2 0.0068 0.9932 
        h278  2 0.0158 0.9842 
        h279  2 0.0072 0.9928 
        h280  2 0.0094 0.9906 
        h281  2 0.1332 0.8668 
        h282  2 0.0076 0.9924 
        h283  2 0.0073 0.9927 
        h284  2 0.0456 0.9544 
        h285  2 0.0082 0.9918 
        h286  2 0.0137 0.9863 
        h287  2 0.0123 0.9877 
        h288  2 0.0166 0.9834 
        h289  2 0.0067 0.9933 
        h290  2 0.0062 0.9938 
        h291  2 0.0645 0.9355 
        h292  2 0.0084 0.9916 
        h293  2 0.0102 0.9898 
        h294  2 0.0115 0.9885 
        h295  2 0.0060 0.9940 
        h296  2 0.0110 0.9890 
        h297  2 0.0075 0.9925 
        h298  2 0.0081 0.9919 
        h299  2 0.0081 0.9919 
        h300  2 0.0270 0.9730 
        h301  2 0.0111 0.9889 
        h302  2 0.0076 0.9924 
        h303  2 0.0123 0.9877 
        h304  2 0.0113 0.9887 
        h305  2 0.0098 0.9902 
        h306  2 0.0095 0.9905 
        h307  2 0.0559 0.9441 
        h308  2 0.0087 0.9913 
        h309  2 0.0149 0.9851 
        h310  2 0.0077 0.9923 
        h311  2 0.0133 0.9867 
        h312  2 0.0101 0.9899 
        h313  2 0.0074 0.9926 
        h314  2 0.0259 0.9741 
        h315  2 0.0053 0.9947 
        h316  2 0.0063 0.9937 
        h317  2 0.0998 0.9002 
        h318  2 0.0154 0.9846 
        h319  2 0.0104 0.9896 
        h320  2 0.0088 0.9912 
        h321  2 0.0103 0.9897 
        h322  2 0.0098 0.9902 
        h323  2 0.0061 0.9939 
        h324  2 0.0071 0.9929 
        h325  2 0.0050 0.9950 
        h326  2 0.0079 0.9921 
        h327  2 0.0131 0.9869 
        h328  2 0.0079 0.9921 
        h329  2 0.0122 0.9878 
        h330  2 0.0053 0.9947 
        h331  2 0.0156 0.9844 
        h332  2 0.0108 0.9892 
        h333  2 0.0090 0.9910 
        h334  2 0.0169 0.9831 
        h335  2 0.0100 0.9900 
        h336  2 0.0117 0.9883 
        h337  2 0.0195 0.9805 
        h338  2 0.0261 0.9739 
        h339  2 0.0154 0.9846 
        h340  2 0.0117 0.9883 
        h341  2 0.0699 0.9301 
        h342  2 0.0170 0.9830 
        h343  2 0.0053 0.9947 
        h344  2 0.0084 0.9916 
        h345  2 0.0088 0.9912 
        h346  2 0.0073 0.9927 
        h347  2 0.0826 0.9174 
        h348  2 0.0199 0.9801 
        h349  2 0.0085 0.9915 
        h350  2 0.0046 0.9954 
        h351  2 0.0072 0.9928 
        h352  2 0.0156 0.9844 
        h353  2 0.0060 0.9940 
        h354  2 0.0118 0.9882 
        h355  2 0.0101 0.9899 
        h356  2 0.0117 0.9883 
        h357  2 0.0110 0.9890 
        h358  2 0.0093 0.9907 
        h359  2 0.0164 0.9836 
        h360  2 0.0150 0.9850 
        h361  2 0.0164 0.9836 
        h362  2 0.0120 0.9880 
        h363  2 0.0069 0.9931 
        h364  2 0.0083 0.9917 
        h365  2 0.0083 0.9917 
        h366  2 0.0052 0.9948 
        h367  2 0.0069 0.9931 
        h368  2 0.0529 0.9471 
        h369  2 0.0061 0.9939 
        h370  2 0.0476 0.9524 
        h371  2 0.0073 0.9927 
        h372  2 0.0060 0.9940 
        h373  2 0.0060 0.9940 
        h374  2 0.0111 0.9889 
        h375  2 0.0204 0.9796 
        h376  2 0.0093 0.9907 
        h377  2 0.0104 0.9896 
        h378  2 0.0230 0.9770 
        h379  2 0.0849 0.9151 
        h380  2 0.0104 0.9896 
        h381  2 0.0070 0.9930 
        h382  2 0.0075 0.9925 
        h383  2 0.0100 0.9900 
        h384  2 0.0099 0.9901 
        h385  2 0.0135 0.9865 
        h386  2 0.0202 0.9798 
        h387  2 0.0093 0.9907 
        h388  2 0.0114 0.9886 
        h389  2 0.0183 0.9817 
        h390  2 0.0091 0.9909 
        h391  2 0.0072 0.9928 
        h392  2 0.0334 0.9666 
        h393  2 0.0246 0.9754 
        h394  2 0.0132 0.9868 
        h395  2 0.0161 0.9839 
        h396  2 0.0097 0.9903 
        h397  2 0.0109 0.9891 
        h398  2 0.0342 0.9658 
        h399  2 0.0073 0.9927 
        h400  2 0.0117 0.9883 
        h001  3 0.2017 0.7983 
        h002  3 0.0137 0.9863 
        h003  3 0.0150 0.9850 
        h004  3 0.0787 0.9213 
        h005  3 0.0803 0.9197 
        h006  3 0.0513 0.9487 
        h007  3 0.1228 0.8772 
        h008  3 0.0583 0.9417 
        h009  3 0.1559 0.8441 
        h010  3 0.0212 0.9788 
        h011  3 0.1594 0.8406 
        h012  3 0.0914 0.9086 
        h013  3 0.0582 0.9418 
        h014  3 0.1593 0.8407 
        h015  3 0.0215 0.9785 
        h016  3 0.0141 0.9859 
        h017  3 0.0244 0.9756 
        h018  3 0.1989 0.8011 
        h019  3 0.0754 0.9246 
        h020  3 0.0523 0.9477 
        h021  3 0.0286 0.9714 
        h022  3 0.1088 0.8912 
        h023  3 0.0980 0.9020 
        h024  3 0.0257 0.9743 
        h025  3 0.0364 0.9636 
        h026  3 0.0341 0.9659 
        h027  3 0.2686 0.7314 
        h028  3 0.2153 0.7847 
        h029  3 0.1487 0.8513 
        h030  3 0.0531 0.9469 
        h031  3 0.0798 0.9202 
        h032  3 0.1096 0.8904 
        h033  3 0.0187 0.9813 
        h034  3 0.1553 0.8447 
        h035  3 0.2635 0.7365 
        h036  3 0.0255 0.9745 
        h037  3 0.0719 0.9281 
        h038  3 0.0134 0.9866 
        h039  3 0.0235 0.9765 
        h040  3 0.1352 0.8648 
        h041  3 0.0083 0.9917 
        h042  3 0.1311 0.8689 
        h043  3 0.1755 0.8245 
        h044  3 0.1097 0.8903 
        h045  3 0.0099 0.9901 
        h046  3 0.0085 0.9915 
        h047  3 0.0806 0.9194 
        h048  3 0.0949 0.9051 
        h049  3 0.1390 0.8610 
        h050  3 0.0711 0.9289 
        h051  3 0.0124 0.9876 
        h052  3 0.0563 0.9437 
        h053  3 0.2049 0.7951 
        h054  3 0.0153 0.9847 
        h055  3 0.0087 0.9913 
        h056  3 0.1954 0.8046 
        h057  3 0.1965 0.8035 
        h058  3 0.0634 0.9366 
        h059  3 0.1733 0.8267 
        h060  3 0.0573 0.9427 
        h061  3 0.0551 0.9449 
        h062  3 0.2107 0.7893 
        h063  3 0.1325 0.8675 
        h064  3 0.1885 0.8115 
        h065  3 0.0100 0.9900 
        h066  3 0.0398 0.9602 
        h067  3 0.2065 0.7935 
        h068  3 0.1320 0.8680 
        h069  3 0.0205 0.9795 
        h070  3 0.0250 0.9750 
        h071  3 0.0172 0.9828 
        h072  3 0.0264 0.9736 
        h073  3 0.3050 0.6950 
        h074  3 0.0285 0.9715 
        h075  3 0.0318 0.9682 
        h076  3 0.1519 0.8481 
        h077  3 0.0895 0.9105 
        h078  3 0.0728 0.9272 
        h079  3 0.0181 0.9819 
        h080  3 0.2105 0.7895 
        h081  3 0.1817 0.8183 
        h082  3 0.0814 0.9186 
        h083  3 0.0200 0.9800 
        h084  3 0.1426 0.8574 
        h085  3 0.1886 0.8114 
        h086  3 0.0150 0.9850 
        h087  3 0.2102 0.7898 
        h088  3 0.0136 0.9864 
        h089  3 0.2671 0.7329 
        h090  3 0.0730 0.9270 
        h091  3 0.1072 0.8928 
        h092  3 0.0293 0.9707 
        h093  3 0.1828 0.8172 
        h094  3 0.0590 0.9410 
        h095  3 0.0899 0.9101 
        h096  3 0.0652 0.9348 
        h097  3 0.0223 0.9777 
        h098  3 0.2001 0.7999 
        h099  3 0.0146 0.9854 
        h100  3 0.1865 0.8135 
       h0011  4 0.2437 0.7563 
       h0021  4 0.1879 0.8121 
       h0031  4 0.0242 0.9758 
       h0041  4 0.1904 0.8096 
       h0051  4 0.1171 0.8829 
       h0061  4 0.3136 0.6864 
       h0071  4 0.3290 0.6710 
       h0081  4 0.3296 0.6704 
       h0091  4 0.2067 0.7933 
       h0101  4 0.0154 0.9846 
       h0111  4 0.2539 0.7461 
       h0121  4 0.0567 0.9433 
       h0131  4 0.2435 0.7565 
       h0141  4 0.2448 0.7552 
       h0151  4 0.1056 0.8944 
       h0161  4 0.1622 0.8378 
       h0171  4 0.1975 0.8025 
       h0181  4 0.3770 0.6230 
       h0191  4 0.2667 0.7333 
       h0201  4 0.2932 0.7068 
       h0211  4 0.1594 0.8406 
       h0221  4 0.2368 0.7632 
       h0231  4 0.3789 0.6211 
       h0241  4 0.0977 0.9023 
       h0251  4 0.3723 0.6277 
       h0261  4 0.2354 0.7646 
       h0271  4 0.2651 0.7349 
       h0281  4 0.2074 0.7926 
       h0291  4 0.0910 0.9090 
       h0301  4 0.2809 0.7191 
       h0311  4 0.2232 0.7768 
       h0321  4 0.1928 0.8072 
       h0331  4 0.1506 0.8494 
       h0341  4 0.0091 0.9909 
       h0351  4 0.1429 0.8571 
       h0361  4 0.1041 0.8959 
       h0371  4 0.3347 0.6653 
       h0381  4 0.1548 0.8452 
       h0391  4 0.2866 0.7134 
       h0401  4 0.1801 0.8199 
       h0411  4 0.3153 0.6847 
       h0421  4 0.0251 0.9749 
       h0431  4 0.1840 0.8160 
       h0441  4 0.3396 0.6604 
       h0451  4 0.2988 0.7012 
       h0461  4 0.2642 0.7358 
       h0471  4 0.0746 0.9254 
       h0481  4 0.2631 0.7369 
       h0491  4 0.3138 0.6862 
       h0501  4 0.1443 0.8557 
       h0511  4 0.2414 0.7586 
       h0521  4 0.2360 0.7640 
       h0531  4 0.1367 0.8633 
       h0541  4 0.3533 0.6467 
       h0551  4 0.2915 0.7085 
       h0561  4 0.3014 0.6986 
       h0571  4 0.4569 0.5431 
       h0581  4 0.3643 0.6357 
       h0591  4 0.0284 0.9716 
       h0601  4 0.2933 0.7067 
       h0611  4 0.3822 0.6178 
       h0621  4 0.2819 0.7181 
       h0631  4 0.2817 0.7183 
       h0641  4 0.2991 0.7009 
       h0651  4 0.0317 0.9683 
       h0661  4 0.3253 0.6747 
       h0671  4 0.3009 0.6991 
       h0681  4 0.2977 0.7023 
       h0691  4 0.1269 0.8731 
       h0701  4 0.2642 0.7358 
       h0711  4 0.2939 0.7061 
       h0721  4 0.4442 0.5558 
       h0731  4 0.1506 0.8494 
       h0741  4 0.2737 0.7263 
       h0751  4 0.3378 0.6622 
       h0761  4 0.0239 0.9761 
       h0771  4 0.0506 0.9494 
       h0781  4 0.1655 0.8345 
       h0791  4 0.3405 0.6595 
       h0801  4 0.1872 0.8128 
       h0811  4 0.3065 0.6935 
       h0821  4 0.1102 0.8898 
       h0831  4 0.2452 0.7548 
       h0841  4 0.2150 0.7850 
       h0851  4 0.3106 0.6894 
       h0861  4 0.0218 0.9782 
       h0871  4 0.2637 0.7363 
       h0881  4 0.2537 0.7463 
       h0891  4 0.3087 0.6913 
       h0901  4 0.0960 0.9040 
       h0911  4 0.2526 0.7474 
       h0921  4 0.3098 0.6902 
       h0931  4 0.3056 0.6944 
       h0941  4 0.2882 0.7118 
       h0951  4 0.1412 0.8588 
       h0961  4 0.3138 0.6862 
       h0971  4 0.2924 0.7076 
       h0981  4 0.3447 0.6553 
       h0991  4 0.0649 0.9351 
       h1001  4 0.1839 0.8161 
       h0012  5 0.5232 0.4768 
       h0022  5 0.3904 0.6096 
       h0032  5 0.5164 0.4836 
       h0042  5 0.5254 0.4746 
       h0052  5 0.6084 0.3916 
       h0062  5 0.5001 0.4999 
       h0072  5 0.5540 0.4460 
       h0082  5 0.4323 0.5677 
       h0092  5 0.3191 0.6809 
       h0102  5 0.5266 0.4734 
       h0112  5 0.4363 0.5637 
       h0122  5 0.5024 0.4976 
       h0132  5 0.5686 0.4314 
       h0142  5 0.5679 0.4321 
       h0152  5 0.7352 0.2648 
       h0162  5 0.4392 0.5608 
       h0172  5 0.5518 0.4482 
       h0182  5 0.5375 0.4625 
       h0192  5 0.5870 0.4130 
       h0202  5 0.6090 0.3910 
       h0212  5 0.6367 0.3633 
       h0222  5 0.4433 0.5567 
       h0232  5 0.4720 0.5280 
       h0242  5 0.4506 0.5494 
       h0252  5 0.4256 0.5744 
       h0262  5 0.4370 0.5630 
       h0272  5 0.6617 0.3383 
       h0282  5 0.4951 0.5049 
       h0292  5 0.4847 0.5153 
       h0302  5 0.5263 0.4737 
       h0312  5 0.4538 0.5462 
       h0322  5 0.4534 0.5466 
       h0332  5 0.5524 0.4476 
       h0342  5 0.4805 0.5195 
       h0352  5 0.5530 0.4470 
       h0362  5 0.4199 0.5801 
       h0372  5 0.3495 0.6505 
       h0382  5 0.5373 0.4627 
       h0392  5 0.4266 0.5734 
       h0402  5 0.4808 0.5192 
       h0412  5 0.4545 0.5455 
       h0422  5 0.4818 0.5182 
       h0432  5 0.4060 0.5940 
       h0442  5 0.5184 0.4816 
       h0452  5 0.5685 0.4315 
       h0462  5 0.5623 0.4377 
       h0472  5 0.4590 0.5410 
       h0482  5 0.4330 0.5670 
       h0492  5 0.5642 0.4358 
       h0502  5 0.5383 0.4617 
       h0512  5 0.6002 0.3998 
       h0522  5 0.4790 0.5210 
       h0532  5 0.6567 0.3433 
       h0542  5 0.4425 0.5575 
       h0552  5 0.6105 0.3895 
       h0562  5 0.5051 0.4949 
       h0572  5 0.4386 0.5614 
       h0582  5 0.3769 0.6231 
       h0592  5 0.5750 0.4250 
       h0602  5 0.5316 0.4684 
       h0612  5 0.4721 0.5279 
       h0622  5 0.5721 0.4279 
       h0632  5 0.5858 0.4142 
       h0642  5 0.3755 0.6245 
       h0652  5 0.4308 0.5692 
       h0662  5 0.5275 0.4725 
       h0672  5 0.3410 0.6590 
       h0682  5 0.3814 0.6186 
       h0692  5 0.4211 0.5789 
       h0702  5 0.5520 0.4480 
       h0712  5 0.5871 0.4129 
       h0722  5 0.6184 0.3816 
       h0732  5 0.4198 0.5802 
       h0742  5 0.4691 0.5309 
       h0752  5 0.5431 0.4569 
       h0762  5 0.5211 0.4789 
       h0772  5 0.4775 0.5225 
       h0782  5 0.5442 0.4558 
       h0792  5 0.5399 0.4601 
       h0802  5 0.5679 0.4321 
       h0812  5 0.5412 0.4588 
       h0822  5 0.4639 0.5361 
       h0832  5 0.6286 0.3714 
       h0842  5 0.5528 0.4472 
       h0852  5 0.5452 0.4548 
       h0862  5 0.5245 0.4755 
       h0872  5 0.4306 0.5694 
       h0882  5 0.5402 0.4598 
       h0892  5 0.4367 0.5633 
       h0902  5 0.4866 0.5134 
       h0912  5 0.4542 0.5458 
       h0922  5 0.5438 0.4562 
       h0932  5 0.4621 0.5379 
       h0942  5 0.5914 0.4086 
       h0952  5 0.4698 0.5302 
       h0962  5 0.5506 0.4494 
       h0972  5 0.5099 0.4901 
       h0982  5 0.4276 0.5724 
       h0992  5 0.4246 0.5754 
       h1002  5 0.3991 0.6009 
       h0013  6 0.7669 0.2331 
       h0023  6 0.7403 0.2597 
       h0033  6 0.9806 0.0194 
       h0043  6 0.6477 0.3523 
       h0053  6 0.8223 0.1777 
       h0063  6 0.6968 0.3032 
       h0073  6 0.6609 0.3391 
       h0083  6 0.8856 0.1144 
       h0093  6 0.8528 0.1472 
       h0103  6 0.7579 0.2421 
       h0113  6 0.6376 0.3624 
       h0123  6 0.7860 0.2140 
       h0133  6 0.7519 0.2481 
       h0143  6 0.6656 0.3344 
       h0153  6 0.6998 0.3002 
       h0163  6 0.8920 0.1080 
       h0173  6 0.7972 0.2028 
       h0183  6 0.7704 0.2296 
       h0193  6 0.8365 0.1635 
       h0203  6 0.6657 0.3343 
       h0213  6 0.8123 0.1877 
       h0223  6 0.8793 0.1207 
       h0233  6 0.8546 0.1454 
       h0243  6 0.6734 0.3266 
       h0253  6 0.8093 0.1907 
       h0263  6 0.9173 0.0827 
       h0273  6 0.7326 0.2674 
       h0283  6 0.8279 0.1721 
       h0293  6 0.6576 0.3424 
       h0303  6 0.6804 0.3196 
       h0313  6 0.8523 0.1477 
       h0323  6 0.6515 0.3485 
       h0333  6 0.8924 0.1076 
       h0343  6 0.7702 0.2298 
       h0353  6 0.7309 0.2691 
       h0363  6 0.7805 0.2195 
       h0373  6 0.8680 0.1320 
       h0383  6 0.8729 0.1271 
       h0393  6 0.7676 0.2324 
       h0403  6 0.7880 0.2120 
       h0413  6 0.7516 0.2484 
       h0423  6 0.8606 0.1394 
       h0433  6 0.8208 0.1792 
       h0443  6 0.7610 0.2390 
       h0453  6 0.7383 0.2617 
       h0463  6 0.7854 0.2146 
       h0473  6 0.7563 0.2437 
       h0483  6 0.7587 0.2413 
       h0493  6 0.9068 0.0932 
       h0503  6 0.5503 0.4497 
       h0513  6 0.7611 0.2389 
       h0523  6 0.6292 0.3708 
       h0533  6 0.6497 0.3503 
       h0543  6 0.6780 0.3220 
       h0553  6 0.8681 0.1319 
       h0563  6 0.8516 0.1484 
       h0573  6 0.5614 0.4386 
       h0583  6 0.7505 0.2495 
       h0593  6 0.6872 0.3128 
       h0603  6 0.7729 0.2271 
       h0613  6 0.7940 0.2060 
       h0623  6 0.6742 0.3258 
       h0633  6 0.6357 0.3643 
       h0643  6 0.8229 0.1771 
       h0653  6 0.6289 0.3711 
       h0663  6 0.5947 0.4053 
       h0673  6 0.7151 0.2849 
       h0683  6 0.6058 0.3942 
       h0693  6 0.7916 0.2084 
       h0703  6 0.8563 0.1437 
       h0713  6 0.7847 0.2153 
       h0723  6 0.7120 0.2880 
       h0733  6 0.8108 0.1892 
       h0743  6 0.6156 0.3844 
       h0753  6 0.8816 0.1184 
       h0763  6 0.6252 0.3748 
       h0773  6 0.9623 0.0377 
       h0783  6 0.6796 0.3204 
       h0793  6 0.7748 0.2252 
       h0803  6 0.7393 0.2607 
       h0813  6 0.7095 0.2905 
       h0823  6 0.7646 0.2354 
       h0833  6 0.6577 0.3423 
       h0843  6 0.7930 0.2070 
       h0853  6 0.7172 0.2828 
       h0863  6 0.7134 0.2866 
       h0873  6 0.7874 0.2126 
       h0883  6 0.6257 0.3743 
       h0893  6 0.4713 0.5287 
       h0903  6 0.6702 0.3298 
       h0913  6 0.8935 0.1065 
       h0923  6 0.6496 0.3504 
       h0933  6 0.7665 0.2335 
       h0943  6 0.7532 0.2468 
       h0953  6 0.7080 0.2920 
       h0963  6 0.6893 0.3107 
       h0973  6 0.7770 0.2230 
       h0983  6 0.7347 0.2653 
       h0993  6 0.6158 0.3842 
       h1003  6 0.7780 0.2220 
       h0014  7 0.8913 0.1087 
       h0024  7 0.8643 0.1357 
       h0034  7 0.8242 0.1758 
       h0044  7 0.8397 0.1603 
       h0054  7 0.7983 0.2017 
       h0064  7 0.8092 0.1908 
       h0074  7 0.9117 0.0883 
       h0084  7 0.7976 0.2024 
       h0094  7 0.8971 0.1029 
       h0104  7 0.9584 0.0416 
       h0114  7 0.9833 0.0167 
       h0124  7 0.8599 0.1401 
       h0134  7 0.7115 0.2885 
       h0144  7 0.9930 0.0070 
       h0154  7 0.8865 0.1135 
       h0164  7 0.7896 0.2104 
       h0174  7 0.9112 0.0888 
       h0184  7 0.9939 0.0061 
       h0194  7 0.9778 0.0222 
       h0204  7 0.7572 0.2428 
       h0214  7 0.7903 0.2097 
       h0224  7 0.8956 0.1044 
       h0234  7 0.9313 0.0687 
       h0244  7 0.8311 0.1689 
       h0254  7 0.8343 0.1657 
       h0264  7 0.9800 0.0200 
       h0274  7 0.9428 0.0572 
       h0284  7 0.8588 0.1412 
       h0294  7 0.9898 0.0102 
       h0304  7 0.8077 0.1923 
       h0314  7 0.9216 0.0784 
       h0324  7 0.8296 0.1704 
       h0334  7 0.8602 0.1398 
       h0344  7 0.9918 0.0082 
       h0354  7 0.8609 0.1391 
       h0364  7 0.7148 0.2852 
       h0374  7 0.9487 0.0513 
       h0384  7 0.8769 0.1231 
       h0394  7 0.8559 0.1441 
       h0404  7 0.9864 0.0136 
       h0414  7 0.8432 0.1568 
       h0424  7 0.9494 0.0506 
       h0434  7 0.9941 0.0059 
       h0444  7 0.9894 0.0106 
       h0454  7 0.9162 0.0838 
       h0464  7 0.9078 0.0922 
       h0474  7 0.8236 0.1764 
       h0484  7 0.8931 0.1069 
       h0494  7 0.9895 0.0105 
       h0504  7 0.8329 0.1671 
       h0514  7 0.9709 0.0291 
       h0524  7 0.9471 0.0529 
       h0534  7 0.8583 0.1417 
       h0544  7 0.6938 0.3062 
       h0554  7 0.8218 0.1782 
       h0564  7 0.9530 0.0470 
       h0574  7 0.9022 0.0978 
       h0584  7 0.8499 0.1501 
       h0594  7 0.8472 0.1528 
       h0604  7 0.9182 0.0818 
       h0614  7 0.7816 0.2184 
       h0624  7 0.7511 0.2489 
       h0634  7 0.9243 0.0757 
       h0644  7 0.9655 0.0345 
       h0654  7 0.8197 0.1803 
       h0664  7 0.8154 0.1846 
       h0674  7 0.9236 0.0764 
       h0684  7 0.9557 0.0443 
       h0694  7 0.9673 0.0327 
       h0704  7 0.6588 0.3412 
       h0714  7 0.9917 0.0083 
       h0724  7 0.7604 0.2396 
       h0734  7 0.8362 0.1638 
       h0744  7 0.9034 0.0966 
       h0754  7 0.8780 0.1220 
       h0764  7 0.9949 0.0051 
       h0774  7 0.8915 0.1085 
       h0784  7 0.8597 0.1403 
       h0794  7 0.9932 0.0068 
       h0804  7 0.8622 0.1378 
       h0814  7 0.8825 0.1175 
       h0824  7 0.7298 0.2702 
       h0834  7 0.8902 0.1098 
       h0844  7 0.8864 0.1136 
       h0854  7 0.9418 0.0582 
       h0864  7 0.7899 0.2101 
       h0874  7 0.8053 0.1947 
       h0884  7 0.8126 0.1874 
       h0894  7 0.8838 0.1162 
       h0904  7 0.8492 0.1508 
       h0914  7 0.8774 0.1226 
       h0924  7 0.8334 0.1666 
       h0934  7 0.8782 0.1218 
       h0944  7 0.8513 0.1487 
       h0954  7 0.9009 0.0991 
       h0964  7 0.8183 0.1817 
       h0974  7 0.9890 0.0110 
       h0984  7 0.9257 0.0743 
       h0994  7 0.7756 0.2244 
       h1004  7 0.6628 0.3372 
     CK.0PLA  8 0.9891 0.0109 
     CK.0PLC  8 0.9863 0.0137 
     CK.0PLE  8 0.9936 0.0064 
     CK.0PLF  8 0.9642 0.0358 
     CK.0PLH  8 0.9926 0.0074 
     CK.0PLJ  8 0.9919 0.0081 
     CK.0PLK  8 0.9944 0.0056 
     CK.0PLL  8 0.9904 0.0096 
     CK.0PLM  8 0.9927 0.0073 
     CK.0PLP  8 0.9917 0.0083 
     CK.0PLT  8 0.9949 0.0051 
     CK.0PLU  8 0.9934 0.0066 
     CK.0PLX  8 0.9885 0.0115 
     CK.0PLY  8 0.9949 0.0051 
     CK.0PM0  8 0.9936 0.0064 
     CK.0PM1  8 0.9943 0.0057 
     CK.0PM2  8 0.9923 0.0077 
     CK.0PM3  8 0.9905 0.0095 
     CK.0PM4  8 0.9904 0.0096 
     CK.0PM7  8 0.9939 0.0061 
     CK.0PM8  8 0.9946 0.0054 
     CK.0PMA  8 0.9905 0.0095 
       M2C06  8 0.9940 0.0060 
       M2C07  8 0.9952 0.0048 
       M2C08  8 0.9952 0.0048 
       M2C0A  8 0.9938 0.0062 
       M2C0C  8 0.9943 0.0057 
       M2C0E  8 0.9939 0.0061 
      h00111  9 0.9925 0.0075 
      h00211  9 0.9924 0.0076 
      h00311  9 0.9932 0.0068 
      h00411  9 0.9910 0.0090 
      h00511  9 0.9941 0.0059 
      h00611  9 0.9939 0.0061 
      h00711  9 0.9930 0.0070 
      h00811  9 0.9944 0.0056 
      h00911  9 0.9919 0.0081 
      h01011  9 0.9944 0.0056 
      h01111  9 0.9948 0.0052 
      h01211  9 0.9880 0.0120 
      h01311  9 0.9947 0.0053 
      h01411  9 0.9951 0.0049 
      h01511  9 0.9934 0.0066 
      h01611  9 0.9951 0.0049 
      h01711  9 0.9934 0.0066 
      h01811  9 0.9946 0.0054 
      h01911  9 0.9929 0.0071 
      h02011  9 0.9942 0.0058 
      h02111  9 0.9908 0.0092 
      h02211  9 0.9923 0.0077 
      h02311  9 0.9914 0.0086 
      h02411  9 0.9947 0.0053 
      h02511  9 0.9930 0.0070 
      h02611  9 0.9924 0.0076 
      h02711  9 0.9923 0.0077 
      h02811  9 0.9945 0.0055 
      h02911  9 0.9926 0.0074 
      h03011  9 0.9949 0.0051 
      h03111  9 0.9932 0.0068 
      h03211  9 0.9935 0.0065 
      h03311  9 0.9933 0.0067 
      h03411  9 0.9952 0.0048 
      h03511  9 0.9920 0.0080 
      h03611  9 0.9939 0.0061 
      h03711  9 0.9902 0.0098 
      h03811  9 0.9940 0.0060 
      h03911  9 0.9898 0.0102 
      h04011  9 0.9942 0.0058 
      h04111  9 0.9933 0.0067 
      h04211  9 0.9923 0.0077 
      h04311  9 0.9944 0.0056 
      h04411  9 0.9934 0.0066 
      h04511  9 0.9944 0.0056 
      h04611  9 0.9926 0.0074 
      h04711  9 0.9942 0.0058 
      h04811  9 0.9929 0.0071 
      h04911  9 0.9935 0.0065 
      h05011  9 0.9940 0.0060 
      h05111  9 0.9953 0.0047 
      h05211  9 0.9909 0.0091 
      h05311  9 0.9428 0.0572 
      h05411  9 0.9940 0.0060 
      h05511  9 0.9947 0.0053 
      h05611  9 0.9917 0.0083 
      h05711  9 0.9929 0.0071 
      h05811  9 0.9943 0.0057 
      h05911  9 0.9946 0.0054 
      h06011  9 0.9925 0.0075 
      h06111  9 0.9945 0.0055 
      h06211  9 0.9908 0.0092 
      h06311  9 0.9950 0.0050 
      h06411  9 0.9935 0.0065 
      h06511  9 0.9933 0.0067 
      h06611  9 0.9937 0.0063 
      h06711  9 0.9928 0.0072 
      h06811  9 0.9915 0.0085 
      h06911  9 0.9947 0.0053 
      h07011  9 0.9934 0.0066 
      h07111  9 0.9952 0.0048 
      h07211  9 0.9951 0.0049 
      h07311  9 0.9895 0.0105 
      h07411  9 0.9937 0.0063 
      h07511  9 0.9952 0.0048 
      h07611  9 0.9939 0.0061 
      h07711  9 0.9900 0.0100 
      h07811  9 0.9910 0.0090 
      h07911  9 0.9922 0.0078 
      h08011  9 0.9930 0.0070 
      h08111  9 0.9926 0.0074 
      h08211  9 0.9942 0.0058 
      h08311  9 0.9935 0.0065 
      h08411  9 0.9915 0.0085 
      h08511  9 0.9928 0.0072 
      h08611  9 0.9914 0.0086 
      h08711  9 0.9946 0.0054 
      h08811  9 0.9928 0.0072 
      h08911  9 0.9926 0.0074 
      h09011  9 0.9909 0.0091 
      h09111  9 0.9915 0.0085 
      h09211  9 0.9768 0.0232 
      h09311  9 0.9954 0.0046 
      h09411  9 0.9947 0.0053 
      h09511  9 0.9943 0.0057 
      h09611  9 0.9951 0.0049 
      h09711  9 0.9934 0.0066 
      h09811  9 0.9954 0.0046 
      h09911  9 0.9932 0.0068 
      h10011  9 0.9917 0.0083 
       h1011  9 0.9907 0.0093 
       h1021  9 0.9922 0.0078 
       h1031  9 0.9869 0.0131 
       h1041  9 0.9870 0.0130 
       h1051  9 0.9917 0.0083 
       h1061  9 0.9947 0.0053 
       h1071  9 0.9940 0.0060 
       h1081  9 0.9941 0.0059 
       h1091  9 0.9921 0.0079 
       h1101  9 0.9904 0.0096 
       h1111  9 0.9948 0.0052 
       h1121  9 0.9939 0.0061 
       h1131  9 0.9928 0.0072 
       h1141  9 0.9932 0.0068 
       h1151  9 0.9946 0.0054 
       h1161  9 0.9947 0.0053 
       h1171  9 0.9921 0.0079 
       h1181  9 0.9840 0.0160 
       h1191  9 0.9945 0.0055 
       h1201  9 0.9930 0.0070 
       h1211  9 0.9937 0.0063 
       h1221  9 0.9947 0.0053 
       h1231  9 0.9917 0.0083 
       h1241  9 0.9947 0.0053 
       h1251  9 0.9882 0.0118 
       h1261  9 0.9952 0.0048 
       h1271  9 0.9931 0.0069 
       h1281  9 0.9949 0.0051 
       h1291  9 0.9933 0.0067 
       h1301  9 0.9951 0.0049 
       h1311  9 0.9936 0.0064 
       h1321  9 0.9938 0.0062 
       h1331  9 0.9938 0.0062 
       h1341  9 0.9929 0.0071 
       h1351  9 0.9950 0.0050 
       h1361  9 0.9953 0.0047 
       h1371  9 0.9896 0.0104 
       h1381  9 0.9942 0.0058 
       h1391  9 0.9913 0.0087 
       h1401  9 0.9940 0.0060 
       h1411  9 0.9943 0.0057 
       h1421  9 0.9936 0.0064 
       h1431  9 0.9932 0.0068 
       h1441  9 0.9934 0.0066 
       h1451  9 0.9947 0.0053 
       h1461  9 0.9940 0.0060 
       h1471  9 0.9886 0.0114 
       h1481  9 0.9913 0.0087 
       h1491  9 0.9926 0.0074 
       h1501  9 0.9933 0.0067 
       h1511  9 0.9917 0.0083 
       h1521  9 0.9943 0.0057 
       h1531  9 0.9833 0.0167 
       h1541  9 0.9936 0.0064 
       h1551  9 0.9937 0.0063 
       h1561  9 0.9951 0.0049 
       h1571  9 0.9908 0.0092 
       h1581  9 0.9829 0.0171 
       h1591  9 0.9942 0.0058 
       h1601  9 0.9916 0.0084 
       h1611  9 0.9929 0.0071 
       h1621  9 0.9928 0.0072 
       h1631  9 0.9899 0.0101 
       h1641  9 0.9860 0.0140 
       h1651  9 0.9917 0.0083 
       h1661  9 0.9945 0.0055 
       h1671  9 0.9942 0.0058 
       h1681  9 0.9927 0.0073 
       h1691  9 0.9880 0.0120 
       h1701  9 0.9934 0.0066 
       h1711  9 0.9931 0.0069 
       h1721  9 0.9926 0.0074 
       h1731  9 0.9934 0.0066 
       h1741  9 0.9938 0.0062 
       h1751  9 0.9901 0.0099 
       h1761  9 0.9942 0.0058 
       h1771  9 0.9940 0.0060 
       h1781  9 0.9927 0.0073 
       h1791  9 0.9949 0.0051 
       h1801  9 0.9952 0.0048 
       h1811  9 0.9953 0.0047 
       h1821  9 0.9858 0.0142 
       h1831  9 0.9947 0.0053 
       h1841  9 0.9944 0.0056 
       h1851  9 0.9944 0.0056 
       h1861  9 0.9889 0.0111 
       h1871  9 0.9939 0.0061 
       h1881  9 0.9937 0.0063 
       h1891  9 0.9919 0.0081 
       h1901  9 0.9802 0.0198 
       h1911  9 0.9848 0.0152 
       h1921  9 0.9941 0.0059 
       h1931  9 0.9922 0.0078 
       h1941  9 0.9903 0.0097 
       h1951  9 0.9919 0.0081 
       h1961  9 0.9924 0.0076 
       h1971  9 0.9940 0.0060 
       h1981  9 0.9937 0.0063 
       h1991  9 0.9934 0.0066 
       h2001  9 0.9945 0.0055 
       h2011  9 0.9863 0.0137 
       h2021  9 0.9941 0.0059 
       h2031  9 0.9925 0.0075 
       h2041  9 0.9927 0.0073 
       h2051  9 0.9951 0.0049 
       h2061  9 0.9925 0.0075 
       h2071  9 0.9918 0.0082 
       h2081  9 0.9948 0.0052 
       h2091  9 0.9937 0.0063 
       h2101  9 0.9938 0.0062 
       h2111  9 0.9938 0.0062 
       h2121  9 0.9929 0.0071 
       h2131  9 0.9900 0.0100 
       h2141  9 0.9946 0.0054 
       h2151  9 0.9930 0.0070 
       h2161  9 0.9940 0.0060 
       h2171  9 0.9914 0.0086 
       h2181  9 0.9928 0.0072 
       h2191  9 0.9942 0.0058 
       h2201  9 0.9908 0.0092 
       h2211  9 0.9931 0.0069 
       h2221  9 0.9932 0.0068 
       h2231  9 0.9943 0.0057 
       h2241  9 0.9930 0.0070 
       h2251  9 0.9864 0.0136 
       h2261  9 0.9847 0.0153 
       h2271  9 0.9921 0.0079 
       h2281  9 0.9928 0.0072 
       h2291  9 0.9922 0.0078 
       h2301  9 0.9919 0.0081 
       h2311  9 0.9927 0.0073 
       h2321  9 0.9807 0.0193 
       h2331  9 0.9884 0.0116 
       h2341  9 0.9945 0.0055 
       h2351  9 0.9938 0.0062 
       h2361  9 0.9943 0.0057 
       h2371  9 0.9931 0.0069 
       h2381  9 0.9948 0.0052 
       h2391  9 0.9943 0.0057 
       h2401  9 0.9915 0.0085 
       h2411  9 0.9787 0.0213 
       h2421  9 0.9926 0.0074 
       h2431  9 0.9936 0.0064 
       h2441  9 0.9915 0.0085 
       h2451  9 0.9938 0.0062 
       h2461  9 0.9931 0.0069 
       h2471  9 0.9935 0.0065 
       h2481  9 0.9906 0.0094 
       h2491  9 0.9954 0.0046 
       h2501  9 0.9947 0.0053 
       h2511  9 0.9939 0.0061 
       h2521  9 0.9930 0.0070 
       h2531  9 0.9935 0.0065 
       h2541  9 0.9912 0.0088 
       h2551  9 0.9954 0.0046 
       h2561  9 0.9917 0.0083 
       h2571  9 0.9942 0.0058 
       h2581  9 0.9805 0.0195 
       h2591  9 0.9923 0.0077 
       h2601  9 0.9945 0.0055 
       h2611  9 0.9928 0.0072 
       h2621  9 0.9943 0.0057 
       h2631  9 0.9928 0.0072 
       h2641  9 0.9949 0.0051 
       h2651  9 0.9921 0.0079 
       h2661  9 0.9932 0.0068 
       h2671  9 0.9944 0.0056 
       h2681  9 0.9941 0.0059 
       h2691  9 0.9939 0.0061 
       h2701  9 0.9915 0.0085 
       h2711  9 0.9912 0.0088 
       h2721  9 0.9897 0.0103 
       h2731  9 0.9930 0.0070 
       h2741  9 0.9934 0.0066 
       h2751  9 0.9940 0.0060 
       h2761  9 0.9947 0.0053 
       h2771  9 0.9925 0.0075 
       h2781  9 0.9915 0.0085 
       h2791  9 0.9948 0.0052 
       h2801  9 0.9926 0.0074 
       h2811  9 0.9895 0.0105 
       h2821  9 0.9938 0.0062 
       h2831  9 0.9931 0.0069 
       h2841  9 0.9943 0.0057 
       h2851  9 0.9942 0.0058 
       h2861  9 0.9917 0.0083 
       h2871  9 0.9871 0.0129 
       h2881  9 0.9910 0.0090 
       h2891  9 0.9948 0.0052 
       h2901  9 0.9754 0.0246 
       h2911  9 0.9935 0.0065 
       h2921  9 0.9921 0.0079 
       h2931  9 0.9900 0.0100 
       h2941  9 0.9926 0.0074 
       h2951  9 0.9941 0.0059 
       h2961  9 0.9953 0.0047 
       h2971  9 0.9933 0.0067 
       h2981  9 0.9939 0.0061 
       h2991  9 0.9917 0.0083 
       h3001  9 0.9926 0.0074 
       h3011  9 0.9941 0.0059 
       h3021  9 0.9919 0.0081 
       h3031  9 0.9918 0.0082 
       h3041  9 0.9936 0.0064 
       h3051  9 0.9905 0.0095 
       h3061  9 0.9855 0.0145 
       h3071  9 0.9942 0.0058 
       h3081  9 0.9948 0.0052 
       h3091  9 0.9957 0.0043 
       h3101  9 0.9952 0.0048 
       h3111  9 0.9931 0.0069 
       h3121  9 0.9936 0.0064 
       h3131  9 0.9932 0.0068 
       h3141  9 0.9942 0.0058 
       h3151  9 0.9935 0.0065 
       h3161  9 0.9956 0.0044 
       h3171  9 0.9942 0.0058 
       h3181  9 0.9938 0.0062 
       h3191  9 0.9942 0.0058 
       h3201  9 0.9925 0.0075 
       h3211  9 0.9929 0.0071 
       h3221  9 0.9899 0.0101 
       h3231  9 0.9930 0.0070 
       h3241  9 0.9937 0.0063 
       h3251  9 0.9918 0.0082 
       h3261  9 0.9926 0.0074 
       h3271  9 0.9922 0.0078 
       h3281  9 0.9924 0.0076 
       h3291  9 0.9888 0.0112 
       h3301  9 0.9918 0.0082 
       h3311  9 0.9917 0.0083 
       h3321  9 0.9914 0.0086 
       h3331  9 0.9943 0.0057 
       h3341  9 0.9937 0.0063 
       h3351  9 0.9934 0.0066 
       h3361  9 0.9941 0.0059 
       h3371  9 0.9933 0.0067 
       h3381  9 0.9923 0.0077 
       h3391  9 0.9941 0.0059 
       h3401  9 0.9924 0.0076 
       h3411  9 0.9942 0.0058 
       h3421  9 0.9940 0.0060 
       h3431  9 0.9945 0.0055 
       h3441  9 0.9940 0.0060 
       h3451  9 0.9916 0.0084 
       h3461  9 0.9946 0.0054 
       h3471  9 0.9932 0.0068 
       h3481  9 0.9926 0.0074 
       h3491  9 0.9925 0.0075 
       h3501  9 0.9908 0.0092 
       h3511  9 0.9929 0.0071 
       h3521  9 0.9937 0.0063 
       h3531  9 0.9932 0.0068 
       h3541  9 0.9941 0.0059 
       h3551  9 0.9947 0.0053 
       h3561  9 0.9934 0.0066 
       h3571  9 0.9941 0.0059 
       h3581  9 0.9939 0.0061 
       h3591  9 0.9936 0.0064 
       h3601  9 0.9925 0.0075 
       h3611  9 0.9875 0.0125 
       h3621  9 0.9941 0.0059 
       h3631  9 0.9930 0.0070 
       h3641  9 0.9890 0.0110 
       h3651  9 0.9929 0.0071 
       h3661  9 0.9933 0.0067 
       h3671  9 0.9940 0.0060 
       h3681  9 0.9932 0.0068 
       h3691  9 0.9914 0.0086 
       h3701  9 0.9940 0.0060 
       h3711  9 0.9918 0.0082 
       h3721  9 0.9942 0.0058 
       h3731  9 0.9883 0.0117 
       h3741  9 0.9939 0.0061 
       h3751  9 0.9883 0.0117 
       h3761  9 0.9683 0.0317 
       h3771  9 0.9923 0.0077 
       h3781  9 0.9901 0.0099 
       h3791  9 0.9928 0.0072 
       h3801  9 0.9909 0.0091 
       h3811  9 0.9937 0.0063 
       h3821  9 0.9918 0.0082 
       h3831  9 0.9935 0.0065 
       h3841  9 0.9938 0.0062 
       h3851  9 0.9907 0.0093 
       h3861  9 0.9910 0.0090 
       h3871  9 0.9946 0.0054 
       h3881  9 0.9905 0.0095 
       h3891  9 0.9949 0.0051 
       h3901  9 0.9924 0.0076 
       h3911  9 0.9929 0.0071 
       h3921  9 0.9948 0.0052 
       h3931  9 0.9912 0.0088 
       h3941  9 0.9928 0.0072 
       h3951  9 0.9943 0.0057 
       h3961  9 0.9906 0.0094 
       h3971  9 0.9915 0.0085 
       h3981  9 0.9952 0.0048 
       h3991  9 0.9905 0.0095 
       h4001  9 0.9935 0.0065 
        h401  9 0.9933 0.0067 
        h402  9 0.9957 0.0043 
        h403  9 0.9926 0.0074 
        h404  9 0.9909 0.0091 
        h405  9 0.9946 0.0054 
        h406  9 0.9938 0.0062 
        h407  9 0.9928 0.0072 
        h408  9 0.9920 0.0080 
        h409  9 0.9914 0.0086 
        h410  9 0.9899 0.0101 
        h411  9 0.9918 0.0082 
        h412  9 0.9953 0.0047 
        h413  9 0.9898 0.0102 
        h414  9 0.9871 0.0129 
        h415  9 0.9945 0.0055 
        h416  9 0.9934 0.0066 
        h417  9 0.9951 0.0049 
        h418  9 0.9935 0.0065 
        h419  9 0.9931 0.0069 
        h420  9 0.9947 0.0053 
        h421  9 0.9907 0.0093 
        h422  9 0.9944 0.0056 
        h423  9 0.9927 0.0073 
        h424  9 0.9931 0.0069 
        h425  9 0.9855 0.0145 
        h426  9 0.9899 0.0101 
        h427  9 0.9916 0.0084 
        h428  9 0.9925 0.0075 
        h429  9 0.9880 0.0120 
        h430  9 0.9940 0.0060 
        h431  9 0.9944 0.0056 
        h432  9 0.9914 0.0086 
        h433  9 0.9917 0.0083 
        h434  9 0.9885 0.0115 
        h435  9 0.9852 0.0148 
        h436  9 0.9932 0.0068 
        h437  9 0.9939 0.0061 
        h438  9 0.9937 0.0063 
        h439  9 0.9876 0.0124 
        h440  9 0.9926 0.0074 
        h441  9 0.9941 0.0059 
        h442  9 0.9908 0.0092 
        h443  9 0.9941 0.0059 
        h444  9 0.9933 0.0067 
        h445  9 0.9926 0.0074 
        h446  9 0.9939 0.0061 
        h447  9 0.9933 0.0067 
        h448  9 0.9950 0.0050 
        h449  9 0.9929 0.0071 
        h450  9 0.9933 0.0067 
        h451  9 0.9874 0.0126 
        h452  9 0.9791 0.0209 
        h453  9 0.9951 0.0049 
        h454  9 0.9930 0.0070 
        h455  9 0.9921 0.0079 
        h456  9 0.9928 0.0072 
        h457  9 0.9951 0.0049 
        h458  9 0.9937 0.0063 
        h459  9 0.9892 0.0108 
        h460  9 0.9927 0.0073 
        h461  9 0.9942 0.0058 
        h462  9 0.9941 0.0059 
        h463  9 0.9951 0.0049 
        h464  9 0.9909 0.0091 
        h465  9 0.9871 0.0129 
        h466  9 0.9925 0.0075 
        h467  9 0.9895 0.0105 
        h468  9 0.9941 0.0059 
        h469  9 0.9835 0.0165 
        h470  9 0.9940 0.0060 
        h471  9 0.9935 0.0065 
        h472  9 0.9943 0.0057 
