       M1EL5  1 0.0089 0.9911 
       W26T6  1 0.0252 0.9748 
       W26XX  1 0.0080 0.9920 
       M013P  1 0.0114 0.9886 
       M1ELA  1 0.0301 0.9699 
       M2C73  1 0.0091 0.9909 
       W23P4  1 0.0240 0.9760 
       W247C  1 0.0094 0.9906 
       W24K1  1 0.0073 0.9927 
       W24ME  1 0.0157 0.9843 
       W2514  1 0.0114 0.9886 
       W26MA  1 0.0181 0.9819 
       W26MM  1 0.0158 0.9842 
       W26MU  1 0.0091 0.9909 
       W26P0  1 0.0106 0.9894 
       W26P3  1 0.0067 0.9933 
       W26T5  1 0.0065 0.9935 
       W26TE  1 0.0137 0.9863 
       W26TF  1 0.0299 0.9701 
       W26U8  1 0.0179 0.9821 
       W26UJ  1 0.0096 0.9904 
       W26UK  1 0.0060 0.9940 
       W26UT  1 0.0067 0.9933 
       W26XT  1 0.0156 0.9844 
      CC06H2  1 0.0254 0.9746 
      CC06H4  1 0.0207 0.9793 
      CC06H5  1 0.0134 0.9866 
      CC06H6  1 0.0055 0.9945 
      CC06HE  1 0.0078 0.9922 
      CC06HF  1 0.0184 0.9816 
      CC06HH  1 0.0066 0.9934 
      CC06HJ  1 0.0148 0.9852 
      CC06HL  1 0.0077 0.9923 
      CC06HP  1 0.0062 0.9938 
      CC06HT  1 0.0144 0.9856 
      CC06HU  1 0.0296 0.9704 
      CC06HY  1 0.0167 0.9833 
      CC06J0  1 0.0168 0.9832 
      CC06J1  1 0.0308 0.9692 
      CC06J2  1 0.0122 0.9878 
     CT.0YCY  1 0.0104 0.9896 
     CT.0YEC  1 0.0084 0.9916 
     CT.0YEF  1 0.0073 0.9927 
     CT.0YEU  1 0.0055 0.9945 
     CT.0YF2  1 0.0162 0.9838 
     CT.0YF8  1 0.0047 0.9953 
     CT.0YFA  1 0.0054 0.9946 
     CT.0YFE  1 0.0093 0.9907 
     CT.0YFP  1 0.0356 0.9644 
     CT.0YFU  1 0.0085 0.9915 
     CT.0YK7  1 0.0175 0.9825 
     CX.10PT  1 0.0684 0.9316 
      DAM021  1 0.0090 0.9910 
      DAM034  1 0.0057 0.9943 
      DAM07X  1 0.0076 0.9924 
     EF.15J6  1 0.0080 0.9920 
      HRV010  1 0.0125 0.9875 
      HRV02J  1 0.0103 0.9897 
      HRV078  1 0.0112 0.9888 
      HRV0FH  1 0.0071 0.9929 
      HRV0H5  1 0.0102 0.9898 
      HRV0JF  1 0.0080 0.9920 
      HRV0JJ  1 0.0089 0.9911 
      HRV0JM  1 0.0070 0.9930 
      HRV0K6  1 0.0344 0.9656 
      HRV0K7  1 0.0082 0.9918 
      HRV0KP  1 0.0262 0.9738 
      HRV1AX  1 0.0114 0.9886 
      HRV1C4  1 0.0060 0.9940 
      HRV1CH  1 0.0093 0.9907 
      HRV1FA  1 0.0119 0.9881 
      HRV1FK  1 0.0223 0.9777 
      HRV1H8  1 0.0070 0.9930 
      HRV1HT  1 0.0150 0.9850 
      HRV1XU  1 0.0418 0.9582 
      HRV4TF  1 0.0086 0.9914 
      HRV6F0  1 0.0110 0.9890 
      HRVE6L  1 0.0213 0.9787 
       M27HM  1 0.0071 0.9929 
       M27HP  1 0.0074 0.9926 
       M2AK4  1 0.0084 0.9916 
       M2ALA  1 0.0075 0.9925 
       M2C56  1 0.0098 0.9902 
       M2CUX  1 0.0179 0.9821 
       M2E24  1 0.0066 0.9934 
       M2EA7  1 0.0098 0.9902 
       M2EH6  1 0.0081 0.9919 
       M2EKC  1 0.0175 0.9825 
      MSV083  1 0.0457 0.9543 
      MSV084  1 0.0078 0.9922 
      MSV0LJ  1 0.0098 0.9902 
      MSV1H5  1 0.0084 0.9916 
      MSV1KM  1 0.0072 0.9928 
      MSV23F  1 0.0338 0.9662 
      MSV2L8  1 0.0106 0.9894 
      MSV2P7  1 0.0094 0.9906 
      MSV2TJ  1 0.0060 0.9940 
      MSV2XM  1 0.0131 0.9869 
      MSV327  1 0.0115 0.9885 
      MSV33L  1 0.0066 0.9934 
       h0015  2 0.0174 0.9826 
       h0025  2 0.0071 0.9929 
       h0035  2 0.0098 0.9902 
       h0045  2 0.0519 0.9481 
       h0055  2 0.0081 0.9919 
       h0065  2 0.0072 0.9928 
       h0075  2 0.0081 0.9919 
       h0085  2 0.0200 0.9800 
       h0095  2 0.0109 0.9891 
       h0105  2 0.0140 0.9860 
       h0115  2 0.0084 0.9916 
       h0125  2 0.0065 0.9935 
       h0135  2 0.0218 0.9782 
       h0145  2 0.0089 0.9911 
       h0155  2 0.0070 0.9930 
       h0165  2 0.0594 0.9406 
       h0175  2 0.0092 0.9908 
       h0185  2 0.0058 0.9942 
       h0195  2 0.0130 0.9870 
       h0205  2 0.0108 0.9892 
       h0215  2 0.0149 0.9851 
       h0225  2 0.0062 0.9938 
       h0235  2 0.0059 0.9941 
       h0245  2 0.0116 0.9884 
       h0255  2 0.0098 0.9902 
       h0265  2 0.0110 0.9890 
       h0275  2 0.0090 0.9910 
       h0285  2 0.0503 0.9497 
       h0295  2 0.0114 0.9886 
       h0305  2 0.0096 0.9904 
       h0315  2 0.0157 0.9843 
       h0325  2 0.0119 0.9881 
       h0335  2 0.0069 0.9931 
       h0345  2 0.0068 0.9932 
       h0355  2 0.0125 0.9875 
       h0365  2 0.0133 0.9867 
       h0375  2 0.0079 0.9921 
       h0385  2 0.0194 0.9806 
       h0395  2 0.0063 0.9937 
       h0405  2 0.0054 0.9946 
       h0415  2 0.0074 0.9926 
       h0425  2 0.0089 0.9911 
       h0435  2 0.0155 0.9845 
       h0445  2 0.0079 0.9921 
       h0455  2 0.0088 0.9912 
       h0465  2 0.0172 0.9828 
       h0475  2 0.0051 0.9949 
       h0485  2 0.0108 0.9892 
       h0495  2 0.0071 0.9929 
       h0505  2 0.0087 0.9913 
       h0515  2 0.0186 0.9814 
       h0525  2 0.0090 0.9910 
       h0535  2 0.0120 0.9880 
       h0545  2 0.0084 0.9916 
       h0555  2 0.0356 0.9644 
       h0565  2 0.0104 0.9896 
       h0575  2 0.0074 0.9926 
       h0585  2 0.0087 0.9913 
       h0595  2 0.0071 0.9929 
       h0605  2 0.0153 0.9847 
       h0615  2 0.0169 0.9831 
       h0625  2 0.0142 0.9858 
       h0635  2 0.0452 0.9548 
       h0645  2 0.0085 0.9915 
       h0655  2 0.0104 0.9896 
       h0665  2 0.0102 0.9898 
       h0675  2 0.0071 0.9929 
       h0685  2 0.0400 0.9600 
       h0695  2 0.0248 0.9752 
       h0705  2 0.0096 0.9904 
       h0715  2 0.0113 0.9887 
       h0725  2 0.0131 0.9869 
       h0735  2 0.0063 0.9937 
       h0745  2 0.0072 0.9928 
       h0755  2 0.0073 0.9927 
       h0765  2 0.0103 0.9897 
       h0775  2 0.0237 0.9763 
       h0785  2 0.0229 0.9771 
       h0795  2 0.0136 0.9864 
       h0805  2 0.0133 0.9867 
       h0815  2 0.0179 0.9821 
       h0825  2 0.0205 0.9795 
       h0835  2 0.0116 0.9884 
       h0845  2 0.0052 0.9948 
       h0855  2 0.0057 0.9943 
       h0865  2 0.0056 0.9944 
       h0875  2 0.0096 0.9904 
       h0885  2 0.0064 0.9936 
       h0895  2 0.0095 0.9905 
       h0905  2 0.0192 0.9808 
       h0915  2 0.0145 0.9855 
       h0925  2 0.0103 0.9897 
       h0935  2 0.0178 0.9822 
       h0945  2 0.0378 0.9622 
       h0955  2 0.0100 0.9900 
       h0965  2 0.0123 0.9877 
       h0975  2 0.0067 0.9933 
       h0985  2 0.0333 0.9667 
       h0995  2 0.0105 0.9895 
       h1005  2 0.0074 0.9926 
        h101  2 0.0089 0.9911 
        h102  2 0.0956 0.9044 
        h103  2 0.0219 0.9781 
        h104  2 0.0085 0.9915 
        h105  2 0.0074 0.9926 
        h106  2 0.0118 0.9882 
        h107  2 0.0074 0.9926 
        h108  2 0.0170 0.9830 
        h109  2 0.0064 0.9936 
        h110  2 0.0102 0.9898 
        h111  2 0.0121 0.9879 
        h112  2 0.0078 0.9922 
        h113  2 0.0084 0.9916 
        h114  2 0.0104 0.9896 
        h115  2 0.0186 0.9814 
        h116  2 0.0075 0.9925 
        h117  2 0.0513 0.9487 
        h118  2 0.0073 0.9927 
        h119  2 0.0194 0.9806 
        h120  2 0.0083 0.9917 
        h121  2 0.0127 0.9873 
        h122  2 0.0055 0.9945 
        h123  2 0.0071 0.9929 
        h124  2 0.0127 0.9873 
        h125  2 0.0064 0.9936 
        h126  2 0.0169 0.9831 
        h127  2 0.0095 0.9905 
        h128  2 0.0042 0.9958 
        h129  2 0.0103 0.9897 
        h130  2 0.0346 0.9654 
        h131  2 0.0098 0.9902 
        h132  2 0.0106 0.9894 
        h133  2 0.0073 0.9927 
        h134  2 0.0313 0.9687 
        h135  2 0.0070 0.9930 
        h136  2 0.0051 0.9949 
        h137  2 0.0086 0.9914 
        h138  2 0.0094 0.9906 
        h139  2 0.0077 0.9923 
        h140  2 0.0341 0.9659 
        h141  2 0.0087 0.9913 
        h142  2 0.0107 0.9893 
        h143  2 0.0110 0.9890 
        h144  2 0.0178 0.9822 
        h145  2 0.0142 0.9858 
        h146  2 0.0077 0.9923 
        h147  2 0.0123 0.9877 
        h148  2 0.0106 0.9894 
        h149  2 0.0110 0.9890 
        h150  2 0.0061 0.9939 
        h151  2 0.0132 0.9868 
        h152  2 0.0057 0.9943 
        h153  2 0.0080 0.9920 
        h154  2 0.0080 0.9920 
        h155  2 0.0076 0.9924 
        h156  2 0.0168 0.9832 
        h157  2 0.0144 0.9856 
        h158  2 0.0263 0.9737 
        h159  2 0.0105 0.9895 
        h160  2 0.0078 0.9922 
        h161  2 0.0170 0.9830 
        h162  2 0.0487 0.9513 
        h163  2 0.0084 0.9916 
        h164  2 0.0074 0.9926 
        h165  2 0.0075 0.9925 
        h166  2 0.0101 0.9899 
        h167  2 0.0222 0.9778 
        h168  2 0.0082 0.9918 
        h169  2 0.0137 0.9863 
        h170  2 0.0127 0.9873 
        h171  2 0.0124 0.9876 
        h172  2 0.0047 0.9953 
        h173  2 0.0076 0.9924 
        h174  2 0.0140 0.9860 
        h175  2 0.0046 0.9954 
        h176  2 0.0132 0.9868 
        h177  2 0.0106 0.9894 
        h178  2 0.0111 0.9889 
        h179  2 0.0158 0.9842 
        h180  2 0.0109 0.9891 
        h181  2 0.0118 0.9882 
        h182  2 0.0079 0.9921 
        h183  2 0.0082 0.9918 
        h184  2 0.0072 0.9928 
        h185  2 0.0126 0.9874 
        h186  2 0.0045 0.9955 
        h187  2 0.0111 0.9889 
        h188  2 0.0062 0.9938 
        h189  2 0.0106 0.9894 
        h190  2 0.0135 0.9865 
        h191  2 0.0129 0.9871 
        h192  2 0.0080 0.9920 
        h193  2 0.0361 0.9639 
        h194  2 0.0139 0.9861 
        h195  2 0.0184 0.9816 
        h196  2 0.0152 0.9848 
        h197  2 0.0186 0.9814 
        h198  2 0.0299 0.9701 
        h199  2 0.0333 0.9667 
        h200  2 0.0111 0.9889 
        h201  2 0.0138 0.9862 
        h202  2 0.0174 0.9826 
        h203  2 0.0154 0.9846 
        h204  2 0.0089 0.9911 
        h205  2 0.0362 0.9638 
        h206  2 0.0080 0.9920 
        h207  2 0.0092 0.9908 
        h208  2 0.0435 0.9565 
        h209  2 0.0098 0.9902 
        h210  2 0.0090 0.9910 
        h211  2 0.0165 0.9835 
        h212  2 0.0142 0.9858 
        h213  2 0.0156 0.9844 
        h214  2 0.0060 0.9940 
        h215  2 0.0057 0.9943 
        h216  2 0.0210 0.9790 
        h217  2 0.0100 0.9900 
        h218  2 0.0101 0.9899 
        h219  2 0.0072 0.9928 
        h220  2 0.0062 0.9938 
        h221  2 0.0121 0.9879 
        h222  2 0.0169 0.9831 
        h223  2 0.0071 0.9929 
        h224  2 0.0217 0.9783 
        h225  2 0.0185 0.9815 
        h226  2 0.0068 0.9932 
        h227  2 0.0071 0.9929 
        h228  2 0.0257 0.9743 
        h229  2 0.0063 0.9937 
        h230  2 0.0236 0.9764 
        h231  2 0.0135 0.9865 
        h232  2 0.0157 0.9843 
        h233  2 0.0102 0.9898 
        h234  2 0.0219 0.9781 
        h235  2 0.0113 0.9887 
        h236  2 0.0072 0.9928 
        h237  2 0.0108 0.9892 
        h238  2 0.0102 0.9898 
        h239  2 0.0149 0.9851 
        h240  2 0.0102 0.9898 
        h241  2 0.0064 0.9936 
        h242  2 0.0076 0.9924 
        h243  2 0.0114 0.9886 
        h244  2 0.0135 0.9865 
        h245  2 0.0067 0.9933 
        h246  2 0.0074 0.9926 
        h247  2 0.0306 0.9694 
        h248  2 0.0068 0.9932 
        h249  2 0.0147 0.9853 
        h250  2 0.0061 0.9939 
        h251  2 0.0084 0.9916 
        h252  2 0.0110 0.9890 
        h253  2 0.0105 0.9895 
        h254  2 0.0085 0.9915 
        h255  2 0.0390 0.9610 
        h256  2 0.0097 0.9903 
        h257  2 0.0228 0.9772 
        h258  2 0.0062 0.9938 
        h259  2 0.0195 0.9805 
        h260  2 0.0867 0.9133 
        h261  2 0.0103 0.9897 
        h262  2 0.0065 0.9935 
        h263  2 0.0118 0.9882 
        h264  2 0.0077 0.9923 
        h265  2 0.0109 0.9891 
        h266  2 0.0100 0.9900 
        h267  2 0.0112 0.9888 
        h268  2 0.0060 0.9940 
        h269  2 0.0085 0.9915 
        h270  2 0.0172 0.9828 
        h271  2 0.0057 0.9943 
        h272  2 0.0085 0.9915 
        h273  2 0.0152 0.9848 
        h274  2 0.0064 0.9936 
        h275  2 0.0247 0.9753 
        h276  2 0.0181 0.9819 
        h277  2 0.0155 0.9845 
        h278  2 0.0128 0.9872 
        h279  2 0.0088 0.9912 
        h280  2 0.0076 0.9924 
        h281  2 0.0237 0.9763 
        h282  2 0.0079 0.9921 
        h283  2 0.0199 0.9801 
        h284  2 0.0079 0.9921 
        h285  2 0.0309 0.9691 
        h286  2 0.0137 0.9863 
        h287  2 0.0088 0.9912 
        h288  2 0.0076 0.9924 
        h289  2 0.0067 0.9933 
        h290  2 0.0069 0.9931 
        h291  2 0.0137 0.9863 
        h292  2 0.0095 0.9905 
        h293  2 0.0077 0.9923 
        h294  2 0.0064 0.9936 
        h295  2 0.0049 0.9951 
        h296  2 0.0075 0.9925 
        h297  2 0.0168 0.9832 
        h298  2 0.0078 0.9922 
        h299  2 0.0163 0.9837 
        h300  2 0.0140 0.9860 
        h301  2 0.0072 0.9928 
        h302  2 0.0048 0.9952 
        h303  2 0.0083 0.9917 
        h304  2 0.0066 0.9934 
        h305  2 0.0111 0.9889 
        h306  2 0.0059 0.9941 
        h307  2 0.0099 0.9901 
        h308  2 0.0150 0.9850 
        h309  2 0.0149 0.9851 
        h310  2 0.0078 0.9922 
        h311  2 0.0167 0.9833 
        h312  2 0.0131 0.9869 
        h313  2 0.0059 0.9941 
        h314  2 0.0053 0.9947 
        h315  2 0.0105 0.9895 
        h316  2 0.0066 0.9934 
        h317  2 0.0093 0.9907 
        h318  2 0.0063 0.9937 
        h319  2 0.0083 0.9917 
        h320  2 0.0071 0.9929 
        h321  2 0.0063 0.9937 
        h322  2 0.0072 0.9928 
        h323  2 0.0111 0.9889 
        h324  2 0.0285 0.9715 
        h325  2 0.0122 0.9878 
        h326  2 0.0055 0.9945 
        h327  2 0.0148 0.9852 
        h328  2 0.0073 0.9927 
        h329  2 0.0090 0.9910 
        h330  2 0.0184 0.9816 
        h331  2 0.0062 0.9938 
        h332  2 0.0191 0.9809 
        h333  2 0.0068 0.9932 
        h334  2 0.0062 0.9938 
        h335  2 0.0240 0.9760 
        h336  2 0.0085 0.9915 
        h337  2 0.0249 0.9751 
        h338  2 0.0072 0.9928 
        h339  2 0.0422 0.9578 
        h340  2 0.0097 0.9903 
        h341  2 0.0077 0.9923 
        h342  2 0.0065 0.9935 
        h343  2 0.0078 0.9922 
        h344  2 0.0128 0.9872 
        h345  2 0.0187 0.9813 
        h346  2 0.0074 0.9926 
        h347  2 0.0061 0.9939 
        h348  2 0.0076 0.9924 
        h349  2 0.0057 0.9943 
        h350  2 0.0103 0.9897 
        h351  2 0.0070 0.9930 
        h352  2 0.0056 0.9944 
        h353  2 0.0082 0.9918 
        h354  2 0.0060 0.9940 
        h355  2 0.0128 0.9872 
        h356  2 0.0118 0.9882 
        h357  2 0.0150 0.9850 
        h358  2 0.0091 0.9909 
        h359  2 0.0064 0.9936 
        h360  2 0.0162 0.9838 
        h361  2 0.0069 0.9931 
        h362  2 0.0097 0.9903 
        h363  2 0.0060 0.9940 
        h364  2 0.0093 0.9907 
        h365  2 0.0161 0.9839 
        h366  2 0.0283 0.9717 
        h367  2 0.0082 0.9918 
        h368  2 0.0174 0.9826 
        h369  2 0.0079 0.9921 
        h370  2 0.0067 0.9933 
        h371  2 0.0078 0.9922 
        h372  2 0.0106 0.9894 
        h373  2 0.0119 0.9881 
        h374  2 0.0408 0.9592 
        h375  2 0.0096 0.9904 
        h376  2 0.0070 0.9930 
        h377  2 0.0168 0.9832 
        h378  2 0.0078 0.9922 
        h379  2 0.0069 0.9931 
        h380  2 0.0131 0.9869 
        h381  2 0.0133 0.9867 
        h382  2 0.0105 0.9895 
        h383  2 0.0071 0.9929 
        h384  2 0.0067 0.9933 
        h385  2 0.0149 0.9851 
        h386  2 0.0358 0.9642 
        h387  2 0.0114 0.9886 
        h388  2 0.0066 0.9934 
        h389  2 0.0389 0.9611 
        h390  2 0.0108 0.9892 
        h391  2 0.0160 0.9840 
        h392  2 0.0115 0.9885 
        h393  2 0.0185 0.9815 
        h394  2 0.0205 0.9795 
        h395  2 0.0092 0.9908 
        h396  2 0.0061 0.9939 
        h397  2 0.0195 0.9805 
        h398  2 0.0078 0.9922 
        h399  2 0.0087 0.9913 
        h400  2 0.0080 0.9920 
        h001  3 0.0698 0.9302 
        h002  3 0.0112 0.9888 
        h003  3 0.1958 0.8042 
        h004  3 0.0314 0.9686 
        h005  3 0.1140 0.8860 
        h006  3 0.0102 0.9898 
        h007  3 0.0158 0.9842 
        h008  3 0.0392 0.9608 
        h009  3 0.0370 0.9630 
        h010  3 0.0498 0.9502 
        h011  3 0.1675 0.8325 
        h012  3 0.1266 0.8734 
        h013  3 0.1087 0.8913 
        h014  3 0.0071 0.9929 
        h015  3 0.2253 0.7747 
        h016  3 0.1059 0.8941 
        h017  3 0.0397 0.9603 
        h018  3 0.0277 0.9723 
        h019  3 0.0731 0.9269 
        h020  3 0.0587 0.9413 
        h021  3 0.0166 0.9834 
        h022  3 0.1645 0.8355 
        h023  3 0.0481 0.9519 
        h024  3 0.0500 0.9500 
        h025  3 0.1445 0.8555 
        h026  3 0.2087 0.7913 
        h027  3 0.0698 0.9302 
        h028  3 0.2125 0.7875 
        h029  3 0.0150 0.9850 
        h030  3 0.1740 0.8260 
        h031  3 0.0984 0.9016 
        h032  3 0.1171 0.8829 
        h033  3 0.2777 0.7223 
        h034  3 0.0269 0.9731 
        h035  3 0.0293 0.9707 
        h036  3 0.1234 0.8766 
        h037  3 0.2091 0.7909 
        h038  3 0.1387 0.8613 
        h039  3 0.0766 0.9234 
        h040  3 0.0309 0.9691 
        h041  3 0.1850 0.8150 
        h042  3 0.1073 0.8927 
        h043  3 0.0713 0.9287 
        h044  3 0.0540 0.9460 
        h045  3 0.0442 0.9558 
        h046  3 0.1352 0.8648 
        h047  3 0.1859 0.8141 
        h048  3 0.0174 0.9826 
        h049  3 0.1427 0.8573 
        h050  3 0.2689 0.7311 
        h051  3 0.2148 0.7852 
        h052  3 0.2262 0.7738 
        h053  3 0.0536 0.9464 
        h054  3 0.1112 0.8888 
        h055  3 0.0078 0.9922 
        h056  3 0.0482 0.9518 
        h057  3 0.0992 0.9008 
        h058  3 0.0362 0.9638 
        h059  3 0.0136 0.9864 
        h060  3 0.1143 0.8857 
        h061  3 0.1164 0.8836 
        h062  3 0.1897 0.8103 
        h063  3 0.1278 0.8722 
        h064  3 0.1537 0.8463 
        h065  3 0.0837 0.9163 
        h066  3 0.2096 0.7904 
        h067  3 0.1661 0.8339 
        h068  3 0.2183 0.7817 
        h069  3 0.1762 0.8238 
        h070  3 0.1071 0.8929 
        h071  3 0.1362 0.8638 
        h072  3 0.1732 0.8268 
        h073  3 0.2841 0.7159 
        h074  3 0.0415 0.9585 
        h075  3 0.0356 0.9644 
        h076  3 0.0645 0.9355 
        h077  3 0.0649 0.9351 
        h078  3 0.1977 0.8023 
        h079  3 0.0498 0.9502 
        h080  3 0.0611 0.9389 
        h081  3 0.0665 0.9335 
        h082  3 0.0254 0.9746 
        h083  3 0.0300 0.9700 
        h084  3 0.1195 0.8805 
        h085  3 0.0093 0.9907 
        h086  3 0.1383 0.8617 
        h087  3 0.1998 0.8002 
        h088  3 0.0142 0.9858 
        h089  3 0.0638 0.9362 
        h090  3 0.0186 0.9814 
        h091  3 0.0196 0.9804 
        h092  3 0.1771 0.8229 
        h093  3 0.1214 0.8786 
        h094  3 0.0461 0.9539 
        h095  3 0.0293 0.9707 
        h096  3 0.1070 0.8930 
        h097  3 0.3916 0.6084 
        h098  3 0.1181 0.8819 
        h099  3 0.0170 0.9830 
        h100  3 0.1302 0.8698 
       h0011  4 0.2398 0.7602 
       h0021  4 0.0118 0.9882 
       h0031  4 0.1899 0.8101 
       h0041  4 0.3416 0.6584 
       h0051  4 0.0285 0.9715 
       h0061  4 0.1243 0.8757 
       h0071  4 0.1835 0.8165 
       h0081  4 0.0960 0.9040 
       h0091  4 0.0614 0.9386 
       h0101  4 0.4859 0.5141 
       h0111  4 0.4099 0.5901 
       h0121  4 0.5005 0.4995 
       h0131  4 0.1543 0.8457 
       h0141  4 0.1829 0.8171 
       h0151  4 0.2478 0.7522 
       h0161  4 0.2112 0.7888 
       h0171  4 0.1744 0.8256 
       h0181  4 0.3626 0.6374 
       h0191  4 0.1478 0.8522 
       h0201  4 0.4792 0.5208 
       h0211  4 0.3514 0.6486 
       h0221  4 0.1805 0.8195 
       h0231  4 0.1311 0.8689 
       h0241  4 0.0670 0.9330 
       h0251  4 0.3043 0.6957 
       h0261  4 0.2711 0.7289 
       h0271  4 0.2527 0.7473 
       h0281  4 0.2997 0.7003 
       h0291  4 0.0786 0.9214 
       h0301  4 0.3902 0.6098 
       h0311  4 0.2691 0.7309 
       h0321  4 0.3620 0.6380 
       h0331  4 0.4867 0.5133 
       h0341  4 0.2657 0.7343 
       h0351  4 0.2846 0.7154 
       h0361  4 0.2302 0.7698 
       h0371  4 0.1502 0.8498 
       h0381  4 0.1106 0.8894 
       h0391  4 0.0288 0.9712 
       h0401  4 0.2973 0.7027 
       h0411  4 0.2182 0.7818 
       h0421  4 0.2359 0.7641 
       h0431  4 0.3527 0.6473 
       h0441  4 0.2512 0.7488 
       h0451  4 0.0956 0.9044 
       h0461  4 0.2480 0.7520 
       h0471  4 0.1527 0.8473 
       h0481  4 0.1839 0.8161 
       h0491  4 0.0831 0.9169 
       h0501  4 0.3578 0.6422 
       h0511  4 0.3221 0.6779 
       h0521  4 0.1584 0.8416 
       h0531  4 0.1849 0.8151 
       h0541  4 0.3191 0.6809 
       h0551  4 0.2828 0.7172 
       h0561  4 0.1125 0.8875 
       h0571  4 0.4214 0.5786 
       h0581  4 0.2450 0.7550 
       h0591  4 0.2949 0.7051 
       h0601  4 0.2925 0.7075 
       h0611  4 0.0118 0.9882 
       h0621  4 0.2616 0.7384 
       h0631  4 0.1787 0.8213 
       h0641  4 0.0537 0.9463 
       h0651  4 0.1362 0.8638 
       h0661  4 0.0424 0.9576 
       h0671  4 0.2633 0.7367 
       h0681  4 0.2232 0.7768 
       h0691  4 0.4466 0.5534 
       h0701  4 0.3041 0.6959 
       h0711  4 0.4049 0.5951 
       h0721  4 0.1863 0.8137 
       h0731  4 0.4523 0.5477 
       h0741  4 0.1196 0.8804 
       h0751  4 0.2793 0.7207 
       h0761  4 0.2414 0.7586 
       h0771  4 0.1086 0.8914 
       h0781  4 0.0666 0.9334 
       h0791  4 0.3372 0.6628 
       h0801  4 0.1730 0.8270 
       h0811  4 0.2862 0.7138 
       h0821  4 0.3129 0.6871 
       h0831  4 0.1544 0.8456 
       h0841  4 0.0429 0.9571 
       h0851  4 0.0280 0.9720 
       h0861  4 0.2417 0.7583 
       h0871  4 0.0402 0.9598 
       h0881  4 0.0116 0.9884 
       h0891  4 0.3864 0.6136 
       h0901  4 0.2385 0.7615 
       h0911  4 0.2978 0.7022 
       h0921  4 0.2365 0.7635 
       h0931  4 0.3257 0.6743 
       h0941  4 0.1978 0.8022 
       h0951  4 0.1205 0.8795 
       h0961  4 0.2154 0.7846 
       h0971  4 0.4044 0.5956 
       h0981  4 0.2700 0.7300 
       h0991  4 0.3525 0.6475 
       h1001  4 0.1294 0.8706 
       h0012  5 0.2402 0.7598 
       h0022  5 0.4498 0.5502 
       h0032  5 0.4859 0.5141 
       h0042  5 0.4246 0.5754 
       h0052  5 0.4495 0.5505 
       h0062  5 0.6473 0.3527 
       h0072  5 0.4100 0.5900 
       h0082  5 0.4559 0.5441 
       h0092  5 0.4972 0.5028 
       h0102  5 0.4903 0.5097 
       h0112  5 0.5393 0.4607 
       h0122  5 0.5459 0.4541 
       h0132  5 0.5883 0.4117 
       h0142  5 0.5244 0.4756 
       h0152  5 0.5515 0.4485 
       h0162  5 0.3995 0.6005 
       h0172  5 0.4659 0.5341 
       h0182  5 0.4208 0.5792 
       h0192  5 0.4173 0.5827 
       h0202  5 0.4473 0.5527 
       h0212  5 0.5214 0.4786 
       h0222  5 0.5644 0.4356 
       h0232  5 0.6372 0.3628 
       h0242  5 0.5193 0.4807 
       h0252  5 0.3744 0.6256 
       h0262  5 0.4295 0.5705 
       h0272  5 0.5005 0.4995 
       h0282  5 0.5369 0.4631 
       h0292  5 0.5157 0.4843 
       h0302  5 0.4864 0.5136 
       h0312  5 0.5733 0.4267 
       h0322  5 0.5562 0.4438 
       h0332  5 0.5076 0.4924 
       h0342  5 0.5294 0.4706 
       h0352  5 0.5372 0.4628 
       h0362  5 0.4775 0.5225 
       h0372  5 0.4702 0.5298 
       h0382  5 0.4660 0.5340 
       h0392  5 0.6499 0.3501 
       h0402  5 0.4159 0.5841 
       h0412  5 0.4394 0.5606 
       h0422  5 0.4683 0.5317 
       h0432  5 0.5099 0.4901 
       h0442  5 0.5055 0.4945 
       h0452  5 0.4191 0.5809 
       h0462  5 0.4138 0.5862 
       h0472  5 0.5685 0.4315 
       h0482  5 0.4130 0.5870 
       h0492  5 0.4845 0.5155 
       h0502  5 0.4838 0.5162 
       h0512  5 0.5113 0.4887 
       h0522  5 0.5548 0.4452 
       h0532  5 0.4141 0.5859 
       h0542  5 0.4553 0.5447 
       h0552  5 0.5449 0.4551 
       h0562  5 0.6633 0.3367 
       h0572  5 0.3954 0.6046 
       h0582  5 0.5625 0.4375 
       h0592  5 0.6805 0.3195 
       h0602  5 0.5612 0.4388 
       h0612  5 0.4565 0.5435 
       h0622  5 0.4557 0.5443 
       h0632  5 0.5696 0.4304 
       h0642  5 0.5639 0.4361 
       h0652  5 0.4851 0.5149 
       h0662  5 0.6714 0.3286 
       h0672  5 0.4391 0.5609 
       h0682  5 0.2640 0.7360 
       h0692  5 0.3728 0.6272 
       h0702  5 0.6322 0.3678 
       h0712  5 0.5067 0.4933 
       h0722  5 0.4879 0.5121 
       h0732  5 0.5157 0.4843 
       h0742  5 0.4954 0.5046 
       h0752  5 0.5940 0.4060 
       h0762  5 0.4370 0.5630 
       h0772  5 0.3802 0.6198 
       h0782  5 0.4633 0.5367 
       h0792  5 0.5414 0.4586 
       h0802  5 0.4953 0.5047 
       h0812  5 0.5989 0.4011 
       h0822  5 0.4952 0.5048 
       h0832  5 0.4213 0.5787 
       h0842  5 0.4809 0.5191 
       h0852  5 0.5285 0.4715 
       h0862  5 0.5641 0.4359 
       h0872  5 0.4054 0.5946 
       h0882  5 0.4896 0.5104 
       h0892  5 0.4752 0.5248 
       h0902  5 0.5092 0.4908 
       h0912  5 0.4803 0.5197 
       h0922  5 0.5441 0.4559 
       h0932  5 0.4596 0.5404 
       h0942  5 0.4149 0.5851 
       h0952  5 0.4469 0.5531 
       h0962  5 0.6271 0.3729 
       h0972  5 0.4971 0.5029 
       h0982  5 0.4127 0.5873 
       h0992  5 0.5041 0.4959 
       h1002  5 0.4519 0.5481 
       h0013  6 0.8685 0.1315 
       h0023  6 0.6863 0.3137 
       h0033  6 0.9122 0.0878 
       h0043  6 0.6837 0.3163 
       h0053  6 0.8979 0.1021 
       h0063  6 0.6511 0.3489 
       h0073  6 0.8031 0.1969 
       h0083  6 0.6715 0.3285 
       h0093  6 0.6283 0.3717 
       h0103  6 0.8587 0.1413 
       h0113  6 0.6339 0.3661 
       h0123  6 0.7061 0.2939 
       h0133  6 0.7552 0.2448 
       h0143  6 0.8052 0.1948 
       h0153  6 0.6962 0.3038 
       h0163  6 0.6540 0.3460 
       h0173  6 0.6693 0.3307 
       h0183  6 0.8075 0.1925 
       h0193  6 0.6207 0.3793 
       h0203  6 0.6267 0.3733 
       h0213  6 0.7630 0.2370 
       h0223  6 0.6035 0.3965 
       h0233  6 0.7690 0.2310 
       h0243  6 0.7405 0.2595 
       h0253  6 0.7362 0.2638 
       h0263  6 0.9828 0.0172 
       h0273  6 0.5797 0.4203 
       h0283  6 0.8509 0.1491 
       h0293  6 0.6675 0.3325 
       h0303  6 0.8079 0.1921 
       h0313  6 0.7304 0.2696 
       h0323  6 0.5719 0.4281 
       h0333  6 0.7200 0.2800 
       h0343  6 0.8540 0.1460 
       h0353  6 0.8748 0.1252 
       h0363  6 0.6284 0.3716 
       h0373  6 0.7308 0.2692 
       h0383  6 0.6981 0.3019 
       h0393  6 0.6899 0.3101 
       h0403  6 0.7225 0.2775 
       h0413  6 0.8526 0.1474 
       h0423  6 0.8766 0.1234 
       h0433  6 0.8258 0.1742 
       h0443  6 0.8011 0.1989 
       h0453  6 0.8427 0.1573 
       h0463  6 0.6582 0.3418 
       h0473  6 0.7196 0.2804 
       h0483  6 0.7266 0.2734 
       h0493  6 0.5984 0.4016 
       h0503  6 0.6872 0.3128 
       h0513  6 0.6350 0.3650 
       h0523  6 0.7276 0.2724 
       h0533  6 0.6199 0.3801 
       h0543  6 0.7237 0.2763 
       h0553  6 0.6966 0.3034 
       h0563  6 0.8026 0.1974 
       h0573  6 0.7582 0.2418 
       h0583  6 0.7100 0.2900 
       h0593  6 0.7442 0.2558 
       h0603  6 0.8328 0.1672 
       h0613  6 0.9560 0.0440 
       h0623  6 0.8291 0.1709 
       h0633  6 0.7246 0.2754 
       h0643  6 0.8910 0.1090 
       h0653  6 0.7220 0.2780 
       h0663  6 0.6238 0.3762 
       h0673  6 0.6296 0.3704 
       h0683  6 0.7044 0.2956 
       h0693  6 0.6541 0.3459 
       h0703  6 0.7480 0.2520 
       h0713  6 0.8000 0.2000 
       h0723  6 0.7963 0.2037 
       h0733  6 0.5698 0.4302 
       h0743  6 0.8399 0.1601 
       h0753  6 0.6716 0.3284 
       h0763  6 0.8513 0.1487 
       h0773  6 0.8489 0.1511 
       h0783  6 0.7030 0.2970 
       h0793  6 0.6485 0.3515 
       h0803  6 0.8664 0.1336 
       h0813  6 0.8009 0.1991 
       h0823  6 0.7039 0.2961 
       h0833  6 0.6127 0.3873 
       h0843  6 0.7935 0.2065 
       h0853  6 0.8923 0.1077 
       h0863  6 0.7232 0.2768 
       h0873  6 0.8315 0.1685 
       h0883  6 0.9043 0.0957 
       h0893  6 0.8669 0.1331 
       h0903  6 0.7670 0.2330 
       h0913  6 0.7062 0.2938 
       h0923  6 0.7910 0.2090 
       h0933  6 0.7250 0.2750 
       h0943  6 0.7676 0.2324 
       h0953  6 0.6497 0.3503 
       h0963  6 0.8777 0.1223 
       h0973  6 0.6629 0.3371 
       h0983  6 0.8745 0.1255 
       h0993  6 0.7283 0.2717 
       h1003  6 0.8471 0.1529 
       h0014  7 0.8350 0.1650 
       h0024  7 0.8384 0.1616 
       h0034  7 0.9149 0.0851 
       h0044  7 0.8778 0.1222 
       h0054  7 0.8956 0.1044 
       h0064  7 0.9884 0.0116 
       h0074  7 0.8823 0.1177 
       h0084  7 0.8695 0.1305 
       h0094  7 0.8344 0.1656 
       h0104  7 0.8835 0.1165 
       h0114  7 0.9136 0.0864 
       h0124  7 0.8570 0.1430 
       h0134  7 0.7489 0.2511 
       h0144  7 0.8649 0.1351 
       h0154  7 0.8231 0.1769 
       h0164  7 0.8900 0.1100 
       h0174  7 0.8870 0.1130 
       h0184  7 0.9330 0.0670 
       h0194  7 0.9011 0.0989 
       h0204  7 0.8991 0.1009 
       h0214  7 0.9294 0.0706 
       h0224  7 0.9494 0.0506 
       h0234  7 0.8828 0.1172 
       h0244  7 0.7076 0.2924 
       h0254  7 0.9915 0.0085 
       h0264  7 0.8396 0.1604 
       h0274  7 0.9898 0.0102 
       h0284  7 0.8471 0.1529 
       h0294  7 0.9712 0.0288 
       h0304  7 0.7653 0.2347 
       h0314  7 0.9059 0.0941 
       h0324  7 0.8242 0.1758 
       h0334  7 0.8832 0.1168 
       h0344  7 0.9575 0.0425 
       h0354  7 0.7992 0.2008 
       h0364  7 0.8829 0.1171 
       h0374  7 0.8313 0.1687 
       h0384  7 0.9931 0.0069 
       h0394  7 0.9260 0.0740 
       h0404  7 0.9034 0.0966 
       h0414  7 0.9030 0.0970 
       h0424  7 0.8746 0.1254 
       h0434  7 0.8046 0.1954 
       h0444  7 0.7777 0.2223 
       h0454  7 0.9353 0.0647 
       h0464  7 0.9528 0.0472 
       h0474  7 0.8941 0.1059 
       h0484  7 0.9601 0.0399 
       h0494  7 0.9718 0.0282 
       h0504  7 0.8749 0.1251 
       h0514  7 0.9355 0.0645 
       h0524  7 0.8080 0.1920 
       h0534  7 0.9492 0.0508 
       h0544  7 0.7501 0.2499 
       h0554  7 0.9925 0.0075 
       h0564  7 0.8152 0.1848 
       h0574  7 0.8959 0.1041 
       h0584  7 0.8691 0.1309 
       h0594  7 0.8813 0.1187 
       h0604  7 0.9728 0.0272 
       h0614  7 0.8620 0.1380 
       h0624  7 0.9946 0.0054 
       h0634  7 0.8388 0.1612 
       h0644  7 0.9720 0.0280 
       h0654  7 0.9949 0.0051 
       h0664  7 0.7868 0.2132 
       h0674  7 0.9937 0.0063 
       h0684  7 0.8495 0.1505 
       h0694  7 0.9893 0.0107 
       h0704  7 0.9641 0.0359 
       h0714  7 0.9951 0.0049 
       h0724  7 0.8063 0.1937 
       h0734  7 0.7976 0.2024 
       h0744  7 0.9360 0.0640 
       h0754  7 0.8156 0.1844 
       h0764  7 0.8819 0.1181 
       h0774  7 0.9732 0.0268 
       h0784  7 0.8698 0.1302 
       h0794  7 0.8931 0.1069 
       h0804  7 0.9031 0.0969 
       h0814  7 0.9939 0.0061 
       h0824  7 0.9080 0.0920 
       h0834  7 0.9154 0.0846 
       h0844  7 0.8099 0.1901 
       h0854  7 0.8809 0.1191 
       h0864  7 0.9539 0.0461 
       h0874  7 0.9923 0.0077 
       h0884  7 0.9764 0.0236 
       h0894  7 0.9929 0.0071 
       h0904  7 0.9909 0.0091 
       h0914  7 0.8981 0.1019 
       h0924  7 0.8410 0.1590 
       h0934  7 0.8202 0.1798 
       h0944  7 0.9938 0.0062 
       h0954  7 0.7726 0.2274 
       h0964  7 0.8440 0.1560 
       h0974  7 0.8469 0.1531 
       h0984  7 0.8677 0.1323 
       h0994  7 0.9846 0.0154 
       h1004  7 0.8794 0.1206 
     CK.0PLA  8 0.9888 0.0112 
     CK.0PLC  8 0.9869 0.0131 
     CK.0PLE  8 0.9935 0.0065 
     CK.0PLF  8 0.9779 0.0221 
     CK.0PLH  8 0.9920 0.0080 
     CK.0PLJ  8 0.9916 0.0084 
     CK.0PLK  8 0.9945 0.0055 
     CK.0PLL  8 0.9908 0.0092 
     CK.0PLM  8 0.9925 0.0075 
     CK.0PLP  8 0.9921 0.0079 
     CK.0PLT  8 0.9950 0.0050 
     CK.0PLU  8 0.9934 0.0066 
     CK.0PLX  8 0.9891 0.0109 
     CK.0PLY  8 0.9951 0.0049 
     CK.0PM0  8 0.9932 0.0068 
     CK.0PM1  8 0.9945 0.0055 
     CK.0PM2  8 0.9926 0.0074 
     CK.0PM3  8 0.9914 0.0086 
     CK.0PM4  8 0.9909 0.0091 
     CK.0PM7  8 0.9938 0.0062 
     CK.0PM8  8 0.9947 0.0053 
     CK.0PMA  8 0.9907 0.0093 
       M2C06  8 0.9942 0.0058 
       M2C07  8 0.9953 0.0047 
       M2C08  8 0.9953 0.0047 
       M2C0A  8 0.9939 0.0061 
       M2C0C  8 0.9945 0.0055 
       M2C0E  8 0.9938 0.0062 
      h00111  9 0.9942 0.0058 
      h00211  9 0.9949 0.0051 
      h00311  9 0.9927 0.0073 
      h00411  9 0.9936 0.0064 
      h00511  9 0.9943 0.0057 
      h00611  9 0.9942 0.0058 
      h00711  9 0.9953 0.0047 
      h00811  9 0.9943 0.0057 
      h00911  9 0.9934 0.0066 
      h01011  9 0.9937 0.0063 
      h01111  9 0.9942 0.0058 
      h01211  9 0.9929 0.0071 
      h01311  9 0.9894 0.0106 
      h01411  9 0.9949 0.0051 
      h01511  9 0.9924 0.0076 
      h01611  9 0.9933 0.0067 
      h01711  9 0.9931 0.0069 
      h01811  9 0.9871 0.0129 
      h01911  9 0.9950 0.0050 
      h02011  9 0.9954 0.0046 
      h02111  9 0.9950 0.0050 
      h02211  9 0.9927 0.0073 
      h02311  9 0.9909 0.0091 
      h02411  9 0.9710 0.0290 
      h02511  9 0.9937 0.0063 
      h02611  9 0.9920 0.0080 
      h02711  9 0.9936 0.0064 
      h02811  9 0.9907 0.0093 
      h02911  9 0.9926 0.0074 
      h03011  9 0.9928 0.0072 
      h03111  9 0.9948 0.0052 
      h03211  9 0.9916 0.0084 
      h03311  9 0.9942 0.0058 
      h03411  9 0.9935 0.0065 
      h03511  9 0.9947 0.0053 
      h03611  9 0.9932 0.0068 
      h03711  9 0.9940 0.0060 
      h03811  9 0.9941 0.0059 
      h03911  9 0.9929 0.0071 
      h04011  9 0.9940 0.0060 
      h04111  9 0.9943 0.0057 
      h04211  9 0.9936 0.0064 
      h04311  9 0.9939 0.0061 
      h04411  9 0.9951 0.0049 
      h04511  9 0.9928 0.0072 
      h04611  9 0.9948 0.0052 
      h04711  9 0.9943 0.0057 
      h04811  9 0.9932 0.0068 
      h04911  9 0.9945 0.0055 
      h05011  9 0.9938 0.0062 
      h05111  9 0.9944 0.0056 
      h05211  9 0.9932 0.0068 
      h05311  9 0.9929 0.0071 
      h05411  9 0.9920 0.0080 
      h05511  9 0.9932 0.0068 
      h05611  9 0.9899 0.0101 
      h05711  9 0.9951 0.0049 
      h05811  9 0.9865 0.0135 
      h05911  9 0.9940 0.0060 
      h06011  9 0.9946 0.0054 
      h06111  9 0.9921 0.0079 
      h06211  9 0.9923 0.0077 
      h06311  9 0.9937 0.0063 
      h06411  9 0.9921 0.0079 
      h06511  9 0.9943 0.0057 
      h06611  9 0.9950 0.0050 
      h06711  9 0.9853 0.0147 
      h06811  9 0.9920 0.0080 
      h06911  9 0.9936 0.0064 
      h07011  9 0.9949 0.0051 
      h07111  9 0.9916 0.0084 
      h07211  9 0.9930 0.0070 
      h07311  9 0.9929 0.0071 
      h07411  9 0.9925 0.0075 
      h07511  9 0.9929 0.0071 
      h07611  9 0.9926 0.0074 
      h07711  9 0.9934 0.0066 
      h07811  9 0.9915 0.0085 
      h07911  9 0.9951 0.0049 
      h08011  9 0.9946 0.0054 
      h08111  9 0.9925 0.0075 
      h08211  9 0.9922 0.0078 
      h08311  9 0.9907 0.0093 
      h08411  9 0.9934 0.0066 
      h08511  9 0.9949 0.0051 
      h08611  9 0.9925 0.0075 
      h08711  9 0.9923 0.0077 
      h08811  9 0.9889 0.0111 
      h08911  9 0.9924 0.0076 
      h09011  9 0.9929 0.0071 
      h09111  9 0.9953 0.0047 
      h09211  9 0.9942 0.0058 
      h09311  9 0.9945 0.0055 
      h09411  9 0.9905 0.0095 
      h09511  9 0.9925 0.0075 
      h09611  9 0.9937 0.0063 
      h09711  9 0.9884 0.0116 
      h09811  9 0.9872 0.0128 
      h09911  9 0.9889 0.0111 
      h10011  9 0.9914 0.0086 
       h1011  9 0.9919 0.0081 
       h1021  9 0.9927 0.0073 
       h1031  9 0.9921 0.0079 
       h1041  9 0.9948 0.0052 
       h1051  9 0.9855 0.0145 
       h1061  9 0.9934 0.0066 
       h1071  9 0.9916 0.0084 
       h1081  9 0.9922 0.0078 
       h1091  9 0.9889 0.0111 
       h1101  9 0.9938 0.0062 
       h1111  9 0.9929 0.0071 
       h1121  9 0.9939 0.0061 
       h1131  9 0.9938 0.0062 
       h1141  9 0.9946 0.0054 
       h1151  9 0.9931 0.0069 
       h1161  9 0.9915 0.0085 
       h1171  9 0.9916 0.0084 
       h1181  9 0.9910 0.0090 
       h1191  9 0.9915 0.0085 
       h1201  9 0.9884 0.0116 
       h1211  9 0.9906 0.0094 
       h1221  9 0.9917 0.0083 
       h1231  9 0.9937 0.0063 
       h1241  9 0.9918 0.0082 
       h1251  9 0.9959 0.0041 
       h1261  9 0.9936 0.0064 
       h1271  9 0.9944 0.0056 
       h1281  9 0.9936 0.0064 
       h1291  9 0.9943 0.0057 
       h1301  9 0.9887 0.0113 
       h1311  9 0.9851 0.0149 
       h1321  9 0.9913 0.0087 
       h1331  9 0.9923 0.0077 
       h1341  9 0.9936 0.0064 
       h1351  9 0.9930 0.0070 
       h1361  9 0.9893 0.0107 
       h1371  9 0.9939 0.0061 
       h1381  9 0.9926 0.0074 
       h1391  9 0.9922 0.0078 
       h1401  9 0.9942 0.0058 
       h1411  9 0.9941 0.0059 
       h1421  9 0.9926 0.0074 
       h1431  9 0.9918 0.0082 
       h1441  9 0.9942 0.0058 
       h1451  9 0.9949 0.0051 
       h1461  9 0.9907 0.0093 
       h1471  9 0.9930 0.0070 
       h1481  9 0.9876 0.0124 
       h1491  9 0.9903 0.0097 
       h1501  9 0.9919 0.0081 
       h1511  9 0.9947 0.0053 
       h1521  9 0.9956 0.0044 
       h1531  9 0.9932 0.0068 
       h1541  9 0.9894 0.0106 
       h1551  9 0.9940 0.0060 
       h1561  9 0.9955 0.0045 
       h1571  9 0.9910 0.0090 
       h1581  9 0.9833 0.0167 
       h1591  9 0.9930 0.0070 
       h1601  9 0.9942 0.0058 
       h1611  9 0.9934 0.0066 
       h1621  9 0.9936 0.0064 
       h1631  9 0.9922 0.0078 
       h1641  9 0.9946 0.0054 
       h1651  9 0.9948 0.0052 
       h1661  9 0.9944 0.0056 
       h1671  9 0.9945 0.0055 
       h1681  9 0.9936 0.0064 
       h1691  9 0.9928 0.0072 
       h1701  9 0.9944 0.0056 
       h1711  9 0.9936 0.0064 
       h1721  9 0.9938 0.0062 
       h1731  9 0.9930 0.0070 
       h1741  9 0.9923 0.0077 
       h1751  9 0.9935 0.0065 
       h1761  9 0.9937 0.0063 
       h1771  9 0.9937 0.0063 
       h1781  9 0.9931 0.0069 
       h1791  9 0.9770 0.0230 
       h1801  9 0.9941 0.0059 
       h1811  9 0.9930 0.0070 
       h1821  9 0.9925 0.0075 
       h1831  9 0.9948 0.0052 
       h1841  9 0.9946 0.0054 
       h1851  9 0.9910 0.0090 
       h1861  9 0.9933 0.0067 
       h1871  9 0.9940 0.0060 
       h1881  9 0.9903 0.0097 
       h1891  9 0.9938 0.0062 
       h1901  9 0.9947 0.0053 
       h1911  9 0.9929 0.0071 
       h1921  9 0.9943 0.0057 
       h1931  9 0.9942 0.0058 
       h1941  9 0.9932 0.0068 
       h1951  9 0.9920 0.0080 
       h1961  9 0.9921 0.0079 
       h1971  9 0.9928 0.0072 
       h1981  9 0.9923 0.0077 
       h1991  9 0.9900 0.0100 
       h2001  9 0.9936 0.0064 
       h2011  9 0.9912 0.0088 
       h2021  9 0.9933 0.0067 
       h2031  9 0.9926 0.0074 
       h2041  9 0.9950 0.0050 
       h2051  9 0.9947 0.0053 
       h2061  9 0.9928 0.0072 
       h2071  9 0.9916 0.0084 
       h2081  9 0.9941 0.0059 
       h2091  9 0.9882 0.0118 
       h2101  9 0.9941 0.0059 
       h2111  9 0.9942 0.0058 
       h2121  9 0.9912 0.0088 
       h2131  9 0.9927 0.0073 
       h2141  9 0.9949 0.0051 
       h2151  9 0.9923 0.0077 
       h2161  9 0.9948 0.0052 
       h2171  9 0.9935 0.0065 
       h2181  9 0.9899 0.0101 
       h2191  9 0.9933 0.0067 
       h2201  9 0.9930 0.0070 
       h2211  9 0.9918 0.0082 
       h2221  9 0.9939 0.0061 
       h2231  9 0.9941 0.0059 
       h2241  9 0.9877 0.0123 
       h2251  9 0.9943 0.0057 
       h2261  9 0.9906 0.0094 
       h2271  9 0.9939 0.0061 
       h2281  9 0.9942 0.0058 
       h2291  9 0.9925 0.0075 
       h2301  9 0.9951 0.0049 
       h2311  9 0.9944 0.0056 
       h2321  9 0.9916 0.0084 
       h2331  9 0.9911 0.0089 
       h2341  9 0.9937 0.0063 
       h2351  9 0.9913 0.0087 
       h2361  9 0.9919 0.0081 
       h2371  9 0.9937 0.0063 
       h2381  9 0.9895 0.0105 
       h2391  9 0.9929 0.0071 
       h2401  9 0.9893 0.0107 
       h2411  9 0.9896 0.0104 
       h2421  9 0.9912 0.0088 
       h2431  9 0.9936 0.0064 
       h2441  9 0.9940 0.0060 
       h2451  9 0.9942 0.0058 
       h2461  9 0.9915 0.0085 
       h2471  9 0.9881 0.0119 
       h2481  9 0.9942 0.0058 
       h2491  9 0.9911 0.0089 
       h2501  9 0.9949 0.0051 
       h2511  9 0.9955 0.0045 
       h2521  9 0.9919 0.0081 
       h2531  9 0.9927 0.0073 
       h2541  9 0.9943 0.0057 
       h2551  9 0.9937 0.0063 
       h2561  9 0.9940 0.0060 
       h2571  9 0.9850 0.0150 
       h2581  9 0.9924 0.0076 
       h2591  9 0.9946 0.0054 
       h2601  9 0.9916 0.0084 
       h2611  9 0.9918 0.0082 
       h2621  9 0.9947 0.0053 
       h2631  9 0.9881 0.0119 
       h2641  9 0.9945 0.0055 
       h2651  9 0.9940 0.0060 
       h2661  9 0.9938 0.0062 
       h2671  9 0.9949 0.0051 
       h2681  9 0.9946 0.0054 
       h2691  9 0.9944 0.0056 
       h2701  9 0.9938 0.0062 
       h2711  9 0.9909 0.0091 
       h2721  9 0.9935 0.0065 
       h2731  9 0.9944 0.0056 
       h2741  9 0.9931 0.0069 
       h2751  9 0.9933 0.0067 
       h2761  9 0.9895 0.0105 
       h2771  9 0.9929 0.0071 
       h2781  9 0.9941 0.0059 
       h2791  9 0.9942 0.0058 
       h2801  9 0.9942 0.0058 
       h2811  9 0.9949 0.0051 
       h2821  9 0.9898 0.0102 
       h2831  9 0.9901 0.0099 
       h2841  9 0.9940 0.0060 
       h2851  9 0.9946 0.0054 
       h2861  9 0.9922 0.0078 
       h2871  9 0.9908 0.0092 
       h2881  9 0.9897 0.0103 
       h2891  9 0.9949 0.0051 
       h2901  9 0.9919 0.0081 
       h2911  9 0.9937 0.0063 
       h2921  9 0.9955 0.0045 
       h2931  9 0.9907 0.0093 
       h2941  9 0.9941 0.0059 
       h2951  9 0.9913 0.0087 
       h2961  9 0.9918 0.0082 
       h2971  9 0.9936 0.0064 
       h2981  9 0.9890 0.0110 
       h2991  9 0.9951 0.0049 
       h3001  9 0.9917 0.0083 
       h3011  9 0.9952 0.0048 
       h3021  9 0.9934 0.0066 
       h3031  9 0.9917 0.0083 
       h3041  9 0.9935 0.0065 
       h3051  9 0.9918 0.0082 
       h3061  9 0.9872 0.0128 
       h3071  9 0.9948 0.0052 
       h3081  9 0.9929 0.0071 
       h3091  9 0.9931 0.0069 
       h3101  9 0.9944 0.0056 
       h3111  9 0.9833 0.0167 
       h3121  9 0.9948 0.0052 
       h3131  9 0.9921 0.0079 
       h3141  9 0.9896 0.0104 
       h3151  9 0.9909 0.0091 
       h3161  9 0.9926 0.0074 
       h3171  9 0.9937 0.0063 
       h3181  9 0.9931 0.0069 
       h3191  9 0.9938 0.0062 
       h3201  9 0.9957 0.0043 
       h3211  9 0.9927 0.0073 
       h3221  9 0.9924 0.0076 
       h3231  9 0.9948 0.0052 
       h3241  9 0.9925 0.0075 
       h3251  9 0.9899 0.0101 
       h3261  9 0.9944 0.0056 
       h3271  9 0.9908 0.0092 
       h3281  9 0.9940 0.0060 
       h3291  9 0.9939 0.0061 
       h3301  9 0.9914 0.0086 
       h3311  9 0.9896 0.0104 
       h3321  9 0.9905 0.0095 
       h3331  9 0.9901 0.0099 
       h3341  9 0.9891 0.0109 
       h3351  9 0.9943 0.0057 
       h3361  9 0.9927 0.0073 
       h3371  9 0.9944 0.0056 
       h3381  9 0.9802 0.0198 
       h3391  9 0.9931 0.0069 
       h3401  9 0.9937 0.0063 
       h3411  9 0.9936 0.0064 
       h3421  9 0.9927 0.0073 
       h3431  9 0.9898 0.0102 
       h3441  9 0.9941 0.0059 
       h3451  9 0.9933 0.0067 
       h3461  9 0.9931 0.0069 
       h3471  9 0.9937 0.0063 
       h3481  9 0.9869 0.0131 
       h3491  9 0.9833 0.0167 
       h3501  9 0.9887 0.0113 
       h3511  9 0.9873 0.0127 
       h3521  9 0.9935 0.0065 
       h3531  9 0.9922 0.0078 
       h3541  9 0.9927 0.0073 
       h3551  9 0.9947 0.0053 
       h3561  9 0.9949 0.0051 
       h3571  9 0.9932 0.0068 
       h3581  9 0.9944 0.0056 
       h3591  9 0.9919 0.0081 
       h3601  9 0.9950 0.0050 
       h3611  9 0.9929 0.0071 
       h3621  9 0.9949 0.0051 
       h3631  9 0.9570 0.0430 
       h3641  9 0.9948 0.0052 
       h3651  9 0.9944 0.0056 
       h3661  9 0.9930 0.0070 
       h3671  9 0.9892 0.0108 
       h3681  9 0.9951 0.0049 
       h3691  9 0.9912 0.0088 
       h3701  9 0.9909 0.0091 
       h3711  9 0.9918 0.0082 
       h3721  9 0.9947 0.0053 
       h3731  9 0.9954 0.0046 
       h3741  9 0.9941 0.0059 
       h3751  9 0.9932 0.0068 
       h3761  9 0.9946 0.0054 
       h3771  9 0.9938 0.0062 
       h3781  9 0.9934 0.0066 
       h3791  9 0.9942 0.0058 
       h3801  9 0.9945 0.0055 
       h3811  9 0.9925 0.0075 
       h3821  9 0.9932 0.0068 
       h3831  9 0.9945 0.0055 
       h3841  9 0.9942 0.0058 
       h3851  9 0.9944 0.0056 
       h3861  9 0.9950 0.0050 
       h3871  9 0.9919 0.0081 
       h3881  9 0.9941 0.0059 
       h3891  9 0.9888 0.0112 
       h3901  9 0.9944 0.0056 
       h3911  9 0.9872 0.0128 
       h3921  9 0.9921 0.0079 
       h3931  9 0.9932 0.0068 
       h3941  9 0.9937 0.0063 
       h3951  9 0.9924 0.0076 
       h3961  9 0.9918 0.0082 
       h3971  9 0.9742 0.0258 
       h3981  9 0.9928 0.0072 
       h3991  9 0.9950 0.0050 
       h4001  9 0.9936 0.0064 
        h401  9 0.9913 0.0087 
        h402  9 0.9895 0.0105 
        h403  9 0.9943 0.0057 
        h404  9 0.9933 0.0067 
        h405  9 0.9926 0.0074 
        h406  9 0.9929 0.0071 
        h407  9 0.9938 0.0062 
        h408  9 0.9928 0.0072 
        h409  9 0.9942 0.0058 
        h410  9 0.9905 0.0095 
        h411  9 0.9817 0.0183 
        h412  9 0.9947 0.0053 
        h413  9 0.9916 0.0084 
        h414  9 0.9907 0.0093 
        h415  9 0.9903 0.0097 
        h416  9 0.9871 0.0129 
        h417  9 0.9894 0.0106 
        h418  9 0.9944 0.0056 
        h419  9 0.9942 0.0058 
        h420  9 0.9937 0.0063 
        h421  9 0.9905 0.0095 
        h422  9 0.9943 0.0057 
        h423  9 0.9945 0.0055 
        h424  9 0.9919 0.0081 
        h425  9 0.9928 0.0072 
        h426  9 0.9939 0.0061 
        h427  9 0.9938 0.0062 
        h428  9 0.9897 0.0103 
        h429  9 0.9933 0.0067 
        h430  9 0.9936 0.0064 
        h431  9 0.9883 0.0117 
        h432  9 0.9923 0.0077 
        h433  9 0.9928 0.0072 
        h434  9 0.9941 0.0059 
        h435  9 0.9919 0.0081 
        h436  9 0.9913 0.0087 
        h437  9 0.9885 0.0115 
        h438  9 0.9835 0.0165 
        h439  9 0.9947 0.0053 
        h440  9 0.9928 0.0072 
        h441  9 0.9943 0.0057 
        h442  9 0.9867 0.0133 
        h443  9 0.9926 0.0074 
        h444  9 0.9936 0.0064 
        h445  9 0.9922 0.0078 
        h446  9 0.9939 0.0061 
        h447  9 0.9894 0.0106 
        h448  9 0.9941 0.0059 
        h449  9 0.9939 0.0061 
        h450  9 0.9949 0.0051 
        h451  9 0.9927 0.0073 
        h452  9 0.9952 0.0048 
        h453  9 0.9924 0.0076 
        h454  9 0.9943 0.0057 
        h455  9 0.9943 0.0057 
        h456  9 0.9932 0.0068 
        h457  9 0.9938 0.0062 
        h458  9 0.9919 0.0081 
        h459  9 0.9942 0.0058 
        h460  9 0.9939 0.0061 
        h461  9 0.9926 0.0074 
        h462  9 0.9920 0.0080 
        h463  9 0.9914 0.0086 
        h464  9 0.9920 0.0080 
        h465  9 0.9953 0.0047 
        h466  9 0.9949 0.0051 
        h467  9 0.9933 0.0067 
        h468  9 0.9940 0.0060 
        h469  9 0.9929 0.0071 
        h470  9 0.9944 0.0056 
        h471  9 0.9910 0.0090 
        h472  9 0.9930 0.0070 
