       M1EL5  1 0.9911 0.0089 
       W26T6  1 0.9747 0.0253 
       W26XX  1 0.9919 0.0081 
       M013P  1 0.9885 0.0115 
       M1ELA  1 0.9699 0.0301 
       M2C73  1 0.9910 0.0090 
       W23P4  1 0.9760 0.0240 
       W247C  1 0.9906 0.0094 
       W24K1  1 0.9927 0.0073 
       W24ME  1 0.9844 0.0156 
       W2514  1 0.9886 0.0114 
       W26MA  1 0.9818 0.0182 
       W26MM  1 0.9841 0.0159 
       W26MU  1 0.9909 0.0091 
       W26P0  1 0.9894 0.0106 
       W26P3  1 0.9933 0.0067 
       W26T5  1 0.9935 0.0065 
       W26TE  1 0.9863 0.0137 
       W26TF  1 0.9699 0.0301 
       W26U8  1 0.9818 0.0182 
       W26UJ  1 0.9904 0.0096 
       W26UK  1 0.9939 0.0061 
       W26UT  1 0.9933 0.0067 
       W26XT  1 0.9845 0.0155 
      CC06H2  1 0.9746 0.0254 
      CC06H4  1 0.9793 0.0207 
      CC06H5  1 0.9865 0.0135 
      CC06H6  1 0.9945 0.0055 
      CC06HE  1 0.9922 0.0078 
      CC06HF  1 0.9815 0.0185 
      CC06HH  1 0.9934 0.0066 
      CC06HJ  1 0.9853 0.0147 
      CC06HL  1 0.9922 0.0078 
      CC06HP  1 0.9939 0.0061 
      CC06HT  1 0.9857 0.0143 
      CC06HU  1 0.9704 0.0296 
      CC06HY  1 0.9832 0.0168 
      CC06J0  1 0.9832 0.0168 
      CC06J1  1 0.9691 0.0309 
      CC06J2  1 0.9877 0.0123 
     CT.0YCY  1 0.9896 0.0104 
     CT.0YEC  1 0.9916 0.0084 
     CT.0YEF  1 0.9927 0.0073 
     CT.0YEU  1 0.9945 0.0055 
     CT.0YF2  1 0.9838 0.0162 
     CT.0YF8  1 0.9952 0.0048 
     CT.0YFA  1 0.9946 0.0054 
     CT.0YFE  1 0.9907 0.0093 
     CT.0YFP  1 0.9643 0.0357 
     CT.0YFU  1 0.9914 0.0086 
     CT.0YK7  1 0.9824 0.0176 
     CX.10PT  1 0.9315 0.0685 
      DAM021  1 0.9909 0.0091 
      DAM034  1 0.9943 0.0057 
      DAM07X  1 0.9924 0.0076 
     EF.15J6  1 0.9920 0.0080 
      HRV010  1 0.9875 0.0125 
      HRV02J  1 0.9897 0.0103 
      HRV078  1 0.9887 0.0113 
      HRV0FH  1 0.9929 0.0071 
      HRV0H5  1 0.9898 0.0102 
      HRV0JF  1 0.9920 0.0080 
      HRV0JJ  1 0.9912 0.0088 
      HRV0JM  1 0.9930 0.0070 
      HRV0K6  1 0.9656 0.0344 
      HRV0K7  1 0.9918 0.0082 
      HRV0KP  1 0.9737 0.0263 
      HRV1AX  1 0.9886 0.0114 
      HRV1C4  1 0.9940 0.0060 
      HRV1CH  1 0.9907 0.0093 
      HRV1FA  1 0.9880 0.0120 
      HRV1FK  1 0.9778 0.0222 
      HRV1H8  1 0.9931 0.0069 
      HRV1HT  1 0.9851 0.0149 
      HRV1XU  1 0.9583 0.0417 
      HRV4TF  1 0.9915 0.0085 
      HRV6F0  1 0.9890 0.0110 
      HRVE6L  1 0.9788 0.0212 
       M27HM  1 0.9929 0.0071 
       M27HP  1 0.9926 0.0074 
       M2AK4  1 0.9916 0.0084 
       M2ALA  1 0.9925 0.0075 
       M2C56  1 0.9902 0.0098 
       M2CUX  1 0.9821 0.0179 
       M2E24  1 0.9934 0.0066 
       M2EA7  1 0.9902 0.0098 
       M2EH6  1 0.9919 0.0081 
       M2EKC  1 0.9826 0.0174 
      MSV083  1 0.9542 0.0458 
      MSV084  1 0.9922 0.0078 
      MSV0LJ  1 0.9902 0.0098 
      MSV1H5  1 0.9917 0.0083 
      MSV1KM  1 0.9928 0.0072 
      MSV23F  1 0.9662 0.0338 
      MSV2L8  1 0.9894 0.0106 
      MSV2P7  1 0.9905 0.0095 
      MSV2TJ  1 0.9940 0.0060 
      MSV2XM  1 0.9870 0.0130 
      MSV327  1 0.9884 0.0116 
      MSV33L  1 0.9934 0.0066 
       h0015  2 0.9825 0.0175 
       h0025  2 0.9929 0.0071 
       h0035  2 0.9903 0.0097 
       h0045  2 0.9477 0.0523 
       h0055  2 0.9919 0.0081 
       h0065  2 0.9927 0.0073 
       h0075  2 0.9919 0.0081 
       h0085  2 0.9800 0.0200 
       h0095  2 0.9891 0.0109 
       h0105  2 0.9860 0.0140 
       h0115  2 0.9916 0.0084 
       h0125  2 0.9935 0.0065 
       h0135  2 0.9781 0.0219 
       h0145  2 0.9911 0.0089 
       h0155  2 0.9930 0.0070 
       h0165  2 0.9406 0.0594 
       h0175  2 0.9908 0.0092 
       h0185  2 0.9942 0.0058 
       h0195  2 0.9869 0.0131 
       h0205  2 0.9892 0.0108 
       h0215  2 0.9850 0.0150 
       h0225  2 0.9938 0.0062 
       h0235  2 0.9941 0.0059 
       h0245  2 0.9884 0.0116 
       h0255  2 0.9902 0.0098 
       h0265  2 0.9889 0.0111 
       h0275  2 0.9910 0.0090 
       h0285  2 0.9495 0.0505 
       h0295  2 0.9886 0.0114 
       h0305  2 0.9904 0.0096 
       h0315  2 0.9843 0.0157 
       h0325  2 0.9882 0.0118 
       h0335  2 0.9932 0.0068 
       h0345  2 0.9932 0.0068 
       h0355  2 0.9875 0.0125 
       h0365  2 0.9868 0.0132 
       h0375  2 0.9921 0.0079 
       h0385  2 0.9806 0.0194 
       h0395  2 0.9937 0.0063 
       h0405  2 0.9946 0.0054 
       h0415  2 0.9926 0.0074 
       h0425  2 0.9911 0.0089 
       h0435  2 0.9847 0.0153 
       h0445  2 0.9921 0.0079 
       h0455  2 0.9912 0.0088 
       h0465  2 0.9828 0.0172 
       h0475  2 0.9949 0.0051 
       h0485  2 0.9892 0.0108 
       h0495  2 0.9930 0.0070 
       h0505  2 0.9913 0.0087 
       h0515  2 0.9814 0.0186 
       h0525  2 0.9910 0.0090 
       h0535  2 0.9881 0.0119 
       h0545  2 0.9916 0.0084 
       h0555  2 0.9645 0.0355 
       h0565  2 0.9896 0.0104 
       h0575  2 0.9926 0.0074 
       h0585  2 0.9912 0.0088 
       h0595  2 0.9929 0.0071 
       h0605  2 0.9848 0.0152 
       h0615  2 0.9831 0.0169 
       h0625  2 0.9858 0.0142 
       h0635  2 0.9550 0.0450 
       h0645  2 0.9914 0.0086 
       h0655  2 0.9895 0.0105 
       h0665  2 0.9898 0.0102 
       h0675  2 0.9929 0.0071 
       h0685  2 0.9603 0.0397 
       h0695  2 0.9752 0.0248 
       h0705  2 0.9904 0.0096 
       h0715  2 0.9887 0.0113 
       h0725  2 0.9868 0.0132 
       h0735  2 0.9936 0.0064 
       h0745  2 0.9927 0.0073 
       h0755  2 0.9926 0.0074 
       h0765  2 0.9896 0.0104 
       h0775  2 0.9762 0.0238 
       h0785  2 0.9772 0.0228 
       h0795  2 0.9864 0.0136 
       h0805  2 0.9867 0.0133 
       h0815  2 0.9821 0.0179 
       h0825  2 0.9795 0.0205 
       h0835  2 0.9885 0.0115 
       h0845  2 0.9948 0.0052 
       h0855  2 0.9943 0.0057 
       h0865  2 0.9944 0.0056 
       h0875  2 0.9905 0.0095 
       h0885  2 0.9936 0.0064 
       h0895  2 0.9906 0.0094 
       h0905  2 0.9807 0.0193 
       h0915  2 0.9855 0.0145 
       h0925  2 0.9897 0.0103 
       h0935  2 0.9822 0.0178 
       h0945  2 0.9620 0.0380 
       h0955  2 0.9900 0.0100 
       h0965  2 0.9877 0.0123 
       h0975  2 0.9933 0.0067 
       h0985  2 0.9668 0.0332 
       h0995  2 0.9895 0.0105 
       h1005  2 0.9926 0.0074 
        h101  2 0.9911 0.0089 
        h102  2 0.9044 0.0956 
        h103  2 0.9782 0.0218 
        h104  2 0.9915 0.0085 
        h105  2 0.9926 0.0074 
        h106  2 0.9881 0.0119 
        h107  2 0.9926 0.0074 
        h108  2 0.9830 0.0170 
        h109  2 0.9936 0.0064 
        h110  2 0.9897 0.0103 
        h111  2 0.9879 0.0121 
        h112  2 0.9922 0.0078 
        h113  2 0.9916 0.0084 
        h114  2 0.9895 0.0105 
        h115  2 0.9814 0.0186 
        h116  2 0.9925 0.0075 
        h117  2 0.9488 0.0512 
        h118  2 0.9927 0.0073 
        h119  2 0.9807 0.0193 
        h120  2 0.9917 0.0083 
        h121  2 0.9873 0.0127 
        h122  2 0.9944 0.0056 
        h123  2 0.9929 0.0071 
        h124  2 0.9874 0.0126 
        h125  2 0.9937 0.0063 
        h126  2 0.9830 0.0170 
        h127  2 0.9905 0.0095 
        h128  2 0.9959 0.0041 
        h129  2 0.9898 0.0102 
        h130  2 0.9655 0.0345 
        h131  2 0.9903 0.0097 
        h132  2 0.9895 0.0105 
        h133  2 0.9928 0.0072 
        h134  2 0.9688 0.0312 
        h135  2 0.9929 0.0071 
        h136  2 0.9949 0.0051 
        h137  2 0.9914 0.0086 
        h138  2 0.9906 0.0094 
        h139  2 0.9923 0.0077 
        h140  2 0.9661 0.0339 
        h141  2 0.9913 0.0087 
        h142  2 0.9893 0.0107 
        h143  2 0.9891 0.0109 
        h144  2 0.9822 0.0178 
        h145  2 0.9859 0.0141 
        h146  2 0.9923 0.0077 
        h147  2 0.9878 0.0122 
        h148  2 0.9894 0.0106 
        h149  2 0.9890 0.0110 
        h150  2 0.9940 0.0060 
        h151  2 0.9868 0.0132 
        h152  2 0.9943 0.0057 
        h153  2 0.9920 0.0080 
        h154  2 0.9921 0.0079 
        h155  2 0.9924 0.0076 
        h156  2 0.9831 0.0169 
        h157  2 0.9856 0.0144 
        h158  2 0.9736 0.0264 
        h159  2 0.9895 0.0105 
        h160  2 0.9922 0.0078 
        h161  2 0.9829 0.0171 
        h162  2 0.9511 0.0489 
        h163  2 0.9916 0.0084 
        h164  2 0.9925 0.0075 
        h165  2 0.9925 0.0075 
        h166  2 0.9898 0.0102 
        h167  2 0.9778 0.0222 
        h168  2 0.9917 0.0083 
        h169  2 0.9863 0.0137 
        h170  2 0.9872 0.0128 
        h171  2 0.9875 0.0125 
        h172  2 0.9953 0.0047 
        h173  2 0.9924 0.0076 
        h174  2 0.9859 0.0141 
        h175  2 0.9954 0.0046 
        h176  2 0.9866 0.0134 
        h177  2 0.9894 0.0106 
        h178  2 0.9889 0.0111 
        h179  2 0.9841 0.0159 
        h180  2 0.9891 0.0109 
        h181  2 0.9882 0.0118 
        h182  2 0.9920 0.0080 
        h183  2 0.9917 0.0083 
        h184  2 0.9928 0.0072 
        h185  2 0.9875 0.0125 
        h186  2 0.9954 0.0046 
        h187  2 0.9889 0.0111 
        h188  2 0.9938 0.0062 
        h189  2 0.9895 0.0105 
        h190  2 0.9866 0.0134 
        h191  2 0.9871 0.0129 
        h192  2 0.9919 0.0081 
        h193  2 0.9636 0.0364 
        h194  2 0.9861 0.0139 
        h195  2 0.9815 0.0185 
        h196  2 0.9848 0.0152 
        h197  2 0.9814 0.0186 
        h198  2 0.9701 0.0299 
        h199  2 0.9665 0.0335 
        h200  2 0.9889 0.0111 
        h201  2 0.9861 0.0139 
        h202  2 0.9825 0.0175 
        h203  2 0.9846 0.0154 
        h204  2 0.9911 0.0089 
        h205  2 0.9638 0.0362 
        h206  2 0.9920 0.0080 
        h207  2 0.9908 0.0092 
        h208  2 0.9566 0.0434 
        h209  2 0.9902 0.0098 
        h210  2 0.9909 0.0091 
        h211  2 0.9834 0.0166 
        h212  2 0.9858 0.0142 
        h213  2 0.9844 0.0156 
        h214  2 0.9940 0.0060 
        h215  2 0.9943 0.0057 
        h216  2 0.9792 0.0208 
        h217  2 0.9901 0.0099 
        h218  2 0.9899 0.0101 
        h219  2 0.9928 0.0072 
        h220  2 0.9938 0.0062 
        h221  2 0.9879 0.0121 
        h222  2 0.9830 0.0170 
        h223  2 0.9929 0.0071 
        h224  2 0.9783 0.0217 
        h225  2 0.9815 0.0185 
        h226  2 0.9932 0.0068 
        h227  2 0.9929 0.0071 
        h228  2 0.9744 0.0256 
        h229  2 0.9937 0.0063 
        h230  2 0.9764 0.0236 
        h231  2 0.9865 0.0135 
        h232  2 0.9844 0.0156 
        h233  2 0.9897 0.0103 
        h234  2 0.9779 0.0221 
        h235  2 0.9887 0.0113 
        h236  2 0.9927 0.0073 
        h237  2 0.9892 0.0108 
        h238  2 0.9898 0.0102 
        h239  2 0.9850 0.0150 
        h240  2 0.9897 0.0103 
        h241  2 0.9936 0.0064 
        h242  2 0.9924 0.0076 
        h243  2 0.9885 0.0115 
        h244  2 0.9865 0.0135 
        h245  2 0.9933 0.0067 
        h246  2 0.9927 0.0073 
        h247  2 0.9692 0.0308 
        h248  2 0.9931 0.0069 
        h249  2 0.9852 0.0148 
        h250  2 0.9939 0.0061 
        h251  2 0.9916 0.0084 
        h252  2 0.9890 0.0110 
        h253  2 0.9895 0.0105 
        h254  2 0.9915 0.0085 
        h255  2 0.9605 0.0395 
        h256  2 0.9903 0.0097 
        h257  2 0.9773 0.0227 
        h258  2 0.9938 0.0062 
        h259  2 0.9804 0.0196 
        h260  2 0.9131 0.0869 
        h261  2 0.9897 0.0103 
        h262  2 0.9935 0.0065 
        h263  2 0.9882 0.0118 
        h264  2 0.9923 0.0077 
        h265  2 0.9892 0.0108 
        h266  2 0.9899 0.0101 
        h267  2 0.9888 0.0112 
        h268  2 0.9939 0.0061 
        h269  2 0.9915 0.0085 
        h270  2 0.9829 0.0171 
        h271  2 0.9944 0.0056 
        h272  2 0.9915 0.0085 
        h273  2 0.9847 0.0153 
        h274  2 0.9936 0.0064 
        h275  2 0.9755 0.0245 
        h276  2 0.9820 0.0180 
        h277  2 0.9846 0.0154 
        h278  2 0.9873 0.0127 
        h279  2 0.9912 0.0088 
        h280  2 0.9923 0.0077 
        h281  2 0.9763 0.0237 
        h282  2 0.9920 0.0080 
        h283  2 0.9802 0.0198 
        h284  2 0.9920 0.0080 
        h285  2 0.9692 0.0308 
        h286  2 0.9863 0.0137 
        h287  2 0.9912 0.0088 
        h288  2 0.9923 0.0077 
        h289  2 0.9933 0.0067 
        h290  2 0.9931 0.0069 
        h291  2 0.9863 0.0137 
        h292  2 0.9904 0.0096 
        h293  2 0.9923 0.0077 
        h294  2 0.9936 0.0064 
        h295  2 0.9950 0.0050 
        h296  2 0.9925 0.0075 
        h297  2 0.9831 0.0169 
        h298  2 0.9922 0.0078 
        h299  2 0.9835 0.0165 
        h300  2 0.9859 0.0141 
        h301  2 0.9929 0.0071 
        h302  2 0.9952 0.0048 
        h303  2 0.9917 0.0083 
        h304  2 0.9934 0.0066 
        h305  2 0.9889 0.0111 
        h306  2 0.9940 0.0060 
        h307  2 0.9901 0.0099 
        h308  2 0.9850 0.0150 
        h309  2 0.9851 0.0149 
        h310  2 0.9922 0.0078 
        h311  2 0.9834 0.0166 
        h312  2 0.9868 0.0132 
        h313  2 0.9941 0.0059 
        h314  2 0.9946 0.0054 
        h315  2 0.9896 0.0104 
        h316  2 0.9935 0.0065 
        h317  2 0.9907 0.0093 
        h318  2 0.9937 0.0063 
        h319  2 0.9917 0.0083 
        h320  2 0.9930 0.0070 
        h321  2 0.9937 0.0063 
        h322  2 0.9928 0.0072 
        h323  2 0.9888 0.0112 
        h324  2 0.9715 0.0285 
        h325  2 0.9878 0.0122 
        h326  2 0.9945 0.0055 
        h327  2 0.9852 0.0148 
        h328  2 0.9927 0.0073 
        h329  2 0.9910 0.0090 
        h330  2 0.9815 0.0185 
        h331  2 0.9938 0.0062 
        h332  2 0.9811 0.0189 
        h333  2 0.9932 0.0068 
        h334  2 0.9938 0.0062 
        h335  2 0.9763 0.0237 
        h336  2 0.9915 0.0085 
        h337  2 0.9751 0.0249 
        h338  2 0.9927 0.0073 
        h339  2 0.9576 0.0424 
        h340  2 0.9902 0.0098 
        h341  2 0.9923 0.0077 
        h342  2 0.9935 0.0065 
        h343  2 0.9922 0.0078 
        h344  2 0.9873 0.0127 
        h345  2 0.9814 0.0186 
        h346  2 0.9926 0.0074 
        h347  2 0.9939 0.0061 
        h348  2 0.9923 0.0077 
        h349  2 0.9943 0.0057 
        h350  2 0.9898 0.0102 
        h351  2 0.9930 0.0070 
        h352  2 0.9944 0.0056 
        h353  2 0.9917 0.0083 
        h354  2 0.9940 0.0060 
        h355  2 0.9873 0.0127 
        h356  2 0.9881 0.0119 
        h357  2 0.9850 0.0150 
        h358  2 0.9909 0.0091 
        h359  2 0.9936 0.0064 
        h360  2 0.9838 0.0162 
        h361  2 0.9931 0.0069 
        h362  2 0.9902 0.0098 
        h363  2 0.9940 0.0060 
        h364  2 0.9907 0.0093 
        h365  2 0.9840 0.0160 
        h366  2 0.9715 0.0285 
        h367  2 0.9918 0.0082 
        h368  2 0.9827 0.0173 
        h369  2 0.9921 0.0079 
        h370  2 0.9933 0.0067 
        h371  2 0.9921 0.0079 
        h372  2 0.9894 0.0106 
        h373  2 0.9882 0.0118 
        h374  2 0.9589 0.0411 
        h375  2 0.9904 0.0096 
        h376  2 0.9930 0.0070 
        h377  2 0.9833 0.0167 
        h378  2 0.9921 0.0079 
        h379  2 0.9931 0.0069 
        h380  2 0.9867 0.0133 
        h381  2 0.9867 0.0133 
        h382  2 0.9896 0.0104 
        h383  2 0.9929 0.0071 
        h384  2 0.9934 0.0066 
        h385  2 0.9850 0.0150 
        h386  2 0.9644 0.0356 
        h387  2 0.9885 0.0115 
        h388  2 0.9934 0.0066 
        h389  2 0.9612 0.0388 
        h390  2 0.9893 0.0107 
        h391  2 0.9840 0.0160 
        h392  2 0.9885 0.0115 
        h393  2 0.9815 0.0185 
        h394  2 0.9794 0.0206 
        h395  2 0.9908 0.0092 
        h396  2 0.9939 0.0061 
        h397  2 0.9804 0.0196 
        h398  2 0.9922 0.0078 
        h399  2 0.9913 0.0087 
        h400  2 0.9920 0.0080 
        h001  3 0.9303 0.0697 
        h002  3 0.9888 0.0112 
        h003  3 0.8039 0.1961 
        h004  3 0.9684 0.0316 
        h005  3 0.8863 0.1137 
        h006  3 0.9897 0.0103 
        h007  3 0.9842 0.0158 
        h008  3 0.9607 0.0393 
        h009  3 0.9629 0.0371 
        h010  3 0.9500 0.0500 
        h011  3 0.8330 0.1670 
        h012  3 0.8734 0.1266 
        h013  3 0.8908 0.1092 
        h014  3 0.9929 0.0071 
        h015  3 0.7744 0.2256 
        h016  3 0.8941 0.1059 
        h017  3 0.9603 0.0397 
        h018  3 0.9722 0.0278 
        h019  3 0.9268 0.0732 
        h020  3 0.9415 0.0585 
        h021  3 0.9832 0.0168 
        h022  3 0.8354 0.1646 
        h023  3 0.9517 0.0483 
        h024  3 0.9498 0.0502 
        h025  3 0.8553 0.1447 
        h026  3 0.7913 0.2087 
        h027  3 0.9301 0.0699 
        h028  3 0.7879 0.2121 
        h029  3 0.9850 0.0150 
        h030  3 0.8259 0.1741 
        h031  3 0.9013 0.0987 
        h032  3 0.8834 0.1166 
        h033  3 0.7227 0.2773 
        h034  3 0.9731 0.0269 
        h035  3 0.9709 0.0291 
        h036  3 0.8756 0.1244 
        h037  3 0.7910 0.2090 
        h038  3 0.8613 0.1387 
        h039  3 0.9234 0.0766 
        h040  3 0.9690 0.0310 
        h041  3 0.8146 0.1854 
        h042  3 0.8927 0.1073 
        h043  3 0.9288 0.0712 
        h044  3 0.9457 0.0543 
        h045  3 0.9558 0.0442 
        h046  3 0.8649 0.1351 
        h047  3 0.8138 0.1862 
        h048  3 0.9826 0.0174 
        h049  3 0.8569 0.1431 
        h050  3 0.7311 0.2689 
        h051  3 0.7852 0.2148 
        h052  3 0.7741 0.2259 
        h053  3 0.9466 0.0534 
        h054  3 0.8888 0.1112 
        h055  3 0.9922 0.0078 
        h056  3 0.9517 0.0483 
        h057  3 0.9004 0.0996 
        h058  3 0.9639 0.0361 
        h059  3 0.9863 0.0137 
        h060  3 0.8857 0.1143 
        h061  3 0.8835 0.1165 
        h062  3 0.8102 0.1898 
        h063  3 0.8724 0.1276 
        h064  3 0.8463 0.1537 
        h065  3 0.9163 0.0837 
        h066  3 0.7906 0.2094 
        h067  3 0.8338 0.1662 
        h068  3 0.7816 0.2184 
        h069  3 0.8239 0.1761 
        h070  3 0.8930 0.1070 
        h071  3 0.8640 0.1360 
        h072  3 0.8266 0.1734 
        h073  3 0.7159 0.2841 
        h074  3 0.9582 0.0418 
        h075  3 0.9645 0.0355 
        h076  3 0.9353 0.0647 
        h077  3 0.9347 0.0653 
        h078  3 0.8021 0.1979 
        h079  3 0.9502 0.0498 
        h080  3 0.9387 0.0613 
        h081  3 0.9335 0.0665 
        h082  3 0.9747 0.0253 
        h083  3 0.9698 0.0302 
        h084  3 0.8805 0.1195 
        h085  3 0.9907 0.0093 
        h086  3 0.8622 0.1378 
        h087  3 0.8001 0.1999 
        h088  3 0.9858 0.0142 
        h089  3 0.9361 0.0639 
        h090  3 0.9815 0.0185 
        h091  3 0.9805 0.0195 
        h092  3 0.8228 0.1772 
        h093  3 0.8789 0.1211 
        h094  3 0.9541 0.0459 
        h095  3 0.9708 0.0292 
        h096  3 0.8932 0.1068 
        h097  3 0.6085 0.3915 
        h098  3 0.8817 0.1183 
        h099  3 0.9830 0.0170 
        h100  3 0.8696 0.1304 
       h0011  4 0.7601 0.2399 
       h0021  4 0.9881 0.0119 
       h0031  4 0.8099 0.1901 
       h0041  4 0.6582 0.3418 
       h0051  4 0.9714 0.0286 
       h0061  4 0.8755 0.1245 
       h0071  4 0.8165 0.1835 
       h0081  4 0.9035 0.0965 
       h0091  4 0.9386 0.0614 
       h0101  4 0.5138 0.4862 
       h0111  4 0.5899 0.4101 
       h0121  4 0.4994 0.5006 
       h0131  4 0.8454 0.1546 
       h0141  4 0.8169 0.1831 
       h0151  4 0.7524 0.2476 
       h0161  4 0.7889 0.2111 
       h0171  4 0.8254 0.1746 
       h0181  4 0.6375 0.3625 
       h0191  4 0.8521 0.1479 
       h0201  4 0.5213 0.4787 
       h0211  4 0.6484 0.3516 
       h0221  4 0.8193 0.1807 
       h0231  4 0.8688 0.1312 
       h0241  4 0.9330 0.0670 
       h0251  4 0.6954 0.3046 
       h0261  4 0.7291 0.2709 
       h0271  4 0.7473 0.2527 
       h0281  4 0.7007 0.2993 
       h0291  4 0.9209 0.0791 
       h0301  4 0.6098 0.3902 
       h0311  4 0.7310 0.2690 
       h0321  4 0.6381 0.3619 
       h0331  4 0.5135 0.4865 
       h0341  4 0.7344 0.2656 
       h0351  4 0.7151 0.2849 
       h0361  4 0.7697 0.2303 
       h0371  4 0.8499 0.1501 
       h0381  4 0.8893 0.1107 
       h0391  4 0.9709 0.0291 
       h0401  4 0.7025 0.2975 
       h0411  4 0.7816 0.2184 
       h0421  4 0.7639 0.2361 
       h0431  4 0.6472 0.3528 
       h0441  4 0.7487 0.2513 
       h0451  4 0.9041 0.0959 
       h0461  4 0.7518 0.2482 
       h0471  4 0.8473 0.1527 
       h0481  4 0.8157 0.1843 
       h0491  4 0.9170 0.0830 
       h0501  4 0.6422 0.3578 
       h0511  4 0.6781 0.3219 
       h0521  4 0.8419 0.1581 
       h0531  4 0.8152 0.1848 
       h0541  4 0.6808 0.3192 
       h0551  4 0.7172 0.2828 
       h0561  4 0.8875 0.1125 
       h0571  4 0.5788 0.4212 
       h0581  4 0.7551 0.2449 
       h0591  4 0.7050 0.2950 
       h0601  4 0.7076 0.2924 
       h0611  4 0.9881 0.0119 
       h0621  4 0.7384 0.2616 
       h0631  4 0.8211 0.1789 
       h0641  4 0.9460 0.0540 
       h0651  4 0.8640 0.1360 
       h0661  4 0.9577 0.0423 
       h0671  4 0.7364 0.2636 
       h0681  4 0.7771 0.2229 
       h0691  4 0.5536 0.4464 
       h0701  4 0.6957 0.3043 
       h0711  4 0.5953 0.4047 
       h0721  4 0.8132 0.1868 
       h0731  4 0.5478 0.4522 
       h0741  4 0.8797 0.1203 
       h0751  4 0.7204 0.2796 
       h0761  4 0.7590 0.2410 
       h0771  4 0.8914 0.1086 
       h0781  4 0.9332 0.0668 
       h0791  4 0.6633 0.3367 
       h0801  4 0.8270 0.1730 
       h0811  4 0.7141 0.2859 
       h0821  4 0.6875 0.3125 
       h0831  4 0.8456 0.1544 
       h0841  4 0.9569 0.0431 
       h0851  4 0.9721 0.0279 
       h0861  4 0.7583 0.2417 
       h0871  4 0.9599 0.0401 
       h0881  4 0.9884 0.0116 
       h0891  4 0.6136 0.3864 
       h0901  4 0.7612 0.2388 
       h0911  4 0.7024 0.2976 
       h0921  4 0.7636 0.2364 
       h0931  4 0.6741 0.3259 
       h0941  4 0.8022 0.1978 
       h0951  4 0.8791 0.1209 
       h0961  4 0.7845 0.2155 
       h0971  4 0.5957 0.4043 
       h0981  4 0.7300 0.2700 
       h0991  4 0.6477 0.3523 
       h1001  4 0.8708 0.1292 
       h0012  5 0.7599 0.2401 
       h0022  5 0.5502 0.4498 
       h0032  5 0.5141 0.4859 
       h0042  5 0.5755 0.4245 
       h0052  5 0.5508 0.4492 
       h0062  5 0.3524 0.6476 
       h0072  5 0.5898 0.4102 
       h0082  5 0.5441 0.4559 
       h0092  5 0.5030 0.4970 
       h0102  5 0.5095 0.4905 
       h0112  5 0.4606 0.5394 
       h0122  5 0.4542 0.5458 
       h0132  5 0.4117 0.5883 
       h0142  5 0.4756 0.5244 
       h0152  5 0.4487 0.5513 
       h0162  5 0.6005 0.3995 
       h0172  5 0.5344 0.4656 
       h0182  5 0.5792 0.4208 
       h0192  5 0.5830 0.4170 
       h0202  5 0.5530 0.4470 
       h0212  5 0.4787 0.5213 
       h0222  5 0.4355 0.5645 
       h0232  5 0.3626 0.6374 
       h0242  5 0.4808 0.5192 
       h0252  5 0.6259 0.3741 
       h0262  5 0.5705 0.4295 
       h0272  5 0.4997 0.5003 
       h0282  5 0.4630 0.5370 
       h0292  5 0.4842 0.5158 
       h0302  5 0.5135 0.4865 
       h0312  5 0.4268 0.5732 
       h0322  5 0.4438 0.5562 
       h0332  5 0.4922 0.5078 
       h0342  5 0.4704 0.5296 
       h0352  5 0.4623 0.5377 
       h0362  5 0.5227 0.4773 
       h0372  5 0.5296 0.4704 
       h0382  5 0.5341 0.4659 
       h0392  5 0.3501 0.6499 
       h0402  5 0.5839 0.4161 
       h0412  5 0.5607 0.4393 
       h0422  5 0.5318 0.4682 
       h0432  5 0.4901 0.5099 
       h0442  5 0.4948 0.5052 
       h0452  5 0.5806 0.4194 
       h0462  5 0.5863 0.4137 
       h0472  5 0.4314 0.5686 
       h0482  5 0.5868 0.4132 
       h0492  5 0.5153 0.4847 
       h0502  5 0.5163 0.4837 
       h0512  5 0.4888 0.5112 
       h0522  5 0.4453 0.5547 
       h0532  5 0.5859 0.4141 
       h0542  5 0.5445 0.4555 
       h0552  5 0.4553 0.5447 
       h0562  5 0.3366 0.6634 
       h0572  5 0.6046 0.3954 
       h0582  5 0.4376 0.5624 
       h0592  5 0.3193 0.6807 
       h0602  5 0.4389 0.5611 
       h0612  5 0.5437 0.4563 
       h0622  5 0.5443 0.4557 
       h0632  5 0.4302 0.5698 
       h0642  5 0.4364 0.5636 
       h0652  5 0.5149 0.4851 
       h0662  5 0.3284 0.6716 
       h0672  5 0.5607 0.4393 
       h0682  5 0.7360 0.2640 
       h0692  5 0.6272 0.3728 
       h0702  5 0.3682 0.6318 
       h0712  5 0.4932 0.5068 
       h0722  5 0.5123 0.4877 
       h0732  5 0.4845 0.5155 
       h0742  5 0.5043 0.4957 
       h0752  5 0.4062 0.5938 
       h0762  5 0.5627 0.4373 
       h0772  5 0.6195 0.3805 
       h0782  5 0.5366 0.4634 
       h0792  5 0.4583 0.5417 
       h0802  5 0.5045 0.4955 
       h0812  5 0.4012 0.5988 
       h0822  5 0.5049 0.4951 
       h0832  5 0.5789 0.4211 
       h0842  5 0.5193 0.4807 
       h0852  5 0.4716 0.5284 
       h0862  5 0.4360 0.5640 
       h0872  5 0.5947 0.4053 
       h0882  5 0.5105 0.4895 
       h0892  5 0.5247 0.4753 
       h0902  5 0.4909 0.5091 
       h0912  5 0.5200 0.4800 
       h0922  5 0.4559 0.5441 
       h0932  5 0.5405 0.4595 
       h0942  5 0.5848 0.4152 
       h0952  5 0.5531 0.4469 
       h0962  5 0.3727 0.6273 
       h0972  5 0.5031 0.4969 
       h0982  5 0.5874 0.4126 
       h0992  5 0.4958 0.5042 
       h1002  5 0.5479 0.4521 
       h0013  6 0.1315 0.8685 
       h0023  6 0.3135 0.6865 
       h0033  6 0.0872 0.9128 
       h0043  6 0.3167 0.6833 
       h0053  6 0.1015 0.8985 
       h0063  6 0.3490 0.6510 
       h0073  6 0.1971 0.8029 
       h0083  6 0.3282 0.6718 
       h0093  6 0.3714 0.6286 
       h0103  6 0.1411 0.8589 
       h0113  6 0.3660 0.6340 
       h0123  6 0.2939 0.7061 
       h0133  6 0.2446 0.7554 
       h0143  6 0.1948 0.8052 
       h0153  6 0.3038 0.6962 
       h0163  6 0.3458 0.6542 
       h0173  6 0.3304 0.6696 
       h0183  6 0.1926 0.8074 
       h0193  6 0.3792 0.6208 
       h0203  6 0.3733 0.6267 
       h0213  6 0.2367 0.7633 
       h0223  6 0.3966 0.6034 
       h0233  6 0.2310 0.7690 
       h0243  6 0.2595 0.7405 
       h0253  6 0.2638 0.7362 
       h0263  6 0.0173 0.9827 
       h0273  6 0.4201 0.5799 
       h0283  6 0.1491 0.8509 
       h0293  6 0.3323 0.6677 
       h0303  6 0.1921 0.8079 
       h0313  6 0.2698 0.7302 
       h0323  6 0.4280 0.5720 
       h0333  6 0.2801 0.7199 
       h0343  6 0.1458 0.8542 
       h0353  6 0.1252 0.8748 
       h0363  6 0.3717 0.6283 
       h0373  6 0.2692 0.7308 
       h0383  6 0.3020 0.6980 
       h0393  6 0.3103 0.6897 
       h0403  6 0.2776 0.7224 
       h0413  6 0.1472 0.8528 
       h0423  6 0.1234 0.8766 
       h0433  6 0.1740 0.8260 
       h0443  6 0.1988 0.8012 
       h0453  6 0.1574 0.8426 
       h0463  6 0.3419 0.6581 
       h0473  6 0.2804 0.7196 
       h0483  6 0.2732 0.7268 
       h0493  6 0.4016 0.5984 
       h0503  6 0.3127 0.6873 
       h0513  6 0.3650 0.6350 
       h0523  6 0.2722 0.7278 
       h0533  6 0.3801 0.6199 
       h0543  6 0.2762 0.7238 
       h0553  6 0.3034 0.6966 
       h0563  6 0.1974 0.8026 
       h0573  6 0.2418 0.7582 
       h0583  6 0.2899 0.7101 
       h0593  6 0.2557 0.7443 
       h0603  6 0.1673 0.8327 
       h0613  6 0.0441 0.9559 
       h0623  6 0.1708 0.8292 
       h0633  6 0.2751 0.7249 
       h0643  6 0.1091 0.8909 
       h0653  6 0.2782 0.7218 
       h0663  6 0.3761 0.6239 
       h0673  6 0.3702 0.6298 
       h0683  6 0.2958 0.7042 
       h0693  6 0.3458 0.6542 
       h0703  6 0.2520 0.7480 
       h0713  6 0.2000 0.8000 
       h0723  6 0.2035 0.7965 
       h0733  6 0.4300 0.5700 
       h0743  6 0.1599 0.8401 
       h0753  6 0.3281 0.6719 
       h0763  6 0.1488 0.8512 
       h0773  6 0.1510 0.8490 
       h0783  6 0.2969 0.7031 
       h0793  6 0.3516 0.6484 
       h0803  6 0.1333 0.8667 
       h0813  6 0.1992 0.8008 
       h0823  6 0.2963 0.7037 
       h0833  6 0.3871 0.6129 
       h0843  6 0.2064 0.7936 
       h0853  6 0.1079 0.8921 
       h0863  6 0.2768 0.7232 
       h0873  6 0.1688 0.8312 
       h0883  6 0.0954 0.9046 
       h0893  6 0.1330 0.8670 
       h0903  6 0.2325 0.7675 
       h0913  6 0.2938 0.7062 
       h0923  6 0.2093 0.7907 
       h0933  6 0.2749 0.7251 
       h0943  6 0.2325 0.7675 
       h0953  6 0.3501 0.6499 
       h0963  6 0.1222 0.8778 
       h0973  6 0.3371 0.6629 
       h0983  6 0.1255 0.8745 
       h0993  6 0.2714 0.7286 
       h1003  6 0.1531 0.8469 
       h0014  7 0.1650 0.8350 
       h0024  7 0.1616 0.8384 
       h0034  7 0.0851 0.9149 
       h0044  7 0.1223 0.8777 
       h0054  7 0.1044 0.8956 
       h0064  7 0.0116 0.9884 
       h0074  7 0.1177 0.8823 
       h0084  7 0.1304 0.8696 
       h0094  7 0.1655 0.8345 
       h0104  7 0.1167 0.8833 
       h0114  7 0.0863 0.9137 
       h0124  7 0.1430 0.8570 
       h0134  7 0.2512 0.7488 
       h0144  7 0.1352 0.8648 
       h0154  7 0.1767 0.8233 
       h0164  7 0.1100 0.8900 
       h0174  7 0.1129 0.8871 
       h0184  7 0.0669 0.9331 
       h0194  7 0.0991 0.9009 
       h0204  7 0.1010 0.8990 
       h0214  7 0.0706 0.9294 
       h0224  7 0.0506 0.9494 
       h0234  7 0.1174 0.8826 
       h0244  7 0.2924 0.7076 
       h0254  7 0.0085 0.9915 
       h0264  7 0.1605 0.8395 
       h0274  7 0.0102 0.9898 
       h0284  7 0.1523 0.8477 
       h0294  7 0.0286 0.9714 
       h0304  7 0.2347 0.7653 
       h0314  7 0.0944 0.9056 
       h0324  7 0.1759 0.8241 
       h0334  7 0.1168 0.8832 
       h0344  7 0.0423 0.9577 
       h0354  7 0.2009 0.7991 
       h0364  7 0.1169 0.8831 
       h0374  7 0.1687 0.8313 
       h0384  7 0.0069 0.9931 
       h0394  7 0.0742 0.9258 
       h0404  7 0.0967 0.9033 
       h0414  7 0.0972 0.9028 
       h0424  7 0.1256 0.8744 
       h0434  7 0.1954 0.8046 
       h0444  7 0.2226 0.7774 
       h0454  7 0.0644 0.9356 
       h0464  7 0.0472 0.9528 
       h0474  7 0.1059 0.8941 
       h0484  7 0.0401 0.9599 
       h0494  7 0.0283 0.9717 
       h0504  7 0.1248 0.8752 
       h0514  7 0.0646 0.9354 
       h0524  7 0.1920 0.8080 
       h0534  7 0.0511 0.9489 
       h0544  7 0.2498 0.7502 
       h0554  7 0.0075 0.9925 
       h0564  7 0.1848 0.8152 
       h0574  7 0.1041 0.8959 
       h0584  7 0.1307 0.8693 
       h0594  7 0.1186 0.8814 
       h0604  7 0.0268 0.9732 
       h0614  7 0.1379 0.8621 
       h0624  7 0.0054 0.9946 
       h0634  7 0.1613 0.8387 
       h0644  7 0.0279 0.9721 
       h0654  7 0.0051 0.9949 
       h0664  7 0.2132 0.7868 
       h0674  7 0.0063 0.9937 
       h0684  7 0.1505 0.8495 
       h0694  7 0.0107 0.9893 
       h0704  7 0.0360 0.9640 
       h0714  7 0.0048 0.9952 
       h0724  7 0.1939 0.8061 
       h0734  7 0.2021 0.7979 
       h0744  7 0.0641 0.9359 
       h0754  7 0.1844 0.8156 
       h0764  7 0.1181 0.8819 
       h0774  7 0.0265 0.9735 
       h0784  7 0.1303 0.8697 
       h0794  7 0.1069 0.8931 
       h0804  7 0.0967 0.9033 
       h0814  7 0.0061 0.9939 
       h0824  7 0.0919 0.9081 
       h0834  7 0.0843 0.9157 
       h0844  7 0.1901 0.8099 
       h0854  7 0.1196 0.8804 
       h0864  7 0.0460 0.9540 
       h0874  7 0.0077 0.9923 
       h0884  7 0.0231 0.9769 
       h0894  7 0.0071 0.9929 
       h0904  7 0.0092 0.9908 
       h0914  7 0.1017 0.8983 
       h0924  7 0.1585 0.8415 
       h0934  7 0.1797 0.8203 
       h0944  7 0.0062 0.9938 
       h0954  7 0.2271 0.7729 
       h0964  7 0.1561 0.8439 
       h0974  7 0.1532 0.8468 
       h0984  7 0.1325 0.8675 
       h0994  7 0.0154 0.9846 
       h1004  7 0.1205 0.8795 
     CK.0PLA  8 0.0112 0.9888 
     CK.0PLC  8 0.0131 0.9869 
     CK.0PLE  8 0.0065 0.9935 
     CK.0PLF  8 0.0222 0.9778 
     CK.0PLH  8 0.0081 0.9919 
     CK.0PLJ  8 0.0083 0.9917 
     CK.0PLK  8 0.0054 0.9946 
     CK.0PLL  8 0.0092 0.9908 
     CK.0PLM  8 0.0075 0.9925 
     CK.0PLP  8 0.0079 0.9921 
     CK.0PLT  8 0.0050 0.9950 
     CK.0PLU  8 0.0066 0.9934 
     CK.0PLX  8 0.0109 0.9891 
     CK.0PLY  8 0.0049 0.9951 
     CK.0PM0  8 0.0069 0.9931 
     CK.0PM1  8 0.0055 0.9945 
     CK.0PM2  8 0.0074 0.9926 
     CK.0PM3  8 0.0087 0.9913 
     CK.0PM4  8 0.0091 0.9909 
     CK.0PM7  8 0.0062 0.9938 
     CK.0PM8  8 0.0053 0.9947 
     CK.0PMA  8 0.0094 0.9906 
       M2C06  8 0.0059 0.9941 
       M2C07  8 0.0047 0.9953 
       M2C08  8 0.0047 0.9953 
       M2C0A  8 0.0060 0.9940 
       M2C0C  8 0.0056 0.9944 
       M2C0E  8 0.0062 0.9938 
      h00111  9 0.0058 0.9942 
      h00211  9 0.0051 0.9949 
      h00311  9 0.0072 0.9928 
      h00411  9 0.0065 0.9935 
      h00511  9 0.0057 0.9943 
      h00611  9 0.0058 0.9942 
      h00711  9 0.0047 0.9953 
      h00811  9 0.0057 0.9943 
      h00911  9 0.0067 0.9933 
      h01011  9 0.0063 0.9937 
      h01111  9 0.0058 0.9942 
      h01211  9 0.0070 0.9930 
      h01311  9 0.0106 0.9894 
      h01411  9 0.0051 0.9949 
      h01511  9 0.0076 0.9924 
      h01611  9 0.0067 0.9933 
      h01711  9 0.0069 0.9931 
      h01811  9 0.0129 0.9871 
      h01911  9 0.0050 0.9950 
      h02011  9 0.0047 0.9953 
      h02111  9 0.0050 0.9950 
      h02211  9 0.0073 0.9927 
      h02311  9 0.0091 0.9909 
      h02411  9 0.0288 0.9712 
      h02511  9 0.0064 0.9936 
      h02611  9 0.0080 0.9920 
      h02711  9 0.0064 0.9936 
      h02811  9 0.0093 0.9907 
      h02911  9 0.0073 0.9927 
      h03011  9 0.0072 0.9928 
      h03111  9 0.0052 0.9948 
      h03211  9 0.0084 0.9916 
      h03311  9 0.0058 0.9942 
      h03411  9 0.0065 0.9935 
      h03511  9 0.0053 0.9947 
      h03611  9 0.0068 0.9932 
      h03711  9 0.0060 0.9940 
      h03811  9 0.0059 0.9941 
      h03911  9 0.0071 0.9929 
      h04011  9 0.0060 0.9940 
      h04111  9 0.0057 0.9943 
      h04211  9 0.0064 0.9936 
      h04311  9 0.0061 0.9939 
      h04411  9 0.0049 0.9951 
      h04511  9 0.0072 0.9928 
      h04611  9 0.0052 0.9948 
      h04711  9 0.0057 0.9943 
      h04811  9 0.0067 0.9933 
      h04911  9 0.0055 0.9945 
      h05011  9 0.0062 0.9938 
      h05111  9 0.0056 0.9944 
      h05211  9 0.0068 0.9932 
      h05311  9 0.0071 0.9929 
      h05411  9 0.0081 0.9919 
      h05511  9 0.0068 0.9932 
      h05611  9 0.0101 0.9899 
      h05711  9 0.0049 0.9951 
      h05811  9 0.0135 0.9865 
      h05911  9 0.0060 0.9940 
      h06011  9 0.0054 0.9946 
      h06111  9 0.0079 0.9921 
      h06211  9 0.0077 0.9923 
      h06311  9 0.0063 0.9937 
      h06411  9 0.0079 0.9921 
      h06511  9 0.0057 0.9943 
      h06611  9 0.0050 0.9950 
      h06711  9 0.0147 0.9853 
      h06811  9 0.0081 0.9919 
      h06911  9 0.0064 0.9936 
      h07011  9 0.0051 0.9949 
      h07111  9 0.0084 0.9916 
      h07211  9 0.0070 0.9930 
      h07311  9 0.0071 0.9929 
      h07411  9 0.0075 0.9925 
      h07511  9 0.0071 0.9929 
      h07611  9 0.0074 0.9926 
      h07711  9 0.0067 0.9933 
      h07811  9 0.0085 0.9915 
      h07911  9 0.0049 0.9951 
      h08011  9 0.0054 0.9946 
      h08111  9 0.0075 0.9925 
      h08211  9 0.0079 0.9921 
      h08311  9 0.0093 0.9907 
      h08411  9 0.0066 0.9934 
      h08511  9 0.0051 0.9949 
      h08611  9 0.0075 0.9925 
      h08711  9 0.0077 0.9923 
      h08811  9 0.0111 0.9889 
      h08911  9 0.0077 0.9923 
      h09011  9 0.0071 0.9929 
      h09111  9 0.0047 0.9953 
      h09211  9 0.0058 0.9942 
      h09311  9 0.0055 0.9945 
      h09411  9 0.0095 0.9905 
      h09511  9 0.0075 0.9925 
      h09611  9 0.0063 0.9937 
      h09711  9 0.0116 0.9884 
      h09811  9 0.0129 0.9871 
      h09911  9 0.0111 0.9889 
      h10011  9 0.0086 0.9914 
       h1011  9 0.0081 0.9919 
       h1021  9 0.0074 0.9926 
       h1031  9 0.0079 0.9921 
       h1041  9 0.0053 0.9947 
       h1051  9 0.0146 0.9854 
       h1061  9 0.0066 0.9934 
       h1071  9 0.0084 0.9916 
       h1081  9 0.0079 0.9921 
       h1091  9 0.0111 0.9889 
       h1101  9 0.0063 0.9937 
       h1111  9 0.0071 0.9929 
       h1121  9 0.0061 0.9939 
       h1131  9 0.0062 0.9938 
       h1141  9 0.0054 0.9946 
       h1151  9 0.0069 0.9931 
       h1161  9 0.0085 0.9915 
       h1171  9 0.0084 0.9916 
       h1181  9 0.0090 0.9910 
       h1191  9 0.0085 0.9915 
       h1201  9 0.0116 0.9884 
       h1211  9 0.0093 0.9907 
       h1221  9 0.0083 0.9917 
       h1231  9 0.0063 0.9937 
       h1241  9 0.0082 0.9918 
       h1251  9 0.0042 0.9958 
       h1261  9 0.0064 0.9936 
       h1271  9 0.0056 0.9944 
       h1281  9 0.0065 0.9935 
       h1291  9 0.0057 0.9943 
       h1301  9 0.0113 0.9887 
       h1311  9 0.0148 0.9852 
       h1321  9 0.0087 0.9913 
       h1331  9 0.0076 0.9924 
       h1341  9 0.0064 0.9936 
       h1351  9 0.0071 0.9929 
       h1361  9 0.0107 0.9893 
       h1371  9 0.0061 0.9939 
       h1381  9 0.0074 0.9926 
       h1391  9 0.0078 0.9922 
       h1401  9 0.0058 0.9942 
       h1411  9 0.0059 0.9941 
       h1421  9 0.0074 0.9926 
       h1431  9 0.0083 0.9917 
       h1441  9 0.0058 0.9942 
       h1451  9 0.0051 0.9949 
       h1461  9 0.0093 0.9907 
       h1471  9 0.0070 0.9930 
       h1481  9 0.0124 0.9876 
       h1491  9 0.0097 0.9903 
       h1501  9 0.0082 0.9918 
       h1511  9 0.0053 0.9947 
       h1521  9 0.0045 0.9955 
       h1531  9 0.0068 0.9932 
       h1541  9 0.0107 0.9893 
       h1551  9 0.0060 0.9940 
       h1561  9 0.0045 0.9955 
       h1571  9 0.0090 0.9910 
       h1581  9 0.0167 0.9833 
       h1591  9 0.0069 0.9931 
       h1601  9 0.0058 0.9942 
       h1611  9 0.0066 0.9934 
       h1621  9 0.0064 0.9936 
       h1631  9 0.0077 0.9923 
       h1641  9 0.0054 0.9946 
       h1651  9 0.0053 0.9947 
       h1661  9 0.0056 0.9944 
       h1671  9 0.0055 0.9945 
       h1681  9 0.0064 0.9936 
       h1691  9 0.0072 0.9928 
       h1701  9 0.0056 0.9944 
       h1711  9 0.0064 0.9936 
       h1721  9 0.0062 0.9938 
       h1731  9 0.0071 0.9929 
       h1741  9 0.0076 0.9924 
       h1751  9 0.0064 0.9936 
       h1761  9 0.0063 0.9937 
       h1771  9 0.0063 0.9937 
       h1781  9 0.0069 0.9931 
       h1791  9 0.0229 0.9771 
       h1801  9 0.0059 0.9941 
       h1811  9 0.0071 0.9929 
       h1821  9 0.0075 0.9925 
       h1831  9 0.0052 0.9948 
       h1841  9 0.0054 0.9946 
       h1851  9 0.0089 0.9911 
       h1861  9 0.0067 0.9933 
       h1871  9 0.0060 0.9940 
       h1881  9 0.0097 0.9903 
       h1891  9 0.0062 0.9938 
       h1901  9 0.0053 0.9947 
       h1911  9 0.0071 0.9929 
       h1921  9 0.0057 0.9943 
       h1931  9 0.0058 0.9942 
       h1941  9 0.0068 0.9932 
       h1951  9 0.0080 0.9920 
       h1961  9 0.0079 0.9921 
       h1971  9 0.0072 0.9928 
       h1981  9 0.0078 0.9922 
       h1991  9 0.0100 0.9900 
       h2001  9 0.0064 0.9936 
       h2011  9 0.0088 0.9912 
       h2021  9 0.0067 0.9933 
       h2031  9 0.0074 0.9926 
       h2041  9 0.0050 0.9950 
       h2051  9 0.0053 0.9947 
       h2061  9 0.0072 0.9928 
       h2071  9 0.0084 0.9916 
       h2081  9 0.0059 0.9941 
       h2091  9 0.0119 0.9881 
       h2101  9 0.0059 0.9941 
       h2111  9 0.0058 0.9942 
       h2121  9 0.0088 0.9912 
       h2131  9 0.0073 0.9927 
       h2141  9 0.0051 0.9949 
       h2151  9 0.0077 0.9923 
       h2161  9 0.0053 0.9947 
       h2171  9 0.0065 0.9935 
       h2181  9 0.0101 0.9899 
       h2191  9 0.0067 0.9933 
       h2201  9 0.0070 0.9930 
       h2211  9 0.0081 0.9919 
       h2221  9 0.0061 0.9939 
       h2231  9 0.0059 0.9941 
       h2241  9 0.0123 0.9877 
       h2251  9 0.0057 0.9943 
       h2261  9 0.0095 0.9905 
       h2271  9 0.0061 0.9939 
       h2281  9 0.0058 0.9942 
       h2291  9 0.0075 0.9925 
       h2301  9 0.0049 0.9951 
       h2311  9 0.0056 0.9944 
       h2321  9 0.0084 0.9916 
       h2331  9 0.0089 0.9911 
       h2341  9 0.0063 0.9937 
       h2351  9 0.0087 0.9913 
       h2361  9 0.0081 0.9919 
       h2371  9 0.0062 0.9938 
       h2381  9 0.0104 0.9896 
       h2391  9 0.0071 0.9929 
       h2401  9 0.0107 0.9893 
       h2411  9 0.0104 0.9896 
       h2421  9 0.0088 0.9912 
       h2431  9 0.0065 0.9935 
       h2441  9 0.0060 0.9940 
       h2451  9 0.0058 0.9942 
       h2461  9 0.0085 0.9915 
       h2471  9 0.0119 0.9881 
       h2481  9 0.0058 0.9942 
       h2491  9 0.0090 0.9910 
       h2501  9 0.0051 0.9949 
       h2511  9 0.0045 0.9955 
       h2521  9 0.0081 0.9919 
       h2531  9 0.0073 0.9927 
       h2541  9 0.0056 0.9944 
       h2551  9 0.0063 0.9937 
       h2561  9 0.0060 0.9940 
       h2571  9 0.0149 0.9851 
       h2581  9 0.0076 0.9924 
       h2591  9 0.0054 0.9946 
       h2601  9 0.0085 0.9915 
       h2611  9 0.0082 0.9918 
       h2621  9 0.0053 0.9947 
       h2631  9 0.0120 0.9880 
       h2641  9 0.0056 0.9944 
       h2651  9 0.0060 0.9940 
       h2661  9 0.0062 0.9938 
       h2671  9 0.0051 0.9949 
       h2681  9 0.0054 0.9946 
       h2691  9 0.0057 0.9943 
       h2701  9 0.0062 0.9938 
       h2711  9 0.0091 0.9909 
       h2721  9 0.0066 0.9934 
       h2731  9 0.0056 0.9944 
       h2741  9 0.0069 0.9931 
       h2751  9 0.0067 0.9933 
       h2761  9 0.0104 0.9896 
       h2771  9 0.0070 0.9930 
       h2781  9 0.0059 0.9941 
       h2791  9 0.0058 0.9942 
       h2801  9 0.0058 0.9942 
       h2811  9 0.0050 0.9950 
       h2821  9 0.0101 0.9899 
       h2831  9 0.0099 0.9901 
       h2841  9 0.0060 0.9940 
       h2851  9 0.0055 0.9945 
       h2861  9 0.0078 0.9922 
       h2871  9 0.0092 0.9908 
       h2881  9 0.0103 0.9897 
       h2891  9 0.0051 0.9949 
       h2901  9 0.0081 0.9919 
       h2911  9 0.0063 0.9937 
       h2921  9 0.0045 0.9955 
       h2931  9 0.0093 0.9907 
       h2941  9 0.0059 0.9941 
       h2951  9 0.0087 0.9913 
       h2961  9 0.0082 0.9918 
       h2971  9 0.0064 0.9936 
       h2981  9 0.0110 0.9890 
       h2991  9 0.0048 0.9952 
       h3001  9 0.0082 0.9918 
       h3011  9 0.0049 0.9951 
       h3021  9 0.0066 0.9934 
       h3031  9 0.0083 0.9917 
       h3041  9 0.0065 0.9935 
       h3051  9 0.0082 0.9918 
       h3061  9 0.0128 0.9872 
       h3071  9 0.0051 0.9949 
       h3081  9 0.0071 0.9929 
       h3091  9 0.0069 0.9931 
       h3101  9 0.0056 0.9944 
       h3111  9 0.0167 0.9833 
       h3121  9 0.0052 0.9948 
       h3131  9 0.0079 0.9921 
       h3141  9 0.0104 0.9896 
       h3151  9 0.0091 0.9909 
       h3161  9 0.0074 0.9926 
       h3171  9 0.0063 0.9937 
       h3181  9 0.0069 0.9931 
       h3191  9 0.0062 0.9938 
       h3201  9 0.0044 0.9956 
       h3211  9 0.0074 0.9926 
       h3221  9 0.0077 0.9923 
       h3231  9 0.0052 0.9948 
       h3241  9 0.0075 0.9925 
       h3251  9 0.0101 0.9899 
       h3261  9 0.0056 0.9944 
       h3271  9 0.0092 0.9908 
       h3281  9 0.0060 0.9940 
       h3291  9 0.0062 0.9938 
       h3301  9 0.0085 0.9915 
       h3311  9 0.0104 0.9896 
       h3321  9 0.0095 0.9905 
       h3331  9 0.0099 0.9901 
       h3341  9 0.0110 0.9890 
       h3351  9 0.0057 0.9943 
       h3361  9 0.0073 0.9927 
       h3371  9 0.0056 0.9944 
       h3381  9 0.0198 0.9802 
       h3391  9 0.0069 0.9931 
       h3401  9 0.0063 0.9937 
       h3411  9 0.0065 0.9935 
       h3421  9 0.0073 0.9927 
       h3431  9 0.0103 0.9897 
       h3441  9 0.0060 0.9940 
       h3451  9 0.0067 0.9933 
       h3461  9 0.0069 0.9931 
       h3471  9 0.0063 0.9937 
       h3481  9 0.0131 0.9869 
       h3491  9 0.0168 0.9832 
       h3501  9 0.0112 0.9888 
       h3511  9 0.0126 0.9874 
       h3521  9 0.0065 0.9935 
       h3531  9 0.0078 0.9922 
       h3541  9 0.0073 0.9927 
       h3551  9 0.0053 0.9947 
       h3561  9 0.0051 0.9949 
       h3571  9 0.0068 0.9932 
       h3581  9 0.0057 0.9943 
       h3591  9 0.0081 0.9919 
       h3601  9 0.0050 0.9950 
       h3611  9 0.0071 0.9929 
       h3621  9 0.0051 0.9949 
       h3631  9 0.0431 0.9569 
       h3641  9 0.0052 0.9948 
       h3651  9 0.0057 0.9943 
       h3661  9 0.0070 0.9930 
       h3671  9 0.0108 0.9892 
       h3681  9 0.0048 0.9952 
       h3691  9 0.0088 0.9912 
       h3701  9 0.0091 0.9909 
       h3711  9 0.0083 0.9917 
       h3721  9 0.0053 0.9947 
       h3731  9 0.0046 0.9954 
       h3741  9 0.0060 0.9940 
       h3751  9 0.0068 0.9932 
       h3761  9 0.0054 0.9946 
       h3771  9 0.0062 0.9938 
       h3781  9 0.0066 0.9934 
       h3791  9 0.0058 0.9942 
       h3801  9 0.0055 0.9945 
       h3811  9 0.0075 0.9925 
       h3821  9 0.0068 0.9932 
       h3831  9 0.0055 0.9945 
       h3841  9 0.0058 0.9942 
       h3851  9 0.0056 0.9944 
       h3861  9 0.0050 0.9950 
       h3871  9 0.0080 0.9920 
       h3881  9 0.0059 0.9941 
       h3891  9 0.0112 0.9888 
       h3901  9 0.0056 0.9944 
       h3911  9 0.0126 0.9874 
       h3921  9 0.0079 0.9921 
       h3931  9 0.0068 0.9932 
       h3941  9 0.0063 0.9937 
       h3951  9 0.0076 0.9924 
       h3961  9 0.0081 0.9919 
       h3971  9 0.0256 0.9744 
       h3981  9 0.0073 0.9927 
       h3991  9 0.0050 0.9950 
       h4001  9 0.0064 0.9936 
        h401  9 0.0088 0.9912 
        h402  9 0.0104 0.9896 
        h403  9 0.0057 0.9943 
        h404  9 0.0066 0.9934 
        h405  9 0.0074 0.9926 
        h406  9 0.0072 0.9928 
        h407  9 0.0062 0.9938 
        h408  9 0.0072 0.9928 
        h409  9 0.0058 0.9942 
        h410  9 0.0095 0.9905 
        h411  9 0.0181 0.9819 
        h412  9 0.0054 0.9946 
        h413  9 0.0084 0.9916 
        h414  9 0.0093 0.9907 
        h415  9 0.0096 0.9904 
        h416  9 0.0128 0.9872 
        h417  9 0.0106 0.9894 
        h418  9 0.0055 0.9945 
        h419  9 0.0058 0.9942 
        h420  9 0.0063 0.9937 
        h421  9 0.0095 0.9905 
        h422  9 0.0057 0.9943 
        h423  9 0.0055 0.9945 
        h424  9 0.0082 0.9918 
        h425  9 0.0071 0.9929 
        h426  9 0.0061 0.9939 
        h427  9 0.0063 0.9937 
        h428  9 0.0103 0.9897 
        h429  9 0.0067 0.9933 
        h430  9 0.0064 0.9936 
        h431  9 0.0116 0.9884 
        h432  9 0.0076 0.9924 
        h433  9 0.0072 0.9928 
        h434  9 0.0059 0.9941 
        h435  9 0.0081 0.9919 
        h436  9 0.0087 0.9913 
        h437  9 0.0114 0.9886 
        h438  9 0.0166 0.9834 
        h439  9 0.0053 0.9947 
        h440  9 0.0072 0.9928 
        h441  9 0.0058 0.9942 
        h442  9 0.0133 0.9867 
        h443  9 0.0074 0.9926 
        h444  9 0.0064 0.9936 
        h445  9 0.0077 0.9923 
        h446  9 0.0061 0.9939 
        h447  9 0.0106 0.9894 
        h448  9 0.0059 0.9941 
        h449  9 0.0061 0.9939 
        h450  9 0.0051 0.9949 
        h451  9 0.0073 0.9927 
        h452  9 0.0048 0.9952 
        h453  9 0.0076 0.9924 
        h454  9 0.0056 0.9944 
        h455  9 0.0057 0.9943 
        h456  9 0.0068 0.9932 
        h457  9 0.0062 0.9938 
        h458  9 0.0081 0.9919 
        h459  9 0.0058 0.9942 
        h460  9 0.0061 0.9939 
        h461  9 0.0074 0.9926 
        h462  9 0.0081 0.9919 
        h463  9 0.0086 0.9914 
        h464  9 0.0080 0.9920 
        h465  9 0.0047 0.9953 
        h466  9 0.0051 0.9949 
        h467  9 0.0067 0.9933 
        h468  9 0.0060 0.9940 
        h469  9 0.0071 0.9929 
        h470  9 0.0056 0.9944 
        h471  9 0.0090 0.9910 
        h472  9 0.0069 0.9931 
