1:	0.9697 0.0132 0.0092 0.0079 	100
2:	0.9715 0.0111 0.0093 0.0081 	200
3:	0.4157 0.0110 0.5379 0.0353 	6
4:	0.4937 0.0135 0.4641 0.0287 	100
5:	0.4913 0.0189 0.4742 0.0156 	100
6:	0.4879 0.0108 0.0136 0.4877 	100
7:	0.4816 0.4955 0.0112 0.0118 	100
8:	0.4919 0.0332 0.4613 0.0136 	100
9:	0.0272 0.0135 0.9517 0.0075 	2
10:	0.2149 0.0134 0.7336 0.0381 	100
11:	0.2134 0.0204 0.7552 0.0109 	100
12:	0.2240 0.0132 0.0150 0.7479 	100
13:	0.2426 0.7285 0.0178 0.0111 	100
14:	0.1720 0.0306 0.7828 0.0146 	100
15:	0.0560 0.0185 0.8981 0.0273 	42
16:	0.0659 0.0147 0.8905 0.0289 	100
17:	0.0857 0.0195 0.8834 0.0114 	100
18:	0.0933 0.0131 0.0158 0.8778 	100
19:	0.0989 0.8751 0.0165 0.0095 	100
20:	0.0620 0.0245 0.8960 0.0174 	100
21:	0.0061 0.0185 0.9251 0.0503 	105
22:	0.0109 0.0114 0.9414 0.0363 	240
23:	0.0124 0.0224 0.9467 0.0185 	68
24:	0.0091 0.0147 0.9647 0.0115 	31
25:	0.0076 0.0119 0.9702 0.0102 	125
26:	0.0123 0.0225 0.9559 0.0094 	53
27:	0.0103 0.0218 0.9580 0.0099 	125
28:	0.0043 0.0048 0.0058 0.9851 	28
29:	0.0039 0.0046 0.0051 0.9864 	300
30:	0.0040 0.9854 0.0059 0.0047 	27
31:	0.0040 0.9860 0.0052 0.0048 	300
32:	0.0068 0.0319 0.9428 0.0184 	40
33:	0.0064 0.0316 0.9462 0.0158 	300
