       M1EL5  1 0.9660 0.0340 
       W26T6  1 0.9147 0.0853 
       W26XX  1 0.9774 0.0226 
       M013P  1 0.9831 0.0169 
       M1ELA  1 0.8628 0.1372 
       M2C73  1 0.9706 0.0294 
       W23P4  1 0.8767 0.1233 
       W247C  1 0.9794 0.0206 
       W24K1  1 0.9819 0.0181 
       W24ME  1 0.9151 0.0849 
       W2514  1 0.9455 0.0545 
       W26MA  1 0.9647 0.0353 
       W26MM  1 0.9792 0.0208 
       W26MU  1 0.9617 0.0383 
       W26P0  1 0.9764 0.0236 
       W26P3  1 0.9854 0.0146 
       W26T5  1 0.9821 0.0179 
       W26TE  1 0.9598 0.0402 
       W26TF  1 0.9828 0.0172 
       W26U8  1 0.9421 0.0579 
       W26UJ  1 0.9776 0.0224 
       W26UK  1 0.9842 0.0158 
       W26UT  1 0.9824 0.0176 
       W26XT  1 0.9803 0.0197 
      CC06H2  1 0.9451 0.0549 
      CC06H4  1 0.9805 0.0195 
      CC06H5  1 0.9183 0.0817 
      CC06H6  1 0.9721 0.0279 
      CC06HE  1 0.9814 0.0186 
      CC06HF  1 0.9299 0.0701 
      CC06HH  1 0.9813 0.0187 
      CC06HJ  1 0.9688 0.0312 
      CC06HL  1 0.9853 0.0147 
      CC06HP  1 0.9816 0.0184 
      CC06HT  1 0.9618 0.0382 
      CC06HU  1 0.9809 0.0191 
      CC06HY  1 0.9564 0.0436 
      CC06J0  1 0.9741 0.0259 
      CC06J1  1 0.9312 0.0688 
      CC06J2  1 0.9760 0.0240 
     CT.0YCY  1 0.9740 0.0260 
     CT.0YEC  1 0.9851 0.0149 
     CT.0YEF  1 0.9734 0.0266 
     CT.0YEU  1 0.9798 0.0202 
     CT.0YF2  1 0.9531 0.0469 
     CT.0YF8  1 0.9817 0.0183 
     CT.0YFA  1 0.9671 0.0329 
     CT.0YFE  1 0.9676 0.0324 
     CT.0YFP  1 0.9537 0.0463 
     CT.0YFU  1 0.9742 0.0258 
     CT.0YK7  1 0.9677 0.0323 
     CX.10PT  1 0.9383 0.0617 
      DAM021  1 0.9680 0.0320 
      DAM034  1 0.9574 0.0426 
      DAM07X  1 0.9727 0.0273 
     EF.15J6  1 0.9817 0.0183 
      HRV010  1 0.9779 0.0221 
      HRV02J  1 0.9651 0.0349 
      HRV078  1 0.9622 0.0378 
      HRV0FH  1 0.9761 0.0239 
      HRV0H5  1 0.9687 0.0313 
      HRV0JF  1 0.9258 0.0742 
      HRV0JJ  1 0.9643 0.0357 
      HRV0JM  1 0.9737 0.0263 
      HRV0K6  1 0.9458 0.0542 
      HRV0K7  1 0.9817 0.0183 
      HRV0KP  1 0.9698 0.0302 
      HRV1AX  1 0.9536 0.0464 
      HRV1C4  1 0.9500 0.0500 
      HRV1CH  1 0.9742 0.0258 
      HRV1FA  1 0.9700 0.0300 
      HRV1FK  1 0.9631 0.0369 
      HRV1H8  1 0.9751 0.0249 
      HRV1HT  1 0.9665 0.0335 
      HRV1XU  1 0.9748 0.0252 
      HRV4TF  1 0.9799 0.0201 
      HRV6F0  1 0.9732 0.0268 
      HRVE6L  1 0.9726 0.0274 
       M27HM  1 0.9473 0.0527 
       M27HP  1 0.9814 0.0186 
       M2AK4  1 0.9814 0.0186 
       M2ALA  1 0.9795 0.0205 
       M2C56  1 0.9722 0.0278 
       M2CUX  1 0.9468 0.0532 
       M2E24  1 0.9813 0.0187 
       M2EA7  1 0.9784 0.0216 
       M2EH6  1 0.9798 0.0202 
       M2EKC  1 0.9455 0.0545 
      MSV083  1 0.9711 0.0289 
      MSV084  1 0.9637 0.0363 
      MSV0LJ  1 0.9670 0.0330 
      MSV1H5  1 0.9607 0.0393 
      MSV1KM  1 0.9810 0.0190 
      MSV23F  1 0.9756 0.0244 
      MSV2L8  1 0.9729 0.0271 
      MSV2P7  1 0.9744 0.0256 
      MSV2TJ  1 0.9588 0.0412 
      MSV2XM  1 0.9731 0.0269 
      MSV327  1 0.9771 0.0229 
      MSV33L  1 0.9825 0.0175 
        h001  2 0.9560 0.0440 
        h002  2 0.7310 0.2690 
        h003  2 0.8639 0.1361 
        h004  2 0.9749 0.0251 
        h005  2 0.9555 0.0445 
        h006  2 0.9664 0.0336 
        h007  2 0.9581 0.0419 
        h008  2 0.8000 0.2000 
        h009  2 0.9591 0.0409 
        h010  2 0.9693 0.0307 
        h011  2 0.9688 0.0312 
        h012  2 0.9608 0.0392 
        h013  2 0.9330 0.0670 
        h014  2 0.9823 0.0177 
        h015  2 0.6327 0.3673 
        h016  2 0.9702 0.0298 
        h017  2 0.9402 0.0598 
        h018  2 0.6412 0.3588 
        h019  2 0.9800 0.0200 
        h020  2 0.9682 0.0318 
        h021  2 0.6895 0.3105 
        h022  2 0.9647 0.0353 
        h023  2 0.9312 0.0688 
        h024  2 0.9495 0.0505 
        h025  2 0.9637 0.0363 
        h026  2 0.9059 0.0941 
        h027  2 0.8679 0.1321 
        h028  2 0.9795 0.0205 
        h029  2 0.8645 0.1355 
        h030  2 0.8757 0.1243 
        h031  2 0.8924 0.1076 
        h032  2 0.9809 0.0191 
        h033  2 0.9754 0.0246 
        h034  2 0.9392 0.0608 
        h035  2 0.8550 0.1450 
        h036  2 0.9268 0.0732 
        h037  2 0.7668 0.2332 
        h038  2 0.9412 0.0588 
        h039  2 0.9581 0.0419 
        h040  2 0.9689 0.0311 
        h041  2 0.9438 0.0562 
        h042  2 0.9714 0.0286 
        h043  2 0.9778 0.0222 
        h044  2 0.9318 0.0682 
        h045  2 0.9618 0.0382 
        h046  2 0.9620 0.0380 
        h047  2 0.8864 0.1136 
        h048  2 0.9580 0.0420 
        h049  2 0.9695 0.0305 
        h050  2 0.9212 0.0788 
        h051  2 0.8348 0.1652 
        h052  2 0.9742 0.0258 
        h053  2 0.9701 0.0299 
        h054  2 0.8713 0.1287 
        h055  2 0.9320 0.0680 
        h056  2 0.9574 0.0426 
        h057  2 0.8839 0.1161 
        h058  2 0.8627 0.1373 
        h059  2 0.9182 0.0818 
        h060  2 0.8954 0.1046 
        h061  2 0.9409 0.0591 
        h062  2 0.9676 0.0324 
        h063  2 0.9734 0.0266 
        h064  2 0.7889 0.2111 
        h065  2 0.9641 0.0359 
        h066  2 0.9740 0.0260 
        h067  2 0.9510 0.0490 
        h068  2 0.9046 0.0954 
        h069  2 0.9557 0.0443 
        h070  2 0.9408 0.0592 
        h071  2 0.9726 0.0274 
        h072  2 0.9620 0.0380 
        h073  2 0.9743 0.0257 
        h074  2 0.9459 0.0541 
        h075  2 0.9393 0.0607 
        h076  2 0.9503 0.0497 
        h077  2 0.9587 0.0413 
        h078  2 0.9012 0.0988 
        h079  2 0.9829 0.0171 
        h080  2 0.9066 0.0934 
        h081  2 0.9585 0.0415 
        h082  2 0.9246 0.0754 
        h083  2 0.9357 0.0643 
        h084  2 0.7464 0.2536 
        h085  2 0.9058 0.0942 
        h086  2 0.9385 0.0615 
        h087  2 0.9549 0.0451 
        h088  2 0.8087 0.1913 
        h089  2 0.9875 0.0125 
        h090  2 0.9538 0.0462 
        h091  2 0.9185 0.0815 
        h092  2 0.9343 0.0657 
        h093  2 0.9748 0.0252 
        h094  2 0.7917 0.2083 
        h095  2 0.9693 0.0307 
        h096  2 0.9198 0.0802 
        h097  2 0.7726 0.2274 
        h098  2 0.8337 0.1663 
        h099  2 0.8200 0.1800 
        h100  2 0.8671 0.1329 
       h0011  3 0.8165 0.1835 
       h0021  3 0.6476 0.3524 
       h0031  3 0.8144 0.1856 
       h0041  3 0.9448 0.0552 
       h0051  3 0.9051 0.0949 
       h0061  3 0.8008 0.1992 
       h0071  3 0.9545 0.0455 
       h0081  3 0.9654 0.0346 
       h0091  3 0.6961 0.3039 
       h0101  3 0.9066 0.0934 
       h0111  3 0.8298 0.1702 
       h0121  3 0.8474 0.1526 
       h0131  3 0.8698 0.1302 
       h0141  3 0.8249 0.1751 
       h0151  3 0.7899 0.2101 
       h0161  3 0.7984 0.2016 
       h0171  3 0.8573 0.1427 
       h0181  3 0.7433 0.2567 
       h0191  3 0.8194 0.1806 
       h0201  3 0.6968 0.3032 
       h0211  3 0.8475 0.1525 
       h0221  3 0.8668 0.1332 
       h0231  3 0.8705 0.1295 
       h0241  3 0.9163 0.0837 
       h0251  3 0.8872 0.1128 
       h0261  3 0.6070 0.3930 
       h0271  3 0.8538 0.1462 
       h0281  3 0.9221 0.0779 
       h0291  3 0.8450 0.1550 
       h0301  3 0.6990 0.3010 
       h0311  3 0.7058 0.2942 
       h0321  3 0.9604 0.0396 
       h0331  3 0.7491 0.2509 
       h0341  3 0.6821 0.3179 
       h0351  3 0.5993 0.4007 
       h0361  3 0.7224 0.2776 
       h0371  3 0.8836 0.1164 
       h0381  3 0.9613 0.0387 
       h0391  3 0.9439 0.0561 
       h0401  3 0.8519 0.1481 
       h0411  3 0.8857 0.1143 
       h0421  3 0.9665 0.0335 
       h0431  3 0.9135 0.0865 
       h0441  3 0.8652 0.1348 
       h0451  3 0.8678 0.1322 
       h0461  3 0.6886 0.3114 
       h0471  3 0.6641 0.3359 
       h0481  3 0.9521 0.0479 
       h0491  3 0.8281 0.1719 
       h0501  3 0.8798 0.1202 
       h0511  3 0.7705 0.2295 
       h0521  3 0.8253 0.1747 
       h0531  3 0.6873 0.3127 
       h0541  3 0.7922 0.2078 
       h0551  3 0.9256 0.0744 
       h0561  3 0.6715 0.3285 
       h0571  3 0.6725 0.3275 
       h0581  3 0.7812 0.2188 
       h0591  3 0.8984 0.1016 
       h0601  3 0.9600 0.0400 
       h0611  3 0.9135 0.0865 
       h0621  3 0.8931 0.1069 
       h0631  3 0.9224 0.0776 
       h0641  3 0.8877 0.1123 
       h0651  3 0.9033 0.0967 
       h0661  3 0.7386 0.2614 
       h0671  3 0.7652 0.2348 
       h0681  3 0.8038 0.1962 
       h0691  3 0.7658 0.2342 
       h0701  3 0.6635 0.3365 
       h0711  3 0.7681 0.2319 
       h0721  3 0.7174 0.2826 
       h0731  3 0.9148 0.0852 
       h0741  3 0.7485 0.2515 
       h0751  3 0.9082 0.0918 
       h0761  3 0.8087 0.1913 
       h0771  3 0.9166 0.0834 
       h0781  3 0.9361 0.0639 
       h0791  3 0.9105 0.0895 
       h0801  3 0.9206 0.0794 
       h0811  3 0.5889 0.4111 
       h0821  3 0.8618 0.1382 
       h0831  3 0.9570 0.0430 
       h0841  3 0.8363 0.1637 
       h0851  3 0.7033 0.2967 
       h0861  3 0.6297 0.3703 
       h0871  3 0.9713 0.0287 
       h0881  3 0.9602 0.0398 
       h0891  3 0.6957 0.3043 
       h0901  3 0.7712 0.2288 
       h0911  3 0.6436 0.3564 
       h0921  3 0.7878 0.2122 
       h0931  3 0.9494 0.0506 
       h0941  3 0.7080 0.2920 
       h0951  3 0.8209 0.1791 
       h0961  3 0.9367 0.0633 
       h0971  3 0.9275 0.0725 
       h0981  3 0.8077 0.1923 
       h0991  3 0.9191 0.0809 
       h1001  3 0.6633 0.3367 
      MSV1TX  4 0.6671 0.3329 
      MSV025  4 0.3597 0.6403 
      MSV02C  4 0.5112 0.4888 
      MSV02E  4 0.4547 0.5453 
      MSV0TF  4 0.3751 0.6249 
       M2EL8  4 0.3334 0.6666 
       h0012  5 0.7529 0.2471 
       h0022  5 0.5821 0.4179 
       h0032  5 0.5757 0.4243 
       h0042  5 0.7805 0.2195 
       h0052  5 0.6263 0.3737 
       h0062  5 0.5012 0.4988 
       h0072  5 0.4195 0.5805 
       h0082  5 0.1868 0.8132 
       h0092  5 0.4425 0.5575 
       h0102  5 0.6658 0.3342 
       h0112  5 0.5303 0.4697 
       h0122  5 0.7874 0.2126 
       h0132  5 0.4993 0.5007 
       h0142  5 0.4414 0.5586 
       h0152  5 0.4673 0.5327 
       h0162  5 0.6679 0.3321 
       h0172  5 0.5831 0.4169 
       h0182  5 0.3643 0.6357 
       h0192  5 0.6312 0.3688 
       h0202  5 0.5011 0.4989 
       h0212  5 0.7316 0.2684 
       h0222  5 0.5099 0.4901 
       h0232  5 0.4411 0.5589 
       h0242  5 0.4200 0.5800 
       h0252  5 0.6119 0.3881 
       h0262  5 0.5241 0.4759 
       h0272  5 0.5450 0.4550 
       h0282  5 0.5352 0.4648 
       h0292  5 0.3954 0.6046 
       h0302  5 0.5875 0.4125 
       h0312  5 0.7128 0.2872 
       h0322  5 0.6285 0.3715 
       h0332  5 0.4697 0.5303 
       h0342  5 0.5031 0.4969 
       h0352  5 0.4628 0.5372 
       h0362  5 0.5322 0.4678 
       h0372  5 0.5316 0.4684 
       h0382  5 0.6175 0.3825 
       h0392  5 0.2457 0.7543 
       h0402  5 0.5852 0.4148 
       h0412  5 0.3949 0.6051 
       h0422  5 0.5516 0.4484 
       h0432  5 0.7588 0.2412 
       h0442  5 0.6753 0.3247 
       h0452  5 0.5734 0.4266 
       h0462  5 0.5551 0.4449 
       h0472  5 0.4725 0.5275 
       h0482  5 0.9191 0.0809 
       h0492  5 0.6650 0.3350 
       h0502  5 0.5757 0.4243 
       h0512  5 0.3828 0.6172 
       h0522  5 0.4887 0.5113 
       h0532  5 0.3889 0.6111 
       h0542  5 0.4234 0.5766 
       h0552  5 0.5832 0.4168 
       h0562  5 0.4242 0.5758 
       h0572  5 0.6265 0.3735 
       h0582  5 0.4681 0.5319 
       h0592  5 0.5799 0.4201 
       h0602  5 0.5307 0.4693 
       h0612  5 0.7199 0.2801 
       h0622  5 0.6654 0.3346 
       h0632  5 0.5459 0.4541 
       h0642  5 0.4654 0.5346 
       h0652  5 0.6032 0.3968 
       h0662  5 0.4488 0.5512 
       h0672  5 0.6867 0.3133 
       h0682  5 0.4272 0.5728 
       h0692  5 0.4321 0.5679 
       h0702  5 0.6012 0.3988 
       h0712  5 0.4629 0.5371 
       h0722  5 0.6859 0.3141 
       h0732  5 0.3631 0.6369 
       h0742  5 0.4804 0.5196 
       h0752  5 0.6457 0.3543 
       h0762  5 0.3578 0.6422 
       h0772  5 0.5747 0.4253 
       h0782  5 0.5935 0.4065 
       h0792  5 0.6333 0.3667 
       h0802  5 0.6023 0.3977 
       h0812  5 0.4232 0.5768 
       h0822  5 0.7446 0.2554 
       h0832  5 0.2754 0.7246 
       h0842  5 0.4059 0.5941 
       h0852  5 0.4904 0.5096 
       h0862  5 0.4762 0.5238 
       h0872  5 0.5887 0.4113 
       h0882  5 0.4604 0.5396 
       h0892  5 0.7599 0.2401 
       h0902  5 0.4814 0.5186 
       h0912  5 0.5709 0.4291 
       h0922  5 0.5144 0.4856 
       h0932  5 0.5775 0.4225 
       h0942  5 0.4879 0.5121 
       h0952  5 0.5442 0.4558 
       h0962  5 0.4313 0.5687 
       h0972  5 0.5692 0.4308 
       h0982  5 0.5328 0.4672 
       h0992  5 0.5023 0.4977 
       h1002  5 0.4901 0.5099 
      MSV21T  6 0.0430 0.9570 
       M2E71  6 0.1562 0.8438 
       h0013  7 0.3183 0.6817 
       h0023  7 0.3481 0.6519 
       h0033  7 0.1653 0.8347 
       h0043  7 0.2963 0.7037 
       h0053  7 0.3163 0.6837 
       h0063  7 0.3498 0.6502 
       h0073  7 0.1325 0.8675 
       h0083  7 0.0935 0.9065 
       h0093  7 0.2199 0.7801 
       h0103  7 0.2445 0.7555 
       h0113  7 0.2514 0.7486 
       h0123  7 0.1962 0.8038 
       h0133  7 0.3377 0.6623 
       h0143  7 0.1903 0.8097 
       h0153  7 0.2034 0.7966 
       h0163  7 0.3621 0.6379 
       h0173  7 0.2143 0.7857 
       h0183  7 0.3715 0.6285 
       h0193  7 0.1671 0.8329 
       h0203  7 0.0364 0.9636 
       h0213  7 0.1915 0.8085 
       h0223  7 0.1531 0.8469 
       h0233  7 0.2878 0.7122 
       h0243  7 0.2405 0.7595 
       h0253  7 0.3367 0.6633 
       h0263  7 0.2208 0.7792 
       h0273  7 0.4596 0.5404 
       h0283  7 0.1409 0.8591 
       h0293  7 0.2124 0.7876 
       h0303  7 0.2436 0.7564 
       h0313  7 0.2166 0.7834 
       h0323  7 0.2401 0.7599 
       h0333  7 0.2162 0.7838 
       h0343  7 0.0602 0.9398 
       h0353  7 0.1304 0.8696 
       h0363  7 0.2706 0.7294 
       h0373  7 0.0755 0.9245 
       h0383  7 0.1864 0.8136 
       h0393  7 0.2598 0.7402 
       h0403  7 0.1797 0.8203 
       h0413  7 0.3301 0.6699 
       h0423  7 0.2483 0.7517 
       h0433  7 0.5347 0.4653 
       h0443  7 0.1723 0.8277 
       h0453  7 0.0769 0.9231 
       h0463  7 0.2108 0.7892 
       h0473  7 0.3408 0.6592 
       h0483  7 0.0439 0.9561 
       h0493  7 0.2786 0.7214 
       h0503  7 0.2533 0.7467 
       h0513  7 0.4364 0.5636 
       h0523  7 0.0921 0.9079 
       h0533  7 0.1940 0.8060 
       h0543  7 0.4030 0.5970 
       h0553  7 0.4001 0.5999 
       h0563  7 0.2125 0.7875 
       h0573  7 0.3931 0.6069 
       h0583  7 0.3091 0.6909 
       h0593  7 0.1242 0.8758 
       h0603  7 0.1268 0.8732 
       h0613  7 0.2177 0.7823 
       h0623  7 0.2832 0.7168 
       h0633  7 0.0757 0.9243 
       h0643  7 0.3248 0.6752 
       h0653  7 0.1266 0.8734 
       h0663  7 0.1431 0.8569 
       h0673  7 0.3655 0.6345 
       h0683  7 0.0882 0.9118 
       h0693  7 0.1867 0.8133 
       h0703  7 0.2840 0.7160 
       h0713  7 0.1720 0.8280 
       h0723  7 0.2416 0.7584 
       h0733  7 0.5409 0.4591 
       h0743  7 0.1803 0.8197 
       h0753  7 0.2431 0.7569 
       h0763  7 0.2848 0.7152 
       h0773  7 0.2400 0.7600 
       h0783  7 0.3500 0.6500 
       h0793  7 0.0493 0.9507 
       h0803  7 0.2030 0.7970 
       h0813  7 0.2054 0.7946 
       h0823  7 0.0883 0.9117 
       h0833  7 0.2505 0.7495 
       h0843  7 0.2081 0.7919 
       h0853  7 0.4006 0.5994 
       h0863  7 0.0333 0.9667 
       h0873  7 0.0951 0.9049 
       h0883  7 0.3126 0.6874 
       h0893  7 0.1958 0.8042 
       h0903  7 0.3240 0.6760 
       h0913  7 0.1810 0.8190 
       h0923  7 0.0822 0.9178 
       h0933  7 0.4222 0.5778 
       h0943  7 0.4453 0.5547 
       h0953  7 0.0237 0.9763 
       h0963  7 0.2262 0.7738 
       h0973  7 0.2797 0.7203 
       h0983  7 0.0450 0.9550 
       h0993  7 0.1445 0.8555 
       h1003  7 0.1903 0.8097 
       W23CA  8 0.0207 0.9793 
     AP.085Y  8 0.0277 0.9723 
     CH.0LLY  8 0.0801 0.9199 
       M0LEC  8 0.0204 0.9796 
       M2C3H  8 0.0308 0.9692 
       M2CHL  8 0.1098 0.8902 
       W26P7  8 0.0346 0.9654 
     AP.07M5  8 0.0779 0.9221 
     AP.080U  8 0.0350 0.9650 
     AP.082A  8 0.0212 0.9788 
     AP.0843  8 0.0350 0.9650 
     AP.0844  8 0.0903 0.9097 
     AP.084X  8 0.0255 0.9745 
     AP.086Y  8 0.0245 0.9755 
     AP.0870  8 0.0362 0.9638 
     AP.0878  8 0.0464 0.9536 
     AP.087F  8 0.0337 0.9663 
     AP.087Y  8 0.0911 0.9089 
     AP.088P  8 0.0589 0.9411 
     AP.08AK  8 0.0829 0.9171 
     CH.0LLM  8 0.0255 0.9745 
     CH.0LLU  8 0.0824 0.9176 
     CH.0LM0  8 0.0477 0.9523 
     CH.0LM3  8 0.0604 0.9396 
       W26MY  8 0.1904 0.8096 
       W26P6  8 0.0693 0.9307 
      HRV07U  8 0.0752 0.9248 
      HRV1CT  8 0.0238 0.9762 
      HRV1CU  8 0.0182 0.9818 
      HRV1E6  8 0.0343 0.9657 
      HRV081  8 0.0157 0.9843 
      HRV1E3  8 0.0411 0.9589 
      MSV21E  8 0.0524 0.9476 
      MSV216  8 0.0452 0.9548 
       M0TYK  8 0.0590 0.9410 
      MSV2AA  8 0.0656 0.9344 
     CK.0PET  8 0.1431 0.8569 
       M2E8C  8 0.0409 0.9591 
      MSV23X  8 0.0565 0.9435 
      MSV32A  8 0.0856 0.9144 
     AP.0838  8 0.0296 0.9704 
     AP.088F  8 0.0364 0.9636 
       h0014  9 0.1758 0.8242 
       h0024  9 0.0315 0.9685 
       h0034  9 0.0572 0.9428 
       h0044  9 0.1030 0.8970 
       h0054  9 0.1043 0.8957 
       h0064  9 0.0255 0.9745 
       h0074  9 0.0220 0.9780 
       h0084  9 0.0931 0.9069 
       h0094  9 0.2128 0.7872 
       h0104  9 0.0644 0.9356 
       h0114  9 0.0484 0.9516 
       h0124  9 0.1194 0.8806 
       h0134  9 0.1373 0.8627 
       h0144  9 0.0284 0.9716 
       h0154  9 0.0505 0.9495 
       h0164  9 0.1413 0.8587 
       h0174  9 0.1997 0.8003 
       h0184  9 0.0276 0.9724 
       h0194  9 0.0269 0.9731 
       h0204  9 0.0315 0.9685 
       h0214  9 0.0439 0.9561 
       h0224  9 0.0605 0.9395 
       h0234  9 0.1357 0.8643 
       h0244  9 0.0217 0.9783 
       h0254  9 0.1830 0.8170 
       h0264  9 0.1037 0.8963 
       h0274  9 0.2098 0.7902 
       h0284  9 0.0763 0.9237 
       h0294  9 0.0567 0.9433 
       h0304  9 0.0245 0.9755 
       h0314  9 0.2287 0.7713 
       h0324  9 0.1383 0.8617 
       h0334  9 0.1059 0.8941 
       h0344  9 0.0352 0.9648 
       h0354  9 0.1539 0.8461 
       h0364  9 0.2559 0.7441 
       h0374  9 0.1693 0.8307 
       h0384  9 0.1086 0.8914 
       h0394  9 0.0906 0.9094 
       h0404  9 0.1085 0.8915 
       h0414  9 0.0870 0.9130 
       h0424  9 0.0598 0.9402 
       h0434  9 0.0417 0.9583 
       h0444  9 0.0337 0.9663 
       h0454  9 0.1983 0.8017 
       h0464  9 0.0403 0.9597 
       h0474  9 0.1048 0.8952 
       h0484  9 0.1373 0.8627 
       h0494  9 0.0379 0.9621 
       h0504  9 0.1973 0.8027 
       h0514  9 0.0939 0.9061 
       h0524  9 0.0565 0.9435 
       h0534  9 0.0468 0.9532 
       h0544  9 0.0284 0.9716 
       h0554  9 0.1306 0.8694 
       h0564  9 0.0309 0.9691 
       h0574  9 0.0237 0.9763 
       h0584  9 0.0894 0.9106 
       h0594  9 0.1231 0.8769 
       h0604  9 0.2459 0.7541 
       h0614  9 0.0665 0.9335 
       h0624  9 0.1206 0.8794 
       h0634  9 0.0646 0.9354 
       h0644  9 0.0974 0.9026 
       h0654  9 0.1210 0.8790 
       h0664  9 0.1438 0.8562 
       h0674  9 0.0349 0.9651 
       h0684  9 0.1135 0.8865 
       h0694  9 0.1185 0.8815 
       h0704  9 0.1129 0.8871 
       h0714  9 0.0731 0.9269 
       h0724  9 0.1281 0.8719 
       h0734  9 0.1205 0.8795 
       h0744  9 0.0244 0.9756 
       h0754  9 0.1093 0.8907 
       h0764  9 0.0297 0.9703 
       h0774  9 0.2356 0.7644 
       h0784  9 0.1723 0.8277 
       h0794  9 0.1984 0.8016 
       h0804  9 0.1098 0.8902 
       h0814  9 0.0389 0.9611 
       h0824  9 0.2159 0.7841 
       h0834  9 0.1709 0.8291 
       h0844  9 0.1279 0.8721 
       h0854  9 0.1773 0.8227 
       h0864  9 0.3450 0.6550 
       h0874  9 0.1910 0.8090 
       h0884  9 0.0413 0.9587 
       h0894  9 0.1089 0.8911 
       h0904  9 0.0302 0.9698 
       h0914  9 0.0350 0.9650 
       h0924  9 0.2049 0.7951 
       h0934  9 0.1710 0.8290 
       h0944  9 0.2158 0.7842 
       h0954  9 0.1412 0.8588 
       h0964  9 0.0681 0.9319 
       h0974  9 0.2010 0.7990 
       h0984  9 0.0346 0.9654 
       h0994  9 0.0255 0.9745 
       h1004  9 0.0446 0.9554 
     AP.0861 10 0.0212 0.9788 
      HRV1EC 10 0.0209 0.9791 
       W26UF 10 0.0196 0.9804 
      HRV00P 10 0.0170 0.9830 
       M0XTE 10 0.0316 0.9684 
       M04XM 10 0.0206 0.9794 
      HRV0K1 10 0.0176 0.9824 
     AP.087H 10 0.0177 0.9823 
      HRV001 10 0.0195 0.9805 
      HRV1E2 10 0.0163 0.9837 
     AP.08AT 10 0.0193 0.9807 
      HRV0J3 10 0.0246 0.9754 
       M2CHJ 10 0.0374 0.9626 
     AP.07MC 10 0.0164 0.9836 
       W26PX 10 0.0977 0.9023 
       M0102 10 0.0226 0.9774 
      HRV1EK 10 0.0685 0.9315 
     AP.07ME 10 0.0502 0.9498 
     AP.08A1 10 0.0274 0.9726 
     CH.0LM1 10 0.0213 0.9787 
       M1CFL 10 0.0388 0.9612 
      HRV1C1 10 0.0262 0.9738 
      HRV04C 10 0.0209 0.9791 
     AP.088T 10 0.0144 0.9856 
     AP.0887 10 0.0267 0.9733 
     AP.088U 10 0.0175 0.9825 
       M2AY0 10 0.0394 0.9606 
      HRV080 10 0.0164 0.9836 
      HRV04F 10 0.0185 0.9815 
     AP.088K 10 0.0656 0.9344 
       M1EL3 10 0.0327 0.9673 
       M0EYT 10 0.0198 0.9802 
      HRV007 10 0.0292 0.9708 
       M04PF 10 0.0186 0.9814 
     AP.085U 10 0.0580 0.9420 
      HRV02C 10 0.0143 0.9857 
     AP.08A6 10 0.0633 0.9367 
       W26X2 10 0.0275 0.9725 
       M2AY5 10 0.0245 0.9755 
      HRV0L6 10 0.0157 0.9843 
      HRV1EE 10 0.0162 0.9838 
     AP.087K 10 0.0226 0.9774 
     CH.0LM5 10 0.0218 0.9782 
      HRV0M2 10 0.0287 0.9713 
       W26TC 10 0.0137 0.9863 
      HRV077 10 0.0330 0.9670 
     CH.0LM4 10 0.0167 0.9833 
      HRV01U 10 0.0193 0.9807 
      HRV0KU 10 0.0565 0.9435 
      HRV0HM 10 0.1136 0.8864 
      HRV055 10 0.0153 0.9847 
      HRV0M6 10 0.1300 0.8700 
      HRV026 10 0.0317 0.9683 
       M1C2H 10 0.0168 0.9832 
       W26UL 10 0.0825 0.9175 
      HRV07X 10 0.0434 0.9566 
      HRV0KA 10 0.0180 0.9820 
     AP.08A5 10 0.0163 0.9837 
     AP.07M4 10 0.0149 0.9851 
     AP.0883 10 0.0484 0.9516 
      HRV1E8 10 0.0215 0.9785 
      HRV0MK 10 0.0157 0.9843 
       M0L32 10 0.0303 0.9697 
      HRV1E4 10 0.0150 0.9850 
     AP.0888 10 0.3951 0.6049 
       M2C3A 10 0.0197 0.9803 
      HRV07M 10 0.0170 0.9830 
     AM.07FP 10 0.0198 0.9802 
      HRV0HC 10 0.0436 0.9564 
      HRV06A 10 0.0201 0.9799 
       M1751 10 0.0234 0.9766 
     AP.07M7 10 0.0132 0.9868 
       W23EX 10 0.0223 0.9777 
     AP.087M 10 0.0245 0.9755 
     AP.07U8 10 0.0231 0.9769 
       M03MM 10 0.0297 0.9703 
     AP.088X 10 0.0445 0.9555 
     AP.08AH 10 0.0318 0.9682 
      HRV0ME 10 0.0454 0.9546 
     AP.087T 10 0.0524 0.9476 
     AP.08A8 10 0.0199 0.9801 
       M0A66 10 0.0166 0.9834 
      HRV07H 10 0.0139 0.9861 
      HRV1AT 10 0.0219 0.9781 
     AP.0820 10 0.0556 0.9444 
     CH.0LLP 10 0.0163 0.9837 
       W23F0 10 0.0272 0.9728 
      HRV033 10 0.0168 0.9832 
     AP.07M8 10 0.0183 0.9817 
     AP.081H 10 0.3256 0.6744 
       M2C3F 10 0.0222 0.9778 
     AP.081F 10 0.0189 0.9811 
       W26MJ 10 0.0930 0.9070 
       M147K 10 0.0140 0.9860 
      HRV01M 10 0.0217 0.9783 
     AP.07M2 10 0.0716 0.9284 
     AP.0864 10 0.0150 0.9850 
       W23E8 10 0.0198 0.9802 
     AP.087E 10 0.0177 0.9823 
      HRV00K 10 0.0217 0.9783 
