

----------------------------------------------------
STRUCTURE by Pritchard, Stephens and Donnelly (2000)
     and Falush, Stephens and Pritchard (2003)
       Code by Pritchard, Falush and Hubisz
             Version 2.3.4 (Jul 2012)
----------------------------------------------------



Command line arguments:   /home/eva.pavlovic/Structure/structure -m parameter_job_4a1_2_5 
Input File:    /home/eva.pavlovic/data_job_4a1_2_5

Run parameters:
   750 individuals
   20 loci
   2 populations assumed
   300000 Burn-in period
   3000000 Reps


--------------------------------------------
Proportion of membership of each pre-defined
 population in each of the 2 clusters

Given    Inferred Clusters       Number of
 Pop       1      2             Individuals

  1:     0.966  0.034             100
  2:     0.917  0.083             100
  3:     0.824  0.176             100
  4:     0.451  0.549               6
  5:     0.540  0.460             100
  6:     0.100  0.900               2
  7:     0.231  0.769             100
  8:     0.054  0.946              42
  9:     0.106  0.894             100
 10:     0.037  0.963             100
--------------------------------------------

Allele-freq. divergence among pops (Net nucleotide distance),
computed using point estimates of P.

      1       2      
 1      -    0.0848  
 2   0.0848     -    

Average distances (expected heterozygosity) between individuals in same cluster:
cluster  1  : 0.7979 
cluster  2  : 0.7403 

--------------------------------------------
Estimated Ln Prob of Data   = -57660.9
Mean value of ln likelihood = -57331.4
Variance of ln likelihood   = 659.0
Mean value of alpha         = 0.3125

Mean value of Fst_1         = 0.0251
Mean value of Fst_2         = 0.1421


Inferred ancestry of individuals:
        Label (%Miss) Pop:  Inferred clusters
  1    M1EL5    (5)    1 :  0.966 0.034 
  2    W26T6    (5)    1 :  0.915 0.085 
  3    W26XX    (5)    1 :  0.977 0.023 
  4    M013P    (0)    1 :  0.983 0.017 
  5    M1ELA    (0)    1 :  0.863 0.137 
  6    M2C73    (0)    1 :  0.970 0.030 
  7    W23P4    (0)    1 :  0.877 0.123 
  8    W247C    (5)    1 :  0.979 0.021 
  9    W24K1    (0)    1 :  0.982 0.018 
 10    W24ME    (0)    1 :  0.916 0.084 
 11    W2514    (0)    1 :  0.945 0.055 
 12    W26MA    (0)    1 :  0.965 0.035 
 13    W26MM    (0)    1 :  0.979 0.021 
 14    W26MU    (0)    1 :  0.962 0.038 
 15    W26P0    (0)    1 :  0.976 0.024 
 16    W26P3    (0)    1 :  0.985 0.015 
 17    W26T5    (0)    1 :  0.982 0.018 
 18    W26TE    (0)    1 :  0.960 0.040 
 19    W26TF    (0)    1 :  0.983 0.017 
 20    W26U8    (0)    1 :  0.942 0.058 
 21    W26UJ    (0)    1 :  0.978 0.022 
 22    W26UK    (0)    1 :  0.984 0.016 
 23    W26UT    (0)    1 :  0.982 0.018 
 24    W26XT    (0)    1 :  0.980 0.020 
 25   CC06H2    (0)    1 :  0.945 0.055 
 26   CC06H4    (0)    1 :  0.981 0.019 
 27   CC06H5    (5)    1 :  0.918 0.082 
 28   CC06H6    (0)    1 :  0.972 0.028 
 29   CC06HE    (0)    1 :  0.981 0.019 
 30   CC06HF    (0)    1 :  0.930 0.070 
 31   CC06HH    (0)    1 :  0.981 0.019 
 32   CC06HJ    (0)    1 :  0.969 0.031 
 33   CC06HL    (0)    1 :  0.985 0.015 
 34   CC06HP    (0)    1 :  0.982 0.018 
 35   CC06HT    (0)    1 :  0.962 0.038 
 36   CC06HU    (0)    1 :  0.981 0.019 
 37   CC06HY    (0)    1 :  0.956 0.044 
 38   CC06J0    (0)    1 :  0.974 0.026 
 39   CC06J1    (0)    1 :  0.931 0.069 
 40   CC06J2    (0)    1 :  0.976 0.024 
 41  CT.0YCY    (0)    1 :  0.974 0.026 
 42  CT.0YEC    (0)    1 :  0.985 0.015 
 43  CT.0YEF    (0)    1 :  0.973 0.027 
 44  CT.0YEU    (0)    1 :  0.980 0.020 
 45  CT.0YF2    (5)    1 :  0.953 0.047 
 46  CT.0YF8    (0)    1 :  0.982 0.018 
 47  CT.0YFA    (0)    1 :  0.967 0.033 
 48  CT.0YFE    (0)    1 :  0.968 0.032 
 49  CT.0YFP    (0)    1 :  0.954 0.046 
 50  CT.0YFU    (0)    1 :  0.974 0.026 
 51  CT.0YK7    (0)    1 :  0.968 0.032 
 52  CX.10PT    (0)    1 :  0.938 0.062 
 53   DAM021    (0)    1 :  0.968 0.032 
 54   DAM034    (0)    1 :  0.958 0.042 
 55   DAM07X    (0)    1 :  0.973 0.027 
 56  EF.15J6    (0)    1 :  0.982 0.018 
 57   HRV010   (10)    1 :  0.978 0.022 
 58   HRV02J    (5)    1 :  0.965 0.035 
 59   HRV078    (0)    1 :  0.962 0.038 
 60   HRV0FH    (0)    1 :  0.976 0.024 
 61   HRV0H5    (0)    1 :  0.969 0.031 
 62   HRV0JF    (0)    1 :  0.926 0.074 
 63   HRV0JJ    (0)    1 :  0.964 0.036 
 64   HRV0JM    (0)    1 :  0.974 0.026 
 65   HRV0K6    (0)    1 :  0.946 0.054 
 66   HRV0K7    (0)    1 :  0.982 0.018 
 67   HRV0KP    (5)    1 :  0.970 0.030 
 68   HRV1AX    (0)    1 :  0.953 0.047 
 69   HRV1C4    (0)    1 :  0.950 0.050 
 70   HRV1CH    (0)    1 :  0.974 0.026 
 71   HRV1FA    (5)    1 :  0.970 0.030 
 72   HRV1FK    (0)    1 :  0.963 0.037 
 73   HRV1H8    (5)    1 :  0.975 0.025 
 74   HRV1HT   (10)    1 :  0.966 0.034 
 75   HRV1XU   (10)    1 :  0.975 0.025 
 76   HRV4TF    (0)    1 :  0.980 0.020 
 77   HRV6F0   (10)    1 :  0.973 0.027 
 78   HRVE6L    (0)    1 :  0.973 0.027 
 79    M27HM    (5)    1 :  0.947 0.053 
 80    M27HP    (0)    1 :  0.981 0.019 
 81    M2AK4    (0)    1 :  0.981 0.019 
 82    M2ALA    (0)    1 :  0.979 0.021 
 83    M2C56    (0)    1 :  0.972 0.028 
 84    M2CUX    (0)    1 :  0.947 0.053 
 85    M2E24    (0)    1 :  0.981 0.019 
 86    M2EA7    (5)    1 :  0.978 0.022 
 87    M2EH6    (0)    1 :  0.980 0.020 
 88    M2EKC    (0)    1 :  0.946 0.054 
 89   MSV083    (0)    1 :  0.971 0.029 
 90   MSV084    (0)    1 :  0.964 0.036 
 91   MSV0LJ    (0)    1 :  0.967 0.033 
 92   MSV1H5    (0)    1 :  0.961 0.039 
 93   MSV1KM    (0)    1 :  0.981 0.019 
 94   MSV23F    (5)    1 :  0.976 0.024 
 95   MSV2L8    (0)    1 :  0.973 0.027 
 96   MSV2P7    (5)    1 :  0.974 0.026 
 97   MSV2TJ    (0)    1 :  0.959 0.041 
 98   MSV2XM    (0)    1 :  0.973 0.027 
 99   MSV327    (5)    1 :  0.977 0.023 
100   MSV33L    (5)    1 :  0.982 0.018 
101     h001    (0)    2 :  0.956 0.044 
102     h002    (0)    2 :  0.731 0.269 
103     h003    (0)    2 :  0.864 0.136 
104     h004    (0)    2 :  0.975 0.025 
105     h005    (0)    2 :  0.955 0.045 
106     h006    (0)    2 :  0.967 0.033 
107     h007    (0)    2 :  0.958 0.042 
108     h008    (0)    2 :  0.800 0.200 
109     h009    (0)    2 :  0.959 0.041 
110     h010    (0)    2 :  0.969 0.031 
111     h011    (0)    2 :  0.969 0.031 
112     h012    (0)    2 :  0.961 0.039 
113     h013    (0)    2 :  0.933 0.067 
114     h014    (0)    2 :  0.982 0.018 
115     h015    (0)    2 :  0.632 0.368 
116     h016    (0)    2 :  0.970 0.030 
117     h017    (0)    2 :  0.940 0.060 
118     h018    (0)    2 :  0.641 0.359 
119     h019    (0)    2 :  0.980 0.020 
120     h020    (0)    2 :  0.968 0.032 
121     h021    (0)    2 :  0.689 0.311 
122     h022    (0)    2 :  0.965 0.035 
123     h023    (0)    2 :  0.931 0.069 
124     h024    (0)    2 :  0.949 0.051 
125     h025    (0)    2 :  0.964 0.036 
126     h026    (0)    2 :  0.906 0.094 
127     h027    (0)    2 :  0.868 0.132 
128     h028    (0)    2 :  0.979 0.021 
129     h029    (0)    2 :  0.865 0.135 
130     h030    (0)    2 :  0.876 0.124 
131     h031    (0)    2 :  0.893 0.107 
132     h032    (0)    2 :  0.981 0.019 
133     h033    (0)    2 :  0.975 0.025 
134     h034    (0)    2 :  0.939 0.061 
135     h035    (0)    2 :  0.855 0.145 
136     h036    (0)    2 :  0.927 0.073 
137     h037    (0)    2 :  0.767 0.233 
138     h038    (0)    2 :  0.941 0.059 
139     h039    (0)    2 :  0.958 0.042 
140     h040    (0)    2 :  0.969 0.031 
141     h041    (0)    2 :  0.944 0.056 
142     h042    (0)    2 :  0.971 0.029 
143     h043    (0)    2 :  0.978 0.022 
144     h044    (0)    2 :  0.932 0.068 
145     h045    (0)    2 :  0.962 0.038 
146     h046    (0)    2 :  0.962 0.038 
147     h047    (0)    2 :  0.886 0.114 
148     h048    (0)    2 :  0.958 0.042 
149     h049    (0)    2 :  0.970 0.030 
150     h050    (0)    2 :  0.921 0.079 
151     h051    (0)    2 :  0.835 0.165 
152     h052    (0)    2 :  0.974 0.026 
153     h053    (0)    2 :  0.970 0.030 
154     h054    (0)    2 :  0.871 0.129 
155     h055    (0)    2 :  0.932 0.068 
156     h056    (0)    2 :  0.958 0.042 
157     h057    (0)    2 :  0.884 0.116 
158     h058    (0)    2 :  0.863 0.137 
159     h059    (0)    2 :  0.919 0.081 
160     h060    (0)    2 :  0.895 0.105 
161     h061    (0)    2 :  0.941 0.059 
162     h062    (0)    2 :  0.968 0.032 
163     h063    (0)    2 :  0.973 0.027 
164     h064    (0)    2 :  0.789 0.211 
165     h065    (0)    2 :  0.964 0.036 
166     h066    (0)    2 :  0.974 0.026 
167     h067    (0)    2 :  0.951 0.049 
168     h068    (0)    2 :  0.905 0.095 
169     h069    (0)    2 :  0.956 0.044 
170     h070    (0)    2 :  0.941 0.059 
171     h071    (0)    2 :  0.973 0.027 
172     h072    (0)    2 :  0.962 0.038 
173     h073    (0)    2 :  0.974 0.026 
174     h074    (0)    2 :  0.946 0.054 
175     h075    (0)    2 :  0.939 0.061 
176     h076    (0)    2 :  0.950 0.050 
177     h077    (0)    2 :  0.959 0.041 
178     h078    (0)    2 :  0.901 0.099 
179     h079    (0)    2 :  0.983 0.017 
180     h080    (0)    2 :  0.907 0.093 
181     h081    (0)    2 :  0.959 0.041 
182     h082    (0)    2 :  0.925 0.075 
183     h083    (0)    2 :  0.936 0.064 
184     h084    (0)    2 :  0.747 0.253 
185     h085    (0)    2 :  0.906 0.094 
186     h086    (0)    2 :  0.938 0.062 
187     h087    (0)    2 :  0.955 0.045 
188     h088    (0)    2 :  0.809 0.191 
189     h089    (0)    2 :  0.988 0.012 
190     h090    (0)    2 :  0.954 0.046 
191     h091    (0)    2 :  0.919 0.081 
192     h092    (0)    2 :  0.934 0.066 
193     h093    (0)    2 :  0.975 0.025 
194     h094    (0)    2 :  0.792 0.208 
195     h095    (0)    2 :  0.969 0.031 
196     h096    (0)    2 :  0.920 0.080 
197     h097    (0)    2 :  0.773 0.227 
198     h098    (0)    2 :  0.834 0.166 
199     h099    (0)    2 :  0.819 0.181 
200     h100    (0)    2 :  0.867 0.133 
201    h0011    (0)    3 :  0.817 0.183 
202    h0021    (0)    3 :  0.648 0.352 
203    h0031    (0)    3 :  0.814 0.186 
204    h0041    (0)    3 :  0.945 0.055 
205    h0051    (0)    3 :  0.905 0.095 
206    h0061    (0)    3 :  0.800 0.200 
207    h0071    (0)    3 :  0.955 0.045 
208    h0081    (0)    3 :  0.965 0.035 
209    h0091    (0)    3 :  0.696 0.304 
210    h0101    (0)    3 :  0.906 0.094 
211    h0111    (0)    3 :  0.830 0.170 
212    h0121    (0)    3 :  0.847 0.153 
213    h0131    (0)    3 :  0.870 0.130 
214    h0141    (0)    3 :  0.825 0.175 
215    h0151    (0)    3 :  0.790 0.210 
216    h0161    (0)    3 :  0.798 0.202 
217    h0171    (0)    3 :  0.857 0.143 
218    h0181    (0)    3 :  0.743 0.257 
219    h0191    (0)    3 :  0.819 0.181 
220    h0201    (0)    3 :  0.697 0.303 
221    h0211    (0)    3 :  0.848 0.152 
222    h0221    (0)    3 :  0.867 0.133 
223    h0231    (0)    3 :  0.871 0.129 
224    h0241    (0)    3 :  0.916 0.084 
225    h0251    (0)    3 :  0.887 0.113 
226    h0261    (0)    3 :  0.607 0.393 
227    h0271    (0)    3 :  0.854 0.146 
228    h0281    (0)    3 :  0.922 0.078 
229    h0291    (0)    3 :  0.845 0.155 
230    h0301    (0)    3 :  0.698 0.302 
231    h0311    (0)    3 :  0.706 0.294 
232    h0321    (0)    3 :  0.960 0.040 
233    h0331    (0)    3 :  0.749 0.251 
234    h0341    (0)    3 :  0.682 0.318 
235    h0351    (0)    3 :  0.599 0.401 
236    h0361    (0)    3 :  0.723 0.277 
237    h0371    (0)    3 :  0.884 0.116 
238    h0381    (0)    3 :  0.961 0.039 
239    h0391    (0)    3 :  0.944 0.056 
240    h0401    (0)    3 :  0.852 0.148 
241    h0411    (0)    3 :  0.886 0.114 
242    h0421    (0)    3 :  0.966 0.034 
243    h0431    (0)    3 :  0.913 0.087 
244    h0441    (0)    3 :  0.866 0.134 
245    h0451    (0)    3 :  0.868 0.132 
246    h0461    (0)    3 :  0.689 0.311 
247    h0471    (0)    3 :  0.665 0.335 
248    h0481    (0)    3 :  0.952 0.048 
249    h0491    (0)    3 :  0.829 0.171 
250    h0501    (0)    3 :  0.879 0.121 
251    h0511    (0)    3 :  0.771 0.229 
252    h0521    (0)    3 :  0.825 0.175 
253    h0531    (0)    3 :  0.687 0.313 
254    h0541    (0)    3 :  0.793 0.207 
255    h0551    (0)    3 :  0.926 0.074 
256    h0561    (0)    3 :  0.672 0.328 
257    h0571    (0)    3 :  0.673 0.327 
258    h0581    (0)    3 :  0.781 0.219 
259    h0591    (0)    3 :  0.898 0.102 
260    h0601    (0)    3 :  0.960 0.040 
261    h0611    (0)    3 :  0.913 0.087 
262    h0621    (0)    3 :  0.893 0.107 
263    h0631    (0)    3 :  0.922 0.078 
264    h0641    (0)    3 :  0.888 0.112 
265    h0651    (0)    3 :  0.903 0.097 
266    h0661    (0)    3 :  0.739 0.261 
267    h0671    (0)    3 :  0.765 0.235 
268    h0681    (0)    3 :  0.803 0.197 
269    h0691    (0)    3 :  0.766 0.234 
270    h0701    (0)    3 :  0.664 0.336 
271    h0711    (0)    3 :  0.768 0.232 
272    h0721    (0)    3 :  0.717 0.283 
273    h0731    (0)    3 :  0.914 0.086 
274    h0741    (0)    3 :  0.749 0.251 
275    h0751    (0)    3 :  0.908 0.092 
276    h0761    (0)    3 :  0.809 0.191 
277    h0771    (0)    3 :  0.917 0.083 
278    h0781    (0)    3 :  0.936 0.064 
279    h0791    (0)    3 :  0.911 0.089 
280    h0801    (0)    3 :  0.921 0.079 
281    h0811    (0)    3 :  0.589 0.411 
282    h0821    (0)    3 :  0.862 0.138 
283    h0831    (0)    3 :  0.957 0.043 
284    h0841    (0)    3 :  0.836 0.164 
285    h0851    (0)    3 :  0.703 0.297 
286    h0861    (0)    3 :  0.630 0.370 
287    h0871    (0)    3 :  0.971 0.029 
288    h0881    (0)    3 :  0.960 0.040 
289    h0891    (0)    3 :  0.695 0.305 
290    h0901    (0)    3 :  0.771 0.229 
291    h0911    (0)    3 :  0.644 0.356 
292    h0921    (0)    3 :  0.788 0.212 
293    h0931    (0)    3 :  0.950 0.050 
294    h0941    (0)    3 :  0.708 0.292 
295    h0951    (0)    3 :  0.821 0.179 
296    h0961    (0)    3 :  0.937 0.063 
297    h0971    (0)    3 :  0.928 0.072 
298    h0981    (0)    3 :  0.808 0.192 
299    h0991    (0)    3 :  0.919 0.081 
300    h1001    (0)    3 :  0.664 0.336 
301   MSV1TX    (5)    4 :  0.667 0.333 
302   MSV025    (0)    4 :  0.360 0.640 
303   MSV02C    (0)    4 :  0.512 0.488 
304   MSV02E    (5)    4 :  0.456 0.544 
305   MSV0TF    (5)    4 :  0.376 0.624 
306    M2EL8    (0)    4 :  0.334 0.666 
307    h0012    (0)    5 :  0.753 0.247 
308    h0022    (0)    5 :  0.582 0.418 
309    h0032    (0)    5 :  0.576 0.424 
310    h0042    (0)    5 :  0.780 0.220 
311    h0052    (0)    5 :  0.626 0.374 
312    h0062    (0)    5 :  0.501 0.499 
313    h0072    (0)    5 :  0.419 0.581 
314    h0082    (0)    5 :  0.187 0.813 
315    h0092    (0)    5 :  0.443 0.557 
316    h0102    (0)    5 :  0.666 0.334 
317    h0112    (0)    5 :  0.531 0.469 
318    h0122    (0)    5 :  0.787 0.213 
319    h0132    (0)    5 :  0.499 0.501 
320    h0142    (0)    5 :  0.441 0.559 
321    h0152    (0)    5 :  0.468 0.532 
322    h0162    (0)    5 :  0.668 0.332 
323    h0172    (0)    5 :  0.583 0.417 
324    h0182    (0)    5 :  0.365 0.635 
325    h0192    (0)    5 :  0.631 0.369 
326    h0202    (0)    5 :  0.501 0.499 
327    h0212    (0)    5 :  0.732 0.268 
328    h0222    (0)    5 :  0.510 0.490 
329    h0232    (0)    5 :  0.441 0.559 
330    h0242    (0)    5 :  0.420 0.580 
331    h0252    (0)    5 :  0.612 0.388 
332    h0262    (0)    5 :  0.524 0.476 
333    h0272    (0)    5 :  0.545 0.455 
334    h0282    (0)    5 :  0.535 0.465 
335    h0292    (0)    5 :  0.396 0.604 
336    h0302    (0)    5 :  0.588 0.412 
337    h0312    (0)    5 :  0.713 0.287 
338    h0322    (0)    5 :  0.628 0.372 
339    h0332    (0)    5 :  0.470 0.530 
340    h0342    (0)    5 :  0.503 0.497 
341    h0352    (0)    5 :  0.463 0.537 
342    h0362    (0)    5 :  0.532 0.468 
343    h0372    (0)    5 :  0.531 0.469 
344    h0382    (0)    5 :  0.617 0.383 
345    h0392    (0)    5 :  0.246 0.754 
346    h0402    (0)    5 :  0.585 0.415 
347    h0412    (0)    5 :  0.395 0.605 
348    h0422    (0)    5 :  0.552 0.448 
349    h0432    (0)    5 :  0.759 0.241 
350    h0442    (0)    5 :  0.675 0.325 
351    h0452    (0)    5 :  0.573 0.427 
352    h0462    (0)    5 :  0.555 0.445 
353    h0472    (0)    5 :  0.472 0.528 
354    h0482    (0)    5 :  0.919 0.081 
355    h0492    (0)    5 :  0.665 0.335 
356    h0502    (0)    5 :  0.576 0.424 
357    h0512    (0)    5 :  0.382 0.618 
358    h0522    (0)    5 :  0.488 0.512 
359    h0532    (0)    5 :  0.389 0.611 
360    h0542    (0)    5 :  0.423 0.577 
361    h0552    (0)    5 :  0.584 0.416 
362    h0562    (0)    5 :  0.424 0.576 
363    h0572    (0)    5 :  0.627 0.373 
364    h0582    (0)    5 :  0.468 0.532 
365    h0592    (0)    5 :  0.580 0.420 
366    h0602    (0)    5 :  0.531 0.469 
367    h0612    (0)    5 :  0.720 0.280 
368    h0622    (0)    5 :  0.666 0.334 
369    h0632    (0)    5 :  0.546 0.454 
370    h0642    (0)    5 :  0.466 0.534 
371    h0652    (0)    5 :  0.603 0.397 
372    h0662    (0)    5 :  0.449 0.551 
373    h0672    (0)    5 :  0.687 0.313 
374    h0682    (0)    5 :  0.428 0.572 
375    h0692    (0)    5 :  0.432 0.568 
376    h0702    (0)    5 :  0.601 0.399 
377    h0712    (0)    5 :  0.463 0.537 
378    h0722    (0)    5 :  0.686 0.314 
379    h0732    (0)    5 :  0.363 0.637 
380    h0742    (0)    5 :  0.480 0.520 
381    h0752    (0)    5 :  0.646 0.354 
382    h0762    (0)    5 :  0.358 0.642 
383    h0772    (0)    5 :  0.575 0.425 
384    h0782    (0)    5 :  0.594 0.406 
385    h0792    (0)    5 :  0.633 0.367 
386    h0802    (0)    5 :  0.602 0.398 
387    h0812    (0)    5 :  0.423 0.577 
388    h0822    (0)    5 :  0.745 0.255 
389    h0832    (0)    5 :  0.275 0.725 
390    h0842    (0)    5 :  0.406 0.594 
391    h0852    (0)    5 :  0.490 0.510 
392    h0862    (0)    5 :  0.476 0.524 
393    h0872    (0)    5 :  0.588 0.412 
394    h0882    (0)    5 :  0.460 0.540 
395    h0892    (0)    5 :  0.761 0.239 
396    h0902    (0)    5 :  0.482 0.518 
397    h0912    (0)    5 :  0.571 0.429 
398    h0922    (0)    5 :  0.514 0.486 
399    h0932    (0)    5 :  0.578 0.422 
400    h0942    (0)    5 :  0.488 0.512 
401    h0952    (0)    5 :  0.544 0.456 
402    h0962    (0)    5 :  0.431 0.569 
403    h0972    (0)    5 :  0.569 0.431 
404    h0982    (0)    5 :  0.533 0.467 
405    h0992    (0)    5 :  0.502 0.498 
406    h1002    (0)    5 :  0.490 0.510 
407   MSV21T    (0)    6 :  0.043 0.957 
408    M2E71    (0)    6 :  0.156 0.844 
409    h0013    (0)    7 :  0.318 0.682 
410    h0023    (0)    7 :  0.348 0.652 
411    h0033    (0)    7 :  0.166 0.834 
412    h0043    (0)    7 :  0.297 0.703 
413    h0053    (0)    7 :  0.317 0.683 
414    h0063    (0)    7 :  0.350 0.650 
415    h0073    (0)    7 :  0.132 0.868 
416    h0083    (0)    7 :  0.093 0.907 
417    h0093    (0)    7 :  0.220 0.780 
418    h0103    (0)    7 :  0.244 0.756 
419    h0113    (0)    7 :  0.252 0.748 
420    h0123    (0)    7 :  0.196 0.804 
421    h0133    (0)    7 :  0.338 0.662 
422    h0143    (0)    7 :  0.190 0.810 
423    h0153    (0)    7 :  0.203 0.797 
424    h0163    (0)    7 :  0.362 0.638 
425    h0173    (0)    7 :  0.214 0.786 
426    h0183    (0)    7 :  0.372 0.628 
427    h0193    (0)    7 :  0.168 0.832 
428    h0203    (0)    7 :  0.036 0.964 
429    h0213    (0)    7 :  0.191 0.809 
430    h0223    (0)    7 :  0.153 0.847 
431    h0233    (0)    7 :  0.288 0.712 
432    h0243    (0)    7 :  0.241 0.759 
433    h0253    (0)    7 :  0.336 0.664 
434    h0263    (0)    7 :  0.221 0.779 
435    h0273    (0)    7 :  0.460 0.540 
436    h0283    (0)    7 :  0.141 0.859 
437    h0293    (0)    7 :  0.212 0.788 
438    h0303    (0)    7 :  0.244 0.756 
439    h0313    (0)    7 :  0.216 0.784 
440    h0323    (0)    7 :  0.240 0.760 
441    h0333    (0)    7 :  0.216 0.784 
442    h0343    (0)    7 :  0.060 0.940 
443    h0353    (0)    7 :  0.130 0.870 
444    h0363    (0)    7 :  0.270 0.730 
445    h0373    (0)    7 :  0.075 0.925 
446    h0383    (0)    7 :  0.186 0.814 
447    h0393    (0)    7 :  0.260 0.740 
448    h0403    (0)    7 :  0.180 0.820 
449    h0413    (0)    7 :  0.330 0.670 
450    h0423    (0)    7 :  0.248 0.752 
451    h0433    (0)    7 :  0.535 0.465 
452    h0443    (0)    7 :  0.172 0.828 
453    h0453    (0)    7 :  0.077 0.923 
454    h0463    (0)    7 :  0.211 0.789 
455    h0473    (0)    7 :  0.341 0.659 
456    h0483    (0)    7 :  0.044 0.956 
457    h0493    (0)    7 :  0.279 0.721 
458    h0503    (0)    7 :  0.254 0.746 
459    h0513    (0)    7 :  0.437 0.563 
460    h0523    (0)    7 :  0.093 0.907 
461    h0533    (0)    7 :  0.194 0.806 
462    h0543    (0)    7 :  0.403 0.597 
463    h0553    (0)    7 :  0.400 0.600 
464    h0563    (0)    7 :  0.213 0.787 
465    h0573    (0)    7 :  0.394 0.606 
466    h0583    (0)    7 :  0.309 0.691 
467    h0593    (0)    7 :  0.124 0.876 
468    h0603    (0)    7 :  0.127 0.873 
469    h0613    (0)    7 :  0.218 0.782 
470    h0623    (0)    7 :  0.283 0.717 
471    h0633    (0)    7 :  0.075 0.925 
472    h0643    (0)    7 :  0.325 0.675 
473    h0653    (0)    7 :  0.126 0.874 
474    h0663    (0)    7 :  0.143 0.857 
475    h0673    (0)    7 :  0.366 0.634 
476    h0683    (0)    7 :  0.088 0.912 
477    h0693    (0)    7 :  0.187 0.813 
478    h0703    (0)    7 :  0.285 0.715 
479    h0713    (0)    7 :  0.172 0.828 
480    h0723    (0)    7 :  0.242 0.758 
481    h0733    (0)    7 :  0.541 0.459 
482    h0743    (0)    7 :  0.180 0.820 
483    h0753    (0)    7 :  0.243 0.757 
484    h0763    (0)    7 :  0.285 0.715 
485    h0773    (0)    7 :  0.240 0.760 
486    h0783    (0)    7 :  0.350 0.650 
487    h0793    (0)    7 :  0.049 0.951 
488    h0803    (0)    7 :  0.203 0.797 
489    h0813    (0)    7 :  0.205 0.795 
490    h0823    (0)    7 :  0.088 0.912 
491    h0833    (0)    7 :  0.251 0.749 
492    h0843    (0)    7 :  0.208 0.792 
493    h0853    (0)    7 :  0.401 0.599 
494    h0863    (0)    7 :  0.033 0.967 
495    h0873    (0)    7 :  0.095 0.905 
496    h0883    (0)    7 :  0.313 0.687 
497    h0893    (0)    7 :  0.196 0.804 
498    h0903    (0)    7 :  0.324 0.676 
499    h0913    (0)    7 :  0.181 0.819 
500    h0923    (0)    7 :  0.082 0.918 
501    h0933    (0)    7 :  0.422 0.578 
502    h0943    (0)    7 :  0.445 0.555 
503    h0953    (0)    7 :  0.024 0.976 
504    h0963    (0)    7 :  0.227 0.773 
505    h0973    (0)    7 :  0.280 0.720 
506    h0983    (0)    7 :  0.045 0.955 
507    h0993    (0)    7 :  0.145 0.855 
508    h1003    (0)    7 :  0.190 0.810 
509    W23CA   (10)    8 :  0.021 0.979 
510  AP.085Y    (5)    8 :  0.028 0.972 
511  CH.0LLY    (5)    8 :  0.080 0.920 
512    M0LEC    (5)    8 :  0.020 0.980 
513    M2C3H   (10)    8 :  0.031 0.969 
514    M2CHL    (5)    8 :  0.110 0.890 
515    W26P7   (10)    8 :  0.035 0.965 
516  AP.07M5    (0)    8 :  0.078 0.922 
517  AP.080U    (0)    8 :  0.035 0.965 
518  AP.082A    (0)    8 :  0.021 0.979 
519  AP.0843    (0)    8 :  0.035 0.965 
520  AP.0844    (0)    8 :  0.090 0.910 
521  AP.084X    (0)    8 :  0.026 0.974 
522  AP.086Y    (0)    8 :  0.025 0.975 
523  AP.0870    (0)    8 :  0.036 0.964 
524  AP.0878    (0)    8 :  0.046 0.954 
525  AP.087F    (0)    8 :  0.034 0.966 
526  AP.087Y    (0)    8 :  0.091 0.909 
527  AP.088P    (0)    8 :  0.059 0.941 
528  AP.08AK    (5)    8 :  0.083 0.917 
529  CH.0LLM    (0)    8 :  0.025 0.975 
530  CH.0LLU    (0)    8 :  0.083 0.917 
531  CH.0LM0    (5)    8 :  0.047 0.953 
532  CH.0LM3    (5)    8 :  0.061 0.939 
533    W26MY    (0)    8 :  0.190 0.810 
534    W26P6    (0)    8 :  0.069 0.931 
535   HRV07U    (0)    8 :  0.075 0.925 
536   HRV1CT    (0)    8 :  0.024 0.976 
537   HRV1CU    (0)    8 :  0.018 0.982 
538   HRV1E6    (0)    8 :  0.034 0.966 
539   HRV081    (0)    8 :  0.016 0.984 
540   HRV1E3    (0)    8 :  0.041 0.959 
541   MSV21E    (0)    8 :  0.052 0.948 
542   MSV216    (0)    8 :  0.045 0.955 
543    M0TYK    (0)    8 :  0.059 0.941 
544   MSV2AA    (0)    8 :  0.065 0.935 
545  CK.0PET    (0)    8 :  0.143 0.857 
546    M2E8C    (0)    8 :  0.041 0.959 
547   MSV23X    (0)    8 :  0.056 0.944 
548   MSV32A    (0)    8 :  0.086 0.914 
549  AP.0838    (0)    8 :  0.030 0.970 
550  AP.088F    (0)    8 :  0.037 0.963 
551    h0014    (0)    9 :  0.176 0.824 
552    h0024    (0)    9 :  0.031 0.969 
553    h0034    (0)    9 :  0.057 0.943 
554    h0044    (0)    9 :  0.103 0.897 
555    h0054    (0)    9 :  0.105 0.895 
556    h0064    (0)    9 :  0.025 0.975 
557    h0074    (0)    9 :  0.022 0.978 
558    h0084    (0)    9 :  0.093 0.907 
559    h0094    (0)    9 :  0.213 0.787 
560    h0104    (0)    9 :  0.065 0.935 
561    h0114    (0)    9 :  0.049 0.951 
562    h0124    (0)    9 :  0.119 0.881 
563    h0134    (0)    9 :  0.137 0.863 
564    h0144    (0)    9 :  0.029 0.971 
565    h0154    (0)    9 :  0.051 0.949 
566    h0164    (0)    9 :  0.141 0.859 
567    h0174    (0)    9 :  0.199 0.801 
568    h0184    (0)    9 :  0.028 0.972 
569    h0194    (0)    9 :  0.027 0.973 
570    h0204    (0)    9 :  0.032 0.968 
571    h0214    (0)    9 :  0.044 0.956 
572    h0224    (0)    9 :  0.061 0.939 
573    h0234    (0)    9 :  0.136 0.864 
574    h0244    (0)    9 :  0.022 0.978 
575    h0254    (0)    9 :  0.183 0.817 
576    h0264    (0)    9 :  0.104 0.896 
577    h0274    (0)    9 :  0.210 0.790 
578    h0284    (0)    9 :  0.076 0.924 
579    h0294    (0)    9 :  0.057 0.943 
580    h0304    (0)    9 :  0.025 0.975 
581    h0314    (0)    9 :  0.228 0.772 
582    h0324    (0)    9 :  0.138 0.862 
583    h0334    (0)    9 :  0.106 0.894 
584    h0344    (0)    9 :  0.035 0.965 
585    h0354    (0)    9 :  0.154 0.846 
586    h0364    (0)    9 :  0.255 0.745 
587    h0374    (0)    9 :  0.169 0.831 
588    h0384    (0)    9 :  0.108 0.892 
589    h0394    (0)    9 :  0.091 0.909 
590    h0404    (0)    9 :  0.108 0.892 
591    h0414    (0)    9 :  0.086 0.914 
592    h0424    (0)    9 :  0.060 0.940 
593    h0434    (0)    9 :  0.042 0.958 
594    h0444    (0)    9 :  0.034 0.966 
595    h0454    (0)    9 :  0.198 0.802 
596    h0464    (0)    9 :  0.040 0.960 
597    h0474    (0)    9 :  0.105 0.895 
598    h0484    (0)    9 :  0.137 0.863 
599    h0494    (0)    9 :  0.038 0.962 
600    h0504    (0)    9 :  0.198 0.802 
601    h0514    (0)    9 :  0.094 0.906 
602    h0524    (0)    9 :  0.057 0.943 
603    h0534    (0)    9 :  0.047 0.953 
604    h0544    (0)    9 :  0.028 0.972 
605    h0554    (0)    9 :  0.131 0.869 
606    h0564    (0)    9 :  0.031 0.969 
607    h0574    (0)    9 :  0.024 0.976 
608    h0584    (0)    9 :  0.089 0.911 
609    h0594    (0)    9 :  0.123 0.877 
610    h0604    (0)    9 :  0.246 0.754 
611    h0614    (0)    9 :  0.067 0.933 
612    h0624    (0)    9 :  0.121 0.879 
613    h0634    (0)    9 :  0.065 0.935 
614    h0644    (0)    9 :  0.098 0.902 
615    h0654    (0)    9 :  0.121 0.879 
616    h0664    (0)    9 :  0.144 0.856 
617    h0674    (0)    9 :  0.035 0.965 
618    h0684    (0)    9 :  0.114 0.886 
619    h0694    (0)    9 :  0.118 0.882 
620    h0704    (0)    9 :  0.113 0.887 
621    h0714    (0)    9 :  0.073 0.927 
622    h0724    (0)    9 :  0.129 0.871 
623    h0734    (0)    9 :  0.121 0.879 
624    h0744    (0)    9 :  0.024 0.976 
625    h0754    (0)    9 :  0.109 0.891 
626    h0764    (0)    9 :  0.030 0.970 
627    h0774    (0)    9 :  0.235 0.765 
628    h0784    (0)    9 :  0.173 0.827 
629    h0794    (0)    9 :  0.198 0.802 
630    h0804    (0)    9 :  0.110 0.890 
631    h0814    (0)    9 :  0.039 0.961 
632    h0824    (0)    9 :  0.216 0.784 
633    h0834    (0)    9 :  0.171 0.829 
634    h0844    (0)    9 :  0.128 0.872 
635    h0854    (0)    9 :  0.177 0.823 
636    h0864    (0)    9 :  0.345 0.655 
637    h0874    (0)    9 :  0.191 0.809 
638    h0884    (0)    9 :  0.041 0.959 
639    h0894    (0)    9 :  0.109 0.891 
640    h0904    (0)    9 :  0.030 0.970 
641    h0914    (0)    9 :  0.035 0.965 
642    h0924    (0)    9 :  0.205 0.795 
643    h0934    (0)    9 :  0.171 0.829 
644    h0944    (0)    9 :  0.216 0.784 
645    h0954    (0)    9 :  0.141 0.859 
646    h0964    (0)    9 :  0.068 0.932 
647    h0974    (0)    9 :  0.200 0.800 
648    h0984    (0)    9 :  0.035 0.965 
649    h0994    (0)    9 :  0.026 0.974 
650    h1004    (0)    9 :  0.045 0.955 
651  AP.0861    (5)   10 :  0.021 0.979 
652   HRV1EC    (0)   10 :  0.021 0.979 
653    W26UF    (0)   10 :  0.020 0.980 
654   HRV00P    (0)   10 :  0.017 0.983 
655    M0XTE    (0)   10 :  0.032 0.968 
656    M04XM   (10)   10 :  0.021 0.979 
657   HRV0K1    (0)   10 :  0.018 0.982 
658  AP.087H    (0)   10 :  0.018 0.982 
659   HRV001    (0)   10 :  0.020 0.980 
660   HRV1E2    (0)   10 :  0.016 0.984 
661  AP.08AT    (0)   10 :  0.019 0.981 
662   HRV0J3    (0)   10 :  0.025 0.975 
663    M2CHJ    (5)   10 :  0.037 0.963 
664  AP.07MC    (0)   10 :  0.016 0.984 
665    W26PX   (10)   10 :  0.098 0.902 
666    M0102    (5)   10 :  0.023 0.977 
667   HRV1EK    (0)   10 :  0.069 0.931 
668  AP.07ME    (5)   10 :  0.050 0.950 
669  AP.08A1    (0)   10 :  0.027 0.973 
670  CH.0LM1   (15)   10 :  0.021 0.979 
671    M1CFL   (10)   10 :  0.039 0.961 
672   HRV1C1    (0)   10 :  0.026 0.974 
673   HRV04C    (0)   10 :  0.021 0.979 
674  AP.088T    (5)   10 :  0.014 0.986 
675  AP.0887    (0)   10 :  0.027 0.973 
676  AP.088U    (0)   10 :  0.017 0.983 
677    M2AY0   (10)   10 :  0.039 0.961 
678   HRV080    (0)   10 :  0.016 0.984 
679   HRV04F    (0)   10 :  0.018 0.982 
680  AP.088K    (0)   10 :  0.066 0.934 
681    M1EL3    (0)   10 :  0.032 0.968 
682    M0EYT    (0)   10 :  0.020 0.980 
683   HRV007   (10)   10 :  0.029 0.971 
684    M04PF    (0)   10 :  0.019 0.981 
685  AP.085U    (5)   10 :  0.058 0.942 
686   HRV02C    (0)   10 :  0.014 0.986 
687  AP.08A6    (0)   10 :  0.064 0.936 
688    W26X2    (0)   10 :  0.027 0.973 
689    M2AY5   (10)   10 :  0.024 0.976 
690   HRV0L6    (0)   10 :  0.016 0.984 
691   HRV1EE    (0)   10 :  0.016 0.984 
692  AP.087K    (0)   10 :  0.023 0.977 
693  CH.0LM5    (0)   10 :  0.022 0.978 
694   HRV0M2    (0)   10 :  0.029 0.971 
695    W26TC    (0)   10 :  0.014 0.986 
696   HRV077   (10)   10 :  0.033 0.967 
697  CH.0LM4    (5)   10 :  0.017 0.983 
698   HRV01U    (5)   10 :  0.019 0.981 
699   HRV0KU    (0)   10 :  0.056 0.944 
700   HRV0HM    (0)   10 :  0.114 0.886 
701   HRV055    (0)   10 :  0.015 0.985 
702   HRV0M6    (5)   10 :  0.130 0.870 
703   HRV026    (5)   10 :  0.032 0.968 
704    M1C2H    (0)   10 :  0.017 0.983 
705    W26UL    (0)   10 :  0.082 0.918 
706   HRV07X    (0)   10 :  0.044 0.956 
707   HRV0KA    (0)   10 :  0.018 0.982 
708  AP.08A5    (0)   10 :  0.016 0.984 
709  AP.07M4    (0)   10 :  0.015 0.985 
710  AP.0883    (0)   10 :  0.048 0.952 
711   HRV1E8   (10)   10 :  0.022 0.978 
712   HRV0MK    (0)   10 :  0.016 0.984 
713    M0L32    (0)   10 :  0.030 0.970 
714   HRV1E4    (0)   10 :  0.015 0.985 
715  AP.0888    (5)   10 :  0.395 0.605 
716    M2C3A   (10)   10 :  0.020 0.980 
717   HRV07M    (0)   10 :  0.017 0.983 
718  AM.07FP    (5)   10 :  0.020 0.980 
719   HRV0HC    (5)   10 :  0.044 0.956 
720   HRV06A    (0)   10 :  0.020 0.980 
721    M1751    (0)   10 :  0.023 0.977 
722  AP.07M7    (0)   10 :  0.013 0.987 
723    W23EX    (0)   10 :  0.022 0.978 
724  AP.087M    (0)   10 :  0.024 0.976 
725  AP.07U8    (0)   10 :  0.023 0.977 
726    M03MM   (10)   10 :  0.030 0.970 
727  AP.088X    (0)   10 :  0.044 0.956 
728  AP.08AH    (0)   10 :  0.032 0.968 
729   HRV0ME    (0)   10 :  0.046 0.954 
730  AP.087T    (5)   10 :  0.052 0.948 
731  AP.08A8    (5)   10 :  0.020 0.980 
732    M0A66    (0)   10 :  0.016 0.984 
733   HRV07H    (0)   10 :  0.014 0.986 
734   HRV1AT    (0)   10 :  0.022 0.978 
735  AP.0820    (0)   10 :  0.056 0.944 
736  CH.0LLP    (0)   10 :  0.016 0.984 
737    W23F0    (0)   10 :  0.027 0.973 
738   HRV033    (0)   10 :  0.017 0.983 
739  AP.07M8    (0)   10 :  0.018 0.982 
740  AP.081H   (10)   10 :  0.326 0.674 
741    M2C3F   (10)   10 :  0.022 0.978 
742  AP.081F   (10)   10 :  0.019 0.981 
743    W26MJ    (0)   10 :  0.093 0.907 
744    M147K    (5)   10 :  0.014 0.986 
745   HRV01M    (0)   10 :  0.022 0.978 
746  AP.07M2    (0)   10 :  0.072 0.928 
747  AP.0864   (10)   10 :  0.015 0.985 
748    W23E8    (0)   10 :  0.020 0.980 
749  AP.087E    (0)   10 :  0.018 0.982 
750   HRV00K    (0)   10 :  0.022 0.978 


Estimated Allele Frequencies in each cluster
First column gives estimated ancestral frequencies


Locus 1 : Cl147 
21 alleles
0.0% missing data
  45   (0.118) 0.176 0.036 
  69   (0.105) 0.110 0.216 
  73   (0.119) 0.146 0.130 
  77   (0.076) 0.100 0.012 
  56   (0.055) 0.040 0.047 
  65   (0.066) 0.047 0.224 
  41   (0.066) 0.132 0.002 
  52   (0.086) 0.108 0.026 
  48   (0.030) 0.024 0.001 
  81   (0.015) 0.005 0.000 
  49   (0.030) 0.034 0.000 
  60   (0.037) 0.021 0.007 
  84   (0.017) 0.006 0.000 
  89   (0.029) 0.010 0.007 
  61   (0.025) 0.006 0.010 
  44   (0.048) 0.024 0.214 
  68   (0.027) 0.006 0.060 
  85   (0.014) 0.001 0.003 
 801   (0.012) 0.002 0.000 
  72   (0.013) 0.001 0.004 
  80   (0.012) 0.001 0.001 

Locus 2 : Cl233 
31 alleles
0.0% missing data
  63   (0.120) 0.172 0.155 
  85   (0.058) 0.065 0.019 
  73   (0.028) 0.028 0.001 
  79   (0.029) 0.037 0.000 
  71   (0.090) 0.141 0.027 
  77   (0.028) 0.031 0.000 
  75   (0.055) 0.066 0.010 
  67   (0.102) 0.127 0.199 
  55   (0.060) 0.041 0.365 
  59   (0.053) 0.037 0.212 
  81   (0.042) 0.078 0.001 
  83   (0.034) 0.038 0.001 
  93   (0.019) 0.011 0.000 
 101   (0.011) 0.002 0.000 
  69   (0.022) 0.017 0.000 
  51   (0.031) 0.026 0.002 
 100   (0.018) 0.010 0.000 
  92   (0.014) 0.005 0.000 
1121   (0.011) 0.002 0.000 
1001   (0.013) 0.003 0.000 
  89   (0.023) 0.021 0.000 
 711   (0.011) 0.002 0.000 
 116   (0.016) 0.006 0.000 
  80   (0.013) 0.003 0.000 
  43   (0.011) 0.002 0.000 
  84   (0.014) 0.005 0.000 
  88   (0.018) 0.010 0.000 
 104   (0.014) 0.005 0.000 
  97   (0.016) 0.006 0.000 
 791   (0.011) 0.002 0.000 
  35   (0.014) 0.001 0.005 

Locus 3 : Cl264 
26 alleles
0.3% missing data
  65   (0.085) 0.102 0.117 
 651   (0.111) 0.190 0.041 
 691   (0.103) 0.152 0.078 
  57   (0.024) 0.006 0.023 
  61   (0.038) 0.017 0.165 
 731   (0.041) 0.059 0.003 
 811   (0.035) 0.044 0.002 
 611   (0.036) 0.017 0.062 
  69   (0.113) 0.156 0.187 
  77   (0.036) 0.023 0.010 
  49   (0.045) 0.044 0.008 
  45   (0.013) 0.003 0.000 
 491   (0.024) 0.007 0.006 
 571   (0.019) 0.011 0.000 
 771   (0.033) 0.047 0.001 
  89   (0.023) 0.022 0.000 
 652   (0.017) 0.007 0.000 
  53   (0.038) 0.017 0.153 
  73   (0.053) 0.045 0.066 
  80   (0.018) 0.010 0.000 
 531   (0.018) 0.002 0.026 
 693   (0.013) 0.003 0.000 
  93   (0.021) 0.006 0.005 
  85   (0.016) 0.007 0.000 
  37   (0.014) 0.001 0.039 
 692   (0.012) 0.001 0.005 

Locus 4 : Cl274 
8 alleles
0.0% missing data
  61   (0.406) 0.444 0.395 
  57   (0.224) 0.198 0.480 
  65   (0.156) 0.177 0.037 
  53   (0.043) 0.038 0.001 
  69   (0.053) 0.065 0.001 
  73   (0.029) 0.021 0.000 
  49   (0.049) 0.044 0.002 
  45   (0.041) 0.013 0.083 

Locus 5 : Cl285 
36 alleles
0.1% missing data
  75   (0.090) 0.130 0.234 
  71   (0.107) 0.178 0.195 
 631   (0.032) 0.056 0.001 
  67   (0.085) 0.116 0.289 
  63   (0.045) 0.100 0.002 
  79   (0.055) 0.069 0.029 
 792   (0.039) 0.044 0.005 
 671   (0.053) 0.056 0.054 
 831   (0.047) 0.048 0.023 
 752   (0.049) 0.053 0.029 
  55   (0.021) 0.007 0.006 
1401   (0.014) 0.005 0.000 
  59   (0.029) 0.014 0.013 
 712   (0.027) 0.038 0.000 
 833   (0.021) 0.016 0.001 
1322   (0.017) 0.010 0.000 
 136   (0.023) 0.015 0.001 
 164   (0.012) 0.003 0.000 
 872   (0.012) 0.003 0.000 
1282   (0.011) 0.002 0.000 
 148   (0.012) 0.003 0.000 
 144   (0.015) 0.007 0.000 
 119   (0.012) 0.003 0.000 
1402   (0.014) 0.005 0.000 
 132   (0.021) 0.005 0.030 
 751   (0.021) 0.004 0.038 
 791   (0.015) 0.002 0.012 
1361   (0.013) 0.001 0.024 
 711   (0.011) 0.002 0.000 
1441   (0.012) 0.003 0.000 
1281   (0.012) 0.001 0.005 
 124   (0.011) 0.001 0.001 
1321   (0.011) 0.001 0.001 
 832   (0.011) 0.001 0.001 
 140   (0.011) 0.001 0.001 
  87   (0.011) 0.001 0.001 

Locus 6 : Cl291 
20 alleles
0.3% missing data
 641   (0.065) 0.073 0.008 
  72   (0.109) 0.109 0.198 
 682   (0.038) 0.044 0.001 
 801   (0.038) 0.043 0.001 
 681   (0.108) 0.168 0.013 
  76   (0.119) 0.144 0.084 
 722   (0.089) 0.154 0.005 
 601   (0.022) 0.012 0.001 
  80   (0.070) 0.065 0.034 
 761   (0.041) 0.018 0.066 
 762   (0.047) 0.044 0.004 
 721   (0.060) 0.042 0.077 
  84   (0.051) 0.046 0.008 
  64   (0.023) 0.003 0.354 
  68   (0.040) 0.016 0.126 
 843   (0.018) 0.007 0.000 
 881   (0.014) 0.003 0.000 
 763   (0.019) 0.002 0.016 
 803   (0.018) 0.005 0.003 
  60   (0.012) 0.001 0.001 

Locus 7 : Cl308 
52 alleles
0.0% missing data
  72   (0.070) 0.147 0.127 
  64   (0.042) 0.043 0.197 
  68   (0.071) 0.122 0.459 
 103   (0.027) 0.025 0.005 
  80   (0.034) 0.053 0.005 
  76   (0.057) 0.094 0.114 
1151   (0.017) 0.016 0.000 
 123   (0.020) 0.019 0.001 
 115   (0.023) 0.039 0.000 
  83   (0.020) 0.017 0.001 
1231   (0.013) 0.007 0.000 
1192   (0.012) 0.005 0.000 
 131   (0.016) 0.014 0.000 
1191   (0.014) 0.010 0.000 
 752   (0.012) 0.005 0.000 
 143   (0.016) 0.012 0.000 
  79   (0.024) 0.041 0.001 
 119   (0.015) 0.011 0.000 
1431   (0.021) 0.027 0.000 
1112   (0.027) 0.057 0.000 
1193   (0.014) 0.009 0.000 
1591   (0.014) 0.004 0.001 
1232   (0.012) 0.005 0.000 
 139   (0.017) 0.012 0.001 
1111   (0.011) 0.003 0.000 
 127   (0.012) 0.005 0.000 
1391   (0.018) 0.018 0.000 
 121   (0.011) 0.003 0.000 
1313   (0.012) 0.005 0.000 
1113   (0.011) 0.003 0.000 
  87   (0.031) 0.060 0.002 
1031   (0.011) 0.003 0.000 
 155   (0.015) 0.011 0.000 
1312   (0.011) 0.003 0.000 
1272   (0.014) 0.005 0.001 
 151   (0.013) 0.007 0.000 
1351   (0.012) 0.005 0.000 
 135   (0.015) 0.005 0.001 
1432   (0.010) 0.002 0.000 
1152   (0.018) 0.010 0.002 
1271   (0.013) 0.006 0.000 
1311   (0.013) 0.006 0.000 
1472   (0.012) 0.005 0.000 
 137   (0.011) 0.003 0.000 
  88   (0.011) 0.003 0.000 
  60   (0.021) 0.008 0.017 
 712   (0.012) 0.005 0.000 
1071   (0.011) 0.003 0.000 
 751   (0.027) 0.015 0.048 
 107   (0.012) 0.003 0.001 
  71   (0.011) 0.001 0.010 
  67   (0.011) 0.001 0.002 

Locus 8 : Cl330 
25 alleles
1.2% missing data
  52   (0.153) 0.274 0.055 
 601   (0.068) 0.111 0.006 
  40   (0.076) 0.089 0.049 
  72   (0.036) 0.019 0.016 
  56   (0.088) 0.144 0.014 
 481   (0.066) 0.053 0.218 
  61   (0.046) 0.063 0.003 
  80   (0.015) 0.005 0.000 
 681   (0.039) 0.023 0.017 
  64   (0.055) 0.061 0.009 
  57   (0.018) 0.009 0.000 
  75   (0.022) 0.014 0.000 
  71   (0.015) 0.005 0.000 
  28   (0.050) 0.028 0.240 
  65   (0.019) 0.011 0.000 
 441   (0.048) 0.030 0.073 
  36   (0.021) 0.015 0.000 
  79   (0.018) 0.009 0.000 
  73   (0.015) 0.005 0.000 
 602   (0.016) 0.006 0.000 
  48   (0.030) 0.009 0.098 
  44   (0.029) 0.009 0.158 
  67   (0.025) 0.006 0.028 
 521   (0.020) 0.004 0.011 
  62   (0.013) 0.002 0.001 

Locus 9 : Cl344 
15 alleles
4.4% missing data
  56   (0.261) 0.379 0.098 
  60   (0.197) 0.268 0.079 
  48   (0.020) 0.003 0.011 
  76   (0.019) 0.009 0.000 
  64   (0.161) 0.157 0.395 
  72   (0.063) 0.055 0.013 
 761   (0.015) 0.003 0.000 
 641   (0.027) 0.020 0.000 
  68   (0.052) 0.033 0.026 
 601   (0.029) 0.014 0.002 
  52   (0.064) 0.035 0.299 
 681   (0.021) 0.004 0.003 
 721   (0.018) 0.006 0.000 
 521   (0.036) 0.012 0.029 
 561   (0.018) 0.002 0.043 

Locus 10 : Cl366 
8 alleles
0.1% missing data
  80   (0.276) 0.282 0.429 
  92   (0.050) 0.047 0.003 
  76   (0.266) 0.298 0.225 
  88   (0.076) 0.094 0.004 
  84   (0.117) 0.111 0.067 
  72   (0.174) 0.162 0.263 
  64   (0.022) 0.003 0.007 
  68   (0.017) 0.003 0.001 

Locus 11 : Cl375 
15 alleles
0.0% missing data
 491   (0.091) 0.087 0.095 
  53   (0.227) 0.282 0.384 
 612   (0.039) 0.017 0.036 
  57   (0.160) 0.218 0.084 
  45   (0.066) 0.046 0.109 
  61   (0.162) 0.198 0.174 
 651   (0.031) 0.030 0.001 
  69   (0.024) 0.017 0.000 
 571   (0.055) 0.046 0.013 
  65   (0.041) 0.037 0.003 
  37   (0.012) 0.002 0.000 
 691   (0.032) 0.011 0.011 
 531   (0.023) 0.004 0.074 
  49   (0.023) 0.004 0.015 
 532   (0.014) 0.002 0.001 

Locus 12 : Cl408 
13 alleles
0.1% missing data
  62   (0.242) 0.309 0.090 
  74   (0.053) 0.064 0.001 
  50   (0.050) 0.018 0.266 
  58   (0.116) 0.108 0.083 
  66   (0.154) 0.193 0.035 
  70   (0.061) 0.091 0.001 
  54   (0.169) 0.168 0.191 
  78   (0.016) 0.005 0.000 
  79   (0.013) 0.002 0.000 
  75   (0.057) 0.028 0.101 
  82   (0.015) 0.003 0.000 
  34   (0.033) 0.010 0.015 
  46   (0.020) 0.002 0.218 

Locus 13 : Cl507 
21 alleles
0.0% missing data
  70   (0.086) 0.095 0.048 
  94   (0.031) 0.035 0.000 
  74   (0.067) 0.063 0.030 
  54   (0.057) 0.040 0.063 
  82   (0.111) 0.182 0.013 
  90   (0.060) 0.064 0.009 
  86   (0.038) 0.054 0.000 
 701   (0.022) 0.014 0.000 
  78   (0.047) 0.074 0.001 
  62   (0.110) 0.110 0.266 
 741   (0.045) 0.054 0.002 
  66   (0.103) 0.095 0.324 
 661   (0.033) 0.031 0.001 
  58   (0.056) 0.034 0.161 
  98   (0.023) 0.017 0.000 
 781   (0.019) 0.009 0.000 
 141   (0.024) 0.018 0.000 
 102   (0.014) 0.003 0.000 
 106   (0.014) 0.003 0.000 
  50   (0.024) 0.005 0.012 
 621   (0.018) 0.002 0.069 

Locus 14 : Cl527 
29 alleles
0.0% missing data
  62   (0.074) 0.093 0.032 
 622   (0.013) 0.003 0.000 
 461   (0.018) 0.005 0.001 
  82   (0.013) 0.003 0.000 
 661   (0.065) 0.131 0.003 
  70   (0.058) 0.086 0.007 
 581   (0.050) 0.049 0.011 
 701   (0.067) 0.093 0.012 
 501   (0.028) 0.031 0.000 
  66   (0.102) 0.130 0.157 
 741   (0.022) 0.018 0.000 
  58   (0.075) 0.097 0.037 
 541   (0.032) 0.047 0.000 
  74   (0.016) 0.004 0.001 
 621   (0.059) 0.090 0.005 
  78   (0.024) 0.014 0.002 
 781   (0.015) 0.005 0.000 
 462   (0.017) 0.009 0.000 
  67   (0.031) 0.017 0.005 
  54   (0.020) 0.003 0.196 
  50   (0.048) 0.028 0.217 
  63   (0.018) 0.010 0.000 
  42   (0.043) 0.023 0.127 
  46   (0.027) 0.007 0.107 
  57   (0.015) 0.001 0.014 
  61   (0.014) 0.001 0.048 
  65   (0.014) 0.001 0.014 
  26   (0.011) 0.001 0.001 
  53   (0.011) 0.001 0.001 

Locus 15 : Cl380 
20 alleles
3.5% missing data
 671   (0.118) 0.133 0.135 
 672   (0.101) 0.099 0.168 
 751   (0.038) 0.044 0.001 
  71   (0.037) 0.041 0.001 
  79   (0.243) 0.308 0.506 
  75   (0.089) 0.104 0.035 
 711   (0.062) 0.120 0.001 
  67   (0.025) 0.014 0.001 
 791   (0.014) 0.003 0.000 
 591   (0.033) 0.018 0.004 
 552   (0.033) 0.039 0.000 
 792   (0.016) 0.005 0.000 
 593   (0.022) 0.014 0.000 
  59   (0.030) 0.015 0.003 
 631   (0.020) 0.003 0.018 
 833   (0.027) 0.008 0.007 
 712   (0.018) 0.008 0.000 
  63   (0.040) 0.019 0.033 
 551   (0.022) 0.003 0.080 
 632   (0.013) 0.001 0.005 

Locus 16 : Lup02 
6 alleles
0.3% missing data
  56   (0.475) 0.485 0.653 
  60   (0.166) 0.175 0.061 
  52   (0.138) 0.110 0.203 
  48   (0.159) 0.206 0.016 
 561   (0.023) 0.012 0.000 
  64   (0.040) 0.012 0.067 

Locus 17 : Lup13 
5 alleles
0.0% missing data
  57   (0.298) 0.258 0.590 
  61   (0.401) 0.431 0.252 
  65   (0.081) 0.117 0.001 
  53   (0.204) 0.192 0.151 
  69   (0.016) 0.001 0.005 

Locus 18 : Lup20 
9 alleles
1.2% missing data
  56   (0.493) 0.642 0.200 
 601   (0.099) 0.093 0.026 
  60   (0.168) 0.137 0.450 
  68   (0.053) 0.022 0.162 
  64   (0.093) 0.070 0.088 
  72   (0.031) 0.017 0.001 
 681   (0.013) 0.002 0.000 
 641   (0.023) 0.012 0.000 
  52   (0.027) 0.005 0.072 

Locus 19 : Lup21 
11 alleles
0.1% missing data
  41   (0.279) 0.352 0.084 
  57   (0.251) 0.291 0.116 
  53   (0.157) 0.124 0.384 
  37   (0.023) 0.012 0.000 
  45   (0.115) 0.173 0.004 
 531   (0.022) 0.009 0.000 
 611   (0.030) 0.006 0.033 
 491   (0.015) 0.003 0.000 
  49   (0.053) 0.020 0.263 
 612   (0.029) 0.006 0.040 
  61   (0.027) 0.005 0.076 

Locus 20 : Lup23 
6 alleles
0.0% missing data
  59   (0.274) 0.238 0.331 
  63   (0.613) 0.726 0.175 
  67   (0.031) 0.019 0.000 
  55   (0.050) 0.014 0.486 
 671   (0.015) 0.001 0.004 
  51   (0.016) 0.001 0.004 

Values of parameters used in structure:
DATAFILE=/home/eva.pavlovic/data_job_4a1_2_5,	OUTFILE=/home/eva.pavlovic/ParallelStructure/26_results_20MS/4a1_Croatia_low_numbers/4a1_Croatia_low_numbers_2/results_job_4a1_2_5,	NUMINDS=750,	NUMLOCI=20,	MISSING=-9,	LABEL=1,	POPDATA=1,	POPFLAG=0,	PHENOTYPE=0,	EXTRACOLS=0,	MAXPOPS=2,	BURNIN=300000,	NUMREPS=3000000,	USEPOPINFO=0,	INFERALPHA=1,	INFERLAMBDA=0,	POPSPECIFICLAMBDA=0,	POPALPHAS=0,	COMPUTEPROB=1,	NOADMIX=0,	ADMBURNIN=2500,	UPDATEFREQ=1,	PRINTLIKES=0,	INTERMEDSAVE=0,	PRINTKLD=0,	PRINTNET=0,	PRINTLAMBDA=0,	ANCESTDIST=0,	NUMBOXES=1000,	ANCESTPINT=0.90000,	GENSBACK=2,	MIGRPRIOR=0.05000,	PRINTQHAT=1,	PRINTQSUM=0,	ALPHA=1.0000,	FREQSCORR=1,	FPRIORMEAN=0.0100,	FPRIORSD=0.0500,	ONEFST=0,	LAMBDA=1.0000,	UNIFPRIORALPHA=1,	ALPHAMAX=10.0000,	ALPHAPRIORA=1.0000,	ALPHAPRIORB=2.0000,	ALPHAPROPSD=0.0250,	STARTATPOPINFO=0,	RANDOMIZE=1,	LINKAGE=0,	METROFREQ=10,	REPORTHITRATE=0,	MARKOVPHASE=-1,	PHASED=0,	PLOIDY=2,	PHASEINFO=0	LOCPRIOR=0, 	LOCPRIORINIT=1.000000, 	LOCDATA=0, 	LOCISPOP=0, 	LOCPRIORSTEP=0.100000, 	MAXLOCPRIOR=20.000000, 	SEED=1772645441,	
[STRAT parameters]:    NUMSIMSTATS=1000,	PHENOTYPECOL=-9,	POOLFREQ=10,	LOCUSxONLY=0,	EMERROR=0.00100,	MISSINGPHENO=-9,	