       M1EL5  1 0.9577 0.0423 
       W26T6  1 0.9223 0.0777 
       W26XX  1 0.9751 0.0249 
       M013P  1 0.9826 0.0174 
       M1ELA  1 0.9010 0.0990 
       M2C73  1 0.9718 0.0282 
       W23P4  1 0.8517 0.1483 
       W247C  1 0.9754 0.0246 
       W24K1  1 0.9813 0.0187 
       W24ME  1 0.9128 0.0872 
       W2514  1 0.9568 0.0432 
       W26MA  1 0.9598 0.0402 
       W26MM  1 0.9783 0.0217 
       W26MU  1 0.9657 0.0343 
       W26P0  1 0.9610 0.0390 
       W26P3  1 0.9840 0.0160 
       W26T5  1 0.9807 0.0193 
       W26TE  1 0.9565 0.0435 
       W26TF  1 0.9781 0.0219 
       W26U8  1 0.9370 0.0630 
       W26UJ  1 0.9824 0.0176 
       W26UK  1 0.9824 0.0176 
       W26UT  1 0.9795 0.0205 
       W26XT  1 0.9777 0.0223 
      CC06H2  1 0.9268 0.0732 
      CC06H4  1 0.9767 0.0233 
      CC06H5  1 0.9341 0.0659 
      CC06H6  1 0.9726 0.0274 
      CC06HE  1 0.9793 0.0207 
      CC06HF  1 0.9285 0.0715 
      CC06HH  1 0.9788 0.0212 
      CC06HJ  1 0.9558 0.0442 
      CC06HL  1 0.9836 0.0164 
      CC06HP  1 0.9814 0.0186 
      CC06HT  1 0.9463 0.0537 
      CC06HU  1 0.9796 0.0204 
      CC06HY  1 0.9638 0.0362 
      CC06J0  1 0.9676 0.0324 
      CC06J1  1 0.9493 0.0507 
      CC06J2  1 0.9736 0.0264 
     CT.0YCY  1 0.9747 0.0253 
     CT.0YEC  1 0.9839 0.0161 
     CT.0YEF  1 0.9724 0.0276 
     CT.0YEU  1 0.9810 0.0190 
     CT.0YF2  1 0.9588 0.0412 
     CT.0YF8  1 0.9821 0.0179 
     CT.0YFA  1 0.9709 0.0291 
     CT.0YFE  1 0.9639 0.0361 
     CT.0YFP  1 0.9627 0.0373 
     CT.0YFU  1 0.9748 0.0252 
     CT.0YK7  1 0.9616 0.0384 
     CX.10PT  1 0.9208 0.0792 
      DAM021  1 0.9645 0.0355 
      DAM034  1 0.9580 0.0420 
      DAM07X  1 0.9709 0.0291 
     EF.15J6  1 0.9790 0.0210 
      HRV010  1 0.9777 0.0223 
      HRV02J  1 0.9597 0.0403 
      HRV078  1 0.9657 0.0343 
      HRV0FH  1 0.9761 0.0239 
      HRV0H5  1 0.9652 0.0348 
      HRV0JF  1 0.9365 0.0635 
      HRV0JJ  1 0.9621 0.0379 
      HRV0JM  1 0.9653 0.0347 
      HRV0K6  1 0.9485 0.0515 
      HRV0K7  1 0.9757 0.0243 
      HRV0KP  1 0.9705 0.0295 
      HRV1AX  1 0.9488 0.0512 
      HRV1C4  1 0.9565 0.0435 
      HRV1CH  1 0.9667 0.0333 
      HRV1FA  1 0.9640 0.0360 
      HRV1FK  1 0.9515 0.0485 
      HRV1H8  1 0.9692 0.0308 
      HRV1HT  1 0.9617 0.0383 
      HRV1XU  1 0.9702 0.0298 
      HRV4TF  1 0.9793 0.0207 
      HRV6F0  1 0.9706 0.0294 
      HRVE6L  1 0.9625 0.0375 
       M27HM  1 0.9603 0.0397 
       M27HP  1 0.9797 0.0203 
       M2AK4  1 0.9801 0.0199 
       M2ALA  1 0.9820 0.0180 
       M2C56  1 0.9659 0.0341 
       M2CUX  1 0.9658 0.0342 
       M2E24  1 0.9798 0.0202 
       M2EA7  1 0.9761 0.0239 
       M2EH6  1 0.9759 0.0241 
       M2EKC  1 0.9044 0.0956 
      MSV083  1 0.9773 0.0227 
      MSV084  1 0.9477 0.0523 
      MSV0LJ  1 0.9611 0.0389 
      MSV1H5  1 0.9540 0.0460 
      MSV1KM  1 0.9796 0.0204 
      MSV23F  1 0.9713 0.0287 
      MSV2L8  1 0.9686 0.0314 
      MSV2P7  1 0.9775 0.0225 
      MSV2TJ  1 0.9557 0.0443 
      MSV2XM  1 0.9683 0.0317 
      MSV327  1 0.9757 0.0243 
      MSV33L  1 0.9814 0.0186 
        h001  2 0.9729 0.0271 
        h002  2 0.8831 0.1169 
        h003  2 0.8892 0.1108 
        h004  2 0.9138 0.0862 
        h005  2 0.9739 0.0261 
        h006  2 0.9333 0.0667 
        h007  2 0.9572 0.0428 
        h008  2 0.9179 0.0821 
        h009  2 0.9645 0.0355 
        h010  2 0.8926 0.1074 
        h011  2 0.9257 0.0743 
        h012  2 0.9373 0.0627 
        h013  2 0.8604 0.1396 
        h014  2 0.9333 0.0667 
        h015  2 0.8742 0.1258 
        h016  2 0.9468 0.0532 
        h017  2 0.9096 0.0904 
        h018  2 0.7246 0.2754 
        h019  2 0.7828 0.2172 
        h020  2 0.9729 0.0271 
        h021  2 0.9756 0.0244 
        h022  2 0.9723 0.0277 
        h023  2 0.9558 0.0442 
        h024  2 0.8339 0.1661 
        h025  2 0.6460 0.3540 
        h026  2 0.9021 0.0979 
        h027  2 0.9700 0.0300 
        h028  2 0.8784 0.1216 
        h029  2 0.8968 0.1032 
        h030  2 0.9810 0.0190 
        h031  2 0.9140 0.0860 
        h032  2 0.8249 0.1751 
        h033  2 0.7560 0.2440 
        h034  2 0.9631 0.0369 
        h035  2 0.8910 0.1090 
        h036  2 0.7785 0.2215 
        h037  2 0.7470 0.2530 
        h038  2 0.9471 0.0529 
        h039  2 0.9039 0.0961 
        h040  2 0.7838 0.2162 
        h041  2 0.9535 0.0465 
        h042  2 0.9140 0.0860 
        h043  2 0.9572 0.0428 
        h044  2 0.9735 0.0265 
        h045  2 0.9677 0.0323 
        h046  2 0.8673 0.1327 
        h047  2 0.9316 0.0684 
        h048  2 0.9785 0.0215 
        h049  2 0.9291 0.0709 
        h050  2 0.9385 0.0615 
        h051  2 0.7981 0.2019 
        h052  2 0.7016 0.2984 
        h053  2 0.9116 0.0884 
        h054  2 0.9635 0.0365 
        h055  2 0.9701 0.0299 
        h056  2 0.9562 0.0438 
        h057  2 0.9000 0.1000 
        h058  2 0.7106 0.2894 
        h059  2 0.9679 0.0321 
        h060  2 0.9369 0.0631 
        h061  2 0.9522 0.0478 
        h062  2 0.9204 0.0796 
        h063  2 0.8231 0.1769 
        h064  2 0.9570 0.0430 
        h065  2 0.9529 0.0471 
        h066  2 0.9351 0.0649 
        h067  2 0.9264 0.0736 
        h068  2 0.9577 0.0423 
        h069  2 0.8505 0.1495 
        h070  2 0.9164 0.0836 
        h071  2 0.9173 0.0827 
        h072  2 0.9686 0.0314 
        h073  2 0.9417 0.0583 
        h074  2 0.9043 0.0957 
        h075  2 0.9671 0.0329 
        h076  2 0.9054 0.0946 
        h077  2 0.9430 0.0570 
        h078  2 0.9017 0.0983 
        h079  2 0.9687 0.0313 
        h080  2 0.9710 0.0290 
        h081  2 0.8122 0.1878 
        h082  2 0.8075 0.1925 
        h083  2 0.9718 0.0282 
        h084  2 0.9133 0.0867 
        h085  2 0.9527 0.0473 
        h086  2 0.8403 0.1597 
        h087  2 0.9048 0.0952 
        h088  2 0.9755 0.0245 
        h089  2 0.9764 0.0236 
        h090  2 0.9498 0.0502 
        h091  2 0.8652 0.1348 
        h092  2 0.9127 0.0873 
        h093  2 0.8357 0.1643 
        h094  2 0.8154 0.1846 
        h095  2 0.9683 0.0317 
        h096  2 0.9755 0.0245 
        h097  2 0.8675 0.1325 
        h098  2 0.8886 0.1114 
        h099  2 0.9264 0.0736 
        h100  2 0.8319 0.1681 
       h0011  3 0.7878 0.2122 
       h0021  3 0.7039 0.2961 
       h0031  3 0.7978 0.2022 
       h0041  3 0.7124 0.2876 
       h0051  3 0.8746 0.1254 
       h0061  3 0.7231 0.2769 
       h0071  3 0.8004 0.1996 
       h0081  3 0.8961 0.1039 
       h0091  3 0.6722 0.3278 
       h0101  3 0.4832 0.5168 
       h0111  3 0.9650 0.0350 
       h0121  3 0.9765 0.0235 
       h0131  3 0.7199 0.2801 
       h0141  3 0.6631 0.3369 
       h0151  3 0.6229 0.3771 
       h0161  3 0.8853 0.1147 
       h0171  3 0.8470 0.1530 
       h0181  3 0.7528 0.2472 
       h0191  3 0.8713 0.1287 
       h0201  3 0.8362 0.1638 
       h0211  3 0.8185 0.1815 
       h0221  3 0.7640 0.2360 
       h0231  3 0.6502 0.3498 
       h0241  3 0.8766 0.1234 
       h0251  3 0.9116 0.0884 
       h0261  3 0.6468 0.3532 
       h0271  3 0.5446 0.4554 
       h0281  3 0.9522 0.0478 
       h0291  3 0.8488 0.1512 
       h0301  3 0.6875 0.3125 
       h0311  3 0.7101 0.2899 
       h0321  3 0.7637 0.2363 
       h0331  3 0.8753 0.1247 
       h0341  3 0.8455 0.1545 
       h0351  3 0.8377 0.1623 
       h0361  3 0.6597 0.3403 
       h0371  3 0.6655 0.3345 
       h0381  3 0.9137 0.0863 
       h0391  3 0.7990 0.2010 
       h0401  3 0.9567 0.0433 
       h0411  3 0.7771 0.2229 
       h0421  3 0.6781 0.3219 
       h0431  3 0.8882 0.1118 
       h0441  3 0.9084 0.0916 
       h0451  3 0.5904 0.4096 
       h0461  3 0.7971 0.2029 
       h0471  3 0.8145 0.1855 
       h0481  3 0.9350 0.0650 
       h0491  3 0.9726 0.0274 
       h0501  3 0.7506 0.2494 
       h0511  3 0.8729 0.1271 
       h0521  3 0.8097 0.1903 
       h0531  3 0.8636 0.1364 
       h0541  3 0.6866 0.3134 
       h0551  3 0.9711 0.0289 
       h0561  3 0.7338 0.2662 
       h0571  3 0.8242 0.1758 
       h0581  3 0.9253 0.0747 
       h0591  3 0.8136 0.1864 
       h0601  3 0.5904 0.4096 
       h0611  3 0.7183 0.2817 
       h0621  3 0.9769 0.0231 
       h0631  3 0.9249 0.0751 
       h0641  3 0.7611 0.2389 
       h0651  3 0.7345 0.2655 
       h0661  3 0.7282 0.2718 
       h0671  3 0.7581 0.2419 
       h0681  3 0.6697 0.3303 
       h0691  3 0.7982 0.2018 
       h0701  3 0.7581 0.2419 
       h0711  3 0.7463 0.2537 
       h0721  3 0.8890 0.1110 
       h0731  3 0.6951 0.3049 
       h0741  3 0.6070 0.3930 
       h0751  3 0.8050 0.1950 
       h0761  3 0.9770 0.0230 
       h0771  3 0.9532 0.0468 
       h0781  3 0.6703 0.3297 
       h0791  3 0.8552 0.1448 
       h0801  3 0.6737 0.3263 
       h0811  3 0.6256 0.3744 
       h0821  3 0.6530 0.3470 
       h0831  3 0.8492 0.1508 
       h0841  3 0.7826 0.2174 
       h0851  3 0.8659 0.1341 
       h0861  3 0.7267 0.2733 
       h0871  3 0.9310 0.0690 
       h0881  3 0.7565 0.2435 
       h0891  3 0.5822 0.4178 
       h0901  3 0.5149 0.4851 
       h0911  3 0.9625 0.0375 
       h0921  3 0.8095 0.1905 
       h0931  3 0.8471 0.1529 
       h0941  3 0.6111 0.3889 
       h0951  3 0.7980 0.2020 
       h0961  3 0.6924 0.3076 
       h0971  3 0.7000 0.3000 
       h0981  3 0.5471 0.4529 
       h0991  3 0.8154 0.1846 
       h1001  3 0.8475 0.1525 
      MSV1TX  4 0.6300 0.3700 
      MSV025  4 0.3432 0.6568 
      MSV02C  4 0.4973 0.5027 
      MSV02E  4 0.4398 0.5602 
      MSV0TF  4 0.3712 0.6288 
       M2EL8  4 0.3165 0.6835 
       h0012  5 0.5618 0.4382 
       h0022  5 0.4871 0.5129 
       h0032  5 0.4756 0.5244 
       h0042  5 0.4501 0.5499 
       h0052  5 0.2868 0.7132 
       h0062  5 0.5172 0.4828 
       h0072  5 0.5825 0.4175 
       h0082  5 0.3918 0.6082 
       h0092  5 0.5107 0.4893 
       h0102  5 0.5182 0.4818 
       h0112  5 0.5079 0.4921 
       h0122  5 0.4797 0.5203 
       h0132  5 0.3911 0.6089 
       h0142  5 0.4098 0.5902 
       h0152  5 0.5618 0.4382 
       h0162  5 0.4152 0.5848 
       h0172  5 0.4366 0.5634 
       h0182  5 0.4060 0.5940 
       h0192  5 0.5998 0.4002 
       h0202  5 0.5737 0.4263 
       h0212  5 0.4739 0.5261 
       h0222  5 0.5498 0.4502 
       h0232  5 0.4169 0.5831 
       h0242  5 0.3119 0.6881 
       h0252  5 0.3390 0.6610 
       h0262  5 0.4466 0.5534 
       h0272  5 0.5705 0.4295 
       h0282  5 0.5835 0.4165 
       h0292  5 0.5576 0.4424 
       h0302  5 0.5880 0.4120 
       h0312  5 0.5931 0.4069 
       h0322  5 0.6511 0.3489 
       h0332  5 0.4160 0.5840 
       h0342  5 0.3337 0.6663 
       h0352  5 0.6849 0.3151 
       h0362  5 0.4761 0.5239 
       h0372  5 0.4890 0.5110 
       h0382  5 0.5419 0.4581 
       h0392  5 0.4250 0.5750 
       h0402  5 0.5470 0.4530 
       h0412  5 0.4564 0.5436 
       h0422  5 0.6025 0.3975 
       h0432  5 0.4544 0.5456 
       h0442  5 0.4286 0.5714 
       h0452  5 0.5137 0.4863 
       h0462  5 0.5484 0.4516 
       h0472  5 0.5116 0.4884 
       h0482  5 0.5511 0.4489 
       h0492  5 0.5149 0.4851 
       h0502  5 0.5233 0.4767 
       h0512  5 0.7684 0.2316 
       h0522  5 0.4882 0.5118 
       h0532  5 0.5417 0.4583 
       h0542  5 0.5241 0.4759 
       h0552  5 0.2762 0.7238 
       h0562  5 0.4463 0.5537 
       h0572  5 0.3103 0.6897 
       h0582  5 0.5435 0.4565 
       h0592  5 0.5104 0.4896 
       h0602  5 0.5606 0.4394 
       h0612  5 0.4994 0.5006 
       h0622  5 0.4054 0.5946 
       h0632  5 0.5568 0.4432 
       h0642  5 0.4267 0.5733 
       h0652  5 0.6388 0.3612 
       h0662  5 0.6146 0.3854 
       h0672  5 0.4902 0.5098 
       h0682  5 0.5536 0.4464 
       h0692  5 0.5467 0.4533 
       h0702  5 0.2223 0.7777 
       h0712  5 0.5819 0.4181 
       h0722  5 0.3885 0.6115 
       h0732  5 0.4241 0.5759 
       h0742  5 0.3288 0.6712 
       h0752  5 0.6566 0.3434 
       h0762  5 0.5088 0.4912 
       h0772  5 0.5113 0.4887 
       h0782  5 0.6052 0.3948 
       h0792  5 0.4865 0.5135 
       h0802  5 0.2464 0.7536 
       h0812  5 0.5346 0.4654 
       h0822  5 0.5727 0.4273 
       h0832  5 0.3904 0.6096 
       h0842  5 0.4060 0.5940 
       h0852  5 0.5989 0.4011 
       h0862  5 0.5845 0.4155 
       h0872  5 0.4226 0.5774 
       h0882  5 0.6017 0.3983 
       h0892  5 0.3683 0.6317 
       h0902  5 0.5875 0.4125 
       h0912  5 0.4212 0.5788 
       h0922  5 0.3632 0.6368 
       h0932  5 0.5155 0.4845 
       h0942  5 0.5048 0.4952 
       h0952  5 0.4792 0.5208 
       h0962  5 0.5453 0.4547 
       h0972  5 0.4166 0.5834 
       h0982  5 0.4099 0.5901 
       h0992  5 0.4465 0.5535 
       h1002  5 0.6207 0.3793 
      MSV21T  6 0.0609 0.9391 
       M2E71  6 0.1675 0.8325 
       h0013  7 0.1429 0.8571 
       h0023  7 0.1606 0.8394 
       h0033  7 0.2618 0.7382 
       h0043  7 0.2343 0.7657 
       h0053  7 0.2503 0.7497 
       h0063  7 0.1638 0.8362 
       h0073  7 0.1786 0.8214 
       h0083  7 0.0300 0.9700 
       h0093  7 0.3483 0.6517 
       h0103  7 0.3633 0.6367 
       h0113  7 0.1917 0.8083 
       h0123  7 0.0751 0.9249 
       h0133  7 0.0562 0.9438 
       h0143  7 0.0793 0.9207 
       h0153  7 0.2033 0.7967 
       h0163  7 0.0983 0.9017 
       h0173  7 0.3760 0.6240 
       h0183  7 0.3291 0.6709 
       h0193  7 0.1762 0.8238 
       h0203  7 0.0862 0.9138 
       h0213  7 0.1957 0.8043 
       h0223  7 0.1388 0.8612 
       h0233  7 0.2799 0.7201 
       h0243  7 0.2650 0.7350 
       h0253  7 0.1811 0.8189 
       h0263  7 0.1907 0.8093 
       h0273  7 0.4513 0.5487 
       h0283  7 0.0310 0.9690 
       h0293  7 0.2545 0.7455 
       h0303  7 0.3505 0.6495 
       h0313  7 0.3411 0.6589 
       h0323  7 0.5604 0.4396 
       h0333  7 0.2180 0.7820 
       h0343  7 0.2094 0.7906 
       h0353  7 0.3230 0.6770 
       h0363  7 0.1530 0.8470 
       h0373  7 0.3136 0.6864 
       h0383  7 0.0744 0.9256 
       h0393  7 0.1964 0.8036 
       h0403  7 0.2112 0.7888 
       h0413  7 0.0978 0.9022 
       h0423  7 0.1515 0.8485 
       h0433  7 0.2505 0.7495 
       h0443  7 0.1263 0.8737 
       h0453  7 0.3801 0.6199 
       h0463  7 0.2667 0.7333 
       h0473  7 0.3242 0.6758 
       h0483  7 0.1174 0.8826 
       h0493  7 0.3507 0.6493 
       h0503  7 0.4792 0.5208 
       h0513  7 0.3457 0.6543 
       h0523  7 0.3895 0.6105 
       h0533  7 0.1556 0.8444 
       h0543  7 0.2015 0.7985 
       h0553  7 0.0870 0.9130 
       h0563  7 0.2293 0.7707 
       h0573  7 0.3766 0.6234 
       h0583  7 0.1425 0.8575 
       h0593  7 0.2782 0.7218 
       h0603  7 0.2850 0.7150 
       h0613  7 0.2001 0.7999 
       h0623  7 0.0782 0.9218 
       h0633  7 0.2520 0.7480 
       h0643  7 0.1616 0.8384 
       h0653  7 0.2558 0.7442 
       h0663  7 0.2674 0.7326 
       h0673  7 0.1346 0.8654 
       h0683  7 0.0829 0.9171 
       h0693  7 0.2764 0.7236 
       h0703  7 0.3603 0.6397 
       h0713  7 0.1632 0.8368 
       h0723  7 0.2413 0.7587 
       h0733  7 0.1489 0.8511 
       h0743  7 0.2598 0.7402 
       h0753  7 0.0981 0.9019 
       h0763  7 0.2309 0.7691 
       h0773  7 0.3762 0.6238 
       h0783  7 0.2133 0.7867 
       h0793  7 0.1078 0.8922 
       h0803  7 0.1273 0.8727 
       h0813  7 0.1641 0.8359 
       h0823  7 0.3250 0.6750 
       h0833  7 0.2108 0.7892 
       h0843  7 0.3554 0.6446 
       h0853  7 0.0164 0.9836 
       h0863  7 0.4157 0.5843 
       h0873  7 0.1448 0.8552 
       h0883  7 0.1887 0.8113 
       h0893  7 0.0786 0.9214 
       h0903  7 0.1693 0.8307 
       h0913  7 0.1132 0.8868 
       h0923  7 0.3433 0.6567 
       h0933  7 0.2625 0.7375 
       h0943  7 0.0292 0.9708 
       h0953  7 0.1698 0.8302 
       h0963  7 0.1913 0.8087 
       h0973  7 0.1040 0.8960 
       h0983  7 0.2298 0.7702 
       h0993  7 0.1367 0.8633 
       h1003  7 0.2178 0.7822 
       W23CA  8 0.0236 0.9764 
     AP.085Y  8 0.0297 0.9703 
     CH.0LLY  8 0.1205 0.8795 
       M0LEC  8 0.0171 0.9829 
       M2C3H  8 0.0395 0.9605 
       M2CHL  8 0.1621 0.8379 
       W26P7  8 0.0425 0.9575 
     AP.07M5  8 0.1001 0.8999 
     AP.080U  8 0.0330 0.9670 
     AP.082A  8 0.0193 0.9807 
     AP.0843  8 0.0439 0.9561 
     AP.0844  8 0.0907 0.9093 
     AP.084X  8 0.0279 0.9721 
     AP.086Y  8 0.0318 0.9682 
     AP.0870  8 0.0324 0.9676 
     AP.0878  8 0.0415 0.9585 
     AP.087F  8 0.0367 0.9633 
     AP.087Y  8 0.1213 0.8787 
     AP.088P  8 0.0448 0.9552 
     AP.08AK  8 0.0601 0.9399 
     CH.0LLM  8 0.0313 0.9687 
     CH.0LLU  8 0.0998 0.9002 
     CH.0LM0  8 0.0576 0.9424 
     CH.0LM3  8 0.0544 0.9456 
       W26MY  8 0.1867 0.8133 
       W26P6  8 0.0696 0.9304 
      HRV07U  8 0.0629 0.9371 
      HRV1CT  8 0.0253 0.9747 
      HRV1CU  8 0.0194 0.9806 
      HRV1E6  8 0.0274 0.9726 
      HRV081  8 0.0171 0.9829 
      HRV1E3  8 0.0401 0.9599 
      MSV21E  8 0.0925 0.9075 
      MSV216  8 0.0626 0.9374 
       M0TYK  8 0.0598 0.9402 
      MSV2AA  8 0.0670 0.9330 
     CK.0PET  8 0.1592 0.8408 
       M2E8C  8 0.0308 0.9692 
      MSV23X  8 0.0975 0.9025 
      MSV32A  8 0.1009 0.8991 
     AP.0838  8 0.0315 0.9685 
     AP.088F  8 0.0309 0.9691 
       h0014  9 0.1726 0.8274 
       h0024  9 0.1172 0.8828 
       h0034  9 0.0562 0.9438 
       h0044  9 0.0312 0.9688 
       h0054  9 0.0612 0.9388 
       h0064  9 0.0462 0.9538 
       h0074  9 0.2198 0.7802 
       h0084  9 0.0344 0.9656 
       h0094  9 0.1162 0.8838 
       h0104  9 0.0945 0.9055 
       h0114  9 0.0191 0.9809 
       h0124  9 0.0576 0.9424 
       h0134  9 0.0802 0.9198 
       h0144  9 0.1487 0.8513 
       h0154  9 0.1084 0.8916 
       h0164  9 0.1455 0.8545 
       h0174  9 0.0543 0.9457 
       h0184  9 0.1192 0.8808 
       h0194  9 0.0810 0.9190 
       h0204  9 0.1391 0.8609 
       h0214  9 0.0644 0.9356 
       h0224  9 0.0154 0.9846 
       h0234  9 0.1355 0.8645 
       h0244  9 0.0343 0.9657 
       h0254  9 0.1433 0.8567 
       h0264  9 0.0237 0.9763 
       h0274  9 0.2510 0.7490 
       h0284  9 0.1156 0.8844 
       h0294  9 0.1163 0.8837 
       h0304  9 0.2692 0.7308 
       h0314  9 0.0230 0.9770 
       h0324  9 0.0371 0.9629 
       h0334  9 0.2703 0.7297 
       h0344  9 0.0385 0.9615 
       h0354  9 0.0480 0.9520 
       h0364  9 0.1127 0.8873 
       h0374  9 0.0759 0.9241 
       h0384  9 0.1456 0.8544 
       h0394  9 0.2248 0.7752 
       h0404  9 0.1158 0.8842 
       h0414  9 0.1099 0.8901 
       h0424  9 0.0529 0.9471 
       h0434  9 0.0908 0.9092 
       h0444  9 0.0216 0.9784 
       h0454  9 0.0668 0.9332 
       h0464  9 0.0490 0.9510 
       h0474  9 0.0326 0.9674 
       h0484  9 0.0599 0.9401 
       h0494  9 0.2948 0.7052 
       h0504  9 0.1664 0.8336 
       h0514  9 0.2080 0.7920 
       h0524  9 0.0982 0.9018 
       h0534  9 0.0387 0.9613 
       h0544  9 0.0656 0.9344 
       h0554  9 0.0442 0.9558 
       h0564  9 0.0413 0.9587 
       h0574  9 0.0578 0.9422 
       h0584  9 0.0993 0.9007 
       h0594  9 0.0260 0.9740 
       h0604  9 0.0320 0.9680 
       h0614  9 0.0550 0.9450 
       h0624  9 0.0695 0.9305 
       h0634  9 0.1843 0.8157 
       h0644  9 0.0280 0.9720 
       h0654  9 0.0730 0.9270 
       h0664  9 0.0249 0.9751 
       h0674  9 0.0466 0.9534 
       h0684  9 0.2418 0.7582 
       h0694  9 0.0543 0.9457 
       h0704  9 0.0974 0.9026 
       h0714  9 0.1133 0.8867 
       h0724  9 0.0490 0.9510 
       h0734  9 0.0565 0.9435 
       h0744  9 0.0754 0.9246 
       h0754  9 0.0508 0.9492 
       h0764  9 0.0573 0.9427 
       h0774  9 0.0505 0.9495 
       h0784  9 0.1392 0.8608 
       h0794  9 0.0428 0.9572 
       h0804  9 0.0203 0.9797 
       h0814  9 0.1250 0.8750 
       h0824  9 0.1284 0.8716 
       h0834  9 0.1473 0.8527 
       h0844  9 0.2777 0.7223 
       h0854  9 0.0536 0.9464 
       h0864  9 0.1085 0.8915 
       h0874  9 0.0507 0.9493 
       h0884  9 0.0352 0.9648 
       h0894  9 0.0967 0.9033 
       h0904  9 0.1718 0.8282 
       h0914  9 0.1219 0.8781 
       h0924  9 0.2998 0.7002 
       h0934  9 0.0557 0.9443 
       h0944  9 0.1923 0.8077 
       h0954  9 0.0468 0.9532 
       h0964  9 0.2868 0.7132 
       h0974  9 0.0491 0.9509 
       h0984  9 0.1897 0.8103 
       h0994  9 0.3323 0.6677 
       h1004  9 0.0976 0.9024 
       M2CHP 10 0.0799 0.9201 
     AP.088A 10 0.0214 0.9786 
       W26L5 10 0.0746 0.9254 
      HRV1EC 10 0.0215 0.9785 
      HRV1CX 10 0.0307 0.9693 
     AP.08AC 10 0.0448 0.9552 
      HRV0J3 10 0.0274 0.9726 
      HRV025 10 0.0478 0.9522 
      HRV07L 10 0.0389 0.9611 
     AP.07M4 10 0.0147 0.9853 
      HRV0JL 10 0.0153 0.9847 
       M0102 10 0.0224 0.9776 
      HRV080 10 0.0159 0.9841 
       M0A6K 10 0.0238 0.9762 
       M2C3A 10 0.0220 0.9780 
     AP.087T 10 0.0654 0.9346 
     AP.07P8 10 0.0516 0.9484 
      HRV0HU 10 0.0821 0.9179 
       M0HM3 10 0.0195 0.9805 
     CH.0LM2 10 0.0441 0.9559 
      HRV01L 10 0.0200 0.9800 
       W2716 10 0.0744 0.9256 
      HRV028 10 0.0246 0.9754 
     AP.07MA 10 0.0298 0.9702 
     AP.0861 10 0.0214 0.9786 
     AP.08AH 10 0.0295 0.9705 
     AP.0817 10 0.0260 0.9740 
     AP.088X 10 0.0477 0.9523 
       W23EM 10 0.0308 0.9692 
       W23F0 10 0.0360 0.9640 
     AP.087E 10 0.0176 0.9824 
      HRV06A 10 0.0205 0.9795 
      HRV1E1 10 0.0219 0.9781 
      HRV0LM 10 0.0220 0.9780 
     AP.088T 10 0.0155 0.9845 
       M2AY8 10 0.1633 0.8367 
       M0HJ6 10 0.0387 0.9613 
       W26PT 10 0.0193 0.9807 
       M0HJ8 10 0.0200 0.9800 
       M055C 10 0.1035 0.8965 
      HRV0JX 10 0.0489 0.9511 
     AP.08A3 10 0.0165 0.9835 
      HRV026 10 0.0411 0.9589 
      HRV0JP 10 0.0203 0.9797 
     AP.088J 10 0.0379 0.9621 
     AP.0885 10 0.0324 0.9676 
       W26MT 10 0.0173 0.9827 
     AP.08AJ 10 0.0305 0.9695 
     AM.07FP 10 0.0215 0.9785 
      HRV0KA 10 0.0196 0.9804 
     AP.087C 10 0.0341 0.9659 
     AP.087X 10 0.0769 0.9231 
     AP.07M7 10 0.0139 0.9861 
      HRV055 10 0.0165 0.9835 
       M2CHJ 10 0.0395 0.9605 
     AP.0820 10 0.0379 0.9621 
       M1C2H 10 0.0172 0.9828 
       W26UF 10 0.0197 0.9803 
      HRV0HM 10 0.1382 0.8618 
       M0LUP 10 0.0302 0.9698 
     AP.08AT 10 0.0209 0.9791 
     AP.087A 10 0.0209 0.9791 
     CH.0LLP 10 0.0179 0.9821 
      HRV0HC 10 0.0502 0.9498 
     AP.08A5 10 0.0181 0.9819 
     AP.0881 10 0.1328 0.8672 
       W26UE 10 0.0270 0.9730 
       M2CHY 10 0.0277 0.9723 
       M05JC 10 0.0204 0.9796 
       M0557 10 0.0270 0.9730 
      HRV0A0 10 0.0162 0.9838 
      HRV077 10 0.0300 0.9700 
       M0L32 10 0.0313 0.9687 
       M0J1X 10 0.0235 0.9765 
       M1ELE 10 0.0185 0.9815 
      HRV07J 10 0.0180 0.9820 
     CH.0LM5 10 0.0216 0.9784 
      HRV07M 10 0.0188 0.9812 
       W26PJ 10 0.2100 0.7900 
      HRV02C 10 0.0152 0.9848 
       M0FF2 10 0.0186 0.9814 
      HRV00P 10 0.0175 0.9825 
      HRV0MJ 10 0.0708 0.9292 
       M16F1 10 0.0241 0.9759 
       M04XH 10 0.0343 0.9657 
      HRV0LP 10 0.0726 0.9274 
       M2C3F 10 0.0214 0.9786 
       W26TC 10 0.0150 0.9850 
     AP.087K 10 0.0311 0.9689 
      HRV0K1 10 0.0196 0.9804 
     AP.0841 10 0.0503 0.9497 
       M1CFL 10 0.0218 0.9782 
       W26UL 10 0.0760 0.9240 
     AP.0887 10 0.0254 0.9746 
       M05X6 10 0.0166 0.9834 
      HRV01M 10 0.0258 0.9742 
      HRV1EE 10 0.0195 0.9805 
       M1EKX 10 0.0192 0.9808 
      HRV04F 10 0.0194 0.9806 
       W26LM 10 0.0842 0.9158 
