       M1EL5  1 0.9580 0.0420 
       W26T6  1 0.9224 0.0776 
       W26XX  1 0.9751 0.0249 
       M013P  1 0.9826 0.0174 
       M1ELA  1 0.9013 0.0987 
       M2C73  1 0.9720 0.0280 
       W23P4  1 0.8517 0.1483 
       W247C  1 0.9755 0.0245 
       W24K1  1 0.9813 0.0187 
       W24ME  1 0.9126 0.0874 
       W2514  1 0.9567 0.0433 
       W26MA  1 0.9597 0.0403 
       W26MM  1 0.9783 0.0217 
       W26MU  1 0.9657 0.0343 
       W26P0  1 0.9610 0.0390 
       W26P3  1 0.9840 0.0160 
       W26T5  1 0.9807 0.0193 
       W26TE  1 0.9566 0.0434 
       W26TF  1 0.9781 0.0219 
       W26U8  1 0.9368 0.0632 
       W26UJ  1 0.9824 0.0176 
       W26UK  1 0.9824 0.0176 
       W26UT  1 0.9796 0.0204 
       W26XT  1 0.9778 0.0222 
      CC06H2  1 0.9268 0.0732 
      CC06H4  1 0.9767 0.0233 
      CC06H5  1 0.9345 0.0655 
      CC06H6  1 0.9726 0.0274 
      CC06HE  1 0.9793 0.0207 
      CC06HF  1 0.9288 0.0712 
      CC06HH  1 0.9788 0.0212 
      CC06HJ  1 0.9560 0.0440 
      CC06HL  1 0.9836 0.0164 
      CC06HP  1 0.9814 0.0186 
      CC06HT  1 0.9463 0.0537 
      CC06HU  1 0.9798 0.0202 
      CC06HY  1 0.9638 0.0362 
      CC06J0  1 0.9679 0.0321 
      CC06J1  1 0.9492 0.0508 
      CC06J2  1 0.9736 0.0264 
     CT.0YCY  1 0.9747 0.0253 
     CT.0YEC  1 0.9839 0.0161 
     CT.0YEF  1 0.9723 0.0277 
     CT.0YEU  1 0.9811 0.0189 
     CT.0YF2  1 0.9588 0.0412 
     CT.0YF8  1 0.9822 0.0178 
     CT.0YFA  1 0.9710 0.0290 
     CT.0YFE  1 0.9640 0.0360 
     CT.0YFP  1 0.9625 0.0375 
     CT.0YFU  1 0.9749 0.0251 
     CT.0YK7  1 0.9616 0.0384 
     CX.10PT  1 0.9203 0.0797 
      DAM021  1 0.9647 0.0353 
      DAM034  1 0.9581 0.0419 
      DAM07X  1 0.9710 0.0290 
     EF.15J6  1 0.9791 0.0209 
      HRV010  1 0.9778 0.0222 
      HRV02J  1 0.9598 0.0402 
      HRV078  1 0.9657 0.0343 
      HRV0FH  1 0.9760 0.0240 
      HRV0H5  1 0.9653 0.0347 
      HRV0JF  1 0.9365 0.0635 
      HRV0JJ  1 0.9623 0.0377 
      HRV0JM  1 0.9655 0.0345 
      HRV0K6  1 0.9484 0.0516 
      HRV0K7  1 0.9756 0.0244 
      HRV0KP  1 0.9706 0.0294 
      HRV1AX  1 0.9488 0.0512 
      HRV1C4  1 0.9564 0.0436 
      HRV1CH  1 0.9668 0.0332 
      HRV1FA  1 0.9640 0.0360 
      HRV1FK  1 0.9514 0.0486 
      HRV1H8  1 0.9693 0.0307 
      HRV1HT  1 0.9616 0.0384 
      HRV1XU  1 0.9703 0.0297 
      HRV4TF  1 0.9793 0.0207 
      HRV6F0  1 0.9707 0.0293 
      HRVE6L  1 0.9627 0.0373 
       M27HM  1 0.9604 0.0396 
       M27HP  1 0.9797 0.0203 
       M2AK4  1 0.9802 0.0198 
       M2ALA  1 0.9819 0.0181 
       M2C56  1 0.9658 0.0342 
       M2CUX  1 0.9660 0.0340 
       M2E24  1 0.9799 0.0201 
       M2EA7  1 0.9761 0.0239 
       M2EH6  1 0.9759 0.0241 
       M2EKC  1 0.9044 0.0956 
      MSV083  1 0.9773 0.0227 
      MSV084  1 0.9475 0.0525 
      MSV0LJ  1 0.9613 0.0387 
      MSV1H5  1 0.9540 0.0460 
      MSV1KM  1 0.9796 0.0204 
      MSV23F  1 0.9713 0.0287 
      MSV2L8  1 0.9687 0.0313 
      MSV2P7  1 0.9775 0.0225 
      MSV2TJ  1 0.9558 0.0442 
      MSV2XM  1 0.9684 0.0316 
      MSV327  1 0.9756 0.0244 
      MSV33L  1 0.9813 0.0187 
        h001  2 0.9729 0.0271 
        h002  2 0.8833 0.1167 
        h003  2 0.8891 0.1109 
        h004  2 0.9141 0.0859 
        h005  2 0.9739 0.0261 
        h006  2 0.9331 0.0669 
        h007  2 0.9575 0.0425 
        h008  2 0.9181 0.0819 
        h009  2 0.9644 0.0356 
        h010  2 0.8922 0.1078 
        h011  2 0.9258 0.0742 
        h012  2 0.9374 0.0626 
        h013  2 0.8602 0.1398 
        h014  2 0.9334 0.0666 
        h015  2 0.8741 0.1259 
        h016  2 0.9471 0.0529 
        h017  2 0.9097 0.0903 
        h018  2 0.7245 0.2755 
        h019  2 0.7828 0.2172 
        h020  2 0.9729 0.0271 
        h021  2 0.9757 0.0243 
        h022  2 0.9723 0.0277 
        h023  2 0.9558 0.0442 
        h024  2 0.8343 0.1657 
        h025  2 0.6461 0.3539 
        h026  2 0.9021 0.0979 
        h027  2 0.9702 0.0298 
        h028  2 0.8792 0.1208 
        h029  2 0.8966 0.1034 
        h030  2 0.9810 0.0190 
        h031  2 0.9141 0.0859 
        h032  2 0.8254 0.1746 
        h033  2 0.7562 0.2438 
        h034  2 0.9630 0.0370 
        h035  2 0.8910 0.1090 
        h036  2 0.7786 0.2214 
        h037  2 0.7471 0.2529 
        h038  2 0.9475 0.0525 
        h039  2 0.9038 0.0962 
        h040  2 0.7845 0.2155 
        h041  2 0.9539 0.0461 
        h042  2 0.9136 0.0864 
        h043  2 0.9572 0.0428 
        h044  2 0.9735 0.0265 
        h045  2 0.9676 0.0324 
        h046  2 0.8675 0.1325 
        h047  2 0.9317 0.0683 
        h048  2 0.9786 0.0214 
        h049  2 0.9291 0.0709 
        h050  2 0.9384 0.0616 
        h051  2 0.7980 0.2020 
        h052  2 0.7018 0.2982 
        h053  2 0.9117 0.0883 
        h054  2 0.9635 0.0365 
        h055  2 0.9701 0.0299 
        h056  2 0.9561 0.0439 
        h057  2 0.9010 0.0990 
        h058  2 0.7107 0.2893 
        h059  2 0.9679 0.0321 
        h060  2 0.9373 0.0627 
        h061  2 0.9521 0.0479 
        h062  2 0.9208 0.0792 
        h063  2 0.8233 0.1767 
        h064  2 0.9571 0.0429 
        h065  2 0.9529 0.0471 
        h066  2 0.9353 0.0647 
        h067  2 0.9265 0.0735 
        h068  2 0.9577 0.0423 
        h069  2 0.8505 0.1495 
        h070  2 0.9166 0.0834 
        h071  2 0.9180 0.0820 
        h072  2 0.9686 0.0314 
        h073  2 0.9419 0.0581 
        h074  2 0.9040 0.0960 
        h075  2 0.9672 0.0328 
        h076  2 0.9055 0.0945 
        h077  2 0.9430 0.0570 
        h078  2 0.9023 0.0977 
        h079  2 0.9687 0.0313 
        h080  2 0.9710 0.0290 
        h081  2 0.8129 0.1871 
        h082  2 0.8077 0.1923 
        h083  2 0.9718 0.0282 
        h084  2 0.9133 0.0867 
        h085  2 0.9529 0.0471 
        h086  2 0.8411 0.1589 
        h087  2 0.9047 0.0953 
        h088  2 0.9756 0.0244 
        h089  2 0.9765 0.0235 
        h090  2 0.9500 0.0500 
        h091  2 0.8649 0.1351 
        h092  2 0.9128 0.0872 
        h093  2 0.8361 0.1639 
        h094  2 0.8162 0.1838 
        h095  2 0.9683 0.0317 
        h096  2 0.9755 0.0245 
        h097  2 0.8679 0.1321 
        h098  2 0.8888 0.1112 
        h099  2 0.9263 0.0737 
        h100  2 0.8328 0.1672 
       h0011  3 0.7873 0.2127 
       h0021  3 0.7038 0.2962 
       h0031  3 0.7984 0.2016 
       h0041  3 0.7127 0.2873 
       h0051  3 0.8747 0.1253 
       h0061  3 0.7234 0.2766 
       h0071  3 0.8005 0.1995 
       h0081  3 0.8967 0.1033 
       h0091  3 0.6722 0.3278 
       h0101  3 0.4831 0.5169 
       h0111  3 0.9649 0.0351 
       h0121  3 0.9766 0.0234 
       h0131  3 0.7202 0.2798 
       h0141  3 0.6630 0.3370 
       h0151  3 0.6231 0.3769 
       h0161  3 0.8854 0.1146 
       h0171  3 0.8475 0.1525 
       h0181  3 0.7527 0.2473 
       h0191  3 0.8716 0.1284 
       h0201  3 0.8364 0.1636 
       h0211  3 0.8187 0.1813 
       h0221  3 0.7642 0.2358 
       h0231  3 0.6505 0.3495 
       h0241  3 0.8766 0.1234 
       h0251  3 0.9117 0.0883 
       h0261  3 0.6472 0.3528 
       h0271  3 0.5454 0.4546 
       h0281  3 0.9525 0.0475 
       h0291  3 0.8488 0.1512 
       h0301  3 0.6872 0.3128 
       h0311  3 0.7105 0.2895 
       h0321  3 0.7640 0.2360 
       h0331  3 0.8759 0.1241 
       h0341  3 0.8454 0.1546 
       h0351  3 0.8375 0.1625 
       h0361  3 0.6594 0.3406 
       h0371  3 0.6653 0.3347 
       h0381  3 0.9139 0.0861 
       h0391  3 0.7993 0.2007 
       h0401  3 0.9567 0.0433 
       h0411  3 0.7774 0.2226 
       h0421  3 0.6781 0.3219 
       h0431  3 0.8884 0.1116 
       h0441  3 0.9086 0.0914 
       h0451  3 0.5906 0.4094 
       h0461  3 0.7974 0.2026 
       h0471  3 0.8152 0.1848 
       h0481  3 0.9351 0.0649 
       h0491  3 0.9727 0.0273 
       h0501  3 0.7514 0.2486 
       h0511  3 0.8727 0.1273 
       h0521  3 0.8094 0.1906 
       h0531  3 0.8637 0.1363 
       h0541  3 0.6870 0.3130 
       h0551  3 0.9712 0.0288 
       h0561  3 0.7339 0.2661 
       h0571  3 0.8245 0.1755 
       h0581  3 0.9251 0.0749 
       h0591  3 0.8139 0.1861 
       h0601  3 0.5908 0.4092 
       h0611  3 0.7187 0.2813 
       h0621  3 0.9770 0.0230 
       h0631  3 0.9248 0.0752 
       h0641  3 0.7612 0.2388 
       h0651  3 0.7341 0.2659 
       h0661  3 0.7283 0.2717 
       h0671  3 0.7585 0.2415 
       h0681  3 0.6695 0.3305 
       h0691  3 0.7981 0.2019 
       h0701  3 0.7580 0.2420 
       h0711  3 0.7462 0.2538 
       h0721  3 0.8892 0.1108 
       h0731  3 0.6953 0.3047 
       h0741  3 0.6068 0.3932 
       h0751  3 0.8050 0.1950 
       h0761  3 0.9771 0.0229 
       h0771  3 0.9536 0.0464 
       h0781  3 0.6707 0.3293 
       h0791  3 0.8552 0.1448 
       h0801  3 0.6735 0.3265 
       h0811  3 0.6260 0.3740 
       h0821  3 0.6536 0.3464 
       h0831  3 0.8495 0.1505 
       h0841  3 0.7821 0.2179 
       h0851  3 0.8658 0.1342 
       h0861  3 0.7267 0.2733 
       h0871  3 0.9313 0.0687 
       h0881  3 0.7561 0.2439 
       h0891  3 0.5822 0.4178 
       h0901  3 0.5151 0.4849 
       h0911  3 0.9625 0.0375 
       h0921  3 0.8096 0.1904 
       h0931  3 0.8473 0.1527 
       h0941  3 0.6110 0.3890 
       h0951  3 0.7984 0.2016 
       h0961  3 0.6922 0.3078 
       h0971  3 0.7006 0.2994 
       h0981  3 0.5473 0.4527 
       h0991  3 0.8156 0.1844 
       h1001  3 0.8472 0.1528 
      MSV1TX  4 0.6301 0.3699 
      MSV025  4 0.3436 0.6564 
      MSV02C  4 0.4972 0.5028 
      MSV02E  4 0.4400 0.5600 
      MSV0TF  4 0.3713 0.6287 
       M2EL8  4 0.3165 0.6835 
       h0012  5 0.5619 0.4381 
       h0022  5 0.4870 0.5130 
       h0032  5 0.4755 0.5245 
       h0042  5 0.4500 0.5500 
       h0052  5 0.2865 0.7135 
       h0062  5 0.5173 0.4827 
       h0072  5 0.5824 0.4176 
       h0082  5 0.3920 0.6080 
       h0092  5 0.5106 0.4894 
       h0102  5 0.5181 0.4819 
       h0112  5 0.5079 0.4921 
       h0122  5 0.4796 0.5204 
       h0132  5 0.3915 0.6085 
       h0142  5 0.4100 0.5900 
       h0152  5 0.5621 0.4379 
       h0162  5 0.4156 0.5844 
       h0172  5 0.4370 0.5630 
       h0182  5 0.4061 0.5939 
       h0192  5 0.5998 0.4002 
       h0202  5 0.5734 0.4266 
       h0212  5 0.4743 0.5257 
       h0222  5 0.5498 0.4502 
       h0232  5 0.4173 0.5827 
       h0242  5 0.3121 0.6879 
       h0252  5 0.3392 0.6608 
       h0262  5 0.4470 0.5530 
       h0272  5 0.5709 0.4291 
       h0282  5 0.5838 0.4162 
       h0292  5 0.5579 0.4421 
       h0302  5 0.5879 0.4121 
       h0312  5 0.5928 0.4072 
       h0322  5 0.6513 0.3487 
       h0332  5 0.4157 0.5843 
       h0342  5 0.3336 0.6664 
       h0352  5 0.6849 0.3151 
       h0362  5 0.4765 0.5235 
       h0372  5 0.4891 0.5109 
       h0382  5 0.5420 0.4580 
       h0392  5 0.4255 0.5745 
       h0402  5 0.5470 0.4530 
       h0412  5 0.4564 0.5436 
       h0422  5 0.6025 0.3975 
       h0432  5 0.4548 0.5452 
       h0442  5 0.4283 0.5717 
       h0452  5 0.5138 0.4862 
       h0462  5 0.5484 0.4516 
       h0472  5 0.5115 0.4885 
       h0482  5 0.5515 0.4485 
       h0492  5 0.5152 0.4848 
       h0502  5 0.5238 0.4762 
       h0512  5 0.7683 0.2317 
       h0522  5 0.4888 0.5112 
       h0532  5 0.5414 0.4586 
       h0542  5 0.5243 0.4757 
       h0552  5 0.2763 0.7237 
       h0562  5 0.4464 0.5536 
       h0572  5 0.3105 0.6895 
       h0582  5 0.5440 0.4560 
       h0592  5 0.5103 0.4897 
       h0602  5 0.5603 0.4397 
       h0612  5 0.4999 0.5001 
       h0622  5 0.4060 0.5940 
       h0632  5 0.5566 0.4434 
       h0642  5 0.4264 0.5736 
       h0652  5 0.6386 0.3614 
       h0662  5 0.6146 0.3854 
       h0672  5 0.4903 0.5097 
       h0682  5 0.5538 0.4462 
       h0692  5 0.5469 0.4531 
       h0702  5 0.2225 0.7775 
       h0712  5 0.5822 0.4178 
       h0722  5 0.3886 0.6114 
       h0732  5 0.4241 0.5759 
       h0742  5 0.3294 0.6706 
       h0752  5 0.6560 0.3440 
       h0762  5 0.5088 0.4912 
       h0772  5 0.5110 0.4890 
       h0782  5 0.6054 0.3946 
       h0792  5 0.4868 0.5132 
       h0802  5 0.2467 0.7533 
       h0812  5 0.5346 0.4654 
       h0822  5 0.5729 0.4271 
       h0832  5 0.3904 0.6096 
       h0842  5 0.4064 0.5936 
       h0852  5 0.5989 0.4011 
       h0862  5 0.5846 0.4154 
       h0872  5 0.4227 0.5773 
       h0882  5 0.6017 0.3983 
       h0892  5 0.3681 0.6319 
       h0902  5 0.5877 0.4123 
       h0912  5 0.4214 0.5786 
       h0922  5 0.3631 0.6369 
       h0932  5 0.5157 0.4843 
       h0942  5 0.5048 0.4952 
       h0952  5 0.4786 0.5214 
       h0962  5 0.5455 0.4545 
       h0972  5 0.4164 0.5836 
       h0982  5 0.4100 0.5900 
       h0992  5 0.4464 0.5536 
       h1002  5 0.6207 0.3793 
      MSV21T  6 0.0608 0.9392 
       M2E71  6 0.1679 0.8321 
       h0013  7 0.1431 0.8569 
       h0023  7 0.1608 0.8392 
       h0033  7 0.2616 0.7384 
       h0043  7 0.2346 0.7654 
       h0053  7 0.2505 0.7495 
       h0063  7 0.1638 0.8362 
       h0073  7 0.1785 0.8215 
       h0083  7 0.0300 0.9700 
       h0093  7 0.3485 0.6515 
       h0103  7 0.3630 0.6370 
       h0113  7 0.1917 0.8083 
       h0123  7 0.0748 0.9252 
       h0133  7 0.0560 0.9440 
       h0143  7 0.0795 0.9205 
       h0153  7 0.2031 0.7969 
       h0163  7 0.0981 0.9019 
       h0173  7 0.3762 0.6238 
       h0183  7 0.3298 0.6702 
       h0193  7 0.1760 0.8240 
       h0203  7 0.0861 0.9139 
       h0213  7 0.1960 0.8040 
       h0223  7 0.1383 0.8617 
       h0233  7 0.2804 0.7196 
       h0243  7 0.2652 0.7348 
       h0253  7 0.1810 0.8190 
       h0263  7 0.1910 0.8090 
       h0273  7 0.4512 0.5488 
       h0283  7 0.0310 0.9690 
       h0293  7 0.2547 0.7453 
       h0303  7 0.3509 0.6491 
       h0313  7 0.3416 0.6584 
       h0323  7 0.5609 0.4391 
       h0333  7 0.2181 0.7819 
       h0343  7 0.2095 0.7905 
       h0353  7 0.3235 0.6765 
       h0363  7 0.1530 0.8470 
       h0373  7 0.3138 0.6862 
       h0383  7 0.0747 0.9253 
       h0393  7 0.1962 0.8038 
       h0403  7 0.2115 0.7885 
       h0413  7 0.0977 0.9023 
       h0423  7 0.1517 0.8483 
       h0433  7 0.2506 0.7494 
       h0443  7 0.1268 0.8732 
       h0453  7 0.3799 0.6201 
       h0463  7 0.2667 0.7333 
       h0473  7 0.3243 0.6757 
       h0483  7 0.1177 0.8823 
       h0493  7 0.3511 0.6489 
       h0503  7 0.4794 0.5206 
       h0513  7 0.3455 0.6545 
       h0523  7 0.3899 0.6101 
       h0533  7 0.1557 0.8443 
       h0543  7 0.2018 0.7982 
       h0553  7 0.0869 0.9131 
       h0563  7 0.2294 0.7706 
       h0573  7 0.3766 0.6234 
       h0583  7 0.1423 0.8577 
       h0593  7 0.2781 0.7219 
       h0603  7 0.2852 0.7148 
       h0613  7 0.2002 0.7998 
       h0623  7 0.0785 0.9215 
       h0633  7 0.2527 0.7473 
       h0643  7 0.1620 0.8380 
       h0653  7 0.2562 0.7438 
       h0663  7 0.2679 0.7321 
       h0673  7 0.1347 0.8653 
       h0683  7 0.0827 0.9173 
       h0693  7 0.2766 0.7234 
       h0703  7 0.3604 0.6396 
       h0713  7 0.1632 0.8368 
       h0723  7 0.2408 0.7592 
       h0733  7 0.1492 0.8508 
       h0743  7 0.2599 0.7401 
       h0753  7 0.0981 0.9019 
       h0763  7 0.2312 0.7688 
       h0773  7 0.3763 0.6237 
       h0783  7 0.2135 0.7865 
       h0793  7 0.1078 0.8922 
       h0803  7 0.1271 0.8729 
       h0813  7 0.1642 0.8358 
       h0823  7 0.3250 0.6750 
       h0833  7 0.2115 0.7885 
       h0843  7 0.3553 0.6447 
       h0853  7 0.0165 0.9835 
       h0863  7 0.4155 0.5845 
       h0873  7 0.1449 0.8551 
       h0883  7 0.1886 0.8114 
       h0893  7 0.0785 0.9215 
       h0903  7 0.1695 0.8305 
       h0913  7 0.1132 0.8868 
       h0923  7 0.3434 0.6566 
       h0933  7 0.2625 0.7375 
       h0943  7 0.0294 0.9706 
       h0953  7 0.1692 0.8308 
       h0963  7 0.1910 0.8090 
       h0973  7 0.1038 0.8962 
       h0983  7 0.2299 0.7701 
       h0993  7 0.1366 0.8634 
       h1003  7 0.2181 0.7819 
       W23CA  8 0.0237 0.9763 
     AP.085Y  8 0.0296 0.9704 
     CH.0LLY  8 0.1201 0.8799 
       M0LEC  8 0.0171 0.9829 
       M2C3H  8 0.0395 0.9605 
       M2CHL  8 0.1616 0.8384 
       W26P7  8 0.0427 0.9573 
     AP.07M5  8 0.1000 0.9000 
     AP.080U  8 0.0331 0.9669 
     AP.082A  8 0.0193 0.9807 
     AP.0843  8 0.0439 0.9561 
     AP.0844  8 0.0908 0.9092 
     AP.084X  8 0.0280 0.9720 
     AP.086Y  8 0.0317 0.9683 
     AP.0870  8 0.0323 0.9677 
     AP.0878  8 0.0414 0.9586 
     AP.087F  8 0.0366 0.9634 
     AP.087Y  8 0.1210 0.8790 
     AP.088P  8 0.0448 0.9552 
     AP.08AK  8 0.0601 0.9399 
     CH.0LLM  8 0.0313 0.9687 
     CH.0LLU  8 0.0999 0.9001 
     CH.0LM0  8 0.0577 0.9423 
     CH.0LM3  8 0.0542 0.9458 
       W26MY  8 0.1866 0.8134 
       W26P6  8 0.0693 0.9307 
      HRV07U  8 0.0629 0.9371 
      HRV1CT  8 0.0253 0.9747 
      HRV1CU  8 0.0194 0.9806 
      HRV1E6  8 0.0272 0.9728 
      HRV081  8 0.0171 0.9829 
      HRV1E3  8 0.0397 0.9603 
      MSV21E  8 0.0927 0.9073 
      MSV216  8 0.0625 0.9375 
       M0TYK  8 0.0598 0.9402 
      MSV2AA  8 0.0668 0.9332 
     CK.0PET  8 0.1592 0.8408 
       M2E8C  8 0.0307 0.9693 
      MSV23X  8 0.0974 0.9026 
      MSV32A  8 0.1011 0.8989 
     AP.0838  8 0.0316 0.9684 
     AP.088F  8 0.0310 0.9690 
       h0014  9 0.1725 0.8275 
       h0024  9 0.1174 0.8826 
       h0034  9 0.0561 0.9439 
       h0044  9 0.0313 0.9687 
       h0054  9 0.0611 0.9389 
       h0064  9 0.0462 0.9538 
       h0074  9 0.2201 0.7799 
       h0084  9 0.0343 0.9657 
       h0094  9 0.1158 0.8842 
       h0104  9 0.0945 0.9055 
       h0114  9 0.0190 0.9810 
       h0124  9 0.0573 0.9427 
       h0134  9 0.0801 0.9199 
       h0144  9 0.1487 0.8513 
       h0154  9 0.1086 0.8914 
       h0164  9 0.1452 0.8548 
       h0174  9 0.0544 0.9456 
       h0184  9 0.1191 0.8809 
       h0194  9 0.0815 0.9185 
       h0204  9 0.1391 0.8609 
       h0214  9 0.0644 0.9356 
       h0224  9 0.0154 0.9846 
       h0234  9 0.1355 0.8645 
       h0244  9 0.0344 0.9656 
       h0254  9 0.1432 0.8568 
       h0264  9 0.0237 0.9763 
       h0274  9 0.2507 0.7493 
       h0284  9 0.1157 0.8843 
       h0294  9 0.1167 0.8833 
       h0304  9 0.2690 0.7310 
       h0314  9 0.0231 0.9769 
       h0324  9 0.0371 0.9629 
       h0334  9 0.2703 0.7297 
       h0344  9 0.0384 0.9616 
       h0354  9 0.0481 0.9519 
       h0364  9 0.1124 0.8876 
       h0374  9 0.0760 0.9240 
       h0384  9 0.1456 0.8544 
       h0394  9 0.2249 0.7751 
       h0404  9 0.1156 0.8844 
       h0414  9 0.1099 0.8901 
       h0424  9 0.0529 0.9471 
       h0434  9 0.0910 0.9090 
       h0444  9 0.0216 0.9784 
       h0454  9 0.0670 0.9330 
       h0464  9 0.0490 0.9510 
       h0474  9 0.0326 0.9674 
       h0484  9 0.0596 0.9404 
       h0494  9 0.2947 0.7053 
       h0504  9 0.1666 0.8334 
       h0514  9 0.2082 0.7918 
       h0524  9 0.0980 0.9020 
       h0534  9 0.0387 0.9613 
       h0544  9 0.0655 0.9345 
       h0554  9 0.0440 0.9560 
       h0564  9 0.0414 0.9586 
       h0574  9 0.0579 0.9421 
       h0584  9 0.0994 0.9006 
       h0594  9 0.0260 0.9740 
       h0604  9 0.0321 0.9679 
       h0614  9 0.0548 0.9452 
       h0624  9 0.0695 0.9305 
       h0634  9 0.1843 0.8157 
       h0644  9 0.0280 0.9720 
       h0654  9 0.0731 0.9269 
       h0664  9 0.0249 0.9751 
       h0674  9 0.0465 0.9535 
       h0684  9 0.2418 0.7582 
       h0694  9 0.0542 0.9458 
       h0704  9 0.0977 0.9023 
       h0714  9 0.1127 0.8873 
       h0724  9 0.0489 0.9511 
       h0734  9 0.0566 0.9434 
       h0744  9 0.0758 0.9242 
       h0754  9 0.0507 0.9493 
       h0764  9 0.0575 0.9425 
       h0774  9 0.0502 0.9498 
       h0784  9 0.1394 0.8606 
       h0794  9 0.0427 0.9573 
       h0804  9 0.0202 0.9798 
       h0814  9 0.1253 0.8747 
       h0824  9 0.1285 0.8715 
       h0834  9 0.1477 0.8523 
       h0844  9 0.2779 0.7221 
       h0854  9 0.0539 0.9461 
       h0864  9 0.1085 0.8915 
       h0874  9 0.0506 0.9494 
       h0884  9 0.0350 0.9650 
       h0894  9 0.0969 0.9031 
       h0904  9 0.1718 0.8282 
       h0914  9 0.1220 0.8780 
       h0924  9 0.2999 0.7001 
       h0934  9 0.0558 0.9442 
       h0944  9 0.1926 0.8074 
       h0954  9 0.0466 0.9534 
       h0964  9 0.2870 0.7130 
       h0974  9 0.0493 0.9507 
       h0984  9 0.1894 0.8106 
       h0994  9 0.3324 0.6676 
       h1004  9 0.0974 0.9026 
       M2CHP 10 0.0800 0.9200 
     AP.088A 10 0.0213 0.9787 
       W26L5 10 0.0745 0.9255 
      HRV1EC 10 0.0215 0.9785 
      HRV1CX 10 0.0306 0.9694 
     AP.08AC 10 0.0447 0.9553 
      HRV0J3 10 0.0274 0.9726 
      HRV025 10 0.0478 0.9522 
      HRV07L 10 0.0388 0.9612 
     AP.07M4 10 0.0147 0.9853 
      HRV0JL 10 0.0153 0.9847 
       M0102 10 0.0223 0.9777 
      HRV080 10 0.0159 0.9841 
       M0A6K 10 0.0239 0.9761 
       M2C3A 10 0.0220 0.9780 
     AP.087T 10 0.0651 0.9349 
     AP.07P8 10 0.0514 0.9486 
      HRV0HU 10 0.0822 0.9178 
       M0HM3 10 0.0195 0.9805 
     CH.0LM2 10 0.0443 0.9557 
      HRV01L 10 0.0200 0.9800 
       W2716 10 0.0742 0.9258 
      HRV028 10 0.0246 0.9754 
     AP.07MA 10 0.0298 0.9702 
     AP.0861 10 0.0214 0.9786 
     AP.08AH 10 0.0295 0.9705 
     AP.0817 10 0.0260 0.9740 
     AP.088X 10 0.0477 0.9523 
       W23EM 10 0.0306 0.9694 
       W23F0 10 0.0360 0.9640 
     AP.087E 10 0.0175 0.9825 
      HRV06A 10 0.0205 0.9795 
      HRV1E1 10 0.0217 0.9783 
      HRV0LM 10 0.0219 0.9781 
     AP.088T 10 0.0156 0.9844 
       M2AY8 10 0.1640 0.8360 
       M0HJ6 10 0.0387 0.9613 
       W26PT 10 0.0192 0.9808 
       M0HJ8 10 0.0200 0.9800 
       M055C 10 0.1036 0.8964 
      HRV0JX 10 0.0488 0.9512 
     AP.08A3 10 0.0165 0.9835 
      HRV026 10 0.0410 0.9590 
      HRV0JP 10 0.0204 0.9796 
     AP.088J 10 0.0377 0.9623 
     AP.0885 10 0.0325 0.9675 
       W26MT 10 0.0172 0.9828 
     AP.08AJ 10 0.0306 0.9694 
     AM.07FP 10 0.0214 0.9786 
      HRV0KA 10 0.0195 0.9805 
     AP.087C 10 0.0340 0.9660 
     AP.087X 10 0.0772 0.9228 
     AP.07M7 10 0.0139 0.9861 
      HRV055 10 0.0165 0.9835 
       M2CHJ 10 0.0394 0.9606 
     AP.0820 10 0.0379 0.9621 
       M1C2H 10 0.0172 0.9828 
       W26UF 10 0.0196 0.9804 
      HRV0HM 10 0.1382 0.8618 
       M0LUP 10 0.0301 0.9699 
     AP.08AT 10 0.0208 0.9792 
     AP.087A 10 0.0209 0.9791 
     CH.0LLP 10 0.0180 0.9820 
      HRV0HC 10 0.0501 0.9499 
     AP.08A5 10 0.0181 0.9819 
     AP.0881 10 0.1329 0.8671 
       W26UE 10 0.0269 0.9731 
       M2CHY 10 0.0277 0.9723 
       M05JC 10 0.0203 0.9797 
       M0557 10 0.0270 0.9730 
      HRV0A0 10 0.0162 0.9838 
      HRV077 10 0.0301 0.9699 
       M0L32 10 0.0314 0.9686 
       M0J1X 10 0.0234 0.9766 
       M1ELE 10 0.0184 0.9816 
      HRV07J 10 0.0181 0.9819 
     CH.0LM5 10 0.0216 0.9784 
      HRV07M 10 0.0189 0.9811 
       W26PJ 10 0.2097 0.7903 
      HRV02C 10 0.0152 0.9848 
       M0FF2 10 0.0186 0.9814 
      HRV00P 10 0.0175 0.9825 
      HRV0MJ 10 0.0708 0.9292 
       M16F1 10 0.0240 0.9760 
       M04XH 10 0.0343 0.9657 
      HRV0LP 10 0.0726 0.9274 
       M2C3F 10 0.0214 0.9786 
       W26TC 10 0.0150 0.9850 
     AP.087K 10 0.0311 0.9689 
      HRV0K1 10 0.0196 0.9804 
     AP.0841 10 0.0504 0.9496 
       M1CFL 10 0.0217 0.9783 
       W26UL 10 0.0760 0.9240 
     AP.0887 10 0.0254 0.9746 
       M05X6 10 0.0166 0.9834 
      HRV01M 10 0.0259 0.9741 
      HRV1EE 10 0.0195 0.9805 
       M1EKX 10 0.0192 0.9808 
      HRV04F 10 0.0193 0.9807 
       W26LM 10 0.0845 0.9155 
