       M1EL5  1 0.0423 0.9577 
       W26T6  1 0.0778 0.9222 
       W26XX  1 0.0249 0.9751 
       M013P  1 0.0175 0.9825 
       M1ELA  1 0.0989 0.9011 
       M2C73  1 0.0279 0.9721 
       W23P4  1 0.1479 0.8521 
       W247C  1 0.0246 0.9754 
       W24K1  1 0.0187 0.9813 
       W24ME  1 0.0873 0.9127 
       W2514  1 0.0433 0.9567 
       W26MA  1 0.0404 0.9596 
       W26MM  1 0.0217 0.9783 
       W26MU  1 0.0343 0.9657 
       W26P0  1 0.0390 0.9610 
       W26P3  1 0.0160 0.9840 
       W26T5  1 0.0194 0.9806 
       W26TE  1 0.0434 0.9566 
       W26TF  1 0.0219 0.9781 
       W26U8  1 0.0631 0.9369 
       W26UJ  1 0.0176 0.9824 
       W26UK  1 0.0176 0.9824 
       W26UT  1 0.0204 0.9796 
       W26XT  1 0.0223 0.9777 
      CC06H2  1 0.0733 0.9267 
      CC06H4  1 0.0234 0.9766 
      CC06H5  1 0.0654 0.9346 
      CC06H6  1 0.0275 0.9725 
      CC06HE  1 0.0207 0.9793 
      CC06HF  1 0.0710 0.9290 
      CC06HH  1 0.0212 0.9788 
      CC06HJ  1 0.0440 0.9560 
      CC06HL  1 0.0164 0.9836 
      CC06HP  1 0.0186 0.9814 
      CC06HT  1 0.0535 0.9465 
      CC06HU  1 0.0203 0.9797 
      CC06HY  1 0.0360 0.9640 
      CC06J0  1 0.0322 0.9678 
      CC06J1  1 0.0507 0.9493 
      CC06J2  1 0.0264 0.9736 
     CT.0YCY  1 0.0252 0.9748 
     CT.0YEC  1 0.0161 0.9839 
     CT.0YEF  1 0.0278 0.9722 
     CT.0YEU  1 0.0189 0.9811 
     CT.0YF2  1 0.0412 0.9588 
     CT.0YF8  1 0.0178 0.9822 
     CT.0YFA  1 0.0291 0.9709 
     CT.0YFE  1 0.0361 0.9639 
     CT.0YFP  1 0.0374 0.9626 
     CT.0YFU  1 0.0251 0.9749 
     CT.0YK7  1 0.0382 0.9618 
     CX.10PT  1 0.0793 0.9207 
      DAM021  1 0.0354 0.9646 
      DAM034  1 0.0419 0.9581 
      DAM07X  1 0.0290 0.9710 
     EF.15J6  1 0.0210 0.9790 
      HRV010  1 0.0222 0.9778 
      HRV02J  1 0.0404 0.9596 
      HRV078  1 0.0343 0.9657 
      HRV0FH  1 0.0240 0.9760 
      HRV0H5  1 0.0348 0.9652 
      HRV0JF  1 0.0637 0.9363 
      HRV0JJ  1 0.0378 0.9622 
      HRV0JM  1 0.0346 0.9654 
      HRV0K6  1 0.0517 0.9483 
      HRV0K7  1 0.0243 0.9757 
      HRV0KP  1 0.0294 0.9706 
      HRV1AX  1 0.0512 0.9488 
      HRV1C4  1 0.0434 0.9566 
      HRV1CH  1 0.0333 0.9667 
      HRV1FA  1 0.0361 0.9639 
      HRV1FK  1 0.0484 0.9516 
      HRV1H8  1 0.0306 0.9694 
      HRV1HT  1 0.0383 0.9617 
      HRV1XU  1 0.0296 0.9704 
      HRV4TF  1 0.0207 0.9793 
      HRV6F0  1 0.0295 0.9705 
      HRVE6L  1 0.0375 0.9625 
       M27HM  1 0.0397 0.9603 
       M27HP  1 0.0203 0.9797 
       M2AK4  1 0.0198 0.9802 
       M2ALA  1 0.0180 0.9820 
       M2C56  1 0.0341 0.9659 
       M2CUX  1 0.0341 0.9659 
       M2E24  1 0.0201 0.9799 
       M2EA7  1 0.0239 0.9761 
       M2EH6  1 0.0241 0.9759 
       M2EKC  1 0.0955 0.9045 
      MSV083  1 0.0227 0.9773 
      MSV084  1 0.0523 0.9477 
      MSV0LJ  1 0.0389 0.9611 
      MSV1H5  1 0.0461 0.9539 
      MSV1KM  1 0.0204 0.9796 
      MSV23F  1 0.0286 0.9714 
      MSV2L8  1 0.0314 0.9686 
      MSV2P7  1 0.0224 0.9776 
      MSV2TJ  1 0.0441 0.9559 
      MSV2XM  1 0.0316 0.9684 
      MSV327  1 0.0245 0.9755 
      MSV33L  1 0.0186 0.9814 
        h001  2 0.0269 0.9731 
        h002  2 0.1166 0.8834 
        h003  2 0.1110 0.8890 
        h004  2 0.0862 0.9138 
        h005  2 0.0261 0.9739 
        h006  2 0.0664 0.9336 
        h007  2 0.0422 0.9578 
        h008  2 0.0821 0.9179 
        h009  2 0.0356 0.9644 
        h010  2 0.1072 0.8928 
        h011  2 0.0742 0.9258 
        h012  2 0.0625 0.9375 
        h013  2 0.1398 0.8602 
        h014  2 0.0663 0.9337 
        h015  2 0.1259 0.8741 
        h016  2 0.0531 0.9469 
        h017  2 0.0905 0.9095 
        h018  2 0.2750 0.7250 
        h019  2 0.2164 0.7836 
        h020  2 0.0271 0.9729 
        h021  2 0.0243 0.9757 
        h022  2 0.0277 0.9723 
        h023  2 0.0442 0.9558 
        h024  2 0.1659 0.8341 
        h025  2 0.3541 0.6459 
        h026  2 0.0978 0.9022 
        h027  2 0.0301 0.9699 
        h028  2 0.1216 0.8784 
        h029  2 0.1026 0.8974 
        h030  2 0.0189 0.9811 
        h031  2 0.0859 0.9141 
        h032  2 0.1746 0.8254 
        h033  2 0.2442 0.7558 
        h034  2 0.0369 0.9631 
        h035  2 0.1093 0.8907 
        h036  2 0.2213 0.7787 
        h037  2 0.2535 0.7465 
        h038  2 0.0526 0.9474 
        h039  2 0.0963 0.9037 
        h040  2 0.2156 0.7844 
        h041  2 0.0462 0.9538 
        h042  2 0.0861 0.9139 
        h043  2 0.0427 0.9573 
        h044  2 0.0265 0.9735 
        h045  2 0.0324 0.9676 
        h046  2 0.1326 0.8674 
        h047  2 0.0684 0.9316 
        h048  2 0.0215 0.9785 
        h049  2 0.0712 0.9288 
        h050  2 0.0613 0.9387 
        h051  2 0.2017 0.7983 
        h052  2 0.2985 0.7015 
        h053  2 0.0885 0.9115 
        h054  2 0.0363 0.9637 
        h055  2 0.0299 0.9701 
        h056  2 0.0439 0.9561 
        h057  2 0.0994 0.9006 
        h058  2 0.2894 0.7106 
        h059  2 0.0321 0.9679 
        h060  2 0.0624 0.9376 
        h061  2 0.0475 0.9525 
        h062  2 0.0794 0.9206 
        h063  2 0.1767 0.8233 
        h064  2 0.0426 0.9574 
        h065  2 0.0469 0.9531 
        h066  2 0.0647 0.9353 
        h067  2 0.0733 0.9267 
        h068  2 0.0424 0.9576 
        h069  2 0.1499 0.8501 
        h070  2 0.0835 0.9165 
        h071  2 0.0821 0.9179 
        h072  2 0.0313 0.9687 
        h073  2 0.0582 0.9418 
        h074  2 0.0957 0.9043 
        h075  2 0.0330 0.9670 
        h076  2 0.0945 0.9055 
        h077  2 0.0572 0.9428 
        h078  2 0.0982 0.9018 
        h079  2 0.0312 0.9688 
        h080  2 0.0290 0.9710 
        h081  2 0.1874 0.8126 
        h082  2 0.1922 0.8078 
        h083  2 0.0281 0.9719 
        h084  2 0.0865 0.9135 
        h085  2 0.0470 0.9530 
        h086  2 0.1595 0.8405 
        h087  2 0.0953 0.9047 
        h088  2 0.0244 0.9756 
        h089  2 0.0236 0.9764 
        h090  2 0.0501 0.9499 
        h091  2 0.1348 0.8652 
        h092  2 0.0874 0.9126 
        h093  2 0.1638 0.8362 
        h094  2 0.1845 0.8155 
        h095  2 0.0318 0.9682 
        h096  2 0.0245 0.9755 
        h097  2 0.1325 0.8675 
        h098  2 0.1110 0.8890 
        h099  2 0.0735 0.9265 
        h100  2 0.1673 0.8327 
       h0011  3 0.2122 0.7878 
       h0021  3 0.2957 0.7043 
       h0031  3 0.2017 0.7983 
       h0041  3 0.2872 0.7128 
       h0051  3 0.1254 0.8746 
       h0061  3 0.2768 0.7232 
       h0071  3 0.1994 0.8006 
       h0081  3 0.1035 0.8965 
       h0091  3 0.3278 0.6722 
       h0101  3 0.5172 0.4828 
       h0111  3 0.0349 0.9651 
       h0121  3 0.0235 0.9765 
       h0131  3 0.2801 0.7199 
       h0141  3 0.3366 0.6634 
       h0151  3 0.3770 0.6230 
       h0161  3 0.1148 0.8852 
       h0171  3 0.1525 0.8475 
       h0181  3 0.2475 0.7525 
       h0191  3 0.1283 0.8717 
       h0201  3 0.1641 0.8359 
       h0211  3 0.1814 0.8186 
       h0221  3 0.2357 0.7643 
       h0231  3 0.3499 0.6501 
       h0241  3 0.1231 0.8769 
       h0251  3 0.0880 0.9120 
       h0261  3 0.3531 0.6469 
       h0271  3 0.4546 0.5454 
       h0281  3 0.0476 0.9524 
       h0291  3 0.1508 0.8492 
       h0301  3 0.3127 0.6873 
       h0311  3 0.2891 0.7109 
       h0321  3 0.2359 0.7641 
       h0331  3 0.1245 0.8755 
       h0341  3 0.1543 0.8457 
       h0351  3 0.1619 0.8381 
       h0361  3 0.3406 0.6594 
       h0371  3 0.3343 0.6657 
       h0381  3 0.0861 0.9139 
       h0391  3 0.2010 0.7990 
       h0401  3 0.0434 0.9566 
       h0411  3 0.2228 0.7772 
       h0421  3 0.3221 0.6779 
       h0431  3 0.1117 0.8883 
       h0441  3 0.0919 0.9081 
       h0451  3 0.4096 0.5904 
       h0461  3 0.2024 0.7976 
       h0471  3 0.1848 0.8152 
       h0481  3 0.0647 0.9353 
       h0491  3 0.0273 0.9727 
       h0501  3 0.2488 0.7512 
       h0511  3 0.1272 0.8728 
       h0521  3 0.1903 0.8097 
       h0531  3 0.1362 0.8638 
       h0541  3 0.3131 0.6869 
       h0551  3 0.0290 0.9710 
       h0561  3 0.2661 0.7339 
       h0571  3 0.1754 0.8246 
       h0581  3 0.0749 0.9251 
       h0591  3 0.1857 0.8143 
       h0601  3 0.4093 0.5907 
       h0611  3 0.2812 0.7188 
       h0621  3 0.0231 0.9769 
       h0631  3 0.0752 0.9248 
       h0641  3 0.2386 0.7614 
       h0651  3 0.2652 0.7348 
       h0661  3 0.2715 0.7285 
       h0671  3 0.2416 0.7584 
       h0681  3 0.3300 0.6700 
       h0691  3 0.2012 0.7988 
       h0701  3 0.2413 0.7587 
       h0711  3 0.2534 0.7466 
       h0721  3 0.1111 0.8889 
       h0731  3 0.3048 0.6952 
       h0741  3 0.3929 0.6071 
       h0751  3 0.1952 0.8048 
       h0761  3 0.0229 0.9771 
       h0771  3 0.0465 0.9535 
       h0781  3 0.3290 0.6710 
       h0791  3 0.1449 0.8551 
       h0801  3 0.3265 0.6735 
       h0811  3 0.3750 0.6250 
       h0821  3 0.3461 0.6539 
       h0831  3 0.1506 0.8494 
       h0841  3 0.2175 0.7825 
       h0851  3 0.1342 0.8658 
       h0861  3 0.2729 0.7271 
       h0871  3 0.0690 0.9310 
       h0881  3 0.2432 0.7568 
       h0891  3 0.4177 0.5823 
       h0901  3 0.4852 0.5148 
       h0911  3 0.0375 0.9625 
       h0921  3 0.1903 0.8097 
       h0931  3 0.1527 0.8473 
       h0941  3 0.3885 0.6115 
       h0951  3 0.2017 0.7983 
       h0961  3 0.3079 0.6921 
       h0971  3 0.2993 0.7007 
       h0981  3 0.4527 0.5473 
       h0991  3 0.1845 0.8155 
       h1001  3 0.1526 0.8474 
      MSV1TX  4 0.3697 0.6303 
      MSV025  4 0.6565 0.3435 
      MSV02C  4 0.5024 0.4976 
      MSV02E  4 0.5602 0.4398 
      MSV0TF  4 0.6289 0.3711 
       M2EL8  4 0.6837 0.3163 
       h0012  5 0.4379 0.5621 
       h0022  5 0.5132 0.4868 
       h0032  5 0.5242 0.4758 
       h0042  5 0.5504 0.4496 
       h0052  5 0.7132 0.2868 
       h0062  5 0.4826 0.5174 
       h0072  5 0.4174 0.5826 
       h0082  5 0.6079 0.3921 
       h0092  5 0.4892 0.5108 
       h0102  5 0.4820 0.5180 
       h0112  5 0.4919 0.5081 
       h0122  5 0.5203 0.4797 
       h0132  5 0.6085 0.3915 
       h0142  5 0.5899 0.4101 
       h0152  5 0.4378 0.5622 
       h0162  5 0.5842 0.4158 
       h0172  5 0.5629 0.4371 
       h0182  5 0.5941 0.4059 
       h0192  5 0.4004 0.5996 
       h0202  5 0.4265 0.5735 
       h0212  5 0.5258 0.4742 
       h0222  5 0.4503 0.5497 
       h0232  5 0.5834 0.4166 
       h0242  5 0.6880 0.3120 
       h0252  5 0.6609 0.3391 
       h0262  5 0.5530 0.4470 
       h0272  5 0.4289 0.5711 
       h0282  5 0.4159 0.5841 
       h0292  5 0.4425 0.5575 
       h0302  5 0.4118 0.5882 
       h0312  5 0.4069 0.5931 
       h0322  5 0.3490 0.6510 
       h0332  5 0.5841 0.4159 
       h0342  5 0.6666 0.3334 
       h0352  5 0.3151 0.6849 
       h0362  5 0.5238 0.4762 
       h0372  5 0.5107 0.4893 
       h0382  5 0.4581 0.5419 
       h0392  5 0.5749 0.4251 
       h0402  5 0.4527 0.5473 
       h0412  5 0.5434 0.4566 
       h0422  5 0.3976 0.6024 
       h0432  5 0.5455 0.4545 
       h0442  5 0.5720 0.4280 
       h0452  5 0.4864 0.5136 
       h0462  5 0.4513 0.5487 
       h0472  5 0.4885 0.5115 
       h0482  5 0.4487 0.5513 
       h0492  5 0.4847 0.5153 
       h0502  5 0.4761 0.5239 
       h0512  5 0.2316 0.7684 
       h0522  5 0.5113 0.4887 
       h0532  5 0.4583 0.5417 
       h0542  5 0.4761 0.5239 
       h0552  5 0.7232 0.2768 
       h0562  5 0.5537 0.4463 
       h0572  5 0.6897 0.3103 
       h0582  5 0.4563 0.5437 
       h0592  5 0.4896 0.5104 
       h0602  5 0.4393 0.5607 
       h0612  5 0.5003 0.4997 
       h0622  5 0.5950 0.4050 
       h0632  5 0.4430 0.5570 
       h0642  5 0.5734 0.4266 
       h0652  5 0.3613 0.6387 
       h0662  5 0.3858 0.6142 
       h0672  5 0.5098 0.4902 
       h0682  5 0.4460 0.5540 
       h0692  5 0.4534 0.5466 
       h0702  5 0.7774 0.2226 
       h0712  5 0.4175 0.5825 
       h0722  5 0.6115 0.3885 
       h0732  5 0.5759 0.4241 
       h0742  5 0.6712 0.3288 
       h0752  5 0.3435 0.6565 
       h0762  5 0.4911 0.5089 
       h0772  5 0.4892 0.5108 
       h0782  5 0.3944 0.6056 
       h0792  5 0.5131 0.4869 
       h0802  5 0.7532 0.2468 
       h0812  5 0.4651 0.5349 
       h0822  5 0.4274 0.5726 
       h0832  5 0.6094 0.3906 
       h0842  5 0.5935 0.4065 
       h0852  5 0.4011 0.5989 
       h0862  5 0.4155 0.5845 
       h0872  5 0.5771 0.4229 
       h0882  5 0.3982 0.6018 
       h0892  5 0.6317 0.3683 
       h0902  5 0.4123 0.5877 
       h0912  5 0.5788 0.4212 
       h0922  5 0.6369 0.3631 
       h0932  5 0.4848 0.5152 
       h0942  5 0.4949 0.5051 
       h0952  5 0.5211 0.4789 
       h0962  5 0.4544 0.5456 
       h0972  5 0.5838 0.4162 
       h0982  5 0.5903 0.4097 
       h0992  5 0.5535 0.4465 
       h1002  5 0.3792 0.6208 
      MSV21T  6 0.9391 0.0609 
       M2E71  6 0.8324 0.1676 
       h0013  7 0.8568 0.1432 
       h0023  7 0.8390 0.1610 
       h0033  7 0.7383 0.2617 
       h0043  7 0.7659 0.2341 
       h0053  7 0.7498 0.2502 
       h0063  7 0.8364 0.1636 
       h0073  7 0.8212 0.1788 
       h0083  7 0.9700 0.0300 
       h0093  7 0.6515 0.3485 
       h0103  7 0.6369 0.3631 
       h0113  7 0.8087 0.1913 
       h0123  7 0.9250 0.0750 
       h0133  7 0.9438 0.0562 
       h0143  7 0.9204 0.0796 
       h0153  7 0.7970 0.2030 
       h0163  7 0.9018 0.0982 
       h0173  7 0.6238 0.3762 
       h0183  7 0.6708 0.3292 
       h0193  7 0.8239 0.1761 
       h0203  7 0.9137 0.0863 
       h0213  7 0.8041 0.1959 
       h0223  7 0.8613 0.1387 
       h0233  7 0.7201 0.2799 
       h0243  7 0.7352 0.2648 
       h0253  7 0.8187 0.1813 
       h0263  7 0.8087 0.1913 
       h0273  7 0.5491 0.4509 
       h0283  7 0.9690 0.0310 
       h0293  7 0.7457 0.2543 
       h0303  7 0.6493 0.3507 
       h0313  7 0.6590 0.3410 
       h0323  7 0.4392 0.5608 
       h0333  7 0.7821 0.2179 
       h0343  7 0.7904 0.2096 
       h0353  7 0.6767 0.3233 
       h0363  7 0.8471 0.1529 
       h0373  7 0.6863 0.3137 
       h0383  7 0.9252 0.0748 
       h0393  7 0.8037 0.1963 
       h0403  7 0.7882 0.2118 
       h0413  7 0.9024 0.0976 
       h0423  7 0.8482 0.1518 
       h0433  7 0.7499 0.2501 
       h0443  7 0.8731 0.1269 
       h0453  7 0.6203 0.3797 
       h0463  7 0.7333 0.2667 
       h0473  7 0.6755 0.3245 
       h0483  7 0.8826 0.1174 
       h0493  7 0.6489 0.3511 
       h0503  7 0.5203 0.4797 
       h0513  7 0.6545 0.3455 
       h0523  7 0.6101 0.3899 
       h0533  7 0.8442 0.1558 
       h0543  7 0.7983 0.2017 
       h0553  7 0.9132 0.0868 
       h0563  7 0.7709 0.2291 
       h0573  7 0.6236 0.3764 
       h0583  7 0.8577 0.1423 
       h0593  7 0.7222 0.2778 
       h0603  7 0.7149 0.2851 
       h0613  7 0.8001 0.1999 
       h0623  7 0.9219 0.0781 
       h0633  7 0.7471 0.2529 
       h0643  7 0.8378 0.1622 
       h0653  7 0.7443 0.2557 
       h0663  7 0.7327 0.2673 
       h0673  7 0.8651 0.1349 
       h0683  7 0.9172 0.0828 
       h0693  7 0.7234 0.2766 
       h0703  7 0.6399 0.3601 
       h0713  7 0.8367 0.1633 
       h0723  7 0.7594 0.2406 
       h0733  7 0.8514 0.1486 
       h0743  7 0.7403 0.2597 
       h0753  7 0.9020 0.0980 
       h0763  7 0.7693 0.2307 
       h0773  7 0.6236 0.3764 
       h0783  7 0.7866 0.2134 
       h0793  7 0.8929 0.1071 
       h0803  7 0.8730 0.1270 
       h0813  7 0.8362 0.1638 
       h0823  7 0.6750 0.3250 
       h0833  7 0.7890 0.2110 
       h0843  7 0.6448 0.3552 
       h0853  7 0.9836 0.0164 
       h0863  7 0.5851 0.4149 
       h0873  7 0.8550 0.1450 
       h0883  7 0.8113 0.1887 
       h0893  7 0.9218 0.0782 
       h0903  7 0.8304 0.1696 
       h0913  7 0.8869 0.1131 
       h0923  7 0.6567 0.3433 
       h0933  7 0.7377 0.2623 
       h0943  7 0.9705 0.0295 
       h0953  7 0.8308 0.1692 
       h0963  7 0.8089 0.1911 
       h0973  7 0.8963 0.1037 
       h0983  7 0.7710 0.2290 
       h0993  7 0.8631 0.1369 
       h1003  7 0.7820 0.2180 
       W23CA  8 0.9764 0.0236 
     AP.085Y  8 0.9704 0.0296 
     CH.0LLY  8 0.8802 0.1198 
       M0LEC  8 0.9829 0.0171 
       M2C3H  8 0.9606 0.0394 
       M2CHL  8 0.8393 0.1607 
       W26P7  8 0.9575 0.0425 
     AP.07M5  8 0.9000 0.1000 
     AP.080U  8 0.9670 0.0330 
     AP.082A  8 0.9807 0.0193 
     AP.0843  8 0.9561 0.0439 
     AP.0844  8 0.9094 0.0906 
     AP.084X  8 0.9719 0.0281 
     AP.086Y  8 0.9683 0.0317 
     AP.0870  8 0.9677 0.0323 
     AP.0878  8 0.9585 0.0415 
     AP.087F  8 0.9634 0.0366 
     AP.087Y  8 0.8794 0.1206 
     AP.088P  8 0.9552 0.0448 
     AP.08AK  8 0.9400 0.0600 
     CH.0LLM  8 0.9689 0.0311 
     CH.0LLU  8 0.9000 0.1000 
     CH.0LM0  8 0.9423 0.0577 
     CH.0LM3  8 0.9460 0.0540 
       W26MY  8 0.8132 0.1868 
       W26P6  8 0.9307 0.0693 
      HRV07U  8 0.9372 0.0628 
      HRV1CT  8 0.9748 0.0252 
      HRV1CU  8 0.9806 0.0194 
      HRV1E6  8 0.9726 0.0274 
      HRV081  8 0.9829 0.0171 
      HRV1E3  8 0.9603 0.0397 
      MSV21E  8 0.9072 0.0928 
      MSV216  8 0.9374 0.0626 
       M0TYK  8 0.9400 0.0600 
      MSV2AA  8 0.9331 0.0669 
     CK.0PET  8 0.8408 0.1592 
       M2E8C  8 0.9693 0.0307 
      MSV23X  8 0.9026 0.0974 
      MSV32A  8 0.8989 0.1011 
     AP.0838  8 0.9685 0.0315 
     AP.088F  8 0.9692 0.0308 
       h0014  9 0.8282 0.1718 
       h0024  9 0.8826 0.1174 
       h0034  9 0.9439 0.0561 
       h0044  9 0.9689 0.0311 
       h0054  9 0.9388 0.0612 
       h0064  9 0.9538 0.0462 
       h0074  9 0.7805 0.2195 
       h0084  9 0.9657 0.0343 
       h0094  9 0.8841 0.1159 
       h0104  9 0.9057 0.0943 
       h0114  9 0.9809 0.0191 
       h0124  9 0.9429 0.0571 
       h0134  9 0.9199 0.0801 
       h0144  9 0.8509 0.1491 
       h0154  9 0.8918 0.1082 
       h0164  9 0.8541 0.1459 
       h0174  9 0.9456 0.0544 
       h0184  9 0.8807 0.1193 
       h0194  9 0.9186 0.0814 
       h0204  9 0.8612 0.1388 
       h0214  9 0.9357 0.0643 
       h0224  9 0.9846 0.0154 
       h0234  9 0.8644 0.1356 
       h0244  9 0.9657 0.0343 
       h0254  9 0.8569 0.1431 
       h0264  9 0.9764 0.0236 
       h0274  9 0.7493 0.2507 
       h0284  9 0.8841 0.1159 
       h0294  9 0.8839 0.1161 
       h0304  9 0.7312 0.2688 
       h0314  9 0.9771 0.0229 
       h0324  9 0.9629 0.0371 
       h0334  9 0.7302 0.2698 
       h0344  9 0.9616 0.0384 
       h0354  9 0.9520 0.0480 
       h0364  9 0.8878 0.1122 
       h0374  9 0.9238 0.0762 
       h0384  9 0.8543 0.1457 
       h0394  9 0.7749 0.2251 
       h0404  9 0.8844 0.1156 
       h0414  9 0.8902 0.1098 
       h0424  9 0.9473 0.0527 
       h0434  9 0.9092 0.0908 
       h0444  9 0.9783 0.0217 
       h0454  9 0.9328 0.0672 
       h0464  9 0.9509 0.0491 
       h0474  9 0.9676 0.0324 
       h0484  9 0.9406 0.0594 
       h0494  9 0.7052 0.2948 
       h0504  9 0.8332 0.1668 
       h0514  9 0.7918 0.2082 
       h0524  9 0.9020 0.0980 
       h0534  9 0.9611 0.0389 
       h0544  9 0.9346 0.0654 
       h0554  9 0.9556 0.0444 
       h0564  9 0.9588 0.0412 
       h0574  9 0.9421 0.0579 
       h0584  9 0.9009 0.0991 
       h0594  9 0.9739 0.0261 
       h0604  9 0.9681 0.0319 
       h0614  9 0.9453 0.0547 
       h0624  9 0.9305 0.0695 
       h0634  9 0.8162 0.1838 
       h0644  9 0.9720 0.0280 
       h0654  9 0.9272 0.0728 
       h0664  9 0.9751 0.0249 
       h0674  9 0.9535 0.0465 
       h0684  9 0.7584 0.2416 
       h0694  9 0.9456 0.0544 
       h0704  9 0.9024 0.0976 
       h0714  9 0.8871 0.1129 
       h0724  9 0.9513 0.0487 
       h0734  9 0.9437 0.0563 
       h0744  9 0.9243 0.0757 
       h0754  9 0.9496 0.0504 
       h0764  9 0.9426 0.0574 
       h0774  9 0.9498 0.0502 
       h0784  9 0.8605 0.1395 
       h0794  9 0.9573 0.0427 
       h0804  9 0.9797 0.0203 
       h0814  9 0.8749 0.1251 
       h0824  9 0.8713 0.1287 
       h0834  9 0.8525 0.1475 
       h0844  9 0.7225 0.2775 
       h0854  9 0.9463 0.0537 
       h0864  9 0.8911 0.1089 
       h0874  9 0.9495 0.0505 
       h0884  9 0.9649 0.0351 
       h0894  9 0.9031 0.0969 
       h0904  9 0.8280 0.1720 
       h0914  9 0.8782 0.1218 
       h0924  9 0.7002 0.2998 
       h0934  9 0.9445 0.0555 
       h0944  9 0.8075 0.1925 
       h0954  9 0.9533 0.0467 
       h0964  9 0.7132 0.2868 
       h0974  9 0.9506 0.0494 
       h0984  9 0.8106 0.1894 
       h0994  9 0.6674 0.3326 
       h1004  9 0.9024 0.0976 
       M2CHP 10 0.9202 0.0798 
     AP.088A 10 0.9787 0.0213 
       W26L5 10 0.9256 0.0744 
      HRV1EC 10 0.9785 0.0215 
      HRV1CX 10 0.9694 0.0306 
     AP.08AC 10 0.9552 0.0448 
      HRV0J3 10 0.9725 0.0275 
      HRV025 10 0.9523 0.0477 
      HRV07L 10 0.9612 0.0388 
     AP.07M4 10 0.9853 0.0147 
      HRV0JL 10 0.9847 0.0153 
       M0102 10 0.9777 0.0223 
      HRV080 10 0.9841 0.0159 
       M0A6K 10 0.9762 0.0238 
       M2C3A 10 0.9780 0.0220 
     AP.087T 10 0.9347 0.0653 
     AP.07P8 10 0.9485 0.0515 
      HRV0HU 10 0.9181 0.0819 
       M0HM3 10 0.9806 0.0194 
     CH.0LM2 10 0.9559 0.0441 
      HRV01L 10 0.9800 0.0200 
       W2716 10 0.9257 0.0743 
      HRV028 10 0.9754 0.0246 
     AP.07MA 10 0.9702 0.0298 
     AP.0861 10 0.9786 0.0214 
     AP.08AH 10 0.9706 0.0294 
     AP.0817 10 0.9740 0.0260 
     AP.088X 10 0.9523 0.0477 
       W23EM 10 0.9694 0.0306 
       W23F0 10 0.9640 0.0360 
     AP.087E 10 0.9824 0.0176 
      HRV06A 10 0.9795 0.0205 
      HRV1E1 10 0.9782 0.0218 
      HRV0LM 10 0.9781 0.0219 
     AP.088T 10 0.9845 0.0155 
       M2AY8 10 0.8361 0.1639 
       M0HJ6 10 0.9615 0.0385 
       W26PT 10 0.9808 0.0192 
       M0HJ8 10 0.9800 0.0200 
       M055C 10 0.8963 0.1037 
      HRV0JX 10 0.9510 0.0490 
     AP.08A3 10 0.9834 0.0166 
      HRV026 10 0.9590 0.0410 
      HRV0JP 10 0.9796 0.0204 
     AP.088J 10 0.9621 0.0379 
     AP.0885 10 0.9675 0.0325 
       W26MT 10 0.9828 0.0172 
     AP.08AJ 10 0.9694 0.0306 
     AM.07FP 10 0.9786 0.0214 
      HRV0KA 10 0.9805 0.0195 
     AP.087C 10 0.9659 0.0341 
     AP.087X 10 0.9234 0.0766 
     AP.07M7 10 0.9861 0.0139 
      HRV055 10 0.9835 0.0165 
       M2CHJ 10 0.9607 0.0393 
     AP.0820 10 0.9623 0.0377 
       M1C2H 10 0.9828 0.0172 
       W26UF 10 0.9804 0.0196 
      HRV0HM 10 0.8625 0.1375 
       M0LUP 10 0.9698 0.0302 
     AP.08AT 10 0.9793 0.0207 
     AP.087A 10 0.9791 0.0209 
     CH.0LLP 10 0.9821 0.0179 
      HRV0HC 10 0.9500 0.0500 
     AP.08A5 10 0.9819 0.0181 
     AP.0881 10 0.8674 0.1326 
       W26UE 10 0.9731 0.0269 
       M2CHY 10 0.9723 0.0277 
       M05JC 10 0.9797 0.0203 
       M0557 10 0.9729 0.0271 
      HRV0A0 10 0.9838 0.0162 
      HRV077 10 0.9701 0.0299 
       M0L32 10 0.9687 0.0313 
       M0J1X 10 0.9766 0.0234 
       M1ELE 10 0.9815 0.0185 
      HRV07J 10 0.9820 0.0180 
     CH.0LM5 10 0.9785 0.0215 
      HRV07M 10 0.9811 0.0189 
       W26PJ 10 0.7897 0.2103 
      HRV02C 10 0.9848 0.0152 
       M0FF2 10 0.9815 0.0185 
      HRV00P 10 0.9825 0.0175 
      HRV0MJ 10 0.9294 0.0706 
       M16F1 10 0.9759 0.0241 
       M04XH 10 0.9658 0.0342 
      HRV0LP 10 0.9278 0.0722 
       M2C3F 10 0.9786 0.0214 
       W26TC 10 0.9850 0.0150 
     AP.087K 10 0.9689 0.0311 
      HRV0K1 10 0.9804 0.0196 
     AP.0841 10 0.9498 0.0502 
       M1CFL 10 0.9782 0.0218 
       W26UL 10 0.9241 0.0759 
     AP.0887 10 0.9747 0.0253 
       M05X6 10 0.9835 0.0165 
      HRV01M 10 0.9743 0.0257 
      HRV1EE 10 0.9805 0.0195 
       M1EKX 10 0.9808 0.0192 
      HRV04F 10 0.9807 0.0193 
       W26LM 10 0.9156 0.0844 
