

----------------------------------------------------
STRUCTURE by Pritchard, Stephens and Donnelly (2000)
     and Falush, Stephens and Pritchard (2003)
       Code by Pritchard, Falush and Hubisz
             Version 2.3.4 (Jul 2012)
----------------------------------------------------



Command line arguments:   /home/eva.pavlovic/Structure/structure -m parameter_job_4a1_5_5 
Input File:    /home/eva.pavlovic/data_job_4a1_5_5

Run parameters:
   750 individuals
   20 loci
   2 populations assumed
   300000 Burn-in period
   3000000 Reps


--------------------------------------------
Proportion of membership of each pre-defined
 population in each of the 2 clusters

Given    Inferred Clusters       Number of
 Pop       1      2             Individuals

  1:     0.036  0.964             100
  2:     0.095  0.905             100
  3:     0.218  0.782             100
  4:     0.567  0.433               6
  5:     0.509  0.491             100
  6:     0.886  0.114               2
  7:     0.783  0.217             100
  8:     0.940  0.060              42
  9:     0.898  0.102             100
 10:     0.963  0.037             100
--------------------------------------------

Allele-freq. divergence among pops (Net nucleotide distance),
computed using point estimates of P.

      1       2      
 1      -    0.0847  
 2   0.0847     -    

Average distances (expected heterozygosity) between individuals in same cluster:
cluster  1  : 0.7454 
cluster  2  : 0.7985 

--------------------------------------------
Estimated Ln Prob of Data   = -58025.4
Mean value of ln likelihood = -57692.4
Variance of ln likelihood   = 666.1
Mean value of alpha         = 0.3351

Mean value of Fst_1         = 0.1386
Mean value of Fst_2         = 0.0261


Inferred ancestry of individuals:
        Label (%Miss) Pop:  Inferred clusters
  1    M1EL5    (5)    1 :  0.042 0.958 
  2    W26T6    (5)    1 :  0.078 0.922 
  3    W26XX    (5)    1 :  0.025 0.975 
  4    M013P    (0)    1 :  0.018 0.982 
  5    M1ELA    (0)    1 :  0.099 0.901 
  6    M2C73    (0)    1 :  0.028 0.972 
  7    W23P4    (0)    1 :  0.148 0.852 
  8    W247C    (5)    1 :  0.025 0.975 
  9    W24K1    (0)    1 :  0.019 0.981 
 10    W24ME    (0)    1 :  0.087 0.913 
 11    W2514    (0)    1 :  0.043 0.957 
 12    W26MA    (0)    1 :  0.040 0.960 
 13    W26MM    (0)    1 :  0.022 0.978 
 14    W26MU    (0)    1 :  0.034 0.966 
 15    W26P0    (0)    1 :  0.039 0.961 
 16    W26P3    (0)    1 :  0.016 0.984 
 17    W26T5    (0)    1 :  0.019 0.981 
 18    W26TE    (0)    1 :  0.043 0.957 
 19    W26TF    (0)    1 :  0.022 0.978 
 20    W26U8    (0)    1 :  0.063 0.937 
 21    W26UJ    (0)    1 :  0.018 0.982 
 22    W26UK    (0)    1 :  0.018 0.982 
 23    W26UT    (0)    1 :  0.020 0.980 
 24    W26XT    (0)    1 :  0.022 0.978 
 25   CC06H2    (0)    1 :  0.073 0.927 
 26   CC06H4    (0)    1 :  0.023 0.977 
 27   CC06H5    (5)    1 :  0.065 0.935 
 28   CC06H6    (0)    1 :  0.027 0.973 
 29   CC06HE    (0)    1 :  0.021 0.979 
 30   CC06HF    (0)    1 :  0.071 0.929 
 31   CC06HH    (0)    1 :  0.021 0.979 
 32   CC06HJ    (0)    1 :  0.044 0.956 
 33   CC06HL    (0)    1 :  0.016 0.984 
 34   CC06HP    (0)    1 :  0.019 0.981 
 35   CC06HT    (0)    1 :  0.054 0.946 
 36   CC06HU    (0)    1 :  0.020 0.980 
 37   CC06HY    (0)    1 :  0.036 0.964 
 38   CC06J0    (0)    1 :  0.032 0.968 
 39   CC06J1    (0)    1 :  0.051 0.949 
 40   CC06J2    (0)    1 :  0.026 0.974 
 41  CT.0YCY    (0)    1 :  0.025 0.975 
 42  CT.0YEC    (0)    1 :  0.016 0.984 
 43  CT.0YEF    (0)    1 :  0.028 0.972 
 44  CT.0YEU    (0)    1 :  0.019 0.981 
 45  CT.0YF2    (5)    1 :  0.041 0.959 
 46  CT.0YF8    (0)    1 :  0.018 0.982 
 47  CT.0YFA    (0)    1 :  0.029 0.971 
 48  CT.0YFE    (0)    1 :  0.036 0.964 
 49  CT.0YFP    (0)    1 :  0.037 0.963 
 50  CT.0YFU    (0)    1 :  0.025 0.975 
 51  CT.0YK7    (0)    1 :  0.038 0.962 
 52  CX.10PT    (0)    1 :  0.079 0.921 
 53   DAM021    (0)    1 :  0.035 0.965 
 54   DAM034    (0)    1 :  0.042 0.958 
 55   DAM07X    (0)    1 :  0.029 0.971 
 56  EF.15J6    (0)    1 :  0.021 0.979 
 57   HRV010   (10)    1 :  0.022 0.978 
 58   HRV02J    (5)    1 :  0.040 0.960 
 59   HRV078    (0)    1 :  0.034 0.966 
 60   HRV0FH    (0)    1 :  0.024 0.976 
 61   HRV0H5    (0)    1 :  0.035 0.965 
 62   HRV0JF    (0)    1 :  0.064 0.936 
 63   HRV0JJ    (0)    1 :  0.038 0.962 
 64   HRV0JM    (0)    1 :  0.035 0.965 
 65   HRV0K6    (0)    1 :  0.052 0.948 
 66   HRV0K7    (0)    1 :  0.024 0.976 
 67   HRV0KP    (5)    1 :  0.029 0.971 
 68   HRV1AX    (0)    1 :  0.051 0.949 
 69   HRV1C4    (0)    1 :  0.043 0.957 
 70   HRV1CH    (0)    1 :  0.033 0.967 
 71   HRV1FA    (5)    1 :  0.036 0.964 
 72   HRV1FK    (0)    1 :  0.048 0.952 
 73   HRV1H8    (5)    1 :  0.031 0.969 
 74   HRV1HT   (10)    1 :  0.038 0.962 
 75   HRV1XU   (10)    1 :  0.030 0.970 
 76   HRV4TF    (0)    1 :  0.021 0.979 
 77   HRV6F0   (10)    1 :  0.029 0.971 
 78   HRVE6L    (0)    1 :  0.037 0.963 
 79    M27HM    (5)    1 :  0.040 0.960 
 80    M27HP    (0)    1 :  0.020 0.980 
 81    M2AK4    (0)    1 :  0.020 0.980 
 82    M2ALA    (0)    1 :  0.018 0.982 
 83    M2C56    (0)    1 :  0.034 0.966 
 84    M2CUX    (0)    1 :  0.034 0.966 
 85    M2E24    (0)    1 :  0.020 0.980 
 86    M2EA7    (5)    1 :  0.024 0.976 
 87    M2EH6    (0)    1 :  0.024 0.976 
 88    M2EKC    (0)    1 :  0.096 0.904 
 89   MSV083    (0)    1 :  0.023 0.977 
 90   MSV084    (0)    1 :  0.052 0.948 
 91   MSV0LJ    (0)    1 :  0.039 0.961 
 92   MSV1H5    (0)    1 :  0.046 0.954 
 93   MSV1KM    (0)    1 :  0.020 0.980 
 94   MSV23F    (5)    1 :  0.029 0.971 
 95   MSV2L8    (0)    1 :  0.031 0.969 
 96   MSV2P7    (5)    1 :  0.022 0.978 
 97   MSV2TJ    (0)    1 :  0.044 0.956 
 98   MSV2XM    (0)    1 :  0.032 0.968 
 99   MSV327    (5)    1 :  0.024 0.976 
100   MSV33L    (5)    1 :  0.019 0.981 
101     h001    (0)    2 :  0.027 0.973 
102     h002    (0)    2 :  0.117 0.883 
103     h003    (0)    2 :  0.111 0.889 
104     h004    (0)    2 :  0.086 0.914 
105     h005    (0)    2 :  0.026 0.974 
106     h006    (0)    2 :  0.066 0.934 
107     h007    (0)    2 :  0.042 0.958 
108     h008    (0)    2 :  0.082 0.918 
109     h009    (0)    2 :  0.036 0.964 
110     h010    (0)    2 :  0.107 0.893 
111     h011    (0)    2 :  0.074 0.926 
112     h012    (0)    2 :  0.063 0.937 
113     h013    (0)    2 :  0.140 0.860 
114     h014    (0)    2 :  0.066 0.934 
115     h015    (0)    2 :  0.126 0.874 
116     h016    (0)    2 :  0.053 0.947 
117     h017    (0)    2 :  0.090 0.910 
118     h018    (0)    2 :  0.275 0.725 
119     h019    (0)    2 :  0.216 0.784 
120     h020    (0)    2 :  0.027 0.973 
121     h021    (0)    2 :  0.024 0.976 
122     h022    (0)    2 :  0.028 0.972 
123     h023    (0)    2 :  0.044 0.956 
124     h024    (0)    2 :  0.166 0.834 
125     h025    (0)    2 :  0.354 0.646 
126     h026    (0)    2 :  0.098 0.902 
127     h027    (0)    2 :  0.030 0.970 
128     h028    (0)    2 :  0.122 0.878 
129     h029    (0)    2 :  0.103 0.897 
130     h030    (0)    2 :  0.019 0.981 
131     h031    (0)    2 :  0.086 0.914 
132     h032    (0)    2 :  0.175 0.825 
133     h033    (0)    2 :  0.244 0.756 
134     h034    (0)    2 :  0.037 0.963 
135     h035    (0)    2 :  0.109 0.891 
136     h036    (0)    2 :  0.221 0.779 
137     h037    (0)    2 :  0.253 0.747 
138     h038    (0)    2 :  0.053 0.947 
139     h039    (0)    2 :  0.096 0.904 
140     h040    (0)    2 :  0.216 0.784 
141     h041    (0)    2 :  0.046 0.954 
142     h042    (0)    2 :  0.086 0.914 
143     h043    (0)    2 :  0.043 0.957 
144     h044    (0)    2 :  0.026 0.974 
145     h045    (0)    2 :  0.032 0.968 
146     h046    (0)    2 :  0.133 0.867 
147     h047    (0)    2 :  0.068 0.932 
148     h048    (0)    2 :  0.021 0.979 
149     h049    (0)    2 :  0.071 0.929 
150     h050    (0)    2 :  0.061 0.939 
151     h051    (0)    2 :  0.202 0.798 
152     h052    (0)    2 :  0.299 0.701 
153     h053    (0)    2 :  0.088 0.912 
154     h054    (0)    2 :  0.036 0.964 
155     h055    (0)    2 :  0.030 0.970 
156     h056    (0)    2 :  0.044 0.956 
157     h057    (0)    2 :  0.099 0.901 
158     h058    (0)    2 :  0.289 0.711 
159     h059    (0)    2 :  0.032 0.968 
160     h060    (0)    2 :  0.062 0.938 
161     h061    (0)    2 :  0.047 0.953 
162     h062    (0)    2 :  0.079 0.921 
163     h063    (0)    2 :  0.177 0.823 
164     h064    (0)    2 :  0.043 0.957 
165     h065    (0)    2 :  0.047 0.953 
166     h066    (0)    2 :  0.065 0.935 
167     h067    (0)    2 :  0.073 0.927 
168     h068    (0)    2 :  0.042 0.958 
169     h069    (0)    2 :  0.150 0.850 
170     h070    (0)    2 :  0.084 0.916 
171     h071    (0)    2 :  0.082 0.918 
172     h072    (0)    2 :  0.031 0.969 
173     h073    (0)    2 :  0.058 0.942 
174     h074    (0)    2 :  0.096 0.904 
175     h075    (0)    2 :  0.033 0.967 
176     h076    (0)    2 :  0.094 0.906 
177     h077    (0)    2 :  0.057 0.943 
178     h078    (0)    2 :  0.098 0.902 
179     h079    (0)    2 :  0.031 0.969 
180     h080    (0)    2 :  0.029 0.971 
181     h081    (0)    2 :  0.187 0.813 
182     h082    (0)    2 :  0.192 0.808 
183     h083    (0)    2 :  0.028 0.972 
184     h084    (0)    2 :  0.086 0.914 
185     h085    (0)    2 :  0.047 0.953 
186     h086    (0)    2 :  0.159 0.841 
187     h087    (0)    2 :  0.095 0.905 
188     h088    (0)    2 :  0.024 0.976 
189     h089    (0)    2 :  0.024 0.976 
190     h090    (0)    2 :  0.050 0.950 
191     h091    (0)    2 :  0.135 0.865 
192     h092    (0)    2 :  0.087 0.913 
193     h093    (0)    2 :  0.164 0.836 
194     h094    (0)    2 :  0.184 0.816 
195     h095    (0)    2 :  0.032 0.968 
196     h096    (0)    2 :  0.024 0.976 
197     h097    (0)    2 :  0.132 0.868 
198     h098    (0)    2 :  0.111 0.889 
199     h099    (0)    2 :  0.074 0.926 
200     h100    (0)    2 :  0.167 0.833 
201    h0011    (0)    3 :  0.212 0.788 
202    h0021    (0)    3 :  0.296 0.704 
203    h0031    (0)    3 :  0.202 0.798 
204    h0041    (0)    3 :  0.287 0.713 
205    h0051    (0)    3 :  0.125 0.875 
206    h0061    (0)    3 :  0.277 0.723 
207    h0071    (0)    3 :  0.199 0.801 
208    h0081    (0)    3 :  0.103 0.897 
209    h0091    (0)    3 :  0.328 0.672 
210    h0101    (0)    3 :  0.517 0.483 
211    h0111    (0)    3 :  0.035 0.965 
212    h0121    (0)    3 :  0.023 0.977 
213    h0131    (0)    3 :  0.280 0.720 
214    h0141    (0)    3 :  0.337 0.663 
215    h0151    (0)    3 :  0.377 0.623 
216    h0161    (0)    3 :  0.115 0.885 
217    h0171    (0)    3 :  0.152 0.848 
218    h0181    (0)    3 :  0.248 0.752 
219    h0191    (0)    3 :  0.128 0.872 
220    h0201    (0)    3 :  0.164 0.836 
221    h0211    (0)    3 :  0.181 0.819 
222    h0221    (0)    3 :  0.236 0.764 
223    h0231    (0)    3 :  0.350 0.650 
224    h0241    (0)    3 :  0.123 0.877 
225    h0251    (0)    3 :  0.088 0.912 
226    h0261    (0)    3 :  0.353 0.647 
227    h0271    (0)    3 :  0.455 0.545 
228    h0281    (0)    3 :  0.048 0.952 
229    h0291    (0)    3 :  0.151 0.849 
230    h0301    (0)    3 :  0.313 0.687 
231    h0311    (0)    3 :  0.289 0.711 
232    h0321    (0)    3 :  0.236 0.764 
233    h0331    (0)    3 :  0.124 0.876 
234    h0341    (0)    3 :  0.154 0.846 
235    h0351    (0)    3 :  0.162 0.838 
236    h0361    (0)    3 :  0.341 0.659 
237    h0371    (0)    3 :  0.334 0.666 
238    h0381    (0)    3 :  0.086 0.914 
239    h0391    (0)    3 :  0.201 0.799 
240    h0401    (0)    3 :  0.043 0.957 
241    h0411    (0)    3 :  0.223 0.777 
242    h0421    (0)    3 :  0.322 0.678 
243    h0431    (0)    3 :  0.112 0.888 
244    h0441    (0)    3 :  0.092 0.908 
245    h0451    (0)    3 :  0.410 0.590 
246    h0461    (0)    3 :  0.202 0.798 
247    h0471    (0)    3 :  0.185 0.815 
248    h0481    (0)    3 :  0.065 0.935 
249    h0491    (0)    3 :  0.027 0.973 
250    h0501    (0)    3 :  0.249 0.751 
251    h0511    (0)    3 :  0.127 0.873 
252    h0521    (0)    3 :  0.190 0.810 
253    h0531    (0)    3 :  0.136 0.864 
254    h0541    (0)    3 :  0.313 0.687 
255    h0551    (0)    3 :  0.029 0.971 
256    h0561    (0)    3 :  0.266 0.734 
257    h0571    (0)    3 :  0.175 0.825 
258    h0581    (0)    3 :  0.075 0.925 
259    h0591    (0)    3 :  0.186 0.814 
260    h0601    (0)    3 :  0.409 0.591 
261    h0611    (0)    3 :  0.281 0.719 
262    h0621    (0)    3 :  0.023 0.977 
263    h0631    (0)    3 :  0.075 0.925 
264    h0641    (0)    3 :  0.239 0.761 
265    h0651    (0)    3 :  0.265 0.735 
266    h0661    (0)    3 :  0.272 0.728 
267    h0671    (0)    3 :  0.242 0.758 
268    h0681    (0)    3 :  0.330 0.670 
269    h0691    (0)    3 :  0.201 0.799 
270    h0701    (0)    3 :  0.241 0.759 
271    h0711    (0)    3 :  0.253 0.747 
272    h0721    (0)    3 :  0.111 0.889 
273    h0731    (0)    3 :  0.305 0.695 
274    h0741    (0)    3 :  0.393 0.607 
275    h0751    (0)    3 :  0.195 0.805 
276    h0761    (0)    3 :  0.023 0.977 
277    h0771    (0)    3 :  0.047 0.953 
278    h0781    (0)    3 :  0.329 0.671 
279    h0791    (0)    3 :  0.145 0.855 
280    h0801    (0)    3 :  0.327 0.673 
281    h0811    (0)    3 :  0.375 0.625 
282    h0821    (0)    3 :  0.346 0.654 
283    h0831    (0)    3 :  0.151 0.849 
284    h0841    (0)    3 :  0.217 0.783 
285    h0851    (0)    3 :  0.134 0.866 
286    h0861    (0)    3 :  0.273 0.727 
287    h0871    (0)    3 :  0.069 0.931 
288    h0881    (0)    3 :  0.243 0.757 
289    h0891    (0)    3 :  0.418 0.582 
290    h0901    (0)    3 :  0.485 0.515 
291    h0911    (0)    3 :  0.037 0.963 
292    h0921    (0)    3 :  0.190 0.810 
293    h0931    (0)    3 :  0.153 0.847 
294    h0941    (0)    3 :  0.389 0.611 
295    h0951    (0)    3 :  0.202 0.798 
296    h0961    (0)    3 :  0.308 0.692 
297    h0971    (0)    3 :  0.299 0.701 
298    h0981    (0)    3 :  0.453 0.547 
299    h0991    (0)    3 :  0.184 0.816 
300    h1001    (0)    3 :  0.153 0.847 
301   MSV1TX    (5)    4 :  0.370 0.630 
302   MSV025    (0)    4 :  0.657 0.343 
303   MSV02C    (0)    4 :  0.502 0.498 
304   MSV02E    (5)    4 :  0.560 0.440 
305   MSV0TF    (5)    4 :  0.629 0.371 
306    M2EL8    (0)    4 :  0.684 0.316 
307    h0012    (0)    5 :  0.438 0.562 
308    h0022    (0)    5 :  0.513 0.487 
309    h0032    (0)    5 :  0.524 0.476 
310    h0042    (0)    5 :  0.550 0.450 
311    h0052    (0)    5 :  0.713 0.287 
312    h0062    (0)    5 :  0.483 0.517 
313    h0072    (0)    5 :  0.417 0.583 
314    h0082    (0)    5 :  0.608 0.392 
315    h0092    (0)    5 :  0.489 0.511 
316    h0102    (0)    5 :  0.482 0.518 
317    h0112    (0)    5 :  0.492 0.508 
318    h0122    (0)    5 :  0.520 0.480 
319    h0132    (0)    5 :  0.609 0.391 
320    h0142    (0)    5 :  0.590 0.410 
321    h0152    (0)    5 :  0.438 0.562 
322    h0162    (0)    5 :  0.584 0.416 
323    h0172    (0)    5 :  0.563 0.437 
324    h0182    (0)    5 :  0.594 0.406 
325    h0192    (0)    5 :  0.400 0.600 
326    h0202    (0)    5 :  0.427 0.573 
327    h0212    (0)    5 :  0.526 0.474 
328    h0222    (0)    5 :  0.450 0.550 
329    h0232    (0)    5 :  0.583 0.417 
330    h0242    (0)    5 :  0.688 0.312 
331    h0252    (0)    5 :  0.661 0.339 
332    h0262    (0)    5 :  0.553 0.447 
333    h0272    (0)    5 :  0.429 0.571 
334    h0282    (0)    5 :  0.416 0.584 
335    h0292    (0)    5 :  0.442 0.558 
336    h0302    (0)    5 :  0.412 0.588 
337    h0312    (0)    5 :  0.407 0.593 
338    h0322    (0)    5 :  0.349 0.651 
339    h0332    (0)    5 :  0.584 0.416 
340    h0342    (0)    5 :  0.667 0.333 
341    h0352    (0)    5 :  0.315 0.685 
342    h0362    (0)    5 :  0.524 0.476 
343    h0372    (0)    5 :  0.511 0.489 
344    h0382    (0)    5 :  0.458 0.542 
345    h0392    (0)    5 :  0.575 0.425 
346    h0402    (0)    5 :  0.453 0.547 
347    h0412    (0)    5 :  0.543 0.457 
348    h0422    (0)    5 :  0.398 0.602 
349    h0432    (0)    5 :  0.545 0.455 
350    h0442    (0)    5 :  0.572 0.428 
351    h0452    (0)    5 :  0.486 0.514 
352    h0462    (0)    5 :  0.451 0.549 
353    h0472    (0)    5 :  0.488 0.512 
354    h0482    (0)    5 :  0.449 0.551 
355    h0492    (0)    5 :  0.485 0.515 
356    h0502    (0)    5 :  0.476 0.524 
357    h0512    (0)    5 :  0.232 0.768 
358    h0522    (0)    5 :  0.511 0.489 
359    h0532    (0)    5 :  0.458 0.542 
360    h0542    (0)    5 :  0.476 0.524 
361    h0552    (0)    5 :  0.723 0.277 
362    h0562    (0)    5 :  0.554 0.446 
363    h0572    (0)    5 :  0.690 0.310 
364    h0582    (0)    5 :  0.456 0.544 
365    h0592    (0)    5 :  0.490 0.510 
366    h0602    (0)    5 :  0.439 0.561 
367    h0612    (0)    5 :  0.500 0.500 
368    h0622    (0)    5 :  0.595 0.405 
369    h0632    (0)    5 :  0.443 0.557 
370    h0642    (0)    5 :  0.573 0.427 
371    h0652    (0)    5 :  0.361 0.639 
372    h0662    (0)    5 :  0.386 0.614 
373    h0672    (0)    5 :  0.510 0.490 
374    h0682    (0)    5 :  0.446 0.554 
375    h0692    (0)    5 :  0.453 0.547 
376    h0702    (0)    5 :  0.777 0.223 
377    h0712    (0)    5 :  0.417 0.583 
378    h0722    (0)    5 :  0.612 0.388 
379    h0732    (0)    5 :  0.576 0.424 
380    h0742    (0)    5 :  0.671 0.329 
381    h0752    (0)    5 :  0.344 0.656 
382    h0762    (0)    5 :  0.491 0.509 
383    h0772    (0)    5 :  0.489 0.511 
384    h0782    (0)    5 :  0.394 0.606 
385    h0792    (0)    5 :  0.513 0.487 
386    h0802    (0)    5 :  0.753 0.247 
387    h0812    (0)    5 :  0.465 0.535 
388    h0822    (0)    5 :  0.427 0.573 
389    h0832    (0)    5 :  0.609 0.391 
390    h0842    (0)    5 :  0.594 0.406 
391    h0852    (0)    5 :  0.401 0.599 
392    h0862    (0)    5 :  0.415 0.585 
393    h0872    (0)    5 :  0.577 0.423 
394    h0882    (0)    5 :  0.398 0.602 
395    h0892    (0)    5 :  0.632 0.368 
396    h0902    (0)    5 :  0.412 0.588 
397    h0912    (0)    5 :  0.579 0.421 
398    h0922    (0)    5 :  0.637 0.363 
399    h0932    (0)    5 :  0.485 0.515 
400    h0942    (0)    5 :  0.495 0.505 
401    h0952    (0)    5 :  0.521 0.479 
402    h0962    (0)    5 :  0.454 0.546 
403    h0972    (0)    5 :  0.584 0.416 
404    h0982    (0)    5 :  0.590 0.410 
405    h0992    (0)    5 :  0.553 0.447 
406    h1002    (0)    5 :  0.379 0.621 
407   MSV21T    (0)    6 :  0.939 0.061 
408    M2E71    (0)    6 :  0.832 0.168 
409    h0013    (0)    7 :  0.857 0.143 
410    h0023    (0)    7 :  0.839 0.161 
411    h0033    (0)    7 :  0.738 0.262 
412    h0043    (0)    7 :  0.766 0.234 
413    h0053    (0)    7 :  0.750 0.250 
414    h0063    (0)    7 :  0.836 0.164 
415    h0073    (0)    7 :  0.821 0.179 
416    h0083    (0)    7 :  0.970 0.030 
417    h0093    (0)    7 :  0.651 0.349 
418    h0103    (0)    7 :  0.637 0.363 
419    h0113    (0)    7 :  0.809 0.191 
420    h0123    (0)    7 :  0.925 0.075 
421    h0133    (0)    7 :  0.944 0.056 
422    h0143    (0)    7 :  0.920 0.080 
423    h0153    (0)    7 :  0.797 0.203 
424    h0163    (0)    7 :  0.902 0.098 
425    h0173    (0)    7 :  0.624 0.376 
426    h0183    (0)    7 :  0.671 0.329 
427    h0193    (0)    7 :  0.824 0.176 
428    h0203    (0)    7 :  0.914 0.086 
429    h0213    (0)    7 :  0.804 0.196 
430    h0223    (0)    7 :  0.861 0.139 
431    h0233    (0)    7 :  0.720 0.280 
432    h0243    (0)    7 :  0.735 0.265 
433    h0253    (0)    7 :  0.819 0.181 
434    h0263    (0)    7 :  0.809 0.191 
435    h0273    (0)    7 :  0.549 0.451 
436    h0283    (0)    7 :  0.969 0.031 
437    h0293    (0)    7 :  0.746 0.254 
438    h0303    (0)    7 :  0.649 0.351 
439    h0313    (0)    7 :  0.659 0.341 
440    h0323    (0)    7 :  0.439 0.561 
441    h0333    (0)    7 :  0.782 0.218 
442    h0343    (0)    7 :  0.790 0.210 
443    h0353    (0)    7 :  0.677 0.323 
444    h0363    (0)    7 :  0.847 0.153 
445    h0373    (0)    7 :  0.686 0.314 
446    h0383    (0)    7 :  0.925 0.075 
447    h0393    (0)    7 :  0.804 0.196 
448    h0403    (0)    7 :  0.788 0.212 
449    h0413    (0)    7 :  0.902 0.098 
450    h0423    (0)    7 :  0.848 0.152 
451    h0433    (0)    7 :  0.750 0.250 
452    h0443    (0)    7 :  0.873 0.127 
453    h0453    (0)    7 :  0.620 0.380 
454    h0463    (0)    7 :  0.733 0.267 
455    h0473    (0)    7 :  0.676 0.324 
456    h0483    (0)    7 :  0.883 0.117 
457    h0493    (0)    7 :  0.649 0.351 
458    h0503    (0)    7 :  0.520 0.480 
459    h0513    (0)    7 :  0.654 0.346 
460    h0523    (0)    7 :  0.610 0.390 
461    h0533    (0)    7 :  0.844 0.156 
462    h0543    (0)    7 :  0.798 0.202 
463    h0553    (0)    7 :  0.913 0.087 
464    h0563    (0)    7 :  0.771 0.229 
465    h0573    (0)    7 :  0.624 0.376 
466    h0583    (0)    7 :  0.858 0.142 
467    h0593    (0)    7 :  0.722 0.278 
468    h0603    (0)    7 :  0.715 0.285 
469    h0613    (0)    7 :  0.800 0.200 
470    h0623    (0)    7 :  0.922 0.078 
471    h0633    (0)    7 :  0.747 0.253 
472    h0643    (0)    7 :  0.838 0.162 
473    h0653    (0)    7 :  0.744 0.256 
474    h0663    (0)    7 :  0.733 0.267 
475    h0673    (0)    7 :  0.865 0.135 
476    h0683    (0)    7 :  0.917 0.083 
477    h0693    (0)    7 :  0.723 0.277 
478    h0703    (0)    7 :  0.640 0.360 
479    h0713    (0)    7 :  0.837 0.163 
480    h0723    (0)    7 :  0.759 0.241 
481    h0733    (0)    7 :  0.851 0.149 
482    h0743    (0)    7 :  0.740 0.260 
483    h0753    (0)    7 :  0.902 0.098 
484    h0763    (0)    7 :  0.769 0.231 
485    h0773    (0)    7 :  0.624 0.376 
486    h0783    (0)    7 :  0.787 0.213 
487    h0793    (0)    7 :  0.893 0.107 
488    h0803    (0)    7 :  0.873 0.127 
489    h0813    (0)    7 :  0.836 0.164 
490    h0823    (0)    7 :  0.675 0.325 
491    h0833    (0)    7 :  0.789 0.211 
492    h0843    (0)    7 :  0.645 0.355 
493    h0853    (0)    7 :  0.984 0.016 
494    h0863    (0)    7 :  0.585 0.415 
495    h0873    (0)    7 :  0.855 0.145 
496    h0883    (0)    7 :  0.811 0.189 
497    h0893    (0)    7 :  0.922 0.078 
498    h0903    (0)    7 :  0.830 0.170 
499    h0913    (0)    7 :  0.887 0.113 
500    h0923    (0)    7 :  0.657 0.343 
501    h0933    (0)    7 :  0.738 0.262 
502    h0943    (0)    7 :  0.970 0.030 
503    h0953    (0)    7 :  0.831 0.169 
504    h0963    (0)    7 :  0.809 0.191 
505    h0973    (0)    7 :  0.896 0.104 
506    h0983    (0)    7 :  0.771 0.229 
507    h0993    (0)    7 :  0.863 0.137 
508    h1003    (0)    7 :  0.782 0.218 
509    W23CA   (10)    8 :  0.976 0.024 
510  AP.085Y    (5)    8 :  0.970 0.030 
511  CH.0LLY    (5)    8 :  0.880 0.120 
512    M0LEC    (5)    8 :  0.983 0.017 
513    M2C3H   (10)    8 :  0.961 0.039 
514    M2CHL    (5)    8 :  0.839 0.161 
515    W26P7   (10)    8 :  0.958 0.042 
516  AP.07M5    (0)    8 :  0.900 0.100 
517  AP.080U    (0)    8 :  0.967 0.033 
518  AP.082A    (0)    8 :  0.981 0.019 
519  AP.0843    (0)    8 :  0.956 0.044 
520  AP.0844    (0)    8 :  0.909 0.091 
521  AP.084X    (0)    8 :  0.972 0.028 
522  AP.086Y    (0)    8 :  0.968 0.032 
523  AP.0870    (0)    8 :  0.968 0.032 
524  AP.0878    (0)    8 :  0.959 0.041 
525  AP.087F    (0)    8 :  0.963 0.037 
526  AP.087Y    (0)    8 :  0.879 0.121 
527  AP.088P    (0)    8 :  0.955 0.045 
528  AP.08AK    (5)    8 :  0.940 0.060 
529  CH.0LLM    (0)    8 :  0.969 0.031 
530  CH.0LLU    (0)    8 :  0.900 0.100 
531  CH.0LM0    (5)    8 :  0.942 0.058 
532  CH.0LM3    (5)    8 :  0.946 0.054 
533    W26MY    (0)    8 :  0.813 0.187 
534    W26P6    (0)    8 :  0.931 0.069 
535   HRV07U    (0)    8 :  0.937 0.063 
536   HRV1CT    (0)    8 :  0.975 0.025 
537   HRV1CU    (0)    8 :  0.981 0.019 
538   HRV1E6    (0)    8 :  0.973 0.027 
539   HRV081    (0)    8 :  0.983 0.017 
540   HRV1E3    (0)    8 :  0.960 0.040 
541   MSV21E    (0)    8 :  0.907 0.093 
542   MSV216    (0)    8 :  0.937 0.063 
543    M0TYK    (0)    8 :  0.940 0.060 
544   MSV2AA    (0)    8 :  0.933 0.067 
545  CK.0PET    (0)    8 :  0.841 0.159 
546    M2E8C    (0)    8 :  0.969 0.031 
547   MSV23X    (0)    8 :  0.903 0.097 
548   MSV32A    (0)    8 :  0.899 0.101 
549  AP.0838    (0)    8 :  0.969 0.031 
550  AP.088F    (0)    8 :  0.969 0.031 
551    h0014    (0)    9 :  0.828 0.172 
552    h0024    (0)    9 :  0.883 0.117 
553    h0034    (0)    9 :  0.944 0.056 
554    h0044    (0)    9 :  0.969 0.031 
555    h0054    (0)    9 :  0.939 0.061 
556    h0064    (0)    9 :  0.954 0.046 
557    h0074    (0)    9 :  0.781 0.219 
558    h0084    (0)    9 :  0.966 0.034 
559    h0094    (0)    9 :  0.884 0.116 
560    h0104    (0)    9 :  0.906 0.094 
561    h0114    (0)    9 :  0.981 0.019 
562    h0124    (0)    9 :  0.943 0.057 
563    h0134    (0)    9 :  0.920 0.080 
564    h0144    (0)    9 :  0.851 0.149 
565    h0154    (0)    9 :  0.892 0.108 
566    h0164    (0)    9 :  0.854 0.146 
567    h0174    (0)    9 :  0.946 0.054 
568    h0184    (0)    9 :  0.881 0.119 
569    h0194    (0)    9 :  0.919 0.081 
570    h0204    (0)    9 :  0.861 0.139 
571    h0214    (0)    9 :  0.936 0.064 
572    h0224    (0)    9 :  0.985 0.015 
573    h0234    (0)    9 :  0.864 0.136 
574    h0244    (0)    9 :  0.966 0.034 
575    h0254    (0)    9 :  0.857 0.143 
576    h0264    (0)    9 :  0.976 0.024 
577    h0274    (0)    9 :  0.749 0.251 
578    h0284    (0)    9 :  0.884 0.116 
579    h0294    (0)    9 :  0.884 0.116 
580    h0304    (0)    9 :  0.731 0.269 
581    h0314    (0)    9 :  0.977 0.023 
582    h0324    (0)    9 :  0.963 0.037 
583    h0334    (0)    9 :  0.730 0.270 
584    h0344    (0)    9 :  0.962 0.038 
585    h0354    (0)    9 :  0.952 0.048 
586    h0364    (0)    9 :  0.888 0.112 
587    h0374    (0)    9 :  0.924 0.076 
588    h0384    (0)    9 :  0.854 0.146 
589    h0394    (0)    9 :  0.775 0.225 
590    h0404    (0)    9 :  0.884 0.116 
591    h0414    (0)    9 :  0.890 0.110 
592    h0424    (0)    9 :  0.947 0.053 
593    h0434    (0)    9 :  0.909 0.091 
594    h0444    (0)    9 :  0.978 0.022 
595    h0454    (0)    9 :  0.933 0.067 
596    h0464    (0)    9 :  0.951 0.049 
597    h0474    (0)    9 :  0.968 0.032 
598    h0484    (0)    9 :  0.941 0.059 
599    h0494    (0)    9 :  0.705 0.295 
600    h0504    (0)    9 :  0.833 0.167 
601    h0514    (0)    9 :  0.792 0.208 
602    h0524    (0)    9 :  0.902 0.098 
603    h0534    (0)    9 :  0.961 0.039 
604    h0544    (0)    9 :  0.935 0.065 
605    h0554    (0)    9 :  0.956 0.044 
606    h0564    (0)    9 :  0.959 0.041 
607    h0574    (0)    9 :  0.942 0.058 
608    h0584    (0)    9 :  0.901 0.099 
609    h0594    (0)    9 :  0.974 0.026 
610    h0604    (0)    9 :  0.968 0.032 
611    h0614    (0)    9 :  0.945 0.055 
612    h0624    (0)    9 :  0.931 0.069 
613    h0634    (0)    9 :  0.816 0.184 
614    h0644    (0)    9 :  0.972 0.028 
615    h0654    (0)    9 :  0.927 0.073 
616    h0664    (0)    9 :  0.975 0.025 
617    h0674    (0)    9 :  0.953 0.047 
618    h0684    (0)    9 :  0.758 0.242 
619    h0694    (0)    9 :  0.946 0.054 
620    h0704    (0)    9 :  0.902 0.098 
621    h0714    (0)    9 :  0.887 0.113 
622    h0724    (0)    9 :  0.951 0.049 
623    h0734    (0)    9 :  0.944 0.056 
624    h0744    (0)    9 :  0.924 0.076 
625    h0754    (0)    9 :  0.950 0.050 
626    h0764    (0)    9 :  0.943 0.057 
627    h0774    (0)    9 :  0.950 0.050 
628    h0784    (0)    9 :  0.860 0.140 
629    h0794    (0)    9 :  0.957 0.043 
630    h0804    (0)    9 :  0.980 0.020 
631    h0814    (0)    9 :  0.875 0.125 
632    h0824    (0)    9 :  0.871 0.129 
633    h0834    (0)    9 :  0.853 0.147 
634    h0844    (0)    9 :  0.722 0.278 
635    h0854    (0)    9 :  0.946 0.054 
636    h0864    (0)    9 :  0.891 0.109 
637    h0874    (0)    9 :  0.949 0.051 
638    h0884    (0)    9 :  0.965 0.035 
639    h0894    (0)    9 :  0.903 0.097 
640    h0904    (0)    9 :  0.828 0.172 
641    h0914    (0)    9 :  0.878 0.122 
642    h0924    (0)    9 :  0.700 0.300 
643    h0934    (0)    9 :  0.945 0.055 
644    h0944    (0)    9 :  0.808 0.192 
645    h0954    (0)    9 :  0.953 0.047 
646    h0964    (0)    9 :  0.713 0.287 
647    h0974    (0)    9 :  0.951 0.049 
648    h0984    (0)    9 :  0.811 0.189 
649    h0994    (0)    9 :  0.667 0.333 
650    h1004    (0)    9 :  0.902 0.098 
651    M2CHP   (10)   10 :  0.920 0.080 
652  AP.088A    (0)   10 :  0.979 0.021 
653    W26L5    (0)   10 :  0.926 0.074 
654   HRV1EC    (0)   10 :  0.978 0.022 
655   HRV1CX    (0)   10 :  0.969 0.031 
656  AP.08AC    (0)   10 :  0.955 0.045 
657   HRV0J3    (0)   10 :  0.972 0.028 
658   HRV025    (0)   10 :  0.952 0.048 
659   HRV07L    (0)   10 :  0.961 0.039 
660  AP.07M4    (0)   10 :  0.985 0.015 
661   HRV0JL    (0)   10 :  0.985 0.015 
662    M0102    (5)   10 :  0.978 0.022 
663   HRV080    (0)   10 :  0.984 0.016 
664    M0A6K    (5)   10 :  0.976 0.024 
665    M2C3A   (10)   10 :  0.978 0.022 
666  AP.087T    (5)   10 :  0.935 0.065 
667  AP.07P8    (0)   10 :  0.949 0.051 
668   HRV0HU   (10)   10 :  0.918 0.082 
669    M0HM3    (0)   10 :  0.981 0.019 
670  CH.0LM2   (10)   10 :  0.956 0.044 
671   HRV01L    (0)   10 :  0.980 0.020 
672    W2716    (0)   10 :  0.926 0.074 
673   HRV028    (0)   10 :  0.975 0.025 
674  AP.07MA    (0)   10 :  0.970 0.030 
675  AP.0861    (5)   10 :  0.979 0.021 
676  AP.08AH    (0)   10 :  0.971 0.029 
677  AP.0817    (5)   10 :  0.974 0.026 
678  AP.088X    (0)   10 :  0.952 0.048 
679    W23EM    (0)   10 :  0.969 0.031 
680    W23F0    (0)   10 :  0.964 0.036 
681  AP.087E    (0)   10 :  0.982 0.018 
682   HRV06A    (0)   10 :  0.979 0.021 
683   HRV1E1    (0)   10 :  0.978 0.022 
684   HRV0LM    (0)   10 :  0.978 0.022 
685  AP.088T    (5)   10 :  0.984 0.016 
686    M2AY8    (5)   10 :  0.836 0.164 
687    M0HJ6    (5)   10 :  0.961 0.039 
688    W26PT    (0)   10 :  0.981 0.019 
689    M0HJ8    (0)   10 :  0.980 0.020 
690    M055C    (0)   10 :  0.896 0.104 
691   HRV0JX   (15)   10 :  0.951 0.049 
692  AP.08A3    (0)   10 :  0.983 0.017 
693   HRV026    (5)   10 :  0.959 0.041 
694   HRV0JP    (0)   10 :  0.980 0.020 
695  AP.088J    (0)   10 :  0.962 0.038 
696  AP.0885    (5)   10 :  0.968 0.032 
697    W26MT    (0)   10 :  0.983 0.017 
698  AP.08AJ    (0)   10 :  0.969 0.031 
699  AM.07FP    (5)   10 :  0.979 0.021 
700   HRV0KA    (0)   10 :  0.980 0.020 
701  AP.087C    (0)   10 :  0.966 0.034 
702  AP.087X    (0)   10 :  0.923 0.077 
703  AP.07M7    (0)   10 :  0.986 0.014 
704   HRV055    (0)   10 :  0.984 0.016 
705    M2CHJ    (5)   10 :  0.961 0.039 
706  AP.0820    (0)   10 :  0.962 0.038 
707    M1C2H    (0)   10 :  0.983 0.017 
708    W26UF    (0)   10 :  0.980 0.020 
709   HRV0HM    (0)   10 :  0.863 0.137 
710    M0LUP   (10)   10 :  0.970 0.030 
711  AP.08AT    (0)   10 :  0.979 0.021 
712  AP.087A    (0)   10 :  0.979 0.021 
713  CH.0LLP    (0)   10 :  0.982 0.018 
714   HRV0HC    (5)   10 :  0.950 0.050 
715  AP.08A5    (0)   10 :  0.982 0.018 
716  AP.0881    (0)   10 :  0.867 0.133 
717    W26UE    (5)   10 :  0.973 0.027 
718    M2CHY   (10)   10 :  0.972 0.028 
719    M05JC    (0)   10 :  0.980 0.020 
720    M0557    (0)   10 :  0.973 0.027 
721   HRV0A0    (5)   10 :  0.984 0.016 
722   HRV077   (10)   10 :  0.970 0.030 
723    M0L32    (0)   10 :  0.969 0.031 
724    M0J1X    (0)   10 :  0.977 0.023 
725    M1ELE    (0)   10 :  0.981 0.019 
726   HRV07J    (0)   10 :  0.982 0.018 
727  CH.0LM5    (0)   10 :  0.978 0.022 
728   HRV07M    (0)   10 :  0.981 0.019 
729    W26PJ    (0)   10 :  0.790 0.210 
730   HRV02C    (0)   10 :  0.985 0.015 
731    M0FF2    (0)   10 :  0.981 0.019 
732   HRV00P    (0)   10 :  0.982 0.018 
733   HRV0MJ    (0)   10 :  0.929 0.071 
734    M16F1    (5)   10 :  0.976 0.024 
735    M04XH    (5)   10 :  0.966 0.034 
736   HRV0LP    (0)   10 :  0.928 0.072 
737    M2C3F   (10)   10 :  0.979 0.021 
738    W26TC    (0)   10 :  0.985 0.015 
739  AP.087K    (0)   10 :  0.969 0.031 
740   HRV0K1    (0)   10 :  0.980 0.020 
741  AP.0841    (5)   10 :  0.950 0.050 
742    M1CFL   (10)   10 :  0.978 0.022 
743    W26UL    (0)   10 :  0.924 0.076 
744  AP.0887    (0)   10 :  0.975 0.025 
745    M05X6    (0)   10 :  0.983 0.017 
746   HRV01M    (0)   10 :  0.974 0.026 
747   HRV1EE    (0)   10 :  0.980 0.020 
748    M1EKX    (0)   10 :  0.981 0.019 
749   HRV04F    (0)   10 :  0.981 0.019 
750    W26LM    (0)   10 :  0.916 0.084 


Estimated Allele Frequencies in each cluster
First column gives estimated ancestral frequencies


Locus 1 : Cl147 
21 alleles
0.0% missing data
  45   (0.099) 0.028 0.131 
  69   (0.111) 0.247 0.112 
  73   (0.138) 0.133 0.174 
  77   (0.078) 0.005 0.127 
  56   (0.066) 0.047 0.056 
  65   (0.067) 0.182 0.047 
  41   (0.076) 0.002 0.152 
  52   (0.081) 0.036 0.089 
  48   (0.027) 0.001 0.021 
  81   (0.021) 0.000 0.012 
  49   (0.031) 0.002 0.021 
  60   (0.041) 0.014 0.023 
  84   (0.018) 0.000 0.008 
  89   (0.018) 0.000 0.008 
  61   (0.019) 0.009 0.002 
  44   (0.033) 0.234 0.009 
  68   (0.022) 0.045 0.004 
  85   (0.015) 0.003 0.002 
 801   (0.014) 0.007 0.001 
  72   (0.013) 0.003 0.001 
  80   (0.012) 0.001 0.001 

Locus 2 : Cl233 
31 alleles
0.0% missing data
  63   (0.122) 0.178 0.181 
  85   (0.057) 0.016 0.067 
  73   (0.039) 0.005 0.040 
  79   (0.027) 0.000 0.034 
  71   (0.085) 0.040 0.125 
  77   (0.026) 0.000 0.028 
  75   (0.048) 0.005 0.062 
  67   (0.102) 0.199 0.131 
  55   (0.050) 0.350 0.028 
  59   (0.056) 0.179 0.042 
  81   (0.054) 0.003 0.095 
  83   (0.036) 0.002 0.040 
  93   (0.017) 0.000 0.008 
 101   (0.013) 0.000 0.003 
  69   (0.014) 0.000 0.005 
  51   (0.040) 0.010 0.031 
 100   (0.019) 0.000 0.013 
  92   (0.013) 0.000 0.003 
1121   (0.014) 0.000 0.005 
1001   (0.012) 0.000 0.002 
  89   (0.023) 0.000 0.021 
 711   (0.012) 0.000 0.002 
 116   (0.011) 0.000 0.002 
  80   (0.011) 0.000 0.002 
  43   (0.011) 0.000 0.002 
  84   (0.011) 0.000 0.002 
  88   (0.019) 0.000 0.013 
 104   (0.016) 0.000 0.006 
  97   (0.015) 0.000 0.005 
 791   (0.012) 0.000 0.002 
  35   (0.015) 0.010 0.001 

Locus 3 : Cl264 
26 alleles
0.1% missing data
  65   (0.085) 0.154 0.100 
 651   (0.105) 0.055 0.172 
 691   (0.086) 0.101 0.109 
  57   (0.022) 0.019 0.005 
  61   (0.030) 0.146 0.009 
 731   (0.047) 0.001 0.092 
 811   (0.036) 0.003 0.037 
 611   (0.051) 0.048 0.041 
  69   (0.098) 0.198 0.125 
  77   (0.037) 0.018 0.020 
  49   (0.043) 0.004 0.051 
  45   (0.016) 0.000 0.006 
 491   (0.025) 0.008 0.007 
 571   (0.018) 0.000 0.010 
 771   (0.038) 0.001 0.058 
  89   (0.022) 0.000 0.020 
 652   (0.013) 0.000 0.003 
  53   (0.041) 0.143 0.020 
  73   (0.059) 0.052 0.058 
  80   (0.023) 0.001 0.018 
 531   (0.025) 0.021 0.006 
 693   (0.016) 0.000 0.006 
  93   (0.021) 0.001 0.011 
  85   (0.020) 0.000 0.014 
  37   (0.014) 0.024 0.001 
 692   (0.011) 0.001 0.001 

Locus 4 : Cl274 
8 alleles
0.0% missing data
  61   (0.439) 0.368 0.498 
  57   (0.202) 0.475 0.171 
  65   (0.136) 0.034 0.149 
  53   (0.049) 0.002 0.048 
  69   (0.059) 0.002 0.072 
  73   (0.035) 0.001 0.026 
  49   (0.033) 0.001 0.021 
  45   (0.046) 0.118 0.015 

Locus 5 : Cl285 
34 alleles
0.0% missing data
  75   (0.091) 0.235 0.135 
  71   (0.112) 0.203 0.198 
 631   (0.029) 0.001 0.038 
  67   (0.085) 0.279 0.114 
  63   (0.048) 0.004 0.090 
  79   (0.055) 0.050 0.065 
 792   (0.033) 0.003 0.034 
 671   (0.051) 0.041 0.055 
 831   (0.043) 0.037 0.037 
 752   (0.054) 0.026 0.067 
  55   (0.021) 0.007 0.005 
1401   (0.016) 0.000 0.007 
  59   (0.035) 0.017 0.024 
 712   (0.021) 0.000 0.021 
 833   (0.023) 0.001 0.021 
1322   (0.015) 0.000 0.006 
 136   (0.023) 0.002 0.013 
 164   (0.018) 0.000 0.011 
 872   (0.015) 0.000 0.006 
1282   (0.011) 0.000 0.002 
 148   (0.017) 0.000 0.009 
 144   (0.014) 0.000 0.005 
 119   (0.014) 0.000 0.005 
1402   (0.017) 0.000 0.012 
 751   (0.021) 0.038 0.004 
 791   (0.023) 0.006 0.008 
 711   (0.013) 0.000 0.003 
 132   (0.013) 0.019 0.001 
 832   (0.012) 0.008 0.001 
1361   (0.012) 0.009 0.001 
1281   (0.013) 0.008 0.001 
 124   (0.011) 0.001 0.001 
1321   (0.012) 0.004 0.001 
  87   (0.011) 0.001 0.001 

Locus 6 : Cl291 
20 alleles
0.3% missing data
 641   (0.072) 0.018 0.075 
  72   (0.098) 0.194 0.087 
 682   (0.036) 0.001 0.039 
 801   (0.035) 0.000 0.042 
 681   (0.102) 0.012 0.153 
  76   (0.121) 0.074 0.147 
 722   (0.089) 0.005 0.153 
 601   (0.019) 0.000 0.009 
  80   (0.059) 0.030 0.045 
 761   (0.032) 0.069 0.009 
 762   (0.057) 0.002 0.088 
 721   (0.074) 0.091 0.059 
  84   (0.040) 0.001 0.045 
  64   (0.037) 0.327 0.011 
  68   (0.046) 0.149 0.020 
 843   (0.016) 0.000 0.005 
 881   (0.017) 0.000 0.006 
 803   (0.018) 0.003 0.005 
 763   (0.016) 0.019 0.001 
  60   (0.015) 0.003 0.001 

Locus 7 : Cl308 
51 alleles
0.0% missing data
  72   (0.077) 0.127 0.170 
  64   (0.044) 0.188 0.045 
  68   (0.077) 0.465 0.137 
 103   (0.019) 0.000 0.021 
  80   (0.031) 0.009 0.030 
  76   (0.056) 0.124 0.091 
1151   (0.020) 0.002 0.011 
 123   (0.016) 0.000 0.013 
 115   (0.040) 0.012 0.064 
  83   (0.020) 0.001 0.018 
1231   (0.014) 0.000 0.008 
1192   (0.011) 0.000 0.003 
 131   (0.017) 0.000 0.014 
1191   (0.013) 0.000 0.006 
 752   (0.016) 0.000 0.012 
 143   (0.016) 0.000 0.013 
  79   (0.031) 0.005 0.038 
 119   (0.015) 0.000 0.012 
1431   (0.021) 0.000 0.028 
1112   (0.020) 0.000 0.028 
1193   (0.014) 0.000 0.009 
1591   (0.013) 0.000 0.006 
1232   (0.015) 0.000 0.009 
 139   (0.014) 0.000 0.008 
1111   (0.016) 0.001 0.006 
 127   (0.010) 0.000 0.002 
1391   (0.018) 0.000 0.017 
 121   (0.010) 0.000 0.002 
1313   (0.014) 0.000 0.007 
1113   (0.010) 0.000 0.002 
  87   (0.023) 0.000 0.046 
1031   (0.012) 0.000 0.003 
 155   (0.019) 0.000 0.018 
1312   (0.014) 0.000 0.008 
1272   (0.014) 0.000 0.008 
 151   (0.013) 0.000 0.005 
1351   (0.019) 0.000 0.021 
 135   (0.010) 0.000 0.002 
1432   (0.010) 0.000 0.002 
1152   (0.018) 0.002 0.010 
1271   (0.017) 0.000 0.013 
1311   (0.013) 0.000 0.005 
1472   (0.010) 0.000 0.002 
 137   (0.011) 0.000 0.003 
  88   (0.012) 0.000 0.003 
  60   (0.015) 0.013 0.002 
 712   (0.015) 0.000 0.009 
1071   (0.012) 0.000 0.003 
 751   (0.013) 0.034 0.001 
 107   (0.013) 0.001 0.004 
  71   (0.012) 0.010 0.001 

Locus 8 : Cl330 
25 alleles
1.3% missing data
  52   (0.147) 0.035 0.276 
 601   (0.078) 0.016 0.110 
  40   (0.077) 0.035 0.092 
  72   (0.026) 0.001 0.021 
  56   (0.076) 0.008 0.123 
 481   (0.068) 0.232 0.053 
  61   (0.044) 0.005 0.045 
  80   (0.016) 0.000 0.006 
 681   (0.036) 0.013 0.018 
  64   (0.056) 0.005 0.074 
  57   (0.021) 0.001 0.010 
  75   (0.022) 0.001 0.013 
  71   (0.033) 0.002 0.028 
  28   (0.045) 0.254 0.020 
  65   (0.024) 0.000 0.020 
 441   (0.047) 0.060 0.028 
  36   (0.026) 0.001 0.019 
  79   (0.016) 0.000 0.006 
  73   (0.019) 0.000 0.010 
 602   (0.019) 0.000 0.010 
  48   (0.023) 0.112 0.004 
  67   (0.022) 0.031 0.004 
  62   (0.023) 0.012 0.005 
  44   (0.020) 0.165 0.003 
 521   (0.014) 0.010 0.001 

Locus 9 : Cl344 
15 alleles
3.9% missing data
  56   (0.289) 0.135 0.411 
  60   (0.178) 0.071 0.234 
  48   (0.015) 0.000 0.003 
  76   (0.018) 0.000 0.006 
  64   (0.149) 0.383 0.137 
  72   (0.084) 0.019 0.089 
 761   (0.013) 0.000 0.002 
 641   (0.030) 0.001 0.018 
  68   (0.059) 0.024 0.042 
 601   (0.029) 0.001 0.020 
  52   (0.041) 0.290 0.013 
 681   (0.029) 0.004 0.010 
 721   (0.017) 0.000 0.005 
 561   (0.029) 0.044 0.007 
 521   (0.020) 0.028 0.002 

Locus 10 : Cl366 
8 alleles
0.1% missing data
  80   (0.285) 0.447 0.283 
  92   (0.040) 0.001 0.042 
  76   (0.232) 0.181 0.250 
  88   (0.070) 0.002 0.100 
  84   (0.132) 0.060 0.132 
  72   (0.199) 0.299 0.185 
  64   (0.025) 0.009 0.004 
  68   (0.017) 0.001 0.003 

Locus 11 : Cl375 
14 alleles
0.0% missing data
 491   (0.100) 0.080 0.104 
  53   (0.234) 0.386 0.291 
 612   (0.050) 0.033 0.030 
  57   (0.181) 0.095 0.256 
  45   (0.066) 0.109 0.046 
  61   (0.133) 0.193 0.142 
 651   (0.033) 0.003 0.018 
  69   (0.027) 0.000 0.024 
 571   (0.046) 0.012 0.031 
  65   (0.039) 0.002 0.038 
  37   (0.012) 0.000 0.002 
 691   (0.024) 0.007 0.005 
 531   (0.035) 0.070 0.011 
  49   (0.018) 0.010 0.002 

Locus 12 : Cl408 
13 alleles
0.1% missing data
  62   (0.226) 0.080 0.309 
  74   (0.036) 0.000 0.041 
  50   (0.078) 0.272 0.047 
  58   (0.105) 0.106 0.093 
  66   (0.139) 0.036 0.175 
  70   (0.061) 0.004 0.072 
  54   (0.170) 0.143 0.188 
  78   (0.015) 0.000 0.003 
  79   (0.024) 0.001 0.010 
  75   (0.061) 0.081 0.035 
  82   (0.018) 0.000 0.006 
  46   (0.052) 0.264 0.020 
  34   (0.016) 0.013 0.001 

Locus 13 : Cl507 
22 alleles
0.0% missing data
  70   (0.065) 0.067 0.060 
  94   (0.047) 0.008 0.043 
  74   (0.062) 0.022 0.066 
  54   (0.047) 0.070 0.028 
  82   (0.094) 0.006 0.204 
  90   (0.064) 0.016 0.075 
  86   (0.066) 0.015 0.082 
 701   (0.022) 0.000 0.014 
  78   (0.045) 0.001 0.084 
  62   (0.096) 0.282 0.099 
 741   (0.029) 0.001 0.029 
  66   (0.095) 0.292 0.096 
 661   (0.017) 0.000 0.008 
  58   (0.050) 0.132 0.031 
  98   (0.036) 0.008 0.021 
 781   (0.022) 0.001 0.013 
 141   (0.019) 0.000 0.012 
 102   (0.023) 0.003 0.008 
 106   (0.025) 0.007 0.007 
 702   (0.027) 0.005 0.009 
 621   (0.029) 0.047 0.008 
  50   (0.021) 0.019 0.004 

Locus 14 : Cl527 
29 alleles
0.0% missing data
  62   (0.086) 0.056 0.113 
 622   (0.016) 0.000 0.006 
 461   (0.023) 0.002 0.008 
  82   (0.017) 0.000 0.007 
 661   (0.072) 0.005 0.141 
  70   (0.039) 0.000 0.069 
 581   (0.051) 0.017 0.046 
 701   (0.041) 0.001 0.072 
 501   (0.026) 0.000 0.027 
  66   (0.084) 0.147 0.092 
 741   (0.029) 0.000 0.036 
  58   (0.081) 0.032 0.112 
 541   (0.059) 0.017 0.067 
  74   (0.026) 0.001 0.016 
 621   (0.049) 0.002 0.082 
  78   (0.016) 0.000 0.006 
 781   (0.019) 0.001 0.007 
 462   (0.016) 0.000 0.006 
  67   (0.020) 0.000 0.011 
  54   (0.035) 0.229 0.012 
  50   (0.044) 0.203 0.022 
  63   (0.015) 0.000 0.005 
  46   (0.046) 0.081 0.027 
  42   (0.023) 0.134 0.004 
  61   (0.014) 0.046 0.001 
  57   (0.015) 0.012 0.001 
  65   (0.014) 0.009 0.001 
  26   (0.012) 0.001 0.001 
  53   (0.012) 0.001 0.001 

Locus 15 : Cl380 
21 alleles
2.8% missing data
 671   (0.109) 0.150 0.118 
 672   (0.090) 0.191 0.083 
 751   (0.047) 0.003 0.056 
  71   (0.048) 0.002 0.069 
  79   (0.201) 0.446 0.251 
  75   (0.091) 0.034 0.113 
 711   (0.066) 0.001 0.142 
  67   (0.034) 0.006 0.018 
 791   (0.016) 0.000 0.005 
 591   (0.033) 0.014 0.012 
 552   (0.037) 0.001 0.049 
 792   (0.019) 0.000 0.009 
 593   (0.019) 0.000 0.009 
  59   (0.033) 0.004 0.018 
 631   (0.028) 0.028 0.007 
 833   (0.027) 0.007 0.007 
 712   (0.022) 0.000 0.015 
  63   (0.037) 0.031 0.015 
 551   (0.016) 0.075 0.001 
 592   (0.014) 0.002 0.001 
 632   (0.014) 0.005 0.001 

Locus 16 : Lup02 
6 alleles
0.3% missing data
  56   (0.507) 0.631 0.511 
  60   (0.192) 0.051 0.216 
  52   (0.136) 0.226 0.101 
  48   (0.124) 0.007 0.165 
 561   (0.016) 0.000 0.003 
  64   (0.025) 0.085 0.003 

Locus 17 : Lup13 
5 alleles
0.0% missing data
  57   (0.301) 0.571 0.270 
  61   (0.403) 0.270 0.446 
  65   (0.115) 0.010 0.136 
  53   (0.165) 0.144 0.147 
  69   (0.016) 0.005 0.001 

Locus 18 : Lup20 
9 alleles
1.5% missing data
  56   (0.451) 0.188 0.594 
 601   (0.111) 0.037 0.110 
  60   (0.163) 0.414 0.132 
  68   (0.074) 0.200 0.040 
  64   (0.104) 0.058 0.090 
  72   (0.022) 0.000 0.011 
 681   (0.024) 0.001 0.008 
 641   (0.021) 0.000 0.009 
  52   (0.029) 0.102 0.006 

Locus 19 : Lup21 
11 alleles
0.1% missing data
  41   (0.297) 0.080 0.380 
  57   (0.246) 0.106 0.281 
  53   (0.171) 0.407 0.134 
  37   (0.021) 0.000 0.009 
  45   (0.112) 0.005 0.163 
 531   (0.016) 0.000 0.003 
 611   (0.033) 0.033 0.008 
 491   (0.022) 0.001 0.007 
  49   (0.038) 0.255 0.009 
  61   (0.023) 0.075 0.003 
 612   (0.020) 0.038 0.002 

Locus 20 : Lup23 
6 alleles
0.0% missing data
  59   (0.293) 0.331 0.255 
  63   (0.604) 0.174 0.717 
  67   (0.027) 0.000 0.016 
  55   (0.044) 0.482 0.010 
  51   (0.015) 0.005 0.001 
 671   (0.016) 0.008 0.001 

Values of parameters used in structure:
DATAFILE=/home/eva.pavlovic/data_job_4a1_5_5,	OUTFILE=/home/eva.pavlovic/ParallelStructure/26_results_20MS/4a1_Croatia_low_numbers/4a1_Croatia_low_numbers_5/results_job_4a1_5_5,	NUMINDS=750,	NUMLOCI=20,	MISSING=-9,	LABEL=1,	POPDATA=1,	POPFLAG=0,	PHENOTYPE=0,	EXTRACOLS=0,	MAXPOPS=2,	BURNIN=300000,	NUMREPS=3000000,	USEPOPINFO=0,	INFERALPHA=1,	INFERLAMBDA=0,	POPSPECIFICLAMBDA=0,	POPALPHAS=0,	COMPUTEPROB=1,	NOADMIX=0,	ADMBURNIN=2500,	UPDATEFREQ=1,	PRINTLIKES=0,	INTERMEDSAVE=0,	PRINTKLD=0,	PRINTNET=0,	PRINTLAMBDA=0,	ANCESTDIST=0,	NUMBOXES=1000,	ANCESTPINT=0.90000,	GENSBACK=2,	MIGRPRIOR=0.05000,	PRINTQHAT=1,	PRINTQSUM=0,	ALPHA=1.0000,	FREQSCORR=1,	FPRIORMEAN=0.0100,	FPRIORSD=0.0500,	ONEFST=0,	LAMBDA=1.0000,	UNIFPRIORALPHA=1,	ALPHAMAX=10.0000,	ALPHAPRIORA=1.0000,	ALPHAPRIORB=2.0000,	ALPHAPROPSD=0.0250,	STARTATPOPINFO=0,	RANDOMIZE=1,	LINKAGE=0,	METROFREQ=10,	REPORTHITRATE=0,	MARKOVPHASE=-1,	PHASED=0,	PLOIDY=2,	PHASEINFO=0	LOCPRIOR=0, 	LOCPRIORINIT=1.000000, 	LOCDATA=0, 	LOCISPOP=0, 	LOCPRIORSTEP=0.100000, 	MAXLOCPRIOR=20.000000, 	SEED=1772667915,	
[STRAT parameters]:    NUMSIMSTATS=1000,	PHENOTYPECOL=-9,	POOLFREQ=10,	LOCUSxONLY=0,	EMERROR=0.00100,	MISSINGPHENO=-9,	