       M1EL5  1 0.9970 0.0030 
       W26T6  1 0.9896 0.0104 
       W26XX  1 0.9977 0.0023 
       M013P  1 0.9983 0.0017 
       M1ELA  1 0.9875 0.0125 
       M2C73  1 0.9969 0.0031 
       W23P4  1 0.9507 0.0493 
       W247C  1 0.9981 0.0019 
       W24K1  1 0.9981 0.0019 
       W24ME  1 0.9891 0.0109 
       W2514  1 0.9957 0.0043 
       W26MA  1 0.9918 0.0082 
       W26MM  1 0.9979 0.0021 
       W26MU  1 0.9969 0.0031 
       W26P0  1 0.9973 0.0027 
       W26P3  1 0.9984 0.0016 
       W26T5  1 0.9981 0.0019 
       W26TE  1 0.9945 0.0055 
       W26TF  1 0.9981 0.0019 
       W26U8  1 0.9833 0.0167 
       W26UJ  1 0.9981 0.0019 
       W26UK  1 0.9985 0.0015 
       W26UT  1 0.9983 0.0017 
       W26XT  1 0.9978 0.0022 
      CC06H2  1 0.9868 0.0132 
      CC06H4  1 0.9975 0.0025 
      CC06H5  1 0.9857 0.0143 
      CC06H6  1 0.9957 0.0043 
      CC06HE  1 0.9981 0.0019 
      CC06HF  1 0.9803 0.0197 
      CC06HH  1 0.9976 0.0024 
      CC06HJ  1 0.9973 0.0027 
      CC06HL  1 0.9985 0.0015 
      CC06HP  1 0.9983 0.0017 
      CC06HT  1 0.9761 0.0239 
      CC06HU  1 0.9924 0.0076 
      CC06HY  1 0.9893 0.0107 
      CC06J0  1 0.9967 0.0033 
      CC06J1  1 0.9930 0.0070 
      CC06J2  1 0.9976 0.0024 
     CT.0YCY  1 0.9968 0.0032 
     CT.0YEC  1 0.9985 0.0015 
     CT.0YEF  1 0.9970 0.0030 
     CT.0YEU  1 0.9983 0.0017 
     CT.0YF2  1 0.9964 0.0036 
     CT.0YF8  1 0.9983 0.0017 
     CT.0YFA  1 0.9949 0.0051 
     CT.0YFE  1 0.9963 0.0037 
     CT.0YFP  1 0.9966 0.0034 
     CT.0YFU  1 0.9967 0.0033 
     CT.0YK7  1 0.9963 0.0037 
     CX.10PT  1 0.9905 0.0095 
      DAM021  1 0.9959 0.0041 
      DAM034  1 0.9960 0.0040 
      DAM07X  1 0.9962 0.0038 
     EF.15J6  1 0.9979 0.0021 
      HRV010  1 0.9976 0.0024 
      HRV02J  1 0.9961 0.0039 
      HRV078  1 0.9965 0.0035 
      HRV0FH  1 0.9978 0.0022 
      HRV0H5  1 0.9964 0.0036 
      HRV0JF  1 0.9916 0.0084 
      HRV0JJ  1 0.9958 0.0042 
      HRV0JM  1 0.9972 0.0028 
      HRV0K6  1 0.9902 0.0098 
      HRV0K7  1 0.9981 0.0019 
      HRV0KP  1 0.9959 0.0041 
      HRV1AX  1 0.9885 0.0115 
      HRV1C4  1 0.9917 0.0083 
      HRV1CH  1 0.9969 0.0031 
      HRV1FA  1 0.9960 0.0040 
      HRV1FK  1 0.9965 0.0035 
      HRV1H8  1 0.9970 0.0030 
      HRV1HT  1 0.9940 0.0060 
      HRV1XU  1 0.9969 0.0031 
      HRV4TF  1 0.9971 0.0029 
      HRV6F0  1 0.9975 0.0025 
      HRVE6L  1 0.9966 0.0034 
       M27HM  1 0.9957 0.0043 
       M27HP  1 0.9981 0.0019 
       M2AK4  1 0.9981 0.0019 
       M2ALA  1 0.9981 0.0019 
       M2C56  1 0.9963 0.0037 
       M2CUX  1 0.9959 0.0041 
       M2E24  1 0.9979 0.0021 
       M2EA7  1 0.9976 0.0024 
       M2EH6  1 0.9977 0.0023 
       M2EKC  1 0.9848 0.0152 
      MSV083  1 0.9971 0.0029 
      MSV084  1 0.9955 0.0045 
      MSV0LJ  1 0.9965 0.0035 
      MSV1H5  1 0.9948 0.0052 
      MSV1KM  1 0.9978 0.0022 
      MSV23F  1 0.9973 0.0027 
      MSV2L8  1 0.9974 0.0026 
      MSV2P7  1 0.9977 0.0023 
      MSV2TJ  1 0.9962 0.0038 
      MSV2XM  1 0.9965 0.0035 
      MSV327  1 0.9976 0.0024 
      MSV33L  1 0.9984 0.0016 
        h001  2 0.9982 0.0018 
        h002  2 0.9911 0.0089 
        h003  2 0.9979 0.0021 
        h004  2 0.9948 0.0052 
        h005  2 0.9969 0.0031 
        h006  2 0.9948 0.0052 
        h007  2 0.9984 0.0016 
        h008  2 0.9966 0.0034 
        h009  2 0.9961 0.0039 
        h010  2 0.9978 0.0022 
        h011  2 0.9980 0.0020 
        h012  2 0.9645 0.0355 
        h013  2 0.9978 0.0022 
        h014  2 0.9941 0.0059 
        h015  2 0.9977 0.0023 
        h016  2 0.9976 0.0024 
        h017  2 0.9979 0.0021 
        h018  2 0.9980 0.0020 
        h019  2 0.9979 0.0021 
        h020  2 0.9978 0.0022 
        h021  2 0.9970 0.0030 
        h022  2 0.9732 0.0268 
        h023  2 0.9972 0.0028 
        h024  2 0.9963 0.0037 
        h025  2 0.9956 0.0044 
        h026  2 0.9982 0.0018 
        h027  2 0.9962 0.0038 
        h028  2 0.9966 0.0034 
        h029  2 0.9954 0.0046 
        h030  2 0.9975 0.0025 
        h031  2 0.9967 0.0033 
        h032  2 0.9968 0.0032 
        h033  2 0.9980 0.0020 
        h034  2 0.9905 0.0095 
        h035  2 0.9902 0.0098 
        h036  2 0.9438 0.0562 
        h037  2 0.9980 0.0020 
        h038  2 0.9934 0.0066 
        h039  2 0.9971 0.0029 
        h040  2 0.9887 0.0113 
        h041  2 0.9977 0.0023 
        h042  2 0.9973 0.0027 
        h043  2 0.9973 0.0027 
        h044  2 0.9790 0.0210 
        h045  2 0.9971 0.0029 
        h046  2 0.9982 0.0018 
        h047  2 0.9976 0.0024 
        h048  2 0.9944 0.0056 
        h049  2 0.9963 0.0037 
        h050  2 0.9984 0.0016 
        h051  2 0.9985 0.0015 
        h052  2 0.9963 0.0037 
        h053  2 0.9958 0.0042 
        h054  2 0.9964 0.0036 
        h055  2 0.9959 0.0041 
        h056  2 0.9978 0.0022 
        h057  2 0.9916 0.0084 
        h058  2 0.9252 0.0748 
        h059  2 0.9980 0.0020 
        h060  2 0.9980 0.0020 
        h061  2 0.9983 0.0017 
        h062  2 0.9854 0.0146 
        h063  2 0.9951 0.0049 
        h064  2 0.9985 0.0015 
        h065  2 0.9930 0.0070 
        h066  2 0.9980 0.0020 
        h067  2 0.9959 0.0041 
        h068  2 0.9968 0.0032 
        h069  2 0.9966 0.0034 
        h070  2 0.9988 0.0012 
        h071  2 0.9975 0.0025 
        h072  2 0.9972 0.0028 
        h073  2 0.9987 0.0013 
        h074  2 0.9958 0.0042 
        h075  2 0.9968 0.0032 
        h076  2 0.9968 0.0032 
        h077  2 0.9986 0.0014 
        h078  2 0.9828 0.0172 
        h079  2 0.9976 0.0024 
        h080  2 0.9955 0.0045 
        h081  2 0.9986 0.0014 
        h082  2 0.9975 0.0025 
        h083  2 0.9976 0.0024 
        h084  2 0.9987 0.0013 
        h085  2 0.9965 0.0035 
        h086  2 0.8024 0.1976 
        h087  2 0.9981 0.0019 
        h088  2 0.9969 0.0031 
        h089  2 0.9973 0.0027 
        h090  2 0.9974 0.0026 
        h091  2 0.9964 0.0036 
        h092  2 0.9979 0.0021 
        h093  2 0.9974 0.0026 
        h094  2 0.9891 0.0109 
        h095  2 0.9935 0.0065 
        h096  2 0.9980 0.0020 
        h097  2 0.9958 0.0042 
        h098  2 0.9967 0.0033 
        h099  2 0.9956 0.0044 
        h100  2 0.9949 0.0051 
        h101  2 0.9924 0.0076 
        h102  2 0.9954 0.0046 
        h103  2 0.9979 0.0021 
        h104  2 0.9966 0.0034 
        h105  2 0.9971 0.0029 
        h106  2 0.9983 0.0017 
        h107  2 0.9978 0.0022 
        h108  2 0.9984 0.0016 
        h109  2 0.9975 0.0025 
        h110  2 0.9968 0.0032 
        h111  2 0.9935 0.0065 
        h112  2 0.9979 0.0021 
        h113  2 0.9968 0.0032 
        h114  2 0.9983 0.0017 
        h115  2 0.9986 0.0014 
        h116  2 0.9979 0.0021 
        h117  2 0.9980 0.0020 
        h118  2 0.9955 0.0045 
        h119  2 0.9980 0.0020 
        h120  2 0.9978 0.0022 
        h121  2 0.9963 0.0037 
        h122  2 0.9913 0.0087 
        h123  2 0.9950 0.0050 
        h124  2 0.9982 0.0018 
        h125  2 0.9934 0.0066 
        h126  2 0.9915 0.0085 
        h127  2 0.9964 0.0036 
        h128  2 0.9961 0.0039 
        h129  2 0.9977 0.0023 
        h130  2 0.9985 0.0015 
        h131  2 0.9979 0.0021 
        h132  2 0.9988 0.0012 
        h133  2 0.9912 0.0088 
        h134  2 0.9983 0.0017 
        h135  2 0.9971 0.0029 
        h136  2 0.9963 0.0037 
        h137  2 0.9973 0.0027 
        h138  2 0.9979 0.0021 
        h139  2 0.9986 0.0014 
        h140  2 0.9946 0.0054 
        h141  2 0.9979 0.0021 
        h142  2 0.9963 0.0037 
        h143  2 0.9981 0.0019 
        h144  2 0.9971 0.0029 
        h145  2 0.9984 0.0016 
        h146  2 0.9957 0.0043 
        h147  2 0.9940 0.0060 
        h148  2 0.9973 0.0027 
        h149  2 0.9984 0.0016 
        h150  2 0.9978 0.0022 
        h151  2 0.9928 0.0072 
        h152  2 0.9984 0.0016 
        h153  2 0.9976 0.0024 
        h154  2 0.9955 0.0045 
        h155  2 0.9978 0.0022 
        h156  2 0.9979 0.0021 
        h157  2 0.9957 0.0043 
        h158  2 0.9973 0.0027 
        h159  2 0.9981 0.0019 
        h160  2 0.9981 0.0019 
        h161  2 0.9985 0.0015 
        h162  2 0.9914 0.0086 
        h163  2 0.9968 0.0032 
        h164  2 0.9977 0.0023 
        h165  2 0.9973 0.0027 
        h166  2 0.9960 0.0040 
        h167  2 0.9982 0.0018 
        h168  2 0.9952 0.0048 
        h169  2 0.9981 0.0019 
        h170  2 0.9970 0.0030 
        h171  2 0.9975 0.0025 
        h172  2 0.9925 0.0075 
        h173  2 0.9941 0.0059 
        h174  2 0.9949 0.0051 
        h175  2 0.9982 0.0018 
        h176  2 0.9980 0.0020 
        h177  2 0.9982 0.0018 
        h178  2 0.9941 0.0059 
        h179  2 0.9982 0.0018 
        h180  2 0.9983 0.0017 
        h181  2 0.9983 0.0017 
        h182  2 0.9976 0.0024 
        h183  2 0.9948 0.0052 
        h184  2 0.9968 0.0032 
        h185  2 0.9945 0.0055 
        h186  2 0.9978 0.0022 
        h187  2 0.9976 0.0024 
        h188  2 0.9967 0.0033 
        h189  2 0.9975 0.0025 
        h190  2 0.9974 0.0026 
        h191  2 0.9979 0.0021 
        h192  2 0.9976 0.0024 
        h193  2 0.9952 0.0048 
        h194  2 0.9974 0.0026 
        h195  2 0.9986 0.0014 
        h196  2 0.9981 0.0019 
        h197  2 0.9969 0.0031 
        h198  2 0.9964 0.0036 
        h199  2 0.9978 0.0022 
        h200  2 0.9985 0.0015 
        h201  2 0.9343 0.0657 
        h202  2 0.9978 0.0022 
        h203  2 0.9886 0.0114 
        h204  2 0.9954 0.0046 
        h205  2 0.9960 0.0040 
        h206  2 0.9884 0.0116 
        h207  2 0.9950 0.0050 
        h208  2 0.9962 0.0038 
        h209  2 0.9974 0.0026 
        h210  2 0.9959 0.0041 
        h211  2 0.9973 0.0027 
        h212  2 0.9911 0.0089 
        h213  2 0.9964 0.0036 
        h214  2 0.9975 0.0025 
        h215  2 0.9973 0.0027 
        h216  2 0.9974 0.0026 
        h217  2 0.9979 0.0021 
        h218  2 0.9980 0.0020 
        h219  2 0.9975 0.0025 
        h220  2 0.9968 0.0032 
        h221  2 0.9932 0.0068 
        h222  2 0.9970 0.0030 
        h223  2 0.9974 0.0026 
        h224  2 0.9982 0.0018 
        h225  2 0.9947 0.0053 
        h226  2 0.9968 0.0032 
        h227  2 0.9923 0.0077 
        h228  2 0.9974 0.0026 
        h229  2 0.9987 0.0013 
        h230  2 0.9975 0.0025 
        h231  2 0.9976 0.0024 
        h232  2 0.9970 0.0030 
        h233  2 0.9978 0.0022 
        h234  2 0.9410 0.0590 
        h235  2 0.9977 0.0023 
        h236  2 0.9979 0.0021 
        h237  2 0.9942 0.0058 
        h238  2 0.9986 0.0014 
        h239  2 0.9983 0.0017 
        h240  2 0.9982 0.0018 
        h241  2 0.9975 0.0025 
        h242  2 0.9974 0.0026 
        h243  2 0.9982 0.0018 
        h244  2 0.9965 0.0035 
        h245  2 0.9942 0.0058 
        h246  2 0.9970 0.0030 
        h247  2 0.9895 0.0105 
        h248  2 0.9806 0.0194 
        h249  2 0.9972 0.0028 
        h250  2 0.9954 0.0046 
      MSV1TX  3 0.5852 0.4148 
      MSV025  3 0.3227 0.6773 
      MSV02C  3 0.4758 0.5242 
      MSV02E  3 0.3969 0.6031 
      MSV0TF  3 0.3691 0.6309 
       M2EL8  3 0.2730 0.7270 
      MSV21T  4 0.0095 0.9905 
       M2E71  4 0.0632 0.9368 
       W23CA  5 0.0029 0.9971 
     AP.085Y  5 0.0040 0.9960 
     CH.0LLY  5 0.1465 0.8535 
       M0LEC  5 0.0024 0.9976 
       M2C3H  5 0.0148 0.9852 
       M2CHL  5 0.2986 0.7014 
       W26P7  5 0.0078 0.9922 
     AP.07M5  5 0.0050 0.9950 
     AP.080U  5 0.0072 0.9928 
     AP.082A  5 0.0022 0.9978 
     AP.0843  5 0.0280 0.9720 
     AP.0844  5 0.1030 0.8970 
     AP.084X  5 0.0038 0.9962 
     AP.086Y  5 0.0085 0.9915 
     AP.0870  5 0.0076 0.9924 
     AP.0878  5 0.0178 0.9822 
     AP.087F  5 0.0168 0.9832 
     AP.087Y  5 0.2277 0.7723 
     AP.088P  5 0.0049 0.9951 
     AP.08AK  5 0.0119 0.9881 
     CH.0LLM  5 0.0081 0.9919 
     CH.0LLU  5 0.1348 0.8652 
     CH.0LM0  5 0.0227 0.9773 
     CH.0LM3  5 0.0111 0.9889 
       W26MY  5 0.1970 0.8030 
       W26P6  5 0.0726 0.9274 
      HRV07U  5 0.0131 0.9869 
      HRV1CT  5 0.0025 0.9975 
      HRV1CU  5 0.0016 0.9984 
      HRV1E6  5 0.0026 0.9974 
      HRV081  5 0.0014 0.9986 
      HRV1E3  5 0.0073 0.9927 
      MSV21E  5 0.0127 0.9873 
      MSV216  5 0.0056 0.9944 
       M0TYK  5 0.0176 0.9824 
      MSV2AA  5 0.0283 0.9717 
     CK.0PET  5 0.1186 0.8814 
       M2E8C  5 0.0025 0.9975 
      MSV23X  5 0.0128 0.9872 
      MSV32A  5 0.0244 0.9756 
     AP.0838  5 0.0034 0.9966 
     AP.088F  5 0.0055 0.9945 
      DAM2HL  6 0.0020 0.9980 
       M2ALK  6 0.0039 0.9961 
       M2E2J  6 0.0326 0.9674 
       M2E73  6 0.0024 0.9976 
       M2E74  6 0.0050 0.9950 
       M2EUJ  6 0.0024 0.9976 
      DAM1XK  6 0.0022 0.9978 
       M2057  6 0.0032 0.9968 
       M2271  6 0.0017 0.9983 
       M27YK  6 0.0301 0.9699 
       M2A1H  6 0.0040 0.9960 
       M2E0P  6 0.0019 0.9981 
       M2E75  6 0.0014 0.9986 
       M2E76  6 0.0035 0.9965 
      MSV0T5  6 0.0020 0.9980 
      MSV241  6 0.0035 0.9965 
      MSV2A0  6 0.0038 0.9962 
      MSV2A1  6 0.0017 0.9983 
      MSV2A8  6 0.0023 0.9977 
      DAM1P5  6 0.0013 0.9987 
       M1084  6 0.0020 0.9980 
      MSV2M4  6 0.0026 0.9974 
      MSV2T6  6 0.0034 0.9966 
       M1UM1  6 0.0051 0.9949 
       M2ECL  6 0.0044 0.9956 
       M2EJ0  6 0.0018 0.9982 
      MSV20J  6 0.0019 0.9981 
      MSV2TK  6 0.0037 0.9963 
      MSV2TX  6 0.0016 0.9984 
      MSV310  6 0.0035 0.9965 
      MSV33F  6 0.0037 0.9963 
      DAM35L  6 0.0017 0.9983 
       M2E4C  6 0.0019 0.9981 
       M2E4H  6 0.0025 0.9975 
       M2E65  6 0.0034 0.9966 
       M2EEJ  6 0.0025 0.9975 
       M2EEP  6 0.0037 0.9963 
      MSV1TU  6 0.0039 0.9961 
      MSV20M  6 0.0018 0.9982 
      MSV223  6 0.0031 0.9969 
      MSV22E  6 0.0027 0.9973 
      MSV23J  6 0.0026 0.9974 
      MSV2K6  6 0.0018 0.9982 
      DAM23U  6 0.0029 0.9971 
       M2E8A  6 0.0020 0.9980 
      MSV2L2  6 0.0028 0.9972 
       M1YMH  6 0.0041 0.9959 
       M2A84  6 0.0050 0.9950 
      MSV23M  6 0.0124 0.9876 
     AP.085T  6 0.0016 0.9984 
     AP.086J  6 0.1845 0.8155 
     AP.08C2  6 0.0865 0.9135 
     AP.08CF  6 0.0017 0.9983 
     AP.08CX  6 0.0015 0.9985 
     AP.08CY  6 0.0028 0.9972 
      DAM0JX  6 0.0019 0.9981 
      DAM0P4  6 0.0019 0.9981 
      DAM0UK  6 0.0029 0.9971 
       M2030  6 0.0018 0.9982 
      MSV24M  6 0.0024 0.9976 
       M20AM  6 0.0026 0.9974 
       M21YP  6 0.4100 0.5900 
       M2205  6 0.0012 0.9988 
       M2206  6 0.0016 0.9984 
      MSV267  6 0.0021 0.9979 
       M2757  6 0.0029 0.9971 
       M27TH  6 0.0021 0.9979 
      MSV2JA  6 0.0056 0.9944 
      MSV2KU  6 0.0031 0.9969 
      MSV2MF  6 0.0024 0.9976 
      MSV2TA  6 0.0015 0.9985 
      MSV2TE  6 0.0014 0.9986 
      MSV2TU  6 0.0032 0.9968 
      MSV2UT  6 0.0037 0.9963 
      MSV306  6 0.0024 0.9976 
      MSV311  6 0.0014 0.9986 
      MSV31M  6 0.0023 0.9977 
      MSV325  6 0.0023 0.9977 
      MSV32H  6 0.0033 0.9967 
     CX.112U  6 0.0028 0.9972 
      DAM2PC  6 0.1014 0.8986 
       M2E48  6 0.0023 0.9977 
       M2E7K  6 0.0023 0.9977 
       M2E80  6 0.0024 0.9976 
       M2EAM  6 0.0013 0.9987 
       M2EFF  6 0.0027 0.9973 
       M2EFY  6 0.0020 0.9980 
       M2EHM  6 0.0019 0.9981 
       M2EK0  6 0.0020 0.9980 
       M2EK1  6 0.0015 0.9985 
      MSV22F  6 0.0020 0.9980 
      MSV273  6 0.0033 0.9967 
      MSV0TL  6 0.0096 0.9904 
      MSV0TT  6 0.0022 0.9978 
      MSV12H  6 0.0019 0.9981 
      MSV1TH  6 0.0029 0.9971 
      MSV275  6 0.0037 0.9963 
      MSV286  6 0.0048 0.9952 
      MSV2H4  6 0.0016 0.9984 
      MSV2K8  6 0.0022 0.9978 
      MSV2PM  6 0.0013 0.9987 
      MSV2X3  6 0.0012 0.9988 
      MSV2X4  6 0.0033 0.9967 
      MSV30U  6 0.0013 0.9987 
     CX.111C  6 0.0015 0.9985 
     AP.07M2  7 0.0236 0.9764 
      HRV05C  7 0.0051 0.9949 
      HRV077  7 0.0036 0.9964 
      HRV0A0  7 0.0015 0.9985 
      HRV0MC  7 0.0021 0.9979 
      HRV00P  7 0.0015 0.9985 
      HRV01J  7 0.0020 0.9980 
      HRV026  7 0.0024 0.9976 
      HRV02C  7 0.0014 0.9986 
      HRV031  7 0.0016 0.9984 
      HRV033  7 0.0015 0.9985 
      HRV05L  7 0.0021 0.9979 
      HRV06A  7 0.0018 0.9982 
      HRV07P  7 0.0016 0.9984 
      HRV0HC  7 0.0080 0.9920 
      HRV0HU  7 0.0035 0.9965 
      HRV0K1  7 0.0017 0.9983 
      HRV0M6  7 0.0072 0.9928 
      HRV0M7  7 0.0024 0.9976 
      HRV0MK  7 0.0015 0.9985 
      HRV1C7  7 0.0018 0.9982 
      HRV1EA  7 0.0057 0.9943 
       M147K  7 0.0012 0.9988 
      HRV008  7 0.0018 0.9982 
      HRV015  7 0.0028 0.9972 
      HRV01F  7 0.0052 0.9948 
      HRV01L  7 0.0017 0.9983 
      HRV01M  7 0.0022 0.9978 
      HRV020  7 0.0031 0.9969 
      HRV022  7 0.0055 0.9945 
      HRV02A  7 0.0044 0.9956 
      HRV02K  7 0.0059 0.9941 
      HRV04C  7 0.0018 0.9982 
      HRV05H  7 0.0037 0.9963 
      HRV076  7 0.0045 0.9955 
      HRV07H  7 0.0014 0.9986 
      HRV07X  7 0.0046 0.9954 
      HRV080  7 0.0017 0.9983 
      HRV086  7 0.0025 0.9975 
      HRV0H3  7 0.0023 0.9977 
      HRV0J3  7 0.0025 0.9975 
      HRV0JX  7 0.0044 0.9956 
      HRV0ML  7 0.0014 0.9986 
      HRV1E8  7 0.0020 0.9980 
      HRV007  7 0.0030 0.9970 
      HRV005  7 0.0025 0.9975 
      HRV05U  7 0.0016 0.9984 
      HRV01U  7 0.0020 0.9980 
     AP.07M1  7 0.0018 0.9982 
     AP.07ME  7 0.0047 0.9953 
     AP.0817  7 0.0025 0.9975 
     AP.0863  7 0.0076 0.9924 
     AP.087T  7 0.0106 0.9894 
     AP.088T  7 0.0015 0.9985 
     CH.0LM1  7 0.0024 0.9976 
       M05X5  7 0.0154 0.9846 
       M06JH  7 0.0418 0.9582 
       M0A6K  7 0.0023 0.9977 
       M0ETF  7 0.0017 0.9983 
       M0LUP  7 0.0027 0.9973 
       M16F1  7 0.0022 0.9978 
       M182M  7 0.0027 0.9973 
       M1CFL  7 0.0020 0.9980 
       M2AXY  7 0.0023 0.9977 
       M2AY2  7 0.0112 0.9888 
       M2CHP  7 0.0280 0.9720 
       W26LK  7 0.0019 0.9981 
       W26ME  7 0.0039 0.9961 
     AM.07FM  7 0.0012 0.9988 
     AM.07FP  7 0.0019 0.9981 
     AP.07M4  7 0.0014 0.9986 
     AP.07M7  7 0.0013 0.9987 
     AP.07M8  7 0.0022 0.9978 
     AP.07MA  7 0.0049 0.9951 
     AP.07MC  7 0.0017 0.9983 
     AP.07P8  7 0.0214 0.9786 
     AP.07U8  7 0.0030 0.9970 
     AP.081F  7 0.0023 0.9977 
     AP.081H  7 0.1962 0.8038 
     AP.0820  7 0.0224 0.9776 
     AP.0841  7 0.0623 0.9377 
     AP.0858  7 0.0031 0.9969 
     AP.085U  7 0.0133 0.9867 
     AP.085X  7 0.0017 0.9983 
     AP.0861  7 0.0025 0.9975 
     AP.0864  7 0.0015 0.9985 
     AP.086X  7 0.0017 0.9983 
     AP.0872  7 0.0019 0.9981 
     AP.0875  7 0.1472 0.8528 
     AP.087A  7 0.0018 0.9982 
     AP.087C  7 0.0035 0.9965 
     AP.087E  7 0.0017 0.9983 
     AP.087H  7 0.0016 0.9984 
     AP.087K  7 0.0035 0.9965 
     AP.087L  7 0.0020 0.9980 
     AP.087M  7 0.0026 0.9974 
     AP.087P  7 0.0027 0.9973 
     AP.087U  7 0.0251 0.9749 
     AP.087X  7 0.0093 0.9907 
     AP.0881  7 0.0058 0.9942 
     AP.0882  7 0.0021 0.9979 
     AP.0883  7 0.0105 0.9895 
     AP.0884  7 0.0018 0.9982 
     AP.0885  7 0.0036 0.9964 
     AP.0887  7 0.0022 0.9978 
     AP.0888  7 0.3799 0.6201 
     AP.088A  7 0.0021 0.9979 
     AP.088C  7 0.0987 0.9013 
     AP.088J  7 0.0035 0.9965 
     AP.088K  7 0.0054 0.9946 
     AP.088L  7 0.0018 0.9982 
     AP.088U  7 0.0017 0.9983 
     AP.088X  7 0.0137 0.9863 
     AP.08A0  7 0.0016 0.9984 
     AP.08A1  7 0.0028 0.9972 
     AP.08A3  7 0.0016 0.9984 
     AP.08A4  7 0.1467 0.8533 
     AP.08A5  7 0.0015 0.9985 
     AP.08A6  7 0.0046 0.9954 
     AP.08A8  7 0.0020 0.9980 
     AP.08AC  7 0.0061 0.9939 
     AP.08AH  7 0.0031 0.9969 
     AP.08AJ  7 0.0034 0.9966 
     AP.08AM  7 0.0021 0.9979 
     AP.08AT  7 0.0020 0.9980 
     AP.08AX  7 0.0016 0.9984 
     CH.0LLP  7 0.0021 0.9979 
     CH.0LM2  7 0.0041 0.9959 
     CH.0LM4  7 0.0016 0.9984 
     CH.0LM5  7 0.0020 0.9980 
       M0102  7 0.0021 0.9979 
       M023A  7 0.0014 0.9986 
       M03MM  7 0.0027 0.9973 
       M04PF  7 0.0018 0.9982 
       M04XH  7 0.0036 0.9964 
       M04XM  7 0.0020 0.9980 
       M0557  7 0.0041 0.9959 
       M055C  7 0.0225 0.9775 
       M05JC  7 0.0021 0.9979 
       M05PH  7 0.0032 0.9968 
       M05X6  7 0.0016 0.9984 
       M07TC  7 0.0034 0.9966 
       M0A66  7 0.0015 0.9985 
       M0EYT  7 0.0016 0.9984 
       M0FF2  7 0.0014 0.9986 
       M0HJ6  7 0.0039 0.9961 
      HRV0JL  7 0.0013 0.9987 
      HRV0JP  7 0.0020 0.9980 
      HRV0KA  7 0.0020 0.9980 
      HRV0LJ  7 0.0042 0.9958 
      HRV0LM  7 0.0024 0.9976 
      HRV0LP  7 0.0060 0.9940 
       M0HJ8  7 0.0017 0.9983 
       M0HM3  7 0.0017 0.9983 
       M0J1X  7 0.0019 0.9981 
       M0L32  7 0.0029 0.9971 
       M0L8F  7 0.0068 0.9932 
       M0LUH  7 0.0019 0.9981 
       M0XPJ  7 0.0019 0.9981 
       M0XTE  7 0.0052 0.9948 
       M157H  7 0.0019 0.9981 
       M16YU  7 0.0014 0.9986 
       M1751  7 0.0021 0.9979 
       M1C2H  7 0.0015 0.9985 
       M1E60  7 0.0014 0.9986 
       M1EKX  7 0.0015 0.9985 
       M1EKY  7 0.0015 0.9985 
       M1EL3  7 0.0036 0.9964 
       M1ELC  7 0.0024 0.9976 
       M1ELE  7 0.0016 0.9984 
       M2AY0  7 0.0034 0.9966 
       M2AY4  7 0.0019 0.9981 
       M2AY5  7 0.0026 0.9974 
       M2AY8  7 0.0804 0.9196 
       M2C3A  7 0.0019 0.9981 
       M2C3F  7 0.0021 0.9979 
      HRV0ME  7 0.0035 0.9965 
       M2CHJ  7 0.0034 0.9966 
       M2CHM  7 0.0189 0.9811 
       M2CHY  7 0.0029 0.9971 
       W23E8  7 0.0017 0.9983 
       W23EM  7 0.0026 0.9974 
       W23EX  7 0.0021 0.9979 
       W23F0  7 0.0023 0.9977 
       W26L5  7 0.0300 0.9700 
       W26LM  7 0.1273 0.8727 
       W26MJ  7 0.0858 0.9142 
       W26ML  7 0.0018 0.9982 
       W26MT  7 0.0015 0.9985 
       W26PE  7 0.1701 0.8299 
       W26PJ  7 0.1372 0.8628 
       W26PT  7 0.0017 0.9983 
       W26PX  7 0.0079 0.9921 
       W26T0  7 0.0027 0.9973 
       W26TC  7 0.0013 0.9987 
       W26TJ  7 0.0666 0.9334 
       W26UE  7 0.0024 0.9976 
       W26UF  7 0.0017 0.9983 
       W26UL  7 0.0117 0.9883 
       W26X2  7 0.0027 0.9973 
       W2716  7 0.0260 0.9740 
      HRV1C6  7 0.0015 0.9985 
      HRV1CX  7 0.0053 0.9947 
      HRV1E2  7 0.0015 0.9985 
      HRV1E4  7 0.0013 0.9987 
      HRV1E5  7 0.0014 0.9986 
      HRV1EC  7 0.0020 0.9980 
      HRV1EK  7 0.0058 0.9942 
      HRV001  7 0.0017 0.9983 
      HRV00H  7 0.0020 0.9980 
      HRV00K  7 0.0019 0.9981 
      HRV01X  7 0.0021 0.9979 
      HRV025  7 0.0035 0.9965 
      HRV028  7 0.0021 0.9979 
      HRV041  7 0.0018 0.9982 
      HRV04F  7 0.0017 0.9983 
      HRV04L  7 0.0015 0.9985 
      HRV055  7 0.0014 0.9986 
      HRV05J  7 0.0020 0.9980 
      HRV07J  7 0.0015 0.9985 
      HRV07K  7 0.0099 0.9901 
      HRV07L  7 0.0074 0.9926 
      HRV07M  7 0.0015 0.9985 
      HRV0HM  7 0.0114 0.9886 
      HRV0J2  7 0.0016 0.9984 
      HRV0K3  7 0.0017 0.9983 
      HRV0KE  7 0.0017 0.9983 
      HRV0KF  7 0.0029 0.9971 
      HRV0KU  7 0.0056 0.9944 
      HRV0L6  7 0.0016 0.9984 
      HRV0M2  7 0.0033 0.9967 
      HRV0MF  7 0.0018 0.9982 
      HRV0MJ  7 0.0066 0.9934 
      HRV1AT  7 0.0019 0.9981 
      HRV1C1  7 0.0020 0.9980 
      HRV1CL  7 0.0023 0.9977 
      HRV1E1  7 0.0022 0.9978 
      HRV1E7  7 0.0018 0.9982 
      HRV1EE  7 0.0016 0.9984 
      HRV1ET  7 0.0015 0.9985 
