       M1EL5  1 0.9713 0.0287 
       W26T6  1 0.9468 0.0532 
       W26XX  1 0.9785 0.0215 
       M013P  1 0.9694 0.0306 
       M1ELA  1 0.9518 0.0482 
       M2C73  1 0.9779 0.0221 
       W23P4  1 0.9629 0.0371 
       W247C  1 0.9731 0.0269 
       W24K1  1 0.9773 0.0227 
       W24ME  1 0.9544 0.0456 
       W2514  1 0.9759 0.0241 
       W26MA  1 0.9594 0.0406 
       W26MM  1 0.9569 0.0431 
       W26MU  1 0.9731 0.0269 
       W26P0  1 0.9747 0.0253 
       W26P3  1 0.9791 0.0209 
       W26T5  1 0.9812 0.0188 
       W26TE  1 0.9662 0.0338 
       W26TF  1 0.9088 0.0912 
       W26U8  1 0.9364 0.0636 
       W26UJ  1 0.9740 0.0260 
       W26UK  1 0.9828 0.0172 
       W26UT  1 0.9749 0.0251 
       W26XT  1 0.9519 0.0481 
      CC06H2  1 0.9469 0.0531 
      CC06H4  1 0.9542 0.0458 
      CC06H5  1 0.9675 0.0325 
      CC06H6  1 0.9829 0.0171 
      CC06HE  1 0.9770 0.0230 
      CC06HF  1 0.9448 0.0552 
      CC06HH  1 0.9779 0.0221 
      CC06HJ  1 0.9594 0.0406 
      CC06HL  1 0.9774 0.0226 
      CC06HP  1 0.9807 0.0193 
      CC06HT  1 0.9598 0.0402 
      CC06HU  1 0.9804 0.0196 
      CC06HY  1 0.9535 0.0465 
      CC06J0  1 0.9514 0.0486 
      CC06J1  1 0.9697 0.0303 
      CC06J2  1 0.9654 0.0346 
     CT.0YCY  1 0.9736 0.0264 
     CT.0YEC  1 0.9838 0.0162 
     CT.0YEF  1 0.9786 0.0214 
     CT.0YEU  1 0.9836 0.0164 
     CT.0YF2  1 0.9572 0.0428 
     CT.0YF8  1 0.9846 0.0154 
     CT.0YFA  1 0.9834 0.0166 
     CT.0YFE  1 0.9756 0.0244 
     CT.0YFP  1 0.9450 0.0550 
     CT.0YFU  1 0.9752 0.0248 
     CT.0YK7  1 0.9585 0.0415 
     CX.10PT  1 0.9013 0.0987 
      DAM021  1 0.9721 0.0279 
      DAM034  1 0.9836 0.0164 
      DAM07X  1 0.9786 0.0214 
     EF.15J6  1 0.9783 0.0217 
      HRV010  1 0.9597 0.0403 
      HRV02J  1 0.9729 0.0271 
      HRV078  1 0.9666 0.0334 
      HRV0FH  1 0.9796 0.0204 
      HRV0H5  1 0.9743 0.0257 
      HRV0JF  1 0.9758 0.0242 
      HRV0JJ  1 0.9714 0.0286 
      HRV0JM  1 0.9794 0.0206 
      HRV0K6  1 0.9037 0.0963 
      HRV0K7  1 0.9789 0.0211 
      HRV0KP  1 0.9419 0.0581 
      HRV1AX  1 0.9684 0.0316 
      HRV1C4  1 0.9816 0.0184 
      HRV1CH  1 0.9753 0.0247 
      HRV1FA  1 0.9721 0.0279 
      HRV1FK  1 0.9582 0.0418 
      HRV1H8  1 0.9775 0.0225 
      HRV1HT  1 0.9573 0.0427 
      HRV1XU  1 0.9197 0.0803 
      HRV4TF  1 0.9690 0.0310 
      HRV6F0  1 0.9650 0.0350 
      HRVE6L  1 0.9523 0.0477 
       M27HM  1 0.9773 0.0227 
       M27HP  1 0.9778 0.0222 
       M2AK4  1 0.9753 0.0247 
       M2ALA  1 0.9778 0.0222 
       M2C56  1 0.9685 0.0315 
       M2CUX  1 0.9532 0.0468 
       M2E24  1 0.9805 0.0195 
       M2EA7  1 0.9748 0.0252 
       M2EH6  1 0.9766 0.0234 
       M2EKC  1 0.9494 0.0506 
      MSV083  1 0.9149 0.0851 
      MSV084  1 0.9770 0.0230 
      MSV0LJ  1 0.9689 0.0311 
      MSV1H5  1 0.9761 0.0239 
      MSV1KM  1 0.9808 0.0192 
      MSV23F  1 0.9329 0.0671 
      MSV2L8  1 0.9711 0.0289 
      MSV2P7  1 0.9744 0.0256 
      MSV2TJ  1 0.9815 0.0185 
      MSV2XM  1 0.9611 0.0389 
      MSV327  1 0.9701 0.0299 
      MSV33L  1 0.9819 0.0181 
        h001  2 0.9217 0.0783 
        h002  2 0.9743 0.0257 
        h003  2 0.9162 0.0838 
        h004  2 0.9156 0.0844 
        h005  2 0.9758 0.0242 
        h006  2 0.8912 0.1088 
        h007  2 0.9344 0.0656 
        h008  2 0.9769 0.0231 
        h009  2 0.9563 0.0437 
        h010  2 0.8732 0.1268 
        h011  2 0.8106 0.1894 
        h012  2 0.9568 0.0432 
        h013  2 0.9351 0.0649 
        h014  2 0.8081 0.1919 
        h015  2 0.9625 0.0375 
        h016  2 0.8087 0.1913 
        h017  2 0.9531 0.0469 
        h018  2 0.9343 0.0657 
        h019  2 0.8004 0.1996 
        h020  2 0.9268 0.0732 
        h021  2 0.8602 0.1398 
        h022  2 0.9067 0.0933 
        h023  2 0.8652 0.1348 
        h024  2 0.8350 0.1650 
        h025  2 0.9276 0.0724 
        h026  2 0.9486 0.0514 
        h027  2 0.9330 0.0670 
        h028  2 0.9317 0.0683 
        h029  2 0.8952 0.1048 
        h030  2 0.8827 0.1173 
        h031  2 0.7504 0.2496 
        h032  2 0.9334 0.0666 
        h033  2 0.9187 0.0813 
        h034  2 0.8016 0.1984 
        h035  2 0.9663 0.0337 
        h036  2 0.9627 0.0373 
        h037  2 0.7871 0.2129 
        h038  2 0.7447 0.2553 
        h039  2 0.8901 0.1099 
        h040  2 0.8869 0.1131 
        h041  2 0.8203 0.1797 
        h042  2 0.8967 0.1033 
        h043  2 0.7971 0.2029 
        h044  2 0.8552 0.1448 
        h045  2 0.8538 0.1462 
        h046  2 0.8604 0.1396 
        h047  2 0.9708 0.0292 
        h048  2 0.9604 0.0396 
        h049  2 0.9828 0.0172 
        h050  2 0.9457 0.0543 
        h051  2 0.9370 0.0630 
        h052  2 0.8569 0.1431 
        h053  2 0.9292 0.0708 
        h054  2 0.9410 0.0590 
        h055  2 0.9015 0.0985 
        h056  2 0.9211 0.0789 
        h057  2 0.8643 0.1357 
        h058  2 0.8227 0.1773 
        h059  2 0.8845 0.1155 
        h060  2 0.9410 0.0590 
        h061  2 0.9117 0.0883 
        h062  2 0.9075 0.0925 
        h063  2 0.8995 0.1005 
        h064  2 0.9766 0.0234 
        h065  2 0.7318 0.2682 
        h066  2 0.9416 0.0584 
        h067  2 0.7688 0.2312 
        h068  2 0.8552 0.1448 
        h069  2 0.9455 0.0545 
        h070  2 0.7298 0.2702 
        h071  2 0.8285 0.1715 
        h072  2 0.9705 0.0295 
        h073  2 0.8948 0.1052 
        h074  2 0.9600 0.0400 
        h075  2 0.9666 0.0334 
        h076  2 0.7600 0.2400 
        h077  2 0.9360 0.0640 
        h078  2 0.9757 0.0243 
        h079  2 0.9225 0.0775 
        h080  2 0.7933 0.2067 
        h081  2 0.9060 0.0940 
        h082  2 0.8874 0.1126 
        h083  2 0.9431 0.0569 
        h084  2 0.8515 0.1485 
        h085  2 0.8625 0.1375 
        h086  2 0.8734 0.1266 
        h087  2 0.9416 0.0584 
        h088  2 0.8786 0.1214 
        h089  2 0.7692 0.2308 
        h090  2 0.7679 0.2321 
        h091  2 0.9703 0.0297 
        h092  2 0.8091 0.1909 
        h093  2 0.8849 0.1151 
        h094  2 0.8675 0.1325 
        h095  2 0.8755 0.1245 
        h096  2 0.7901 0.2099 
        h097  2 0.9388 0.0612 
        h098  2 0.8820 0.1180 
        h099  2 0.9604 0.0396 
        h100  2 0.9659 0.0341 
       h0011  3 0.8530 0.1470 
       h0021  3 0.6065 0.3935 
       h0031  3 0.7267 0.2733 
       h0041  3 0.7789 0.2211 
       h0051  3 0.7932 0.2068 
       h0061  3 0.6478 0.3522 
       h0071  3 0.8211 0.1789 
       h0081  3 0.7497 0.2503 
       h0091  3 0.6876 0.3124 
       h0101  3 0.8656 0.1344 
       h0111  3 0.6115 0.3885 
       h0121  3 0.7269 0.2731 
       h0131  3 0.7151 0.2849 
       h0141  3 0.5520 0.4480 
       h0151  3 0.7234 0.2766 
       h0161  3 0.6281 0.3719 
       h0171  3 0.8443 0.1557 
       h0181  3 0.6898 0.3102 
       h0191  3 0.8301 0.1699 
       h0201  3 0.6748 0.3252 
       h0211  3 0.9114 0.0886 
       h0221  3 0.8652 0.1348 
       h0231  3 0.7353 0.2647 
       h0241  3 0.7921 0.2079 
       h0251  3 0.8441 0.1559 
       h0261  3 0.9389 0.0611 
       h0271  3 0.7776 0.2224 
       h0281  3 0.6727 0.3273 
       h0291  3 0.7097 0.2903 
       h0301  3 0.5193 0.4807 
       h0311  3 0.7274 0.2726 
       h0321  3 0.6510 0.3490 
       h0331  3 0.8812 0.1188 
       h0341  3 0.7762 0.2238 
       h0351  3 0.7840 0.2160 
       h0361  3 0.7613 0.2387 
       h0371  3 0.5949 0.4051 
       h0381  3 0.7033 0.2967 
       h0391  3 0.7571 0.2429 
       h0401  3 0.9059 0.0941 
       h0411  3 0.5893 0.4107 
       h0421  3 0.7607 0.2393 
       h0431  3 0.7870 0.2130 
       h0441  3 0.7824 0.2176 
       h0451  3 0.7558 0.2442 
       h0461  3 0.5279 0.4721 
       h0471  3 0.8224 0.1776 
       h0481  3 0.7535 0.2465 
       h0491  3 0.7444 0.2556 
       h0501  3 0.9154 0.0846 
       h0511  3 0.7050 0.2950 
       h0521  3 0.9215 0.0785 
       h0531  3 0.8308 0.1692 
       h0541  3 0.7752 0.2248 
       h0551  3 0.9718 0.0282 
       h0561  3 0.8809 0.1191 
       h0571  3 0.6684 0.3316 
       h0581  3 0.5479 0.4521 
       h0591  3 0.6904 0.3096 
       h0601  3 0.6755 0.3245 
       h0611  3 0.9200 0.0800 
       h0621  3 0.7767 0.2233 
       h0631  3 0.6930 0.3070 
       h0641  3 0.5969 0.4031 
       h0651  3 0.8561 0.1439 
       h0661  3 0.6805 0.3195 
       h0671  3 0.8089 0.1911 
       h0681  3 0.8148 0.1852 
       h0691  3 0.8011 0.1989 
       h0701  3 0.7826 0.2174 
       h0711  3 0.7950 0.2050 
       h0721  3 0.7790 0.2210 
       h0731  3 0.7653 0.2347 
       h0741  3 0.4849 0.5151 
       h0751  3 0.8214 0.1786 
       h0761  3 0.8017 0.1983 
       h0771  3 0.9209 0.0791 
       h0781  3 0.7631 0.2369 
       h0791  3 0.7699 0.2301 
       h0801  3 0.8701 0.1299 
       h0811  3 0.6005 0.3995 
       h0821  3 0.6635 0.3365 
       h0831  3 0.8825 0.1175 
       h0841  3 0.8854 0.1146 
       h0851  3 0.5572 0.4428 
       h0861  3 0.8562 0.1438 
       h0871  3 0.5912 0.4088 
       h0881  3 0.6130 0.3870 
       h0891  3 0.8831 0.1169 
       h0901  3 0.9176 0.0824 
       h0911  3 0.6793 0.3207 
       h0921  3 0.8284 0.1716 
       h0931  3 0.8893 0.1107 
       h0941  3 0.8776 0.1224 
       h0951  3 0.8550 0.1450 
       h0961  3 0.7660 0.2340 
       h0971  3 0.8161 0.1839 
       h0981  3 0.7088 0.2912 
       h0991  3 0.7510 0.2490 
       h1001  3 0.6338 0.3662 
       h0012  4 0.5685 0.4315 
       h0022  4 0.6086 0.3914 
       h0032  4 0.4446 0.5554 
       h0042  4 0.5058 0.4942 
       h0052  4 0.4956 0.5044 
       h0062  4 0.6924 0.3076 
       h0072  4 0.4069 0.5931 
       h0082  4 0.6517 0.3483 
       h0092  4 0.4665 0.5335 
       h0102  4 0.5203 0.4797 
       h0112  4 0.3984 0.6016 
       h0122  4 0.4471 0.5529 
       h0132  4 0.5231 0.4769 
       h0142  4 0.3586 0.6414 
       h0152  4 0.5943 0.4057 
       h0162  4 0.5948 0.4052 
       h0172  4 0.4968 0.5032 
       h0182  4 0.4688 0.5312 
       h0192  4 0.6517 0.3483 
       h0202  4 0.4057 0.5943 
       h0212  4 0.4921 0.5079 
       h0222  4 0.5694 0.4306 
       h0232  4 0.2876 0.7124 
       h0242  4 0.4908 0.5092 
       h0252  4 0.5083 0.4917 
       h0262  4 0.4401 0.5599 
       h0272  4 0.5281 0.4719 
       h0282  4 0.4540 0.5460 
       h0292  4 0.4272 0.5728 
       h0302  4 0.5845 0.4155 
       h0312  4 0.3917 0.6083 
       h0322  4 0.5376 0.4624 
       h0332  4 0.6092 0.3908 
       h0342  4 0.5644 0.4356 
       h0352  4 0.3461 0.6539 
       h0362  4 0.4921 0.5079 
       h0372  4 0.4134 0.5866 
       h0382  4 0.5933 0.4067 
       h0392  4 0.6273 0.3727 
       h0402  4 0.4108 0.5892 
       h0412  4 0.4198 0.5802 
       h0422  4 0.4128 0.5872 
       h0432  4 0.4451 0.5549 
       h0442  4 0.5289 0.4711 
       h0452  4 0.5515 0.4485 
       h0462  4 0.4967 0.5033 
       h0472  4 0.5570 0.4430 
       h0482  4 0.4977 0.5023 
       h0492  4 0.4960 0.5040 
       h0502  4 0.6803 0.3197 
       h0512  4 0.4887 0.5113 
       h0522  4 0.3263 0.6737 
       h0532  4 0.5436 0.4564 
       h0542  4 0.5448 0.4552 
       h0552  4 0.4620 0.5380 
       h0562  4 0.3873 0.6127 
       h0572  4 0.5034 0.4966 
       h0582  4 0.5422 0.4578 
       h0592  4 0.6773 0.3227 
       h0602  4 0.3645 0.6355 
       h0612  4 0.5620 0.4380 
       h0622  4 0.4343 0.5657 
       h0632  4 0.5416 0.4584 
       h0642  4 0.3879 0.6121 
       h0652  4 0.4618 0.5382 
       h0662  4 0.4358 0.5642 
       h0672  4 0.3932 0.6068 
       h0682  4 0.5288 0.4712 
       h0692  4 0.4954 0.5046 
       h0702  4 0.5818 0.4182 
       h0712  4 0.5360 0.4640 
       h0722  4 0.5053 0.4947 
       h0732  4 0.5594 0.4406 
       h0742  4 0.4172 0.5828 
       h0752  4 0.4373 0.5627 
       h0762  4 0.5317 0.4683 
       h0772  4 0.5692 0.4308 
       h0782  4 0.3803 0.6197 
       h0792  4 0.5440 0.4560 
       h0802  4 0.5647 0.4353 
       h0812  4 0.4454 0.5546 
       h0822  4 0.4510 0.5490 
       h0832  4 0.6028 0.3972 
       h0842  4 0.4390 0.5610 
       h0852  4 0.4018 0.5982 
       h0862  4 0.5629 0.4371 
       h0872  4 0.4931 0.5069 
       h0882  4 0.5103 0.4897 
       h0892  4 0.4960 0.5040 
       h0902  4 0.4315 0.5685 
       h0912  4 0.4362 0.5638 
       h0922  4 0.5433 0.4567 
       h0932  4 0.4364 0.5636 
       h0942  4 0.7044 0.2956 
       h0952  4 0.5662 0.4338 
       h0962  4 0.5685 0.4315 
       h0972  4 0.5072 0.4928 
       h0982  4 0.4582 0.5418 
       h0992  4 0.5937 0.4063 
       h1002  4 0.5465 0.4535 
       h0013  5 0.2714 0.7286 
       h0023  5 0.1039 0.8961 
       h0033  5 0.3160 0.6840 
       h0043  5 0.2375 0.7625 
       h0053  5 0.2104 0.7896 
       h0063  5 0.3275 0.6725 
       h0073  5 0.2897 0.7103 
       h0083  5 0.3395 0.6605 
       h0093  5 0.1914 0.8086 
       h0103  5 0.2797 0.7203 
       h0113  5 0.2192 0.7808 
       h0123  5 0.2899 0.7101 
       h0133  5 0.3426 0.6574 
       h0143  5 0.3981 0.6019 
       h0153  5 0.0979 0.9021 
       h0163  5 0.3602 0.6398 
       h0173  5 0.3076 0.6924 
       h0183  5 0.2853 0.7147 
       h0193  5 0.3403 0.6597 
       h0203  5 0.2252 0.7748 
       h0213  5 0.1891 0.8109 
       h0223  5 0.2359 0.7641 
       h0233  5 0.3527 0.6473 
       h0243  5 0.2485 0.7515 
       h0253  5 0.2202 0.7798 
       h0263  5 0.2237 0.7763 
       h0273  5 0.2878 0.7122 
       h0283  5 0.1443 0.8557 
       h0293  5 0.2013 0.7987 
       h0303  5 0.0860 0.9140 
       h0313  5 0.3573 0.6427 
       h0323  5 0.3067 0.6933 
       h0333  5 0.1550 0.8450 
       h0343  5 0.2812 0.7188 
       h0353  5 0.1547 0.8453 
       h0363  5 0.4779 0.5221 
       h0373  5 0.2829 0.7171 
       h0383  5 0.1028 0.8972 
       h0393  5 0.3353 0.6647 
       h0403  5 0.1579 0.8421 
       h0413  5 0.3447 0.6553 
       h0423  5 0.3242 0.6758 
       h0433  5 0.2025 0.7975 
       h0443  5 0.2530 0.7470 
       h0453  5 0.1173 0.8827 
       h0463  5 0.1815 0.8185 
       h0473  5 0.2960 0.7040 
       h0483  5 0.3409 0.6591 
       h0493  5 0.1230 0.8770 
       h0503  5 0.1824 0.8176 
       h0513  5 0.2963 0.7037 
       h0523  5 0.2620 0.7380 
       h0533  5 0.2468 0.7532 
       h0543  5 0.2285 0.7715 
       h0553  5 0.2550 0.7450 
       h0563  5 0.2231 0.7769 
       h0573  5 0.4316 0.5684 
       h0583  5 0.2753 0.7247 
       h0593  5 0.1983 0.8017 
       h0603  5 0.3737 0.6263 
       h0613  5 0.3242 0.6758 
       h0623  5 0.3968 0.6032 
       h0633  5 0.2157 0.7843 
       h0643  5 0.3308 0.6692 
       h0653  5 0.1276 0.8724 
       h0663  5 0.1400 0.8600 
       h0673  5 0.1969 0.8031 
       h0683  5 0.4015 0.5985 
       h0693  5 0.2622 0.7378 
       h0703  5 0.4303 0.5697 
       h0713  5 0.2009 0.7991 
       h0723  5 0.2202 0.7798 
       h0733  5 0.2710 0.7290 
       h0743  5 0.2862 0.7138 
       h0753  5 0.2657 0.7343 
       h0763  5 0.2134 0.7866 
       h0773  5 0.3661 0.6339 
       h0783  5 0.2641 0.7359 
       h0793  5 0.2099 0.7901 
       h0803  5 0.1153 0.8847 
       h0813  5 0.3995 0.6005 
       h0823  5 0.3098 0.6902 
       h0833  5 0.2105 0.7895 
       h0843  5 0.0622 0.9378 
       h0853  5 0.2887 0.7113 
       h0863  5 0.3063 0.6937 
       h0873  5 0.1972 0.8028 
       h0883  5 0.0623 0.9377 
       h0893  5 0.4169 0.5831 
       h0903  5 0.1608 0.8392 
       h0913  5 0.2123 0.7877 
       h0923  5 0.1663 0.8337 
       h0933  5 0.1504 0.8496 
       h0943  5 0.2383 0.7617 
       h0953  5 0.4031 0.5969 
       h0963  5 0.2975 0.7025 
       h0973  5 0.2517 0.7483 
       h0983  5 0.3357 0.6643 
       h0993  5 0.1942 0.8058 
       h1003  5 0.1188 0.8812 
       h0014  6 0.0178 0.9822 
       h0024  6 0.0356 0.9644 
       h0034  6 0.0687 0.9313 
       h0044  6 0.0550 0.9450 
       h0054  6 0.0637 0.9363 
       h0064  6 0.0178 0.9822 
       h0074  6 0.0996 0.9004 
       h0084  6 0.0694 0.9306 
       h0094  6 0.1759 0.8241 
       h0104  6 0.0615 0.9385 
       h0114  6 0.0371 0.9629 
       h0124  6 0.1720 0.8280 
       h0134  6 0.0482 0.9518 
       h0144  6 0.0937 0.9063 
       h0154  6 0.0417 0.9583 
       h0164  6 0.1462 0.8538 
       h0174  6 0.0267 0.9733 
       h0184  6 0.0912 0.9088 
       h0194  6 0.1215 0.8785 
       h0204  6 0.0606 0.9394 
       h0214  6 0.0567 0.9433 
       h0224  6 0.1224 0.8776 
       h0234  6 0.1268 0.8732 
       h0244  6 0.0911 0.9089 
       h0254  6 0.0841 0.9159 
       h0264  6 0.0649 0.9351 
       h0274  6 0.1160 0.8840 
       h0284  6 0.2232 0.7768 
       h0294  6 0.0190 0.9810 
       h0304  6 0.0773 0.9227 
       h0314  6 0.0470 0.9530 
       h0324  6 0.0716 0.9284 
       h0334  6 0.0550 0.9450 
       h0344  6 0.0279 0.9721 
       h0354  6 0.1165 0.8835 
       h0364  6 0.3243 0.6757 
       h0374  6 0.0443 0.9557 
       h0384  6 0.0675 0.9325 
       h0394  6 0.0268 0.9732 
       h0404  6 0.0685 0.9315 
       h0414  6 0.0584 0.9416 
       h0424  6 0.0573 0.9427 
       h0434  6 0.0923 0.9077 
       h0444  6 0.0329 0.9671 
       h0454  6 0.0971 0.9029 
       h0464  6 0.0258 0.9742 
       h0474  6 0.0242 0.9758 
       h0484  6 0.0715 0.9285 
       h0494  6 0.2601 0.7399 
       h0504  6 0.2747 0.7253 
       h0514  6 0.1737 0.8263 
       h0524  6 0.0237 0.9763 
       h0534  6 0.1179 0.8821 
       h0544  6 0.0188 0.9812 
       h0554  6 0.1501 0.8499 
       h0564  6 0.0825 0.9175 
       h0574  6 0.0806 0.9194 
       h0584  6 0.0233 0.9767 
       h0594  6 0.2625 0.7375 
       h0604  6 0.0601 0.9399 
       h0614  6 0.1301 0.8699 
       h0624  6 0.1171 0.8829 
       h0634  6 0.1279 0.8721 
       h0644  6 0.2224 0.7776 
       h0654  6 0.1520 0.8480 
       h0664  6 0.1306 0.8694 
       h0674  6 0.1955 0.8045 
       h0684  6 0.1590 0.8410 
       h0694  6 0.0828 0.9172 
       h0704  6 0.0630 0.9370 
       h0714  6 0.0220 0.9780 
       h0724  6 0.0982 0.9018 
       h0734  6 0.1451 0.8549 
       h0744  6 0.0567 0.9433 
       h0754  6 0.0720 0.9280 
       h0764  6 0.2232 0.7768 
       h0774  6 0.1216 0.8784 
       h0784  6 0.0789 0.9211 
       h0794  6 0.0334 0.9666 
       h0804  6 0.1881 0.8119 
       h0814  6 0.1153 0.8847 
       h0824  6 0.2369 0.7631 
       h0834  6 0.2318 0.7682 
       h0844  6 0.1162 0.8838 
       h0854  6 0.0594 0.9406 
       h0864  6 0.1749 0.8251 
       h0874  6 0.2085 0.7915 
       h0884  6 0.0736 0.9264 
       h0894  6 0.1970 0.8030 
       h0904  6 0.2326 0.7674 
       h0914  6 0.0366 0.9634 
       h0924  6 0.0772 0.9228 
       h0934  6 0.0244 0.9756 
       h0944  6 0.0985 0.9015 
       h0954  6 0.2287 0.7713 
       h0964  6 0.0156 0.9844 
       h0974  6 0.0808 0.9192 
       h0984  6 0.0561 0.9439 
       h0994  6 0.0444 0.9556 
       h1004  6 0.2169 0.7831 
     CK.0PLA  7 0.0307 0.9693 
     CK.0PLC  7 0.0393 0.9607 
     CK.0PLE  7 0.0217 0.9783 
     CK.0PLF  7 0.0713 0.9287 
     CK.0PLH  7 0.0211 0.9789 
     CK.0PLJ  7 0.0268 0.9732 
     CK.0PLK  7 0.0156 0.9844 
     CK.0PLL  7 0.0268 0.9732 
     CK.0PLM  7 0.0411 0.9589 
     CK.0PLP  7 0.0215 0.9785 
     CK.0PLT  7 0.0153 0.9847 
     CK.0PLU  7 0.0227 0.9773 
     CK.0PLX  7 0.0239 0.9761 
     CK.0PLY  7 0.0156 0.9844 
     CK.0PM0  7 0.0229 0.9771 
     CK.0PM1  7 0.0175 0.9825 
     CK.0PM2  7 0.0230 0.9770 
     CK.0PM3  7 0.0205 0.9795 
     CK.0PM4  7 0.0293 0.9707 
     CK.0PM7  7 0.0180 0.9820 
     CK.0PM8  7 0.0169 0.9831 
     CK.0PMA  7 0.0288 0.9712 
       M2C06  7 0.0175 0.9825 
       M2C07  7 0.0143 0.9857 
       M2C08  7 0.0148 0.9852 
       M2C0A  7 0.0182 0.9818 
       M2C0C  7 0.0200 0.9800 
       M2C0E  7 0.0204 0.9796 
         h01  8 0.0184 0.9816 
         h02  8 0.0211 0.9789 
         h03  8 0.0194 0.9806 
         h04  8 0.0292 0.9708 
         h05  8 0.0278 0.9722 
         h06  8 0.0148 0.9852 
         h07  8 0.0179 0.9821 
         h08  8 0.0260 0.9740 
         h09  8 0.0183 0.9817 
         h10  8 0.0163 0.9837 
         h11  8 0.0399 0.9601 
         h12  8 0.0576 0.9424 
         h13  8 0.0202 0.9798 
         h14  8 0.0341 0.9659 
         h15  8 0.0183 0.9817 
         h16  8 0.0157 0.9843 
         h17  8 0.0155 0.9845 
         h18  8 0.0160 0.9840 
         h19  8 0.0222 0.9778 
         h20  8 0.0165 0.9835 
         h21  8 0.0198 0.9802 
         h22  8 0.0155 0.9845 
         h23  8 0.0191 0.9809 
         h24  8 0.0148 0.9852 
         h25  8 0.0199 0.9801 
         h26  8 0.0163 0.9837 
         h27  8 0.0195 0.9805 
         h28  8 0.0177 0.9823 
         h29  8 0.0348 0.9652 
         h30  8 0.0154 0.9846 
         h31  8 0.0247 0.9753 
         h32  8 0.0218 0.9782 
         h33  8 0.0246 0.9754 
         h34  8 0.0213 0.9787 
         h35  8 0.0331 0.9669 
         h36  8 0.0233 0.9767 
         h37  8 0.0169 0.9831 
         h38  8 0.0231 0.9769 
         h39  8 0.0280 0.9720 
         h40  8 0.0208 0.9792 
         h41  8 0.0243 0.9757 
         h42  8 0.0165 0.9835 
         h43  8 0.0264 0.9736 
         h44  8 0.0149 0.9851 
         h45  8 0.0199 0.9801 
         h46  8 0.0176 0.9824 
         h47  8 0.0272 0.9728 
         h48  8 0.0203 0.9797 
         h49  8 0.0174 0.9826 
         h50  8 0.0152 0.9848 
         h51  8 0.0197 0.9803 
         h52  8 0.0308 0.9692 
         h53  8 0.0206 0.9794 
         h54  8 0.0166 0.9834 
         h55  8 0.0274 0.9726 
         h56  8 0.0193 0.9807 
         h57  8 0.0284 0.9716 
         h58  8 0.0202 0.9798 
         h59  8 0.0230 0.9770 
         h60  8 0.0238 0.9762 
         h61  8 0.0283 0.9717 
         h62  8 0.0209 0.9791 
         h63  8 0.0173 0.9827 
         h64  8 0.0178 0.9822 
         h65  8 0.0421 0.9579 
         h66  8 0.0148 0.9852 
         h67  8 0.0217 0.9783 
         h68  8 0.0462 0.9538 
         h69  8 0.0191 0.9809 
         h70  8 0.0224 0.9776 
         h71  8 0.0387 0.9613 
         h72  8 0.0252 0.9748 
