       M1EL5  1 0.0340 0.9660 
       W26T6  1 0.0519 0.9481 
       W26XX  1 0.0217 0.9783 
       M013P  1 0.0157 0.9843 
       M1ELA  1 0.0710 0.9290 
       M2C73  1 0.0264 0.9736 
       W23P4  1 0.0747 0.9253 
       W247C  1 0.0190 0.9810 
       W24K1  1 0.0179 0.9821 
       W24ME  1 0.0868 0.9132 
       W2514  1 0.0338 0.9662 
       W26MA  1 0.0271 0.9729 
       W26MM  1 0.0190 0.9810 
       W26MU  1 0.0299 0.9701 
       W26P0  1 0.0324 0.9676 
       W26P3  1 0.0165 0.9835 
       W26T5  1 0.0176 0.9824 
       W26TE  1 0.0410 0.9590 
       W26TF  1 0.0195 0.9805 
       W26U8  1 0.0525 0.9475 
       W26UJ  1 0.0173 0.9827 
       W26UK  1 0.0150 0.9850 
       W26UT  1 0.0161 0.9839 
       W26XT  1 0.0193 0.9807 
      CC06H2  1 0.0504 0.9496 
      CC06H4  1 0.0192 0.9808 
      CC06H5  1 0.0610 0.9390 
      CC06H6  1 0.0297 0.9703 
      CC06HE  1 0.0176 0.9824 
      CC06HF  1 0.0922 0.9078 
      CC06HH  1 0.0167 0.9833 
      CC06HJ  1 0.0512 0.9488 
      CC06HL  1 0.0145 0.9855 
      CC06HP  1 0.0169 0.9831 
      CC06HT  1 0.0513 0.9487 
      CC06HU  1 0.0176 0.9824 
      CC06HY  1 0.0321 0.9679 
      CC06J0  1 0.0326 0.9674 
      CC06J1  1 0.0327 0.9673 
      CC06J2  1 0.0257 0.9743 
     CT.0YCY  1 0.0216 0.9784 
     CT.0YEC  1 0.0135 0.9865 
     CT.0YEF  1 0.0232 0.9768 
     CT.0YEU  1 0.0157 0.9843 
     CT.0YF2  1 0.0347 0.9653 
     CT.0YF8  1 0.0182 0.9818 
     CT.0YFA  1 0.0291 0.9709 
     CT.0YFE  1 0.0292 0.9708 
     CT.0YFP  1 0.0528 0.9472 
     CT.0YFU  1 0.0254 0.9746 
     CT.0YK7  1 0.0284 0.9716 
     CX.10PT  1 0.0666 0.9334 
      DAM021  1 0.0289 0.9711 
      DAM034  1 0.0302 0.9698 
      DAM07X  1 0.0275 0.9725 
     EF.15J6  1 0.0192 0.9808 
      HRV010  1 0.0195 0.9805 
      HRV02J  1 0.0315 0.9685 
      HRV078  1 0.0318 0.9682 
      HRV0FH  1 0.0185 0.9815 
      HRV0H5  1 0.0265 0.9735 
      HRV0JF  1 0.0704 0.9296 
      HRV0JJ  1 0.0521 0.9479 
      HRV0JM  1 0.0296 0.9704 
      HRV0K6  1 0.0508 0.9492 
      HRV0K7  1 0.0188 0.9812 
      HRV0KP  1 0.0254 0.9746 
      HRV1AX  1 0.0493 0.9507 
      HRV1C4  1 0.0398 0.9602 
      HRV1CH  1 0.0268 0.9732 
      HRV1FA  1 0.0370 0.9630 
      HRV1FK  1 0.0331 0.9669 
      HRV1H8  1 0.0214 0.9786 
      HRV1HT  1 0.0394 0.9606 
      HRV1XU  1 0.0282 0.9718 
      HRV4TF  1 0.0196 0.9804 
      HRV6F0  1 0.0256 0.9744 
      HRVE6L  1 0.0526 0.9474 
       M27HM  1 0.0376 0.9624 
       M27HP  1 0.0173 0.9827 
       M2AK4  1 0.0183 0.9817 
       M2ALA  1 0.0164 0.9836 
       M2C56  1 0.0329 0.9671 
       M2CUX  1 0.0629 0.9371 
       M2E24  1 0.0187 0.9813 
       M2EA7  1 0.0215 0.9785 
       M2EH6  1 0.0226 0.9774 
       M2EKC  1 0.1118 0.8882 
      MSV083  1 0.0204 0.9796 
      MSV084  1 0.0395 0.9605 
      MSV0LJ  1 0.0307 0.9693 
      MSV1H5  1 0.0260 0.9740 
      MSV1KM  1 0.0173 0.9827 
      MSV23F  1 0.0263 0.9737 
      MSV2L8  1 0.0248 0.9752 
      MSV2P7  1 0.0221 0.9779 
      MSV2TJ  1 0.0376 0.9624 
      MSV2XM  1 0.0268 0.9732 
      MSV327  1 0.0229 0.9771 
      MSV33L  1 0.0197 0.9803 
        h001  2 0.0155 0.9845 
        h002  2 0.0807 0.9193 
        h003  2 0.1600 0.8400 
        h004  2 0.0325 0.9675 
        h005  2 0.0349 0.9651 
        h006  2 0.2626 0.7374 
        h007  2 0.0261 0.9739 
        h008  2 0.0513 0.9487 
        h009  2 0.0451 0.9549 
        h010  2 0.0519 0.9481 
        h011  2 0.0942 0.9058 
        h012  2 0.0327 0.9673 
        h013  2 0.0205 0.9795 
        h014  2 0.0851 0.9149 
        h015  2 0.1623 0.8377 
        h016  2 0.0723 0.9277 
        h017  2 0.1544 0.8456 
        h018  2 0.0234 0.9766 
        h019  2 0.0417 0.9583 
        h020  2 0.0284 0.9716 
        h021  2 0.0501 0.9499 
        h022  2 0.1732 0.8268 
        h023  2 0.1099 0.8901 
        h024  2 0.0534 0.9466 
        h025  2 0.0445 0.9555 
        h026  2 0.0428 0.9572 
        h027  2 0.0482 0.9518 
        h028  2 0.0508 0.9492 
        h029  2 0.0654 0.9346 
        h030  2 0.0632 0.9368 
        h031  2 0.1028 0.8972 
        h032  2 0.0303 0.9697 
        h033  2 0.0809 0.9191 
        h034  2 0.0476 0.9524 
        h035  2 0.0763 0.9237 
        h036  2 0.1482 0.8518 
        h037  2 0.0529 0.9471 
        h038  2 0.0490 0.9510 
        h039  2 0.0218 0.9782 
        h040  2 0.0513 0.9487 
        h041  2 0.1476 0.8524 
        h042  2 0.0158 0.9842 
        h043  2 0.0791 0.9209 
        h044  2 0.0219 0.9781 
        h045  2 0.0278 0.9722 
        h046  2 0.0385 0.9615 
        h047  2 0.0561 0.9439 
        h048  2 0.0693 0.9307 
        h049  2 0.2841 0.7159 
        h050  2 0.0339 0.9661 
        h051  2 0.0402 0.9598 
        h052  2 0.0696 0.9304 
        h053  2 0.0430 0.9570 
        h054  2 0.0544 0.9456 
        h055  2 0.0396 0.9604 
        h056  2 0.0893 0.9107 
        h057  2 0.0197 0.9803 
        h058  2 0.0457 0.9543 
        h059  2 0.0486 0.9514 
        h060  2 0.0261 0.9739 
        h061  2 0.0516 0.9484 
        h062  2 0.0200 0.9800 
        h063  2 0.0215 0.9785 
        h064  2 0.0824 0.9176 
        h065  2 0.0285 0.9715 
        h066  2 0.0218 0.9782 
        h067  2 0.0328 0.9672 
        h068  2 0.0296 0.9704 
        h069  2 0.0312 0.9688 
        h070  2 0.0491 0.9509 
        h071  2 0.0199 0.9801 
        h072  2 0.0235 0.9765 
        h073  2 0.1494 0.8506 
        h074  2 0.0378 0.9622 
        h075  2 0.0329 0.9671 
        h076  2 0.1084 0.8916 
        h077  2 0.0485 0.9515 
        h078  2 0.0479 0.9521 
        h079  2 0.0276 0.9724 
        h080  2 0.0356 0.9644 
        h081  2 0.1861 0.8139 
        h082  2 0.1556 0.8444 
        h083  2 0.0202 0.9798 
        h084  2 0.0504 0.9496 
        h085  2 0.1488 0.8512 
        h086  2 0.1463 0.8537 
        h087  2 0.0787 0.9213 
        h088  2 0.0665 0.9335 
        h089  2 0.0713 0.9287 
        h090  2 0.1585 0.8415 
        h091  2 0.0939 0.9061 
        h092  2 0.0557 0.9443 
        h093  2 0.1685 0.8315 
        h094  2 0.2695 0.7305 
        h095  2 0.0375 0.9625 
        h096  2 0.0322 0.9678 
        h097  2 0.0904 0.9096 
        h098  2 0.1664 0.8336 
        h099  2 0.0318 0.9682 
        h100  2 0.2147 0.7853 
       h0011  3 0.0532 0.9468 
       h0021  3 0.1622 0.8378 
       h0031  3 0.2600 0.7400 
       h0041  3 0.4180 0.5820 
       h0051  3 0.0754 0.9246 
       h0061  3 0.0551 0.9449 
       h0071  3 0.3307 0.6693 
       h0081  3 0.4222 0.5778 
       h0091  3 0.2456 0.7544 
       h0101  3 0.3137 0.6863 
       h0111  3 0.1401 0.8599 
       h0121  3 0.2297 0.7703 
       h0131  3 0.4132 0.5868 
       h0141  3 0.2819 0.7181 
       h0151  3 0.2815 0.7185 
       h0161  3 0.2708 0.7292 
       h0171  3 0.1046 0.8954 
       h0181  3 0.0546 0.9454 
       h0191  3 0.0310 0.9690 
       h0201  3 0.2731 0.7269 
       h0211  3 0.0616 0.9384 
       h0221  3 0.1039 0.8961 
       h0231  3 0.0469 0.9531 
       h0241  3 0.1508 0.8492 
       h0251  3 0.1462 0.8538 
       h0261  3 0.1569 0.8431 
       h0271  3 0.2874 0.7126 
       h0281  3 0.2219 0.7781 
       h0291  3 0.1680 0.8320 
       h0301  3 0.2452 0.7548 
       h0311  3 0.1744 0.8256 
       h0321  3 0.3000 0.7000 
       h0331  3 0.2895 0.7105 
       h0341  3 0.2423 0.7577 
       h0351  3 0.1164 0.8836 
       h0361  3 0.0821 0.9179 
       h0371  3 0.4343 0.5657 
       h0381  3 0.1101 0.8899 
       h0391  3 0.0903 0.9097 
       h0401  3 0.1625 0.8375 
       h0411  3 0.0849 0.9151 
       h0421  3 0.1894 0.8106 
       h0431  3 0.0611 0.9389 
       h0441  3 0.1664 0.8336 
       h0451  3 0.1731 0.8269 
       h0461  3 0.2245 0.7755 
       h0471  3 0.1698 0.8302 
       h0481  3 0.0359 0.9641 
       h0491  3 0.2823 0.7177 
       h0501  3 0.0731 0.9269 
       h0511  3 0.1128 0.8872 
       h0521  3 0.2106 0.7894 
       h0531  3 0.2400 0.7600 
       h0541  3 0.1207 0.8793 
       h0551  3 0.3945 0.6055 
       h0561  3 0.0811 0.9189 
       h0571  3 0.0834 0.9166 
       h0581  3 0.4407 0.5593 
       h0591  3 0.1130 0.8870 
       h0601  3 0.1330 0.8670 
       h0611  3 0.1593 0.8407 
       h0621  3 0.0363 0.9637 
       h0631  3 0.1081 0.8919 
       h0641  3 0.1480 0.8520 
       h0651  3 0.2085 0.7915 
       h0661  3 0.1443 0.8557 
       h0671  3 0.3171 0.6829 
       h0681  3 0.0686 0.9314 
       h0691  3 0.0410 0.9590 
       h0701  3 0.0830 0.9170 
       h0711  3 0.2019 0.7981 
       h0721  3 0.0301 0.9699 
       h0731  3 0.1141 0.8859 
       h0741  3 0.4426 0.5574 
       h0751  3 0.1344 0.8656 
       h0761  3 0.2428 0.7572 
       h0771  3 0.2485 0.7515 
       h0781  3 0.1489 0.8511 
       h0791  3 0.4213 0.5787 
       h0801  3 0.1706 0.8294 
       h0811  3 0.2614 0.7386 
       h0821  3 0.1297 0.8703 
       h0831  3 0.1786 0.8214 
       h0841  3 0.1582 0.8418 
       h0851  3 0.1747 0.8253 
       h0861  3 0.0747 0.9253 
       h0871  3 0.1035 0.8965 
       h0881  3 0.3313 0.6687 
       h0891  3 0.2784 0.7216 
       h0901  3 0.3126 0.6874 
       h0911  3 0.3059 0.6941 
       h0921  3 0.3628 0.6372 
       h0931  3 0.1412 0.8588 
       h0941  3 0.0657 0.9343 
       h0951  3 0.1208 0.8792 
       h0961  3 0.0710 0.9290 
       h0971  3 0.0639 0.9361 
       h0981  3 0.2269 0.7731 
       h0991  3 0.4521 0.5479 
       h1001  3 0.2267 0.7733 
      MSV1TX  4 0.3701 0.6299 
      MSV025  4 0.6272 0.3728 
      MSV02C  4 0.5061 0.4939 
      MSV02E  4 0.5638 0.4362 
      MSV0TF  4 0.5957 0.4043 
       M2EL8  4 0.6724 0.3276 
       h0012  5 0.4318 0.5682 
       h0022  5 0.4345 0.5655 
       h0032  5 0.3124 0.6876 
       h0042  5 0.6053 0.3947 
       h0052  5 0.5854 0.4146 
       h0062  5 0.6075 0.3925 
       h0072  5 0.5989 0.4011 
       h0082  5 0.4522 0.5478 
       h0092  5 0.4618 0.5382 
       h0102  5 0.5140 0.4860 
       h0112  5 0.5506 0.4494 
       h0122  5 0.5537 0.4463 
       h0132  5 0.4817 0.5183 
       h0142  5 0.4964 0.5036 
       h0152  5 0.3338 0.6662 
       h0162  5 0.5110 0.4890 
       h0172  5 0.5616 0.4384 
       h0182  5 0.3329 0.6671 
       h0192  5 0.5104 0.4896 
       h0202  5 0.4357 0.5643 
       h0212  5 0.4972 0.5028 
       h0222  5 0.6538 0.3462 
       h0232  5 0.5122 0.4878 
       h0242  5 0.5381 0.4619 
       h0252  5 0.5787 0.4213 
       h0262  5 0.4698 0.5302 
       h0272  5 0.5023 0.4977 
       h0282  5 0.4395 0.5605 
       h0292  5 0.6324 0.3676 
       h0302  5 0.4327 0.5673 
       h0312  5 0.4969 0.5031 
       h0322  5 0.4944 0.5056 
       h0332  5 0.7919 0.2081 
       h0342  5 0.5820 0.4180 
       h0352  5 0.4609 0.5391 
       h0362  5 0.3719 0.6281 
       h0372  5 0.5204 0.4796 
       h0382  5 0.5268 0.4732 
       h0392  5 0.5079 0.4921 
       h0402  5 0.3652 0.6348 
       h0412  5 0.3661 0.6339 
       h0422  5 0.6510 0.3490 
       h0432  5 0.5960 0.4040 
       h0442  5 0.6072 0.3928 
       h0452  5 0.5895 0.4105 
       h0462  5 0.5747 0.4253 
       h0472  5 0.4550 0.5450 
       h0482  5 0.5626 0.4374 
       h0492  5 0.4618 0.5382 
       h0502  5 0.7638 0.2362 
       h0512  5 0.4346 0.5654 
       h0522  5 0.4199 0.5801 
       h0532  5 0.3474 0.6526 
       h0542  5 0.2785 0.7215 
       h0552  5 0.6413 0.3587 
       h0562  5 0.5069 0.4931 
       h0572  5 0.2872 0.7128 
       h0582  5 0.4843 0.5157 
       h0592  5 0.4339 0.5661 
       h0602  5 0.5301 0.4699 
       h0612  5 0.3766 0.6234 
       h0622  5 0.3661 0.6339 
       h0632  5 0.3678 0.6322 
       h0642  5 0.4153 0.5847 
       h0652  5 0.2420 0.7580 
       h0662  5 0.3849 0.6151 
       h0672  5 0.3935 0.6065 
       h0682  5 0.3187 0.6813 
       h0692  5 0.5219 0.4781 
       h0702  5 0.3848 0.6152 
       h0712  5 0.4903 0.5097 
       h0722  5 0.3247 0.6753 
       h0732  5 0.4080 0.5920 
       h0742  5 0.3690 0.6310 
       h0752  5 0.5855 0.4145 
       h0762  5 0.3359 0.6641 
       h0772  5 0.4427 0.5573 
       h0782  5 0.4622 0.5378 
       h0792  5 0.4667 0.5333 
       h0802  5 0.4290 0.5710 
       h0812  5 0.4336 0.5664 
       h0822  5 0.3883 0.6117 
       h0832  5 0.6328 0.3672 
       h0842  5 0.2536 0.7464 
       h0852  5 0.3472 0.6528 
       h0862  5 0.5721 0.4279 
       h0872  5 0.4644 0.5356 
       h0882  5 0.4262 0.5738 
       h0892  5 0.6669 0.3331 
       h0902  5 0.5410 0.4590 
       h0912  5 0.5311 0.4689 
       h0922  5 0.6189 0.3811 
       h0932  5 0.5316 0.4684 
       h0942  5 0.3778 0.6222 
       h0952  5 0.4618 0.5382 
       h0962  5 0.4840 0.5160 
       h0972  5 0.5464 0.4536 
       h0982  5 0.4537 0.5463 
       h0992  5 0.5012 0.4988 
       h1002  5 0.5577 0.4423 
      MSV21T  6 0.9261 0.0739 
       M2E71  6 0.8552 0.1448 
       h0013  7 0.9333 0.0667 
       h0023  7 0.9687 0.0313 
       h0033  7 0.9403 0.0597 
       h0043  7 0.9581 0.0419 
       h0053  7 0.5965 0.4035 
       h0063  7 0.6709 0.3291 
       h0073  7 0.7543 0.2457 
       h0083  7 0.7734 0.2266 
       h0093  7 0.8575 0.1425 
       h0103  7 0.7764 0.2236 
       h0113  7 0.7842 0.2158 
       h0123  7 0.5672 0.4328 
       h0133  7 0.6859 0.3141 
       h0143  7 0.6141 0.3859 
       h0153  7 0.8698 0.1302 
       h0163  7 0.8855 0.1145 
       h0173  7 0.9394 0.0606 
       h0183  7 0.7079 0.2921 
       h0193  7 0.7763 0.2237 
       h0203  7 0.6903 0.3097 
       h0213  7 0.7846 0.2154 
       h0223  7 0.7548 0.2452 
       h0233  7 0.7412 0.2588 
       h0243  7 0.8725 0.1275 
       h0253  7 0.8030 0.1970 
       h0263  7 0.6766 0.3234 
       h0273  7 0.9354 0.0646 
       h0283  7 0.6911 0.3089 
       h0293  7 0.9257 0.0743 
       h0303  7 0.8937 0.1063 
       h0313  7 0.6877 0.3123 
       h0323  7 0.9034 0.0966 
       h0333  7 0.9121 0.0879 
       h0343  7 0.7651 0.2349 
       h0353  7 0.7955 0.2045 
       h0363  7 0.9069 0.0931 
       h0373  7 0.8168 0.1832 
       h0383  7 0.8765 0.1235 
       h0393  7 0.8974 0.1026 
       h0403  7 0.7141 0.2859 
       h0413  7 0.7993 0.2007 
       h0423  7 0.9032 0.0968 
       h0433  7 0.7150 0.2850 
       h0443  7 0.6852 0.3148 
       h0453  7 0.8545 0.1455 
       h0463  7 0.7884 0.2116 
       h0473  7 0.6558 0.3442 
       h0483  7 0.7767 0.2233 
       h0493  7 0.7511 0.2489 
       h0503  7 0.6886 0.3114 
       h0513  7 0.8320 0.1680 
       h0523  7 0.6686 0.3314 
       h0533  7 0.7838 0.2162 
       h0543  7 0.7031 0.2969 
       h0553  7 0.8363 0.1637 
       h0563  7 0.7027 0.2973 
       h0573  7 0.6962 0.3038 
       h0583  7 0.7891 0.2109 
       h0593  7 0.5495 0.4505 
       h0603  7 0.6764 0.3236 
       h0613  7 0.9320 0.0680 
       h0623  7 0.7133 0.2867 
       h0633  7 0.7515 0.2485 
       h0643  7 0.8150 0.1850 
       h0653  7 0.7110 0.2890 
       h0663  7 0.7697 0.2303 
       h0673  7 0.7134 0.2866 
       h0683  7 0.7362 0.2638 
       h0693  7 0.8891 0.1109 
       h0703  7 0.5557 0.4443 
       h0713  7 0.9233 0.0767 
       h0723  7 0.7149 0.2851 
       h0733  7 0.9613 0.0387 
       h0743  7 0.9253 0.0747 
       h0753  7 0.9334 0.0666 
       h0763  7 0.8216 0.1784 
       h0773  7 0.5810 0.4190 
       h0783  7 0.7209 0.2791 
       h0793  7 0.6554 0.3446 
       h0803  7 0.7076 0.2924 
       h0813  7 0.8805 0.1195 
       h0823  7 0.8106 0.1894 
       h0833  7 0.8702 0.1298 
       h0843  7 0.8462 0.1538 
       h0853  7 0.6905 0.3095 
       h0863  7 0.8208 0.1792 
       h0873  7 0.9834 0.0166 
       h0883  7 0.6836 0.3164 
       h0893  7 0.8196 0.1804 
       h0903  7 0.8363 0.1637 
       h0913  7 0.8197 0.1803 
       h0923  7 0.7343 0.2657 
       h0933  7 0.7904 0.2096 
       h0943  7 0.7083 0.2917 
       h0953  7 0.9058 0.0942 
       h0963  7 0.7378 0.2622 
       h0973  7 0.6837 0.3163 
       h0983  7 0.7798 0.2202 
       h0993  7 0.8119 0.1881 
       h1003  7 0.8448 0.1552 
       W23CA  8 0.9774 0.0226 
     AP.085Y  8 0.9716 0.0284 
     CH.0LLY  8 0.9062 0.0938 
       M0LEC  8 0.9793 0.0207 
       M2C3H  8 0.9704 0.0296 
       M2CHL  8 0.8472 0.1528 
       W26P7  8 0.9588 0.0412 
     AP.07M5  8 0.9405 0.0595 
     AP.080U  8 0.9564 0.0436 
     AP.082A  8 0.9818 0.0182 
     AP.0843  8 0.9607 0.0393 
     AP.0844  8 0.8798 0.1202 
     AP.084X  8 0.9775 0.0225 
     AP.086Y  8 0.9757 0.0243 
     AP.0870  8 0.9640 0.0360 
     AP.0878  8 0.9561 0.0439 
     AP.087F  8 0.9662 0.0338 
     AP.087Y  8 0.8905 0.1095 
     AP.088P  8 0.9628 0.0372 
     AP.08AK  8 0.9594 0.0406 
     CH.0LLM  8 0.9726 0.0274 
     CH.0LLU  8 0.9094 0.0906 
     CH.0LM0  8 0.9457 0.0543 
     CH.0LM3  8 0.9370 0.0630 
       W26MY  8 0.7854 0.2146 
       W26P6  8 0.9128 0.0872 
      HRV07U  8 0.9298 0.0702 
      HRV1CT  8 0.9774 0.0226 
      HRV1CU  8 0.9828 0.0172 
      HRV1E6  8 0.9725 0.0275 
      HRV081  8 0.9841 0.0159 
      HRV1E3  8 0.9640 0.0360 
      MSV21E  8 0.9152 0.0848 
      MSV216  8 0.9589 0.0411 
       M0TYK  8 0.9233 0.0767 
      MSV2AA  8 0.9436 0.0564 
     CK.0PET  8 0.8267 0.1733 
       M2E8C  8 0.9619 0.0381 
      MSV23X  8 0.9150 0.0850 
      MSV32A  8 0.8834 0.1166 
     AP.0838  8 0.9731 0.0269 
     AP.088F  8 0.9655 0.0345 
       h0014  9 0.9614 0.0386 
       h0024  9 0.9434 0.0566 
       h0034  9 0.9582 0.0418 
       h0044  9 0.9472 0.0528 
       h0054  9 0.8720 0.1280 
       h0064  9 0.8921 0.1079 
       h0074  9 0.8954 0.1046 
       h0084  9 0.9581 0.0419 
       h0094  9 0.9824 0.0176 
       h0104  9 0.9190 0.0810 
       h0114  9 0.8767 0.1233 
       h0124  9 0.9843 0.0157 
       h0134  9 0.9377 0.0623 
       h0144  9 0.9748 0.0252 
       h0154  9 0.9616 0.0384 
       h0164  9 0.9478 0.0522 
       h0174  9 0.8440 0.1560 
       h0184  9 0.9604 0.0396 
       h0194  9 0.7967 0.2033 
       h0204  9 0.9830 0.0170 
       h0214  9 0.9313 0.0687 
       h0224  9 0.9518 0.0482 
       h0234  9 0.8810 0.1190 
       h0244  9 0.9741 0.0259 
       h0254  9 0.9596 0.0404 
       h0264  9 0.9651 0.0349 
       h0274  9 0.9452 0.0548 
       h0284  9 0.8616 0.1384 
       h0294  9 0.8618 0.1382 
       h0304  9 0.9523 0.0477 
       h0314  9 0.7800 0.2200 
       h0324  9 0.9305 0.0695 
       h0334  9 0.9521 0.0479 
       h0344  9 0.7968 0.2032 
       h0354  9 0.8969 0.1031 
       h0364  9 0.8601 0.1399 
       h0374  9 0.9797 0.0203 
       h0384  9 0.8180 0.1820 
       h0394  9 0.8938 0.1062 
       h0404  9 0.9199 0.0801 
       h0414  9 0.8964 0.1036 
       h0424  9 0.9757 0.0243 
       h0434  9 0.8973 0.1027 
       h0444  9 0.8971 0.1029 
       h0454  9 0.8716 0.1284 
       h0464  9 0.9608 0.0392 
       h0474  9 0.9442 0.0558 
       h0484  9 0.9364 0.0636 
       h0494  9 0.7140 0.2860 
       h0504  9 0.9365 0.0635 
       h0514  9 0.8350 0.1650 
       h0524  9 0.9563 0.0437 
       h0534  9 0.9308 0.0692 
       h0544  9 0.9203 0.0797 
       h0554  9 0.9358 0.0642 
       h0564  9 0.9678 0.0322 
       h0574  9 0.9557 0.0443 
       h0584  9 0.9314 0.0686 
       h0594  9 0.9704 0.0296 
       h0604  9 0.9818 0.0182 
       h0614  9 0.9771 0.0229 
       h0624  9 0.8428 0.1572 
       h0634  9 0.9519 0.0481 
       h0644  9 0.9142 0.0858 
       h0654  9 0.7348 0.2652 
       h0664  9 0.9654 0.0346 
       h0674  9 0.9782 0.0218 
       h0684  9 0.9237 0.0763 
       h0694  9 0.9509 0.0491 
       h0704  9 0.9694 0.0306 
       h0714  9 0.9689 0.0311 
       h0724  9 0.8992 0.1008 
       h0734  9 0.9347 0.0653 
       h0744  9 0.8925 0.1075 
       h0754  9 0.9181 0.0819 
       h0764  9 0.9155 0.0845 
       h0774  9 0.9761 0.0239 
       h0784  9 0.9525 0.0475 
       h0794  9 0.9795 0.0205 
       h0804  9 0.9649 0.0351 
       h0814  9 0.8988 0.1012 
       h0824  9 0.9761 0.0239 
       h0834  9 0.9576 0.0424 
       h0844  9 0.9564 0.0436 
       h0854  9 0.9302 0.0698 
       h0864  9 0.9778 0.0222 
       h0874  9 0.9359 0.0641 
       h0884  9 0.9512 0.0488 
       h0894  9 0.9405 0.0595 
       h0904  9 0.9421 0.0579 
       h0914  9 0.9159 0.0841 
       h0924  9 0.9179 0.0821 
       h0934  9 0.7908 0.2092 
       h0944  9 0.9348 0.0652 
       h0954  9 0.8817 0.1183 
       h0964  9 0.8350 0.1650 
       h0974  9 0.9700 0.0300 
       h0984  9 0.8764 0.1236 
       h0994  9 0.7165 0.2835 
       h1004  9 0.9572 0.0428 
     AP.087M 10 0.9801 0.0199 
     AP.0863 10 0.9441 0.0559 
       W23EX 10 0.9765 0.0235 
      HRV0K3 10 0.9741 0.0259 
     AP.081H 10 0.6097 0.3903 
      HRV05L 10 0.9791 0.0209 
     AP.08A6 10 0.9630 0.0370 
       M1ELE 10 0.9822 0.0178 
      HRV0M2 10 0.9720 0.0280 
     AP.07M2 10 0.9370 0.0630 
      HRV07K 10 0.9762 0.0238 
       M2CHJ 10 0.9596 0.0404 
       M0102 10 0.9778 0.0222 
     AP.087X 10 0.9542 0.0458 
       M04PF 10 0.9829 0.0171 
     AP.0864 10 0.9855 0.0145 
       M2CHY 10 0.9755 0.0245 
      HRV1CX 10 0.9644 0.0356 
     AP.0885 10 0.9724 0.0276 
       W26ME 10 0.9722 0.0278 
     AP.088K 10 0.9704 0.0296 
     AP.0887 10 0.9761 0.0239 
      HRV02C 10 0.9862 0.0138 
      HRV1E2 10 0.9849 0.0151 
       M182M 10 0.9709 0.0291 
      HRV01J 10 0.9816 0.0184 
       M1EL3 10 0.9677 0.0323 
      HRV0M7 10 0.9736 0.0264 
       M1CFL 10 0.9776 0.0224 
     AM.07FP 10 0.9820 0.0180 
       M04XH 10 0.9682 0.0318 
       M2CHP 10 0.9548 0.0452 
       M0HM3 10 0.9820 0.0180 
      HRV1EC 10 0.9803 0.0197 
       W26PJ 10 0.8600 0.1400 
      HRV1C6 10 0.9835 0.0165 
     AP.0883 10 0.9555 0.0445 
     AP.08AC 10 0.9623 0.0377 
      HRV026 10 0.9721 0.0279 
      HRV04F 10 0.9826 0.0174 
     AP.087T 10 0.9663 0.0337 
     AP.08AH 10 0.9685 0.0315 
      HRV01X 10 0.9789 0.0211 
      HRV01U 10 0.9826 0.0174 
      HRV0LJ 10 0.9575 0.0425 
       W26PE 10 0.8485 0.1515 
     AP.0861 10 0.9777 0.0223 
       W26UE 10 0.9746 0.0254 
      HRV1ET 10 0.9843 0.0157 
     AP.08A8 10 0.9796 0.0204 
      HRV00P 10 0.9847 0.0153 
      HRV031 10 0.9833 0.0167 
       M05PH 10 0.9713 0.0287 
       M0J1X 10 0.9801 0.0199 
      HRV02A 10 0.9492 0.0508 
      HRV0KE 10 0.9814 0.0186 
      HRV015 10 0.9744 0.0256 
      HRV1E4 10 0.9853 0.0147 
     AP.0881 10 0.9519 0.0481 
     AP.08A1 10 0.9694 0.0306 
     AP.088T 10 0.9854 0.0146 
     AP.08A4 10 0.8880 0.1120 
     AP.088U 10 0.9825 0.0175 
       M2CHM 10 0.9555 0.0445 
      HRV04C 10 0.9815 0.0185 
      HRV0A0 10 0.9850 0.0150 
      HRV041 10 0.9833 0.0167 
      HRV077 10 0.9671 0.0329 
     AP.07ME 10 0.9531 0.0469 
     AP.087U 10 0.8914 0.1086 
       M0FF2 10 0.9836 0.0164 
       M2AY0 10 0.9446 0.0554 
     AP.085U 10 0.9251 0.0749 
       M0A66 10 0.9836 0.0164 
       W26ML 10 0.9825 0.0175 
      HRV05U 10 0.9837 0.0163 
       M1ELC 10 0.9731 0.0269 
       M05JC 10 0.9806 0.0194 
      HRV05J 10 0.9806 0.0194 
      HRV0KU 10 0.9592 0.0408 
       W23F0 10 0.9669 0.0331 
      HRV1EK 10 0.9367 0.0633 
       W26LM 10 0.9171 0.0829 
      HRV1EE 10 0.9835 0.0165 
      HRV07H 10 0.9867 0.0133 
     AM.07FM 10 0.9871 0.0129 
      HRV1E1 10 0.9785 0.0215 
     AP.088C 10 0.9506 0.0494 
       M0L8F 10 0.9521 0.0479 
       W26X2 10 0.9741 0.0259 
       M06JH 10 0.9175 0.0825 
       M0L32 10 0.9717 0.0283 
       M2C3F 10 0.9793 0.0207 
     AP.081F 10 0.9825 0.0175 
      HRV01L 10 0.9781 0.0219 
     AP.087P 10 0.9747 0.0253 
     AP.0817 10 0.9771 0.0229 
       W26UF 10 0.9831 0.0169 
       M0LUP 10 0.9717 0.0283 
       M2AY5 10 0.9775 0.0225 
