

----------------------------------------------------
STRUCTURE by Pritchard, Stephens and Donnelly (2000)
     and Falush, Stephens and Pritchard (2003)
       Code by Pritchard, Falush and Hubisz
             Version 2.3.4 (Jul 2012)
----------------------------------------------------



Command line arguments:   /home/eva.pavlovic/Structure/structure -m parameter_job_4a2_8_2 
Input File:    /home/eva.pavlovic/data_job_4a2_8_2

Run parameters:
   1550 individuals
   20 loci
   2 populations assumed
   300000 Burn-in period
   3000000 Reps


--------------------------------------------
Proportion of membership of each pre-defined
 population in each of the 2 clusters

Given    Inferred Clusters       Number of
 Pop       1      2             Individuals

  1:     0.018  0.982             100
  2:     0.017  0.983             400
  3:     0.108  0.892             100
  4:     0.235  0.765             100
  5:     0.559  0.441               6
  6:     0.498  0.502             100
  7:     0.829  0.171               2
  8:     0.776  0.224             100
  9:     0.891  0.109              42
 10:     0.899  0.101             100
 11:     0.981  0.019             240
 12:     0.985  0.015             260
--------------------------------------------

Allele-freq. divergence among pops (Net nucleotide distance),
computed using point estimates of P.

      1       2      
 1      -    0.1035  
 2   0.1035     -    

Average distances (expected heterozygosity) between individuals in same cluster:
cluster  1  : 0.7317 
cluster  2  : 0.7867 

--------------------------------------------
Estimated Ln Prob of Data   = -115555.9
Mean value of ln likelihood = -115148.4
Variance of ln likelihood   = 815.0
Mean value of alpha         = 0.1397

Mean value of Fst_1         = 0.1766
Mean value of Fst_2         = 0.0381


Inferred ancestry of individuals:
        Label (%Miss) Pop:  Inferred clusters
  1    M1EL5    (5)    1 :  0.015 0.985 
  2    W26T6    (5)    1 :  0.041 0.959 
  3    W26XX    (5)    1 :  0.010 0.990 
  4    M013P    (0)    1 :  0.007 0.993 
  5    M1ELA    (0)    1 :  0.033 0.967 
  6    M2C73    (0)    1 :  0.012 0.988 
  7    W23P4    (0)    1 :  0.130 0.870 
  8    W247C    (5)    1 :  0.009 0.991 
  9    W24K1    (0)    1 :  0.009 0.991 
 10    W24ME    (0)    1 :  0.049 0.951 
 11    W2514    (0)    1 :  0.020 0.980 
 12    W26MA    (0)    1 :  0.021 0.979 
 13    W26MM    (0)    1 :  0.009 0.991 
 14    W26MU    (0)    1 :  0.016 0.984 
 15    W26P0    (0)    1 :  0.014 0.986 
 16    W26P3    (0)    1 :  0.007 0.993 
 17    W26T5    (0)    1 :  0.008 0.992 
 18    W26TE    (0)    1 :  0.017 0.983 
 19    W26TF    (0)    1 :  0.009 0.991 
 20    W26U8    (0)    1 :  0.055 0.945 
 21    W26UJ    (0)    1 :  0.008 0.992 
 22    W26UK    (0)    1 :  0.007 0.993 
 23    W26UT    (0)    1 :  0.007 0.993 
 24    W26XT    (0)    1 :  0.009 0.991 
 25   CC06H2    (0)    1 :  0.048 0.952 
 26   CC06H4    (0)    1 :  0.010 0.990 
 27   CC06H5    (5)    1 :  0.035 0.965 
 28   CC06H6    (0)    1 :  0.013 0.987 
 29   CC06HE    (0)    1 :  0.009 0.991 
 30   CC06HF    (0)    1 :  0.042 0.958 
 31   CC06HH    (0)    1 :  0.010 0.990 
 32   CC06HJ    (0)    1 :  0.015 0.985 
 33   CC06HL    (0)    1 :  0.007 0.993 
 34   CC06HP    (0)    1 :  0.008 0.992 
 35   CC06HT    (0)    1 :  0.049 0.951 
 36   CC06HU    (0)    1 :  0.011 0.989 
 37   CC06HY    (0)    1 :  0.020 0.980 
 38   CC06J0    (0)    1 :  0.013 0.987 
 39   CC06J1    (0)    1 :  0.041 0.959 
 40   CC06J2    (0)    1 :  0.012 0.988 
 41  CT.0YCY    (0)    1 :  0.013 0.987 
 42  CT.0YEC    (0)    1 :  0.007 0.993 
 43  CT.0YEF    (0)    1 :  0.012 0.988 
 44  CT.0YEU    (0)    1 :  0.008 0.992 
 45  CT.0YF2    (5)    1 :  0.021 0.979 
 46  CT.0YF8    (0)    1 :  0.008 0.992 
 47  CT.0YFA    (0)    1 :  0.017 0.983 
 48  CT.0YFE    (0)    1 :  0.018 0.982 
 49  CT.0YFP    (0)    1 :  0.019 0.981 
 50  CT.0YFU    (0)    1 :  0.013 0.987 
 51  CT.0YK7    (0)    1 :  0.018 0.982 
 52  CX.10PT    (0)    1 :  0.048 0.952 
 53   DAM021    (0)    1 :  0.011 0.989 
 54   DAM034    (0)    1 :  0.020 0.980 
 55   DAM07X    (0)    1 :  0.016 0.984 
 56  EF.15J6    (0)    1 :  0.010 0.990 
 57   HRV010   (10)    1 :  0.010 0.990 
 58   HRV02J    (5)    1 :  0.018 0.982 
 59   HRV078    (0)    1 :  0.012 0.988 
 60   HRV0FH    (0)    1 :  0.011 0.989 
 61   HRV0H5    (0)    1 :  0.014 0.986 
 62   HRV0JF    (0)    1 :  0.021 0.979 
 63   HRV0JJ    (0)    1 :  0.019 0.981 
 64   HRV0JM    (0)    1 :  0.013 0.987 
 65   HRV0K6    (0)    1 :  0.040 0.960 
 66   HRV0K7    (0)    1 :  0.010 0.990 
 67   HRV0KP    (5)    1 :  0.014 0.986 
 68   HRV1AX    (0)    1 :  0.025 0.975 
 69   HRV1C4    (0)    1 :  0.027 0.973 
 70   HRV1CH    (0)    1 :  0.015 0.985 
 71   HRV1FA    (5)    1 :  0.019 0.981 
 72   HRV1FK    (0)    1 :  0.019 0.981 
 73   HRV1H8    (5)    1 :  0.012 0.988 
 74   HRV1HT   (10)    1 :  0.020 0.980 
 75   HRV1XU   (10)    1 :  0.012 0.988 
 76   HRV4TF    (0)    1 :  0.009 0.991 
 77   HRV6F0   (10)    1 :  0.011 0.989 
 78   HRVE6L    (0)    1 :  0.016 0.984 
 79    M27HM    (5)    1 :  0.016 0.984 
 80    M27HP    (0)    1 :  0.008 0.992 
 81    M2AK4    (0)    1 :  0.008 0.992 
 82    M2ALA    (0)    1 :  0.008 0.992 
 83    M2C56    (0)    1 :  0.014 0.986 
 84    M2CUX    (0)    1 :  0.023 0.977 
 85    M2E24    (0)    1 :  0.009 0.991 
 86    M2EA7    (5)    1 :  0.010 0.990 
 87    M2EH6    (0)    1 :  0.010 0.990 
 88    M2EKC    (0)    1 :  0.033 0.967 
 89   MSV083    (0)    1 :  0.012 0.988 
 90   MSV084    (0)    1 :  0.016 0.984 
 91   MSV0LJ    (0)    1 :  0.016 0.984 
 92   MSV1H5    (0)    1 :  0.021 0.979 
 93   MSV1KM    (0)    1 :  0.009 0.991 
 94   MSV23F    (5)    1 :  0.012 0.988 
 95   MSV2L8    (0)    1 :  0.012 0.988 
 96   MSV2P7    (5)    1 :  0.010 0.990 
 97   MSV2TJ    (0)    1 :  0.019 0.981 
 98   MSV2XM    (0)    1 :  0.015 0.985 
 99   MSV327    (5)    1 :  0.011 0.989 
100   MSV33L    (5)    1 :  0.008 0.992 
101    h0015    (0)    2 :  0.010 0.990 
102    h0025    (0)    2 :  0.010 0.990 
103    h0035    (0)    2 :  0.013 0.987 
104    h0045    (0)    2 :  0.007 0.993 
105    h0055    (0)    2 :  0.018 0.982 
106    h0065    (0)    2 :  0.010 0.990 
107    h0075    (0)    2 :  0.009 0.991 
108    h0085    (0)    2 :  0.014 0.986 
109    h0095    (0)    2 :  0.008 0.992 
110    h0105    (0)    2 :  0.026 0.974 
111    h0115    (0)    2 :  0.011 0.989 
112    h0125    (0)    2 :  0.022 0.978 
113    h0135    (0)    2 :  0.012 0.988 
114    h0145    (0)    2 :  0.008 0.992 
115    h0155    (0)    2 :  0.017 0.983 
116    h0165    (0)    2 :  0.013 0.987 
117    h0175    (0)    2 :  0.015 0.985 
118    h0185    (0)    2 :  0.031 0.969 
119    h0195    (0)    2 :  0.030 0.970 
120    h0205    (0)    2 :  0.007 0.993 
121    h0215    (0)    2 :  0.011 0.989 
122    h0225    (0)    2 :  0.009 0.991 
123    h0235    (0)    2 :  0.017 0.983 
124    h0245    (0)    2 :  0.015 0.985 
125    h0255    (0)    2 :  0.013 0.987 
126    h0265    (0)    2 :  0.006 0.994 
127    h0275    (0)    2 :  0.024 0.976 
128    h0285    (0)    2 :  0.007 0.993 
129    h0295    (0)    2 :  0.030 0.970 
130    h0305    (0)    2 :  0.018 0.982 
131    h0315    (0)    2 :  0.013 0.987 
132    h0325    (0)    2 :  0.013 0.987 
133    h0335    (0)    2 :  0.009 0.991 
134    h0345    (0)    2 :  0.027 0.973 
135    h0355    (0)    2 :  0.058 0.942 
136    h0365    (0)    2 :  0.056 0.944 
137    h0375    (0)    2 :  0.018 0.982 
138    h0385    (0)    2 :  0.007 0.993 
139    h0395    (0)    2 :  0.025 0.975 
140    h0405    (0)    2 :  0.010 0.990 
141    h0415    (0)    2 :  0.014 0.986 
142    h0425    (0)    2 :  0.008 0.992 
143    h0435    (0)    2 :  0.014 0.986 
144    h0445    (0)    2 :  0.054 0.946 
145    h0455    (0)    2 :  0.009 0.991 
146    h0465    (0)    2 :  0.008 0.992 
147    h0475    (0)    2 :  0.019 0.981 
148    h0485    (0)    2 :  0.012 0.988 
149    h0495    (0)    2 :  0.013 0.987 
150    h0505    (0)    2 :  0.010 0.990 
151    h0515    (0)    2 :  0.013 0.987 
152    h0525    (0)    2 :  0.010 0.990 
153    h0535    (0)    2 :  0.012 0.988 
154    h0545    (0)    2 :  0.014 0.986 
155    h0555    (0)    2 :  0.010 0.990 
156    h0565    (0)    2 :  0.011 0.989 
157    h0575    (0)    2 :  0.011 0.989 
158    h0585    (0)    2 :  0.005 0.995 
159    h0595    (0)    2 :  0.056 0.944 
160    h0605    (0)    2 :  0.016 0.984 
161    h0615    (0)    2 :  0.035 0.965 
162    h0625    (0)    2 :  0.010 0.990 
163    h0635    (0)    2 :  0.026 0.974 
164    h0645    (0)    2 :  0.141 0.859 
165    h0655    (0)    2 :  0.015 0.985 
166    h0665    (0)    2 :  0.008 0.992 
167    h0675    (0)    2 :  0.008 0.992 
168    h0685    (0)    2 :  0.024 0.976 
169    h0695    (0)    2 :  0.016 0.984 
170    h0705    (0)    2 :  0.011 0.989 
171    h0715    (0)    2 :  0.012 0.988 
172    h0725    (0)    2 :  0.022 0.978 
173    h0735    (0)    2 :  0.039 0.961 
174    h0745    (0)    2 :  0.018 0.982 
175    h0755    (0)    2 :  0.007 0.993 
176    h0765    (0)    2 :  0.016 0.984 
177    h0775    (0)    2 :  0.035 0.965 
178    h0785    (0)    2 :  0.010 0.990 
179    h0795    (0)    2 :  0.007 0.993 
180    h0805    (0)    2 :  0.007 0.993 
181    h0815    (0)    2 :  0.021 0.979 
182    h0825    (0)    2 :  0.009 0.991 
183    h0835    (0)    2 :  0.033 0.967 
184    h0845    (0)    2 :  0.020 0.980 
185    h0855    (0)    2 :  0.013 0.987 
186    h0865    (0)    2 :  0.009 0.991 
187    h0875    (0)    2 :  0.026 0.974 
188    h0885    (0)    2 :  0.013 0.987 
189    h0895    (0)    2 :  0.012 0.988 
190    h0905    (0)    2 :  0.006 0.994 
191    h0915    (0)    2 :  0.022 0.978 
192    h0925    (0)    2 :  0.037 0.963 
193    h0935    (0)    2 :  0.009 0.991 
194    h0945    (0)    2 :  0.027 0.973 
195    h0955    (0)    2 :  0.008 0.992 
196    h0965    (0)    2 :  0.020 0.980 
197    h0975    (0)    2 :  0.012 0.988 
198    h0985    (0)    2 :  0.010 0.990 
199    h0995    (0)    2 :  0.011 0.989 
200    h1005    (0)    2 :  0.010 0.990 
201     h101    (0)    2 :  0.011 0.989 
202     h102    (0)    2 :  0.012 0.988 
203     h103    (0)    2 :  0.011 0.989 
204     h104    (0)    2 :  0.017 0.983 
205     h105    (0)    2 :  0.015 0.985 
206     h106    (0)    2 :  0.022 0.978 
207     h107    (0)    2 :  0.022 0.978 
208     h108    (0)    2 :  0.008 0.992 
209     h109    (0)    2 :  0.008 0.992 
210     h110    (0)    2 :  0.012 0.988 
211     h111    (0)    2 :  0.012 0.988 
212     h112    (0)    2 :  0.009 0.991 
213     h113    (0)    2 :  0.022 0.978 
214     h114    (0)    2 :  0.011 0.989 
215     h115    (0)    2 :  0.031 0.969 
216     h116    (0)    2 :  0.011 0.989 
217     h117    (0)    2 :  0.020 0.980 
218     h118    (0)    2 :  0.011 0.989 
219     h119    (0)    2 :  0.015 0.985 
220     h120    (0)    2 :  0.013 0.987 
221     h121    (0)    2 :  0.010 0.990 
222     h122    (0)    2 :  0.011 0.989 
223     h123    (0)    2 :  0.007 0.993 
224     h124    (0)    2 :  0.012 0.988 
225     h125    (0)    2 :  0.011 0.989 
226     h126    (0)    2 :  0.018 0.982 
227     h127    (0)    2 :  0.010 0.990 
228     h128    (0)    2 :  0.013 0.987 
229     h129    (0)    2 :  0.052 0.948 
230     h130    (0)    2 :  0.007 0.993 
231     h131    (0)    2 :  0.007 0.993 
232     h132    (0)    2 :  0.014 0.986 
233     h133    (0)    2 :  0.018 0.982 
234     h134    (0)    2 :  0.008 0.992 
235     h135    (0)    2 :  0.010 0.990 
236     h136    (0)    2 :  0.013 0.987 
237     h137    (0)    2 :  0.012 0.988 
238     h138    (0)    2 :  0.010 0.990 
239     h139    (0)    2 :  0.011 0.989 
240     h140    (0)    2 :  0.057 0.943 
241     h141    (0)    2 :  0.010 0.990 
242     h142    (0)    2 :  0.037 0.963 
243     h143    (0)    2 :  0.012 0.988 
244     h144    (0)    2 :  0.011 0.989 
245     h145    (0)    2 :  0.008 0.992 
246     h146    (0)    2 :  0.029 0.971 
247     h147    (0)    2 :  0.019 0.981 
248     h148    (0)    2 :  0.006 0.994 
249     h149    (0)    2 :  0.033 0.967 
250     h150    (0)    2 :  0.011 0.989 
251     h151    (0)    2 :  0.028 0.972 
252     h152    (0)    2 :  0.014 0.986 
253     h153    (0)    2 :  0.023 0.977 
254     h154    (0)    2 :  0.009 0.991 
255     h155    (0)    2 :  0.010 0.990 
256     h156    (0)    2 :  0.007 0.993 
257     h157    (0)    2 :  0.019 0.981 
258     h158    (0)    2 :  0.027 0.973 
259     h159    (0)    2 :  0.011 0.989 
260     h160    (0)    2 :  0.014 0.986 
261     h161    (0)    2 :  0.012 0.988 
262     h162    (0)    2 :  0.010 0.990 
263     h163    (0)    2 :  0.008 0.992 
264     h164    (0)    2 :  0.008 0.992 
265     h165    (0)    2 :  0.015 0.985 
266     h166    (0)    2 :  0.015 0.985 
267     h167    (0)    2 :  0.008 0.992 
268     h168    (0)    2 :  0.013 0.987 
269     h169    (0)    2 :  0.011 0.989 
270     h170    (0)    2 :  0.013 0.987 
271     h171    (0)    2 :  0.017 0.983 
272     h172    (0)    2 :  0.016 0.984 
273     h173    (0)    2 :  0.019 0.981 
274     h174    (0)    2 :  0.018 0.982 
275     h175    (0)    2 :  0.014 0.986 
276     h176    (0)    2 :  0.013 0.987 
277     h177    (0)    2 :  0.011 0.989 
278     h178    (0)    2 :  0.017 0.983 
279     h179    (0)    2 :  0.010 0.990 
280     h180    (0)    2 :  0.008 0.992 
281     h181    (0)    2 :  0.012 0.988 
282     h182    (0)    2 :  0.009 0.991 
283     h183    (0)    2 :  0.006 0.994 
284     h184    (0)    2 :  0.022 0.978 
285     h185    (0)    2 :  0.014 0.986 
286     h186    (0)    2 :  0.008 0.992 
287     h187    (0)    2 :  0.006 0.994 
288     h188    (0)    2 :  0.010 0.990 
289     h189    (0)    2 :  0.014 0.986 
290     h190    (0)    2 :  0.012 0.988 
291     h191    (0)    2 :  0.007 0.993 
292     h192    (0)    2 :  0.012 0.988 
293     h193    (0)    2 :  0.018 0.982 
294     h194    (0)    2 :  0.033 0.967 
295     h195    (0)    2 :  0.026 0.974 
296     h196    (0)    2 :  0.007 0.993 
297     h197    (0)    2 :  0.021 0.979 
298     h198    (0)    2 :  0.010 0.990 
299     h199    (0)    2 :  0.009 0.991 
300     h200    (0)    2 :  0.018 0.982 
301     h201    (0)    2 :  0.019 0.981 
302     h202    (0)    2 :  0.009 0.991 
303     h203    (0)    2 :  0.012 0.988 
304     h204    (0)    2 :  0.020 0.980 
305     h205    (0)    2 :  0.009 0.991 
306     h206    (0)    2 :  0.008 0.992 
307     h207    (0)    2 :  0.011 0.989 
308     h208    (0)    2 :  0.014 0.986 
309     h209    (0)    2 :  0.009 0.991 
310     h210    (0)    2 :  0.010 0.990 
311     h211    (0)    2 :  0.019 0.981 
312     h212    (0)    2 :  0.011 0.989 
313     h213    (0)    2 :  0.011 0.989 
314     h214    (0)    2 :  0.008 0.992 
315     h215    (0)    2 :  0.013 0.987 
316     h216    (0)    2 :  0.017 0.983 
317     h217    (0)    2 :  0.010 0.990 
318     h218    (0)    2 :  0.009 0.991 
319     h219    (0)    2 :  0.009 0.991 
320     h220    (0)    2 :  0.010 0.990 
321     h221    (0)    2 :  0.008 0.992 
322     h222    (0)    2 :  0.011 0.989 
323     h223    (0)    2 :  0.045 0.955 
324     h224    (0)    2 :  0.011 0.989 
325     h225    (0)    2 :  0.011 0.989 
326     h226    (0)    2 :  0.018 0.982 
327     h227    (0)    2 :  0.010 0.990 
328     h228    (0)    2 :  0.026 0.974 
329     h229    (0)    2 :  0.037 0.963 
330     h230    (0)    2 :  0.024 0.976 
331     h231    (0)    2 :  0.017 0.983 
332     h232    (0)    2 :  0.009 0.991 
333     h233    (0)    2 :  0.013 0.987 
334     h234    (0)    2 :  0.021 0.979 
335     h235    (0)    2 :  0.021 0.979 
336     h236    (0)    2 :  0.012 0.988 
337     h237    (0)    2 :  0.015 0.985 
338     h238    (0)    2 :  0.011 0.989 
339     h239    (0)    2 :  0.014 0.986 
340     h240    (0)    2 :  0.015 0.985 
341     h241    (0)    2 :  0.011 0.989 
342     h242    (0)    2 :  0.020 0.980 
343     h243    (0)    2 :  0.054 0.946 
344     h244    (0)    2 :  0.028 0.972 
345     h245    (0)    2 :  0.012 0.988 
346     h246    (0)    2 :  0.010 0.990 
347     h247    (0)    2 :  0.010 0.990 
348     h248    (0)    2 :  0.007 0.993 
349     h249    (0)    2 :  0.044 0.956 
350     h250    (0)    2 :  0.013 0.987 
351     h251    (0)    2 :  0.014 0.986 
352     h252    (0)    2 :  0.034 0.966 
353     h253    (0)    2 :  0.015 0.985 
354     h254    (0)    2 :  0.009 0.991 
355     h255    (0)    2 :  0.058 0.942 
356     h256    (0)    2 :  0.016 0.984 
357     h257    (0)    2 :  0.008 0.992 
358     h258    (0)    2 :  0.009 0.991 
359     h259    (0)    2 :  0.018 0.982 
360     h260    (0)    2 :  0.008 0.992 
361     h261    (0)    2 :  0.015 0.985 
362     h262    (0)    2 :  0.127 0.873 
363     h263    (0)    2 :  0.007 0.993 
364     h264    (0)    2 :  0.029 0.971 
365     h265    (0)    2 :  0.073 0.927 
366     h266    (0)    2 :  0.007 0.993 
367     h267    (0)    2 :  0.007 0.993 
368     h268    (0)    2 :  0.008 0.992 
369     h269    (0)    2 :  0.011 0.989 
370     h270    (0)    2 :  0.008 0.992 
371     h271    (0)    2 :  0.010 0.990 
372     h272    (0)    2 :  0.017 0.983 
373     h273    (0)    2 :  0.008 0.992 
374     h274    (0)    2 :  0.023 0.977 
375     h275    (0)    2 :  0.015 0.985 
376     h276    (0)    2 :  0.008 0.992 
377     h277    (0)    2 :  0.026 0.974 
378     h278    (0)    2 :  0.011 0.989 
379     h279    (0)    2 :  0.019 0.981 
380     h280    (0)    2 :  0.015 0.985 
381     h281    (0)    2 :  0.015 0.985 
382     h282    (0)    2 :  0.016 0.984 
383     h283    (0)    2 :  0.015 0.985 
384     h284    (0)    2 :  0.008 0.992 
385     h285    (0)    2 :  0.020 0.980 
386     h286    (0)    2 :  0.009 0.991 
387     h287    (0)    2 :  0.008 0.992 
388     h288    (0)    2 :  0.015 0.985 
389     h289    (0)    2 :  0.019 0.981 
390     h290    (0)    2 :  0.032 0.968 
391     h291    (0)    2 :  0.028 0.972 
392     h292    (0)    2 :  0.016 0.984 
393     h293    (0)    2 :  0.009 0.991 
394     h294    (0)    2 :  0.012 0.988 
395     h295    (0)    2 :  0.082 0.918 
396     h296    (0)    2 :  0.012 0.988 
397     h297    (0)    2 :  0.010 0.990 
398     h298    (0)    2 :  0.035 0.965 
399     h299    (0)    2 :  0.009 0.991 
400     h300    (0)    2 :  0.010 0.990 
401     h301    (0)    2 :  0.008 0.992 
402     h302    (0)    2 :  0.011 0.989 
403     h303    (0)    2 :  0.009 0.991 
404     h304    (0)    2 :  0.009 0.991 
405     h305    (0)    2 :  0.009 0.991 
406     h306    (0)    2 :  0.013 0.987 
407     h307    (0)    2 :  0.007 0.993 
408     h308    (0)    2 :  0.012 0.988 
409     h309    (0)    2 :  0.022 0.978 
410     h310    (0)    2 :  0.061 0.939 
411     h311    (0)    2 :  0.013 0.987 
412     h312    (0)    2 :  0.009 0.991 
413     h313    (0)    2 :  0.010 0.990 
414     h314    (0)    2 :  0.013 0.987 
415     h315    (0)    2 :  0.018 0.982 
416     h316    (0)    2 :  0.024 0.976 
417     h317    (0)    2 :  0.013 0.987 
418     h318    (0)    2 :  0.011 0.989 
419     h319    (0)    2 :  0.021 0.979 
420     h320    (0)    2 :  0.009 0.991 
421     h321    (0)    2 :  0.013 0.987 
422     h322    (0)    2 :  0.011 0.989 
423     h323    (0)    2 :  0.008 0.992 
424     h324    (0)    2 :  0.007 0.993 
425     h325    (0)    2 :  0.044 0.956 
426     h326    (0)    2 :  0.018 0.982 
427     h327    (0)    2 :  0.011 0.989 
428     h328    (0)    2 :  0.012 0.988 
429     h329    (0)    2 :  0.031 0.969 
430     h330    (0)    2 :  0.009 0.991 
431     h331    (0)    2 :  0.006 0.994 
432     h332    (0)    2 :  0.007 0.993 
433     h333    (0)    2 :  0.012 0.988 
434     h334    (0)    2 :  0.015 0.985 
435     h335    (0)    2 :  0.020 0.980 
436     h336    (0)    2 :  0.012 0.988 
437     h337    (0)    2 :  0.007 0.993 
438     h338    (0)    2 :  0.030 0.970 
439     h339    (0)    2 :  0.024 0.976 
440     h340    (0)    2 :  0.007 0.993 
441     h341    (0)    2 :  0.013 0.987 
442     h342    (0)    2 :  0.011 0.989 
443     h343    (0)    2 :  0.008 0.992 
444     h344    (0)    2 :  0.038 0.962 
445     h345    (0)    2 :  0.007 0.993 
446     h346    (0)    2 :  0.009 0.991 
447     h347    (0)    2 :  0.010 0.990 
448     h348    (0)    2 :  0.008 0.992 
449     h349    (0)    2 :  0.010 0.990 
450     h350    (0)    2 :  0.019 0.981 
451     h351    (0)    2 :  0.018 0.982 
452     h352    (0)    2 :  0.040 0.960 
453     h353    (0)    2 :  0.008 0.992 
454     h354    (0)    2 :  0.007 0.993 
455     h355    (0)    2 :  0.016 0.984 
456     h356    (0)    2 :  0.010 0.990 
457     h357    (0)    2 :  0.006 0.994 
458     h358    (0)    2 :  0.008 0.992 
459     h359    (0)    2 :  0.014 0.986 
460     h360    (0)    2 :  0.019 0.981 
461     h361    (0)    2 :  0.009 0.991 
462     h362    (0)    2 :  0.011 0.989 
463     h363    (0)    2 :  0.007 0.993 
464     h364    (0)    2 :  0.007 0.993 
465     h365    (0)    2 :  0.009 0.991 
466     h366    (0)    2 :  0.008 0.992 
467     h367    (0)    2 :  0.009 0.991 
468     h368    (0)    2 :  0.039 0.961 
469     h369    (0)    2 :  0.023 0.977 
470     h370    (0)    2 :  0.007 0.993 
471     h371    (0)    2 :  0.013 0.987 
472     h372    (0)    2 :  0.016 0.984 
473     h373    (0)    2 :  0.007 0.993 
474     h374    (0)    2 :  0.013 0.987 
475     h375    (0)    2 :  0.008 0.992 
476     h376    (0)    2 :  0.017 0.983 
477     h377    (0)    2 :  0.019 0.981 
478     h378    (0)    2 :  0.021 0.979 
479     h379    (0)    2 :  0.009 0.991 
480     h380    (0)    2 :  0.010 0.990 
481     h381    (0)    2 :  0.008 0.992 
482     h382    (0)    2 :  0.050 0.950 
483     h383    (0)    2 :  0.054 0.946 
484     h384    (0)    2 :  0.010 0.990 
485     h385    (0)    2 :  0.011 0.989 
486     h386    (0)    2 :  0.007 0.993 
487     h387    (0)    2 :  0.012 0.988 
488     h388    (0)    2 :  0.041 0.959 
489     h389    (0)    2 :  0.011 0.989 
490     h390    (0)    2 :  0.009 0.991 
491     h391    (0)    2 :  0.132 0.868 
492     h392    (0)    2 :  0.018 0.982 
493     h393    (0)    2 :  0.030 0.970 
494     h394    (0)    2 :  0.012 0.988 
495     h395    (0)    2 :  0.007 0.993 
496     h396    (0)    2 :  0.013 0.987 
497     h397    (0)    2 :  0.021 0.979 
498     h398    (0)    2 :  0.008 0.992 
499     h399    (0)    2 :  0.013 0.987 
500     h400    (0)    2 :  0.011 0.989 
501     h001    (0)    3 :  0.034 0.966 
502     h002    (0)    3 :  0.186 0.814 
503     h003    (0)    3 :  0.211 0.789 
504     h004    (0)    3 :  0.178 0.822 
505     h005    (0)    3 :  0.031 0.969 
506     h006    (0)    3 :  0.310 0.690 
507     h007    (0)    3 :  0.066 0.934 
508     h008    (0)    3 :  0.013 0.987 
509     h009    (0)    3 :  0.124 0.876 
510     h010    (0)    3 :  0.085 0.915 
511     h011    (0)    3 :  0.020 0.980 
512     h012    (0)    3 :  0.008 0.992 
513     h013    (0)    3 :  0.181 0.819 
514     h014    (0)    3 :  0.020 0.980 
515     h015    (0)    3 :  0.040 0.960 
516     h016    (0)    3 :  0.039 0.961 
517     h017    (0)    3 :  0.263 0.737 
518     h018    (0)    3 :  0.122 0.878 
519     h019    (0)    3 :  0.077 0.923 
520     h020    (0)    3 :  0.046 0.954 
521     h021    (0)    3 :  0.012 0.988 
522     h022    (0)    3 :  0.037 0.963 
523     h023    (0)    3 :  0.111 0.889 
524     h024    (0)    3 :  0.057 0.943 
525     h025    (0)    3 :  0.089 0.911 
526     h026    (0)    3 :  0.048 0.952 
527     h027    (0)    3 :  0.022 0.978 
528     h028    (0)    3 :  0.141 0.859 
529     h029    (0)    3 :  0.015 0.985 
530     h030    (0)    3 :  0.059 0.941 
531     h031    (0)    3 :  0.042 0.958 
532     h032    (0)    3 :  0.298 0.702 
533     h033    (0)    3 :  0.068 0.932 
534     h034    (0)    3 :  0.100 0.900 
535     h035    (0)    3 :  0.046 0.954 
536     h036    (0)    3 :  0.239 0.761 
537     h037    (0)    3 :  0.088 0.912 
538     h038    (0)    3 :  0.087 0.913 
539     h039    (0)    3 :  0.118 0.882 
540     h040    (0)    3 :  0.211 0.789 
541     h041    (0)    3 :  0.069 0.931 
542     h042    (0)    3 :  0.055 0.945 
543     h043    (0)    3 :  0.109 0.891 
544     h044    (0)    3 :  0.026 0.974 
545     h045    (0)    3 :  0.260 0.740 
546     h046    (0)    3 :  0.068 0.932 
547     h047    (0)    3 :  0.008 0.992 
548     h048    (0)    3 :  0.113 0.887 
549     h049    (0)    3 :  0.140 0.860 
550     h050    (0)    3 :  0.108 0.892 
551     h051    (0)    3 :  0.196 0.804 
552     h052    (0)    3 :  0.131 0.869 
553     h053    (0)    3 :  0.035 0.965 
554     h054    (0)    3 :  0.223 0.777 
555     h055    (0)    3 :  0.267 0.733 
556     h056    (0)    3 :  0.184 0.816 
557     h057    (0)    3 :  0.188 0.812 
558     h058    (0)    3 :  0.007 0.993 
559     h059    (0)    3 :  0.024 0.976 
560     h060    (0)    3 :  0.146 0.854 
561     h061    (0)    3 :  0.296 0.704 
562     h062    (0)    3 :  0.034 0.966 
563     h063    (0)    3 :  0.020 0.980 
564     h064    (0)    3 :  0.071 0.929 
565     h065    (0)    3 :  0.268 0.732 
566     h066    (0)    3 :  0.013 0.987 
567     h067    (0)    3 :  0.016 0.984 
568     h068    (0)    3 :  0.204 0.796 
569     h069    (0)    3 :  0.029 0.971 
570     h070    (0)    3 :  0.017 0.983 
571     h071    (0)    3 :  0.010 0.990 
572     h072    (0)    3 :  0.104 0.896 
573     h073    (0)    3 :  0.011 0.989 
574     h074    (0)    3 :  0.012 0.988 
575     h075    (0)    3 :  0.385 0.615 
576     h076    (0)    3 :  0.050 0.950 
577     h077    (0)    3 :  0.163 0.837 
578     h078    (0)    3 :  0.186 0.814 
579     h079    (0)    3 :  0.099 0.901 
580     h080    (0)    3 :  0.112 0.888 
581     h081    (0)    3 :  0.152 0.848 
582     h082    (0)    3 :  0.012 0.988 
583     h083    (0)    3 :  0.023 0.977 
584     h084    (0)    3 :  0.186 0.814 
585     h085    (0)    3 :  0.074 0.926 
586     h086    (0)    3 :  0.237 0.763 
587     h087    (0)    3 :  0.154 0.846 
588     h088    (0)    3 :  0.441 0.559 
589     h089    (0)    3 :  0.112 0.888 
590     h090    (0)    3 :  0.188 0.812 
591     h091    (0)    3 :  0.201 0.799 
592     h092    (0)    3 :  0.030 0.970 
593     h093    (0)    3 :  0.014 0.986 
594     h094    (0)    3 :  0.019 0.981 
595     h095    (0)    3 :  0.076 0.924 
596     h096    (0)    3 :  0.060 0.940 
597     h097    (0)    3 :  0.059 0.941 
598     h098    (0)    3 :  0.214 0.786 
599     h099    (0)    3 :  0.115 0.885 
600     h100    (0)    3 :  0.017 0.983 
601    h0011    (0)    4 :  0.163 0.837 
602    h0021    (0)    4 :  0.338 0.662 
603    h0031    (0)    4 :  0.340 0.660 
604    h0041    (0)    4 :  0.179 0.821 
605    h0051    (0)    4 :  0.486 0.514 
606    h0061    (0)    4 :  0.363 0.637 
607    h0071    (0)    4 :  0.343 0.657 
608    h0081    (0)    4 :  0.060 0.940 
609    h0091    (0)    4 :  0.227 0.773 
610    h0101    (0)    4 :  0.283 0.717 
611    h0111    (0)    4 :  0.175 0.825 
612    h0121    (0)    4 :  0.338 0.662 
613    h0131    (0)    4 :  0.401 0.599 
614    h0141    (0)    4 :  0.231 0.769 
615    h0151    (0)    4 :  0.173 0.827 
616    h0161    (0)    4 :  0.399 0.601 
617    h0171    (0)    4 :  0.160 0.840 
618    h0181    (0)    4 :  0.193 0.807 
619    h0191    (0)    4 :  0.147 0.853 
620    h0201    (0)    4 :  0.270 0.730 
621    h0211    (0)    4 :  0.074 0.926 
622    h0221    (0)    4 :  0.354 0.646 
623    h0231    (0)    4 :  0.179 0.821 
624    h0241    (0)    4 :  0.378 0.622 
625    h0251    (0)    4 :  0.215 0.785 
626    h0261    (0)    4 :  0.154 0.846 
627    h0271    (0)    4 :  0.237 0.763 
628    h0281    (0)    4 :  0.165 0.835 
629    h0291    (0)    4 :  0.413 0.587 
630    h0301    (0)    4 :  0.147 0.853 
631    h0311    (0)    4 :  0.275 0.725 
632    h0321    (0)    4 :  0.185 0.815 
633    h0331    (0)    4 :  0.507 0.493 
634    h0341    (0)    4 :  0.257 0.743 
635    h0351    (0)    4 :  0.328 0.672 
636    h0361    (0)    4 :  0.197 0.803 
637    h0371    (0)    4 :  0.060 0.940 
638    h0381    (0)    4 :  0.035 0.965 
639    h0391    (0)    4 :  0.226 0.774 
640    h0401    (0)    4 :  0.046 0.954 
641    h0411    (0)    4 :  0.195 0.805 
642    h0421    (0)    4 :  0.201 0.799 
643    h0431    (0)    4 :  0.141 0.859 
644    h0441    (0)    4 :  0.411 0.589 
645    h0451    (0)    4 :  0.059 0.941 
646    h0461    (0)    4 :  0.467 0.533 
647    h0471    (0)    4 :  0.175 0.825 
648    h0481    (0)    4 :  0.237 0.763 
649    h0491    (0)    4 :  0.125 0.875 
650    h0501    (0)    4 :  0.107 0.893 
651    h0511    (0)    4 :  0.414 0.586 
652    h0521    (0)    4 :  0.416 0.584 
653    h0531    (0)    4 :  0.265 0.735 
654    h0541    (0)    4 :  0.228 0.772 
655    h0551    (0)    4 :  0.077 0.923 
656    h0561    (0)    4 :  0.053 0.947 
657    h0571    (0)    4 :  0.058 0.942 
658    h0581    (0)    4 :  0.099 0.901 
659    h0591    (0)    4 :  0.308 0.692 
660    h0601    (0)    4 :  0.219 0.781 
661    h0611    (0)    4 :  0.459 0.541 
662    h0621    (0)    4 :  0.434 0.566 
663    h0631    (0)    4 :  0.176 0.824 
664    h0641    (0)    4 :  0.537 0.463 
665    h0651    (0)    4 :  0.019 0.981 
666    h0661    (0)    4 :  0.225 0.775 
667    h0671    (0)    4 :  0.196 0.804 
668    h0681    (0)    4 :  0.052 0.948 
669    h0691    (0)    4 :  0.023 0.977 
670    h0701    (0)    4 :  0.254 0.746 
671    h0711    (0)    4 :  0.359 0.641 
672    h0721    (0)    4 :  0.284 0.716 
673    h0731    (0)    4 :  0.213 0.787 
674    h0741    (0)    4 :  0.080 0.920 
675    h0751    (0)    4 :  0.086 0.914 
676    h0761    (0)    4 :  0.387 0.613 
677    h0771    (0)    4 :  0.343 0.657 
678    h0781    (0)    4 :  0.387 0.613 
679    h0791    (0)    4 :  0.307 0.693 
680    h0801    (0)    4 :  0.106 0.894 
681    h0811    (0)    4 :  0.205 0.795 
682    h0821    (0)    4 :  0.161 0.839 
683    h0831    (0)    4 :  0.074 0.926 
684    h0841    (0)    4 :  0.067 0.933 
685    h0851    (0)    4 :  0.443 0.557 
686    h0861    (0)    4 :  0.503 0.497 
687    h0871    (0)    4 :  0.226 0.774 
688    h0881    (0)    4 :  0.203 0.797 
689    h0891    (0)    4 :  0.028 0.972 
690    h0901    (0)    4 :  0.310 0.690 
691    h0911    (0)    4 :  0.156 0.844 
692    h0921    (0)    4 :  0.040 0.960 
693    h0931    (0)    4 :  0.311 0.689 
694    h0941    (0)    4 :  0.147 0.853 
695    h0951    (0)    4 :  0.451 0.549 
696    h0961    (0)    4 :  0.267 0.733 
697    h0971    (0)    4 :  0.289 0.711 
698    h0981    (0)    4 :  0.110 0.890 
699    h0991    (0)    4 :  0.371 0.629 
700    h1001    (0)    4 :  0.297 0.703 
701   MSV1TX    (5)    5 :  0.399 0.601 
702   MSV025    (0)    5 :  0.623 0.377 
703   MSV02C    (0)    5 :  0.496 0.504 
704   MSV02E    (5)    5 :  0.572 0.428 
705   MSV0TF    (5)    5 :  0.578 0.422 
706    M2EL8    (0)    5 :  0.687 0.313 
707    h0012    (0)    6 :  0.356 0.644 
708    h0022    (0)    6 :  0.452 0.548 
709    h0032    (0)    6 :  0.495 0.505 
710    h0042    (0)    6 :  0.535 0.465 
711    h0052    (0)    6 :  0.576 0.424 
712    h0062    (0)    6 :  0.503 0.497 
713    h0072    (0)    6 :  0.437 0.563 
714    h0082    (0)    6 :  0.473 0.527 
715    h0092    (0)    6 :  0.564 0.436 
716    h0102    (0)    6 :  0.186 0.814 
717    h0112    (0)    6 :  0.414 0.586 
718    h0122    (0)    6 :  0.456 0.544 
719    h0132    (0)    6 :  0.569 0.431 
720    h0142    (0)    6 :  0.615 0.385 
721    h0152    (0)    6 :  0.529 0.471 
722    h0162    (0)    6 :  0.436 0.564 
723    h0172    (0)    6 :  0.566 0.434 
724    h0182    (0)    6 :  0.572 0.428 
725    h0192    (0)    6 :  0.347 0.653 
726    h0202    (0)    6 :  0.444 0.556 
727    h0212    (0)    6 :  0.505 0.495 
728    h0222    (0)    6 :  0.434 0.566 
729    h0232    (0)    6 :  0.579 0.421 
730    h0242    (0)    6 :  0.483 0.517 
731    h0252    (0)    6 :  0.540 0.460 
732    h0262    (0)    6 :  0.564 0.436 
733    h0272    (0)    6 :  0.481 0.519 
734    h0282    (0)    6 :  0.486 0.514 
735    h0292    (0)    6 :  0.480 0.520 
736    h0302    (0)    6 :  0.697 0.303 
737    h0312    (0)    6 :  0.500 0.500 
738    h0322    (0)    6 :  0.669 0.331 
739    h0332    (0)    6 :  0.584 0.416 
740    h0342    (0)    6 :  0.497 0.503 
741    h0352    (0)    6 :  0.451 0.549 
742    h0362    (0)    6 :  0.527 0.473 
743    h0372    (0)    6 :  0.458 0.542 
744    h0382    (0)    6 :  0.473 0.527 
745    h0392    (0)    6 :  0.485 0.515 
746    h0402    (0)    6 :  0.653 0.347 
747    h0412    (0)    6 :  0.489 0.511 
748    h0422    (0)    6 :  0.585 0.415 
749    h0432    (0)    6 :  0.428 0.572 
750    h0442    (0)    6 :  0.497 0.503 
751    h0452    (0)    6 :  0.414 0.586 
752    h0462    (0)    6 :  0.266 0.734 
753    h0472    (0)    6 :  0.514 0.486 
754    h0482    (0)    6 :  0.490 0.510 
755    h0492    (0)    6 :  0.458 0.542 
756    h0502    (0)    6 :  0.409 0.591 
757    h0512    (0)    6 :  0.522 0.478 
758    h0522    (0)    6 :  0.481 0.519 
759    h0532    (0)    6 :  0.553 0.447 
760    h0542    (0)    6 :  0.606 0.394 
761    h0552    (0)    6 :  0.544 0.456 
762    h0562    (0)    6 :  0.426 0.574 
763    h0572    (0)    6 :  0.415 0.585 
764    h0582    (0)    6 :  0.612 0.388 
765    h0592    (0)    6 :  0.459 0.541 
766    h0602    (0)    6 :  0.552 0.448 
767    h0612    (0)    6 :  0.595 0.405 
768    h0622    (0)    6 :  0.562 0.438 
769    h0632    (0)    6 :  0.514 0.486 
770    h0642    (0)    6 :  0.484 0.516 
771    h0652    (0)    6 :  0.572 0.428 
772    h0662    (0)    6 :  0.267 0.733 
773    h0672    (0)    6 :  0.483 0.517 
774    h0682    (0)    6 :  0.545 0.455 
775    h0692    (0)    6 :  0.452 0.548 
776    h0702    (0)    6 :  0.591 0.409 
777    h0712    (0)    6 :  0.473 0.527 
778    h0722    (0)    6 :  0.486 0.514 
779    h0732    (0)    6 :  0.409 0.591 
780    h0742    (0)    6 :  0.569 0.431 
781    h0752    (0)    6 :  0.473 0.527 
782    h0762    (0)    6 :  0.730 0.270 
783    h0772    (0)    6 :  0.488 0.512 
784    h0782    (0)    6 :  0.583 0.417 
785    h0792    (0)    6 :  0.520 0.480 
786    h0802    (0)    6 :  0.540 0.460 
787    h0812    (0)    6 :  0.470 0.530 
788    h0822    (0)    6 :  0.399 0.601 
789    h0832    (0)    6 :  0.510 0.490 
790    h0842    (0)    6 :  0.493 0.507 
791    h0852    (0)    6 :  0.485 0.515 
792    h0862    (0)    6 :  0.514 0.486 
793    h0872    (0)    6 :  0.519 0.481 
794    h0882    (0)    6 :  0.489 0.511 
795    h0892    (0)    6 :  0.310 0.690 
796    h0902    (0)    6 :  0.569 0.431 
797    h0912    (0)    6 :  0.404 0.596 
798    h0922    (0)    6 :  0.461 0.539 
799    h0932    (0)    6 :  0.460 0.540 
800    h0942    (0)    6 :  0.555 0.445 
801    h0952    (0)    6 :  0.450 0.550 
802    h0962    (0)    6 :  0.481 0.519 
803    h0972    (0)    6 :  0.485 0.515 
804    h0982    (0)    6 :  0.555 0.445 
805    h0992    (0)    6 :  0.490 0.510 
806    h1002    (0)    6 :  0.561 0.439 
807   MSV21T    (0)    7 :  0.885 0.115 
808    M2E71    (0)    7 :  0.774 0.226 
809    h0013    (0)    8 :  0.775 0.225 
810    h0023    (0)    8 :  0.778 0.222 
811    h0033    (0)    8 :  0.668 0.332 
812    h0043    (0)    8 :  0.649 0.351 
813    h0053    (0)    8 :  0.768 0.232 
814    h0063    (0)    8 :  0.861 0.139 
815    h0073    (0)    8 :  0.679 0.321 
816    h0083    (0)    8 :  0.845 0.155 
817    h0093    (0)    8 :  0.783 0.217 
818    h0103    (0)    8 :  0.767 0.233 
819    h0113    (0)    8 :  0.731 0.269 
820    h0123    (0)    8 :  0.790 0.210 
821    h0133    (0)    8 :  0.793 0.207 
822    h0143    (0)    8 :  0.987 0.013 
823    h0153    (0)    8 :  0.787 0.213 
824    h0163    (0)    8 :  0.943 0.057 
825    h0173    (0)    8 :  0.699 0.301 
826    h0183    (0)    8 :  0.852 0.148 
827    h0193    (0)    8 :  0.586 0.414 
828    h0203    (0)    8 :  0.747 0.253 
829    h0213    (0)    8 :  0.877 0.123 
830    h0223    (0)    8 :  0.662 0.338 
831    h0233    (0)    8 :  0.695 0.305 
832    h0243    (0)    8 :  0.934 0.066 
833    h0253    (0)    8 :  0.786 0.214 
834    h0263    (0)    8 :  0.800 0.200 
835    h0273    (0)    8 :  0.819 0.181 
836    h0283    (0)    8 :  0.600 0.400 
837    h0293    (0)    8 :  0.887 0.113 
838    h0303    (0)    8 :  0.752 0.248 
839    h0313    (0)    8 :  0.574 0.426 
840    h0323    (0)    8 :  0.743 0.257 
841    h0333    (0)    8 :  0.884 0.116 
842    h0343    (0)    8 :  0.763 0.237 
843    h0353    (0)    8 :  0.846 0.154 
844    h0363    (0)    8 :  0.715 0.285 
845    h0373    (0)    8 :  0.977 0.023 
846    h0383    (0)    8 :  0.682 0.318 
847    h0393    (0)    8 :  0.737 0.263 
848    h0403    (0)    8 :  0.780 0.220 
849    h0413    (0)    8 :  0.883 0.117 
850    h0423    (0)    8 :  0.862 0.138 
851    h0433    (0)    8 :  0.762 0.238 
852    h0443    (0)    8 :  0.779 0.221 
853    h0453    (0)    8 :  0.725 0.275 
854    h0463    (0)    8 :  0.766 0.234 
855    h0473    (0)    8 :  0.861 0.139 
856    h0483    (0)    8 :  0.760 0.240 
857    h0493    (0)    8 :  0.848 0.152 
858    h0503    (0)    8 :  0.910 0.090 
859    h0513    (0)    8 :  0.495 0.505 
860    h0523    (0)    8 :  0.745 0.255 
861    h0533    (0)    8 :  0.595 0.405 
862    h0543    (0)    8 :  0.641 0.359 
863    h0553    (0)    8 :  0.750 0.250 
864    h0563    (0)    8 :  0.880 0.120 
865    h0573    (0)    8 :  0.813 0.187 
866    h0583    (0)    8 :  0.657 0.343 
867    h0593    (0)    8 :  0.737 0.263 
868    h0603    (0)    8 :  0.608 0.392 
869    h0613    (0)    8 :  0.704 0.296 
870    h0623    (0)    8 :  0.821 0.179 
871    h0633    (0)    8 :  0.862 0.138 
872    h0643    (0)    8 :  0.792 0.208 
873    h0653    (0)    8 :  0.946 0.054 
874    h0663    (0)    8 :  0.664 0.336 
875    h0673    (0)    8 :  0.840 0.160 
876    h0683    (0)    8 :  0.992 0.008 
877    h0693    (0)    8 :  0.792 0.208 
878    h0703    (0)    8 :  0.690 0.310 
879    h0713    (0)    8 :  0.635 0.365 
880    h0723    (0)    8 :  0.689 0.311 
881    h0733    (0)    8 :  0.592 0.408 
882    h0743    (0)    8 :  0.619 0.381 
883    h0753    (0)    8 :  0.751 0.249 
884    h0763    (0)    8 :  0.819 0.181 
885    h0773    (0)    8 :  0.630 0.370 
886    h0783    (0)    8 :  0.885 0.115 
887    h0793    (0)    8 :  0.761 0.239 
888    h0803    (0)    8 :  0.968 0.032 
889    h0813    (0)    8 :  0.833 0.167 
890    h0823    (0)    8 :  0.973 0.027 
891    h0833    (0)    8 :  0.811 0.189 
892    h0843    (0)    8 :  0.802 0.198 
893    h0853    (0)    8 :  0.821 0.179 
894    h0863    (0)    8 :  0.777 0.223 
895    h0873    (0)    8 :  0.671 0.329 
896    h0883    (0)    8 :  0.828 0.172 
897    h0893    (0)    8 :  0.804 0.196 
898    h0903    (0)    8 :  0.815 0.185 
899    h0913    (0)    8 :  0.763 0.237 
900    h0923    (0)    8 :  0.985 0.015 
901    h0933    (0)    8 :  0.718 0.282 
902    h0943    (0)    8 :  0.747 0.253 
903    h0953    (0)    8 :  0.841 0.159 
904    h0963    (0)    8 :  0.757 0.243 
905    h0973    (0)    8 :  0.836 0.164 
906    h0983    (0)    8 :  0.745 0.255 
907    h0993    (0)    8 :  0.813 0.187 
908    h1003    (0)    8 :  0.702 0.298 
909    W23CA   (10)    9 :  0.936 0.064 
910  AP.085Y    (5)    9 :  0.984 0.016 
911  CH.0LLY    (5)    9 :  0.602 0.398 
912    M0LEC    (5)    9 :  0.990 0.010 
913    M2C3H   (10)    9 :  0.791 0.209 
914    M2CHL    (5)    9 :  0.562 0.438 
915    W26P7   (10)    9 :  0.929 0.071 
916  AP.07M5    (0)    9 :  0.903 0.097 
917  AP.080U    (0)    9 :  0.955 0.045 
918  AP.082A    (0)    9 :  0.991 0.009 
919  AP.0843    (0)    9 :  0.952 0.048 
920  AP.0844    (0)    9 :  0.837 0.163 
921  AP.084X    (0)    9 :  0.978 0.022 
922  AP.086Y    (0)    9 :  0.873 0.127 
923  AP.0870    (0)    9 :  0.903 0.097 
924  AP.0878    (0)    9 :  0.841 0.159 
925  AP.087F    (0)    9 :  0.802 0.198 
926  AP.087Y    (0)    9 :  0.605 0.395 
927  AP.088P    (0)    9 :  0.978 0.022 
928  AP.08AK    (5)    9 :  0.969 0.031 
929  CH.0LLM    (0)    9 :  0.885 0.115 
930  CH.0LLU    (0)    9 :  0.777 0.223 
931  CH.0LM0    (5)    9 :  0.934 0.066 
932  CH.0LM3    (5)    9 :  0.964 0.036 
933    W26MY    (0)    9 :  0.797 0.203 
934    W26P6    (0)    9 :  0.911 0.089 
935   HRV07U    (0)    9 :  0.959 0.041 
936   HRV1CT    (0)    9 :  0.989 0.011 
937   HRV1CU    (0)    9 :  0.992 0.008 
938   HRV1E6    (0)    9 :  0.993 0.007 
939   HRV081    (0)    9 :  0.994 0.006 
940   HRV1E3    (0)    9 :  0.975 0.025 
941   MSV21E    (0)    9 :  0.834 0.166 
942   MSV216    (0)    9 :  0.901 0.099 
943    M0TYK    (0)    9 :  0.950 0.050 
944   MSV2AA    (0)    9 :  0.916 0.084 
945  CK.0PET    (0)    9 :  0.764 0.236 
946    M2E8C    (0)    9 :  0.986 0.014 
947   MSV23X    (0)    9 :  0.823 0.177 
948   MSV32A    (0)    9 :  0.827 0.173 
949  AP.0838    (0)    9 :  0.976 0.024 
950  AP.088F    (0)    9 :  0.899 0.101 
951    h0014    (0)   10 :  0.954 0.046 
952    h0024    (0)   10 :  0.965 0.035 
953    h0034    (0)   10 :  0.806 0.194 
954    h0044    (0)   10 :  0.974 0.026 
955    h0054    (0)   10 :  0.960 0.040 
956    h0064    (0)   10 :  0.753 0.247 
957    h0074    (0)   10 :  0.890 0.110 
958    h0084    (0)   10 :  0.952 0.048 
959    h0094    (0)   10 :  0.988 0.012 
960    h0104    (0)   10 :  0.979 0.021 
961    h0114    (0)   10 :  0.862 0.138 
962    h0124    (0)   10 :  0.942 0.058 
963    h0134    (0)   10 :  0.827 0.173 
964    h0144    (0)   10 :  0.881 0.119 
965    h0154    (0)   10 :  0.988 0.012 
966    h0164    (0)   10 :  0.977 0.023 
967    h0174    (0)   10 :  0.964 0.036 
968    h0184    (0)   10 :  0.750 0.250 
969    h0194    (0)   10 :  0.989 0.011 
970    h0204    (0)   10 :  0.703 0.297 
971    h0214    (0)   10 :  0.976 0.024 
972    h0224    (0)   10 :  0.982 0.018 
973    h0234    (0)   10 :  0.764 0.236 
974    h0244    (0)   10 :  0.883 0.117 
975    h0254    (0)   10 :  0.778 0.222 
976    h0264    (0)   10 :  0.874 0.126 
977    h0274    (0)   10 :  0.987 0.013 
978    h0284    (0)   10 :  0.927 0.073 
979    h0294    (0)   10 :  0.772 0.228 
980    h0304    (0)   10 :  0.915 0.085 
981    h0314    (0)   10 :  0.886 0.114 
982    h0324    (0)   10 :  0.801 0.199 
983    h0334    (0)   10 :  0.985 0.015 
984    h0344    (0)   10 :  0.984 0.016 
985    h0354    (0)   10 :  0.734 0.266 
986    h0364    (0)   10 :  0.709 0.291 
987    h0374    (0)   10 :  0.849 0.151 
988    h0384    (0)   10 :  0.944 0.056 
989    h0394    (0)   10 :  0.768 0.232 
990    h0404    (0)   10 :  0.902 0.098 
991    h0414    (0)   10 :  0.979 0.021 
992    h0424    (0)   10 :  0.987 0.013 
993    h0434    (0)   10 :  0.768 0.232 
994    h0444    (0)   10 :  0.933 0.067 
995    h0454    (0)   10 :  0.919 0.081 
996    h0464    (0)   10 :  0.836 0.164 
997    h0474    (0)   10 :  0.853 0.147 
998    h0484    (0)   10 :  0.892 0.108 
999    h0494    (0)   10 :  0.978 0.022 
1000    h0504    (0)   10 :  0.841 0.159 
1001    h0514    (0)   10 :  0.986 0.014 
1002    h0524    (0)   10 :  0.702 0.298 
1003    h0534    (0)   10 :  0.859 0.141 
1004    h0544    (0)   10 :  0.930 0.070 
1005    h0554    (0)   10 :  0.928 0.072 
1006    h0564    (0)   10 :  0.894 0.106 
1007    h0574    (0)   10 :  0.951 0.049 
1008    h0584    (0)   10 :  0.965 0.035 
1009    h0594    (0)   10 :  0.970 0.030 
1010    h0604    (0)   10 :  0.907 0.093 
1011    h0614    (0)   10 :  0.776 0.224 
1012    h0624    (0)   10 :  0.888 0.112 
1013    h0634    (0)   10 :  0.878 0.122 
1014    h0644    (0)   10 :  0.905 0.095 
1015    h0654    (0)   10 :  0.907 0.093 
1016    h0664    (0)   10 :  0.987 0.013 
1017    h0674    (0)   10 :  0.991 0.009 
1018    h0684    (0)   10 :  0.988 0.012 
1019    h0694    (0)   10 :  0.953 0.047 
1020    h0704    (0)   10 :  0.820 0.180 
1021    h0714    (0)   10 :  0.938 0.062 
1022    h0724    (0)   10 :  0.993 0.007 
1023    h0734    (0)   10 :  0.979 0.021 
1024    h0744    (0)   10 :  0.964 0.036 
1025    h0754    (0)   10 :  0.725 0.275 
1026    h0764    (0)   10 :  0.842 0.158 
1027    h0774    (0)   10 :  0.836 0.164 
1028    h0784    (0)   10 :  0.986 0.014 
1029    h0794    (0)   10 :  0.966 0.034 
1030    h0804    (0)   10 :  0.969 0.031 
1031    h0814    (0)   10 :  0.932 0.068 
1032    h0824    (0)   10 :  0.887 0.113 
1033    h0834    (0)   10 :  0.923 0.077 
1034    h0844    (0)   10 :  0.785 0.215 
1035    h0854    (0)   10 :  0.859 0.141 
1036    h0864    (0)   10 :  0.947 0.053 
1037    h0874    (0)   10 :  0.917 0.083 
1038    h0884    (0)   10 :  0.794 0.206 
1039    h0894    (0)   10 :  0.938 0.062 
1040    h0904    (0)   10 :  0.852 0.148 
1041    h0914    (0)   10 :  0.972 0.028 
1042    h0924    (0)   10 :  0.958 0.042 
1043    h0934    (0)   10 :  0.736 0.264 
1044    h0944    (0)   10 :  0.976 0.024 
1045    h0954    (0)   10 :  0.925 0.075 
1046    h0964    (0)   10 :  0.950 0.050 
1047    h0974    (0)   10 :  0.975 0.025 
1048    h0984    (0)   10 :  0.955 0.045 
1049    h0994    (0)   10 :  0.853 0.147 
1050    h1004    (0)   10 :  0.893 0.107 
1051  AP.07M2    (0)   11 :  0.958 0.042 
1052   HRV05C   (10)   11 :  0.983 0.017 
1053   HRV077   (10)   11 :  0.985 0.015 
1054   HRV0A0    (5)   11 :  0.993 0.007 
1055   HRV0MC    (5)   11 :  0.991 0.009 
1056   HRV00P    (0)   11 :  0.993 0.007 
1057   HRV01J    (5)   11 :  0.991 0.009 
1058   HRV026    (5)   11 :  0.990 0.010 
1059   HRV02C    (0)   11 :  0.994 0.006 
1060   HRV031    (0)   11 :  0.993 0.007 
1061   HRV033    (0)   11 :  0.993 0.007 
1062   HRV05L    (0)   11 :  0.993 0.007 
1063   HRV06A    (0)   11 :  0.992 0.008 
1064   HRV07P    (5)   11 :  0.993 0.007 
1065   HRV0HC    (5)   11 :  0.968 0.032 
1066   HRV0HU   (10)   11 :  0.982 0.018 
1067   HRV0K1    (0)   11 :  0.993 0.007 
1068   HRV0M6    (5)   11 :  0.964 0.036 
1069   HRV0M7    (5)   11 :  0.989 0.011 
1070   HRV0MK    (0)   11 :  0.993 0.007 
1071   HRV1C7    (5)   11 :  0.992 0.008 
1072   HRV1EA    (0)   11 :  0.987 0.013 
1073    M147K    (5)   11 :  0.994 0.006 
1074   HRV008    (0)   11 :  0.992 0.008 
1075   HRV015    (0)   11 :  0.988 0.012 
1076   HRV01F    (0)   11 :  0.975 0.025 
1077   HRV01L    (0)   11 :  0.992 0.008 
1078   HRV01M    (0)   11 :  0.991 0.009 
1079   HRV020    (0)   11 :  0.986 0.014 
1080   HRV022    (0)   11 :  0.976 0.024 
1081   HRV02A    (0)   11 :  0.981 0.019 
1082   HRV02K    (0)   11 :  0.976 0.024 
1083   HRV04C    (0)   11 :  0.992 0.008 
1084   HRV05H    (0)   11 :  0.985 0.015 
1085   HRV076    (0)   11 :  0.981 0.019 
1086   HRV07H    (0)   11 :  0.994 0.006 
1087   HRV07X    (0)   11 :  0.983 0.017 
1088   HRV080    (0)   11 :  0.993 0.007 
1089   HRV086    (5)   11 :  0.990 0.010 
1090   HRV0H3    (5)   11 :  0.990 0.010 
1091   HRV0J3    (0)   11 :  0.988 0.012 
1092   HRV0JX   (15)   11 :  0.982 0.018 
1093   HRV0ML   (10)   11 :  0.994 0.006 
1094   HRV1E8   (10)   11 :  0.991 0.009 
1095   HRV007   (10)   11 :  0.986 0.014 
1096   HRV005    (5)   11 :  0.986 0.014 
1097   HRV05U    (5)   11 :  0.993 0.007 
1098   HRV01U    (5)   11 :  0.992 0.008 
1099  AP.07M1    (5)   11 :  0.992 0.008 
1100  AP.07ME    (5)   11 :  0.990 0.010 
1101  AP.0817    (5)   11 :  0.990 0.010 
1102  AP.0863   (15)   11 :  0.977 0.023 
1103  AP.087T    (5)   11 :  0.962 0.038 
1104  AP.088T    (5)   11 :  0.994 0.006 
1105  CH.0LM1   (15)   11 :  0.989 0.011 
1106    M05X5    (5)   11 :  0.935 0.065 
1107    M06JH    (5)   11 :  0.959 0.041 
1108    M0A6K    (5)   11 :  0.989 0.011 
1109    M0ETF    (5)   11 :  0.992 0.008 
1110    M0LUP   (10)   11 :  0.987 0.013 
1111    M16F1    (5)   11 :  0.990 0.010 
1112    M182M    (5)   11 :  0.988 0.012 
1113    M1CFL   (10)   11 :  0.991 0.009 
1114    M2AXY   (10)   11 :  0.990 0.010 
1115    M2AY2   (10)   11 :  0.962 0.038 
1116    M2CHP   (10)   11 :  0.961 0.039 
1117    W26LK    (5)   11 :  0.992 0.008 
1118    W26ME   (10)   11 :  0.984 0.016 
1119  AM.07FM    (0)   11 :  0.994 0.006 
1120  AM.07FP    (5)   11 :  0.991 0.009 
1121  AP.07M4    (0)   11 :  0.994 0.006 
1122  AP.07M7    (0)   11 :  0.994 0.006 
1123  AP.07M8    (0)   11 :  0.988 0.012 
1124  AP.07MA    (0)   11 :  0.983 0.017 
1125  AP.07MC    (0)   11 :  0.993 0.007 
1126  AP.07P8    (0)   11 :  0.953 0.047 
1127  AP.07U8    (0)   11 :  0.988 0.012 
1128  AP.081F   (10)   11 :  0.989 0.011 
1129  AP.081H   (10)   11 :  0.708 0.292 
1130  AP.0820    (0)   11 :  0.974 0.026 
1131  AP.0841    (5)   11 :  0.952 0.048 
1132  AP.0858    (0)   11 :  0.987 0.013 
1133  AP.085U    (5)   11 :  0.965 0.035 
1134  AP.085X    (5)   11 :  0.992 0.008 
1135  AP.0861    (5)   11 :  0.990 0.010 
1136  AP.0864   (10)   11 :  0.994 0.006 
1137  AP.086X    (0)   11 :  0.993 0.007 
1138  AP.0872    (0)   11 :  0.992 0.008 
1139  AP.0875    (0)   11 :  0.925 0.075 
1140  AP.087A    (0)   11 :  0.992 0.008 
1141  AP.087C    (0)   11 :  0.986 0.014 
1142  AP.087E    (0)   11 :  0.992 0.008 
1143  AP.087H    (0)   11 :  0.993 0.007 
1144  AP.087K    (0)   11 :  0.986 0.014 
1145  AP.087L    (0)   11 :  0.992 0.008 
1146  AP.087M    (0)   11 :  0.990 0.010 
1147  AP.087P    (0)   11 :  0.989 0.011 
1148  AP.087U    (0)   11 :  0.959 0.041 
1149  AP.087X    (0)   11 :  0.975 0.025 
1150  AP.0881    (0)   11 :  0.985 0.015 
1151  AP.0882    (0)   11 :  0.990 0.010 
1152  AP.0883    (0)   11 :  0.974 0.026 
1153  AP.0884    (0)   11 :  0.993 0.007 
1154  AP.0885    (5)   11 :  0.989 0.011 
1155  AP.0887    (0)   11 :  0.989 0.011 
1156  AP.0888    (5)   11 :  0.701 0.299 
1157  AP.088A    (0)   11 :  0.991 0.009 
1158  AP.088C    (0)   11 :  0.973 0.027 
1159  AP.088J    (0)   11 :  0.985 0.015 
1160  AP.088K    (0)   11 :  0.987 0.013 
1161  AP.088L    (0)   11 :  0.992 0.008 
1162  AP.088U    (0)   11 :  0.992 0.008 
1163  AP.088X    (0)   11 :  0.982 0.018 
1164  AP.08A0    (0)   11 :  0.993 0.007 
1165  AP.08A1    (0)   11 :  0.988 0.012 
1166  AP.08A3    (0)   11 :  0.993 0.007 
1167  AP.08A4    (0)   11 :  0.938 0.062 
1168  AP.08A5    (0)   11 :  0.993 0.007 
1169  AP.08A6    (0)   11 :  0.982 0.018 
1170  AP.08A8    (5)   11 :  0.991 0.009 
1171  AP.08AC    (0)   11 :  0.984 0.016 
1172  AP.08AH    (0)   11 :  0.986 0.014 
1173  AP.08AJ    (0)   11 :  0.985 0.015 
1174  AP.08AM   (10)   11 :  0.991 0.009 
1175  AP.08AT    (0)   11 :  0.992 0.008 
1176  AP.08AX    (0)   11 :  0.992 0.008 
1177  CH.0LLP    (0)   11 :  0.987 0.013 
1178  CH.0LM2   (10)   11 :  0.991 0.009 
1179  CH.0LM4    (5)   11 :  0.993 0.007 
1180  CH.0LM5    (0)   11 :  0.990 0.010 
1181    M0102    (5)   11 :  0.991 0.009 
1182    M023A    (5)   11 :  0.994 0.006 
1183    M03MM   (10)   11 :  0.988 0.012 
1184    M04PF    (0)   11 :  0.993 0.007 
1185    M04XH    (5)   11 :  0.986 0.014 
1186    M04XM   (10)   11 :  0.991 0.009 
1187    M0557    (0)   11 :  0.977 0.023 
1188    M055C    (0)   11 :  0.952 0.048 
1189    M05JC    (0)   11 :  0.992 0.008 
1190    M05PH    (0)   11 :  0.987 0.013 
1191    M05X6    (0)   11 :  0.993 0.007 
1192    M07TC    (0)   11 :  0.984 0.016 
1193    M0A66    (0)   11 :  0.993 0.007 
1194    M0EYT    (0)   11 :  0.992 0.008 
1195    M0FF2    (0)   11 :  0.993 0.007 
1196    M0HJ6    (5)   11 :  0.982 0.018 
1197   HRV0JL    (0)   11 :  0.994 0.006 
1198   HRV0JP    (0)   11 :  0.992 0.008 
1199   HRV0KA    (0)   11 :  0.992 0.008 
1200   HRV0LJ    (5)   11 :  0.979 0.021 
1201   HRV0LM    (0)   11 :  0.990 0.010 
1202   HRV0LP    (0)   11 :  0.972 0.028 
1203    M0HJ8    (0)   11 :  0.992 0.008 
1204    M0HM3    (0)   11 :  0.992 0.008 
1205    M0J1X    (0)   11 :  0.992 0.008 
1206    M0L32    (0)   11 :  0.987 0.013 
1207    M0L8F    (0)   11 :  0.973 0.027 
1208    M0LUH    (0)   11 :  0.992 0.008 
1209    M0XPJ    (0)   11 :  0.992 0.008 
1210    M0XTE    (0)   11 :  0.983 0.017 
1211    M157H    (0)   11 :  0.991 0.009 
1212    M16YU    (0)   11 :  0.994 0.006 
1213    M1751    (0)   11 :  0.991 0.009 
1214    M1C2H    (0)   11 :  0.993 0.007 
1215    M1E60    (0)   11 :  0.994 0.006 
1216    M1EKX    (0)   11 :  0.993 0.007 
1217    M1EKY    (0)   11 :  0.993 0.007 
1218    M1EL3    (0)   11 :  0.984 0.016 
1219    M1ELC    (0)   11 :  0.988 0.012 
1220    M1ELE    (0)   11 :  0.992 0.008 
1221    M2AY0   (10)   11 :  0.982 0.018 
1222    M2AY4    (5)   11 :  0.991 0.009 
1223    M2AY5   (10)   11 :  0.990 0.010 
1224    M2AY8    (5)   11 :  0.875 0.125 
1225    M2C3A   (10)   11 :  0.991 0.009 
1226    M2C3F   (10)   11 :  0.991 0.009 
1227   HRV0ME    (0)   11 :  0.985 0.015 
1228    M2CHJ    (5)   11 :  0.978 0.022 
1229    M2CHM    (5)   11 :  0.960 0.040 
1230    M2CHY   (10)   11 :  0.988 0.012 
1231    W23E8    (0)   11 :  0.992 0.008 
1232    W23EM    (0)   11 :  0.987 0.013 
1233    W23EX    (0)   11 :  0.990 0.010 
1234    W23F0    (0)   11 :  0.988 0.012 
1235    W26L5    (0)   11 :  0.960 0.040 
1236    W26LM    (0)   11 :  0.884 0.116 
1237    W26MJ    (0)   11 :  0.887 0.113 
1238    W26ML    (0)   11 :  0.992 0.008 
1239    W26MT    (0)   11 :  0.993 0.007 
1240    W26PE    (5)   11 :  0.833 0.167 
1241    W26PJ    (0)   11 :  0.888 0.112 
1242    W26PT    (0)   11 :  0.990 0.010 
1243    W26PX   (10)   11 :  0.972 0.028 
1244    W26T0    (5)   11 :  0.988 0.012 
1245    W26TC    (0)   11 :  0.994 0.006 
1246    W26TJ    (5)   11 :  0.936 0.064 
1247    W26UE    (5)   11 :  0.989 0.011 
1248    W26UF    (0)   11 :  0.992 0.008 
1249    W26UL    (0)   11 :  0.969 0.031 
1250    W26X2    (0)   11 :  0.988 0.012 
1251    W2716    (0)   11 :  0.959 0.041 
1252   HRV1C6    (0)   11 :  0.993 0.007 
1253   HRV1CX    (0)   11 :  0.982 0.018 
1254   HRV1E2    (0)   11 :  0.993 0.007 
1255   HRV1E4    (0)   11 :  0.994 0.006 
1256   HRV1E5    (0)   11 :  0.994 0.006 
1257   HRV1EC    (0)   11 :  0.991 0.009 
1258   HRV1EK    (0)   11 :  0.974 0.026 
1259   HRV001    (0)   11 :  0.991 0.009 
1260   HRV00H    (0)   11 :  0.991 0.009 
1261   HRV00K    (0)   11 :  0.990 0.010 
1262   HRV01X    (0)   11 :  0.991 0.009 
1263   HRV025    (0)   11 :  0.984 0.016 
1264   HRV028    (0)   11 :  0.991 0.009 
1265   HRV041    (0)   11 :  0.992 0.008 
1266   HRV04F    (0)   11 :  0.992 0.008 
1267   HRV04L    (0)   11 :  0.993 0.007 
1268   HRV055    (0)   11 :  0.994 0.006 
1269   HRV05J    (0)   11 :  0.993 0.007 
1270   HRV07J    (0)   11 :  0.993 0.007 
1271   HRV07K    (0)   11 :  0.983 0.017 
1272   HRV07L    (0)   11 :  0.971 0.029 
1273   HRV07M    (0)   11 :  0.993 0.007 
1274   HRV0HM    (0)   11 :  0.945 0.055 
1275   HRV0J2    (0)   11 :  0.993 0.007 
1276   HRV0K3    (0)   11 :  0.992 0.008 
1277   HRV0KE    (0)   11 :  0.992 0.008 
1278   HRV0KF    (0)   11 :  0.984 0.016 
1279   HRV0KU    (0)   11 :  0.974 0.026 
1280   HRV0L6    (0)   11 :  0.993 0.007 
1281   HRV0M2    (0)   11 :  0.985 0.015 
1282   HRV0MF    (0)   11 :  0.992 0.008 
1283   HRV0MJ    (0)   11 :  0.976 0.024 
1284   HRV1AT    (0)   11 :  0.991 0.009 
1285   HRV1C1    (0)   11 :  0.991 0.009 
1286   HRV1CL    (0)   11 :  0.989 0.011 
1287   HRV1E1    (0)   11 :  0.990 0.010 
1288   HRV1E7    (0)   11 :  0.992 0.008 
1289   HRV1EE    (0)   11 :  0.993 0.007 
1290   HRV1ET    (0)   11 :  0.993 0.007 
1291   h00111    (0)   12 :  0.992 0.008 
1292   h00211    (0)   12 :  0.961 0.039 
1293   h00311    (0)   12 :  0.978 0.022 
1294   h00411    (0)   12 :  0.991 0.009 
1295   h00511    (0)   12 :  0.992 0.008 
1296   h00611    (0)   12 :  0.982 0.018 
1297   h00711    (0)   12 :  0.991 0.009 
1298   h00811    (0)   12 :  0.992 0.008 
1299   h00911    (0)   12 :  0.990 0.010 
1300   h01011    (0)   12 :  0.978 0.022 
1301   h01111    (0)   12 :  0.993 0.007 
1302   h01211    (0)   12 :  0.991 0.009 
1303   h01311    (0)   12 :  0.981 0.019 
1304   h01411    (0)   12 :  0.991 0.009 
1305   h01511    (0)   12 :  0.987 0.013 
1306   h01611    (0)   12 :  0.982 0.018 
1307   h01711    (0)   12 :  0.990 0.010 
1308   h01811    (0)   12 :  0.991 0.009 
1309   h01911    (0)   12 :  0.983 0.017 
1310   h02011    (0)   12 :  0.993 0.007 
1311   h02111    (0)   12 :  0.962 0.038 
1312   h02211    (0)   12 :  0.988 0.012 
1313   h02311    (0)   12 :  0.985 0.015 
1314   h02411    (0)   12 :  0.990 0.010 
1315   h02511    (0)   12 :  0.989 0.011 
1316   h02611    (0)   12 :  0.994 0.006 
1317   h02711    (0)   12 :  0.985 0.015 
1318   h02811    (0)   12 :  0.992 0.008 
1319   h02911    (0)   12 :  0.988 0.012 
1320   h03011    (0)   12 :  0.992 0.008 
1321   h03111    (0)   12 :  0.988 0.012 
1322   h03211    (0)   12 :  0.989 0.011 
1323   h03311    (0)   12 :  0.990 0.010 
1324   h03411    (0)   12 :  0.991 0.009 
1325   h03511    (0)   12 :  0.993 0.007 
1326   h03611    (0)   12 :  0.987 0.013 
1327   h03711    (0)   12 :  0.990 0.010 
1328   h03811    (0)   12 :  0.988 0.012 
1329   h03911    (0)   12 :  0.985 0.015 
1330   h04011    (0)   12 :  0.992 0.008 
1331   h04111    (0)   12 :  0.987 0.013 
1332   h04211    (0)   12 :  0.991 0.009 
1333   h04311    (0)   12 :  0.990 0.010 
1334   h04411    (0)   12 :  0.986 0.014 
1335   h04511    (0)   12 :  0.980 0.020 
1336   h04611    (0)   12 :  0.993 0.007 
1337   h04711    (0)   12 :  0.992 0.008 
1338   h04811    (0)   12 :  0.990 0.010 
1339   h04911    (0)   12 :  0.924 0.076 
1340   h05011    (0)   12 :  0.983 0.017 
1341   h05111    (0)   12 :  0.994 0.006 
1342   h05211    (0)   12 :  0.993 0.007 
1343   h05311    (0)   12 :  0.993 0.007 
1344   h05411    (0)   12 :  0.990 0.010 
1345   h05511    (0)   12 :  0.983 0.017 
1346   h05611    (0)   12 :  0.991 0.009 
1347   h05711    (0)   12 :  0.983 0.017 
1348   h05811    (0)   12 :  0.989 0.011 
1349   h05911    (0)   12 :  0.993 0.007 
1350   h06011    (0)   12 :  0.991 0.009 
1351   h06111    (0)   12 :  0.989 0.011 
1352   h06211    (0)   12 :  0.976 0.024 
1353   h06311    (0)   12 :  0.993 0.007 
1354   h06411    (0)   12 :  0.993 0.007 
1355   h06511    (0)   12 :  0.992 0.008 
1356   h06611    (0)   12 :  0.992 0.008 
1357   h06711    (0)   12 :  0.992 0.008 
1358   h06811    (0)   12 :  0.985 0.015 
1359   h06911    (0)   12 :  0.991 0.009 
1360   h07011    (0)   12 :  0.991 0.009 
1361   h07111    (0)   12 :  0.989 0.011 
1362   h07211    (0)   12 :  0.983 0.017 
1363   h07311    (0)   12 :  0.985 0.015 
1364   h07411    (0)   12 :  0.987 0.013 
1365   h07511    (0)   12 :  0.993 0.007 
1366   h07611    (0)   12 :  0.983 0.017 
1367   h07711    (0)   12 :  0.982 0.018 
1368   h07811    (0)   12 :  0.993 0.007 
1369   h07911    (0)   12 :  0.991 0.009 
1370   h08011    (0)   12 :  0.972 0.028 
1371   h08111    (0)   12 :  0.991 0.009 
1372   h08211    (0)   12 :  0.991 0.009 
1373   h08311    (0)   12 :  0.990 0.010 
1374   h08411    (0)   12 :  0.990 0.010 
1375   h08511    (0)   12 :  0.992 0.008 
1376   h08611    (0)   12 :  0.989 0.011 
1377   h08711    (0)   12 :  0.993 0.007 
1378   h08811    (0)   12 :  0.985 0.015 
1379   h08911    (0)   12 :  0.993 0.007 
1380   h09011    (0)   12 :  0.977 0.023 
1381   h09111    (0)   12 :  0.989 0.011 
1382   h09211    (0)   12 :  0.993 0.007 
1383   h09311    (0)   12 :  0.989 0.011 
1384   h09411    (0)   12 :  0.987 0.013 
1385   h09511    (0)   12 :  0.992 0.008 
1386   h09611    (0)   12 :  0.994 0.006 
1387   h09711    (0)   12 :  0.993 0.007 
1388   h09811    (0)   12 :  0.993 0.007 
1389   h09911    (0)   12 :  0.982 0.018 
1390   h10011    (0)   12 :  0.990 0.010 
1391    h1011    (0)   12 :  0.982 0.018 
1392    h1021    (0)   12 :  0.990 0.010 
1393    h1031    (0)   12 :  0.986 0.014 
1394    h1041    (0)   12 :  0.991 0.009 
1395    h1051    (0)   12 :  0.987 0.013 
1396    h1061    (0)   12 :  0.982 0.018 
1397    h1071    (0)   12 :  0.993 0.007 
1398    h1081    (0)   12 :  0.989 0.011 
1399    h1091    (0)   12 :  0.990 0.010 
1400    h1101    (0)   12 :  0.993 0.007 
1401    h1111    (0)   12 :  0.987 0.013 
1402    h1121    (0)   12 :  0.986 0.014 
1403    h1131    (0)   12 :  0.988 0.012 
1404    h1141    (0)   12 :  0.990 0.010 
1405    h1151    (0)   12 :  0.993 0.007 
1406    h1161    (0)   12 :  0.983 0.017 
1407    h1171    (0)   12 :  0.991 0.009 
1408    h1181    (0)   12 :  0.975 0.025 
1409    h1191    (0)   12 :  0.989 0.011 
1410    h1201    (0)   12 :  0.991 0.009 
1411    h1211    (0)   12 :  0.991 0.009 
1412    h1221    (0)   12 :  0.990 0.010 
1413    h1231    (0)   12 :  0.992 0.008 
1414    h1241    (0)   12 :  0.986 0.014 
1415    h1251    (0)   12 :  0.992 0.008 
1416    h1261    (0)   12 :  0.992 0.008 
1417    h1271    (0)   12 :  0.992 0.008 
1418    h1281    (0)   12 :  0.983 0.017 
1419    h1291    (0)   12 :  0.992 0.008 
1420    h1301    (0)   12 :  0.987 0.013 
1421    h1311    (0)   12 :  0.987 0.013 
1422    h1321    (0)   12 :  0.993 0.007 
1423    h1331    (0)   12 :  0.982 0.018 
1424    h1341    (0)   12 :  0.988 0.012 
1425    h1351    (0)   12 :  0.977 0.023 
1426    h1361    (0)   12 :  0.973 0.027 
1427    h1371    (0)   12 :  0.991 0.009 
1428    h1381    (0)   12 :  0.994 0.006 
1429    h1391    (0)   12 :  0.977 0.023 
1430    h1401    (0)   12 :  0.967 0.033 
1431    h1411    (0)   12 :  0.992 0.008 
1432    h1421    (0)   12 :  0.992 0.008 
1433    h1431    (0)   12 :  0.993 0.007 
1434    h1441    (0)   12 :  0.993 0.007 
1435    h1451    (0)   12 :  0.993 0.007 
1436    h1461    (0)   12 :  0.987 0.013 
1437    h1471    (0)   12 :  0.989 0.011 
1438    h1481    (0)   12 :  0.988 0.012 
1439    h1491    (0)   12 :  0.992 0.008 
1440    h1501    (0)   12 :  0.991 0.009 
1441    h1511    (0)   12 :  0.987 0.013 
1442    h1521    (0)   12 :  0.993 0.007 
1443    h1531    (0)   12 :  0.932 0.068 
1444    h1541    (0)   12 :  0.989 0.011 
1445    h1551    (0)   12 :  0.979 0.021 
1446    h1561    (0)   12 :  0.993 0.007 
1447    h1571    (0)   12 :  0.986 0.014 
1448    h1581    (0)   12 :  0.903 0.097 
1449    h1591    (0)   12 :  0.991 0.009 
1450    h1601    (0)   12 :  0.975 0.025 
1451    h1611    (0)   12 :  0.872 0.128 
1452    h1621    (0)   12 :  0.983 0.017 
1453    h1631    (0)   12 :  0.990 0.010 
1454    h1641    (0)   12 :  0.992 0.008 
1455    h1651    (0)   12 :  0.987 0.013 
1456    h1661    (0)   12 :  0.981 0.019 
1457    h1671    (0)   12 :  0.992 0.008 
1458    h1681    (0)   12 :  0.954 0.046 
1459    h1691    (0)   12 :  0.977 0.023 
1460    h1701    (0)   12 :  0.990 0.010 
1461    h1711    (0)   12 :  0.992 0.008 
1462    h1721    (0)   12 :  0.989 0.011 
1463    h1731    (0)   12 :  0.994 0.006 
1464    h1741    (0)   12 :  0.990 0.010 
1465    h1751    (0)   12 :  0.992 0.008 
1466    h1761    (0)   12 :  0.990 0.010 
1467    h1771    (0)   12 :  0.992 0.008 
1468    h1781    (0)   12 :  0.984 0.016 
1469    h1791    (0)   12 :  0.989 0.011 
1470    h1801    (0)   12 :  0.988 0.012 
1471    h1811    (0)   12 :  0.992 0.008 
1472    h1821    (0)   12 :  0.982 0.018 
1473    h1831    (0)   12 :  0.980 0.020 
1474    h1841    (0)   12 :  0.992 0.008 
1475    h1851    (0)   12 :  0.994 0.006 
1476    h1861    (0)   12 :  0.993 0.007 
1477    h1871    (0)   12 :  0.990 0.010 
1478    h1881    (0)   12 :  0.993 0.007 
1479    h1891    (0)   12 :  0.991 0.009 
1480    h1901    (0)   12 :  0.990 0.010 
1481    h1911    (0)   12 :  0.964 0.036 
1482    h1921    (0)   12 :  0.992 0.008 
1483    h1931    (0)   12 :  0.990 0.010 
1484    h1941    (0)   12 :  0.991 0.009 
1485    h1951    (0)   12 :  0.989 0.011 
1486    h1961    (0)   12 :  0.960 0.040 
1487    h1971    (0)   12 :  0.990 0.010 
1488    h1981    (0)   12 :  0.992 0.008 
1489    h1991    (0)   12 :  0.992 0.008 
1490    h2001    (0)   12 :  0.987 0.013 
1491    h2011    (0)   12 :  0.990 0.010 
1492    h2021    (0)   12 :  0.979 0.021 
1493    h2031    (0)   12 :  0.990 0.010 
1494    h2041    (0)   12 :  0.988 0.012 
1495    h2051    (0)   12 :  0.957 0.043 
1496    h2061    (0)   12 :  0.983 0.017 
1497    h2071    (0)   12 :  0.991 0.009 
1498    h2081    (0)   12 :  0.976 0.024 
1499    h2091    (0)   12 :  0.993 0.007 
1500    h2101    (0)   12 :  0.983 0.017 
1501    h2111    (0)   12 :  0.991 0.009 
1502    h2121    (0)   12 :  0.979 0.021 
1503    h2131    (0)   12 :  0.988 0.012 
1504    h2141    (0)   12 :  0.986 0.014 
1505    h2151    (0)   12 :  0.980 0.020 
1506    h2161    (0)   12 :  0.994 0.006 
1507    h2171    (0)   12 :  0.989 0.011 
1508    h2181    (0)   12 :  0.994 0.006 
1509    h2191    (0)   12 :  0.955 0.045 
1510    h2201    (0)   12 :  0.980 0.020 
1511    h2211    (0)   12 :  0.978 0.022 
1512    h2221    (0)   12 :  0.993 0.007 
1513    h2231    (0)   12 :  0.989 0.011 
1514    h2241    (0)   12 :  0.958 0.042 
1515    h2251    (0)   12 :  0.990 0.010 
1516    h2261    (0)   12 :  0.983 0.017 
1517    h2271    (0)   12 :  0.972 0.028 
1518    h2281    (0)   12 :  0.985 0.015 
1519    h2291    (0)   12 :  0.992 0.008 
1520    h2301    (0)   12 :  0.982 0.018 
1521    h2311    (0)   12 :  0.992 0.008 
1522    h2321    (0)   12 :  0.958 0.042 
1523    h2331    (0)   12 :  0.993 0.007 
1524    h2341    (0)   12 :  0.992 0.008 
1525    h2351    (0)   12 :  0.983 0.017 
1526    h2361    (0)   12 :  0.981 0.019 
1527    h2371    (0)   12 :  0.993 0.007 
1528    h2381    (0)   12 :  0.986 0.014 
1529    h2391    (0)   12 :  0.932 0.068 
1530    h2401    (0)   12 :  0.988 0.012 
1531    h2411    (0)   12 :  0.984 0.016 
1532    h2421    (0)   12 :  0.984 0.016 
1533    h2431    (0)   12 :  0.982 0.018 
1534    h2441    (0)   12 :  0.992 0.008 
1535    h2451    (0)   12 :  0.965 0.035 
1536    h2461    (0)   12 :  0.983 0.017 
1537    h2471    (0)   12 :  0.983 0.017 
1538    h2481    (0)   12 :  0.993 0.007 
1539    h2491    (0)   12 :  0.984 0.016 
1540    h2501    (0)   12 :  0.992 0.008 
1541    h2511    (0)   12 :  0.964 0.036 
1542    h2521    (0)   12 :  0.990 0.010 
1543    h2531    (0)   12 :  0.993 0.007 
1544    h2541    (0)   12 :  0.968 0.032 
1545    h2551    (0)   12 :  0.991 0.009 
1546    h2561    (0)   12 :  0.992 0.008 
1547    h2571    (0)   12 :  0.994 0.006 
1548    h2581    (0)   12 :  0.991 0.009 
1549    h2591    (0)   12 :  0.993 0.007 
1550    h2601    (0)   12 :  0.989 0.011 


Estimated Allele Frequencies in each cluster
First column gives estimated ancestral frequencies


Locus 1 : Cl147 
22 alleles
0.0% missing data
  45   (0.095) 0.013 0.165 
  69   (0.095) 0.266 0.092 
  73   (0.118) 0.102 0.176 
  77   (0.084) 0.019 0.118 
  56   (0.062) 0.040 0.049 
  65   (0.051) 0.182 0.020 
  41   (0.071) 0.002 0.149 
  52   (0.078) 0.023 0.095 
  48   (0.045) 0.006 0.025 
  81   (0.023) 0.000 0.013 
  49   (0.037) 0.000 0.049 
  60   (0.039) 0.003 0.017 
  84   (0.032) 0.004 0.008 
  89   (0.021) 0.000 0.008 
  61   (0.035) 0.009 0.009 
  44   (0.024) 0.249 0.002 
  68   (0.022) 0.071 0.001 
  85   (0.015) 0.002 0.001 
 801   (0.014) 0.002 0.000 
  72   (0.014) 0.003 0.000 
  80   (0.013) 0.001 0.000 
  40   (0.013) 0.001 0.000 

Locus 2 : Cl233 
31 alleles
0.0% missing data
  63   (0.108) 0.161 0.191 
  85   (0.053) 0.006 0.064 
  73   (0.028) 0.000 0.037 
  79   (0.034) 0.000 0.049 
  71   (0.088) 0.038 0.159 
  77   (0.026) 0.000 0.027 
  75   (0.036) 0.000 0.055 
  67   (0.084) 0.211 0.099 
  55   (0.052) 0.378 0.027 
  59   (0.054) 0.182 0.036 
  81   (0.044) 0.001 0.093 
  83   (0.029) 0.001 0.023 
  93   (0.019) 0.000 0.009 
 101   (0.017) 0.000 0.004 
  69   (0.020) 0.000 0.010 
  51   (0.041) 0.012 0.024 
 100   (0.020) 0.000 0.009 
  92   (0.016) 0.000 0.004 
1121   (0.016) 0.000 0.004 
1001   (0.015) 0.000 0.003 
  89   (0.023) 0.000 0.018 
 711   (0.015) 0.000 0.002 
 116   (0.015) 0.000 0.003 
  80   (0.018) 0.000 0.005 
  43   (0.018) 0.000 0.005 
  84   (0.015) 0.000 0.002 
  88   (0.024) 0.000 0.018 
 104   (0.024) 0.000 0.015 
  97   (0.016) 0.000 0.004 
  35   (0.019) 0.009 0.001 
 791   (0.012) 0.000 0.001 

Locus 3 : Cl264 
26 alleles
0.1% missing data
  65   (0.075) 0.126 0.093 
 651   (0.097) 0.040 0.199 
 691   (0.090) 0.074 0.155 
  57   (0.027) 0.023 0.004 
  61   (0.037) 0.195 0.010 
 731   (0.050) 0.002 0.072 
 811   (0.031) 0.000 0.031 
 611   (0.057) 0.052 0.054 
  69   (0.088) 0.218 0.121 
  77   (0.041) 0.013 0.024 
  49   (0.033) 0.000 0.060 
  45   (0.015) 0.000 0.002 
 491   (0.027) 0.009 0.005 
 571   (0.021) 0.000 0.011 
 771   (0.032) 0.000 0.052 
  89   (0.024) 0.000 0.020 
 652   (0.027) 0.002 0.006 
  53   (0.043) 0.144 0.018 
  73   (0.043) 0.065 0.021 
  80   (0.020) 0.000 0.011 
 531   (0.031) 0.007 0.009 
 693   (0.017) 0.000 0.005 
  93   (0.017) 0.000 0.004 
  85   (0.020) 0.000 0.009 
  37   (0.025) 0.025 0.003 
 692   (0.013) 0.002 0.000 

Locus 4 : Cl274 
8 alleles
0.0% missing data
  61   (0.402) 0.327 0.497 
  57   (0.183) 0.509 0.144 
  65   (0.143) 0.050 0.148 
  53   (0.082) 0.007 0.070 
  69   (0.065) 0.001 0.076 
  73   (0.042) 0.001 0.029 
  49   (0.055) 0.002 0.035 
  45   (0.027) 0.103 0.002 

Locus 5 : Cl285 
36 alleles
0.1% missing data
  75   (0.075) 0.225 0.117 
  71   (0.087) 0.203 0.162 
 631   (0.028) 0.000 0.049 
  67   (0.084) 0.316 0.133 
  63   (0.034) 0.000 0.075 
  79   (0.059) 0.036 0.088 
 792   (0.030) 0.000 0.052 
 671   (0.052) 0.059 0.055 
 831   (0.046) 0.023 0.042 
 752   (0.051) 0.006 0.083 
  55   (0.025) 0.004 0.005 
1401   (0.016) 0.000 0.005 
  59   (0.036) 0.014 0.018 
 712   (0.024) 0.000 0.030 
 833   (0.023) 0.000 0.022 
1322   (0.016) 0.000 0.005 
 136   (0.029) 0.003 0.011 
 164   (0.020) 0.000 0.006 
 872   (0.017) 0.000 0.006 
1282   (0.016) 0.000 0.005 
 148   (0.016) 0.000 0.005 
 144   (0.021) 0.001 0.007 
 119   (0.015) 0.000 0.003 
1402   (0.020) 0.000 0.010 
1321   (0.019) 0.007 0.002 
1281   (0.017) 0.004 0.001 
 751   (0.014) 0.047 0.000 
 791   (0.013) 0.013 0.000 
 132   (0.013) 0.015 0.000 
 711   (0.012) 0.003 0.000 
1441   (0.013) 0.006 0.000 
1361   (0.013) 0.008 0.000 
 124   (0.012) 0.001 0.000 
 832   (0.012) 0.002 0.000 
  87   (0.012) 0.001 0.000 
 140   (0.012) 0.000 0.000 

Locus 6 : Cl291 
20 alleles
0.3% missing data
 641   (0.073) 0.013 0.074 
  72   (0.092) 0.151 0.081 
 682   (0.043) 0.001 0.052 
 801   (0.031) 0.000 0.031 
 681   (0.123) 0.012 0.233 
  76   (0.113) 0.091 0.133 
 722   (0.065) 0.001 0.137 
 601   (0.022) 0.000 0.009 
  80   (0.053) 0.002 0.063 
 761   (0.039) 0.074 0.008 
 762   (0.038) 0.000 0.050 
 721   (0.071) 0.111 0.047 
  84   (0.056) 0.006 0.043 
  64   (0.050) 0.342 0.015 
  68   (0.041) 0.172 0.008 
 843   (0.020) 0.000 0.006 
 881   (0.021) 0.000 0.007 
  60   (0.017) 0.001 0.001 
 763   (0.016) 0.022 0.000 
 803   (0.018) 0.001 0.002 

Locus 7 : Cl308 
52 alleles
0.0% missing data
  72   (0.058) 0.120 0.156 
  64   (0.043) 0.185 0.054 
  68   (0.056) 0.498 0.095 
 103   (0.021) 0.000 0.027 
  80   (0.032) 0.007 0.035 
  76   (0.051) 0.122 0.099 
1151   (0.017) 0.000 0.017 
 123   (0.018) 0.000 0.019 
 115   (0.031) 0.002 0.048 
  83   (0.020) 0.000 0.020 
1231   (0.015) 0.000 0.007 
1192   (0.015) 0.000 0.007 
 131   (0.018) 0.000 0.024 
1191   (0.014) 0.000 0.006 
 752   (0.017) 0.000 0.016 
 143   (0.016) 0.000 0.011 
  79   (0.020) 0.000 0.037 
 119   (0.014) 0.000 0.005 
1431   (0.019) 0.000 0.026 
1112   (0.021) 0.000 0.042 
1193   (0.015) 0.000 0.008 
1591   (0.014) 0.000 0.005 
1232   (0.013) 0.000 0.003 
 139   (0.016) 0.000 0.011 
1111   (0.017) 0.000 0.011 
 127   (0.013) 0.000 0.003 
1391   (0.018) 0.000 0.023 
 121   (0.014) 0.000 0.005 
1313   (0.017) 0.000 0.016 
1113   (0.015) 0.000 0.007 
  87   (0.028) 0.001 0.046 
1031   (0.013) 0.000 0.003 
 155   (0.017) 0.000 0.015 
1312   (0.014) 0.000 0.005 
1272   (0.014) 0.000 0.005 
 151   (0.014) 0.000 0.005 
1351   (0.015) 0.000 0.008 
 135   (0.014) 0.000 0.006 
1432   (0.016) 0.000 0.008 
1152   (0.014) 0.000 0.005 
1271   (0.017) 0.000 0.013 
1311   (0.012) 0.000 0.002 
1472   (0.014) 0.000 0.006 
 137   (0.012) 0.000 0.002 
  88   (0.012) 0.000 0.003 
  60   (0.023) 0.024 0.006 
 712   (0.017) 0.000 0.011 
1071   (0.013) 0.000 0.004 
 751   (0.012) 0.029 0.000 
 107   (0.012) 0.001 0.001 
  71   (0.012) 0.005 0.000 
  67   (0.011) 0.004 0.000 

Locus 8 : Cl330 
25 alleles
1.4% missing data
  52   (0.138) 0.038 0.296 
 601   (0.091) 0.023 0.144 
  40   (0.076) 0.055 0.084 
  72   (0.042) 0.009 0.021 
  56   (0.082) 0.014 0.127 
 481   (0.072) 0.231 0.054 
  61   (0.035) 0.000 0.049 
  80   (0.018) 0.000 0.004 
 681   (0.044) 0.006 0.025 
  64   (0.045) 0.001 0.068 
  57   (0.022) 0.000 0.008 
  75   (0.021) 0.000 0.007 
  71   (0.026) 0.000 0.013 
  28   (0.047) 0.220 0.014 
  65   (0.027) 0.000 0.019 
 441   (0.047) 0.065 0.018 
  36   (0.028) 0.000 0.024 
  79   (0.019) 0.000 0.005 
  73   (0.019) 0.000 0.005 
 602   (0.020) 0.000 0.008 
  48   (0.016) 0.107 0.000 
  44   (0.021) 0.175 0.001 
 521   (0.016) 0.019 0.001 
  62   (0.014) 0.010 0.000 
  67   (0.014) 0.027 0.000 

Locus 9 : Cl344 
15 alleles
3.5% missing data
  56   (0.278) 0.076 0.440 
  60   (0.196) 0.071 0.263 
  48   (0.023) 0.000 0.007 
  76   (0.023) 0.000 0.008 
  64   (0.145) 0.400 0.118 
  72   (0.079) 0.013 0.067 
 761   (0.020) 0.000 0.004 
 641   (0.032) 0.000 0.024 
  68   (0.068) 0.037 0.038 
 601   (0.028) 0.000 0.016 
  52   (0.030) 0.314 0.002 
 681   (0.022) 0.000 0.007 
 721   (0.020) 0.000 0.004 
 521   (0.017) 0.033 0.000 
 561   (0.018) 0.056 0.000 

Locus 10 : Cl366 
8 alleles
0.1% missing data
  80   (0.309) 0.419 0.334 
  92   (0.043) 0.000 0.048 
  76   (0.222) 0.212 0.235 
  88   (0.068) 0.001 0.107 
  84   (0.126) 0.060 0.115 
  72   (0.176) 0.296 0.153 
  64   (0.038) 0.011 0.007 
  68   (0.018) 0.001 0.002 

Locus 11 : Cl375 
15 alleles
0.0% missing data
 491   (0.096) 0.100 0.094 
  53   (0.212) 0.396 0.295 
 612   (0.045) 0.020 0.017 
  57   (0.177) 0.110 0.275 
  45   (0.061) 0.100 0.032 
  61   (0.118) 0.156 0.130 
 651   (0.045) 0.002 0.030 
  69   (0.032) 0.000 0.030 
 571   (0.061) 0.019 0.044 
  65   (0.035) 0.000 0.038 
  37   (0.018) 0.000 0.004 
 691   (0.034) 0.012 0.007 
 531   (0.035) 0.067 0.005 
  49   (0.016) 0.018 0.000 
 532   (0.014) 0.001 0.000 

Locus 12 : Cl408 
13 alleles
0.1% missing data
  62   (0.232) 0.071 0.324 
  74   (0.048) 0.000 0.056 
  50   (0.068) 0.266 0.024 
  58   (0.119) 0.112 0.097 
  66   (0.144) 0.010 0.221 
  70   (0.049) 0.000 0.068 
  54   (0.164) 0.157 0.162 
  78   (0.026) 0.000 0.011 
  79   (0.023) 0.000 0.008 
  75   (0.064) 0.101 0.025 
  82   (0.018) 0.000 0.003 
  46   (0.026) 0.264 0.001 
  34   (0.018) 0.017 0.000 

Locus 13 : Cl507 
22 alleles
0.0% missing data
  70   (0.075) 0.069 0.065 
  94   (0.029) 0.000 0.021 
  74   (0.063) 0.005 0.071 
  54   (0.054) 0.055 0.028 
  82   (0.082) 0.001 0.207 
  90   (0.062) 0.011 0.056 
  86   (0.046) 0.000 0.094 
 701   (0.026) 0.000 0.013 
  78   (0.045) 0.000 0.076 
  62   (0.098) 0.274 0.086 
 741   (0.039) 0.000 0.059 
  66   (0.118) 0.344 0.122 
 661   (0.035) 0.001 0.024 
  58   (0.062) 0.149 0.033 
  98   (0.041) 0.007 0.016 
 781   (0.023) 0.000 0.011 
 141   (0.023) 0.000 0.011 
 102   (0.017) 0.000 0.003 
 106   (0.017) 0.000 0.003 
 621   (0.016) 0.058 0.000 
  50   (0.015) 0.021 0.000 
 702   (0.014) 0.003 0.000 

Locus 14 : Cl527 
29 alleles
0.0% missing data
  62   (0.083) 0.034 0.108 
 622   (0.017) 0.000 0.004 
 461   (0.037) 0.007 0.013 
  82   (0.019) 0.000 0.006 
 661   (0.052) 0.000 0.140 
  70   (0.043) 0.001 0.071 
 581   (0.053) 0.019 0.040 
 701   (0.051) 0.001 0.097 
 501   (0.028) 0.000 0.027 
  66   (0.096) 0.166 0.113 
 741   (0.030) 0.000 0.030 
  58   (0.081) 0.026 0.112 
 541   (0.038) 0.000 0.071 
  74   (0.032) 0.005 0.007 
 621   (0.040) 0.000 0.078 
  78   (0.024) 0.000 0.015 
 781   (0.018) 0.000 0.005 
 462   (0.021) 0.000 0.009 
  67   (0.033) 0.001 0.017 
  54   (0.029) 0.197 0.004 
  50   (0.052) 0.210 0.023 
  63   (0.018) 0.000 0.006 
  42   (0.017) 0.157 0.000 
  46   (0.016) 0.107 0.000 
  65   (0.019) 0.015 0.001 
  61   (0.015) 0.040 0.000 
  26   (0.013) 0.000 0.001 
  57   (0.014) 0.012 0.000 
  53   (0.013) 0.000 0.000 

Locus 15 : Cl380 
21 alleles
3.0% missing data
 671   (0.108) 0.145 0.129 
 672   (0.102) 0.175 0.110 
 751   (0.031) 0.000 0.034 
  71   (0.043) 0.000 0.070 
  79   (0.166) 0.462 0.226 
  75   (0.097) 0.036 0.137 
 711   (0.055) 0.000 0.139 
  67   (0.024) 0.000 0.014 
 791   (0.020) 0.000 0.006 
 591   (0.038) 0.014 0.012 
 552   (0.033) 0.000 0.040 
 792   (0.024) 0.000 0.014 
 593   (0.030) 0.001 0.017 
  59   (0.036) 0.008 0.011 
 631   (0.031) 0.037 0.004 
 833   (0.038) 0.008 0.014 
 712   (0.019) 0.000 0.005 
  63   (0.040) 0.031 0.012 
 632   (0.027) 0.005 0.004 
 551   (0.023) 0.074 0.001 
 592   (0.014) 0.005 0.000 

Locus 16 : Lup02 
6 alleles
0.1% missing data
  56   (0.508) 0.686 0.531 
  60   (0.170) 0.045 0.179 
  52   (0.151) 0.204 0.112 
  48   (0.111) 0.002 0.166 
 561   (0.024) 0.000 0.008 
  64   (0.036) 0.063 0.004 

Locus 17 : Lup13 
5 alleles
0.0% missing data
  57   (0.295) 0.606 0.246 
  61   (0.417) 0.253 0.466 
  65   (0.075) 0.001 0.110 
  53   (0.197) 0.137 0.177 
  69   (0.017) 0.002 0.001 

Locus 18 : Lup20 
9 alleles
0.8% missing data
  56   (0.460) 0.205 0.626 
 601   (0.101) 0.005 0.124 
  60   (0.163) 0.426 0.119 
  68   (0.076) 0.208 0.030 
  64   (0.096) 0.076 0.061 
  72   (0.029) 0.000 0.014 
 681   (0.021) 0.000 0.004 
 641   (0.036) 0.000 0.022 
  52   (0.019) 0.080 0.000 

Locus 19 : Lup21 
11 alleles
0.1% missing data
  41   (0.316) 0.089 0.401 
  57   (0.249) 0.101 0.278 
  53   (0.166) 0.426 0.112 
  37   (0.035) 0.000 0.017 
  45   (0.092) 0.000 0.176 
 531   (0.019) 0.000 0.003 
 611   (0.038) 0.033 0.005 
 491   (0.023) 0.000 0.005 
  61   (0.025) 0.092 0.001 
  49   (0.021) 0.221 0.001 
 612   (0.018) 0.037 0.000 

Locus 20 : Lup23 
6 alleles
0.0% missing data
  59   (0.266) 0.340 0.203 
  63   (0.630) 0.142 0.773 
  67   (0.037) 0.000 0.021 
  55   (0.028) 0.506 0.001 
 671   (0.020) 0.010 0.001 
  51   (0.019) 0.002 0.001 

Values of parameters used in structure:
DATAFILE=/home/eva.pavlovic/data_job_4a2_8_2,	OUTFILE=/home/eva.pavlovic/ParallelStructure/26_results_20MS/4a2_Croatia_high_numbers/4a2_Croatia_high_numbers_8/results_job_4a2_8_2,	NUMINDS=1550,	NUMLOCI=20,	MISSING=-9,	LABEL=1,	POPDATA=1,	POPFLAG=0,	PHENOTYPE=0,	EXTRACOLS=0,	MAXPOPS=2,	BURNIN=300000,	NUMREPS=3000000,	USEPOPINFO=0,	INFERALPHA=1,	INFERLAMBDA=0,	POPSPECIFICLAMBDA=0,	POPALPHAS=0,	COMPUTEPROB=1,	NOADMIX=0,	ADMBURNIN=2500,	UPDATEFREQ=1,	PRINTLIKES=0,	INTERMEDSAVE=0,	PRINTKLD=0,	PRINTNET=0,	PRINTLAMBDA=0,	ANCESTDIST=0,	NUMBOXES=1000,	ANCESTPINT=0.90000,	GENSBACK=2,	MIGRPRIOR=0.05000,	PRINTQHAT=1,	PRINTQSUM=0,	ALPHA=1.0000,	FREQSCORR=1,	FPRIORMEAN=0.0100,	FPRIORSD=0.0500,	ONEFST=0,	LAMBDA=1.0000,	UNIFPRIORALPHA=1,	ALPHAMAX=10.0000,	ALPHAPRIORA=1.0000,	ALPHAPRIORB=2.0000,	ALPHAPROPSD=0.0250,	STARTATPOPINFO=0,	RANDOMIZE=1,	LINKAGE=0,	METROFREQ=10,	REPORTHITRATE=0,	MARKOVPHASE=-1,	PHASED=0,	PLOIDY=2,	PHASEINFO=0	LOCPRIOR=0, 	LOCPRIORINIT=1.000000, 	LOCDATA=0, 	LOCISPOP=0, 	LOCPRIORSTEP=0.100000, 	MAXLOCPRIOR=20.000000, 	SEED=1772663929,	
[STRAT parameters]:    NUMSIMSTATS=1000,	PHENOTYPECOL=-9,	POOLFREQ=10,	LOCUSxONLY=0,	EMERROR=0.00100,	MISSINGPHENO=-9,	