       M1EL5  1 0.9855 0.0145 
       W26T6  1 0.9594 0.0406 
       W26XX  1 0.9898 0.0102 
       M013P  1 0.9926 0.0074 
       M1ELA  1 0.9671 0.0329 
       M2C73  1 0.9877 0.0123 
       W23P4  1 0.8696 0.1304 
       W247C  1 0.9912 0.0088 
       W24K1  1 0.9914 0.0086 
       W24ME  1 0.9509 0.0491 
       W2514  1 0.9800 0.0200 
       W26MA  1 0.9788 0.0212 
       W26MM  1 0.9910 0.0090 
       W26MU  1 0.9843 0.0157 
       W26P0  1 0.9858 0.0142 
       W26P3  1 0.9932 0.0068 
       W26T5  1 0.9918 0.0082 
       W26TE  1 0.9829 0.0171 
       W26TF  1 0.9914 0.0086 
       W26U8  1 0.9448 0.0552 
       W26UJ  1 0.9918 0.0082 
       W26UK  1 0.9928 0.0072 
       W26UT  1 0.9927 0.0073 
       W26XT  1 0.9910 0.0090 
      CC06H2  1 0.9516 0.0484 
      CC06H4  1 0.9897 0.0103 
      CC06H5  1 0.9645 0.0355 
      CC06H6  1 0.9870 0.0130 
      CC06HE  1 0.9915 0.0085 
      CC06HF  1 0.9583 0.0417 
      CC06HH  1 0.9904 0.0096 
      CC06HJ  1 0.9851 0.0149 
      CC06HL  1 0.9933 0.0067 
      CC06HP  1 0.9925 0.0075 
      CC06HT  1 0.9511 0.0489 
      CC06HU  1 0.9889 0.0111 
      CC06HY  1 0.9801 0.0199 
      CC06J0  1 0.9866 0.0134 
      CC06J1  1 0.9588 0.0412 
      CC06J2  1 0.9880 0.0120 
     CT.0YCY  1 0.9873 0.0127 
     CT.0YEC  1 0.9934 0.0066 
     CT.0YEF  1 0.9877 0.0123 
     CT.0YEU  1 0.9924 0.0076 
     CT.0YF2  1 0.9790 0.0210 
     CT.0YF8  1 0.9920 0.0080 
     CT.0YFA  1 0.9827 0.0173 
     CT.0YFE  1 0.9818 0.0182 
     CT.0YFP  1 0.9813 0.0187 
     CT.0YFU  1 0.9872 0.0128 
     CT.0YK7  1 0.9819 0.0181 
     CX.10PT  1 0.9520 0.0480 
      DAM021  1 0.9889 0.0111 
      DAM034  1 0.9800 0.0200 
      DAM07X  1 0.9845 0.0155 
     EF.15J6  1 0.9903 0.0097 
      HRV010  1 0.9904 0.0096 
      HRV02J  1 0.9818 0.0182 
      HRV078  1 0.9877 0.0123 
      HRV0FH  1 0.9895 0.0105 
      HRV0H5  1 0.9858 0.0142 
      HRV0JF  1 0.9789 0.0211 
      HRV0JJ  1 0.9814 0.0186 
      HRV0JM  1 0.9872 0.0128 
      HRV0K6  1 0.9595 0.0405 
      HRV0K7  1 0.9899 0.0101 
      HRV0KP  1 0.9859 0.0141 
      HRV1AX  1 0.9754 0.0246 
      HRV1C4  1 0.9732 0.0268 
      HRV1CH  1 0.9854 0.0146 
      HRV1FA  1 0.9808 0.0192 
      HRV1FK  1 0.9813 0.0187 
      HRV1H8  1 0.9879 0.0121 
      HRV1HT  1 0.9798 0.0202 
      HRV1XU  1 0.9879 0.0121 
      HRV4TF  1 0.9909 0.0091 
      HRV6F0  1 0.9885 0.0115 
      HRVE6L  1 0.9841 0.0159 
       M27HM  1 0.9841 0.0159 
       M27HP  1 0.9917 0.0083 
       M2AK4  1 0.9917 0.0083 
       M2ALA  1 0.9920 0.0080 
       M2C56  1 0.9862 0.0138 
       M2CUX  1 0.9768 0.0232 
       M2E24  1 0.9907 0.0093 
       M2EA7  1 0.9900 0.0100 
       M2EH6  1 0.9898 0.0102 
       M2EKC  1 0.9674 0.0326 
      MSV083  1 0.9881 0.0119 
      MSV084  1 0.9844 0.0156 
      MSV0LJ  1 0.9838 0.0162 
      MSV1H5  1 0.9788 0.0212 
      MSV1KM  1 0.9905 0.0095 
      MSV23F  1 0.9883 0.0117 
      MSV2L8  1 0.9876 0.0124 
      MSV2P7  1 0.9902 0.0098 
      MSV2TJ  1 0.9813 0.0187 
      MSV2XM  1 0.9849 0.0151 
      MSV327  1 0.9890 0.0110 
      MSV33L  1 0.9916 0.0084 
       h0015  2 0.9897 0.0103 
       h0025  2 0.9899 0.0101 
       h0035  2 0.9868 0.0132 
       h0045  2 0.9932 0.0068 
       h0055  2 0.9821 0.0179 
       h0065  2 0.9904 0.0096 
       h0075  2 0.9910 0.0090 
       h0085  2 0.9856 0.0144 
       h0095  2 0.9915 0.0085 
       h0105  2 0.9738 0.0262 
       h0115  2 0.9893 0.0107 
       h0125  2 0.9779 0.0221 
       h0135  2 0.9878 0.0122 
       h0145  2 0.9925 0.0075 
       h0155  2 0.9830 0.0170 
       h0165  2 0.9873 0.0127 
       h0175  2 0.9853 0.0147 
       h0185  2 0.9695 0.0305 
       h0195  2 0.9705 0.0295 
       h0205  2 0.9932 0.0068 
       h0215  2 0.9890 0.0110 
       h0225  2 0.9909 0.0091 
       h0235  2 0.9831 0.0169 
       h0245  2 0.9852 0.0148 
       h0255  2 0.9870 0.0130 
       h0265  2 0.9940 0.0060 
       h0275  2 0.9760 0.0240 
       h0285  2 0.9928 0.0072 
       h0295  2 0.9702 0.0298 
       h0305  2 0.9825 0.0175 
       h0315  2 0.9867 0.0133 
       h0325  2 0.9872 0.0128 
       h0335  2 0.9909 0.0091 
       h0345  2 0.9724 0.0276 
       h0355  2 0.9415 0.0585 
       h0365  2 0.9441 0.0559 
       h0375  2 0.9819 0.0181 
       h0385  2 0.9925 0.0075 
       h0395  2 0.9756 0.0244 
       h0405  2 0.9902 0.0098 
       h0415  2 0.9863 0.0137 
       h0425  2 0.9923 0.0077 
       h0435  2 0.9863 0.0137 
       h0445  2 0.9458 0.0542 
       h0455  2 0.9907 0.0093 
       h0465  2 0.9919 0.0081 
       h0475  2 0.9809 0.0191 
       h0485  2 0.9878 0.0122 
       h0495  2 0.9871 0.0129 
       h0505  2 0.9898 0.0102 
       h0515  2 0.9870 0.0130 
       h0525  2 0.9900 0.0100 
       h0535  2 0.9878 0.0122 
       h0545  2 0.9860 0.0140 
       h0555  2 0.9905 0.0095 
       h0565  2 0.9891 0.0109 
       h0575  2 0.9895 0.0105 
       h0585  2 0.9947 0.0053 
       h0595  2 0.9437 0.0563 
       h0605  2 0.9845 0.0155 
       h0615  2 0.9645 0.0355 
       h0625  2 0.9900 0.0100 
       h0635  2 0.9737 0.0263 
       h0645  2 0.8582 0.1418 
       h0655  2 0.9856 0.0144 
       h0665  2 0.9917 0.0083 
       h0675  2 0.9916 0.0084 
       h0685  2 0.9759 0.0241 
       h0695  2 0.9838 0.0162 
       h0705  2 0.9891 0.0109 
       h0715  2 0.9883 0.0117 
       h0725  2 0.9784 0.0216 
       h0735  2 0.9611 0.0389 
       h0745  2 0.9823 0.0177 
       h0755  2 0.9925 0.0075 
       h0765  2 0.9839 0.0161 
       h0775  2 0.9648 0.0352 
       h0785  2 0.9900 0.0100 
       h0795  2 0.9933 0.0067 
       h0805  2 0.9930 0.0070 
       h0815  2 0.9795 0.0205 
       h0825  2 0.9907 0.0093 
       h0835  2 0.9669 0.0331 
       h0845  2 0.9805 0.0195 
       h0855  2 0.9865 0.0135 
       h0865  2 0.9913 0.0087 
       h0875  2 0.9743 0.0257 
       h0885  2 0.9870 0.0130 
       h0895  2 0.9885 0.0115 
       h0905  2 0.9940 0.0060 
       h0915  2 0.9777 0.0223 
       h0925  2 0.9630 0.0370 
       h0935  2 0.9909 0.0091 
       h0945  2 0.9726 0.0274 
       h0955  2 0.9922 0.0078 
       h0965  2 0.9798 0.0202 
       h0975  2 0.9882 0.0118 
       h0985  2 0.9902 0.0098 
       h0995  2 0.9890 0.0110 
       h1005  2 0.9900 0.0100 
        h101  2 0.9887 0.0113 
        h102  2 0.9886 0.0114 
        h103  2 0.9895 0.0105 
        h104  2 0.9832 0.0168 
        h105  2 0.9846 0.0154 
        h106  2 0.9783 0.0217 
        h107  2 0.9779 0.0221 
        h108  2 0.9920 0.0080 
        h109  2 0.9918 0.0082 
        h110  2 0.9879 0.0121 
        h111  2 0.9885 0.0115 
        h112  2 0.9908 0.0092 
        h113  2 0.9777 0.0223 
        h114  2 0.9892 0.0108 
        h115  2 0.9689 0.0311 
        h116  2 0.9889 0.0111 
        h117  2 0.9799 0.0201 
        h118  2 0.9894 0.0106 
        h119  2 0.9847 0.0153 
        h120  2 0.9865 0.0135 
        h121  2 0.9896 0.0104 
        h122  2 0.9891 0.0109 
        h123  2 0.9928 0.0072 
        h124  2 0.9880 0.0120 
        h125  2 0.9888 0.0112 
        h126  2 0.9824 0.0176 
        h127  2 0.9903 0.0097 
        h128  2 0.9874 0.0126 
        h129  2 0.9478 0.0522 
        h130  2 0.9933 0.0067 
        h131  2 0.9929 0.0071 
        h132  2 0.9860 0.0140 
        h133  2 0.9822 0.0178 
        h134  2 0.9918 0.0082 
        h135  2 0.9897 0.0103 
        h136  2 0.9874 0.0126 
        h137  2 0.9879 0.0121 
        h138  2 0.9896 0.0104 
        h139  2 0.9895 0.0105 
        h140  2 0.9434 0.0566 
        h141  2 0.9900 0.0100 
        h142  2 0.9634 0.0366 
        h143  2 0.9879 0.0121 
        h144  2 0.9895 0.0105 
        h145  2 0.9918 0.0082 
        h146  2 0.9716 0.0284 
        h147  2 0.9804 0.0196 
        h148  2 0.9938 0.0062 
        h149  2 0.9674 0.0326 
        h150  2 0.9892 0.0108 
        h151  2 0.9721 0.0279 
        h152  2 0.9865 0.0135 
        h153  2 0.9767 0.0233 
        h154  2 0.9906 0.0094 
        h155  2 0.9897 0.0103 
        h156  2 0.9932 0.0068 
        h157  2 0.9810 0.0190 
        h158  2 0.9730 0.0270 
        h159  2 0.9894 0.0106 
        h160  2 0.9857 0.0143 
        h161  2 0.9878 0.0122 
        h162  2 0.9899 0.0101 
        h163  2 0.9919 0.0081 
        h164  2 0.9924 0.0076 
        h165  2 0.9854 0.0146 
        h166  2 0.9855 0.0145 
        h167  2 0.9916 0.0084 
        h168  2 0.9869 0.0131 
        h169  2 0.9886 0.0114 
        h170  2 0.9874 0.0126 
        h171  2 0.9833 0.0167 
        h172  2 0.9845 0.0155 
        h173  2 0.9806 0.0194 
        h174  2 0.9818 0.0182 
        h175  2 0.9859 0.0141 
        h176  2 0.9868 0.0132 
        h177  2 0.9891 0.0109 
        h178  2 0.9830 0.0170 
        h179  2 0.9900 0.0100 
        h180  2 0.9919 0.0081 
        h181  2 0.9880 0.0120 
        h182  2 0.9910 0.0090 
        h183  2 0.9938 0.0062 
        h184  2 0.9784 0.0216 
        h185  2 0.9858 0.0142 
        h186  2 0.9921 0.0079 
        h187  2 0.9936 0.0064 
        h188  2 0.9900 0.0100 
        h189  2 0.9866 0.0134 
        h190  2 0.9885 0.0115 
        h191  2 0.9926 0.0074 
        h192  2 0.9880 0.0120 
        h193  2 0.9822 0.0178 
        h194  2 0.9672 0.0328 
        h195  2 0.9746 0.0254 
        h196  2 0.9931 0.0069 
        h197  2 0.9793 0.0207 
        h198  2 0.9903 0.0097 
        h199  2 0.9915 0.0085 
        h200  2 0.9822 0.0178 
        h201  2 0.9808 0.0192 
        h202  2 0.9910 0.0090 
        h203  2 0.9879 0.0121 
        h204  2 0.9800 0.0200 
        h205  2 0.9907 0.0093 
        h206  2 0.9924 0.0076 
        h207  2 0.9891 0.0109 
        h208  2 0.9858 0.0142 
        h209  2 0.9907 0.0093 
        h210  2 0.9905 0.0095 
        h211  2 0.9811 0.0189 
        h212  2 0.9887 0.0113 
        h213  2 0.9894 0.0106 
        h214  2 0.9916 0.0084 
        h215  2 0.9869 0.0131 
        h216  2 0.9833 0.0167 
        h217  2 0.9904 0.0096 
        h218  2 0.9905 0.0095 
        h219  2 0.9906 0.0094 
        h220  2 0.9898 0.0102 
        h221  2 0.9922 0.0078 
        h222  2 0.9889 0.0111 
        h223  2 0.9547 0.0453 
        h224  2 0.9892 0.0108 
        h225  2 0.9887 0.0113 
        h226  2 0.9817 0.0183 
        h227  2 0.9903 0.0097 
        h228  2 0.9740 0.0260 
        h229  2 0.9627 0.0373 
        h230  2 0.9760 0.0240 
        h231  2 0.9826 0.0174 
        h232  2 0.9912 0.0088 
        h233  2 0.9864 0.0136 
        h234  2 0.9791 0.0209 
        h235  2 0.9793 0.0207 
        h236  2 0.9880 0.0120 
        h237  2 0.9855 0.0145 
        h238  2 0.9887 0.0113 
        h239  2 0.9855 0.0145 
        h240  2 0.9855 0.0145 
        h241  2 0.9891 0.0109 
        h242  2 0.9798 0.0202 
        h243  2 0.9456 0.0544 
        h244  2 0.9722 0.0278 
        h245  2 0.9882 0.0118 
        h246  2 0.9900 0.0100 
        h247  2 0.9900 0.0100 
        h248  2 0.9926 0.0074 
        h249  2 0.9557 0.0443 
        h250  2 0.9867 0.0133 
        h251  2 0.9866 0.0134 
        h252  2 0.9659 0.0341 
        h253  2 0.9847 0.0153 
        h254  2 0.9914 0.0086 
        h255  2 0.9422 0.0578 
        h256  2 0.9844 0.0156 
        h257  2 0.9918 0.0082 
        h258  2 0.9908 0.0092 
        h259  2 0.9824 0.0176 
        h260  2 0.9918 0.0082 
        h261  2 0.9848 0.0152 
        h262  2 0.8728 0.1272 
        h263  2 0.9930 0.0070 
        h264  2 0.9711 0.0289 
        h265  2 0.9269 0.0731 
        h266  2 0.9928 0.0072 
        h267  2 0.9928 0.0072 
        h268  2 0.9915 0.0085 
        h269  2 0.9887 0.0113 
        h270  2 0.9919 0.0081 
        h271  2 0.9901 0.0099 
        h272  2 0.9835 0.0165 
        h273  2 0.9922 0.0078 
        h274  2 0.9773 0.0227 
        h275  2 0.9852 0.0148 
        h276  2 0.9923 0.0077 
        h277  2 0.9742 0.0258 
        h278  2 0.9892 0.0108 
        h279  2 0.9809 0.0191 
        h280  2 0.9853 0.0147 
        h281  2 0.9846 0.0154 
        h282  2 0.9836 0.0164 
        h283  2 0.9851 0.0149 
        h284  2 0.9918 0.0082 
        h285  2 0.9797 0.0203 
        h286  2 0.9915 0.0085 
        h287  2 0.9921 0.0079 
        h288  2 0.9851 0.0149 
        h289  2 0.9806 0.0194 
        h290  2 0.9677 0.0323 
        h291  2 0.9716 0.0284 
        h292  2 0.9840 0.0160 
        h293  2 0.9914 0.0086 
        h294  2 0.9885 0.0115 
        h295  2 0.9174 0.0826 
        h296  2 0.9875 0.0125 
        h297  2 0.9903 0.0097 
        h298  2 0.9648 0.0352 
        h299  2 0.9907 0.0093 
        h300  2 0.9903 0.0097 
        h301  2 0.9921 0.0079 
        h302  2 0.9886 0.0114 
        h303  2 0.9907 0.0093 
        h304  2 0.9906 0.0094 
        h305  2 0.9914 0.0086 
        h306  2 0.9875 0.0125 
        h307  2 0.9929 0.0071 
        h308  2 0.9877 0.0123 
        h309  2 0.9781 0.0219 
        h310  2 0.9388 0.0612 
        h311  2 0.9866 0.0134 
        h312  2 0.9915 0.0085 
        h313  2 0.9901 0.0099 
        h314  2 0.9868 0.0132 
        h315  2 0.9822 0.0178 
        h316  2 0.9761 0.0239 
        h317  2 0.9871 0.0129 
        h318  2 0.9891 0.0109 
        h319  2 0.9792 0.0208 
        h320  2 0.9910 0.0090 
        h321  2 0.9871 0.0129 
        h322  2 0.9890 0.0110 
        h323  2 0.9916 0.0084 
        h324  2 0.9928 0.0072 
        h325  2 0.9562 0.0438 
        h326  2 0.9822 0.0178 
        h327  2 0.9889 0.0111 
        h328  2 0.9879 0.0121 
        h329  2 0.9684 0.0316 
        h330  2 0.9910 0.0090 
        h331  2 0.9940 0.0060 
        h332  2 0.9934 0.0066 
        h333  2 0.9881 0.0119 
        h334  2 0.9850 0.0150 
        h335  2 0.9798 0.0202 
        h336  2 0.9879 0.0121 
        h337  2 0.9926 0.0074 
        h338  2 0.9702 0.0298 
        h339  2 0.9763 0.0237 
        h340  2 0.9934 0.0066 
        h341  2 0.9872 0.0128 
        h342  2 0.9893 0.0107 
        h343  2 0.9918 0.0082 
        h344  2 0.9628 0.0372 
        h345  2 0.9926 0.0074 
        h346  2 0.9909 0.0091 
        h347  2 0.9902 0.0098 
        h348  2 0.9916 0.0084 
        h349  2 0.9898 0.0102 
        h350  2 0.9811 0.0189 
        h351  2 0.9825 0.0175 
        h352  2 0.9596 0.0404 
        h353  2 0.9924 0.0076 
        h354  2 0.9930 0.0070 
        h355  2 0.9843 0.0157 
        h356  2 0.9895 0.0105 
        h357  2 0.9937 0.0063 
        h358  2 0.9919 0.0081 
        h359  2 0.9860 0.0140 
        h360  2 0.9812 0.0188 
        h361  2 0.9911 0.0089 
        h362  2 0.9889 0.0111 
        h363  2 0.9934 0.0066 
        h364  2 0.9931 0.0069 
        h365  2 0.9908 0.0092 
        h366  2 0.9922 0.0078 
        h367  2 0.9911 0.0089 
        h368  2 0.9607 0.0393 
        h369  2 0.9774 0.0226 
        h370  2 0.9926 0.0074 
        h371  2 0.9872 0.0128 
        h372  2 0.9843 0.0157 
        h373  2 0.9933 0.0067 
        h374  2 0.9872 0.0128 
        h375  2 0.9917 0.0083 
        h376  2 0.9832 0.0168 
        h377  2 0.9807 0.0193 
        h378  2 0.9791 0.0209 
        h379  2 0.9914 0.0086 
        h380  2 0.9896 0.0104 
        h381  2 0.9924 0.0076 
        h382  2 0.9496 0.0504 
        h383  2 0.9465 0.0535 
        h384  2 0.9902 0.0098 
        h385  2 0.9890 0.0110 
        h386  2 0.9926 0.0074 
        h387  2 0.9883 0.0117 
        h388  2 0.9593 0.0407 
        h389  2 0.9892 0.0108 
        h390  2 0.9909 0.0091 
        h391  2 0.8677 0.1323 
        h392  2 0.9818 0.0182 
        h393  2 0.9701 0.0299 
        h394  2 0.9881 0.0119 
        h395  2 0.9929 0.0071 
        h396  2 0.9868 0.0132 
        h397  2 0.9787 0.0213 
        h398  2 0.9919 0.0081 
        h399  2 0.9868 0.0132 
        h400  2 0.9888 0.0112 
        h001  3 0.9663 0.0337 
        h002  3 0.8137 0.1863 
        h003  3 0.7893 0.2107 
        h004  3 0.8214 0.1786 
        h005  3 0.9692 0.0308 
        h006  3 0.6903 0.3097 
        h007  3 0.9333 0.0667 
        h008  3 0.9870 0.0130 
        h009  3 0.8761 0.1239 
        h010  3 0.9151 0.0849 
        h011  3 0.9799 0.0201 
        h012  3 0.9920 0.0080 
        h013  3 0.8184 0.1816 
        h014  3 0.9800 0.0200 
        h015  3 0.9603 0.0397 
        h016  3 0.9615 0.0385 
        h017  3 0.7370 0.2630 
        h018  3 0.8787 0.1213 
        h019  3 0.9232 0.0768 
        h020  3 0.9538 0.0462 
        h021  3 0.9876 0.0124 
        h022  3 0.9628 0.0372 
        h023  3 0.8890 0.1110 
        h024  3 0.9438 0.0562 
        h025  3 0.9111 0.0889 
        h026  3 0.9519 0.0481 
        h027  3 0.9783 0.0217 
        h028  3 0.8601 0.1399 
        h029  3 0.9855 0.0145 
        h030  3 0.9404 0.0596 
        h031  3 0.9580 0.0420 
        h032  3 0.7019 0.2981 
        h033  3 0.9319 0.0681 
        h034  3 0.8994 0.1006 
        h035  3 0.9541 0.0459 
        h036  3 0.7614 0.2386 
        h037  3 0.9124 0.0876 
        h038  3 0.9131 0.0869 
        h039  3 0.8821 0.1179 
        h040  3 0.7895 0.2105 
        h041  3 0.9309 0.0691 
        h042  3 0.9454 0.0546 
        h043  3 0.8905 0.1095 
        h044  3 0.9744 0.0256 
        h045  3 0.7390 0.2610 
        h046  3 0.9318 0.0682 
        h047  3 0.9923 0.0077 
        h048  3 0.8870 0.1130 
        h049  3 0.8607 0.1393 
        h050  3 0.8922 0.1078 
        h051  3 0.8045 0.1955 
        h052  3 0.8682 0.1318 
        h053  3 0.9652 0.0348 
        h054  3 0.7771 0.2229 
        h055  3 0.7338 0.2662 
        h056  3 0.8162 0.1838 
        h057  3 0.8120 0.1880 
        h058  3 0.9935 0.0065 
        h059  3 0.9760 0.0240 
        h060  3 0.8541 0.1459 
        h061  3 0.7042 0.2958 
        h062  3 0.9658 0.0342 
        h063  3 0.9803 0.0197 
        h064  3 0.9292 0.0708 
        h065  3 0.7312 0.2688 
        h066  3 0.9871 0.0129 
        h067  3 0.9845 0.0155 
        h068  3 0.7967 0.2033 
        h069  3 0.9707 0.0293 
        h070  3 0.9828 0.0172 
        h071  3 0.9899 0.0101 
        h072  3 0.8955 0.1045 
        h073  3 0.9891 0.0109 
        h074  3 0.9882 0.0118 
        h075  3 0.6148 0.3852 
        h076  3 0.9504 0.0496 
        h077  3 0.8374 0.1626 
        h078  3 0.8141 0.1859 
        h079  3 0.9015 0.0985 
        h080  3 0.8887 0.1113 
        h081  3 0.8482 0.1518 
        h082  3 0.9884 0.0116 
        h083  3 0.9774 0.0226 
        h084  3 0.8136 0.1864 
        h085  3 0.9257 0.0743 
        h086  3 0.7626 0.2374 
        h087  3 0.8461 0.1539 
        h088  3 0.5585 0.4415 
        h089  3 0.8880 0.1120 
        h090  3 0.8121 0.1879 
        h091  3 0.7986 0.2014 
        h092  3 0.9701 0.0299 
        h093  3 0.9863 0.0137 
        h094  3 0.9807 0.0193 
        h095  3 0.9245 0.0755 
        h096  3 0.9397 0.0603 
        h097  3 0.9413 0.0587 
        h098  3 0.7858 0.2142 
        h099  3 0.8846 0.1154 
        h100  3 0.9828 0.0172 
       h0011  4 0.8370 0.1630 
       h0021  4 0.6620 0.3380 
       h0031  4 0.6605 0.3395 
       h0041  4 0.8211 0.1789 
       h0051  4 0.5146 0.4854 
       h0061  4 0.6372 0.3628 
       h0071  4 0.6570 0.3430 
       h0081  4 0.9399 0.0601 
       h0091  4 0.7723 0.2277 
       h0101  4 0.7172 0.2828 
       h0111  4 0.8252 0.1748 
       h0121  4 0.6620 0.3380 
       h0131  4 0.5988 0.4012 
       h0141  4 0.7681 0.2319 
       h0151  4 0.8271 0.1729 
       h0161  4 0.6016 0.3984 
       h0171  4 0.8398 0.1602 
       h0181  4 0.8075 0.1925 
       h0191  4 0.8531 0.1469 
       h0201  4 0.7301 0.2699 
       h0211  4 0.9264 0.0736 
       h0221  4 0.6461 0.3539 
       h0231  4 0.8207 0.1793 
       h0241  4 0.6219 0.3781 
       h0251  4 0.7855 0.2145 
       h0261  4 0.8461 0.1539 
       h0271  4 0.7628 0.2372 
       h0281  4 0.8351 0.1649 
       h0291  4 0.5870 0.4130 
       h0301  4 0.8529 0.1471 
       h0311  4 0.7255 0.2745 
       h0321  4 0.8145 0.1855 
       h0331  4 0.4928 0.5072 
       h0341  4 0.7439 0.2561 
       h0351  4 0.6714 0.3286 
       h0361  4 0.8032 0.1968 
       h0371  4 0.9405 0.0595 
       h0381  4 0.9650 0.0350 
       h0391  4 0.7743 0.2257 
       h0401  4 0.9540 0.0460 
       h0411  4 0.8057 0.1943 
       h0421  4 0.7982 0.2018 
       h0431  4 0.8590 0.1410 
       h0441  4 0.5890 0.4110 
       h0451  4 0.9415 0.0585 
       h0461  4 0.5329 0.4671 
       h0471  4 0.8253 0.1747 
       h0481  4 0.7636 0.2364 
       h0491  4 0.8746 0.1254 
       h0501  4 0.8932 0.1068 
       h0511  4 0.5861 0.4139 
       h0521  4 0.5840 0.4160 
       h0531  4 0.7342 0.2658 
       h0541  4 0.7727 0.2273 
       h0551  4 0.9229 0.0771 
       h0561  4 0.9467 0.0533 
       h0571  4 0.9420 0.0580 
       h0581  4 0.9008 0.0992 
       h0591  4 0.6922 0.3078 
       h0601  4 0.7808 0.2192 
       h0611  4 0.5415 0.4585 
       h0621  4 0.5661 0.4339 
       h0631  4 0.8244 0.1756 
       h0641  4 0.4629 0.5371 
       h0651  4 0.9811 0.0189 
       h0661  4 0.7746 0.2254 
       h0671  4 0.8044 0.1956 
       h0681  4 0.9478 0.0522 
       h0691  4 0.9772 0.0228 
       h0701  4 0.7459 0.2541 
       h0711  4 0.6412 0.3588 
       h0721  4 0.7164 0.2836 
       h0731  4 0.7882 0.2118 
       h0741  4 0.9199 0.0801 
       h0751  4 0.9138 0.0862 
       h0761  4 0.6131 0.3869 
       h0771  4 0.6572 0.3428 
       h0781  4 0.6124 0.3876 
       h0791  4 0.6934 0.3066 
       h0801  4 0.8940 0.1060 
       h0811  4 0.7950 0.2050 
       h0821  4 0.8387 0.1613 
       h0831  4 0.9262 0.0738 
       h0841  4 0.9331 0.0669 
       h0851  4 0.5572 0.4428 
       h0861  4 0.4968 0.5032 
       h0871  4 0.7740 0.2260 
       h0881  4 0.7964 0.2036 
       h0891  4 0.9716 0.0284 
       h0901  4 0.6895 0.3105 
       h0911  4 0.8442 0.1558 
       h0921  4 0.9598 0.0402 
       h0931  4 0.6886 0.3114 
       h0941  4 0.8534 0.1466 
       h0951  4 0.5490 0.4510 
       h0961  4 0.7330 0.2670 
       h0971  4 0.7111 0.2889 
       h0981  4 0.8901 0.1099 
       h0991  4 0.6292 0.3708 
       h1001  4 0.7029 0.2971 
      MSV1TX  5 0.6013 0.3987 
      MSV025  5 0.3766 0.6234 
      MSV02C  5 0.5036 0.4964 
      MSV02E  5 0.4280 0.5720 
      MSV0TF  5 0.4224 0.5776 
       M2EL8  5 0.3130 0.6870 
       h0012  6 0.6437 0.3563 
       h0022  6 0.5477 0.4523 
       h0032  6 0.5049 0.4951 
       h0042  6 0.4652 0.5348 
       h0052  6 0.4243 0.5757 
       h0062  6 0.4964 0.5036 
       h0072  6 0.5630 0.4370 
       h0082  6 0.5272 0.4728 
       h0092  6 0.4361 0.5639 
       h0102  6 0.8136 0.1864 
       h0112  6 0.5858 0.4142 
       h0122  6 0.5437 0.4563 
       h0132  6 0.4305 0.5695 
       h0142  6 0.3853 0.6147 
       h0152  6 0.4709 0.5291 
       h0162  6 0.5639 0.4361 
       h0172  6 0.4335 0.5665 
       h0182  6 0.4285 0.5715 
       h0192  6 0.6533 0.3467 
       h0202  6 0.5556 0.4444 
       h0212  6 0.4955 0.5045 
       h0222  6 0.5655 0.4345 
       h0232  6 0.4205 0.5795 
       h0242  6 0.5173 0.4827 
       h0252  6 0.4604 0.5396 
       h0262  6 0.4361 0.5639 
       h0272  6 0.5195 0.4805 
       h0282  6 0.5143 0.4857 
       h0292  6 0.5200 0.4800 
       h0302  6 0.3030 0.6970 
       h0312  6 0.5001 0.4999 
       h0322  6 0.3304 0.6696 
       h0332  6 0.4166 0.5834 
       h0342  6 0.5029 0.4971 
       h0352  6 0.5491 0.4509 
       h0362  6 0.4733 0.5267 
       h0372  6 0.5430 0.4570 
       h0382  6 0.5268 0.4732 
       h0392  6 0.5156 0.4844 
       h0402  6 0.3466 0.6534 
       h0412  6 0.5105 0.4895 
       h0422  6 0.4151 0.5849 
       h0432  6 0.5724 0.4276 
       h0442  6 0.5033 0.4967 
       h0452  6 0.5864 0.4136 
       h0462  6 0.7339 0.2661 
       h0472  6 0.4857 0.5143 
       h0482  6 0.5101 0.4899 
       h0492  6 0.5421 0.4579 
       h0502  6 0.5907 0.4093 
       h0512  6 0.4784 0.5216 
       h0522  6 0.5188 0.4812 
       h0532  6 0.4473 0.5527 
       h0542  6 0.3942 0.6058 
       h0552  6 0.4563 0.5437 
       h0562  6 0.5736 0.4264 
       h0572  6 0.5852 0.4148 
       h0582  6 0.3888 0.6112 
       h0592  6 0.5417 0.4583 
       h0602  6 0.4476 0.5524 
       h0612  6 0.4051 0.5949 
       h0622  6 0.4376 0.5624 
       h0632  6 0.4859 0.5141 
       h0642  6 0.5157 0.4843 
       h0652  6 0.4281 0.5719 
       h0662  6 0.7325 0.2675 
       h0672  6 0.5168 0.4832 
       h0682  6 0.4556 0.5444 
       h0692  6 0.5485 0.4515 
       h0702  6 0.4097 0.5903 
       h0712  6 0.5265 0.4735 
       h0722  6 0.5138 0.4862 
       h0732  6 0.5915 0.4085 
       h0742  6 0.4310 0.5690 
       h0752  6 0.5271 0.4729 
       h0762  6 0.2706 0.7294 
       h0772  6 0.5119 0.4881 
       h0782  6 0.4166 0.5834 
       h0792  6 0.4803 0.5197 
       h0802  6 0.4603 0.5397 
       h0812  6 0.5299 0.4701 
       h0822  6 0.6012 0.3988 
       h0832  6 0.4905 0.5095 
       h0842  6 0.5063 0.4937 
       h0852  6 0.5145 0.4855 
       h0862  6 0.4863 0.5137 
       h0872  6 0.4815 0.5185 
       h0882  6 0.5108 0.4892 
       h0892  6 0.6899 0.3101 
       h0902  6 0.4310 0.5690 
       h0912  6 0.5956 0.4044 
       h0922  6 0.5392 0.4608 
       h0932  6 0.5399 0.4601 
       h0942  6 0.4455 0.5545 
       h0952  6 0.5503 0.4497 
       h0962  6 0.5194 0.4806 
       h0972  6 0.5151 0.4849 
       h0982  6 0.4444 0.5556 
       h0992  6 0.5101 0.4899 
       h1002  6 0.4396 0.5604 
      MSV21T  7 0.1148 0.8852 
       M2E71  7 0.2260 0.7740 
       h0013  8 0.2247 0.7753 
       h0023  8 0.2220 0.7780 
       h0033  8 0.3324 0.6676 
       h0043  8 0.3504 0.6496 
       h0053  8 0.2315 0.7685 
       h0063  8 0.1390 0.8610 
       h0073  8 0.3204 0.6796 
       h0083  8 0.1548 0.8452 
       h0093  8 0.2168 0.7832 
       h0103  8 0.2335 0.7665 
       h0113  8 0.2686 0.7314 
       h0123  8 0.2104 0.7896 
       h0133  8 0.2069 0.7931 
       h0143  8 0.0134 0.9866 
       h0153  8 0.2135 0.7865 
       h0163  8 0.0574 0.9426 
       h0173  8 0.3008 0.6992 
       h0183  8 0.1476 0.8524 
       h0193  8 0.4134 0.5866 
       h0203  8 0.2524 0.7476 
       h0213  8 0.1234 0.8766 
       h0223  8 0.3387 0.6613 
       h0233  8 0.3053 0.6947 
       h0243  8 0.0659 0.9341 
       h0253  8 0.2137 0.7863 
       h0263  8 0.1994 0.8006 
       h0273  8 0.1815 0.8185 
       h0283  8 0.4005 0.5995 
       h0293  8 0.1129 0.8871 
       h0303  8 0.2478 0.7522 
       h0313  8 0.4262 0.5738 
       h0323  8 0.2574 0.7426 
       h0333  8 0.1162 0.8838 
       h0343  8 0.2365 0.7635 
       h0353  8 0.1538 0.8462 
       h0363  8 0.2846 0.7154 
       h0373  8 0.0234 0.9766 
       h0383  8 0.3175 0.6825 
       h0393  8 0.2629 0.7371 
       h0403  8 0.2192 0.7808 
       h0413  8 0.1168 0.8832 
       h0423  8 0.1382 0.8618 
       h0433  8 0.2381 0.7619 
       h0443  8 0.2213 0.7787 
       h0453  8 0.2745 0.7255 
       h0463  8 0.2341 0.7659 
       h0473  8 0.1386 0.8614 
       h0483  8 0.2404 0.7596 
       h0493  8 0.1517 0.8483 
       h0503  8 0.0897 0.9103 
       h0513  8 0.5053 0.4947 
       h0523  8 0.2549 0.7451 
       h0533  8 0.4054 0.5946 
       h0543  8 0.3588 0.6412 
       h0553  8 0.2497 0.7503 
       h0563  8 0.1198 0.8802 
       h0573  8 0.1871 0.8129 
       h0583  8 0.3427 0.6573 
       h0593  8 0.2627 0.7373 
       h0603  8 0.3925 0.6075 
       h0613  8 0.2965 0.7035 
       h0623  8 0.1786 0.8214 
       h0633  8 0.1375 0.8625 
       h0643  8 0.2083 0.7917 
       h0653  8 0.0537 0.9463 
       h0663  8 0.3359 0.6641 
       h0673  8 0.1602 0.8398 
       h0683  8 0.0083 0.9917 
       h0693  8 0.2071 0.7929 
       h0703  8 0.3104 0.6896 
       h0713  8 0.3648 0.6352 
       h0723  8 0.3112 0.6888 
       h0733  8 0.4082 0.5918 
       h0743  8 0.3803 0.6197 
       h0753  8 0.2491 0.7509 
       h0763  8 0.1815 0.8185 
       h0773  8 0.3699 0.6301 
       h0783  8 0.1145 0.8855 
       h0793  8 0.2391 0.7609 
       h0803  8 0.0320 0.9680 
       h0813  8 0.1665 0.8335 
       h0823  8 0.0266 0.9734 
       h0833  8 0.1893 0.8107 
       h0843  8 0.1981 0.8019 
       h0853  8 0.1792 0.8208 
       h0863  8 0.2223 0.7777 
       h0873  8 0.3286 0.6714 
       h0883  8 0.1720 0.8280 
       h0893  8 0.1962 0.8038 
       h0903  8 0.1856 0.8144 
       h0913  8 0.2366 0.7634 
       h0923  8 0.0148 0.9852 
       h0933  8 0.2824 0.7176 
       h0943  8 0.2530 0.7470 
       h0953  8 0.1589 0.8411 
       h0963  8 0.2427 0.7573 
       h0973  8 0.1638 0.8362 
       h0983  8 0.2543 0.7457 
       h0993  8 0.1872 0.8128 
       h1003  8 0.2984 0.7016 
       W23CA  9 0.0633 0.9367 
     AP.085Y  9 0.0161 0.9839 
     CH.0LLY  9 0.3982 0.6018 
       M0LEC  9 0.0096 0.9904 
       M2C3H  9 0.2089 0.7911 
       M2CHL  9 0.4384 0.5616 
       W26P7  9 0.0708 0.9292 
     AP.07M5  9 0.0970 0.9030 
     AP.080U  9 0.0453 0.9547 
     AP.082A  9 0.0090 0.9910 
     AP.0843  9 0.0486 0.9514 
     AP.0844  9 0.1631 0.8369 
     AP.084X  9 0.0224 0.9776 
     AP.086Y  9 0.1268 0.8732 
     AP.0870  9 0.0964 0.9036 
     AP.0878  9 0.1589 0.8411 
     AP.087F  9 0.1976 0.8024 
     AP.087Y  9 0.3946 0.6054 
     AP.088P  9 0.0219 0.9781 
     AP.08AK  9 0.0305 0.9695 
     CH.0LLM  9 0.1147 0.8853 
     CH.0LLU  9 0.2229 0.7771 
     CH.0LM0  9 0.0661 0.9339 
     CH.0LM3  9 0.0360 0.9640 
       W26MY  9 0.2032 0.7968 
       W26P6  9 0.0887 0.9113 
      HRV07U  9 0.0412 0.9588 
      HRV1CT  9 0.0113 0.9887 
      HRV1CU  9 0.0077 0.9923 
      HRV1E6  9 0.0067 0.9933 
      HRV081  9 0.0064 0.9936 
      HRV1E3  9 0.0249 0.9751 
      MSV21E  9 0.1656 0.8344 
      MSV216  9 0.0992 0.9008 
       M0TYK  9 0.0501 0.9499 
      MSV2AA  9 0.0840 0.9160 
     CK.0PET  9 0.2362 0.7638 
       M2E8C  9 0.0139 0.9861 
      MSV23X  9 0.1768 0.8232 
      MSV32A  9 0.1727 0.8273 
     AP.0838  9 0.0237 0.9763 
     AP.088F  9 0.1012 0.8988 
       h0014 10 0.0459 0.9541 
       h0024 10 0.0352 0.9648 
       h0034 10 0.1940 0.8060 
       h0044 10 0.0258 0.9742 
       h0054 10 0.0397 0.9603 
       h0064 10 0.2472 0.7528 
       h0074 10 0.1102 0.8898 
       h0084 10 0.0483 0.9517 
       h0094 10 0.0121 0.9879 
       h0104 10 0.0203 0.9797 
       h0114 10 0.1382 0.8618 
       h0124 10 0.0574 0.9426 
       h0134 10 0.1732 0.8268 
       h0144 10 0.1189 0.8811 
       h0154 10 0.0119 0.9881 
       h0164 10 0.0226 0.9774 
       h0174 10 0.0365 0.9635 
       h0184 10 0.2493 0.7507 
       h0194 10 0.0108 0.9892 
       h0204 10 0.2973 0.7027 
       h0214 10 0.0238 0.9762 
       h0224 10 0.0179 0.9821 
       h0234 10 0.2360 0.7640 
       h0244 10 0.1174 0.8826 
       h0254 10 0.2220 0.7780 
       h0264 10 0.1258 0.8742 
       h0274 10 0.0133 0.9867 
       h0284 10 0.0722 0.9278 
       h0294 10 0.2283 0.7717 
       h0304 10 0.0848 0.9152 
       h0314 10 0.1135 0.8865 
       h0324 10 0.1983 0.8017 
       h0334 10 0.0147 0.9853 
       h0344 10 0.0156 0.9844 
       h0354 10 0.2669 0.7331 
       h0364 10 0.2911 0.7089 
       h0374 10 0.1511 0.8489 
       h0384 10 0.0562 0.9438 
       h0394 10 0.2315 0.7685 
       h0404 10 0.0979 0.9021 
       h0414 10 0.0211 0.9789 
       h0424 10 0.0130 0.9870 
       h0434 10 0.2314 0.7686 
       h0444 10 0.0672 0.9328 
       h0454 10 0.0810 0.9190 
       h0464 10 0.1639 0.8361 
       h0474 10 0.1471 0.8529 
       h0484 10 0.1080 0.8920 
       h0494 10 0.0217 0.9783 
       h0504 10 0.1592 0.8408 
       h0514 10 0.0140 0.9860 
       h0524 10 0.2976 0.7024 
       h0534 10 0.1407 0.8593 
       h0544 10 0.0701 0.9299 
       h0554 10 0.0723 0.9277 
       h0564 10 0.1064 0.8936 
       h0574 10 0.0496 0.9504 
       h0584 10 0.0354 0.9646 
       h0594 10 0.0301 0.9699 
       h0604 10 0.0931 0.9069 
       h0614 10 0.2242 0.7758 
       h0624 10 0.1114 0.8886 
       h0634 10 0.1223 0.8777 
       h0644 10 0.0945 0.9055 
       h0654 10 0.0934 0.9066 
       h0664 10 0.0127 0.9873 
       h0674 10 0.0090 0.9910 
       h0684 10 0.0124 0.9876 
       h0694 10 0.0467 0.9533 
       h0704 10 0.1800 0.8200 
       h0714 10 0.0620 0.9380 
       h0724 10 0.0068 0.9932 
       h0734 10 0.0212 0.9788 
       h0744 10 0.0362 0.9638 
       h0754 10 0.2751 0.7249 
       h0764 10 0.1585 0.8415 
       h0774 10 0.1635 0.8365 
       h0784 10 0.0144 0.9856 
       h0794 10 0.0340 0.9660 
       h0804 10 0.0312 0.9688 
       h0814 10 0.0688 0.9312 
       h0824 10 0.1135 0.8865 
       h0834 10 0.0767 0.9233 
       h0844 10 0.2151 0.7849 
       h0854 10 0.1408 0.8592 
       h0864 10 0.0523 0.9477 
       h0874 10 0.0835 0.9165 
       h0884 10 0.2059 0.7941 
       h0894 10 0.0618 0.9382 
       h0904 10 0.1482 0.8518 
       h0914 10 0.0283 0.9717 
       h0924 10 0.0417 0.9583 
       h0934 10 0.2641 0.7359 
       h0944 10 0.0243 0.9757 
       h0954 10 0.0748 0.9252 
       h0964 10 0.0502 0.9498 
       h0974 10 0.0252 0.9748 
       h0984 10 0.0452 0.9548 
       h0994 10 0.1476 0.8524 
       h1004 10 0.1069 0.8931 
     AP.07M2 11 0.0422 0.9578 
      HRV05C 11 0.0166 0.9834 
      HRV077 11 0.0147 0.9853 
      HRV0A0 11 0.0068 0.9932 
      HRV0MC 11 0.0094 0.9906 
      HRV00P 11 0.0068 0.9932 
      HRV01J 11 0.0092 0.9908 
      HRV026 11 0.0104 0.9896 
      HRV02C 11 0.0062 0.9938 
      HRV031 11 0.0070 0.9930 
      HRV033 11 0.0070 0.9930 
      HRV05L 11 0.0069 0.9931 
      HRV06A 11 0.0082 0.9918 
      HRV07P 11 0.0066 0.9934 
      HRV0HC 11 0.0320 0.9680 
      HRV0HU 11 0.0180 0.9820 
      HRV0K1 11 0.0075 0.9925 
      HRV0M6 11 0.0360 0.9640 
      HRV0M7 11 0.0109 0.9891 
      HRV0MK 11 0.0065 0.9935 
      HRV1C7 11 0.0085 0.9915 
      HRV1EA 11 0.0130 0.9870 
       M147K 11 0.0057 0.9943 
      HRV008 11 0.0077 0.9923 
      HRV015 11 0.0122 0.9878 
      HRV01F 11 0.0251 0.9749 
      HRV01L 11 0.0076 0.9924 
      HRV01M 11 0.0090 0.9910 
      HRV020 11 0.0136 0.9864 
      HRV022 11 0.0235 0.9765 
      HRV02A 11 0.0188 0.9812 
      HRV02K 11 0.0238 0.9762 
      HRV04C 11 0.0078 0.9922 
      HRV05H 11 0.0154 0.9846 
      HRV076 11 0.0188 0.9812 
      HRV07H 11 0.0059 0.9941 
      HRV07X 11 0.0171 0.9829 
      HRV080 11 0.0071 0.9929 
      HRV086 11 0.0103 0.9897 
      HRV0H3 11 0.0102 0.9898 
      HRV0J3 11 0.0115 0.9885 
      HRV0JX 11 0.0181 0.9819 
      HRV0ML 11 0.0064 0.9936 
      HRV1E8 11 0.0087 0.9913 
      HRV007 11 0.0135 0.9865 
      HRV005 11 0.0136 0.9864 
      HRV05U 11 0.0073 0.9927 
      HRV01U 11 0.0084 0.9916 
     AP.07M1 11 0.0080 0.9920 
     AP.07ME 11 0.0105 0.9895 
     AP.0817 11 0.0096 0.9904 
     AP.0863 11 0.0232 0.9768 
     AP.087T 11 0.0379 0.9621 
     AP.088T 11 0.0063 0.9937 
     CH.0LM1 11 0.0109 0.9891 
       M05X5 11 0.0647 0.9353 
       M06JH 11 0.0411 0.9589 
       M0A6K 11 0.0109 0.9891 
       M0ETF 11 0.0076 0.9924 
       M0LUP 11 0.0129 0.9871 
       M16F1 11 0.0097 0.9903 
       M182M 11 0.0115 0.9885 
       M1CFL 11 0.0090 0.9910 
       M2AXY 11 0.0102 0.9898 
       M2AY2 11 0.0377 0.9623 
       M2CHP 11 0.0391 0.9609 
       W26LK 11 0.0083 0.9917 
       W26ME 11 0.0161 0.9839 
     AM.07FM 11 0.0059 0.9941 
     AM.07FP 11 0.0086 0.9914 
     AP.07M4 11 0.0061 0.9939 
     AP.07M7 11 0.0057 0.9943 
     AP.07M8 11 0.0123 0.9877 
     AP.07MA 11 0.0170 0.9830 
     AP.07MC 11 0.0072 0.9928 
     AP.07P8 11 0.0473 0.9527 
     AP.07U8 11 0.0120 0.9880 
     AP.081F 11 0.0115 0.9885 
     AP.081H 11 0.2914 0.7086 
     AP.0820 11 0.0257 0.9743 
     AP.0841 11 0.0479 0.9521 
     AP.0858 11 0.0133 0.9867 
     AP.085U 11 0.0351 0.9649 
     AP.085X 11 0.0078 0.9922 
     AP.0861 11 0.0098 0.9902 
     AP.0864 11 0.0064 0.9936 
     AP.086X 11 0.0073 0.9927 
     AP.0872 11 0.0076 0.9924 
     AP.0875 11 0.0745 0.9255 
     AP.087A 11 0.0081 0.9919 
     AP.087C 11 0.0143 0.9857 
     AP.087E 11 0.0077 0.9923 
     AP.087H 11 0.0072 0.9928 
     AP.087K 11 0.0136 0.9864 
     AP.087L 11 0.0084 0.9916 
     AP.087M 11 0.0099 0.9901 
     AP.087P 11 0.0106 0.9894 
     AP.087U 11 0.0409 0.9591 
     AP.087X 11 0.0248 0.9752 
     AP.0881 11 0.0152 0.9848 
     AP.0882 11 0.0096 0.9904 
     AP.0883 11 0.0261 0.9739 
     AP.0884 11 0.0075 0.9925 
     AP.0885 11 0.0114 0.9886 
     AP.0887 11 0.0111 0.9889 
     AP.0888 11 0.2983 0.7017 
     AP.088A 11 0.0093 0.9907 
     AP.088C 11 0.0266 0.9734 
     AP.088J 11 0.0152 0.9848 
     AP.088K 11 0.0134 0.9866 
     AP.088L 11 0.0078 0.9922 
     AP.088U 11 0.0078 0.9922 
     AP.088X 11 0.0182 0.9818 
     AP.08A0 11 0.0066 0.9934 
     AP.08A1 11 0.0119 0.9881 
     AP.08A3 11 0.0069 0.9931 
     AP.08A4 11 0.0613 0.9387 
     AP.08A5 11 0.0068 0.9932 
     AP.08A6 11 0.0177 0.9823 
     AP.08A8 11 0.0088 0.9912 
     AP.08AC 11 0.0164 0.9836 
     AP.08AH 11 0.0137 0.9863 
     AP.08AJ 11 0.0149 0.9851 
     AP.08AM 11 0.0088 0.9912 
     AP.08AT 11 0.0078 0.9922 
     AP.08AX 11 0.0075 0.9925 
     CH.0LLP 11 0.0125 0.9875 
     CH.0LM2 11 0.0091 0.9909 
     CH.0LM4 11 0.0070 0.9930 
     CH.0LM5 11 0.0095 0.9905 
       M0102 11 0.0087 0.9913 
       M023A 11 0.0063 0.9937 
       M03MM 11 0.0122 0.9878 
       M04PF 11 0.0074 0.9926 
       M04XH 11 0.0141 0.9859 
       M04XM 11 0.0086 0.9914 
       M0557 11 0.0232 0.9768 
       M055C 11 0.0478 0.9522 
       M05JC 11 0.0083 0.9917 
       M05PH 11 0.0132 0.9868 
       M05X6 11 0.0070 0.9930 
       M07TC 11 0.0159 0.9841 
       M0A66 11 0.0069 0.9931 
       M0EYT 11 0.0075 0.9925 
       M0FF2 11 0.0072 0.9928 
       M0HJ6 11 0.0175 0.9825 
      HRV0JL 11 0.0060 0.9940 
      HRV0JP 11 0.0077 0.9923 
      HRV0KA 11 0.0081 0.9919 
      HRV0LJ 11 0.0205 0.9795 
      HRV0LM 11 0.0102 0.9898 
      HRV0LP 11 0.0284 0.9716 
       M0HJ8 11 0.0078 0.9922 
       M0HM3 11 0.0081 0.9919 
       M0J1X 11 0.0082 0.9918 
       M0L32 11 0.0127 0.9873 
       M0L8F 11 0.0268 0.9732 
       M0LUH 11 0.0078 0.9922 
       M0XPJ 11 0.0083 0.9917 
       M0XTE 11 0.0167 0.9833 
       M157H 11 0.0086 0.9914 
       M16YU 11 0.0061 0.9939 
       M1751 11 0.0093 0.9907 
       M1C2H 11 0.0068 0.9932 
       M1E60 11 0.0064 0.9936 
       M1EKX 11 0.0068 0.9932 
       M1EKY 11 0.0071 0.9929 
       M1EL3 11 0.0158 0.9842 
       M1ELC 11 0.0118 0.9882 
       M1ELE 11 0.0075 0.9925 
       M2AY0 11 0.0183 0.9817 
       M2AY4 11 0.0093 0.9907 
       M2AY5 11 0.0100 0.9900 
       M2AY8 11 0.1250 0.8750 
       M2C3A 11 0.0085 0.9915 
       M2C3F 11 0.0090 0.9910 
      HRV0ME 11 0.0153 0.9847 
       M2CHJ 11 0.0222 0.9778 
       M2CHM 11 0.0401 0.9599 
       M2CHY 11 0.0119 0.9881 
       W23E8 11 0.0079 0.9921 
       W23EM 11 0.0126 0.9874 
       W23EX 11 0.0098 0.9902 
       W23F0 11 0.0121 0.9879 
       W26L5 11 0.0398 0.9602 
       W26LM 11 0.1158 0.8842 
       W26MJ 11 0.1137 0.8863 
       W26ML 11 0.0080 0.9920 
       W26MT 11 0.0068 0.9932 
       W26PE 11 0.1679 0.8321 
       W26PJ 11 0.1125 0.8875 
       W26PT 11 0.0103 0.9897 
       W26PX 11 0.0282 0.9718 
       W26T0 11 0.0123 0.9877 
       W26TC 11 0.0060 0.9940 
       W26TJ 11 0.0637 0.9363 
       W26UE 11 0.0110 0.9890 
       W26UF 11 0.0075 0.9925 
       W26UL 11 0.0313 0.9687 
       W26X2 11 0.0117 0.9883 
       W2716 11 0.0412 0.9588 
      HRV1C6 11 0.0067 0.9933 
      HRV1CX 11 0.0179 0.9821 
      HRV1E2 11 0.0067 0.9933 
      HRV1E4 11 0.0063 0.9937 
      HRV1E5 11 0.0062 0.9938 
      HRV1EC 11 0.0094 0.9906 
      HRV1EK 11 0.0256 0.9744 
      HRV001 11 0.0088 0.9912 
      HRV00H 11 0.0090 0.9910 
      HRV00K 11 0.0096 0.9904 
      HRV01X 11 0.0091 0.9909 
      HRV025 11 0.0162 0.9838 
      HRV028 11 0.0092 0.9908 
      HRV041 11 0.0078 0.9922 
      HRV04F 11 0.0077 0.9923 
      HRV04L 11 0.0068 0.9932 
      HRV055 11 0.0063 0.9937 
      HRV05J 11 0.0072 0.9928 
      HRV07J 11 0.0069 0.9931 
      HRV07K 11 0.0171 0.9829 
      HRV07L 11 0.0294 0.9706 
      HRV07M 11 0.0072 0.9928 
      HRV0HM 11 0.0546 0.9454 
      HRV0J2 11 0.0070 0.9930 
      HRV0K3 11 0.0078 0.9922 
      HRV0KE 11 0.0076 0.9924 
      HRV0KF 11 0.0158 0.9842 
      HRV0KU 11 0.0258 0.9742 
      HRV0L6 11 0.0068 0.9932 
      HRV0M2 11 0.0148 0.9852 
      HRV0MF 11 0.0079 0.9921 
      HRV0MJ 11 0.0244 0.9756 
      HRV1AT 11 0.0086 0.9914 
      HRV1C1 11 0.0088 0.9912 
      HRV1CL 11 0.0113 0.9887 
      HRV1E1 11 0.0097 0.9903 
      HRV1E7 11 0.0076 0.9924 
      HRV1EE 11 0.0068 0.9932 
      HRV1ET 11 0.0068 0.9932 
      h00111 12 0.0084 0.9916 
      h00211 12 0.0390 0.9610 
      h00311 12 0.0219 0.9781 
      h00411 12 0.0090 0.9910 
      h00511 12 0.0084 0.9916 
      h00611 12 0.0175 0.9825 
      h00711 12 0.0088 0.9912 
      h00811 12 0.0083 0.9917 
      h00911 12 0.0095 0.9905 
      h01011 12 0.0220 0.9780 
      h01111 12 0.0070 0.9930 
      h01211 12 0.0088 0.9912 
      h01311 12 0.0186 0.9814 
      h01411 12 0.0091 0.9909 
      h01511 12 0.0130 0.9870 
      h01611 12 0.0180 0.9820 
      h01711 12 0.0102 0.9898 
      h01811 12 0.0090 0.9910 
      h01911 12 0.0177 0.9823 
      h02011 12 0.0067 0.9933 
      h02111 12 0.0384 0.9616 
      h02211 12 0.0121 0.9879 
      h02311 12 0.0154 0.9846 
      h02411 12 0.0101 0.9899 
      h02511 12 0.0109 0.9891 
      h02611 12 0.0062 0.9938 
      h02711 12 0.0150 0.9850 
      h02811 12 0.0081 0.9919 
      h02911 12 0.0115 0.9885 
      h03011 12 0.0079 0.9921 
      h03111 12 0.0121 0.9879 
      h03211 12 0.0111 0.9889 
      h03311 12 0.0098 0.9902 
      h03411 12 0.0087 0.9913 
      h03511 12 0.0075 0.9925 
      h03611 12 0.0129 0.9871 
      h03711 12 0.0097 0.9903 
      h03811 12 0.0116 0.9884 
      h03911 12 0.0153 0.9847 
      h04011 12 0.0079 0.9921 
      h04111 12 0.0127 0.9873 
      h04211 12 0.0093 0.9907 
      h04311 12 0.0102 0.9898 
      h04411 12 0.0139 0.9861 
      h04511 12 0.0201 0.9799 
      h04611 12 0.0072 0.9928 
      h04711 12 0.0082 0.9918 
      h04811 12 0.0098 0.9902 
      h04911 12 0.0754 0.9246 
      h05011 12 0.0167 0.9833 
      h05111 12 0.0062 0.9938 
      h05211 12 0.0075 0.9925 
      h05311 12 0.0073 0.9927 
      h05411 12 0.0095 0.9905 
      h05511 12 0.0167 0.9833 
      h05611 12 0.0092 0.9908 
      h05711 12 0.0171 0.9829 
      h05811 12 0.0112 0.9888 
      h05911 12 0.0066 0.9934 
      h06011 12 0.0089 0.9911 
      h06111 12 0.0107 0.9893 
      h06211 12 0.0237 0.9763 
      h06311 12 0.0071 0.9929 
      h06411 12 0.0070 0.9930 
      h06511 12 0.0081 0.9919 
      h06611 12 0.0080 0.9920 
      h06711 12 0.0082 0.9918 
      h06811 12 0.0146 0.9854 
      h06911 12 0.0088 0.9912 
      h07011 12 0.0086 0.9914 
      h07111 12 0.0113 0.9887 
      h07211 12 0.0172 0.9828 
      h07311 12 0.0150 0.9850 
      h07411 12 0.0127 0.9873 
      h07511 12 0.0069 0.9931 
      h07611 12 0.0175 0.9825 
      h07711 12 0.0177 0.9823 
      h07811 12 0.0066 0.9934 
      h07911 12 0.0091 0.9909 
      h08011 12 0.0277 0.9723 
      h08111 12 0.0089 0.9911 
      h08211 12 0.0095 0.9905 
      h08311 12 0.0099 0.9901 
      h08411 12 0.0095 0.9905 
      h08511 12 0.0081 0.9919 
      h08611 12 0.0113 0.9887 
      h08711 12 0.0066 0.9934 
      h08811 12 0.0151 0.9849 
      h08911 12 0.0072 0.9928 
      h09011 12 0.0234 0.9766 
      h09111 12 0.0108 0.9892 
      h09211 12 0.0069 0.9931 
      h09311 12 0.0113 0.9887 
      h09411 12 0.0129 0.9871 
      h09511 12 0.0076 0.9924 
      h09611 12 0.0057 0.9943 
      h09711 12 0.0074 0.9926 
      h09811 12 0.0071 0.9929 
      h09911 12 0.0175 0.9825 
      h10011 12 0.0102 0.9898 
       h1011 12 0.0185 0.9815 
       h1021 12 0.0100 0.9900 
       h1031 12 0.0138 0.9862 
       h1041 12 0.0086 0.9914 
       h1051 12 0.0129 0.9871 
       h1061 12 0.0182 0.9818 
       h1071 12 0.0069 0.9931 
       h1081 12 0.0111 0.9889 
       h1091 12 0.0098 0.9902 
       h1101 12 0.0075 0.9925 
       h1111 12 0.0132 0.9868 
       h1121 12 0.0138 0.9862 
       h1131 12 0.0116 0.9884 
       h1141 12 0.0101 0.9899 
       h1151 12 0.0073 0.9927 
       h1161 12 0.0167 0.9833 
       h1171 12 0.0088 0.9912 
       h1181 12 0.0254 0.9746 
       h1191 12 0.0112 0.9888 
       h1201 12 0.0093 0.9907 
       h1211 12 0.0094 0.9906 
       h1221 12 0.0100 0.9900 
       h1231 12 0.0083 0.9917 
       h1241 12 0.0135 0.9865 
       h1251 12 0.0082 0.9918 
       h1261 12 0.0083 0.9917 
       h1271 12 0.0082 0.9918 
       h1281 12 0.0172 0.9828 
       h1291 12 0.0083 0.9917 
       h1301 12 0.0131 0.9869 
       h1311 12 0.0125 0.9875 
       h1321 12 0.0066 0.9934 
       h1331 12 0.0181 0.9819 
       h1341 12 0.0118 0.9882 
       h1351 12 0.0232 0.9768 
       h1361 12 0.0275 0.9725 
       h1371 12 0.0088 0.9912 
       h1381 12 0.0063 0.9937 
       h1391 12 0.0231 0.9769 
       h1401 12 0.0328 0.9672 
       h1411 12 0.0084 0.9916 
       h1421 12 0.0082 0.9918 
       h1431 12 0.0069 0.9931 
       h1441 12 0.0069 0.9931 
       h1451 12 0.0072 0.9928 
       h1461 12 0.0132 0.9868 
       h1471 12 0.0108 0.9892 
       h1481 12 0.0120 0.9880 
       h1491 12 0.0082 0.9918 
       h1501 12 0.0089 0.9911 
       h1511 12 0.0128 0.9872 
       h1521 12 0.0071 0.9929 
       h1531 12 0.0675 0.9325 
       h1541 12 0.0111 0.9889 
       h1551 12 0.0205 0.9795 
       h1561 12 0.0069 0.9931 
       h1571 12 0.0142 0.9858 
       h1581 12 0.0973 0.9027 
       h1591 12 0.0085 0.9915 
       h1601 12 0.0248 0.9752 
       h1611 12 0.1276 0.8724 
       h1621 12 0.0167 0.9833 
       h1631 12 0.0095 0.9905 
       h1641 12 0.0077 0.9923 
       h1651 12 0.0132 0.9868 
       h1661 12 0.0194 0.9806 
       h1671 12 0.0076 0.9924 
       h1681 12 0.0461 0.9539 
       h1691 12 0.0234 0.9766 
       h1701 12 0.0103 0.9897 
       h1711 12 0.0078 0.9922 
       h1721 12 0.0107 0.9893 
       h1731 12 0.0058 0.9942 
       h1741 12 0.0099 0.9901 
       h1751 12 0.0075 0.9925 
       h1761 12 0.0095 0.9905 
       h1771 12 0.0084 0.9916 
       h1781 12 0.0155 0.9845 
       h1791 12 0.0115 0.9885 
       h1801 12 0.0116 0.9884 
       h1811 12 0.0083 0.9917 
       h1821 12 0.0177 0.9823 
       h1831 12 0.0204 0.9796 
       h1841 12 0.0082 0.9918 
       h1851 12 0.0064 0.9936 
       h1861 12 0.0069 0.9931 
       h1871 12 0.0098 0.9902 
       h1881 12 0.0074 0.9926 
       h1891 12 0.0089 0.9911 
       h1901 12 0.0101 0.9899 
       h1911 12 0.0354 0.9646 
       h1921 12 0.0077 0.9923 
       h1931 12 0.0097 0.9903 
       h1941 12 0.0094 0.9906 
       h1951 12 0.0107 0.9893 
       h1961 12 0.0396 0.9604 
       h1971 12 0.0103 0.9897 
       h1981 12 0.0084 0.9916 
       h1991 12 0.0079 0.9921 
       h2001 12 0.0132 0.9868 
       h2011 12 0.0101 0.9899 
       h2021 12 0.0212 0.9788 
       h2031 12 0.0100 0.9900 
       h2041 12 0.0116 0.9884 
       h2051 12 0.0430 0.9570 
       h2061 12 0.0166 0.9834 
       h2071 12 0.0092 0.9908 
       h2081 12 0.0238 0.9762 
       h2091 12 0.0066 0.9934 
       h2101 12 0.0173 0.9827 
       h2111 12 0.0092 0.9908 
       h2121 12 0.0209 0.9791 
       h2131 12 0.0116 0.9884 
       h2141 12 0.0140 0.9860 
       h2151 12 0.0196 0.9804 
       h2161 12 0.0064 0.9936 
       h2171 12 0.0105 0.9895 
       h2181 12 0.0061 0.9939 
       h2191 12 0.0453 0.9547 
       h2201 12 0.0203 0.9797 
       h2211 12 0.0219 0.9781 
       h2221 12 0.0075 0.9925 
       h2231 12 0.0108 0.9892 
       h2241 12 0.0417 0.9583 
       h2251 12 0.0099 0.9901 
       h2261 12 0.0168 0.9832 
       h2271 12 0.0275 0.9725 
       h2281 12 0.0151 0.9849 
       h2291 12 0.0077 0.9923 
       h2301 12 0.0184 0.9816 
       h2311 12 0.0079 0.9921 
       h2321 12 0.0415 0.9585 
       h2331 12 0.0069 0.9931 
       h2341 12 0.0075 0.9925 
       h2351 12 0.0166 0.9834 
       h2361 12 0.0189 0.9811 
       h2371 12 0.0067 0.9933 
       h2381 12 0.0136 0.9864 
       h2391 12 0.0675 0.9325 
       h2401 12 0.0117 0.9883 
       h2411 12 0.0155 0.9845 
       h2421 12 0.0157 0.9843 
       h2431 12 0.0185 0.9815 
       h2441 12 0.0082 0.9918 
       h2451 12 0.0350 0.9650 
       h2461 12 0.0168 0.9832 
       h2471 12 0.0169 0.9831 
       h2481 12 0.0068 0.9932 
       h2491 12 0.0158 0.9842 
       h2501 12 0.0080 0.9920 
       h2511 12 0.0360 0.9640 
       h2521 12 0.0097 0.9903 
       h2531 12 0.0068 0.9932 
       h2541 12 0.0318 0.9682 
       h2551 12 0.0086 0.9914 
       h2561 12 0.0082 0.9918 
       h2571 12 0.0064 0.9936 
       h2581 12 0.0088 0.9912 
       h2591 12 0.0069 0.9931 
       h2601 12 0.0109 0.9891 
