       M1EL5  1 0.9854 0.0146 
       W26T6  1 0.9591 0.0409 
       W26XX  1 0.9898 0.0102 
       M013P  1 0.9926 0.0074 
       M1ELA  1 0.9672 0.0328 
       M2C73  1 0.9876 0.0124 
       W23P4  1 0.8692 0.1308 
       W247C  1 0.9912 0.0088 
       W24K1  1 0.9914 0.0086 
       W24ME  1 0.9509 0.0491 
       W2514  1 0.9800 0.0200 
       W26MA  1 0.9789 0.0211 
       W26MM  1 0.9910 0.0090 
       W26MU  1 0.9843 0.0157 
       W26P0  1 0.9858 0.0142 
       W26P3  1 0.9933 0.0067 
       W26T5  1 0.9918 0.0082 
       W26TE  1 0.9828 0.0172 
       W26TF  1 0.9914 0.0086 
       W26U8  1 0.9446 0.0554 
       W26UJ  1 0.9918 0.0082 
       W26UK  1 0.9928 0.0072 
       W26UT  1 0.9927 0.0073 
       W26XT  1 0.9910 0.0090 
      CC06H2  1 0.9515 0.0485 
      CC06H4  1 0.9897 0.0103 
      CC06H5  1 0.9645 0.0355 
      CC06H6  1 0.9870 0.0130 
      CC06HE  1 0.9915 0.0085 
      CC06HF  1 0.9583 0.0417 
      CC06HH  1 0.9904 0.0096 
      CC06HJ  1 0.9851 0.0149 
      CC06HL  1 0.9932 0.0068 
      CC06HP  1 0.9925 0.0075 
      CC06HT  1 0.9513 0.0487 
      CC06HU  1 0.9890 0.0110 
      CC06HY  1 0.9801 0.0199 
      CC06J0  1 0.9867 0.0133 
      CC06J1  1 0.9592 0.0408 
      CC06J2  1 0.9880 0.0120 
     CT.0YCY  1 0.9872 0.0128 
     CT.0YEC  1 0.9934 0.0066 
     CT.0YEF  1 0.9877 0.0123 
     CT.0YEU  1 0.9924 0.0076 
     CT.0YF2  1 0.9791 0.0209 
     CT.0YF8  1 0.9921 0.0079 
     CT.0YFA  1 0.9826 0.0174 
     CT.0YFE  1 0.9818 0.0182 
     CT.0YFP  1 0.9812 0.0188 
     CT.0YFU  1 0.9872 0.0128 
     CT.0YK7  1 0.9820 0.0180 
     CX.10PT  1 0.9523 0.0477 
      DAM021  1 0.9889 0.0111 
      DAM034  1 0.9800 0.0200 
      DAM07X  1 0.9845 0.0155 
     EF.15J6  1 0.9903 0.0097 
      HRV010  1 0.9904 0.0096 
      HRV02J  1 0.9818 0.0182 
      HRV078  1 0.9878 0.0122 
      HRV0FH  1 0.9894 0.0106 
      HRV0H5  1 0.9858 0.0142 
      HRV0JF  1 0.9788 0.0212 
      HRV0JJ  1 0.9814 0.0186 
      HRV0JM  1 0.9872 0.0128 
      HRV0K6  1 0.9596 0.0404 
      HRV0K7  1 0.9899 0.0101 
      HRV0KP  1 0.9859 0.0141 
      HRV1AX  1 0.9755 0.0245 
      HRV1C4  1 0.9734 0.0266 
      HRV1CH  1 0.9853 0.0147 
      HRV1FA  1 0.9806 0.0194 
      HRV1FK  1 0.9813 0.0187 
      HRV1H8  1 0.9880 0.0120 
      HRV1HT  1 0.9798 0.0202 
      HRV1XU  1 0.9879 0.0121 
      HRV4TF  1 0.9908 0.0092 
      HRV6F0  1 0.9885 0.0115 
      HRVE6L  1 0.9841 0.0159 
       M27HM  1 0.9841 0.0159 
       M27HP  1 0.9916 0.0084 
       M2AK4  1 0.9917 0.0083 
       M2ALA  1 0.9920 0.0080 
       M2C56  1 0.9863 0.0137 
       M2CUX  1 0.9767 0.0233 
       M2E24  1 0.9907 0.0093 
       M2EA7  1 0.9899 0.0101 
       M2EH6  1 0.9899 0.0101 
       M2EKC  1 0.9671 0.0329 
      MSV083  1 0.9881 0.0119 
      MSV084  1 0.9845 0.0155 
      MSV0LJ  1 0.9839 0.0161 
      MSV1H5  1 0.9788 0.0212 
      MSV1KM  1 0.9906 0.0094 
      MSV23F  1 0.9882 0.0118 
      MSV2L8  1 0.9876 0.0124 
      MSV2P7  1 0.9902 0.0098 
      MSV2TJ  1 0.9812 0.0188 
      MSV2XM  1 0.9849 0.0151 
      MSV327  1 0.9891 0.0109 
      MSV33L  1 0.9916 0.0084 
       h0015  2 0.9898 0.0102 
       h0025  2 0.9899 0.0101 
       h0035  2 0.9869 0.0131 
       h0045  2 0.9932 0.0068 
       h0055  2 0.9821 0.0179 
       h0065  2 0.9904 0.0096 
       h0075  2 0.9910 0.0090 
       h0085  2 0.9855 0.0145 
       h0095  2 0.9915 0.0085 
       h0105  2 0.9738 0.0262 
       h0115  2 0.9893 0.0107 
       h0125  2 0.9779 0.0221 
       h0135  2 0.9878 0.0122 
       h0145  2 0.9925 0.0075 
       h0155  2 0.9831 0.0169 
       h0165  2 0.9872 0.0128 
       h0175  2 0.9853 0.0147 
       h0185  2 0.9693 0.0307 
       h0195  2 0.9705 0.0295 
       h0205  2 0.9933 0.0067 
       h0215  2 0.9889 0.0111 
       h0225  2 0.9909 0.0091 
       h0235  2 0.9831 0.0169 
       h0245  2 0.9852 0.0148 
       h0255  2 0.9872 0.0128 
       h0265  2 0.9940 0.0060 
       h0275  2 0.9760 0.0240 
       h0285  2 0.9928 0.0072 
       h0295  2 0.9704 0.0296 
       h0305  2 0.9825 0.0175 
       h0315  2 0.9867 0.0133 
       h0325  2 0.9871 0.0129 
       h0335  2 0.9909 0.0091 
       h0345  2 0.9725 0.0275 
       h0355  2 0.9416 0.0584 
       h0365  2 0.9442 0.0558 
       h0375  2 0.9819 0.0181 
       h0385  2 0.9926 0.0074 
       h0395  2 0.9755 0.0245 
       h0405  2 0.9903 0.0097 
       h0415  2 0.9863 0.0137 
       h0425  2 0.9923 0.0077 
       h0435  2 0.9863 0.0137 
       h0445  2 0.9459 0.0541 
       h0455  2 0.9906 0.0094 
       h0465  2 0.9918 0.0082 
       h0475  2 0.9810 0.0190 
       h0485  2 0.9878 0.0122 
       h0495  2 0.9872 0.0128 
       h0505  2 0.9898 0.0102 
       h0515  2 0.9870 0.0130 
       h0525  2 0.9900 0.0100 
       h0535  2 0.9878 0.0122 
       h0545  2 0.9860 0.0140 
       h0555  2 0.9904 0.0096 
       h0565  2 0.9891 0.0109 
       h0575  2 0.9894 0.0106 
       h0585  2 0.9946 0.0054 
       h0595  2 0.9437 0.0563 
       h0605  2 0.9844 0.0156 
       h0615  2 0.9646 0.0354 
       h0625  2 0.9899 0.0101 
       h0635  2 0.9738 0.0262 
       h0645  2 0.8576 0.1424 
       h0655  2 0.9855 0.0145 
       h0665  2 0.9917 0.0083 
       h0675  2 0.9916 0.0084 
       h0685  2 0.9758 0.0242 
       h0695  2 0.9838 0.0162 
       h0705  2 0.9891 0.0109 
       h0715  2 0.9882 0.0118 
       h0725  2 0.9784 0.0216 
       h0735  2 0.9610 0.0390 
       h0745  2 0.9823 0.0177 
       h0755  2 0.9926 0.0074 
       h0765  2 0.9840 0.0160 
       h0775  2 0.9648 0.0352 
       h0785  2 0.9901 0.0099 
       h0795  2 0.9933 0.0067 
       h0805  2 0.9931 0.0069 
       h0815  2 0.9795 0.0205 
       h0825  2 0.9907 0.0093 
       h0835  2 0.9669 0.0331 
       h0845  2 0.9804 0.0196 
       h0855  2 0.9866 0.0134 
       h0865  2 0.9913 0.0087 
       h0875  2 0.9742 0.0258 
       h0885  2 0.9870 0.0130 
       h0895  2 0.9885 0.0115 
       h0905  2 0.9941 0.0059 
       h0915  2 0.9778 0.0222 
       h0925  2 0.9629 0.0371 
       h0935  2 0.9909 0.0091 
       h0945  2 0.9726 0.0274 
       h0955  2 0.9923 0.0077 
       h0965  2 0.9799 0.0201 
       h0975  2 0.9883 0.0117 
       h0985  2 0.9902 0.0098 
       h0995  2 0.9889 0.0111 
       h1005  2 0.9899 0.0101 
        h101  2 0.9888 0.0112 
        h102  2 0.9885 0.0115 
        h103  2 0.9895 0.0105 
        h104  2 0.9832 0.0168 
        h105  2 0.9848 0.0152 
        h106  2 0.9783 0.0217 
        h107  2 0.9779 0.0221 
        h108  2 0.9921 0.0079 
        h109  2 0.9918 0.0082 
        h110  2 0.9880 0.0120 
        h111  2 0.9885 0.0115 
        h112  2 0.9908 0.0092 
        h113  2 0.9775 0.0225 
        h114  2 0.9891 0.0109 
        h115  2 0.9690 0.0310 
        h116  2 0.9889 0.0111 
        h117  2 0.9799 0.0201 
        h118  2 0.9893 0.0107 
        h119  2 0.9847 0.0153 
        h120  2 0.9866 0.0134 
        h121  2 0.9896 0.0104 
        h122  2 0.9892 0.0108 
        h123  2 0.9928 0.0072 
        h124  2 0.9880 0.0120 
        h125  2 0.9889 0.0111 
        h126  2 0.9824 0.0176 
        h127  2 0.9903 0.0097 
        h128  2 0.9873 0.0127 
        h129  2 0.9474 0.0526 
        h130  2 0.9933 0.0067 
        h131  2 0.9930 0.0070 
        h132  2 0.9859 0.0141 
        h133  2 0.9822 0.0178 
        h134  2 0.9918 0.0082 
        h135  2 0.9897 0.0103 
        h136  2 0.9874 0.0126 
        h137  2 0.9880 0.0120 
        h138  2 0.9896 0.0104 
        h139  2 0.9895 0.0105 
        h140  2 0.9435 0.0565 
        h141  2 0.9899 0.0101 
        h142  2 0.9635 0.0365 
        h143  2 0.9879 0.0121 
        h144  2 0.9894 0.0106 
        h145  2 0.9918 0.0082 
        h146  2 0.9716 0.0284 
        h147  2 0.9805 0.0195 
        h148  2 0.9938 0.0062 
        h149  2 0.9675 0.0325 
        h150  2 0.9892 0.0108 
        h151  2 0.9721 0.0279 
        h152  2 0.9865 0.0135 
        h153  2 0.9768 0.0232 
        h154  2 0.9906 0.0094 
        h155  2 0.9897 0.0103 
        h156  2 0.9932 0.0068 
        h157  2 0.9808 0.0192 
        h158  2 0.9731 0.0269 
        h159  2 0.9895 0.0105 
        h160  2 0.9857 0.0143 
        h161  2 0.9878 0.0122 
        h162  2 0.9900 0.0100 
        h163  2 0.9918 0.0082 
        h164  2 0.9924 0.0076 
        h165  2 0.9854 0.0146 
        h166  2 0.9855 0.0145 
        h167  2 0.9917 0.0083 
        h168  2 0.9869 0.0131 
        h169  2 0.9887 0.0113 
        h170  2 0.9873 0.0127 
        h171  2 0.9833 0.0167 
        h172  2 0.9845 0.0155 
        h173  2 0.9805 0.0195 
        h174  2 0.9819 0.0181 
        h175  2 0.9859 0.0141 
        h176  2 0.9870 0.0130 
        h177  2 0.9891 0.0109 
        h178  2 0.9832 0.0168 
        h179  2 0.9900 0.0100 
        h180  2 0.9919 0.0081 
        h181  2 0.9880 0.0120 
        h182  2 0.9910 0.0090 
        h183  2 0.9938 0.0062 
        h184  2 0.9784 0.0216 
        h185  2 0.9858 0.0142 
        h186  2 0.9921 0.0079 
        h187  2 0.9936 0.0064 
        h188  2 0.9900 0.0100 
        h189  2 0.9865 0.0135 
        h190  2 0.9885 0.0115 
        h191  2 0.9926 0.0074 
        h192  2 0.9879 0.0121 
        h193  2 0.9821 0.0179 
        h194  2 0.9669 0.0331 
        h195  2 0.9747 0.0253 
        h196  2 0.9932 0.0068 
        h197  2 0.9793 0.0207 
        h198  2 0.9904 0.0096 
        h199  2 0.9915 0.0085 
        h200  2 0.9823 0.0177 
        h201  2 0.9809 0.0191 
        h202  2 0.9910 0.0090 
        h203  2 0.9879 0.0121 
        h204  2 0.9800 0.0200 
        h205  2 0.9907 0.0093 
        h206  2 0.9924 0.0076 
        h207  2 0.9891 0.0109 
        h208  2 0.9857 0.0143 
        h209  2 0.9907 0.0093 
        h210  2 0.9905 0.0095 
        h211  2 0.9812 0.0188 
        h212  2 0.9886 0.0114 
        h213  2 0.9894 0.0106 
        h214  2 0.9916 0.0084 
        h215  2 0.9869 0.0131 
        h216  2 0.9834 0.0166 
        h217  2 0.9904 0.0096 
        h218  2 0.9905 0.0095 
        h219  2 0.9906 0.0094 
        h220  2 0.9898 0.0102 
        h221  2 0.9922 0.0078 
        h222  2 0.9889 0.0111 
        h223  2 0.9548 0.0452 
        h224  2 0.9891 0.0109 
        h225  2 0.9887 0.0113 
        h226  2 0.9818 0.0182 
        h227  2 0.9903 0.0097 
        h228  2 0.9741 0.0259 
        h229  2 0.9627 0.0373 
        h230  2 0.9761 0.0239 
        h231  2 0.9826 0.0174 
        h232  2 0.9911 0.0089 
        h233  2 0.9865 0.0135 
        h234  2 0.9791 0.0209 
        h235  2 0.9794 0.0206 
        h236  2 0.9880 0.0120 
        h237  2 0.9853 0.0147 
        h238  2 0.9888 0.0112 
        h239  2 0.9855 0.0145 
        h240  2 0.9855 0.0145 
        h241  2 0.9892 0.0108 
        h242  2 0.9799 0.0201 
        h243  2 0.9462 0.0538 
        h244  2 0.9722 0.0278 
        h245  2 0.9882 0.0118 
        h246  2 0.9901 0.0099 
        h247  2 0.9900 0.0100 
        h248  2 0.9926 0.0074 
        h249  2 0.9558 0.0442 
        h250  2 0.9867 0.0133 
        h251  2 0.9864 0.0136 
        h252  2 0.9660 0.0340 
        h253  2 0.9845 0.0155 
        h254  2 0.9914 0.0086 
        h255  2 0.9420 0.0580 
        h256  2 0.9843 0.0157 
        h257  2 0.9919 0.0081 
        h258  2 0.9908 0.0092 
        h259  2 0.9824 0.0176 
        h260  2 0.9918 0.0082 
        h261  2 0.9848 0.0152 
        h262  2 0.8732 0.1268 
        h263  2 0.9930 0.0070 
        h264  2 0.9713 0.0287 
        h265  2 0.9269 0.0731 
        h266  2 0.9929 0.0071 
        h267  2 0.9928 0.0072 
        h268  2 0.9916 0.0084 
        h269  2 0.9886 0.0114 
        h270  2 0.9918 0.0082 
        h271  2 0.9902 0.0098 
        h272  2 0.9835 0.0165 
        h273  2 0.9922 0.0078 
        h274  2 0.9774 0.0226 
        h275  2 0.9852 0.0148 
        h276  2 0.9923 0.0077 
        h277  2 0.9744 0.0256 
        h278  2 0.9892 0.0108 
        h279  2 0.9809 0.0191 
        h280  2 0.9854 0.0146 
        h281  2 0.9845 0.0155 
        h282  2 0.9836 0.0164 
        h283  2 0.9851 0.0149 
        h284  2 0.9917 0.0083 
        h285  2 0.9799 0.0201 
        h286  2 0.9915 0.0085 
        h287  2 0.9920 0.0080 
        h288  2 0.9851 0.0149 
        h289  2 0.9805 0.0195 
        h290  2 0.9677 0.0323 
        h291  2 0.9717 0.0283 
        h292  2 0.9840 0.0160 
        h293  2 0.9914 0.0086 
        h294  2 0.9885 0.0115 
        h295  2 0.9172 0.0828 
        h296  2 0.9875 0.0125 
        h297  2 0.9902 0.0098 
        h298  2 0.9649 0.0351 
        h299  2 0.9907 0.0093 
        h300  2 0.9903 0.0097 
        h301  2 0.9921 0.0079 
        h302  2 0.9885 0.0115 
        h303  2 0.9907 0.0093 
        h304  2 0.9906 0.0094 
        h305  2 0.9913 0.0087 
        h306  2 0.9874 0.0126 
        h307  2 0.9928 0.0072 
        h308  2 0.9876 0.0124 
        h309  2 0.9781 0.0219 
        h310  2 0.9389 0.0611 
        h311  2 0.9866 0.0134 
        h312  2 0.9915 0.0085 
        h313  2 0.9901 0.0099 
        h314  2 0.9868 0.0132 
        h315  2 0.9823 0.0177 
        h316  2 0.9763 0.0237 
        h317  2 0.9872 0.0128 
        h318  2 0.9890 0.0110 
        h319  2 0.9792 0.0208 
        h320  2 0.9910 0.0090 
        h321  2 0.9871 0.0129 
        h322  2 0.9889 0.0111 
        h323  2 0.9916 0.0084 
        h324  2 0.9927 0.0073 
        h325  2 0.9563 0.0437 
        h326  2 0.9822 0.0178 
        h327  2 0.9889 0.0111 
        h328  2 0.9880 0.0120 
        h329  2 0.9687 0.0313 
        h330  2 0.9909 0.0091 
        h331  2 0.9940 0.0060 
        h332  2 0.9934 0.0066 
        h333  2 0.9881 0.0119 
        h334  2 0.9849 0.0151 
        h335  2 0.9797 0.0203 
        h336  2 0.9879 0.0121 
        h337  2 0.9926 0.0074 
        h338  2 0.9700 0.0300 
        h339  2 0.9760 0.0240 
        h340  2 0.9934 0.0066 
        h341  2 0.9872 0.0128 
        h342  2 0.9894 0.0106 
        h343  2 0.9918 0.0082 
        h344  2 0.9627 0.0373 
        h345  2 0.9926 0.0074 
        h346  2 0.9909 0.0091 
        h347  2 0.9902 0.0098 
        h348  2 0.9916 0.0084 
        h349  2 0.9899 0.0101 
        h350  2 0.9812 0.0188 
        h351  2 0.9825 0.0175 
        h352  2 0.9595 0.0405 
        h353  2 0.9924 0.0076 
        h354  2 0.9930 0.0070 
        h355  2 0.9843 0.0157 
        h356  2 0.9895 0.0105 
        h357  2 0.9937 0.0063 
        h358  2 0.9919 0.0081 
        h359  2 0.9859 0.0141 
        h360  2 0.9811 0.0189 
        h361  2 0.9911 0.0089 
        h362  2 0.9888 0.0112 
        h363  2 0.9935 0.0065 
        h364  2 0.9930 0.0070 
        h365  2 0.9909 0.0091 
        h366  2 0.9922 0.0078 
        h367  2 0.9911 0.0089 
        h368  2 0.9607 0.0393 
        h369  2 0.9774 0.0226 
        h370  2 0.9926 0.0074 
        h371  2 0.9872 0.0128 
        h372  2 0.9842 0.0158 
        h373  2 0.9933 0.0067 
        h374  2 0.9872 0.0128 
        h375  2 0.9917 0.0083 
        h376  2 0.9832 0.0168 
        h377  2 0.9809 0.0191 
        h378  2 0.9791 0.0209 
        h379  2 0.9914 0.0086 
        h380  2 0.9896 0.0104 
        h381  2 0.9924 0.0076 
        h382  2 0.9496 0.0504 
        h383  2 0.9460 0.0540 
        h384  2 0.9902 0.0098 
        h385  2 0.9889 0.0111 
        h386  2 0.9925 0.0075 
        h387  2 0.9884 0.0116 
        h388  2 0.9595 0.0405 
        h389  2 0.9892 0.0108 
        h390  2 0.9909 0.0091 
        h391  2 0.8678 0.1322 
        h392  2 0.9817 0.0183 
        h393  2 0.9701 0.0299 
        h394  2 0.9882 0.0118 
        h395  2 0.9929 0.0071 
        h396  2 0.9868 0.0132 
        h397  2 0.9785 0.0215 
        h398  2 0.9919 0.0081 
        h399  2 0.9869 0.0131 
        h400  2 0.9888 0.0112 
        h001  3 0.9663 0.0337 
        h002  3 0.8137 0.1863 
        h003  3 0.7894 0.2106 
        h004  3 0.8216 0.1784 
        h005  3 0.9691 0.0309 
        h006  3 0.6901 0.3099 
        h007  3 0.9335 0.0665 
        h008  3 0.9870 0.0130 
        h009  3 0.8764 0.1236 
        h010  3 0.9151 0.0849 
        h011  3 0.9799 0.0201 
        h012  3 0.9919 0.0081 
        h013  3 0.8184 0.1816 
        h014  3 0.9799 0.0201 
        h015  3 0.9603 0.0397 
        h016  3 0.9616 0.0384 
        h017  3 0.7368 0.2632 
        h018  3 0.8787 0.1213 
        h019  3 0.9232 0.0768 
        h020  3 0.9539 0.0461 
        h021  3 0.9876 0.0124 
        h022  3 0.9629 0.0371 
        h023  3 0.8891 0.1109 
        h024  3 0.9438 0.0562 
        h025  3 0.9109 0.0891 
        h026  3 0.9516 0.0484 
        h027  3 0.9785 0.0215 
        h028  3 0.8598 0.1402 
        h029  3 0.9855 0.0145 
        h030  3 0.9406 0.0594 
        h031  3 0.9583 0.0417 
        h032  3 0.7018 0.2982 
        h033  3 0.9318 0.0682 
        h034  3 0.8995 0.1005 
        h035  3 0.9533 0.0467 
        h036  3 0.7613 0.2387 
        h037  3 0.9122 0.0878 
        h038  3 0.9131 0.0869 
        h039  3 0.8824 0.1176 
        h040  3 0.7890 0.2110 
        h041  3 0.9307 0.0693 
        h042  3 0.9453 0.0547 
        h043  3 0.8909 0.1091 
        h044  3 0.9743 0.0257 
        h045  3 0.7398 0.2602 
        h046  3 0.9318 0.0682 
        h047  3 0.9923 0.0077 
        h048  3 0.8874 0.1126 
        h049  3 0.8606 0.1394 
        h050  3 0.8922 0.1078 
        h051  3 0.8045 0.1955 
        h052  3 0.8685 0.1315 
        h053  3 0.9650 0.0350 
        h054  3 0.7762 0.2238 
        h055  3 0.7330 0.2670 
        h056  3 0.8160 0.1840 
        h057  3 0.8122 0.1878 
        h058  3 0.9935 0.0065 
        h059  3 0.9759 0.0241 
        h060  3 0.8541 0.1459 
        h061  3 0.7043 0.2957 
        h062  3 0.9658 0.0342 
        h063  3 0.9803 0.0197 
        h064  3 0.9288 0.0712 
        h065  3 0.7314 0.2686 
        h066  3 0.9870 0.0130 
        h067  3 0.9845 0.0155 
        h068  3 0.7966 0.2034 
        h069  3 0.9708 0.0292 
        h070  3 0.9828 0.0172 
        h071  3 0.9899 0.0101 
        h072  3 0.8957 0.1043 
        h073  3 0.9891 0.0109 
        h074  3 0.9883 0.0117 
        h075  3 0.6146 0.3854 
        h076  3 0.9498 0.0502 
        h077  3 0.8373 0.1627 
        h078  3 0.8144 0.1856 
        h079  3 0.9013 0.0987 
        h080  3 0.8889 0.1111 
        h081  3 0.8480 0.1520 
        h082  3 0.9884 0.0116 
        h083  3 0.9774 0.0226 
        h084  3 0.8135 0.1865 
        h085  3 0.9257 0.0743 
        h086  3 0.7628 0.2372 
        h087  3 0.8460 0.1540 
        h088  3 0.5583 0.4417 
        h089  3 0.8883 0.1117 
        h090  3 0.8121 0.1879 
        h091  3 0.7984 0.2016 
        h092  3 0.9703 0.0297 
        h093  3 0.9864 0.0136 
        h094  3 0.9806 0.0194 
        h095  3 0.9243 0.0757 
        h096  3 0.9395 0.0605 
        h097  3 0.9414 0.0586 
        h098  3 0.7858 0.2142 
        h099  3 0.8846 0.1154 
        h100  3 0.9828 0.0172 
       h0011  4 0.8374 0.1626 
       h0021  4 0.6616 0.3384 
       h0031  4 0.6607 0.3393 
       h0041  4 0.8212 0.1788 
       h0051  4 0.5144 0.4856 
       h0061  4 0.6373 0.3627 
       h0071  4 0.6569 0.3431 
       h0081  4 0.9396 0.0604 
       h0091  4 0.7721 0.2279 
       h0101  4 0.7176 0.2824 
       h0111  4 0.8250 0.1750 
       h0121  4 0.6621 0.3379 
       h0131  4 0.5988 0.4012 
       h0141  4 0.7682 0.2318 
       h0151  4 0.8272 0.1728 
       h0161  4 0.6013 0.3987 
       h0171  4 0.8395 0.1605 
       h0181  4 0.8076 0.1924 
       h0191  4 0.8530 0.1470 
       h0201  4 0.7304 0.2696 
       h0211  4 0.9263 0.0737 
       h0221  4 0.6461 0.3539 
       h0231  4 0.8206 0.1794 
       h0241  4 0.6218 0.3782 
       h0251  4 0.7852 0.2148 
       h0261  4 0.8458 0.1542 
       h0271  4 0.7627 0.2373 
       h0281  4 0.8348 0.1652 
       h0291  4 0.5871 0.4129 
       h0301  4 0.8530 0.1470 
       h0311  4 0.7258 0.2742 
       h0321  4 0.8147 0.1853 
       h0331  4 0.4929 0.5071 
       h0341  4 0.7435 0.2565 
       h0351  4 0.6714 0.3286 
       h0361  4 0.8027 0.1973 
       h0371  4 0.9407 0.0593 
       h0381  4 0.9648 0.0352 
       h0391  4 0.7738 0.2262 
       h0401  4 0.9539 0.0461 
       h0411  4 0.8061 0.1939 
       h0421  4 0.7983 0.2017 
       h0431  4 0.8585 0.1415 
       h0441  4 0.5885 0.4115 
       h0451  4 0.9415 0.0585 
       h0461  4 0.5326 0.4674 
       h0471  4 0.8251 0.1749 
       h0481  4 0.7634 0.2366 
       h0491  4 0.8749 0.1251 
       h0501  4 0.8935 0.1065 
       h0511  4 0.5861 0.4139 
       h0521  4 0.5846 0.4154 
       h0531  4 0.7344 0.2656 
       h0541  4 0.7723 0.2277 
       h0551  4 0.9230 0.0770 
       h0561  4 0.9469 0.0531 
       h0571  4 0.9415 0.0585 
       h0581  4 0.9006 0.0994 
       h0591  4 0.6922 0.3078 
       h0601  4 0.7808 0.2192 
       h0611  4 0.5414 0.4586 
       h0621  4 0.5657 0.4343 
       h0631  4 0.8243 0.1757 
       h0641  4 0.4631 0.5369 
       h0651  4 0.9811 0.0189 
       h0661  4 0.7747 0.2253 
       h0671  4 0.8040 0.1960 
       h0681  4 0.9479 0.0521 
       h0691  4 0.9771 0.0229 
       h0701  4 0.7458 0.2542 
       h0711  4 0.6411 0.3589 
       h0721  4 0.7164 0.2836 
       h0731  4 0.7880 0.2120 
       h0741  4 0.9199 0.0801 
       h0751  4 0.9140 0.0860 
       h0761  4 0.6130 0.3870 
       h0771  4 0.6573 0.3427 
       h0781  4 0.6127 0.3873 
       h0791  4 0.6930 0.3070 
       h0801  4 0.8942 0.1058 
       h0811  4 0.7954 0.2046 
       h0821  4 0.8382 0.1618 
       h0831  4 0.9262 0.0738 
       h0841  4 0.9328 0.0672 
       h0851  4 0.5570 0.4430 
       h0861  4 0.4967 0.5033 
       h0871  4 0.7739 0.2261 
       h0881  4 0.7964 0.2036 
       h0891  4 0.9719 0.0281 
       h0901  4 0.6899 0.3101 
       h0911  4 0.8439 0.1561 
       h0921  4 0.9599 0.0401 
       h0931  4 0.6886 0.3114 
       h0941  4 0.8536 0.1464 
       h0951  4 0.5491 0.4509 
       h0961  4 0.7331 0.2669 
       h0971  4 0.7111 0.2889 
       h0981  4 0.8899 0.1101 
       h0991  4 0.6291 0.3709 
       h1001  4 0.7033 0.2967 
      MSV1TX  5 0.6013 0.3987 
      MSV025  5 0.3767 0.6233 
      MSV02C  5 0.5040 0.4960 
      MSV02E  5 0.4284 0.5716 
      MSV0TF  5 0.4227 0.5773 
       M2EL8  5 0.3134 0.6866 
       h0012  6 0.6438 0.3562 
       h0022  6 0.5476 0.4524 
       h0032  6 0.5046 0.4954 
       h0042  6 0.4653 0.5347 
       h0052  6 0.4242 0.5758 
       h0062  6 0.4968 0.5032 
       h0072  6 0.5631 0.4369 
       h0082  6 0.5275 0.4725 
       h0092  6 0.4365 0.5635 
       h0102  6 0.8135 0.1865 
       h0112  6 0.5859 0.4141 
       h0122  6 0.5437 0.4563 
       h0132  6 0.4305 0.5695 
       h0142  6 0.3849 0.6151 
       h0152  6 0.4710 0.5290 
       h0162  6 0.5639 0.4361 
       h0172  6 0.4336 0.5664 
       h0182  6 0.4288 0.5712 
       h0192  6 0.6530 0.3470 
       h0202  6 0.5557 0.4443 
       h0212  6 0.4954 0.5046 
       h0222  6 0.5655 0.4345 
       h0232  6 0.4206 0.5794 
       h0242  6 0.5171 0.4829 
       h0252  6 0.4602 0.5398 
       h0262  6 0.4361 0.5639 
       h0272  6 0.5195 0.4805 
       h0282  6 0.5142 0.4858 
       h0292  6 0.5198 0.4802 
       h0302  6 0.3029 0.6971 
       h0312  6 0.4995 0.5005 
       h0322  6 0.3305 0.6695 
       h0332  6 0.4162 0.5838 
       h0342  6 0.5032 0.4968 
       h0352  6 0.5492 0.4508 
       h0362  6 0.4730 0.5270 
       h0372  6 0.5429 0.4571 
       h0382  6 0.5269 0.4731 
       h0392  6 0.5156 0.4844 
       h0402  6 0.3465 0.6535 
       h0412  6 0.5105 0.4895 
       h0422  6 0.4151 0.5849 
       h0432  6 0.5725 0.4275 
       h0442  6 0.5036 0.4964 
       h0452  6 0.5863 0.4137 
       h0462  6 0.7339 0.2661 
       h0472  6 0.4859 0.5141 
       h0482  6 0.5103 0.4897 
       h0492  6 0.5420 0.4580 
       h0502  6 0.5908 0.4092 
       h0512  6 0.4784 0.5216 
       h0522  6 0.5190 0.4810 
       h0532  6 0.4471 0.5529 
       h0542  6 0.3940 0.6060 
       h0552  6 0.4561 0.5439 
       h0562  6 0.5736 0.4264 
       h0572  6 0.5853 0.4147 
       h0582  6 0.3888 0.6112 
       h0592  6 0.5414 0.4586 
       h0602  6 0.4479 0.5521 
       h0612  6 0.4049 0.5951 
       h0622  6 0.4375 0.5625 
       h0632  6 0.4858 0.5142 
       h0642  6 0.5158 0.4842 
       h0652  6 0.4278 0.5722 
       h0662  6 0.7330 0.2670 
       h0672  6 0.5167 0.4833 
       h0682  6 0.4556 0.5444 
       h0692  6 0.5485 0.4515 
       h0702  6 0.4091 0.5909 
       h0712  6 0.5264 0.4736 
       h0722  6 0.5137 0.4863 
       h0732  6 0.5913 0.4087 
       h0742  6 0.4311 0.5689 
       h0752  6 0.5268 0.4732 
       h0762  6 0.2704 0.7296 
       h0772  6 0.5120 0.4880 
       h0782  6 0.4168 0.5832 
       h0792  6 0.4803 0.5197 
       h0802  6 0.4600 0.5400 
       h0812  6 0.5295 0.4705 
       h0822  6 0.6011 0.3989 
       h0832  6 0.4907 0.5093 
       h0842  6 0.5063 0.4937 
       h0852  6 0.5148 0.4852 
       h0862  6 0.4861 0.5139 
       h0872  6 0.4814 0.5186 
       h0882  6 0.5105 0.4895 
       h0892  6 0.6897 0.3103 
       h0902  6 0.4306 0.5694 
       h0912  6 0.5958 0.4042 
       h0922  6 0.5395 0.4605 
       h0932  6 0.5399 0.4601 
       h0942  6 0.4455 0.5545 
       h0952  6 0.5504 0.4496 
       h0962  6 0.5197 0.4803 
       h0972  6 0.5150 0.4850 
       h0982  6 0.4443 0.5557 
       h0992  6 0.5098 0.4902 
       h1002  6 0.4403 0.5597 
      MSV21T  7 0.1147 0.8853 
       M2E71  7 0.2264 0.7736 
       h0013  8 0.2246 0.7754 
       h0023  8 0.2217 0.7783 
       h0033  8 0.3325 0.6675 
       h0043  8 0.3505 0.6495 
       h0053  8 0.2310 0.7690 
       h0063  8 0.1390 0.8610 
       h0073  8 0.3205 0.6795 
       h0083  8 0.1547 0.8453 
       h0093  8 0.2166 0.7834 
       h0103  8 0.2335 0.7665 
       h0113  8 0.2691 0.7309 
       h0123  8 0.2100 0.7900 
       h0133  8 0.2070 0.7930 
       h0143  8 0.0134 0.9866 
       h0153  8 0.2135 0.7865 
       h0163  8 0.0575 0.9425 
       h0173  8 0.3009 0.6991 
       h0183  8 0.1478 0.8522 
       h0193  8 0.4135 0.5865 
       h0203  8 0.2524 0.7476 
       h0213  8 0.1237 0.8763 
       h0223  8 0.3387 0.6613 
       h0233  8 0.3055 0.6945 
       h0243  8 0.0658 0.9342 
       h0253  8 0.2140 0.7860 
       h0263  8 0.1995 0.8005 
       h0273  8 0.1813 0.8187 
       h0283  8 0.4003 0.5997 
       h0293  8 0.1129 0.8871 
       h0303  8 0.2478 0.7522 
       h0313  8 0.4261 0.5739 
       h0323  8 0.2572 0.7428 
       h0333  8 0.1165 0.8835 
       h0343  8 0.2366 0.7634 
       h0353  8 0.1535 0.8465 
       h0363  8 0.2843 0.7157 
       h0373  8 0.0235 0.9765 
       h0383  8 0.3179 0.6821 
       h0393  8 0.2630 0.7370 
       h0403  8 0.2198 0.7802 
       h0413  8 0.1167 0.8833 
       h0423  8 0.1382 0.8618 
       h0433  8 0.2381 0.7619 
       h0443  8 0.2211 0.7789 
       h0453  8 0.2747 0.7253 
       h0463  8 0.2343 0.7657 
       h0473  8 0.1387 0.8613 
       h0483  8 0.2401 0.7599 
       h0493  8 0.1517 0.8483 
       h0503  8 0.0897 0.9103 
       h0513  8 0.5053 0.4947 
       h0523  8 0.2550 0.7450 
       h0533  8 0.4055 0.5945 
       h0543  8 0.3585 0.6415 
       h0553  8 0.2495 0.7505 
       h0563  8 0.1198 0.8802 
       h0573  8 0.1874 0.8126 
       h0583  8 0.3428 0.6572 
       h0593  8 0.2625 0.7375 
       h0603  8 0.3926 0.6074 
       h0613  8 0.2964 0.7036 
       h0623  8 0.1785 0.8215 
       h0633  8 0.1373 0.8627 
       h0643  8 0.2081 0.7919 
       h0653  8 0.0535 0.9465 
       h0663  8 0.3359 0.6641 
       h0673  8 0.1600 0.8400 
       h0683  8 0.0083 0.9917 
       h0693  8 0.2071 0.7929 
       h0703  8 0.3104 0.6896 
       h0713  8 0.3649 0.6351 
       h0723  8 0.3110 0.6890 
       h0733  8 0.4082 0.5918 
       h0743  8 0.3804 0.6196 
       h0753  8 0.2490 0.7510 
       h0763  8 0.1812 0.8188 
       h0773  8 0.3701 0.6299 
       h0783  8 0.1150 0.8850 
       h0793  8 0.2391 0.7609 
       h0803  8 0.0317 0.9683 
       h0813  8 0.1671 0.8329 
       h0823  8 0.0266 0.9734 
       h0833  8 0.1889 0.8111 
       h0843  8 0.1981 0.8019 
       h0853  8 0.1783 0.8217 
       h0863  8 0.2222 0.7778 
       h0873  8 0.3285 0.6715 
       h0883  8 0.1719 0.8281 
       h0893  8 0.1959 0.8041 
       h0903  8 0.1855 0.8145 
       h0913  8 0.2367 0.7633 
       h0923  8 0.0148 0.9852 
       h0933  8 0.2826 0.7174 
       h0943  8 0.2528 0.7472 
       h0953  8 0.1589 0.8411 
       h0963  8 0.2427 0.7573 
       h0973  8 0.1637 0.8363 
       h0983  8 0.2544 0.7456 
       h0993  8 0.1873 0.8127 
       h1003  8 0.2981 0.7019 
       W23CA  9 0.0636 0.9364 
     AP.085Y  9 0.0162 0.9838 
     CH.0LLY  9 0.3979 0.6021 
       M0LEC  9 0.0095 0.9905 
       M2C3H  9 0.2086 0.7914 
       M2CHL  9 0.4384 0.5616 
       W26P7  9 0.0708 0.9292 
     AP.07M5  9 0.0973 0.9027 
     AP.080U  9 0.0448 0.9552 
     AP.082A  9 0.0090 0.9910 
     AP.0843  9 0.0484 0.9516 
     AP.0844  9 0.1629 0.8371 
     AP.084X  9 0.0225 0.9775 
     AP.086Y  9 0.1267 0.8733 
     AP.0870  9 0.0962 0.9038 
     AP.0878  9 0.1586 0.8414 
     AP.087F  9 0.1976 0.8024 
     AP.087Y  9 0.3947 0.6053 
     AP.088P  9 0.0219 0.9781 
     AP.08AK  9 0.0302 0.9698 
     CH.0LLM  9 0.1146 0.8854 
     CH.0LLU  9 0.2227 0.7773 
     CH.0LM0  9 0.0660 0.9340 
     CH.0LM3  9 0.0358 0.9642 
       W26MY  9 0.2033 0.7967 
       W26P6  9 0.0886 0.9114 
      HRV07U  9 0.0412 0.9588 
      HRV1CT  9 0.0114 0.9886 
      HRV1CU  9 0.0077 0.9923 
      HRV1E6  9 0.0067 0.9933 
      HRV081  9 0.0065 0.9935 
      HRV1E3  9 0.0248 0.9752 
      MSV21E  9 0.1656 0.8344 
      MSV216  9 0.0992 0.9008 
       M0TYK  9 0.0504 0.9496 
      MSV2AA  9 0.0840 0.9160 
     CK.0PET  9 0.2361 0.7639 
       M2E8C  9 0.0138 0.9862 
      MSV23X  9 0.1769 0.8231 
      MSV32A  9 0.1727 0.8273 
     AP.0838  9 0.0237 0.9763 
     AP.088F  9 0.1009 0.8991 
       h0014 10 0.0458 0.9542 
       h0024 10 0.0349 0.9651 
       h0034 10 0.1936 0.8064 
       h0044 10 0.0259 0.9741 
       h0054 10 0.0396 0.9604 
       h0064 10 0.2468 0.7532 
       h0074 10 0.1098 0.8902 
       h0084 10 0.0478 0.9522 
       h0094 10 0.0121 0.9879 
       h0104 10 0.0205 0.9795 
       h0114 10 0.1384 0.8616 
       h0124 10 0.0576 0.9424 
       h0134 10 0.1732 0.8268 
       h0144 10 0.1195 0.8805 
       h0154 10 0.0120 0.9880 
       h0164 10 0.0227 0.9773 
       h0174 10 0.0366 0.9634 
       h0184 10 0.2496 0.7504 
       h0194 10 0.0108 0.9892 
       h0204 10 0.2977 0.7023 
       h0214 10 0.0237 0.9763 
       h0224 10 0.0179 0.9821 
       h0234 10 0.2357 0.7643 
       h0244 10 0.1175 0.8825 
       h0254 10 0.2222 0.7778 
       h0264 10 0.1255 0.8745 
       h0274 10 0.0132 0.9868 
       h0284 10 0.0719 0.9281 
       h0294 10 0.2285 0.7715 
       h0304 10 0.0846 0.9154 
       h0314 10 0.1137 0.8863 
       h0324 10 0.1988 0.8012 
       h0334 10 0.0147 0.9853 
       h0344 10 0.0157 0.9843 
       h0354 10 0.2666 0.7334 
       h0364 10 0.2909 0.7091 
       h0374 10 0.1512 0.8488 
       h0384 10 0.0562 0.9438 
       h0394 10 0.2314 0.7686 
       h0404 10 0.0977 0.9023 
       h0414 10 0.0212 0.9788 
       h0424 10 0.0129 0.9871 
       h0434 10 0.2312 0.7688 
       h0444 10 0.0671 0.9329 
       h0454 10 0.0810 0.9190 
       h0464 10 0.1636 0.8364 
       h0474 10 0.1467 0.8533 
       h0484 10 0.1081 0.8919 
       h0494 10 0.0217 0.9783 
       h0504 10 0.1588 0.8412 
       h0514 10 0.0140 0.9860 
       h0524 10 0.2977 0.7023 
       h0534 10 0.1411 0.8589 
       h0544 10 0.0699 0.9301 
       h0554 10 0.0722 0.9278 
       h0564 10 0.1065 0.8935 
       h0574 10 0.0495 0.9505 
       h0584 10 0.0352 0.9648 
       h0594 10 0.0301 0.9699 
       h0604 10 0.0930 0.9070 
       h0614 10 0.2241 0.7759 
       h0624 10 0.1119 0.8881 
       h0634 10 0.1224 0.8776 
       h0644 10 0.0943 0.9057 
       h0654 10 0.0932 0.9068 
       h0664 10 0.0126 0.9874 
       h0674 10 0.0089 0.9911 
       h0684 10 0.0123 0.9877 
       h0694 10 0.0468 0.9532 
       h0704 10 0.1801 0.8199 
       h0714 10 0.0621 0.9379 
       h0724 10 0.0068 0.9932 
       h0734 10 0.0213 0.9787 
       h0744 10 0.0363 0.9637 
       h0754 10 0.2752 0.7248 
       h0764 10 0.1585 0.8415 
       h0774 10 0.1638 0.8362 
       h0784 10 0.0143 0.9857 
       h0794 10 0.0340 0.9660 
       h0804 10 0.0311 0.9689 
       h0814 10 0.0688 0.9312 
       h0824 10 0.1135 0.8865 
       h0834 10 0.0765 0.9235 
       h0844 10 0.2151 0.7849 
       h0854 10 0.1410 0.8590 
       h0864 10 0.0521 0.9479 
       h0874 10 0.0837 0.9163 
       h0884 10 0.2054 0.7946 
       h0894 10 0.0616 0.9384 
       h0904 10 0.1481 0.8519 
       h0914 10 0.0284 0.9716 
       h0924 10 0.0415 0.9585 
       h0934 10 0.2643 0.7357 
       h0944 10 0.0242 0.9758 
       h0954 10 0.0753 0.9247 
       h0964 10 0.0501 0.9499 
       h0974 10 0.0252 0.9748 
       h0984 10 0.0453 0.9547 
       h0994 10 0.1474 0.8526 
       h1004 10 0.1069 0.8931 
     AP.07M2 11 0.0423 0.9577 
      HRV05C 11 0.0165 0.9835 
      HRV077 11 0.0147 0.9853 
      HRV0A0 11 0.0067 0.9933 
      HRV0MC 11 0.0094 0.9906 
      HRV00P 11 0.0068 0.9932 
      HRV01J 11 0.0092 0.9908 
      HRV026 11 0.0103 0.9897 
      HRV02C 11 0.0063 0.9937 
      HRV031 11 0.0070 0.9930 
      HRV033 11 0.0070 0.9930 
      HRV05L 11 0.0068 0.9932 
      HRV06A 11 0.0082 0.9918 
      HRV07P 11 0.0066 0.9934 
      HRV0HC 11 0.0321 0.9679 
      HRV0HU 11 0.0180 0.9820 
      HRV0K1 11 0.0075 0.9925 
      HRV0M6 11 0.0359 0.9641 
      HRV0M7 11 0.0109 0.9891 
      HRV0MK 11 0.0065 0.9935 
      HRV1C7 11 0.0085 0.9915 
      HRV1EA 11 0.0131 0.9869 
       M147K 11 0.0057 0.9943 
      HRV008 11 0.0078 0.9922 
      HRV015 11 0.0121 0.9879 
      HRV01F 11 0.0253 0.9747 
      HRV01L 11 0.0076 0.9924 
      HRV01M 11 0.0090 0.9910 
      HRV020 11 0.0138 0.9862 
      HRV022 11 0.0235 0.9765 
      HRV02A 11 0.0188 0.9812 
      HRV02K 11 0.0239 0.9761 
      HRV04C 11 0.0078 0.9922 
      HRV05H 11 0.0154 0.9846 
      HRV076 11 0.0187 0.9813 
      HRV07H 11 0.0059 0.9941 
      HRV07X 11 0.0170 0.9830 
      HRV080 11 0.0071 0.9929 
      HRV086 11 0.0102 0.9898 
      HRV0H3 11 0.0102 0.9898 
      HRV0J3 11 0.0115 0.9885 
      HRV0JX 11 0.0180 0.9820 
      HRV0ML 11 0.0065 0.9935 
      HRV1E8 11 0.0088 0.9912 
      HRV007 11 0.0136 0.9864 
      HRV005 11 0.0136 0.9864 
      HRV05U 11 0.0074 0.9926 
      HRV01U 11 0.0084 0.9916 
     AP.07M1 11 0.0080 0.9920 
     AP.07ME 11 0.0105 0.9895 
     AP.0817 11 0.0097 0.9903 
     AP.0863 11 0.0233 0.9767 
     AP.087T 11 0.0382 0.9618 
     AP.088T 11 0.0063 0.9937 
     CH.0LM1 11 0.0109 0.9891 
       M05X5 11 0.0645 0.9355 
       M06JH 11 0.0410 0.9590 
       M0A6K 11 0.0109 0.9891 
       M0ETF 11 0.0076 0.9924 
       M0LUP 11 0.0130 0.9870 
       M16F1 11 0.0096 0.9904 
       M182M 11 0.0115 0.9885 
       M1CFL 11 0.0090 0.9910 
       M2AXY 11 0.0102 0.9898 
       M2AY2 11 0.0378 0.9622 
       M2CHP 11 0.0397 0.9603 
       W26LK 11 0.0083 0.9917 
       W26ME 11 0.0162 0.9838 
     AM.07FM 11 0.0059 0.9941 
     AM.07FP 11 0.0086 0.9914 
     AP.07M4 11 0.0061 0.9939 
     AP.07M7 11 0.0057 0.9943 
     AP.07M8 11 0.0124 0.9876 
     AP.07MA 11 0.0172 0.9828 
     AP.07MC 11 0.0072 0.9928 
     AP.07P8 11 0.0472 0.9528 
     AP.07U8 11 0.0119 0.9881 
     AP.081F 11 0.0114 0.9886 
     AP.081H 11 0.2917 0.7083 
     AP.0820 11 0.0258 0.9742 
     AP.0841 11 0.0478 0.9522 
     AP.0858 11 0.0134 0.9866 
     AP.085U 11 0.0347 0.9653 
     AP.085X 11 0.0078 0.9922 
     AP.0861 11 0.0098 0.9902 
     AP.0864 11 0.0064 0.9936 
     AP.086X 11 0.0074 0.9926 
     AP.0872 11 0.0076 0.9924 
     AP.0875 11 0.0750 0.9250 
     AP.087A 11 0.0081 0.9919 
     AP.087C 11 0.0144 0.9856 
     AP.087E 11 0.0076 0.9924 
     AP.087H 11 0.0072 0.9928 
     AP.087K 11 0.0136 0.9864 
     AP.087L 11 0.0084 0.9916 
     AP.087M 11 0.0100 0.9900 
     AP.087P 11 0.0106 0.9894 
     AP.087U 11 0.0410 0.9590 
     AP.087X 11 0.0250 0.9750 
     AP.0881 11 0.0151 0.9849 
     AP.0882 11 0.0096 0.9904 
     AP.0883 11 0.0263 0.9737 
     AP.0884 11 0.0075 0.9925 
     AP.0885 11 0.0113 0.9887 
     AP.0887 11 0.0111 0.9889 
     AP.0888 11 0.2988 0.7012 
     AP.088A 11 0.0093 0.9907 
     AP.088C 11 0.0266 0.9734 
     AP.088J 11 0.0151 0.9849 
     AP.088K 11 0.0133 0.9867 
     AP.088L 11 0.0078 0.9922 
     AP.088U 11 0.0079 0.9921 
     AP.088X 11 0.0183 0.9817 
     AP.08A0 11 0.0067 0.9933 
     AP.08A1 11 0.0118 0.9882 
     AP.08A3 11 0.0069 0.9931 
     AP.08A4 11 0.0618 0.9382 
     AP.08A5 11 0.0068 0.9932 
     AP.08A6 11 0.0177 0.9823 
     AP.08A8 11 0.0088 0.9912 
     AP.08AC 11 0.0164 0.9836 
     AP.08AH 11 0.0138 0.9862 
     AP.08AJ 11 0.0149 0.9851 
     AP.08AM 11 0.0088 0.9912 
     AP.08AT 11 0.0078 0.9922 
     AP.08AX 11 0.0076 0.9924 
     CH.0LLP 11 0.0126 0.9874 
     CH.0LM2 11 0.0091 0.9909 
     CH.0LM4 11 0.0070 0.9930 
     CH.0LM5 11 0.0095 0.9905 
       M0102 11 0.0088 0.9912 
       M023A 11 0.0064 0.9936 
       M03MM 11 0.0122 0.9878 
       M04PF 11 0.0074 0.9926 
       M04XH 11 0.0140 0.9860 
       M04XM 11 0.0087 0.9913 
       M0557 11 0.0231 0.9769 
       M055C 11 0.0474 0.9526 
       M05JC 11 0.0083 0.9917 
       M05PH 11 0.0131 0.9869 
       M05X6 11 0.0070 0.9930 
       M07TC 11 0.0159 0.9841 
       M0A66 11 0.0069 0.9931 
       M0EYT 11 0.0076 0.9924 
       M0FF2 11 0.0072 0.9928 
       M0HJ6 11 0.0176 0.9824 
      HRV0JL 11 0.0059 0.9941 
      HRV0JP 11 0.0077 0.9923 
      HRV0KA 11 0.0080 0.9920 
      HRV0LJ 11 0.0205 0.9795 
      HRV0LM 11 0.0102 0.9898 
      HRV0LP 11 0.0285 0.9715 
       M0HJ8 11 0.0078 0.9922 
       M0HM3 11 0.0081 0.9919 
       M0J1X 11 0.0083 0.9917 
       M0L32 11 0.0127 0.9873 
       M0L8F 11 0.0266 0.9734 
       M0LUH 11 0.0079 0.9921 
       M0XPJ 11 0.0083 0.9917 
       M0XTE 11 0.0167 0.9833 
       M157H 11 0.0085 0.9915 
       M16YU 11 0.0061 0.9939 
       M1751 11 0.0093 0.9907 
       M1C2H 11 0.0068 0.9932 
       M1E60 11 0.0064 0.9936 
       M1EKX 11 0.0068 0.9932 
       M1EKY 11 0.0071 0.9929 
       M1EL3 11 0.0159 0.9841 
       M1ELC 11 0.0116 0.9884 
       M1ELE 11 0.0075 0.9925 
       M2AY0 11 0.0182 0.9818 
       M2AY4 11 0.0094 0.9906 
       M2AY5 11 0.0100 0.9900 
       M2AY8 11 0.1255 0.8745 
       M2C3A 11 0.0085 0.9915 
       M2C3F 11 0.0090 0.9910 
      HRV0ME 11 0.0152 0.9848 
       M2CHJ 11 0.0224 0.9776 
       M2CHM 11 0.0400 0.9600 
       M2CHY 11 0.0118 0.9882 
       W23E8 11 0.0079 0.9921 
       W23EM 11 0.0126 0.9874 
       W23EX 11 0.0098 0.9902 
       W23F0 11 0.0121 0.9879 
       W26L5 11 0.0401 0.9599 
       W26LM 11 0.1154 0.8846 
       W26MJ 11 0.1131 0.8869 
       W26ML 11 0.0080 0.9920 
       W26MT 11 0.0068 0.9932 
       W26PE 11 0.1680 0.8320 
       W26PJ 11 0.1122 0.8878 
       W26PT 11 0.0102 0.9898 
       W26PX 11 0.0281 0.9719 
       W26T0 11 0.0123 0.9877 
       W26TC 11 0.0060 0.9940 
       W26TJ 11 0.0634 0.9366 
       W26UE 11 0.0110 0.9890 
       W26UF 11 0.0075 0.9925 
       W26UL 11 0.0313 0.9687 
       W26X2 11 0.0116 0.9884 
       W2716 11 0.0412 0.9588 
      HRV1C6 11 0.0067 0.9933 
      HRV1CX 11 0.0177 0.9823 
      HRV1E2 11 0.0067 0.9933 
      HRV1E4 11 0.0062 0.9938 
      HRV1E5 11 0.0063 0.9937 
      HRV1EC 11 0.0094 0.9906 
      HRV1EK 11 0.0254 0.9746 
      HRV001 11 0.0087 0.9913 
      HRV00H 11 0.0089 0.9911 
      HRV00K 11 0.0096 0.9904 
      HRV01X 11 0.0091 0.9909 
      HRV025 11 0.0162 0.9838 
      HRV028 11 0.0091 0.9909 
      HRV041 11 0.0077 0.9923 
      HRV04F 11 0.0077 0.9923 
      HRV04L 11 0.0067 0.9933 
      HRV055 11 0.0063 0.9937 
      HRV05J 11 0.0072 0.9928 
      HRV07J 11 0.0069 0.9931 
      HRV07K 11 0.0170 0.9830 
      HRV07L 11 0.0294 0.9706 
      HRV07M 11 0.0072 0.9928 
      HRV0HM 11 0.0545 0.9455 
      HRV0J2 11 0.0070 0.9930 
      HRV0K3 11 0.0079 0.9921 
      HRV0KE 11 0.0075 0.9925 
      HRV0KF 11 0.0158 0.9842 
      HRV0KU 11 0.0259 0.9741 
      HRV0L6 11 0.0068 0.9932 
      HRV0M2 11 0.0148 0.9852 
      HRV0MF 11 0.0080 0.9920 
      HRV0MJ 11 0.0245 0.9755 
      HRV1AT 11 0.0085 0.9915 
      HRV1C1 11 0.0088 0.9912 
      HRV1CL 11 0.0113 0.9887 
      HRV1E1 11 0.0098 0.9902 
      HRV1E7 11 0.0076 0.9924 
      HRV1EE 11 0.0068 0.9932 
      HRV1ET 11 0.0068 0.9932 
      h00111 12 0.0085 0.9915 
      h00211 12 0.0391 0.9609 
      h00311 12 0.0218 0.9782 
      h00411 12 0.0091 0.9909 
      h00511 12 0.0084 0.9916 
      h00611 12 0.0175 0.9825 
      h00711 12 0.0089 0.9911 
      h00811 12 0.0084 0.9916 
      h00911 12 0.0095 0.9905 
      h01011 12 0.0219 0.9781 
      h01111 12 0.0070 0.9930 
      h01211 12 0.0087 0.9913 
      h01311 12 0.0187 0.9813 
      h01411 12 0.0091 0.9909 
      h01511 12 0.0131 0.9869 
      h01611 12 0.0179 0.9821 
      h01711 12 0.0101 0.9899 
      h01811 12 0.0089 0.9911 
      h01911 12 0.0176 0.9824 
      h02011 12 0.0067 0.9933 
      h02111 12 0.0382 0.9618 
      h02211 12 0.0121 0.9879 
      h02311 12 0.0155 0.9845 
      h02411 12 0.0102 0.9898 
      h02511 12 0.0109 0.9891 
      h02611 12 0.0062 0.9938 
      h02711 12 0.0150 0.9850 
      h02811 12 0.0081 0.9919 
      h02911 12 0.0115 0.9885 
      h03011 12 0.0079 0.9921 
      h03111 12 0.0121 0.9879 
      h03211 12 0.0111 0.9889 
      h03311 12 0.0098 0.9902 
      h03411 12 0.0087 0.9913 
      h03511 12 0.0075 0.9925 
      h03611 12 0.0129 0.9871 
      h03711 12 0.0097 0.9903 
      h03811 12 0.0116 0.9884 
      h03911 12 0.0154 0.9846 
      h04011 12 0.0079 0.9921 
      h04111 12 0.0127 0.9873 
      h04211 12 0.0093 0.9907 
      h04311 12 0.0102 0.9898 
      h04411 12 0.0140 0.9860 
      h04511 12 0.0202 0.9798 
      h04611 12 0.0072 0.9928 
      h04711 12 0.0082 0.9918 
      h04811 12 0.0098 0.9902 
      h04911 12 0.0751 0.9249 
      h05011 12 0.0168 0.9832 
      h05111 12 0.0062 0.9938 
      h05211 12 0.0075 0.9925 
      h05311 12 0.0073 0.9927 
      h05411 12 0.0095 0.9905 
      h05511 12 0.0168 0.9832 
      h05611 12 0.0092 0.9908 
      h05711 12 0.0173 0.9827 
      h05811 12 0.0112 0.9888 
      h05911 12 0.0067 0.9933 
      h06011 12 0.0090 0.9910 
      h06111 12 0.0108 0.9892 
      h06211 12 0.0236 0.9764 
      h06311 12 0.0071 0.9929 
      h06411 12 0.0070 0.9930 
      h06511 12 0.0081 0.9919 
      h06611 12 0.0080 0.9920 
      h06711 12 0.0082 0.9918 
      h06811 12 0.0146 0.9854 
      h06911 12 0.0088 0.9912 
      h07011 12 0.0086 0.9914 
      h07111 12 0.0113 0.9887 
      h07211 12 0.0172 0.9828 
      h07311 12 0.0150 0.9850 
      h07411 12 0.0127 0.9873 
      h07511 12 0.0069 0.9931 
      h07611 12 0.0175 0.9825 
      h07711 12 0.0177 0.9823 
      h07811 12 0.0066 0.9934 
      h07911 12 0.0091 0.9909 
      h08011 12 0.0276 0.9724 
      h08111 12 0.0089 0.9911 
      h08211 12 0.0094 0.9906 
      h08311 12 0.0099 0.9901 
      h08411 12 0.0096 0.9904 
      h08511 12 0.0081 0.9919 
      h08611 12 0.0113 0.9887 
      h08711 12 0.0066 0.9934 
      h08811 12 0.0152 0.9848 
      h08911 12 0.0072 0.9928 
      h09011 12 0.0232 0.9768 
      h09111 12 0.0109 0.9891 
      h09211 12 0.0070 0.9930 
      h09311 12 0.0113 0.9887 
      h09411 12 0.0128 0.9872 
      h09511 12 0.0076 0.9924 
      h09611 12 0.0057 0.9943 
      h09711 12 0.0075 0.9925 
      h09811 12 0.0071 0.9929 
      h09911 12 0.0176 0.9824 
      h10011 12 0.0103 0.9897 
       h1011 12 0.0184 0.9816 
       h1021 12 0.0100 0.9900 
       h1031 12 0.0138 0.9862 
       h1041 12 0.0087 0.9913 
       h1051 12 0.0129 0.9871 
       h1061 12 0.0182 0.9818 
       h1071 12 0.0069 0.9931 
       h1081 12 0.0111 0.9889 
       h1091 12 0.0098 0.9902 
       h1101 12 0.0075 0.9925 
       h1111 12 0.0134 0.9866 
       h1121 12 0.0138 0.9862 
       h1131 12 0.0115 0.9885 
       h1141 12 0.0101 0.9899 
       h1151 12 0.0073 0.9927 
       h1161 12 0.0167 0.9833 
       h1171 12 0.0088 0.9912 
       h1181 12 0.0255 0.9745 
       h1191 12 0.0113 0.9887 
       h1201 12 0.0094 0.9906 
       h1211 12 0.0095 0.9905 
       h1221 12 0.0100 0.9900 
       h1231 12 0.0083 0.9917 
       h1241 12 0.0135 0.9865 
       h1251 12 0.0082 0.9918 
       h1261 12 0.0083 0.9917 
       h1271 12 0.0083 0.9917 
       h1281 12 0.0172 0.9828 
       h1291 12 0.0083 0.9917 
       h1301 12 0.0132 0.9868 
       h1311 12 0.0126 0.9874 
       h1321 12 0.0066 0.9934 
       h1331 12 0.0181 0.9819 
       h1341 12 0.0118 0.9882 
       h1351 12 0.0234 0.9766 
       h1361 12 0.0274 0.9726 
       h1371 12 0.0088 0.9912 
       h1381 12 0.0063 0.9937 
       h1391 12 0.0229 0.9771 
       h1401 12 0.0330 0.9670 
       h1411 12 0.0084 0.9916 
       h1421 12 0.0082 0.9918 
       h1431 12 0.0070 0.9930 
       h1441 12 0.0069 0.9931 
       h1451 12 0.0072 0.9928 
       h1461 12 0.0131 0.9869 
       h1471 12 0.0107 0.9893 
       h1481 12 0.0121 0.9879 
       h1491 12 0.0082 0.9918 
       h1501 12 0.0089 0.9911 
       h1511 12 0.0128 0.9872 
       h1521 12 0.0071 0.9929 
       h1531 12 0.0678 0.9322 
       h1541 12 0.0111 0.9889 
       h1551 12 0.0205 0.9795 
       h1561 12 0.0069 0.9931 
       h1571 12 0.0141 0.9859 
       h1581 12 0.0977 0.9023 
       h1591 12 0.0085 0.9915 
       h1601 12 0.0248 0.9752 
       h1611 12 0.1276 0.8724 
       h1621 12 0.0168 0.9832 
       h1631 12 0.0096 0.9904 
       h1641 12 0.0077 0.9923 
       h1651 12 0.0131 0.9869 
       h1661 12 0.0194 0.9806 
       h1671 12 0.0075 0.9925 
       h1681 12 0.0459 0.9541 
       h1691 12 0.0235 0.9765 
       h1701 12 0.0103 0.9897 
       h1711 12 0.0077 0.9923 
       h1721 12 0.0106 0.9894 
       h1731 12 0.0058 0.9942 
       h1741 12 0.0099 0.9901 
       h1751 12 0.0076 0.9924 
       h1761 12 0.0095 0.9905 
       h1771 12 0.0085 0.9915 
       h1781 12 0.0156 0.9844 
       h1791 12 0.0114 0.9886 
       h1801 12 0.0117 0.9883 
       h1811 12 0.0083 0.9917 
       h1821 12 0.0177 0.9823 
       h1831 12 0.0202 0.9798 
       h1841 12 0.0082 0.9918 
       h1851 12 0.0064 0.9936 
       h1861 12 0.0069 0.9931 
       h1871 12 0.0099 0.9901 
       h1881 12 0.0074 0.9926 
       h1891 12 0.0089 0.9911 
       h1901 12 0.0101 0.9899 
       h1911 12 0.0353 0.9647 
       h1921 12 0.0076 0.9924 
       h1931 12 0.0097 0.9903 
       h1941 12 0.0094 0.9906 
       h1951 12 0.0106 0.9894 
       h1961 12 0.0401 0.9599 
       h1971 12 0.0103 0.9897 
       h1981 12 0.0084 0.9916 
       h1991 12 0.0080 0.9920 
       h2001 12 0.0131 0.9869 
       h2011 12 0.0101 0.9899 
       h2021 12 0.0211 0.9789 
       h2031 12 0.0100 0.9900 
       h2041 12 0.0116 0.9884 
       h2051 12 0.0428 0.9572 
       h2061 12 0.0166 0.9834 
       h2071 12 0.0092 0.9908 
       h2081 12 0.0236 0.9764 
       h2091 12 0.0066 0.9934 
       h2101 12 0.0173 0.9827 
       h2111 12 0.0092 0.9908 
       h2121 12 0.0208 0.9792 
       h2131 12 0.0117 0.9883 
       h2141 12 0.0140 0.9860 
       h2151 12 0.0195 0.9805 
       h2161 12 0.0064 0.9936 
       h2171 12 0.0106 0.9894 
       h2181 12 0.0061 0.9939 
       h2191 12 0.0452 0.9548 
       h2201 12 0.0203 0.9797 
       h2211 12 0.0218 0.9782 
       h2221 12 0.0075 0.9925 
       h2231 12 0.0108 0.9892 
       h2241 12 0.0417 0.9583 
       h2251 12 0.0100 0.9900 
       h2261 12 0.0168 0.9832 
       h2271 12 0.0276 0.9724 
       h2281 12 0.0151 0.9849 
       h2291 12 0.0077 0.9923 
       h2301 12 0.0184 0.9816 
       h2311 12 0.0079 0.9921 
       h2321 12 0.0415 0.9585 
       h2331 12 0.0069 0.9931 
       h2341 12 0.0075 0.9925 
       h2351 12 0.0167 0.9833 
       h2361 12 0.0190 0.9810 
       h2371 12 0.0067 0.9933 
       h2381 12 0.0137 0.9863 
       h2391 12 0.0675 0.9325 
       h2401 12 0.0117 0.9883 
       h2411 12 0.0154 0.9846 
       h2421 12 0.0158 0.9842 
       h2431 12 0.0185 0.9815 
       h2441 12 0.0081 0.9919 
       h2451 12 0.0351 0.9649 
       h2461 12 0.0169 0.9831 
       h2471 12 0.0168 0.9832 
       h2481 12 0.0069 0.9931 
       h2491 12 0.0158 0.9842 
       h2501 12 0.0081 0.9919 
       h2511 12 0.0361 0.9639 
       h2521 12 0.0098 0.9902 
       h2531 12 0.0069 0.9931 
       h2541 12 0.0317 0.9683 
       h2551 12 0.0086 0.9914 
       h2561 12 0.0082 0.9918 
       h2571 12 0.0064 0.9936 
       h2581 12 0.0088 0.9912 
       h2591 12 0.0069 0.9931 
       h2601 12 0.0109 0.9891 
