1:	0.9671 0.0093 0.0066 0.0054 0.0059 0.0057 	100
2:	0.9673 0.0073 0.0068 0.0063 0.0063 0.0060 	200
3:	0.3217 0.0058 0.5989 0.0139 0.0384 0.0212 	6
4:	0.4416 0.0078 0.4922 0.0132 0.0137 0.0315 	100
5:	0.4769 0.0109 0.0201 0.0087 0.0246 0.4588 	100
6:	0.4563 0.0060 0.0112 0.5106 0.0073 0.0087 	100
7:	0.4807 0.4841 0.0094 0.0062 0.0104 0.0092 	100
8:	0.4591 0.0095 0.0102 0.0082 0.4998 0.0131 	100
9:	0.0142 0.0158 0.8508 0.0030 0.0864 0.0298 	2
10:	0.1412 0.0110 0.7863 0.0118 0.0189 0.0308 	100
11:	0.1725 0.0133 0.0158 0.0112 0.0174 0.7698 	100
12:	0.1923 0.0085 0.0153 0.7647 0.0091 0.0100 	100
13:	0.2206 0.7397 0.0087 0.0052 0.0143 0.0115 	100
14:	0.1936 0.0118 0.0174 0.0123 0.7470 0.0179 	100
15:	0.0234 0.0200 0.9067 0.0107 0.0218 0.0175 	42
16:	0.0644 0.0098 0.8734 0.0110 0.0158 0.0256 	100
17:	0.0548 0.0091 0.0186 0.0070 0.0131 0.8974 	100
18:	0.0717 0.0082 0.0121 0.8925 0.0068 0.0087 	100
19:	0.0888 0.8721 0.0098 0.0073 0.0133 0.0087 	100
20:	0.0541 0.0118 0.0146 0.0095 0.8954 0.0147 	100
21:	0.0037 0.0195 0.9034 0.0273 0.0233 0.0229 	105
22:	0.0058 0.0087 0.9276 0.0103 0.0100 0.0377 	240
23:	0.0081 0.0221 0.4382 0.0123 0.0493 0.4701 	68
24:	0.0045 0.0080 0.0219 0.0089 0.0103 0.9464 	31
25:	0.0042 0.0060 0.0234 0.0102 0.0121 0.9440 	125
26:	0.0044 0.0096 0.0127 0.0064 0.0094 0.9576 	53
27:	0.0033 0.0075 0.0093 0.0059 0.0093 0.9647 	125
28:	0.0027 0.0032 0.0037 0.9834 0.0034 0.0035 	28
29:	0.0025 0.0034 0.0034 0.9841 0.0035 0.0031 	300
30:	0.0027 0.9794 0.0032 0.0031 0.0072 0.0043 	27
31:	0.0025 0.9835 0.0029 0.0031 0.0046 0.0034 	300
32:	0.0032 0.0080 0.0068 0.0055 0.9677 0.0087 	40
33:	0.0033 0.0087 0.0070 0.0062 0.9682 0.0066 	300
