

----------------------------------------------------
STRUCTURE by Pritchard, Stephens and Donnelly (2000)
     and Falush, Stephens and Pritchard (2003)
       Code by Pritchard, Falush and Hubisz
             Version 2.3.4 (Jul 2012)
----------------------------------------------------



Command line arguments:   /home/eva.pavlovic/Structure/structure -m parameter_job_4a2_4_1 
Input File:    /home/eva.pavlovic/data_job_4a2_4_1

Run parameters:
   1550 individuals
   20 loci
   2 populations assumed
   300000 Burn-in period
   3000000 Reps


--------------------------------------------
Proportion of membership of each pre-defined
 population in each of the 2 clusters

Given    Inferred Clusters       Number of
 Pop       1      2             Individuals

  1:     0.982  0.018             100
  2:     0.983  0.017             400
  3:     0.890  0.110             100
  4:     0.763  0.237             100
  5:     0.450  0.550               6
  6:     0.505  0.495             100
  7:     0.176  0.824               2
  8:     0.228  0.772             100
  9:     0.117  0.883              42
 10:     0.107  0.893             100
 11:     0.019  0.981             240
 12:     0.014  0.986             260
--------------------------------------------

Allele-freq. divergence among pops (Net nucleotide distance),
computed using point estimates of P.

      1       2      
 1      -    0.0997  
 2   0.0997     -    

Average distances (expected heterozygosity) between individuals in same cluster:
cluster  1  : 0.7895 
cluster  2  : 0.7342 

--------------------------------------------
Estimated Ln Prob of Data   = -115681.6
Mean value of ln likelihood = -115274.1
Variance of ln likelihood   = 815.0
Mean value of alpha         = 0.1416

Mean value of Fst_1         = 0.0393
Mean value of Fst_2         = 0.1801


Inferred ancestry of individuals:
        Label (%Miss) Pop:  Inferred clusters
  1    M1EL5    (5)    1 :  0.986 0.014 
  2    W26T6    (5)    1 :  0.961 0.039 
  3    W26XX    (5)    1 :  0.989 0.011 
  4    M013P    (0)    1 :  0.992 0.008 
  5    M1ELA    (0)    1 :  0.963 0.037 
  6    M2C73    (0)    1 :  0.987 0.013 
  7    W23P4    (0)    1 :  0.881 0.119 
  8    W247C    (5)    1 :  0.991 0.009 
  9    W24K1    (0)    1 :  0.991 0.009 
 10    W24ME    (0)    1 :  0.952 0.048 
 11    W2514    (0)    1 :  0.981 0.019 
 12    W26MA    (0)    1 :  0.980 0.020 
 13    W26MM    (0)    1 :  0.990 0.010 
 14    W26MU    (0)    1 :  0.985 0.015 
 15    W26P0    (0)    1 :  0.985 0.015 
 16    W26P3    (0)    1 :  0.993 0.007 
 17    W26T5    (0)    1 :  0.991 0.009 
 18    W26TE    (0)    1 :  0.971 0.029 
 19    W26TF    (0)    1 :  0.991 0.009 
 20    W26U8    (0)    1 :  0.952 0.048 
 21    W26UJ    (0)    1 :  0.991 0.009 
 22    W26UK    (0)    1 :  0.993 0.007 
 23    W26UT    (0)    1 :  0.993 0.007 
 24    W26XT    (0)    1 :  0.991 0.009 
 25   CC06H2    (0)    1 :  0.959 0.041 
 26   CC06H4    (0)    1 :  0.989 0.011 
 27   CC06H5    (5)    1 :  0.953 0.047 
 28   CC06H6    (0)    1 :  0.984 0.016 
 29   CC06HE    (0)    1 :  0.991 0.009 
 30   CC06HF    (0)    1 :  0.950 0.050 
 31   CC06HH    (0)    1 :  0.991 0.009 
 32   CC06HJ    (0)    1 :  0.984 0.016 
 33   CC06HL    (0)    1 :  0.993 0.007 
 34   CC06HP    (0)    1 :  0.993 0.007 
 35   CC06HT    (0)    1 :  0.966 0.034 
 36   CC06HU    (0)    1 :  0.987 0.013 
 37   CC06HY    (0)    1 :  0.977 0.023 
 38   CC06J0    (0)    1 :  0.987 0.013 
 39   CC06J1    (0)    1 :  0.972 0.028 
 40   CC06J2    (0)    1 :  0.987 0.013 
 41  CT.0YCY    (0)    1 :  0.987 0.013 
 42  CT.0YEC    (0)    1 :  0.993 0.007 
 43  CT.0YEF    (0)    1 :  0.988 0.012 
 44  CT.0YEU    (0)    1 :  0.992 0.008 
 45  CT.0YF2    (5)    1 :  0.982 0.018 
 46  CT.0YF8    (0)    1 :  0.992 0.008 
 47  CT.0YFA    (0)    1 :  0.985 0.015 
 48  CT.0YFE    (0)    1 :  0.984 0.016 
 49  CT.0YFP    (0)    1 :  0.981 0.019 
 50  CT.0YFU    (0)    1 :  0.988 0.012 
 51  CT.0YK7    (0)    1 :  0.981 0.019 
 52  CX.10PT    (0)    1 :  0.964 0.036 
 53   DAM021    (0)    1 :  0.988 0.012 
 54   DAM034    (0)    1 :  0.984 0.016 
 55   DAM07X    (0)    1 :  0.985 0.015 
 56  EF.15J6    (0)    1 :  0.990 0.010 
 57   HRV010   (10)    1 :  0.991 0.009 
 58   HRV02J    (5)    1 :  0.983 0.017 
 59   HRV078    (0)    1 :  0.987 0.013 
 60   HRV0FH    (0)    1 :  0.990 0.010 
 61   HRV0H5    (0)    1 :  0.986 0.014 
 62   HRV0JF    (0)    1 :  0.980 0.020 
 63   HRV0JJ    (0)    1 :  0.981 0.019 
 64   HRV0JM    (0)    1 :  0.987 0.013 
 65   HRV0K6    (0)    1 :  0.964 0.036 
 66   HRV0K7    (0)    1 :  0.991 0.009 
 67   HRV0KP    (5)    1 :  0.986 0.014 
 68   HRV1AX    (0)    1 :  0.967 0.033 
 69   HRV1C4    (0)    1 :  0.980 0.020 
 70   HRV1CH    (0)    1 :  0.986 0.014 
 71   HRV1FA    (5)    1 :  0.983 0.017 
 72   HRV1FK    (0)    1 :  0.980 0.020 
 73   HRV1H8    (5)    1 :  0.987 0.013 
 74   HRV1HT   (10)    1 :  0.979 0.021 
 75   HRV1XU   (10)    1 :  0.987 0.013 
 76   HRV4TF    (0)    1 :  0.991 0.009 
 77   HRV6F0   (10)    1 :  0.988 0.012 
 78   HRVE6L    (0)    1 :  0.985 0.015 
 79    M27HM    (5)    1 :  0.980 0.020 
 80    M27HP    (0)    1 :  0.991 0.009 
 81    M2AK4    (0)    1 :  0.992 0.008 
 82    M2ALA    (0)    1 :  0.992 0.008 
 83    M2C56    (0)    1 :  0.988 0.012 
 84    M2CUX    (0)    1 :  0.980 0.020 
 85    M2E24    (0)    1 :  0.991 0.009 
 86    M2EA7    (5)    1 :  0.990 0.010 
 87    M2EH6    (0)    1 :  0.990 0.010 
 88    M2EKC    (0)    1 :  0.969 0.031 
 89   MSV083    (0)    1 :  0.988 0.012 
 90   MSV084    (0)    1 :  0.981 0.019 
 91   MSV0LJ    (0)    1 :  0.983 0.017 
 92   MSV1H5    (0)    1 :  0.976 0.024 
 93   MSV1KM    (0)    1 :  0.991 0.009 
 94   MSV23F    (5)    1 :  0.988 0.012 
 95   MSV2L8    (0)    1 :  0.986 0.014 
 96   MSV2P7    (5)    1 :  0.990 0.010 
 97   MSV2TJ    (0)    1 :  0.983 0.017 
 98   MSV2XM    (0)    1 :  0.985 0.015 
 99   MSV327    (5)    1 :  0.989 0.011 
100   MSV33L    (5)    1 :  0.992 0.008 
101    h0015    (0)    2 :  0.971 0.029 
102    h0025    (0)    2 :  0.985 0.015 
103    h0035    (0)    2 :  0.955 0.045 
104    h0045    (0)    2 :  0.967 0.033 
105    h0055    (0)    2 :  0.978 0.022 
106    h0065    (0)    2 :  0.993 0.007 
107    h0075    (0)    2 :  0.987 0.013 
108    h0085    (0)    2 :  0.987 0.013 
109    h0095    (0)    2 :  0.982 0.018 
110    h0105    (0)    2 :  0.918 0.082 
111    h0115    (0)    2 :  0.992 0.008 
112    h0125    (0)    2 :  0.978 0.022 
113    h0135    (0)    2 :  0.985 0.015 
114    h0145    (0)    2 :  0.991 0.009 
115    h0155    (0)    2 :  0.992 0.008 
116    h0165    (0)    2 :  0.988 0.012 
117    h0175    (0)    2 :  0.990 0.010 
118    h0185    (0)    2 :  0.991 0.009 
119    h0195    (0)    2 :  0.978 0.022 
120    h0205    (0)    2 :  0.990 0.010 
121    h0215    (0)    2 :  0.991 0.009 
122    h0225    (0)    2 :  0.976 0.024 
123    h0235    (0)    2 :  0.972 0.028 
124    h0245    (0)    2 :  0.988 0.012 
125    h0255    (0)    2 :  0.993 0.007 
126    h0265    (0)    2 :  0.982 0.018 
127    h0275    (0)    2 :  0.987 0.013 
128    h0285    (0)    2 :  0.989 0.011 
129    h0295    (0)    2 :  0.992 0.008 
130    h0305    (0)    2 :  0.993 0.007 
131    h0315    (0)    2 :  0.980 0.020 
132    h0325    (0)    2 :  0.981 0.019 
133    h0335    (0)    2 :  0.988 0.012 
134    h0345    (0)    2 :  0.964 0.036 
135    h0355    (0)    2 :  0.981 0.019 
136    h0365    (0)    2 :  0.991 0.009 
137    h0375    (0)    2 :  0.983 0.017 
138    h0385    (0)    2 :  0.987 0.013 
139    h0395    (0)    2 :  0.989 0.011 
140    h0405    (0)    2 :  0.963 0.037 
141    h0415    (0)    2 :  0.983 0.017 
142    h0425    (0)    2 :  0.989 0.011 
143    h0435    (0)    2 :  0.991 0.009 
144    h0445    (0)    2 :  0.989 0.011 
145    h0455    (0)    2 :  0.990 0.010 
146    h0465    (0)    2 :  0.986 0.014 
147    h0475    (0)    2 :  0.970 0.030 
148    h0485    (0)    2 :  0.983 0.017 
149    h0495    (0)    2 :  0.966 0.034 
150    h0505    (0)    2 :  0.983 0.017 
151    h0515    (0)    2 :  0.988 0.012 
152    h0525    (0)    2 :  0.993 0.007 
153    h0535    (0)    2 :  0.988 0.012 
154    h0545    (0)    2 :  0.974 0.026 
155    h0555    (0)    2 :  0.988 0.012 
156    h0565    (0)    2 :  0.986 0.014 
157    h0575    (0)    2 :  0.970 0.030 
158    h0585    (0)    2 :  0.994 0.006 
159    h0595    (0)    2 :  0.990 0.010 
160    h0605    (0)    2 :  0.988 0.012 
161    h0615    (0)    2 :  0.990 0.010 
162    h0625    (0)    2 :  0.993 0.007 
163    h0635    (0)    2 :  0.991 0.009 
164    h0645    (0)    2 :  0.986 0.014 
165    h0655    (0)    2 :  0.990 0.010 
166    h0665    (0)    2 :  0.988 0.012 
167    h0675    (0)    2 :  0.974 0.026 
168    h0685    (0)    2 :  0.988 0.012 
169    h0695    (0)    2 :  0.967 0.033 
170    h0705    (0)    2 :  0.990 0.010 
171    h0715    (0)    2 :  0.992 0.008 
172    h0725    (0)    2 :  0.988 0.012 
173    h0735    (0)    2 :  0.982 0.018 
174    h0745    (0)    2 :  0.992 0.008 
175    h0755    (0)    2 :  0.987 0.013 
176    h0765    (0)    2 :  0.976 0.024 
177    h0775    (0)    2 :  0.978 0.022 
178    h0785    (0)    2 :  0.991 0.009 
179    h0795    (0)    2 :  0.987 0.013 
180    h0805    (0)    2 :  0.964 0.036 
181    h0815    (0)    2 :  0.989 0.011 
182    h0825    (0)    2 :  0.993 0.007 
183    h0835    (0)    2 :  0.974 0.026 
184    h0845    (0)    2 :  0.981 0.019 
185    h0855    (0)    2 :  0.987 0.013 
186    h0865    (0)    2 :  0.990 0.010 
187    h0875    (0)    2 :  0.987 0.013 
188    h0885    (0)    2 :  0.989 0.011 
189    h0895    (0)    2 :  0.986 0.014 
190    h0905    (0)    2 :  0.992 0.008 
191    h0915    (0)    2 :  0.991 0.009 
192    h0925    (0)    2 :  0.981 0.019 
193    h0935    (0)    2 :  0.865 0.135 
194    h0945    (0)    2 :  0.991 0.009 
195    h0955    (0)    2 :  0.959 0.041 
196    h0965    (0)    2 :  0.991 0.009 
197    h0975    (0)    2 :  0.994 0.006 
198    h0985    (0)    2 :  0.979 0.021 
199    h0995    (0)    2 :  0.987 0.013 
200    h1005    (0)    2 :  0.992 0.008 
201     h101    (0)    2 :  0.977 0.023 
202     h102    (0)    2 :  0.962 0.038 
203     h103    (0)    2 :  0.991 0.009 
204     h104    (0)    2 :  0.994 0.006 
205     h105    (0)    2 :  0.965 0.035 
206     h106    (0)    2 :  0.989 0.011 
207     h107    (0)    2 :  0.990 0.010 
208     h108    (0)    2 :  0.990 0.010 
209     h109    (0)    2 :  0.986 0.014 
210     h110    (0)    2 :  0.990 0.010 
211     h111    (0)    2 :  0.994 0.006 
212     h112    (0)    2 :  0.977 0.023 
213     h113    (0)    2 :  0.980 0.020 
214     h114    (0)    2 :  0.993 0.007 
215     h115    (0)    2 :  0.993 0.007 
216     h116    (0)    2 :  0.982 0.018 
217     h117    (0)    2 :  0.972 0.028 
218     h118    (0)    2 :  0.990 0.010 
219     h119    (0)    2 :  0.985 0.015 
220     h120    (0)    2 :  0.961 0.039 
221     h121    (0)    2 :  0.988 0.012 
222     h122    (0)    2 :  0.992 0.008 
223     h123    (0)    2 :  0.877 0.123 
224     h124    (0)    2 :  0.962 0.038 
225     h125    (0)    2 :  0.991 0.009 
226     h126    (0)    2 :  0.958 0.042 
227     h127    (0)    2 :  0.990 0.010 
228     h128    (0)    2 :  0.992 0.008 
229     h129    (0)    2 :  0.981 0.019 
230     h130    (0)    2 :  0.992 0.008 
231     h131    (0)    2 :  0.991 0.009 
232     h132    (0)    2 :  0.981 0.019 
233     h133    (0)    2 :  0.931 0.069 
234     h134    (0)    2 :  0.984 0.016 
235     h135    (0)    2 :  0.986 0.014 
236     h136    (0)    2 :  0.973 0.027 
237     h137    (0)    2 :  0.991 0.009 
238     h138    (0)    2 :  0.975 0.025 
239     h139    (0)    2 :  0.988 0.012 
240     h140    (0)    2 :  0.988 0.012 
241     h141    (0)    2 :  0.982 0.018 
242     h142    (0)    2 :  0.982 0.018 
243     h143    (0)    2 :  0.990 0.010 
244     h144    (0)    2 :  0.984 0.016 
245     h145    (0)    2 :  0.988 0.012 
246     h146    (0)    2 :  0.988 0.012 
247     h147    (0)    2 :  0.989 0.011 
248     h148    (0)    2 :  0.985 0.015 
249     h149    (0)    2 :  0.994 0.006 
250     h150    (0)    2 :  0.971 0.029 
251     h151    (0)    2 :  0.992 0.008 
252     h152    (0)    2 :  0.985 0.015 
253     h153    (0)    2 :  0.993 0.007 
254     h154    (0)    2 :  0.987 0.013 
255     h155    (0)    2 :  0.991 0.009 
256     h156    (0)    2 :  0.990 0.010 
257     h157    (0)    2 :  0.992 0.008 
258     h158    (0)    2 :  0.970 0.030 
259     h159    (0)    2 :  0.968 0.032 
260     h160    (0)    2 :  0.991 0.009 
261     h161    (0)    2 :  0.990 0.010 
262     h162    (0)    2 :  0.988 0.012 
263     h163    (0)    2 :  0.994 0.006 
264     h164    (0)    2 :  0.974 0.026 
265     h165    (0)    2 :  0.985 0.015 
266     h166    (0)    2 :  0.988 0.012 
267     h167    (0)    2 :  0.968 0.032 
268     h168    (0)    2 :  0.992 0.008 
269     h169    (0)    2 :  0.990 0.010 
270     h170    (0)    2 :  0.985 0.015 
271     h171    (0)    2 :  0.987 0.013 
272     h172    (0)    2 :  0.982 0.018 
273     h173    (0)    2 :  0.991 0.009 
274     h174    (0)    2 :  0.978 0.022 
275     h175    (0)    2 :  0.993 0.007 
276     h176    (0)    2 :  0.987 0.013 
277     h177    (0)    2 :  0.987 0.013 
278     h178    (0)    2 :  0.990 0.010 
279     h179    (0)    2 :  0.986 0.014 
280     h180    (0)    2 :  0.987 0.013 
281     h181    (0)    2 :  0.990 0.010 
282     h182    (0)    2 :  0.981 0.019 
283     h183    (0)    2 :  0.988 0.012 
284     h184    (0)    2 :  0.990 0.010 
285     h185    (0)    2 :  0.989 0.011 
286     h186    (0)    2 :  0.982 0.018 
287     h187    (0)    2 :  0.973 0.027 
288     h188    (0)    2 :  0.936 0.064 
289     h189    (0)    2 :  0.992 0.008 
290     h190    (0)    2 :  0.993 0.007 
291     h191    (0)    2 :  0.979 0.021 
292     h192    (0)    2 :  0.980 0.020 
293     h193    (0)    2 :  0.993 0.007 
294     h194    (0)    2 :  0.980 0.020 
295     h195    (0)    2 :  0.965 0.035 
296     h196    (0)    2 :  0.981 0.019 
297     h197    (0)    2 :  0.940 0.060 
298     h198    (0)    2 :  0.990 0.010 
299     h199    (0)    2 :  0.990 0.010 
300     h200    (0)    2 :  0.993 0.007 
301     h201    (0)    2 :  0.986 0.014 
302     h202    (0)    2 :  0.977 0.023 
303     h203    (0)    2 :  0.988 0.012 
304     h204    (0)    2 :  0.969 0.031 
305     h205    (0)    2 :  0.988 0.012 
306     h206    (0)    2 :  0.985 0.015 
307     h207    (0)    2 :  0.973 0.027 
308     h208    (0)    2 :  0.949 0.051 
309     h209    (0)    2 :  0.994 0.006 
310     h210    (0)    2 :  0.957 0.043 
311     h211    (0)    2 :  0.986 0.014 
312     h212    (0)    2 :  0.983 0.017 
313     h213    (0)    2 :  0.983 0.017 
314     h214    (0)    2 :  0.992 0.008 
315     h215    (0)    2 :  0.989 0.011 
316     h216    (0)    2 :  0.990 0.010 
317     h217    (0)    2 :  0.988 0.012 
318     h218    (0)    2 :  0.991 0.009 
319     h219    (0)    2 :  0.986 0.014 
320     h220    (0)    2 :  0.993 0.007 
321     h221    (0)    2 :  0.990 0.010 
322     h222    (0)    2 :  0.991 0.009 
323     h223    (0)    2 :  0.983 0.017 
324     h224    (0)    2 :  0.989 0.011 
325     h225    (0)    2 :  0.974 0.026 
326     h226    (0)    2 :  0.993 0.007 
327     h227    (0)    2 :  0.985 0.015 
328     h228    (0)    2 :  0.989 0.011 
329     h229    (0)    2 :  0.992 0.008 
330     h230    (0)    2 :  0.994 0.006 
331     h231    (0)    2 :  0.982 0.018 
332     h232    (0)    2 :  0.986 0.014 
333     h233    (0)    2 :  0.992 0.008 
334     h234    (0)    2 :  0.986 0.014 
335     h235    (0)    2 :  0.983 0.017 
336     h236    (0)    2 :  0.963 0.037 
337     h237    (0)    2 :  0.992 0.008 
338     h238    (0)    2 :  0.989 0.011 
339     h239    (0)    2 :  0.989 0.011 
340     h240    (0)    2 :  0.991 0.009 
341     h241    (0)    2 :  0.989 0.011 
342     h242    (0)    2 :  0.948 0.052 
343     h243    (0)    2 :  0.991 0.009 
344     h244    (0)    2 :  0.984 0.016 
345     h245    (0)    2 :  0.967 0.033 
346     h246    (0)    2 :  0.992 0.008 
347     h247    (0)    2 :  0.989 0.011 
348     h248    (0)    2 :  0.982 0.018 
349     h249    (0)    2 :  0.991 0.009 
350     h250    (0)    2 :  0.986 0.014 
351     h251    (0)    2 :  0.988 0.012 
352     h252    (0)    2 :  0.988 0.012 
353     h253    (0)    2 :  0.988 0.012 
354     h254    (0)    2 :  0.979 0.021 
355     h255    (0)    2 :  0.977 0.023 
356     h256    (0)    2 :  0.979 0.021 
357     h257    (0)    2 :  0.987 0.013 
358     h258    (0)    2 :  0.986 0.014 
359     h259    (0)    2 :  0.891 0.109 
360     h260    (0)    2 :  0.981 0.019 
361     h261    (0)    2 :  0.984 0.016 
362     h262    (0)    2 :  0.985 0.015 
363     h263    (0)    2 :  0.991 0.009 
364     h264    (0)    2 :  0.991 0.009 
365     h265    (0)    2 :  0.986 0.014 
366     h266    (0)    2 :  0.988 0.012 
367     h267    (0)    2 :  0.985 0.015 
368     h268    (0)    2 :  0.992 0.008 
369     h269    (0)    2 :  0.962 0.038 
370     h270    (0)    2 :  0.989 0.011 
371     h271    (0)    2 :  0.982 0.018 
372     h272    (0)    2 :  0.949 0.051 
373     h273    (0)    2 :  0.991 0.009 
374     h274    (0)    2 :  0.975 0.025 
375     h275    (0)    2 :  0.929 0.071 
376     h276    (0)    2 :  0.991 0.009 
377     h277    (0)    2 :  0.979 0.021 
378     h278    (0)    2 :  0.988 0.012 
379     h279    (0)    2 :  0.957 0.043 
380     h280    (0)    2 :  0.990 0.010 
381     h281    (0)    2 :  0.990 0.010 
382     h282    (0)    2 :  0.986 0.014 
383     h283    (0)    2 :  0.992 0.008 
384     h284    (0)    2 :  0.957 0.043 
385     h285    (0)    2 :  0.991 0.009 
386     h286    (0)    2 :  0.988 0.012 
387     h287    (0)    2 :  0.979 0.021 
388     h288    (0)    2 :  0.990 0.010 
389     h289    (0)    2 :  0.993 0.007 
390     h290    (0)    2 :  0.991 0.009 
391     h291    (0)    2 :  0.987 0.013 
392     h292    (0)    2 :  0.987 0.013 
393     h293    (0)    2 :  0.991 0.009 
394     h294    (0)    2 :  0.993 0.007 
395     h295    (0)    2 :  0.991 0.009 
396     h296    (0)    2 :  0.986 0.014 
397     h297    (0)    2 :  0.988 0.012 
398     h298    (0)    2 :  0.985 0.015 
399     h299    (0)    2 :  0.989 0.011 
400     h300    (0)    2 :  0.992 0.008 
401     h301    (0)    2 :  0.991 0.009 
402     h302    (0)    2 :  0.984 0.016 
403     h303    (0)    2 :  0.966 0.034 
404     h304    (0)    2 :  0.989 0.011 
405     h305    (0)    2 :  0.991 0.009 
406     h306    (0)    2 :  0.965 0.035 
407     h307    (0)    2 :  0.991 0.009 
408     h308    (0)    2 :  0.993 0.007 
409     h309    (0)    2 :  0.989 0.011 
410     h310    (0)    2 :  0.983 0.017 
411     h311    (0)    2 :  0.960 0.040 
412     h312    (0)    2 :  0.992 0.008 
413     h313    (0)    2 :  0.964 0.036 
414     h314    (0)    2 :  0.989 0.011 
415     h315    (0)    2 :  0.971 0.029 
416     h316    (0)    2 :  0.988 0.012 
417     h317    (0)    2 :  0.907 0.093 
418     h318    (0)    2 :  0.957 0.043 
419     h319    (0)    2 :  0.993 0.007 
420     h320    (0)    2 :  0.963 0.037 
421     h321    (0)    2 :  0.990 0.010 
422     h322    (0)    2 :  0.980 0.020 
423     h323    (0)    2 :  0.981 0.019 
424     h324    (0)    2 :  0.961 0.039 
425     h325    (0)    2 :  0.987 0.013 
426     h326    (0)    2 :  0.986 0.014 
427     h327    (0)    2 :  0.990 0.010 
428     h328    (0)    2 :  0.991 0.009 
429     h329    (0)    2 :  0.989 0.011 
430     h330    (0)    2 :  0.989 0.011 
431     h331    (0)    2 :  0.981 0.019 
432     h332    (0)    2 :  0.988 0.012 
433     h333    (0)    2 :  0.987 0.013 
434     h334    (0)    2 :  0.982 0.018 
435     h335    (0)    2 :  0.978 0.022 
436     h336    (0)    2 :  0.991 0.009 
437     h337    (0)    2 :  0.971 0.029 
438     h338    (0)    2 :  0.994 0.006 
439     h339    (0)    2 :  0.986 0.014 
440     h340    (0)    2 :  0.985 0.015 
441     h341    (0)    2 :  0.988 0.012 
442     h342    (0)    2 :  0.985 0.015 
443     h343    (0)    2 :  0.981 0.019 
444     h344    (0)    2 :  0.992 0.008 
445     h345    (0)    2 :  0.991 0.009 
446     h346    (0)    2 :  0.987 0.013 
447     h347    (0)    2 :  0.992 0.008 
448     h348    (0)    2 :  0.989 0.011 
449     h349    (0)    2 :  0.987 0.013 
450     h350    (0)    2 :  0.986 0.014 
451     h351    (0)    2 :  0.991 0.009 
452     h352    (0)    2 :  0.985 0.015 
453     h353    (0)    2 :  0.988 0.012 
454     h354    (0)    2 :  0.990 0.010 
455     h355    (0)    2 :  0.993 0.007 
456     h356    (0)    2 :  0.981 0.019 
457     h357    (0)    2 :  0.952 0.048 
458     h358    (0)    2 :  0.984 0.016 
459     h359    (0)    2 :  0.994 0.006 
460     h360    (0)    2 :  0.991 0.009 
461     h361    (0)    2 :  0.992 0.008 
462     h362    (0)    2 :  0.990 0.010 
463     h363    (0)    2 :  0.978 0.022 
464     h364    (0)    2 :  0.993 0.007 
465     h365    (0)    2 :  0.989 0.011 
466     h366    (0)    2 :  0.983 0.017 
467     h367    (0)    2 :  0.978 0.022 
468     h368    (0)    2 :  0.985 0.015 
469     h369    (0)    2 :  0.976 0.024 
470     h370    (0)    2 :  0.986 0.014 
471     h371    (0)    2 :  0.986 0.014 
472     h372    (0)    2 :  0.984 0.016 
473     h373    (0)    2 :  0.994 0.006 
474     h374    (0)    2 :  0.988 0.012 
475     h375    (0)    2 :  0.986 0.014 
476     h376    (0)    2 :  0.980 0.020 
477     h377    (0)    2 :  0.994 0.006 
478     h378    (0)    2 :  0.990 0.010 
479     h379    (0)    2 :  0.990 0.010 
480     h380    (0)    2 :  0.991 0.009 
481     h381    (0)    2 :  0.985 0.015 
482     h382    (0)    2 :  0.990 0.010 
483     h383    (0)    2 :  0.992 0.008 
484     h384    (0)    2 :  0.988 0.012 
485     h385    (0)    2 :  0.988 0.012 
486     h386    (0)    2 :  0.993 0.007 
487     h387    (0)    2 :  0.986 0.014 
488     h388    (0)    2 :  0.986 0.014 
489     h389    (0)    2 :  0.956 0.044 
490     h390    (0)    2 :  0.986 0.014 
491     h391    (0)    2 :  0.990 0.010 
492     h392    (0)    2 :  0.988 0.012 
493     h393    (0)    2 :  0.988 0.012 
494     h394    (0)    2 :  0.988 0.012 
495     h395    (0)    2 :  0.994 0.006 
496     h396    (0)    2 :  0.985 0.015 
497     h397    (0)    2 :  0.969 0.031 
498     h398    (0)    2 :  0.984 0.016 
499     h399    (0)    2 :  0.985 0.015 
500     h400    (0)    2 :  0.989 0.011 
501     h001    (0)    3 :  0.923 0.077 
502     h002    (0)    3 :  0.828 0.172 
503     h003    (0)    3 :  0.841 0.159 
504     h004    (0)    3 :  0.936 0.064 
505     h005    (0)    3 :  0.921 0.079 
506     h006    (0)    3 :  0.989 0.011 
507     h007    (0)    3 :  0.932 0.068 
508     h008    (0)    3 :  0.847 0.153 
509     h009    (0)    3 :  0.808 0.192 
510     h010    (0)    3 :  0.955 0.045 
511     h011    (0)    3 :  0.784 0.216 
512     h012    (0)    3 :  0.714 0.286 
513     h013    (0)    3 :  0.976 0.024 
514     h014    (0)    3 :  0.990 0.010 
515     h015    (0)    3 :  0.809 0.191 
516     h016    (0)    3 :  0.845 0.155 
517     h017    (0)    3 :  0.986 0.014 
518     h018    (0)    3 :  0.883 0.117 
519     h019    (0)    3 :  0.829 0.171 
520     h020    (0)    3 :  0.960 0.040 
521     h021    (0)    3 :  0.869 0.131 
522     h022    (0)    3 :  0.836 0.164 
523     h023    (0)    3 :  0.892 0.108 
524     h024    (0)    3 :  0.989 0.011 
525     h025    (0)    3 :  0.748 0.252 
526     h026    (0)    3 :  0.730 0.270 
527     h027    (0)    3 :  0.880 0.120 
528     h028    (0)    3 :  0.990 0.010 
529     h029    (0)    3 :  0.869 0.131 
530     h030    (0)    3 :  0.884 0.116 
531     h031    (0)    3 :  0.849 0.151 
532     h032    (0)    3 :  0.989 0.011 
533     h033    (0)    3 :  0.969 0.031 
534     h034    (0)    3 :  0.694 0.306 
535     h035    (0)    3 :  0.810 0.190 
536     h036    (0)    3 :  0.859 0.141 
537     h037    (0)    3 :  0.920 0.080 
538     h038    (0)    3 :  0.925 0.075 
539     h039    (0)    3 :  0.988 0.012 
540     h040    (0)    3 :  0.860 0.140 
541     h041    (0)    3 :  0.969 0.031 
542     h042    (0)    3 :  0.971 0.029 
543     h043    (0)    3 :  0.917 0.083 
544     h044    (0)    3 :  0.703 0.297 
545     h045    (0)    3 :  0.858 0.142 
546     h046    (0)    3 :  0.797 0.203 
547     h047    (0)    3 :  0.943 0.057 
548     h048    (0)    3 :  0.986 0.014 
549     h049    (0)    3 :  0.845 0.155 
550     h050    (0)    3 :  0.902 0.098 
551     h051    (0)    3 :  0.852 0.148 
552     h052    (0)    3 :  0.982 0.018 
553     h053    (0)    3 :  0.949 0.051 
554     h054    (0)    3 :  0.866 0.134 
555     h055    (0)    3 :  0.971 0.029 
556     h056    (0)    3 :  0.976 0.024 
557     h057    (0)    3 :  0.973 0.027 
558     h058    (0)    3 :  0.989 0.011 
559     h059    (0)    3 :  0.940 0.060 
560     h060    (0)    3 :  0.932 0.068 
561     h061    (0)    3 :  0.906 0.094 
562     h062    (0)    3 :  0.769 0.231 
563     h063    (0)    3 :  0.750 0.250 
564     h064    (0)    3 :  0.912 0.088 
565     h065    (0)    3 :  0.828 0.172 
566     h066    (0)    3 :  0.978 0.022 
567     h067    (0)    3 :  0.884 0.116 
568     h068    (0)    3 :  0.887 0.113 
569     h069    (0)    3 :  0.784 0.216 
570     h070    (0)    3 :  0.838 0.162 
571     h071    (0)    3 :  0.726 0.274 
572     h072    (0)    3 :  0.828 0.172 
573     h073    (0)    3 :  0.906 0.094 
574     h074    (0)    3 :  0.934 0.066 
575     h075    (0)    3 :  0.766 0.234 
576     h076    (0)    3 :  0.937 0.063 
577     h077    (0)    3 :  0.977 0.023 
578     h078    (0)    3 :  0.988 0.012 
579     h079    (0)    3 :  0.890 0.110 
580     h080    (0)    3 :  0.991 0.009 
581     h081    (0)    3 :  0.942 0.058 
582     h082    (0)    3 :  0.769 0.231 
583     h083    (0)    3 :  0.991 0.009 
584     h084    (0)    3 :  0.903 0.097 
585     h085    (0)    3 :  0.873 0.127 
586     h086    (0)    3 :  0.824 0.176 
587     h087    (0)    3 :  0.934 0.066 
588     h088    (0)    3 :  0.981 0.019 
589     h089    (0)    3 :  0.948 0.052 
590     h090    (0)    3 :  0.676 0.324 
591     h091    (0)    3 :  0.901 0.099 
592     h092    (0)    3 :  0.844 0.156 
593     h093    (0)    3 :  0.875 0.125 
594     h094    (0)    3 :  0.803 0.197 
595     h095    (0)    3 :  0.926 0.074 
596     h096    (0)    3 :  0.940 0.060 
597     h097    (0)    3 :  0.943 0.057 
598     h098    (0)    3 :  0.973 0.027 
599     h099    (0)    3 :  0.972 0.028 
600     h100    (0)    3 :  0.896 0.104 
601    h0011    (0)    4 :  0.828 0.172 
602    h0021    (0)    4 :  0.709 0.291 
603    h0031    (0)    4 :  0.766 0.234 
604    h0041    (0)    4 :  0.903 0.097 
605    h0051    (0)    4 :  0.782 0.218 
606    h0061    (0)    4 :  0.701 0.299 
607    h0071    (0)    4 :  0.680 0.320 
608    h0081    (0)    4 :  0.876 0.124 
609    h0091    (0)    4 :  0.643 0.357 
610    h0101    (0)    4 :  0.742 0.258 
611    h0111    (0)    4 :  0.825 0.175 
612    h0121    (0)    4 :  0.717 0.283 
613    h0131    (0)    4 :  0.924 0.076 
614    h0141    (0)    4 :  0.878 0.122 
615    h0151    (0)    4 :  0.703 0.297 
616    h0161    (0)    4 :  0.719 0.281 
617    h0171    (0)    4 :  0.624 0.376 
618    h0181    (0)    4 :  0.827 0.173 
619    h0191    (0)    4 :  0.818 0.182 
620    h0201    (0)    4 :  0.670 0.330 
621    h0211    (0)    4 :  0.894 0.106 
622    h0221    (0)    4 :  0.680 0.320 
623    h0231    (0)    4 :  0.841 0.159 
624    h0241    (0)    4 :  0.677 0.323 
625    h0251    (0)    4 :  0.736 0.264 
626    h0261    (0)    4 :  0.875 0.125 
627    h0271    (0)    4 :  0.731 0.269 
628    h0281    (0)    4 :  0.756 0.244 
629    h0291    (0)    4 :  0.984 0.016 
630    h0301    (0)    4 :  0.769 0.231 
631    h0311    (0)    4 :  0.585 0.415 
632    h0321    (0)    4 :  0.706 0.294 
633    h0331    (0)    4 :  0.749 0.251 
634    h0341    (0)    4 :  0.784 0.216 
635    h0351    (0)    4 :  0.734 0.266 
636    h0361    (0)    4 :  0.666 0.334 
637    h0371    (0)    4 :  0.806 0.194 
638    h0381    (0)    4 :  0.485 0.515 
639    h0391    (0)    4 :  0.937 0.063 
640    h0401    (0)    4 :  0.712 0.288 
641    h0411    (0)    4 :  0.799 0.201 
642    h0421    (0)    4 :  0.974 0.026 
643    h0431    (0)    4 :  0.793 0.207 
644    h0441    (0)    4 :  0.918 0.082 
645    h0451    (0)    4 :  0.644 0.356 
646    h0461    (0)    4 :  0.840 0.160 
647    h0471    (0)    4 :  0.723 0.277 
648    h0481    (0)    4 :  0.935 0.065 
649    h0491    (0)    4 :  0.810 0.190 
650    h0501    (0)    4 :  0.639 0.361 
651    h0511    (0)    4 :  0.978 0.022 
652    h0521    (0)    4 :  0.854 0.146 
653    h0531    (0)    4 :  0.621 0.379 
654    h0541    (0)    4 :  0.829 0.171 
655    h0551    (0)    4 :  0.800 0.200 
656    h0561    (0)    4 :  0.596 0.404 
657    h0571    (0)    4 :  0.581 0.419 
658    h0581    (0)    4 :  0.712 0.288 
659    h0591    (0)    4 :  0.711 0.289 
660    h0601    (0)    4 :  0.723 0.277 
661    h0611    (0)    4 :  0.781 0.219 
662    h0621    (0)    4 :  0.725 0.275 
663    h0631    (0)    4 :  0.567 0.433 
664    h0641    (0)    4 :  0.754 0.246 
665    h0651    (0)    4 :  0.701 0.299 
666    h0661    (0)    4 :  0.681 0.319 
667    h0671    (0)    4 :  0.563 0.437 
668    h0681    (0)    4 :  0.825 0.175 
669    h0691    (0)    4 :  0.797 0.203 
670    h0701    (0)    4 :  0.634 0.366 
671    h0711    (0)    4 :  0.852 0.148 
672    h0721    (0)    4 :  0.847 0.153 
673    h0731    (0)    4 :  0.525 0.475 
674    h0741    (0)    4 :  0.809 0.191 
675    h0751    (0)    4 :  0.958 0.042 
676    h0761    (0)    4 :  0.821 0.179 
677    h0771    (0)    4 :  0.686 0.314 
678    h0781    (0)    4 :  0.861 0.139 
679    h0791    (0)    4 :  0.861 0.139 
680    h0801    (0)    4 :  0.848 0.152 
681    h0811    (0)    4 :  0.671 0.329 
682    h0821    (0)    4 :  0.769 0.231 
683    h0831    (0)    4 :  0.729 0.271 
684    h0841    (0)    4 :  0.842 0.158 
685    h0851    (0)    4 :  0.557 0.443 
686    h0861    (0)    4 :  0.760 0.240 
687    h0871    (0)    4 :  0.522 0.478 
688    h0881    (0)    4 :  0.898 0.102 
689    h0891    (0)    4 :  0.801 0.199 
690    h0901    (0)    4 :  0.939 0.061 
691    h0911    (0)    4 :  0.974 0.026 
692    h0921    (0)    4 :  0.956 0.044 
693    h0931    (0)    4 :  0.662 0.338 
694    h0941    (0)    4 :  0.563 0.437 
695    h0951    (0)    4 :  0.709 0.291 
696    h0961    (0)    4 :  0.757 0.243 
697    h0971    (0)    4 :  0.825 0.175 
698    h0981    (0)    4 :  0.777 0.223 
699    h0991    (0)    4 :  0.838 0.162 
700    h1001    (0)    4 :  0.738 0.262 
701   MSV1TX    (5)    5 :  0.605 0.395 
702   MSV025    (0)    5 :  0.386 0.614 
703   MSV02C    (0)    5 :  0.518 0.482 
704   MSV02E    (5)    5 :  0.443 0.557 
705   MSV0TF    (5)    5 :  0.428 0.572 
706    M2EL8    (0)    5 :  0.320 0.680 
707    h0012    (0)    6 :  0.487 0.513 
708    h0022    (0)    6 :  0.378 0.622 
709    h0032    (0)    6 :  0.453 0.547 
710    h0042    (0)    6 :  0.461 0.539 
711    h0052    (0)    6 :  0.423 0.577 
712    h0062    (0)    6 :  0.440 0.560 
713    h0072    (0)    6 :  0.567 0.433 
714    h0082    (0)    6 :  0.488 0.512 
715    h0092    (0)    6 :  0.318 0.682 
716    h0102    (0)    6 :  0.520 0.480 
717    h0112    (0)    6 :  0.689 0.311 
718    h0122    (0)    6 :  0.434 0.566 
719    h0132    (0)    6 :  0.553 0.447 
720    h0142    (0)    6 :  0.530 0.470 
721    h0152    (0)    6 :  0.474 0.526 
722    h0162    (0)    6 :  0.526 0.474 
723    h0172    (0)    6 :  0.558 0.442 
724    h0182    (0)    6 :  0.551 0.449 
725    h0192    (0)    6 :  0.722 0.278 
726    h0202    (0)    6 :  0.484 0.516 
727    h0212    (0)    6 :  0.511 0.489 
728    h0222    (0)    6 :  0.541 0.459 
729    h0232    (0)    6 :  0.589 0.411 
730    h0242    (0)    6 :  0.388 0.612 
731    h0252    (0)    6 :  0.531 0.469 
732    h0262    (0)    6 :  0.500 0.500 
733    h0272    (0)    6 :  0.482 0.518 
734    h0282    (0)    6 :  0.507 0.493 
735    h0292    (0)    6 :  0.494 0.506 
736    h0302    (0)    6 :  0.611 0.389 
737    h0312    (0)    6 :  0.673 0.327 
738    h0322    (0)    6 :  0.266 0.734 
739    h0332    (0)    6 :  0.472 0.528 
740    h0342    (0)    6 :  0.570 0.430 
741    h0352    (0)    6 :  0.454 0.546 
742    h0362    (0)    6 :  0.620 0.380 
743    h0372    (0)    6 :  0.474 0.526 
744    h0382    (0)    6 :  0.679 0.321 
745    h0392    (0)    6 :  0.454 0.546 
746    h0402    (0)    6 :  0.602 0.398 
747    h0412    (0)    6 :  0.519 0.481 
748    h0422    (0)    6 :  0.714 0.286 
749    h0432    (0)    6 :  0.388 0.612 
750    h0442    (0)    6 :  0.270 0.730 
751    h0452    (0)    6 :  0.547 0.453 
752    h0462    (0)    6 :  0.420 0.580 
753    h0472    (0)    6 :  0.537 0.463 
754    h0482    (0)    6 :  0.442 0.558 
755    h0492    (0)    6 :  0.627 0.373 
756    h0502    (0)    6 :  0.474 0.526 
757    h0512    (0)    6 :  0.483 0.517 
758    h0522    (0)    6 :  0.593 0.407 
759    h0532    (0)    6 :  0.391 0.609 
760    h0542    (0)    6 :  0.246 0.754 
761    h0552    (0)    6 :  0.415 0.585 
762    h0562    (0)    6 :  0.554 0.446 
763    h0572    (0)    6 :  0.654 0.346 
764    h0582    (0)    6 :  0.463 0.537 
765    h0592    (0)    6 :  0.606 0.394 
766    h0602    (0)    6 :  0.653 0.347 
767    h0612    (0)    6 :  0.602 0.398 
768    h0622    (0)    6 :  0.344 0.656 
769    h0632    (0)    6 :  0.401 0.599 
770    h0642    (0)    6 :  0.473 0.527 
771    h0652    (0)    6 :  0.534 0.466 
772    h0662    (0)    6 :  0.619 0.381 
773    h0672    (0)    6 :  0.462 0.538 
774    h0682    (0)    6 :  0.433 0.567 
775    h0692    (0)    6 :  0.661 0.339 
776    h0702    (0)    6 :  0.555 0.445 
777    h0712    (0)    6 :  0.346 0.654 
778    h0722    (0)    6 :  0.598 0.402 
779    h0732    (0)    6 :  0.286 0.714 
780    h0742    (0)    6 :  0.666 0.334 
781    h0752    (0)    6 :  0.381 0.619 
782    h0762    (0)    6 :  0.465 0.535 
783    h0772    (0)    6 :  0.496 0.504 
784    h0782    (0)    6 :  0.441 0.559 
785    h0792    (0)    6 :  0.445 0.555 
786    h0802    (0)    6 :  0.571 0.429 
787    h0812    (0)    6 :  0.506 0.494 
788    h0822    (0)    6 :  0.661 0.339 
789    h0832    (0)    6 :  0.536 0.464 
790    h0842    (0)    6 :  0.646 0.354 
791    h0852    (0)    6 :  0.616 0.384 
792    h0862    (0)    6 :  0.455 0.545 
793    h0872    (0)    6 :  0.409 0.591 
794    h0882    (0)    6 :  0.523 0.477 
795    h0892    (0)    6 :  0.524 0.476 
796    h0902    (0)    6 :  0.578 0.422 
797    h0912    (0)    6 :  0.450 0.550 
798    h0922    (0)    6 :  0.463 0.537 
799    h0932    (0)    6 :  0.389 0.611 
800    h0942    (0)    6 :  0.659 0.341 
801    h0952    (0)    6 :  0.565 0.435 
802    h0962    (0)    6 :  0.538 0.462 
803    h0972    (0)    6 :  0.509 0.491 
804    h0982    (0)    6 :  0.492 0.508 
805    h0992    (0)    6 :  0.323 0.677 
806    h1002    (0)    6 :  0.390 0.610 
807   MSV21T    (0)    7 :  0.115 0.885 
808    M2E71    (0)    7 :  0.236 0.764 
809    h0013    (0)    8 :  0.016 0.984 
810    h0023    (0)    8 :  0.179 0.821 
811    h0033    (0)    8 :  0.272 0.728 
812    h0043    (0)    8 :  0.266 0.734 
813    h0053    (0)    8 :  0.277 0.723 
814    h0063    (0)    8 :  0.151 0.849 
815    h0073    (0)    8 :  0.324 0.676 
816    h0083    (0)    8 :  0.300 0.700 
817    h0093    (0)    8 :  0.184 0.816 
818    h0103    (0)    8 :  0.399 0.601 
819    h0113    (0)    8 :  0.212 0.788 
820    h0123    (0)    8 :  0.197 0.803 
821    h0133    (0)    8 :  0.210 0.790 
822    h0143    (0)    8 :  0.130 0.870 
823    h0153    (0)    8 :  0.278 0.722 
824    h0163    (0)    8 :  0.237 0.763 
825    h0173    (0)    8 :  0.277 0.723 
826    h0183    (0)    8 :  0.307 0.693 
827    h0193    (0)    8 :  0.118 0.882 
828    h0203    (0)    8 :  0.144 0.856 
829    h0213    (0)    8 :  0.297 0.703 
830    h0223    (0)    8 :  0.314 0.686 
831    h0233    (0)    8 :  0.186 0.814 
832    h0243    (0)    8 :  0.301 0.699 
833    h0253    (0)    8 :  0.288 0.712 
834    h0263    (0)    8 :  0.227 0.773 
835    h0273    (0)    8 :  0.297 0.703 
836    h0283    (0)    8 :  0.247 0.753 
837    h0293    (0)    8 :  0.076 0.924 
838    h0303    (0)    8 :  0.027 0.973 
839    h0313    (0)    8 :  0.191 0.809 
840    h0323    (0)    8 :  0.080 0.920 
841    h0333    (0)    8 :  0.180 0.820 
842    h0343    (0)    8 :  0.213 0.787 
843    h0353    (0)    8 :  0.314 0.686 
844    h0363    (0)    8 :  0.297 0.703 
845    h0373    (0)    8 :  0.364 0.636 
846    h0383    (0)    8 :  0.170 0.830 
847    h0393    (0)    8 :  0.354 0.646 
848    h0403    (0)    8 :  0.174 0.826 
849    h0413    (0)    8 :  0.214 0.786 
850    h0423    (0)    8 :  0.234 0.766 
851    h0433    (0)    8 :  0.096 0.904 
852    h0443    (0)    8 :  0.231 0.769 
853    h0453    (0)    8 :  0.169 0.831 
854    h0463    (0)    8 :  0.197 0.803 
855    h0473    (0)    8 :  0.309 0.691 
856    h0483    (0)    8 :  0.143 0.857 
857    h0493    (0)    8 :  0.114 0.886 
858    h0503    (0)    8 :  0.050 0.950 
859    h0513    (0)    8 :  0.212 0.788 
860    h0523    (0)    8 :  0.287 0.713 
861    h0533    (0)    8 :  0.325 0.675 
862    h0543    (0)    8 :  0.198 0.802 
863    h0553    (0)    8 :  0.188 0.812 
864    h0563    (0)    8 :  0.312 0.688 
865    h0573    (0)    8 :  0.036 0.964 
866    h0583    (0)    8 :  0.121 0.879 
867    h0593    (0)    8 :  0.262 0.738 
868    h0603    (0)    8 :  0.350 0.650 
869    h0613    (0)    8 :  0.414 0.586 
870    h0623    (0)    8 :  0.238 0.762 
871    h0633    (0)    8 :  0.339 0.661 
872    h0643    (0)    8 :  0.279 0.721 
873    h0653    (0)    8 :  0.435 0.565 
874    h0663    (0)    8 :  0.178 0.822 
875    h0673    (0)    8 :  0.028 0.972 
876    h0683    (0)    8 :  0.355 0.645 
877    h0693    (0)    8 :  0.350 0.650 
878    h0703    (0)    8 :  0.294 0.706 
879    h0713    (0)    8 :  0.243 0.757 
880    h0723    (0)    8 :  0.327 0.673 
881    h0733    (0)    8 :  0.365 0.635 
882    h0743    (0)    8 :  0.276 0.724 
883    h0753    (0)    8 :  0.026 0.974 
884    h0763    (0)    8 :  0.097 0.903 
885    h0773    (0)    8 :  0.158 0.842 
886    h0783    (0)    8 :  0.101 0.899 
887    h0793    (0)    8 :  0.374 0.626 
888    h0803    (0)    8 :  0.381 0.619 
889    h0813    (0)    8 :  0.250 0.750 
890    h0823    (0)    8 :  0.192 0.808 
891    h0833    (0)    8 :  0.297 0.703 
892    h0843    (0)    8 :  0.110 0.890 
893    h0853    (0)    8 :  0.166 0.834 
894    h0863    (0)    8 :  0.185 0.815 
895    h0873    (0)    8 :  0.311 0.689 
896    h0883    (0)    8 :  0.275 0.725 
897    h0893    (0)    8 :  0.160 0.840 
898    h0903    (0)    8 :  0.040 0.960 
899    h0913    (0)    8 :  0.084 0.916 
900    h0923    (0)    8 :  0.253 0.747 
901    h0933    (0)    8 :  0.159 0.841 
902    h0943    (0)    8 :  0.099 0.901 
903    h0953    (0)    8 :  0.225 0.775 
904    h0963    (0)    8 :  0.433 0.567 
905    h0973    (0)    8 :  0.288 0.712 
906    h0983    (0)    8 :  0.253 0.747 
907    h0993    (0)    8 :  0.195 0.805 
908    h1003    (0)    8 :  0.424 0.576 
909    W23CA   (10)    9 :  0.083 0.917 
910  AP.085Y    (5)    9 :  0.017 0.983 
911  CH.0LLY    (5)    9 :  0.407 0.593 
912    M0LEC    (5)    9 :  0.012 0.988 
913    M2C3H   (10)    9 :  0.229 0.771 
914    M2CHL    (5)    9 :  0.459 0.541 
915    W26P7   (10)    9 :  0.117 0.883 
916  AP.07M5    (0)    9 :  0.076 0.924 
917  AP.080U    (0)    9 :  0.056 0.944 
918  AP.082A    (0)    9 :  0.009 0.991 
919  AP.0843    (0)    9 :  0.058 0.942 
920  AP.0844    (0)    9 :  0.171 0.829 
921  AP.084X    (0)    9 :  0.025 0.975 
922  AP.086Y    (0)    9 :  0.168 0.832 
923  AP.0870    (0)    9 :  0.118 0.882 
924  AP.0878    (0)    9 :  0.175 0.825 
925  AP.087F    (0)    9 :  0.217 0.783 
926  AP.087Y    (0)    9 :  0.413 0.587 
927  AP.088P    (0)    9 :  0.023 0.977 
928  AP.08AK    (5)    9 :  0.028 0.972 
929  CH.0LLM    (0)    9 :  0.171 0.829 
930  CH.0LLU    (0)    9 :  0.240 0.760 
931  CH.0LM0    (5)    9 :  0.078 0.922 
932  CH.0LM3    (5)    9 :  0.036 0.964 
933    W26MY    (0)    9 :  0.198 0.802 
934    W26P6    (0)    9 :  0.097 0.903 
935   HRV07U    (0)    9 :  0.031 0.969 
936   HRV1CT    (0)    9 :  0.012 0.988 
937   HRV1CU    (0)    9 :  0.008 0.992 
938   HRV1E6    (0)    9 :  0.007 0.993 
939   HRV081    (0)    9 :  0.007 0.993 
940   HRV1E3    (0)    9 :  0.028 0.972 
941   MSV21E    (0)    9 :  0.173 0.827 
942   MSV216    (0)    9 :  0.086 0.914 
943    M0TYK    (0)    9 :  0.054 0.946 
944   MSV2AA    (0)    9 :  0.088 0.912 
945  CK.0PET    (0)    9 :  0.235 0.765 
946    M2E8C    (0)    9 :  0.012 0.988 
947   MSV23X    (0)    9 :  0.186 0.814 
948   MSV32A    (0)    9 :  0.172 0.828 
949  AP.0838    (0)    9 :  0.026 0.974 
950  AP.088F    (0)    9 :  0.109 0.891 
951    h0014    (0)   10 :  0.169 0.831 
952    h0024    (0)   10 :  0.100 0.900 
953    h0034    (0)   10 :  0.052 0.948 
954    h0044    (0)   10 :  0.257 0.743 
955    h0054    (0)   10 :  0.015 0.985 
956    h0064    (0)   10 :  0.206 0.794 
957    h0074    (0)   10 :  0.019 0.981 
958    h0084    (0)   10 :  0.235 0.765 
959    h0094    (0)   10 :  0.014 0.986 
960    h0104    (0)   10 :  0.137 0.863 
961    h0114    (0)   10 :  0.068 0.932 
962    h0124    (0)   10 :  0.024 0.976 
963    h0134    (0)   10 :  0.018 0.982 
964    h0144    (0)   10 :  0.480 0.520 
965    h0154    (0)   10 :  0.047 0.953 
966    h0164    (0)   10 :  0.077 0.923 
967    h0174    (0)   10 :  0.042 0.958 
968    h0184    (0)   10 :  0.007 0.993 
969    h0194    (0)   10 :  0.010 0.990 
970    h0204    (0)   10 :  0.202 0.798 
971    h0214    (0)   10 :  0.073 0.927 
972    h0224    (0)   10 :  0.309 0.691 
973    h0234    (0)   10 :  0.020 0.980 
974    h0244    (0)   10 :  0.074 0.926 
975    h0254    (0)   10 :  0.454 0.546 
976    h0264    (0)   10 :  0.086 0.914 
977    h0274    (0)   10 :  0.108 0.892 
978    h0284    (0)   10 :  0.354 0.646 
979    h0294    (0)   10 :  0.023 0.977 
980    h0304    (0)   10 :  0.106 0.894 
981    h0314    (0)   10 :  0.138 0.862 
982    h0324    (0)   10 :  0.033 0.967 
983    h0334    (0)   10 :  0.222 0.778 
984    h0344    (0)   10 :  0.146 0.854 
985    h0354    (0)   10 :  0.008 0.992 
986    h0364    (0)   10 :  0.011 0.989 
987    h0374    (0)   10 :  0.196 0.804 
988    h0384    (0)   10 :  0.150 0.850 
989    h0394    (0)   10 :  0.041 0.959 
990    h0404    (0)   10 :  0.021 0.979 
991    h0414    (0)   10 :  0.179 0.821 
992    h0424    (0)   10 :  0.019 0.981 
993    h0434    (0)   10 :  0.221 0.779 
994    h0444    (0)   10 :  0.023 0.977 
995    h0454    (0)   10 :  0.009 0.991 
996    h0464    (0)   10 :  0.096 0.904 
997    h0474    (0)   10 :  0.022 0.978 
998    h0484    (0)   10 :  0.130 0.870 
999    h0494    (0)   10 :  0.052 0.948 
1000    h0504    (0)   10 :  0.190 0.810 
1001    h0514    (0)   10 :  0.032 0.968 
1002    h0524    (0)   10 :  0.269 0.731 
1003    h0534    (0)   10 :  0.028 0.972 
1004    h0544    (0)   10 :  0.086 0.914 
1005    h0554    (0)   10 :  0.131 0.869 
1006    h0564    (0)   10 :  0.016 0.984 
1007    h0574    (0)   10 :  0.081 0.919 
1008    h0584    (0)   10 :  0.011 0.989 
1009    h0594    (0)   10 :  0.016 0.984 
1010    h0604    (0)   10 :  0.173 0.827 
1011    h0614    (0)   10 :  0.082 0.918 
1012    h0624    (0)   10 :  0.290 0.710 
1013    h0634    (0)   10 :  0.010 0.990 
1014    h0644    (0)   10 :  0.012 0.988 
1015    h0654    (0)   10 :  0.049 0.951 
1016    h0664    (0)   10 :  0.119 0.881 
1017    h0674    (0)   10 :  0.197 0.803 
1018    h0684    (0)   10 :  0.015 0.985 
1019    h0694    (0)   10 :  0.080 0.920 
1020    h0704    (0)   10 :  0.077 0.923 
1021    h0714    (0)   10 :  0.053 0.947 
1022    h0724    (0)   10 :  0.227 0.773 
1023    h0734    (0)   10 :  0.271 0.729 
1024    h0744    (0)   10 :  0.076 0.924 
1025    h0754    (0)   10 :  0.107 0.893 
1026    h0764    (0)   10 :  0.074 0.926 
1027    h0774    (0)   10 :  0.109 0.891 
1028    h0784    (0)   10 :  0.089 0.911 
1029    h0794    (0)   10 :  0.131 0.869 
1030    h0804    (0)   10 :  0.011 0.989 
1031    h0814    (0)   10 :  0.066 0.934 
1032    h0824    (0)   10 :  0.063 0.937 
1033    h0834    (0)   10 :  0.117 0.883 
1034    h0844    (0)   10 :  0.020 0.980 
1035    h0854    (0)   10 :  0.063 0.937 
1036    h0864    (0)   10 :  0.049 0.951 
1037    h0874    (0)   10 :  0.010 0.990 
1038    h0884    (0)   10 :  0.211 0.789 
1039    h0894    (0)   10 :  0.033 0.967 
1040    h0904    (0)   10 :  0.151 0.849 
1041    h0914    (0)   10 :  0.150 0.850 
1042    h0924    (0)   10 :  0.040 0.960 
1043    h0934    (0)   10 :  0.023 0.977 
1044    h0944    (0)   10 :  0.160 0.840 
1045    h0954    (0)   10 :  0.102 0.898 
1046    h0964    (0)   10 :  0.321 0.679 
1047    h0974    (0)   10 :  0.154 0.846 
1048    h0984    (0)   10 :  0.103 0.897 
1049    h0994    (0)   10 :  0.095 0.905 
1050    h1004    (0)   10 :  0.147 0.853 
1051  AP.07M2    (0)   11 :  0.049 0.951 
1052   HRV05C   (10)   11 :  0.016 0.984 
1053   HRV077   (10)   11 :  0.015 0.985 
1054   HRV0A0    (5)   11 :  0.007 0.993 
1055   HRV0MC    (5)   11 :  0.009 0.991 
1056   HRV00P    (0)   11 :  0.007 0.993 
1057   HRV01J    (5)   11 :  0.009 0.991 
1058   HRV026    (5)   11 :  0.010 0.990 
1059   HRV02C    (0)   11 :  0.006 0.994 
1060   HRV031    (0)   11 :  0.007 0.993 
1061   HRV033    (0)   11 :  0.007 0.993 
1062   HRV05L    (0)   11 :  0.009 0.991 
1063   HRV06A    (0)   11 :  0.008 0.992 
1064   HRV07P    (5)   11 :  0.007 0.993 
1065   HRV0HC    (5)   11 :  0.030 0.970 
1066   HRV0HU   (10)   11 :  0.015 0.985 
1067   HRV0K1    (0)   11 :  0.008 0.992 
1068   HRV0M6    (5)   11 :  0.032 0.968 
1069   HRV0M7    (5)   11 :  0.011 0.989 
1070   HRV0MK    (0)   11 :  0.007 0.993 
1071   HRV1C7    (5)   11 :  0.008 0.992 
1072   HRV1EA    (0)   11 :  0.012 0.988 
1073    M147K    (5)   11 :  0.006 0.994 
1074   HRV008    (0)   11 :  0.008 0.992 
1075   HRV015    (0)   11 :  0.012 0.988 
1076   HRV01F    (0)   11 :  0.024 0.976 
1077   HRV01L    (0)   11 :  0.007 0.993 
1078   HRV01M    (0)   11 :  0.009 0.991 
1079   HRV020    (0)   11 :  0.012 0.988 
1080   HRV022    (0)   11 :  0.020 0.980 
1081   HRV02A    (0)   11 :  0.018 0.982 
1082   HRV02K    (0)   11 :  0.019 0.981 
1083   HRV04C    (0)   11 :  0.008 0.992 
1084   HRV05H    (0)   11 :  0.016 0.984 
1085   HRV076    (0)   11 :  0.016 0.984 
1086   HRV07H    (0)   11 :  0.006 0.994 
1087   HRV07X    (0)   11 :  0.018 0.982 
1088   HRV080    (0)   11 :  0.007 0.993 
1089   HRV086    (5)   11 :  0.010 0.990 
1090   HRV0H3    (5)   11 :  0.010 0.990 
1091   HRV0J3    (0)   11 :  0.012 0.988 
1092   HRV0JX   (15)   11 :  0.016 0.984 
1093   HRV0ML   (10)   11 :  0.007 0.993 
1094   HRV1E8   (10)   11 :  0.009 0.991 
1095   HRV007   (10)   11 :  0.012 0.988 
1096   HRV005    (5)   11 :  0.015 0.985 
1097   HRV05U    (5)   11 :  0.007 0.993 
1098   HRV01U    (5)   11 :  0.008 0.992 
1099  AP.07M1    (5)   11 :  0.008 0.992 
1100  AP.07ME    (5)   11 :  0.009 0.991 
1101  AP.0817    (5)   11 :  0.010 0.990 
1102  AP.0863   (15)   11 :  0.022 0.978 
1103  AP.087T    (5)   11 :  0.030 0.970 
1104  AP.088T    (5)   11 :  0.006 0.994 
1105  CH.0LM1   (15)   11 :  0.011 0.989 
1106    M05X5    (5)   11 :  0.044 0.956 
1107    M06JH    (5)   11 :  0.076 0.924 
1108    M0A6K    (5)   11 :  0.010 0.990 
1109    M0ETF    (5)   11 :  0.008 0.992 
1110    M0LUP   (10)   11 :  0.014 0.986 
1111    M16F1    (5)   11 :  0.009 0.991 
1112    M182M    (5)   11 :  0.012 0.988 
1113    M1CFL   (10)   11 :  0.010 0.990 
1114    M2AXY   (10)   11 :  0.010 0.990 
1115    M2AY2   (10)   11 :  0.045 0.955 
1116    M2CHP   (10)   11 :  0.043 0.957 
1117    W26LK    (5)   11 :  0.008 0.992 
1118    W26ME   (10)   11 :  0.014 0.986 
1119  AM.07FM    (0)   11 :  0.006 0.994 
1120  AM.07FP    (5)   11 :  0.008 0.992 
1121  AP.07M4    (0)   11 :  0.006 0.994 
1122  AP.07M7    (0)   11 :  0.006 0.994 
1123  AP.07M8    (0)   11 :  0.012 0.988 
1124  AP.07MA    (0)   11 :  0.018 0.982 
1125  AP.07MC    (0)   11 :  0.007 0.993 
1126  AP.07P8    (0)   11 :  0.032 0.968 
1127  AP.07U8    (0)   11 :  0.011 0.989 
1128  AP.081F   (10)   11 :  0.013 0.987 
1129  AP.081H   (10)   11 :  0.300 0.700 
1130  AP.0820    (0)   11 :  0.020 0.980 
1131  AP.0841    (5)   11 :  0.136 0.864 
1132  AP.0858    (0)   11 :  0.013 0.987 
1133  AP.085U    (5)   11 :  0.041 0.959 
1134  AP.085X    (5)   11 :  0.008 0.992 
1135  AP.0861    (5)   11 :  0.011 0.989 
1136  AP.0864   (10)   11 :  0.007 0.993 
1137  AP.086X    (0)   11 :  0.008 0.992 
1138  AP.0872    (0)   11 :  0.008 0.992 
1139  AP.0875    (0)   11 :  0.066 0.934 
1140  AP.087A    (0)   11 :  0.008 0.992 
1141  AP.087C    (0)   11 :  0.013 0.987 
1142  AP.087E    (0)   11 :  0.008 0.992 
1143  AP.087H    (0)   11 :  0.007 0.993 
1144  AP.087K    (0)   11 :  0.013 0.987 
1145  AP.087L    (0)   11 :  0.009 0.991 
1146  AP.087M    (0)   11 :  0.011 0.989 
1147  AP.087P    (0)   11 :  0.010 0.990 
1148  AP.087U    (0)   11 :  0.036 0.964 
1149  AP.087X    (0)   11 :  0.025 0.975 
1150  AP.0881    (0)   11 :  0.013 0.987 
1151  AP.0882    (0)   11 :  0.009 0.991 
1152  AP.0883    (0)   11 :  0.032 0.968 
1153  AP.0884    (0)   11 :  0.007 0.993 
1154  AP.0885    (5)   11 :  0.012 0.988 
1155  AP.0887    (0)   11 :  0.011 0.989 
1156  AP.0888    (5)   11 :  0.260 0.740 
1157  AP.088A    (0)   11 :  0.009 0.991 
1158  AP.088C    (0)   11 :  0.063 0.937 
1159  AP.088J    (0)   11 :  0.014 0.986 
1160  AP.088K    (0)   11 :  0.013 0.987 
1161  AP.088L    (0)   11 :  0.008 0.992 
1162  AP.088U    (0)   11 :  0.008 0.992 
1163  AP.088X    (0)   11 :  0.039 0.961 
1164  AP.08A0    (0)   11 :  0.008 0.992 
1165  AP.08A1    (0)   11 :  0.011 0.989 
1166  AP.08A3    (0)   11 :  0.007 0.993 
1167  AP.08A4    (0)   11 :  0.098 0.902 
1168  AP.08A5    (0)   11 :  0.007 0.993 
1169  AP.08A6    (0)   11 :  0.018 0.982 
1170  AP.08A8    (5)   11 :  0.009 0.991 
1171  AP.08AC    (0)   11 :  0.019 0.981 
1172  AP.08AH    (0)   11 :  0.013 0.987 
1173  AP.08AJ    (0)   11 :  0.017 0.983 
1174  AP.08AM   (10)   11 :  0.011 0.989 
1175  AP.08AT    (0)   11 :  0.008 0.992 
1176  AP.08AX    (0)   11 :  0.008 0.992 
1177  CH.0LLP    (0)   11 :  0.015 0.985 
1178  CH.0LM2   (10)   11 :  0.009 0.991 
1179  CH.0LM4    (5)   11 :  0.007 0.993 
1180  CH.0LM5    (0)   11 :  0.010 0.990 
1181    M0102    (5)   11 :  0.009 0.991 
1182    M023A    (5)   11 :  0.006 0.994 
1183    M03MM   (10)   11 :  0.013 0.987 
1184    M04PF    (0)   11 :  0.008 0.992 
1185    M04XH    (5)   11 :  0.013 0.987 
1186    M04XM   (10)   11 :  0.009 0.991 
1187    M0557    (0)   11 :  0.027 0.973 
1188    M055C    (0)   11 :  0.045 0.955 
1189    M05JC    (0)   11 :  0.008 0.992 
1190    M05PH    (0)   11 :  0.012 0.988 
1191    M05X6    (0)   11 :  0.007 0.993 
1192    M07TC    (0)   11 :  0.015 0.985 
1193    M0A66    (0)   11 :  0.007 0.993 
1194    M0EYT    (0)   11 :  0.008 0.992 
1195    M0FF2    (0)   11 :  0.007 0.993 
1196    M0HJ6    (5)   11 :  0.016 0.984 
1197   HRV0JL    (0)   11 :  0.006 0.994 
1198   HRV0JP    (0)   11 :  0.008 0.992 
1199   HRV0KA    (0)   11 :  0.008 0.992 
1200   HRV0LJ    (5)   11 :  0.018 0.982 
1201   HRV0LM    (0)   11 :  0.010 0.990 
1202   HRV0LP    (0)   11 :  0.025 0.975 
1203    M0HJ8    (0)   11 :  0.008 0.992 
1204    M0HM3    (0)   11 :  0.008 0.992 
1205    M0J1X    (0)   11 :  0.008 0.992 
1206    M0L32    (0)   11 :  0.011 0.989 
1207    M0L8F    (0)   11 :  0.027 0.973 
1208    M0LUH    (0)   11 :  0.008 0.992 
1209    M0XPJ    (0)   11 :  0.008 0.992 
1210    M0XTE    (0)   11 :  0.015 0.985 
1211    M157H    (0)   11 :  0.009 0.991 
1212    M16YU    (0)   11 :  0.006 0.994 
1213    M1751    (0)   11 :  0.010 0.990 
1214    M1C2H    (0)   11 :  0.007 0.993 
1215    M1E60    (0)   11 :  0.007 0.993 
1216    M1EKX    (0)   11 :  0.007 0.993 
1217    M1EKY    (0)   11 :  0.007 0.993 
1218    M1EL3    (0)   11 :  0.015 0.985 
1219    M1ELC    (0)   11 :  0.013 0.987 
1220    M1ELE    (0)   11 :  0.008 0.992 
1221    M2AY0   (10)   11 :  0.017 0.983 
1222    M2AY4    (5)   11 :  0.009 0.991 
1223    M2AY5   (10)   11 :  0.010 0.990 
1224    M2AY8    (5)   11 :  0.110 0.890 
1225    M2C3A   (10)   11 :  0.008 0.992 
1226    M2C3F   (10)   11 :  0.009 0.991 
1227   HRV0ME    (0)   11 :  0.014 0.986 
1228    M2CHJ    (5)   11 :  0.025 0.975 
1229    M2CHM    (5)   11 :  0.036 0.964 
1230    M2CHY   (10)   11 :  0.011 0.989 
1231    W23E8    (0)   11 :  0.008 0.992 
1232    W23EM    (0)   11 :  0.012 0.988 
1233    W23EX    (0)   11 :  0.010 0.990 
1234    W23F0    (0)   11 :  0.014 0.986 
1235    W26L5    (0)   11 :  0.040 0.960 
1236    W26LM    (0)   11 :  0.082 0.918 
1237    W26MJ    (0)   11 :  0.096 0.904 
1238    W26ML    (0)   11 :  0.008 0.992 
1239    W26MT    (0)   11 :  0.007 0.993 
1240    W26PE    (5)   11 :  0.085 0.915 
1241    W26PJ    (0)   11 :  0.111 0.889 
1242    W26PT    (0)   11 :  0.007 0.993 
1243    W26PX   (10)   11 :  0.028 0.972 
1244    W26T0    (5)   11 :  0.011 0.989 
1245    W26TC    (0)   11 :  0.006 0.994 
1246    W26TJ    (5)   11 :  0.059 0.941 
1247    W26UE    (5)   11 :  0.011 0.989 
1248    W26UF    (0)   11 :  0.008 0.992 
1249    W26UL    (0)   11 :  0.032 0.968 
1250    W26X2    (0)   11 :  0.012 0.988 
1251    W2716    (0)   11 :  0.049 0.951 
1252   HRV1C6    (0)   11 :  0.007 0.993 
1253   HRV1CX    (0)   11 :  0.018 0.982 
1254   HRV1E2    (0)   11 :  0.007 0.993 
1255   HRV1E4    (0)   11 :  0.006 0.994 
1256   HRV1E5    (0)   11 :  0.007 0.993 
1257   HRV1EC    (0)   11 :  0.010 0.990 
1258   HRV1EK    (0)   11 :  0.024 0.976 
1259   HRV001    (0)   11 :  0.009 0.991 
1260   HRV00H    (0)   11 :  0.009 0.991 
1261   HRV00K    (0)   11 :  0.011 0.989 
1262   HRV01X    (0)   11 :  0.009 0.991 
1263   HRV025    (0)   11 :  0.014 0.986 
1264   HRV028    (0)   11 :  0.009 0.991 
1265   HRV041    (0)   11 :  0.008 0.992 
1266   HRV04F    (0)   11 :  0.008 0.992 
1267   HRV04L    (0)   11 :  0.007 0.993 
1268   HRV055    (0)   11 :  0.006 0.994 
1269   HRV05J    (0)   11 :  0.007 0.993 
1270   HRV07J    (0)   11 :  0.007 0.993 
1271   HRV07K    (0)   11 :  0.018 0.982 
1272   HRV07L    (0)   11 :  0.029 0.971 
1273   HRV07M    (0)   11 :  0.007 0.993 
1274   HRV0HM    (0)   11 :  0.055 0.945 
1275   HRV0J2    (0)   11 :  0.007 0.993 
1276   HRV0K3    (0)   11 :  0.008 0.992 
1277   HRV0KE    (0)   11 :  0.007 0.993 
1278   HRV0KF    (0)   11 :  0.014 0.986 
1279   HRV0KU    (0)   11 :  0.023 0.977 
1280   HRV0L6    (0)   11 :  0.007 0.993 
1281   HRV0M2    (0)   11 :  0.014 0.986 
1282   HRV0MF    (0)   11 :  0.008 0.992 
1283   HRV0MJ    (0)   11 :  0.022 0.978 
1284   HRV1AT    (0)   11 :  0.009 0.991 
1285   HRV1C1    (0)   11 :  0.009 0.991 
1286   HRV1CL    (0)   11 :  0.011 0.989 
1287   HRV1E1    (0)   11 :  0.010 0.990 
1288   HRV1E7    (0)   11 :  0.007 0.993 
1289   HRV1EE    (0)   11 :  0.007 0.993 
1290   HRV1ET    (0)   11 :  0.007 0.993 
1291   h00111    (0)   12 :  0.010 0.990 
1292   h00211    (0)   12 :  0.011 0.989 
1293   h00311    (0)   12 :  0.079 0.921 
1294   h00411    (0)   12 :  0.018 0.982 
1295   h00511    (0)   12 :  0.010 0.990 
1296   h00611    (0)   12 :  0.022 0.978 
1297   h00711    (0)   12 :  0.007 0.993 
1298   h00811    (0)   12 :  0.008 0.992 
1299   h00911    (0)   12 :  0.015 0.985 
1300   h01011    (0)   12 :  0.010 0.990 
1301   h01111    (0)   12 :  0.007 0.993 
1302   h01211    (0)   12 :  0.007 0.993 
1303   h01311    (0)   12 :  0.013 0.987 
1304   h01411    (0)   12 :  0.009 0.991 
1305   h01511    (0)   12 :  0.028 0.972 
1306   h01611    (0)   12 :  0.015 0.985 
1307   h01711    (0)   12 :  0.006 0.994 
1308   h01811    (0)   12 :  0.011 0.989 
1309   h01911    (0)   12 :  0.035 0.965 
1310   h02011    (0)   12 :  0.008 0.992 
1311   h02111    (0)   12 :  0.041 0.959 
1312   h02211    (0)   12 :  0.019 0.981 
1313   h02311    (0)   12 :  0.008 0.992 
1314   h02411    (0)   12 :  0.031 0.969 
1315   h02511    (0)   12 :  0.007 0.993 
1316   h02611    (0)   12 :  0.014 0.986 
1317   h02711    (0)   12 :  0.021 0.979 
1318   h02811    (0)   12 :  0.008 0.992 
1319   h02911    (0)   12 :  0.006 0.994 
1320   h03011    (0)   12 :  0.007 0.993 
1321   h03111    (0)   12 :  0.008 0.992 
1322   h03211    (0)   12 :  0.009 0.991 
1323   h03311    (0)   12 :  0.014 0.986 
1324   h03411    (0)   12 :  0.014 0.986 
1325   h03511    (0)   12 :  0.011 0.989 
1326   h03611    (0)   12 :  0.008 0.992 
1327   h03711    (0)   12 :  0.018 0.982 
1328   h03811    (0)   12 :  0.008 0.992 
1329   h03911    (0)   12 :  0.007 0.993 
1330   h04011    (0)   12 :  0.006 0.994 
1331   h04111    (0)   12 :  0.010 0.990 
1332   h04211    (0)   12 :  0.006 0.994 
1333   h04311    (0)   12 :  0.009 0.991 
1334   h04411    (0)   12 :  0.036 0.964 
1335   h04511    (0)   12 :  0.007 0.993 
1336   h04611    (0)   12 :  0.011 0.989 
1337   h04711    (0)   12 :  0.011 0.989 
1338   h04811    (0)   12 :  0.008 0.992 
1339   h04911    (0)   12 :  0.010 0.990 
1340   h05011    (0)   12 :  0.013 0.987 
1341   h05111    (0)   12 :  0.008 0.992 
1342   h05211    (0)   12 :  0.010 0.990 
1343   h05311    (0)   12 :  0.012 0.988 
1344   h05411    (0)   12 :  0.021 0.979 
1345   h05511    (0)   12 :  0.010 0.990 
1346   h05611    (0)   12 :  0.009 0.991 
1347   h05711    (0)   12 :  0.019 0.981 
1348   h05811    (0)   12 :  0.014 0.986 
1349   h05911    (0)   12 :  0.010 0.990 
1350   h06011    (0)   12 :  0.011 0.989 
1351   h06111    (0)   12 :  0.013 0.987 
1352   h06211    (0)   12 :  0.011 0.989 
1353   h06311    (0)   12 :  0.008 0.992 
1354   h06411    (0)   12 :  0.015 0.985 
1355   h06511    (0)   12 :  0.009 0.991 
1356   h06611    (0)   12 :  0.008 0.992 
1357   h06711    (0)   12 :  0.006 0.994 
1358   h06811    (0)   12 :  0.007 0.993 
1359   h06911    (0)   12 :  0.029 0.971 
1360   h07011    (0)   12 :  0.015 0.985 
1361   h07111    (0)   12 :  0.016 0.984 
1362   h07211    (0)   12 :  0.012 0.988 
1363   h07311    (0)   12 :  0.010 0.990 
1364   h07411    (0)   12 :  0.015 0.985 
1365   h07511    (0)   12 :  0.010 0.990 
1366   h07611    (0)   12 :  0.009 0.991 
1367   h07711    (0)   12 :  0.016 0.984 
1368   h07811    (0)   12 :  0.051 0.949 
1369   h07911    (0)   12 :  0.010 0.990 
1370   h08011    (0)   12 :  0.011 0.989 
1371   h08111    (0)   12 :  0.015 0.985 
1372   h08211    (0)   12 :  0.011 0.989 
1373   h08311    (0)   12 :  0.011 0.989 
1374   h08411    (0)   12 :  0.024 0.976 
1375   h08511    (0)   12 :  0.009 0.991 
1376   h08611    (0)   12 :  0.006 0.994 
1377   h08711    (0)   12 :  0.011 0.989 
1378   h08811    (0)   12 :  0.007 0.993 
1379   h08911    (0)   12 :  0.012 0.988 
1380   h09011    (0)   12 :  0.009 0.991 
1381   h09111    (0)   12 :  0.007 0.993 
1382   h09211    (0)   12 :  0.021 0.979 
1383   h09311    (0)   12 :  0.009 0.991 
1384   h09411    (0)   12 :  0.008 0.992 
1385   h09511    (0)   12 :  0.011 0.989 
1386   h09611    (0)   12 :  0.007 0.993 
1387   h09711    (0)   12 :  0.019 0.981 
1388   h09811    (0)   12 :  0.015 0.985 
1389   h09911    (0)   12 :  0.015 0.985 
1390   h10011    (0)   12 :  0.006 0.994 
1391    h1011    (0)   12 :  0.023 0.977 
1392    h1021    (0)   12 :  0.011 0.989 
1393    h1031    (0)   12 :  0.009 0.991 
1394    h1041    (0)   12 :  0.010 0.990 
1395    h1051    (0)   12 :  0.006 0.994 
1396    h1061    (0)   12 :  0.006 0.994 
1397    h1071    (0)   12 :  0.022 0.978 
1398    h1081    (0)   12 :  0.011 0.989 
1399    h1091    (0)   12 :  0.008 0.992 
1400    h1101    (0)   12 :  0.010 0.990 
1401    h1111    (0)   12 :  0.007 0.993 
1402    h1121    (0)   12 :  0.008 0.992 
1403    h1131    (0)   12 :  0.013 0.987 
1404    h1141    (0)   12 :  0.011 0.989 
1405    h1151    (0)   12 :  0.024 0.976 
1406    h1161    (0)   12 :  0.012 0.988 
1407    h1171    (0)   12 :  0.012 0.988 
1408    h1181    (0)   12 :  0.014 0.986 
1409    h1191    (0)   12 :  0.011 0.989 
1410    h1201    (0)   12 :  0.011 0.989 
1411    h1211    (0)   12 :  0.016 0.984 
1412    h1221    (0)   12 :  0.008 0.992 
1413    h1231    (0)   12 :  0.011 0.989 
1414    h1241    (0)   12 :  0.011 0.989 
1415    h1251    (0)   12 :  0.007 0.993 
1416    h1261    (0)   12 :  0.022 0.978 
1417    h1271    (0)   12 :  0.010 0.990 
1418    h1281    (0)   12 :  0.007 0.993 
1419    h1291    (0)   12 :  0.030 0.970 
1420    h1301    (0)   12 :  0.019 0.981 
1421    h1311    (0)   12 :  0.020 0.980 
1422    h1321    (0)   12 :  0.011 0.989 
1423    h1331    (0)   12 :  0.007 0.993 
1424    h1341    (0)   12 :  0.009 0.991 
1425    h1351    (0)   12 :  0.021 0.979 
1426    h1361    (0)   12 :  0.025 0.975 
1427    h1371    (0)   12 :  0.007 0.993 
1428    h1381    (0)   12 :  0.007 0.993 
1429    h1391    (0)   12 :  0.013 0.987 
1430    h1401    (0)   12 :  0.014 0.986 
1431    h1411    (0)   12 :  0.010 0.990 
1432    h1421    (0)   12 :  0.013 0.987 
1433    h1431    (0)   12 :  0.008 0.992 
1434    h1441    (0)   12 :  0.010 0.990 
1435    h1451    (0)   12 :  0.010 0.990 
1436    h1461    (0)   12 :  0.016 0.984 
1437    h1471    (0)   12 :  0.048 0.952 
1438    h1481    (0)   12 :  0.007 0.993 
1439    h1491    (0)   12 :  0.009 0.991 
1440    h1501    (0)   12 :  0.008 0.992 
1441    h1511    (0)   12 :  0.009 0.991 
1442    h1521    (0)   12 :  0.011 0.989 
1443    h1531    (0)   12 :  0.008 0.992 
1444    h1541    (0)   12 :  0.014 0.986 
1445    h1551    (0)   12 :  0.009 0.991 
1446    h1561    (0)   12 :  0.007 0.993 
1447    h1571    (0)   12 :  0.020 0.980 
1448    h1581    (0)   12 :  0.009 0.991 
1449    h1591    (0)   12 :  0.008 0.992 
1450    h1601    (0)   12 :  0.011 0.989 
1451    h1611    (0)   12 :  0.007 0.993 
1452    h1621    (0)   12 :  0.011 0.989 
1453    h1631    (0)   12 :  0.010 0.990 
1454    h1641    (0)   12 :  0.009 0.991 
1455    h1651    (0)   12 :  0.015 0.985 
1456    h1661    (0)   12 :  0.008 0.992 
1457    h1671    (0)   12 :  0.012 0.988 
1458    h1681    (0)   12 :  0.012 0.988 
1459    h1691    (0)   12 :  0.038 0.962 
1460    h1701    (0)   12 :  0.030 0.970 
1461    h1711    (0)   12 :  0.019 0.981 
1462    h1721    (0)   12 :  0.008 0.992 
1463    h1731    (0)   12 :  0.009 0.991 
1464    h1741    (0)   12 :  0.040 0.960 
1465    h1751    (0)   12 :  0.013 0.987 
1466    h1761    (0)   12 :  0.010 0.990 
1467    h1771    (0)   12 :  0.017 0.983 
1468    h1781    (0)   12 :  0.006 0.994 
1469    h1791    (0)   12 :  0.017 0.983 
1470    h1801    (0)   12 :  0.011 0.989 
1471    h1811    (0)   12 :  0.038 0.962 
1472    h1821    (0)   12 :  0.008 0.992 
1473    h1831    (0)   12 :  0.008 0.992 
1474    h1841    (0)   12 :  0.021 0.979 
1475    h1851    (0)   12 :  0.015 0.985 
1476    h1861    (0)   12 :  0.036 0.964 
1477    h1871    (0)   12 :  0.011 0.989 
1478    h1881    (0)   12 :  0.006 0.994 
1479    h1891    (0)   12 :  0.010 0.990 
1480    h1901    (0)   12 :  0.009 0.991 
1481    h1911    (0)   12 :  0.007 0.993 
1482    h1921    (0)   12 :  0.008 0.992 
1483    h1931    (0)   12 :  0.067 0.933 
1484    h1941    (0)   12 :  0.012 0.988 
1485    h1951    (0)   12 :  0.010 0.990 
1486    h1961    (0)   12 :  0.016 0.984 
1487    h1971    (0)   12 :  0.030 0.970 
1488    h1981    (0)   12 :  0.009 0.991 
1489    h1991    (0)   12 :  0.009 0.991 
1490    h2001    (0)   12 :  0.007 0.993 
1491    h2011    (0)   12 :  0.008 0.992 
1492    h2021    (0)   12 :  0.011 0.989 
1493    h2031    (0)   12 :  0.011 0.989 
1494    h2041    (0)   12 :  0.006 0.994 
1495    h2051    (0)   12 :  0.017 0.983 
1496    h2061    (0)   12 :  0.013 0.987 
1497    h2071    (0)   12 :  0.010 0.990 
1498    h2081    (0)   12 :  0.008 0.992 
1499    h2091    (0)   12 :  0.016 0.984 
1500    h2101    (0)   12 :  0.010 0.990 
1501    h2111    (0)   12 :  0.012 0.988 
1502    h2121    (0)   12 :  0.008 0.992 
1503    h2131    (0)   12 :  0.013 0.987 
1504    h2141    (0)   12 :  0.012 0.988 
1505    h2151    (0)   12 :  0.015 0.985 
1506    h2161    (0)   12 :  0.007 0.993 
1507    h2171    (0)   12 :  0.012 0.988 
1508    h2181    (0)   12 :  0.010 0.990 
1509    h2191    (0)   12 :  0.011 0.989 
1510    h2201    (0)   12 :  0.008 0.992 
1511    h2211    (0)   12 :  0.074 0.926 
1512    h2221    (0)   12 :  0.007 0.993 
1513    h2231    (0)   12 :  0.006 0.994 
1514    h2241    (0)   12 :  0.010 0.990 
1515    h2251    (0)   12 :  0.011 0.989 
1516    h2261    (0)   12 :  0.008 0.992 
1517    h2271    (0)   12 :  0.057 0.943 
1518    h2281    (0)   12 :  0.067 0.933 
1519    h2291    (0)   12 :  0.007 0.993 
1520    h2301    (0)   12 :  0.027 0.973 
1521    h2311    (0)   12 :  0.014 0.986 
1522    h2321    (0)   12 :  0.007 0.993 
1523    h2331    (0)   12 :  0.037 0.963 
1524    h2341    (0)   12 :  0.023 0.977 
1525    h2351    (0)   12 :  0.009 0.991 
1526    h2361    (0)   12 :  0.021 0.979 
1527    h2371    (0)   12 :  0.024 0.976 
1528    h2381    (0)   12 :  0.011 0.989 
1529    h2391    (0)   12 :  0.010 0.990 
1530    h2401    (0)   12 :  0.007 0.993 
1531    h2411    (0)   12 :  0.008 0.992 
1532    h2421    (0)   12 :  0.009 0.991 
1533    h2431    (0)   12 :  0.006 0.994 
1534    h2441    (0)   12 :  0.011 0.989 
1535    h2451    (0)   12 :  0.009 0.991 
1536    h2461    (0)   12 :  0.007 0.993 
1537    h2471    (0)   12 :  0.037 0.963 
1538    h2481    (0)   12 :  0.006 0.994 
1539    h2491    (0)   12 :  0.008 0.992 
1540    h2501    (0)   12 :  0.015 0.985 
1541    h2511    (0)   12 :  0.008 0.992 
1542    h2521    (0)   12 :  0.011 0.989 
1543    h2531    (0)   12 :  0.009 0.991 
1544    h2541    (0)   12 :  0.008 0.992 
1545    h2551    (0)   12 :  0.009 0.991 
1546    h2561    (0)   12 :  0.008 0.992 
1547    h2571    (0)   12 :  0.006 0.994 
1548    h2581    (0)   12 :  0.008 0.992 
1549    h2591    (0)   12 :  0.014 0.986 
1550    h2601    (0)   12 :  0.007 0.993 


Estimated Allele Frequencies in each cluster
First column gives estimated ancestral frequencies


Locus 1 : Cl147 
22 alleles
0.0% missing data
  45   (0.096) 0.168 0.012 
  69   (0.098) 0.097 0.251 
  73   (0.123) 0.178 0.114 
  77   (0.084) 0.117 0.015 
  56   (0.065) 0.052 0.047 
  65   (0.053) 0.022 0.194 
  41   (0.054) 0.135 0.000 
  52   (0.081) 0.105 0.019 
  48   (0.046) 0.025 0.008 
  81   (0.020) 0.007 0.000 
  49   (0.035) 0.048 0.000 
  60   (0.041) 0.021 0.003 
  84   (0.028) 0.005 0.002 
  89   (0.024) 0.011 0.000 
  61   (0.027) 0.003 0.009 
  44   (0.023) 0.001 0.248 
  68   (0.025) 0.002 0.066 
 801   (0.019) 0.001 0.006 
  85   (0.015) 0.001 0.002 
  72   (0.014) 0.000 0.002 
  80   (0.013) 0.000 0.001 
  40   (0.014) 0.000 0.001 

Locus 2 : Cl233 
31 alleles
0.0% missing data
  63   (0.105) 0.181 0.161 
  85   (0.053) 0.064 0.005 
  73   (0.030) 0.041 0.000 
  79   (0.031) 0.047 0.000 
  71   (0.082) 0.134 0.037 
  77   (0.030) 0.035 0.000 
  75   (0.039) 0.059 0.001 
  67   (0.083) 0.107 0.215 
  55   (0.054) 0.031 0.358 
  59   (0.058) 0.041 0.202 
  81   (0.038) 0.088 0.000 
  83   (0.028) 0.031 0.000 
  93   (0.020) 0.009 0.000 
 101   (0.018) 0.005 0.000 
  69   (0.017) 0.005 0.000 
  51   (0.038) 0.018 0.011 
 100   (0.023) 0.017 0.000 
  92   (0.021) 0.009 0.000 
1121   (0.015) 0.003 0.000 
1001   (0.014) 0.002 0.000 
  89   (0.024) 0.020 0.000 
 711   (0.018) 0.006 0.000 
 116   (0.017) 0.005 0.000 
  80   (0.018) 0.005 0.000 
  43   (0.017) 0.005 0.000 
  84   (0.015) 0.002 0.000 
  88   (0.029) 0.016 0.001 
 104   (0.021) 0.011 0.000 
  97   (0.017) 0.004 0.000 
 791   (0.012) 0.001 0.000 
  35   (0.014) 0.000 0.008 

Locus 3 : Cl264 
26 alleles
0.1% missing data
  65   (0.080) 0.099 0.129 
 651   (0.093) 0.166 0.043 
 691   (0.103) 0.182 0.077 
  57   (0.029) 0.005 0.020 
  61   (0.036) 0.008 0.199 
 731   (0.042) 0.092 0.000 
 811   (0.026) 0.024 0.000 
 611   (0.053) 0.040 0.042 
  69   (0.088) 0.113 0.213 
  77   (0.041) 0.020 0.013 
  49   (0.032) 0.051 0.000 
  45   (0.016) 0.003 0.000 
 491   (0.027) 0.004 0.009 
 571   (0.017) 0.004 0.000 
 771   (0.038) 0.062 0.000 
  89   (0.027) 0.028 0.000 
 652   (0.018) 0.005 0.000 
  53   (0.049) 0.024 0.160 
  73   (0.052) 0.036 0.059 
  80   (0.019) 0.007 0.000 
 531   (0.029) 0.006 0.009 
 693   (0.017) 0.004 0.000 
  93   (0.017) 0.004 0.000 
  85   (0.023) 0.014 0.000 
  37   (0.014) 0.000 0.023 
 692   (0.013) 0.000 0.004 

Locus 4 : Cl274 
8 alleles
0.0% missing data
  61   (0.406) 0.507 0.333 
  57   (0.184) 0.146 0.496 
  65   (0.144) 0.148 0.048 
  53   (0.082) 0.065 0.010 
  69   (0.074) 0.072 0.003 
  73   (0.037) 0.028 0.000 
  49   (0.043) 0.031 0.000 
  45   (0.029) 0.002 0.109 

Locus 5 : Cl285 
36 alleles
0.1% missing data
  75   (0.077) 0.115 0.234 
  71   (0.092) 0.181 0.198 
 631   (0.029) 0.046 0.000 
  67   (0.081) 0.119 0.293 
  63   (0.036) 0.083 0.000 
  79   (0.060) 0.082 0.044 
 792   (0.033) 0.065 0.000 
 671   (0.051) 0.048 0.061 
 831   (0.048) 0.046 0.028 
 752   (0.048) 0.069 0.005 
  55   (0.023) 0.003 0.006 
1401   (0.015) 0.003 0.000 
  59   (0.037) 0.022 0.014 
 712   (0.026) 0.037 0.000 
 833   (0.024) 0.026 0.000 
1322   (0.017) 0.005 0.000 
 136   (0.030) 0.010 0.004 
 164   (0.018) 0.008 0.000 
 872   (0.015) 0.003 0.000 
1282   (0.016) 0.005 0.000 
 148   (0.015) 0.003 0.000 
 144   (0.014) 0.002 0.000 
 119   (0.017) 0.006 0.000 
1402   (0.017) 0.007 0.000 
1361   (0.014) 0.000 0.014 
 751   (0.015) 0.000 0.036 
 791   (0.014) 0.000 0.012 
 132   (0.014) 0.000 0.025 
1281   (0.013) 0.000 0.008 
1441   (0.014) 0.000 0.004 
  87   (0.013) 0.000 0.002 
 711   (0.013) 0.000 0.004 
 124   (0.012) 0.000 0.001 
1321   (0.012) 0.000 0.003 
 832   (0.013) 0.000 0.003 
 140   (0.013) 0.000 0.002 

Locus 6 : Cl291 
20 alleles
0.3% missing data
 641   (0.074) 0.071 0.013 
  72   (0.112) 0.110 0.182 
 682   (0.031) 0.027 0.000 
 801   (0.044) 0.056 0.000 
 681   (0.120) 0.224 0.009 
  76   (0.104) 0.109 0.095 
 722   (0.067) 0.142 0.001 
 601   (0.024) 0.011 0.000 
  80   (0.053) 0.058 0.002 
 761   (0.036) 0.006 0.070 
 762   (0.043) 0.065 0.000 
 721   (0.073) 0.048 0.110 
  84   (0.049) 0.047 0.002 
  64   (0.045) 0.010 0.330 
  68   (0.039) 0.006 0.159 
 843   (0.018) 0.004 0.000 
 881   (0.019) 0.004 0.000 
 763   (0.017) 0.000 0.025 
 803   (0.019) 0.002 0.001 
  60   (0.014) 0.000 0.001 

Locus 7 : Cl308 
52 alleles
0.0% missing data
  72   (0.057) 0.149 0.126 
  64   (0.038) 0.033 0.174 
  68   (0.057) 0.105 0.497 
 103   (0.022) 0.034 0.000 
  80   (0.033) 0.038 0.010 
  76   (0.050) 0.098 0.126 
1151   (0.017) 0.013 0.000 
 123   (0.017) 0.013 0.000 
 115   (0.021) 0.037 0.000 
  83   (0.021) 0.026 0.000 
1231   (0.015) 0.007 0.000 
1192   (0.017) 0.005 0.001 
 131   (0.018) 0.017 0.000 
1191   (0.015) 0.007 0.000 
 752   (0.015) 0.007 0.000 
 143   (0.016) 0.011 0.000 
  79   (0.022) 0.048 0.000 
 119   (0.016) 0.013 0.000 
1431   (0.020) 0.028 0.000 
1112   (0.022) 0.045 0.000 
1193   (0.015) 0.008 0.000 
1591   (0.015) 0.007 0.000 
1232   (0.012) 0.002 0.000 
 139   (0.019) 0.008 0.001 
1111   (0.016) 0.008 0.000 
 127   (0.015) 0.006 0.000 
1391   (0.021) 0.030 0.000 
 121   (0.021) 0.008 0.002 
1313   (0.015) 0.008 0.000 
1113   (0.015) 0.006 0.000 
  87   (0.023) 0.058 0.000 
1031   (0.014) 0.005 0.000 
 155   (0.013) 0.003 0.000 
1312   (0.015) 0.007 0.000 
1272   (0.014) 0.005 0.000 
 151   (0.014) 0.005 0.000 
1351   (0.017) 0.013 0.000 
 135   (0.014) 0.005 0.000 
1432   (0.013) 0.003 0.000 
1152   (0.017) 0.014 0.000 
1271   (0.016) 0.009 0.000 
1311   (0.014) 0.004 0.000 
1472   (0.014) 0.005 0.000 
 137   (0.014) 0.005 0.000 
  88   (0.014) 0.006 0.000 
  60   (0.024) 0.006 0.023 
 712   (0.017) 0.015 0.000 
1071   (0.013) 0.003 0.000 
 107   (0.013) 0.002 0.001 
 751   (0.012) 0.000 0.029 
  71   (0.012) 0.000 0.005 
  67   (0.011) 0.000 0.003 

Locus 8 : Cl330 
25 alleles
1.4% missing data
  52   (0.129) 0.286 0.038 
 601   (0.080) 0.122 0.019 
  40   (0.068) 0.068 0.055 
  72   (0.038) 0.015 0.008 
  56   (0.095) 0.174 0.020 
 481   (0.065) 0.046 0.223 
  61   (0.031) 0.037 0.000 
  80   (0.019) 0.005 0.000 
 681   (0.047) 0.030 0.008 
  64   (0.054) 0.084 0.002 
  57   (0.021) 0.008 0.000 
  75   (0.021) 0.008 0.000 
  71   (0.022) 0.009 0.000 
  28   (0.049) 0.017 0.221 
  65   (0.022) 0.010 0.000 
 441   (0.051) 0.026 0.061 
  36   (0.031) 0.030 0.000 
  79   (0.018) 0.005 0.000 
  73   (0.018) 0.004 0.000 
 602   (0.019) 0.006 0.000 
 521   (0.019) 0.001 0.020 
  62   (0.030) 0.006 0.014 
  48   (0.020) 0.001 0.117 
  44   (0.017) 0.000 0.164 
  67   (0.015) 0.000 0.028 

Locus 9 : Cl344 
15 alleles
3.5% missing data
  56   (0.261) 0.428 0.071 
  60   (0.182) 0.239 0.080 
  48   (0.022) 0.006 0.000 
  76   (0.025) 0.010 0.000 
  64   (0.147) 0.124 0.414 
  72   (0.080) 0.072 0.011 
 761   (0.022) 0.005 0.000 
 641   (0.033) 0.025 0.000 
  68   (0.073) 0.049 0.025 
 601   (0.033) 0.027 0.000 
  52   (0.038) 0.005 0.298 
 681   (0.018) 0.002 0.000 
 721   (0.023) 0.006 0.000 
 521   (0.024) 0.001 0.036 
 561   (0.018) 0.000 0.063 

Locus 10 : Cl366 
8 alleles
0.1% missing data
  80   (0.278) 0.295 0.404 
  92   (0.056) 0.056 0.001 
  76   (0.222) 0.237 0.223 
  88   (0.062) 0.105 0.000 
  84   (0.131) 0.121 0.066 
  72   (0.188) 0.173 0.293 
  64   (0.045) 0.012 0.012 
  68   (0.018) 0.002 0.001 

Locus 11 : Cl375 
15 alleles
0.0% missing data
 491   (0.099) 0.103 0.086 
  53   (0.210) 0.293 0.410 
 612   (0.048) 0.022 0.014 
  57   (0.169) 0.265 0.104 
  45   (0.071) 0.046 0.102 
  61   (0.124) 0.141 0.166 
 651   (0.042) 0.023 0.002 
  69   (0.031) 0.024 0.000 
 571   (0.056) 0.034 0.014 
  65   (0.032) 0.029 0.000 
  37   (0.019) 0.004 0.000 
 691   (0.032) 0.005 0.009 
 531   (0.037) 0.007 0.076 
  49   (0.016) 0.000 0.017 
 532   (0.014) 0.000 0.001 

Locus 12 : Cl408 
13 alleles
0.1% missing data
  62   (0.223) 0.314 0.064 
  74   (0.046) 0.054 0.000 
  50   (0.068) 0.023 0.263 
  58   (0.108) 0.082 0.104 
  66   (0.140) 0.215 0.009 
  70   (0.056) 0.078 0.000 
  54   (0.177) 0.181 0.183 
  78   (0.028) 0.012 0.000 
  79   (0.024) 0.006 0.000 
  75   (0.068) 0.030 0.092 
  82   (0.021) 0.004 0.000 
  46   (0.022) 0.001 0.269 
  34   (0.019) 0.001 0.015 

Locus 13 : Cl507 
22 alleles
0.0% missing data
  70   (0.080) 0.071 0.069 
  94   (0.037) 0.024 0.001 
  74   (0.053) 0.078 0.001 
  54   (0.058) 0.032 0.064 
  82   (0.080) 0.216 0.001 
  90   (0.066) 0.058 0.016 
  86   (0.054) 0.086 0.001 
 701   (0.025) 0.013 0.000 
  78   (0.052) 0.086 0.001 
  62   (0.097) 0.081 0.280 
 741   (0.037) 0.052 0.000 
  66   (0.113) 0.111 0.324 
 661   (0.030) 0.019 0.000 
  58   (0.050) 0.016 0.167 
  98   (0.033) 0.022 0.000 
 781   (0.026) 0.015 0.000 
 141   (0.023) 0.010 0.000 
 102   (0.016) 0.002 0.000 
 106   (0.020) 0.006 0.000 
  50   (0.019) 0.001 0.019 
 621   (0.016) 0.000 0.049 
 702   (0.015) 0.000 0.006 

Locus 14 : Cl527 
29 alleles
0.0% missing data
  62   (0.086) 0.131 0.029 
 622   (0.016) 0.003 0.000 
 461   (0.034) 0.011 0.004 
  82   (0.018) 0.005 0.000 
 661   (0.058) 0.138 0.001 
  70   (0.039) 0.072 0.000 
 581   (0.052) 0.036 0.020 
 701   (0.039) 0.075 0.000 
 501   (0.026) 0.021 0.000 
  66   (0.092) 0.110 0.163 
 741   (0.027) 0.027 0.000 
  58   (0.073) 0.096 0.016 
 541   (0.042) 0.073 0.000 
  74   (0.029) 0.005 0.004 
 621   (0.047) 0.110 0.000 
  78   (0.023) 0.009 0.000 
 781   (0.019) 0.006 0.000 
 462   (0.029) 0.010 0.002 
  67   (0.030) 0.015 0.001 
  54   (0.036) 0.007 0.218 
  50   (0.055) 0.028 0.208 
  63   (0.021) 0.009 0.000 
  61   (0.017) 0.001 0.049 
  42   (0.024) 0.002 0.166 
  46   (0.016) 0.000 0.096 
  26   (0.013) 0.001 0.000 
  65   (0.014) 0.000 0.010 
  53   (0.013) 0.000 0.001 
  57   (0.014) 0.000 0.009 

Locus 15 : Cl380 
21 alleles
3.0% missing data
 671   (0.110) 0.134 0.159 
 672   (0.103) 0.117 0.145 
 751   (0.032) 0.036 0.000 
  71   (0.039) 0.060 0.000 
  79   (0.172) 0.241 0.493 
  75   (0.090) 0.114 0.034 
 711   (0.051) 0.113 0.000 
  67   (0.027) 0.018 0.000 
 791   (0.021) 0.008 0.000 
 591   (0.042) 0.018 0.007 
 552   (0.034) 0.043 0.000 
 792   (0.024) 0.013 0.000 
 593   (0.023) 0.011 0.000 
  59   (0.047) 0.026 0.011 
 631   (0.030) 0.004 0.026 
 833   (0.034) 0.009 0.005 
 712   (0.026) 0.015 0.000 
  63   (0.046) 0.018 0.036 
 551   (0.020) 0.001 0.071 
 592   (0.015) 0.000 0.008 
 632   (0.014) 0.000 0.005 

Locus 16 : Lup02 
6 alleles
0.1% missing data
  56   (0.481) 0.509 0.648 
  60   (0.172) 0.176 0.061 
  52   (0.148) 0.107 0.211 
  48   (0.131) 0.189 0.004 
 561   (0.029) 0.014 0.000 
  64   (0.039) 0.005 0.076 

Locus 17 : Lup13 
5 alleles
0.0% missing data
  57   (0.297) 0.251 0.625 
  61   (0.407) 0.466 0.237 
  65   (0.096) 0.125 0.002 
  53   (0.182) 0.158 0.134 
  69   (0.018) 0.001 0.002 

Locus 18 : Lup20 
9 alleles
0.8% missing data
  56   (0.471) 0.634 0.210 
 601   (0.073) 0.106 0.001 
  60   (0.180) 0.136 0.440 
  68   (0.085) 0.037 0.192 
  64   (0.096) 0.059 0.076 
  72   (0.027) 0.011 0.000 
 681   (0.022) 0.005 0.000 
 641   (0.028) 0.012 0.000 
  52   (0.020) 0.000 0.082 

Locus 19 : Lup21 
11 alleles
0.1% missing data
  41   (0.305) 0.386 0.095 
  57   (0.266) 0.306 0.113 
  53   (0.170) 0.120 0.405 
  37   (0.029) 0.013 0.000 
  45   (0.088) 0.164 0.000 
 531   (0.017) 0.002 0.000 
 611   (0.031) 0.002 0.030 
 491   (0.020) 0.004 0.000 
  49   (0.028) 0.002 0.223 
 612   (0.022) 0.001 0.037 
  61   (0.024) 0.001 0.096 

Locus 20 : Lup23 
6 alleles
0.0% missing data
  59   (0.278) 0.219 0.340 
  63   (0.627) 0.759 0.171 
  67   (0.035) 0.020 0.000 
  55   (0.026) 0.001 0.478 
  51   (0.017) 0.000 0.002 
 671   (0.017) 0.000 0.009 

Values of parameters used in structure:
DATAFILE=/home/eva.pavlovic/data_job_4a2_4_1,	OUTFILE=/home/eva.pavlovic/ParallelStructure/26_results_20MS/4a2_Croatia_high_numbers/4a2_Croatia_high_numbers_4/results_job_4a2_4_1,	NUMINDS=1550,	NUMLOCI=20,	MISSING=-9,	LABEL=1,	POPDATA=1,	POPFLAG=0,	PHENOTYPE=0,	EXTRACOLS=0,	MAXPOPS=2,	BURNIN=300000,	NUMREPS=3000000,	USEPOPINFO=0,	INFERALPHA=1,	INFERLAMBDA=0,	POPSPECIFICLAMBDA=0,	POPALPHAS=0,	COMPUTEPROB=1,	NOADMIX=0,	ADMBURNIN=2500,	UPDATEFREQ=1,	PRINTLIKES=0,	INTERMEDSAVE=0,	PRINTKLD=0,	PRINTNET=0,	PRINTLAMBDA=0,	ANCESTDIST=0,	NUMBOXES=1000,	ANCESTPINT=0.90000,	GENSBACK=2,	MIGRPRIOR=0.05000,	PRINTQHAT=1,	PRINTQSUM=0,	ALPHA=1.0000,	FREQSCORR=1,	FPRIORMEAN=0.0100,	FPRIORSD=0.0500,	ONEFST=0,	LAMBDA=1.0000,	UNIFPRIORALPHA=1,	ALPHAMAX=10.0000,	ALPHAPRIORA=1.0000,	ALPHAPRIORB=2.0000,	ALPHAPROPSD=0.0250,	STARTATPOPINFO=0,	RANDOMIZE=1,	LINKAGE=0,	METROFREQ=10,	REPORTHITRATE=0,	MARKOVPHASE=-1,	PHASED=0,	PLOIDY=2,	PHASEINFO=0	LOCPRIOR=0, 	LOCPRIORINIT=1.000000, 	LOCDATA=0, 	LOCISPOP=0, 	LOCPRIORSTEP=0.100000, 	MAXLOCPRIOR=20.000000, 	SEED=1772677149,	
[STRAT parameters]:    NUMSIMSTATS=1000,	PHENOTYPECOL=-9,	POOLFREQ=10,	LOCUSxONLY=0,	EMERROR=0.00100,	MISSINGPHENO=-9,	