

----------------------------------------------------
STRUCTURE by Pritchard, Stephens and Donnelly (2000)
     and Falush, Stephens and Pritchard (2003)
       Code by Pritchard, Falush and Hubisz
             Version 2.3.4 (Jul 2012)
----------------------------------------------------



Command line arguments:   /home/eva.pavlovic/Structure/structure -m parameter_job_4a2_5_2 
Input File:    /home/eva.pavlovic/data_job_4a2_5_2

Run parameters:
   1550 individuals
   20 loci
   2 populations assumed
   300000 Burn-in period
   3000000 Reps


--------------------------------------------
Proportion of membership of each pre-defined
 population in each of the 2 clusters

Given    Inferred Clusters       Number of
 Pop       1      2             Individuals

  1:     0.016  0.984             100
  2:     0.016  0.984             400
  3:     0.093  0.907             100
  4:     0.237  0.763             100
  5:     0.545  0.455               6
  6:     0.481  0.519             100
  7:     0.814  0.186               2
  8:     0.744  0.256             100
  9:     0.880  0.120              42
 10:     0.894  0.106             100
 11:     0.981  0.019             240
 12:     0.986  0.014             260
--------------------------------------------

Allele-freq. divergence among pops (Net nucleotide distance),
computed using point estimates of P.

      1       2      
 1      -    0.0996  
 2   0.0996     -    

Average distances (expected heterozygosity) between individuals in same cluster:
cluster  1  : 0.7352 
cluster  2  : 0.7888 

--------------------------------------------
Estimated Ln Prob of Data   = -115821.8
Mean value of ln likelihood = -115419.2
Variance of ln likelihood   = 805.2
Mean value of alpha         = 0.1379

Mean value of Fst_1         = 0.1775
Mean value of Fst_2         = 0.0400


Inferred ancestry of individuals:
        Label (%Miss) Pop:  Inferred clusters
  1    M1EL5    (5)    1 :  0.015 0.985 
  2    W26T6    (5)    1 :  0.030 0.970 
  3    W26XX    (5)    1 :  0.010 0.990 
  4    M013P    (0)    1 :  0.007 0.993 
  5    M1ELA    (0)    1 :  0.037 0.963 
  6    M2C73    (0)    1 :  0.013 0.987 
  7    W23P4    (0)    1 :  0.079 0.921 
  8    W247C    (5)    1 :  0.008 0.992 
  9    W24K1    (0)    1 :  0.008 0.992 
 10    W24ME    (0)    1 :  0.031 0.969 
 11    W2514    (0)    1 :  0.019 0.981 
 12    W26MA    (0)    1 :  0.018 0.982 
 13    W26MM    (0)    1 :  0.010 0.990 
 14    W26MU    (0)    1 :  0.014 0.986 
 15    W26P0    (0)    1 :  0.010 0.990 
 16    W26P3    (0)    1 :  0.007 0.993 
 17    W26T5    (0)    1 :  0.008 0.992 
 18    W26TE    (0)    1 :  0.020 0.980 
 19    W26TF    (0)    1 :  0.008 0.992 
 20    W26U8    (0)    1 :  0.034 0.966 
 21    W26UJ    (0)    1 :  0.008 0.992 
 22    W26UK    (0)    1 :  0.007 0.993 
 23    W26UT    (0)    1 :  0.007 0.993 
 24    W26XT    (0)    1 :  0.009 0.991 
 25   CC06H2    (0)    1 :  0.031 0.969 
 26   CC06H4    (0)    1 :  0.011 0.989 
 27   CC06H5    (5)    1 :  0.051 0.949 
 28   CC06H6    (0)    1 :  0.013 0.987 
 29   CC06HE    (0)    1 :  0.008 0.992 
 30   CC06HF    (0)    1 :  0.053 0.947 
 31   CC06HH    (0)    1 :  0.009 0.991 
 32   CC06HJ    (0)    1 :  0.014 0.986 
 33   CC06HL    (0)    1 :  0.007 0.993 
 34   CC06HP    (0)    1 :  0.007 0.993 
 35   CC06HT    (0)    1 :  0.027 0.973 
 36   CC06HU    (0)    1 :  0.019 0.981 
 37   CC06HY    (0)    1 :  0.019 0.981 
 38   CC06J0    (0)    1 :  0.011 0.989 
 39   CC06J1    (0)    1 :  0.041 0.959 
 40   CC06J2    (0)    1 :  0.012 0.988 
 41  CT.0YCY    (0)    1 :  0.012 0.988 
 42  CT.0YEC    (0)    1 :  0.007 0.993 
 43  CT.0YEF    (0)    1 :  0.013 0.987 
 44  CT.0YEU    (0)    1 :  0.007 0.993 
 45  CT.0YF2    (5)    1 :  0.019 0.981 
 46  CT.0YF8    (0)    1 :  0.008 0.992 
 47  CT.0YFA    (0)    1 :  0.017 0.983 
 48  CT.0YFE    (0)    1 :  0.016 0.984 
 49  CT.0YFP    (0)    1 :  0.013 0.987 
 50  CT.0YFU    (0)    1 :  0.013 0.987 
 51  CT.0YK7    (0)    1 :  0.015 0.985 
 52  CX.10PT    (0)    1 :  0.034 0.966 
 53   DAM021    (0)    1 :  0.012 0.988 
 54   DAM034    (0)    1 :  0.017 0.983 
 55   DAM07X    (0)    1 :  0.014 0.986 
 56  EF.15J6    (0)    1 :  0.009 0.991 
 57   HRV010   (10)    1 :  0.010 0.990 
 58   HRV02J    (5)    1 :  0.017 0.983 
 59   HRV078    (0)    1 :  0.013 0.987 
 60   HRV0FH    (0)    1 :  0.010 0.990 
 61   HRV0H5    (0)    1 :  0.014 0.986 
 62   HRV0JF    (0)    1 :  0.018 0.982 
 63   HRV0JJ    (0)    1 :  0.021 0.979 
 64   HRV0JM    (0)    1 :  0.013 0.987 
 65   HRV0K6    (0)    1 :  0.029 0.971 
 66   HRV0K7    (0)    1 :  0.009 0.991 
 67   HRV0KP    (5)    1 :  0.013 0.987 
 68   HRV1AX    (0)    1 :  0.025 0.975 
 69   HRV1C4    (0)    1 :  0.021 0.979 
 70   HRV1CH    (0)    1 :  0.017 0.983 
 71   HRV1FA    (5)    1 :  0.017 0.983 
 72   HRV1FK    (0)    1 :  0.016 0.984 
 73   HRV1H8    (5)    1 :  0.012 0.988 
 74   HRV1HT   (10)    1 :  0.016 0.984 
 75   HRV1XU   (10)    1 :  0.012 0.988 
 76   HRV4TF    (0)    1 :  0.009 0.991 
 77   HRV6F0   (10)    1 :  0.010 0.990 
 78   HRVE6L    (0)    1 :  0.015 0.985 
 79    M27HM    (5)    1 :  0.024 0.976 
 80    M27HP    (0)    1 :  0.008 0.992 
 81    M2AK4    (0)    1 :  0.008 0.992 
 82    M2ALA    (0)    1 :  0.008 0.992 
 83    M2C56    (0)    1 :  0.015 0.985 
 84    M2CUX    (0)    1 :  0.016 0.984 
 85    M2E24    (0)    1 :  0.008 0.992 
 86    M2EA7    (5)    1 :  0.011 0.989 
 87    M2EH6    (0)    1 :  0.010 0.990 
 88    M2EKC    (0)    1 :  0.052 0.948 
 89   MSV083    (0)    1 :  0.012 0.988 
 90   MSV084    (0)    1 :  0.015 0.985 
 91   MSV0LJ    (0)    1 :  0.015 0.985 
 92   MSV1H5    (0)    1 :  0.015 0.985 
 93   MSV1KM    (0)    1 :  0.009 0.991 
 94   MSV23F    (5)    1 :  0.010 0.990 
 95   MSV2L8    (0)    1 :  0.011 0.989 
 96   MSV2P7    (5)    1 :  0.009 0.991 
 97   MSV2TJ    (0)    1 :  0.018 0.982 
 98   MSV2XM    (0)    1 :  0.014 0.986 
 99   MSV327    (5)    1 :  0.010 0.990 
100   MSV33L    (5)    1 :  0.008 0.992 
101    h0015    (0)    2 :  0.011 0.989 
102    h0025    (0)    2 :  0.053 0.947 
103    h0035    (0)    2 :  0.014 0.986 
104    h0045    (0)    2 :  0.027 0.973 
105    h0055    (0)    2 :  0.014 0.986 
106    h0065    (0)    2 :  0.016 0.984 
107    h0075    (0)    2 :  0.011 0.989 
108    h0085    (0)    2 :  0.008 0.992 
109    h0095    (0)    2 :  0.010 0.990 
110    h0105    (0)    2 :  0.010 0.990 
111    h0115    (0)    2 :  0.014 0.986 
112    h0125    (0)    2 :  0.010 0.990 
113    h0135    (0)    2 :  0.019 0.981 
114    h0145    (0)    2 :  0.013 0.987 
115    h0155    (0)    2 :  0.013 0.987 
116    h0165    (0)    2 :  0.034 0.966 
117    h0175    (0)    2 :  0.007 0.993 
118    h0185    (0)    2 :  0.007 0.993 
119    h0195    (0)    2 :  0.017 0.983 
120    h0205    (0)    2 :  0.010 0.990 
121    h0215    (0)    2 :  0.023 0.977 
122    h0225    (0)    2 :  0.010 0.990 
123    h0235    (0)    2 :  0.007 0.993 
124    h0245    (0)    2 :  0.015 0.985 
125    h0255    (0)    2 :  0.008 0.992 
126    h0265    (0)    2 :  0.015 0.985 
127    h0275    (0)    2 :  0.016 0.984 
128    h0285    (0)    2 :  0.008 0.992 
129    h0295    (0)    2 :  0.010 0.990 
130    h0305    (0)    2 :  0.009 0.991 
131    h0315    (0)    2 :  0.011 0.989 
132    h0325    (0)    2 :  0.018 0.982 
133    h0335    (0)    2 :  0.008 0.992 
134    h0345    (0)    2 :  0.010 0.990 
135    h0355    (0)    2 :  0.011 0.989 
136    h0365    (0)    2 :  0.009 0.991 
137    h0375    (0)    2 :  0.012 0.988 
138    h0385    (0)    2 :  0.008 0.992 
139    h0395    (0)    2 :  0.009 0.991 
140    h0405    (0)    2 :  0.008 0.992 
141    h0415    (0)    2 :  0.015 0.985 
142    h0425    (0)    2 :  0.017 0.983 
143    h0435    (0)    2 :  0.009 0.991 
144    h0445    (0)    2 :  0.011 0.989 
145    h0455    (0)    2 :  0.014 0.986 
146    h0465    (0)    2 :  0.025 0.975 
147    h0475    (0)    2 :  0.007 0.993 
148    h0485    (0)    2 :  0.008 0.992 
149    h0495    (0)    2 :  0.022 0.978 
150    h0505    (0)    2 :  0.015 0.985 
151    h0515    (0)    2 :  0.021 0.979 
152    h0525    (0)    2 :  0.013 0.987 
153    h0535    (0)    2 :  0.013 0.987 
154    h0545    (0)    2 :  0.015 0.985 
155    h0555    (0)    2 :  0.013 0.987 
156    h0565    (0)    2 :  0.008 0.992 
157    h0575    (0)    2 :  0.013 0.987 
158    h0585    (0)    2 :  0.007 0.993 
159    h0595    (0)    2 :  0.011 0.989 
160    h0605    (0)    2 :  0.012 0.988 
161    h0615    (0)    2 :  0.008 0.992 
162    h0625    (0)    2 :  0.015 0.985 
163    h0635    (0)    2 :  0.009 0.991 
164    h0645    (0)    2 :  0.009 0.991 
165    h0655    (0)    2 :  0.010 0.990 
166    h0665    (0)    2 :  0.011 0.989 
167    h0675    (0)    2 :  0.008 0.992 
168    h0685    (0)    2 :  0.025 0.975 
169    h0695    (0)    2 :  0.014 0.986 
170    h0705    (0)    2 :  0.008 0.992 
171    h0715    (0)    2 :  0.018 0.982 
172    h0725    (0)    2 :  0.016 0.984 
173    h0735    (0)    2 :  0.023 0.977 
174    h0745    (0)    2 :  0.020 0.980 
175    h0755    (0)    2 :  0.012 0.988 
176    h0765    (0)    2 :  0.060 0.940 
177    h0775    (0)    2 :  0.011 0.989 
178    h0785    (0)    2 :  0.013 0.987 
179    h0795    (0)    2 :  0.015 0.985 
180    h0805    (0)    2 :  0.010 0.990 
181    h0815    (0)    2 :  0.014 0.986 
182    h0825    (0)    2 :  0.013 0.987 
183    h0835    (0)    2 :  0.006 0.994 
184    h0845    (0)    2 :  0.010 0.990 
185    h0855    (0)    2 :  0.008 0.992 
186    h0865    (0)    2 :  0.064 0.936 
187    h0875    (0)    2 :  0.017 0.983 
188    h0885    (0)    2 :  0.014 0.986 
189    h0895    (0)    2 :  0.008 0.992 
190    h0905    (0)    2 :  0.041 0.959 
191    h0915    (0)    2 :  0.062 0.938 
192    h0925    (0)    2 :  0.020 0.980 
193    h0935    (0)    2 :  0.010 0.990 
194    h0945    (0)    2 :  0.008 0.992 
195    h0955    (0)    2 :  0.008 0.992 
196    h0965    (0)    2 :  0.009 0.991 
197    h0975    (0)    2 :  0.012 0.988 
198    h0985    (0)    2 :  0.013 0.987 
199    h0995    (0)    2 :  0.015 0.985 
200    h1005    (0)    2 :  0.035 0.965 
201     h101    (0)    2 :  0.012 0.988 
202     h102    (0)    2 :  0.013 0.987 
203     h103    (0)    2 :  0.013 0.987 
204     h104    (0)    2 :  0.017 0.983 
205     h105    (0)    2 :  0.038 0.962 
206     h106    (0)    2 :  0.007 0.993 
207     h107    (0)    2 :  0.011 0.989 
208     h108    (0)    2 :  0.018 0.982 
209     h109    (0)    2 :  0.008 0.992 
210     h110    (0)    2 :  0.013 0.987 
211     h111    (0)    2 :  0.107 0.893 
212     h112    (0)    2 :  0.022 0.978 
213     h113    (0)    2 :  0.012 0.988 
214     h114    (0)    2 :  0.008 0.992 
215     h115    (0)    2 :  0.013 0.987 
216     h116    (0)    2 :  0.014 0.986 
217     h117    (0)    2 :  0.008 0.992 
218     h118    (0)    2 :  0.017 0.983 
219     h119    (0)    2 :  0.006 0.994 
220     h120    (0)    2 :  0.014 0.986 
221     h121    (0)    2 :  0.025 0.975 
222     h122    (0)    2 :  0.010 0.990 
223     h123    (0)    2 :  0.007 0.993 
224     h124    (0)    2 :  0.010 0.990 
225     h125    (0)    2 :  0.012 0.988 
226     h126    (0)    2 :  0.030 0.970 
227     h127    (0)    2 :  0.011 0.989 
228     h128    (0)    2 :  0.012 0.988 
229     h129    (0)    2 :  0.026 0.974 
230     h130    (0)    2 :  0.020 0.980 
231     h131    (0)    2 :  0.012 0.988 
232     h132    (0)    2 :  0.008 0.992 
233     h133    (0)    2 :  0.018 0.982 
234     h134    (0)    2 :  0.012 0.988 
235     h135    (0)    2 :  0.017 0.983 
236     h136    (0)    2 :  0.025 0.975 
237     h137    (0)    2 :  0.012 0.988 
238     h138    (0)    2 :  0.015 0.985 
239     h139    (0)    2 :  0.013 0.987 
240     h140    (0)    2 :  0.011 0.989 
241     h141    (0)    2 :  0.011 0.989 
242     h142    (0)    2 :  0.008 0.992 
243     h143    (0)    2 :  0.011 0.989 
244     h144    (0)    2 :  0.010 0.990 
245     h145    (0)    2 :  0.025 0.975 
246     h146    (0)    2 :  0.012 0.988 
247     h147    (0)    2 :  0.009 0.991 
248     h148    (0)    2 :  0.008 0.992 
249     h149    (0)    2 :  0.018 0.982 
250     h150    (0)    2 :  0.011 0.989 
251     h151    (0)    2 :  0.008 0.992 
252     h152    (0)    2 :  0.053 0.947 
253     h153    (0)    2 :  0.009 0.991 
254     h154    (0)    2 :  0.011 0.989 
255     h155    (0)    2 :  0.022 0.978 
256     h156    (0)    2 :  0.011 0.989 
257     h157    (0)    2 :  0.016 0.984 
258     h158    (0)    2 :  0.016 0.984 
259     h159    (0)    2 :  0.010 0.990 
260     h160    (0)    2 :  0.020 0.980 
261     h161    (0)    2 :  0.009 0.991 
262     h162    (0)    2 :  0.025 0.975 
263     h163    (0)    2 :  0.007 0.993 
264     h164    (0)    2 :  0.010 0.990 
265     h165    (0)    2 :  0.022 0.978 
266     h166    (0)    2 :  0.019 0.981 
267     h167    (0)    2 :  0.009 0.991 
268     h168    (0)    2 :  0.007 0.993 
269     h169    (0)    2 :  0.021 0.979 
270     h170    (0)    2 :  0.021 0.979 
271     h171    (0)    2 :  0.040 0.960 
272     h172    (0)    2 :  0.009 0.991 
273     h173    (0)    2 :  0.010 0.990 
274     h174    (0)    2 :  0.008 0.992 
275     h175    (0)    2 :  0.066 0.934 
276     h176    (0)    2 :  0.006 0.994 
277     h177    (0)    2 :  0.011 0.989 
278     h178    (0)    2 :  0.011 0.989 
279     h179    (0)    2 :  0.008 0.992 
280     h180    (0)    2 :  0.009 0.991 
281     h181    (0)    2 :  0.007 0.993 
282     h182    (0)    2 :  0.007 0.993 
283     h183    (0)    2 :  0.020 0.980 
284     h184    (0)    2 :  0.007 0.993 
285     h185    (0)    2 :  0.008 0.992 
286     h186    (0)    2 :  0.066 0.934 
287     h187    (0)    2 :  0.027 0.973 
288     h188    (0)    2 :  0.013 0.987 
289     h189    (0)    2 :  0.010 0.990 
290     h190    (0)    2 :  0.015 0.985 
291     h191    (0)    2 :  0.013 0.987 
292     h192    (0)    2 :  0.009 0.991 
293     h193    (0)    2 :  0.011 0.989 
294     h194    (0)    2 :  0.010 0.990 
295     h195    (0)    2 :  0.010 0.990 
296     h196    (0)    2 :  0.016 0.984 
297     h197    (0)    2 :  0.009 0.991 
298     h198    (0)    2 :  0.031 0.969 
299     h199    (0)    2 :  0.014 0.986 
300     h200    (0)    2 :  0.010 0.990 
301     h201    (0)    2 :  0.011 0.989 
302     h202    (0)    2 :  0.008 0.992 
303     h203    (0)    2 :  0.013 0.987 
304     h204    (0)    2 :  0.010 0.990 
305     h205    (0)    2 :  0.009 0.991 
306     h206    (0)    2 :  0.009 0.991 
307     h207    (0)    2 :  0.014 0.986 
308     h208    (0)    2 :  0.014 0.986 
309     h209    (0)    2 :  0.018 0.982 
310     h210    (0)    2 :  0.008 0.992 
311     h211    (0)    2 :  0.012 0.988 
312     h212    (0)    2 :  0.015 0.985 
313     h213    (0)    2 :  0.025 0.975 
314     h214    (0)    2 :  0.011 0.989 
315     h215    (0)    2 :  0.009 0.991 
316     h216    (0)    2 :  0.009 0.991 
317     h217    (0)    2 :  0.012 0.988 
318     h218    (0)    2 :  0.008 0.992 
319     h219    (0)    2 :  0.030 0.970 
320     h220    (0)    2 :  0.013 0.987 
321     h221    (0)    2 :  0.021 0.979 
322     h222    (0)    2 :  0.012 0.988 
323     h223    (0)    2 :  0.017 0.983 
324     h224    (0)    2 :  0.028 0.972 
325     h225    (0)    2 :  0.013 0.987 
326     h226    (0)    2 :  0.005 0.995 
327     h227    (0)    2 :  0.010 0.990 
328     h228    (0)    2 :  0.019 0.981 
329     h229    (0)    2 :  0.016 0.984 
330     h230    (0)    2 :  0.007 0.993 
331     h231    (0)    2 :  0.017 0.983 
332     h232    (0)    2 :  0.013 0.987 
333     h233    (0)    2 :  0.008 0.992 
334     h234    (0)    2 :  0.009 0.991 
335     h235    (0)    2 :  0.033 0.967 
336     h236    (0)    2 :  0.021 0.979 
337     h237    (0)    2 :  0.011 0.989 
338     h238    (0)    2 :  0.008 0.992 
339     h239    (0)    2 :  0.010 0.990 
340     h240    (0)    2 :  0.013 0.987 
341     h241    (0)    2 :  0.023 0.977 
342     h242    (0)    2 :  0.009 0.991 
343     h243    (0)    2 :  0.010 0.990 
344     h244    (0)    2 :  0.010 0.990 
345     h245    (0)    2 :  0.018 0.982 
346     h246    (0)    2 :  0.028 0.972 
347     h247    (0)    2 :  0.007 0.993 
348     h248    (0)    2 :  0.011 0.989 
349     h249    (0)    2 :  0.022 0.978 
350     h250    (0)    2 :  0.023 0.977 
351     h251    (0)    2 :  0.018 0.982 
352     h252    (0)    2 :  0.008 0.992 
353     h253    (0)    2 :  0.015 0.985 
354     h254    (0)    2 :  0.012 0.988 
355     h255    (0)    2 :  0.013 0.987 
356     h256    (0)    2 :  0.007 0.993 
357     h257    (0)    2 :  0.029 0.971 
358     h258    (0)    2 :  0.020 0.980 
359     h259    (0)    2 :  0.028 0.972 
360     h260    (0)    2 :  0.006 0.994 
361     h261    (0)    2 :  0.010 0.990 
362     h262    (0)    2 :  0.023 0.977 
363     h263    (0)    2 :  0.008 0.992 
364     h264    (0)    2 :  0.011 0.989 
365     h265    (0)    2 :  0.008 0.992 
366     h266    (0)    2 :  0.007 0.993 
367     h267    (0)    2 :  0.013 0.987 
368     h268    (0)    2 :  0.013 0.987 
369     h269    (0)    2 :  0.007 0.993 
370     h270    (0)    2 :  0.058 0.942 
371     h271    (0)    2 :  0.082 0.918 
372     h272    (0)    2 :  0.012 0.988 
373     h273    (0)    2 :  0.066 0.934 
374     h274    (0)    2 :  0.010 0.990 
375     h275    (0)    2 :  0.011 0.989 
376     h276    (0)    2 :  0.016 0.984 
377     h277    (0)    2 :  0.038 0.962 
378     h278    (0)    2 :  0.009 0.991 
379     h279    (0)    2 :  0.021 0.979 
380     h280    (0)    2 :  0.009 0.991 
381     h281    (0)    2 :  0.009 0.991 
382     h282    (0)    2 :  0.014 0.986 
383     h283    (0)    2 :  0.009 0.991 
384     h284    (0)    2 :  0.016 0.984 
385     h285    (0)    2 :  0.021 0.979 
386     h286    (0)    2 :  0.007 0.993 
387     h287    (0)    2 :  0.017 0.983 
388     h288    (0)    2 :  0.007 0.993 
389     h289    (0)    2 :  0.014 0.986 
390     h290    (0)    2 :  0.014 0.986 
391     h291    (0)    2 :  0.034 0.966 
392     h292    (0)    2 :  0.008 0.992 
393     h293    (0)    2 :  0.011 0.989 
394     h294    (0)    2 :  0.019 0.981 
395     h295    (0)    2 :  0.011 0.989 
396     h296    (0)    2 :  0.032 0.968 
397     h297    (0)    2 :  0.033 0.967 
398     h298    (0)    2 :  0.013 0.987 
399     h299    (0)    2 :  0.013 0.987 
400     h300    (0)    2 :  0.029 0.971 
401     h301    (0)    2 :  0.021 0.979 
402     h302    (0)    2 :  0.010 0.990 
403     h303    (0)    2 :  0.022 0.978 
404     h304    (0)    2 :  0.018 0.982 
405     h305    (0)    2 :  0.013 0.987 
406     h306    (0)    2 :  0.014 0.986 
407     h307    (0)    2 :  0.008 0.992 
408     h308    (0)    2 :  0.048 0.952 
409     h309    (0)    2 :  0.033 0.967 
410     h310    (0)    2 :  0.008 0.992 
411     h311    (0)    2 :  0.008 0.992 
412     h312    (0)    2 :  0.018 0.982 
413     h313    (0)    2 :  0.028 0.972 
414     h314    (0)    2 :  0.011 0.989 
415     h315    (0)    2 :  0.010 0.990 
416     h316    (0)    2 :  0.026 0.974 
417     h317    (0)    2 :  0.014 0.986 
418     h318    (0)    2 :  0.012 0.988 
419     h319    (0)    2 :  0.009 0.991 
420     h320    (0)    2 :  0.021 0.979 
421     h321    (0)    2 :  0.010 0.990 
422     h322    (0)    2 :  0.009 0.991 
423     h323    (0)    2 :  0.009 0.991 
424     h324    (0)    2 :  0.049 0.951 
425     h325    (0)    2 :  0.018 0.982 
426     h326    (0)    2 :  0.044 0.956 
427     h327    (0)    2 :  0.019 0.981 
428     h328    (0)    2 :  0.011 0.989 
429     h329    (0)    2 :  0.031 0.969 
430     h330    (0)    2 :  0.008 0.992 
431     h331    (0)    2 :  0.019 0.981 
432     h332    (0)    2 :  0.009 0.991 
433     h333    (0)    2 :  0.006 0.994 
434     h334    (0)    2 :  0.007 0.993 
435     h335    (0)    2 :  0.018 0.982 
436     h336    (0)    2 :  0.029 0.971 
437     h337    (0)    2 :  0.010 0.990 
438     h338    (0)    2 :  0.011 0.989 
439     h339    (0)    2 :  0.010 0.990 
440     h340    (0)    2 :  0.014 0.986 
441     h341    (0)    2 :  0.009 0.991 
442     h342    (0)    2 :  0.014 0.986 
443     h343    (0)    2 :  0.011 0.989 
444     h344    (0)    2 :  0.013 0.987 
445     h345    (0)    2 :  0.010 0.990 
446     h346    (0)    2 :  0.038 0.962 
447     h347    (0)    2 :  0.014 0.986 
448     h348    (0)    2 :  0.010 0.990 
449     h349    (0)    2 :  0.012 0.988 
450     h350    (0)    2 :  0.008 0.992 
451     h351    (0)    2 :  0.016 0.984 
452     h352    (0)    2 :  0.028 0.972 
453     h353    (0)    2 :  0.008 0.992 
454     h354    (0)    2 :  0.014 0.986 
455     h355    (0)    2 :  0.014 0.986 
456     h356    (0)    2 :  0.011 0.989 
457     h357    (0)    2 :  0.007 0.993 
458     h358    (0)    2 :  0.015 0.985 
459     h359    (0)    2 :  0.019 0.981 
460     h360    (0)    2 :  0.011 0.989 
461     h361    (0)    2 :  0.009 0.991 
462     h362    (0)    2 :  0.011 0.989 
463     h363    (0)    2 :  0.022 0.978 
464     h364    (0)    2 :  0.006 0.994 
465     h365    (0)    2 :  0.023 0.977 
466     h366    (0)    2 :  0.020 0.980 
467     h367    (0)    2 :  0.008 0.992 
468     h368    (0)    2 :  0.035 0.965 
469     h369    (0)    2 :  0.006 0.994 
470     h370    (0)    2 :  0.074 0.926 
471     h371    (0)    2 :  0.009 0.991 
472     h372    (0)    2 :  0.011 0.989 
473     h373    (0)    2 :  0.020 0.980 
474     h374    (0)    2 :  0.007 0.993 
475     h375    (0)    2 :  0.081 0.919 
476     h376    (0)    2 :  0.027 0.973 
477     h377    (0)    2 :  0.009 0.991 
478     h378    (0)    2 :  0.018 0.982 
479     h379    (0)    2 :  0.013 0.987 
480     h380    (0)    2 :  0.008 0.992 
481     h381    (0)    2 :  0.014 0.986 
482     h382    (0)    2 :  0.022 0.978 
483     h383    (0)    2 :  0.015 0.985 
484     h384    (0)    2 :  0.009 0.991 
485     h385    (0)    2 :  0.030 0.970 
486     h386    (0)    2 :  0.010 0.990 
487     h387    (0)    2 :  0.020 0.980 
488     h388    (0)    2 :  0.008 0.992 
489     h389    (0)    2 :  0.010 0.990 
490     h390    (0)    2 :  0.008 0.992 
491     h391    (0)    2 :  0.015 0.985 
492     h392    (0)    2 :  0.019 0.981 
493     h393    (0)    2 :  0.016 0.984 
494     h394    (0)    2 :  0.015 0.985 
495     h395    (0)    2 :  0.011 0.989 
496     h396    (0)    2 :  0.008 0.992 
497     h397    (0)    2 :  0.012 0.988 
498     h398    (0)    2 :  0.008 0.992 
499     h399    (0)    2 :  0.015 0.985 
500     h400    (0)    2 :  0.011 0.989 
501     h001    (0)    3 :  0.103 0.897 
502     h002    (0)    3 :  0.119 0.881 
503     h003    (0)    3 :  0.304 0.696 
504     h004    (0)    3 :  0.235 0.765 
505     h005    (0)    3 :  0.025 0.975 
506     h006    (0)    3 :  0.013 0.987 
507     h007    (0)    3 :  0.066 0.934 
508     h008    (0)    3 :  0.186 0.814 
509     h009    (0)    3 :  0.081 0.919 
510     h010    (0)    3 :  0.154 0.846 
511     h011    (0)    3 :  0.083 0.917 
512     h012    (0)    3 :  0.075 0.925 
513     h013    (0)    3 :  0.074 0.926 
514     h014    (0)    3 :  0.014 0.986 
515     h015    (0)    3 :  0.070 0.930 
516     h016    (0)    3 :  0.030 0.970 
517     h017    (0)    3 :  0.023 0.977 
518     h018    (0)    3 :  0.009 0.991 
519     h019    (0)    3 :  0.020 0.980 
520     h020    (0)    3 :  0.038 0.962 
521     h021    (0)    3 :  0.317 0.683 
522     h022    (0)    3 :  0.012 0.988 
523     h023    (0)    3 :  0.112 0.888 
524     h024    (0)    3 :  0.047 0.953 
525     h025    (0)    3 :  0.142 0.858 
526     h026    (0)    3 :  0.015 0.985 
527     h027    (0)    3 :  0.116 0.884 
528     h028    (0)    3 :  0.132 0.868 
529     h029    (0)    3 :  0.086 0.914 
530     h030    (0)    3 :  0.078 0.922 
531     h031    (0)    3 :  0.028 0.972 
532     h032    (0)    3 :  0.310 0.690 
533     h033    (0)    3 :  0.065 0.935 
534     h034    (0)    3 :  0.025 0.975 
535     h035    (0)    3 :  0.139 0.861 
536     h036    (0)    3 :  0.077 0.923 
537     h037    (0)    3 :  0.013 0.987 
538     h038    (0)    3 :  0.018 0.982 
539     h039    (0)    3 :  0.228 0.772 
540     h040    (0)    3 :  0.141 0.859 
541     h041    (0)    3 :  0.065 0.935 
542     h042    (0)    3 :  0.121 0.879 
543     h043    (0)    3 :  0.217 0.783 
544     h044    (0)    3 :  0.014 0.986 
545     h045    (0)    3 :  0.123 0.877 
546     h046    (0)    3 :  0.039 0.961 
547     h047    (0)    3 :  0.119 0.881 
548     h048    (0)    3 :  0.059 0.941 
549     h049    (0)    3 :  0.012 0.988 
550     h050    (0)    3 :  0.009 0.991 
551     h051    (0)    3 :  0.076 0.924 
552     h052    (0)    3 :  0.013 0.987 
553     h053    (0)    3 :  0.023 0.977 
554     h054    (0)    3 :  0.052 0.948 
555     h055    (0)    3 :  0.144 0.856 
556     h056    (0)    3 :  0.082 0.918 
557     h057    (0)    3 :  0.021 0.979 
558     h058    (0)    3 :  0.144 0.856 
559     h059    (0)    3 :  0.019 0.981 
560     h060    (0)    3 :  0.070 0.930 
561     h061    (0)    3 :  0.142 0.858 
562     h062    (0)    3 :  0.254 0.746 
563     h063    (0)    3 :  0.148 0.852 
564     h064    (0)    3 :  0.144 0.856 
565     h065    (0)    3 :  0.007 0.993 
566     h066    (0)    3 :  0.008 0.992 
567     h067    (0)    3 :  0.094 0.906 
568     h068    (0)    3 :  0.052 0.948 
569     h069    (0)    3 :  0.214 0.786 
570     h070    (0)    3 :  0.020 0.980 
571     h071    (0)    3 :  0.027 0.973 
572     h072    (0)    3 :  0.047 0.953 
573     h073    (0)    3 :  0.020 0.980 
574     h074    (0)    3 :  0.023 0.977 
575     h075    (0)    3 :  0.168 0.832 
576     h076    (0)    3 :  0.009 0.991 
577     h077    (0)    3 :  0.104 0.896 
578     h078    (0)    3 :  0.076 0.924 
579     h079    (0)    3 :  0.027 0.973 
580     h080    (0)    3 :  0.169 0.831 
581     h081    (0)    3 :  0.108 0.892 
582     h082    (0)    3 :  0.064 0.936 
583     h083    (0)    3 :  0.153 0.847 
584     h084    (0)    3 :  0.225 0.775 
585     h085    (0)    3 :  0.025 0.975 
586     h086    (0)    3 :  0.035 0.965 
587     h087    (0)    3 :  0.093 0.907 
588     h088    (0)    3 :  0.058 0.942 
589     h089    (0)    3 :  0.009 0.991 
590     h090    (0)    3 :  0.013 0.987 
591     h091    (0)    3 :  0.007 0.993 
592     h092    (0)    3 :  0.361 0.639 
593     h093    (0)    3 :  0.147 0.853 
594     h094    (0)    3 :  0.035 0.965 
595     h095    (0)    3 :  0.271 0.729 
596     h096    (0)    3 :  0.066 0.934 
597     h097    (0)    3 :  0.330 0.670 
598     h098    (0)    3 :  0.145 0.855 
599     h099    (0)    3 :  0.140 0.860 
600     h100    (0)    3 :  0.015 0.985 
601    h0011    (0)    4 :  0.075 0.925 
602    h0021    (0)    4 :  0.024 0.976 
603    h0031    (0)    4 :  0.437 0.563 
604    h0041    (0)    4 :  0.152 0.848 
605    h0051    (0)    4 :  0.111 0.889 
606    h0061    (0)    4 :  0.035 0.965 
607    h0071    (0)    4 :  0.268 0.732 
608    h0081    (0)    4 :  0.329 0.671 
609    h0091    (0)    4 :  0.327 0.673 
610    h0101    (0)    4 :  0.325 0.675 
611    h0111    (0)    4 :  0.139 0.861 
612    h0121    (0)    4 :  0.366 0.634 
613    h0131    (0)    4 :  0.274 0.726 
614    h0141    (0)    4 :  0.281 0.719 
615    h0151    (0)    4 :  0.017 0.983 
616    h0161    (0)    4 :  0.100 0.900 
617    h0171    (0)    4 :  0.288 0.712 
618    h0181    (0)    4 :  0.200 0.800 
619    h0191    (0)    4 :  0.136 0.864 
620    h0201    (0)    4 :  0.174 0.826 
621    h0211    (0)    4 :  0.337 0.663 
622    h0221    (0)    4 :  0.114 0.886 
623    h0231    (0)    4 :  0.301 0.699 
624    h0241    (0)    4 :  0.294 0.706 
625    h0251    (0)    4 :  0.294 0.706 
626    h0261    (0)    4 :  0.048 0.952 
627    h0271    (0)    4 :  0.236 0.764 
628    h0281    (0)    4 :  0.430 0.570 
629    h0291    (0)    4 :  0.257 0.743 
630    h0301    (0)    4 :  0.521 0.479 
631    h0311    (0)    4 :  0.306 0.694 
632    h0321    (0)    4 :  0.178 0.822 
633    h0331    (0)    4 :  0.156 0.844 
634    h0341    (0)    4 :  0.120 0.880 
635    h0351    (0)    4 :  0.211 0.789 
636    h0361    (0)    4 :  0.157 0.843 
637    h0371    (0)    4 :  0.270 0.730 
638    h0381    (0)    4 :  0.027 0.973 
639    h0391    (0)    4 :  0.388 0.612 
640    h0401    (0)    4 :  0.129 0.871 
641    h0411    (0)    4 :  0.425 0.575 
642    h0421    (0)    4 :  0.264 0.736 
643    h0431    (0)    4 :  0.355 0.645 
644    h0441    (0)    4 :  0.155 0.845 
645    h0451    (0)    4 :  0.113 0.887 
646    h0461    (0)    4 :  0.401 0.599 
647    h0471    (0)    4 :  0.436 0.564 
648    h0481    (0)    4 :  0.220 0.780 
649    h0491    (0)    4 :  0.095 0.905 
650    h0501    (0)    4 :  0.468 0.532 
651    h0511    (0)    4 :  0.210 0.790 
652    h0521    (0)    4 :  0.105 0.895 
653    h0531    (0)    4 :  0.109 0.891 
654    h0541    (0)    4 :  0.383 0.617 
655    h0551    (0)    4 :  0.373 0.627 
656    h0561    (0)    4 :  0.117 0.883 
657    h0571    (0)    4 :  0.153 0.847 
658    h0581    (0)    4 :  0.297 0.703 
659    h0591    (0)    4 :  0.222 0.778 
660    h0601    (0)    4 :  0.249 0.751 
661    h0611    (0)    4 :  0.064 0.936 
662    h0621    (0)    4 :  0.119 0.881 
663    h0631    (0)    4 :  0.091 0.909 
664    h0641    (0)    4 :  0.425 0.575 
665    h0651    (0)    4 :  0.288 0.712 
666    h0661    (0)    4 :  0.285 0.715 
667    h0671    (0)    4 :  0.400 0.600 
668    h0681    (0)    4 :  0.326 0.674 
669    h0691    (0)    4 :  0.523 0.477 
670    h0701    (0)    4 :  0.194 0.806 
671    h0711    (0)    4 :  0.437 0.563 
672    h0721    (0)    4 :  0.218 0.782 
673    h0731    (0)    4 :  0.452 0.548 
674    h0741    (0)    4 :  0.094 0.906 
675    h0751    (0)    4 :  0.240 0.760 
676    h0761    (0)    4 :  0.227 0.773 
677    h0771    (0)    4 :  0.271 0.729 
678    h0781    (0)    4 :  0.058 0.942 
679    h0791    (0)    4 :  0.274 0.726 
680    h0801    (0)    4 :  0.214 0.786 
681    h0811    (0)    4 :  0.293 0.707 
682    h0821    (0)    4 :  0.018 0.982 
683    h0831    (0)    4 :  0.466 0.534 
684    h0841    (0)    4 :  0.366 0.634 
685    h0851    (0)    4 :  0.333 0.667 
686    h0861    (0)    4 :  0.183 0.817 
687    h0871    (0)    4 :  0.288 0.712 
688    h0881    (0)    4 :  0.272 0.728 
689    h0891    (0)    4 :  0.035 0.965 
690    h0901    (0)    4 :  0.321 0.679 
691    h0911    (0)    4 :  0.043 0.957 
692    h0921    (0)    4 :  0.161 0.839 
693    h0931    (0)    4 :  0.240 0.760 
694    h0941    (0)    4 :  0.239 0.761 
695    h0951    (0)    4 :  0.248 0.752 
696    h0961    (0)    4 :  0.274 0.726 
697    h0971    (0)    4 :  0.286 0.714 
698    h0981    (0)    4 :  0.172 0.828 
699    h0991    (0)    4 :  0.104 0.896 
700    h1001    (0)    4 :  0.142 0.858 
701   MSV1TX    (5)    5 :  0.389 0.611 
702   MSV025    (0)    5 :  0.613 0.387 
703   MSV02C    (0)    5 :  0.476 0.524 
704   MSV02E    (5)    5 :  0.551 0.449 
705   MSV0TF    (5)    5 :  0.566 0.434 
706    M2EL8    (0)    5 :  0.676 0.324 
707    h0012    (0)    6 :  0.574 0.426 
708    h0022    (0)    6 :  0.522 0.478 
709    h0032    (0)    6 :  0.456 0.544 
710    h0042    (0)    6 :  0.348 0.652 
711    h0052    (0)    6 :  0.424 0.576 
712    h0062    (0)    6 :  0.326 0.674 
713    h0072    (0)    6 :  0.610 0.390 
714    h0082    (0)    6 :  0.389 0.611 
715    h0092    (0)    6 :  0.422 0.578 
716    h0102    (0)    6 :  0.581 0.419 
717    h0112    (0)    6 :  0.368 0.632 
718    h0122    (0)    6 :  0.514 0.486 
719    h0132    (0)    6 :  0.427 0.573 
720    h0142    (0)    6 :  0.572 0.428 
721    h0152    (0)    6 :  0.495 0.505 
722    h0162    (0)    6 :  0.519 0.481 
723    h0172    (0)    6 :  0.552 0.448 
724    h0182    (0)    6 :  0.495 0.505 
725    h0192    (0)    6 :  0.416 0.584 
726    h0202    (0)    6 :  0.549 0.451 
727    h0212    (0)    6 :  0.383 0.617 
728    h0222    (0)    6 :  0.478 0.522 
729    h0232    (0)    6 :  0.367 0.633 
730    h0242    (0)    6 :  0.469 0.531 
731    h0252    (0)    6 :  0.516 0.484 
732    h0262    (0)    6 :  0.582 0.418 
733    h0272    (0)    6 :  0.429 0.571 
734    h0282    (0)    6 :  0.473 0.527 
735    h0292    (0)    6 :  0.513 0.487 
736    h0302    (0)    6 :  0.643 0.357 
737    h0312    (0)    6 :  0.332 0.668 
738    h0322    (0)    6 :  0.653 0.347 
739    h0332    (0)    6 :  0.416 0.584 
740    h0342    (0)    6 :  0.397 0.603 
741    h0352    (0)    6 :  0.545 0.455 
742    h0362    (0)    6 :  0.453 0.547 
743    h0372    (0)    6 :  0.667 0.333 
744    h0382    (0)    6 :  0.491 0.509 
745    h0392    (0)    6 :  0.278 0.722 
746    h0402    (0)    6 :  0.605 0.395 
747    h0412    (0)    6 :  0.643 0.357 
748    h0422    (0)    6 :  0.516 0.484 
749    h0432    (0)    6 :  0.490 0.510 
750    h0442    (0)    6 :  0.623 0.377 
751    h0452    (0)    6 :  0.655 0.345 
752    h0462    (0)    6 :  0.648 0.352 
753    h0472    (0)    6 :  0.509 0.491 
754    h0482    (0)    6 :  0.344 0.656 
755    h0492    (0)    6 :  0.354 0.646 
756    h0502    (0)    6 :  0.436 0.564 
757    h0512    (0)    6 :  0.458 0.542 
758    h0522    (0)    6 :  0.239 0.761 
759    h0532    (0)    6 :  0.487 0.513 
760    h0542    (0)    6 :  0.560 0.440 
761    h0552    (0)    6 :  0.448 0.552 
762    h0562    (0)    6 :  0.469 0.531 
763    h0572    (0)    6 :  0.483 0.517 
764    h0582    (0)    6 :  0.572 0.428 
765    h0592    (0)    6 :  0.614 0.386 
766    h0602    (0)    6 :  0.560 0.440 
767    h0612    (0)    6 :  0.456 0.544 
768    h0622    (0)    6 :  0.548 0.452 
769    h0632    (0)    6 :  0.451 0.549 
770    h0642    (0)    6 :  0.527 0.473 
771    h0652    (0)    6 :  0.500 0.500 
772    h0662    (0)    6 :  0.158 0.842 
773    h0672    (0)    6 :  0.519 0.481 
774    h0682    (0)    6 :  0.634 0.366 
775    h0692    (0)    6 :  0.482 0.518 
776    h0702    (0)    6 :  0.495 0.505 
777    h0712    (0)    6 :  0.501 0.499 
778    h0722    (0)    6 :  0.518 0.482 
779    h0732    (0)    6 :  0.335 0.665 
780    h0742    (0)    6 :  0.427 0.573 
781    h0752    (0)    6 :  0.515 0.485 
782    h0762    (0)    6 :  0.442 0.558 
783    h0772    (0)    6 :  0.471 0.529 
784    h0782    (0)    6 :  0.495 0.505 
785    h0792    (0)    6 :  0.482 0.518 
786    h0802    (0)    6 :  0.452 0.548 
787    h0812    (0)    6 :  0.453 0.547 
788    h0822    (0)    6 :  0.419 0.581 
789    h0832    (0)    6 :  0.116 0.884 
790    h0842    (0)    6 :  0.564 0.436 
791    h0852    (0)    6 :  0.443 0.557 
792    h0862    (0)    6 :  0.387 0.613 
793    h0872    (0)    6 :  0.472 0.528 
794    h0882    (0)    6 :  0.336 0.664 
795    h0892    (0)    6 :  0.561 0.439 
796    h0902    (0)    6 :  0.389 0.611 
797    h0912    (0)    6 :  0.489 0.511 
798    h0922    (0)    6 :  0.534 0.466 
799    h0932    (0)    6 :  0.472 0.528 
800    h0942    (0)    6 :  0.483 0.517 
801    h0952    (0)    6 :  0.560 0.440 
802    h0962    (0)    6 :  0.531 0.469 
803    h0972    (0)    6 :  0.455 0.545 
804    h0982    (0)    6 :  0.569 0.431 
805    h0992    (0)    6 :  0.471 0.529 
806    h1002    (0)    6 :  0.594 0.406 
807   MSV21T    (0)    7 :  0.866 0.134 
808    M2E71    (0)    7 :  0.762 0.238 
809    h0013    (0)    8 :  0.656 0.344 
810    h0023    (0)    8 :  0.938 0.062 
811    h0033    (0)    8 :  0.662 0.338 
812    h0043    (0)    8 :  0.793 0.207 
813    h0053    (0)    8 :  0.803 0.197 
814    h0063    (0)    8 :  0.708 0.292 
815    h0073    (0)    8 :  0.601 0.399 
816    h0083    (0)    8 :  0.710 0.290 
817    h0093    (0)    8 :  0.917 0.083 
818    h0103    (0)    8 :  0.645 0.355 
819    h0113    (0)    8 :  0.747 0.253 
820    h0123    (0)    8 :  0.825 0.175 
821    h0133    (0)    8 :  0.772 0.228 
822    h0143    (0)    8 :  0.759 0.241 
823    h0153    (0)    8 :  0.924 0.076 
824    h0163    (0)    8 :  0.733 0.267 
825    h0173    (0)    8 :  0.603 0.397 
826    h0183    (0)    8 :  0.748 0.252 
827    h0193    (0)    8 :  0.765 0.235 
828    h0203    (0)    8 :  0.847 0.153 
829    h0213    (0)    8 :  0.746 0.254 
830    h0223    (0)    8 :  0.819 0.181 
831    h0233    (0)    8 :  0.672 0.328 
832    h0243    (0)    8 :  0.733 0.267 
833    h0253    (0)    8 :  0.809 0.191 
834    h0263    (0)    8 :  0.800 0.200 
835    h0273    (0)    8 :  0.641 0.359 
836    h0283    (0)    8 :  0.615 0.385 
837    h0293    (0)    8 :  0.818 0.182 
838    h0303    (0)    8 :  0.575 0.425 
839    h0313    (0)    8 :  0.765 0.235 
840    h0323    (0)    8 :  0.811 0.189 
841    h0333    (0)    8 :  0.957 0.043 
842    h0343    (0)    8 :  0.455 0.545 
843    h0353    (0)    8 :  0.766 0.234 
844    h0363    (0)    8 :  0.937 0.063 
845    h0373    (0)    8 :  0.624 0.376 
846    h0383    (0)    8 :  0.633 0.367 
847    h0393    (0)    8 :  0.794 0.206 
848    h0403    (0)    8 :  0.797 0.203 
849    h0413    (0)    8 :  0.791 0.209 
850    h0423    (0)    8 :  0.641 0.359 
851    h0433    (0)    8 :  0.720 0.280 
852    h0443    (0)    8 :  0.527 0.473 
853    h0453    (0)    8 :  0.956 0.044 
854    h0463    (0)    8 :  0.601 0.399 
855    h0473    (0)    8 :  0.626 0.374 
856    h0483    (0)    8 :  0.732 0.268 
857    h0493    (0)    8 :  0.761 0.239 
858    h0503    (0)    8 :  0.683 0.317 
859    h0513    (0)    8 :  0.832 0.168 
860    h0523    (0)    8 :  0.865 0.135 
861    h0533    (0)    8 :  0.744 0.256 
862    h0543    (0)    8 :  0.806 0.194 
863    h0553    (0)    8 :  0.761 0.239 
864    h0563    (0)    8 :  0.784 0.216 
865    h0573    (0)    8 :  0.712 0.288 
866    h0583    (0)    8 :  0.974 0.026 
867    h0593    (0)    8 :  0.838 0.162 
868    h0603    (0)    8 :  0.635 0.365 
869    h0613    (0)    8 :  0.768 0.232 
870    h0623    (0)    8 :  0.645 0.355 
871    h0633    (0)    8 :  0.887 0.113 
872    h0643    (0)    8 :  0.773 0.227 
873    h0653    (0)    8 :  0.662 0.338 
874    h0663    (0)    8 :  0.973 0.027 
875    h0673    (0)    8 :  0.606 0.394 
876    h0683    (0)    8 :  0.591 0.409 
877    h0693    (0)    8 :  0.766 0.234 
878    h0703    (0)    8 :  0.573 0.427 
879    h0713    (0)    8 :  0.733 0.267 
880    h0723    (0)    8 :  0.841 0.159 
881    h0733    (0)    8 :  0.746 0.254 
882    h0743    (0)    8 :  0.956 0.044 
883    h0753    (0)    8 :  0.821 0.179 
884    h0763    (0)    8 :  0.619 0.381 
885    h0773    (0)    8 :  0.617 0.383 
886    h0783    (0)    8 :  0.690 0.310 
887    h0793    (0)    8 :  0.984 0.016 
888    h0803    (0)    8 :  0.923 0.077 
889    h0813    (0)    8 :  0.746 0.254 
890    h0823    (0)    8 :  0.694 0.306 
891    h0833    (0)    8 :  0.553 0.447 
892    h0843    (0)    8 :  0.702 0.298 
893    h0853    (0)    8 :  0.784 0.216 
894    h0863    (0)    8 :  0.841 0.159 
895    h0873    (0)    8 :  0.628 0.372 
896    h0883    (0)    8 :  0.953 0.047 
897    h0893    (0)    8 :  0.585 0.415 
898    h0903    (0)    8 :  0.671 0.329 
899    h0913    (0)    8 :  0.554 0.446 
900    h0923    (0)    8 :  0.700 0.300 
901    h0933    (0)    8 :  0.626 0.374 
902    h0943    (0)    8 :  0.791 0.209 
903    h0953    (0)    8 :  0.742 0.258 
904    h0963    (0)    8 :  0.697 0.303 
905    h0973    (0)    8 :  0.745 0.255 
906    h0983    (0)    8 :  0.944 0.056 
907    h0993    (0)    8 :  0.754 0.246 
908    h1003    (0)    8 :  0.653 0.347 
909    W23CA   (10)    9 :  0.896 0.104 
910  AP.085Y    (5)    9 :  0.982 0.018 
911  CH.0LLY    (5)    9 :  0.581 0.419 
912    M0LEC    (5)    9 :  0.990 0.010 
913    M2C3H   (10)    9 :  0.752 0.248 
914    M2CHL    (5)    9 :  0.540 0.460 
915    W26P7   (10)    9 :  0.860 0.140 
916  AP.07M5    (0)    9 :  0.937 0.063 
917  AP.080U    (0)    9 :  0.914 0.086 
918  AP.082A    (0)    9 :  0.991 0.009 
919  AP.0843    (0)    9 :  0.942 0.058 
920  AP.0844    (0)    9 :  0.817 0.183 
921  AP.084X    (0)    9 :  0.980 0.020 
922  AP.086Y    (0)    9 :  0.836 0.164 
923  AP.0870    (0)    9 :  0.865 0.135 
924  AP.0878    (0)    9 :  0.807 0.193 
925  AP.087F    (0)    9 :  0.772 0.228 
926  AP.087Y    (0)    9 :  0.590 0.410 
927  AP.088P    (0)    9 :  0.974 0.026 
928  AP.08AK    (5)    9 :  0.972 0.028 
929  CH.0LLM    (0)    9 :  0.812 0.188 
930  CH.0LLU    (0)    9 :  0.759 0.241 
931  CH.0LM0    (5)    9 :  0.923 0.077 
932  CH.0LM3    (5)    9 :  0.971 0.029 
933    W26MY    (0)    9 :  0.809 0.191 
934    W26P6    (0)    9 :  0.910 0.090 
935   HRV07U    (0)    9 :  0.965 0.035 
936   HRV1CT    (0)    9 :  0.988 0.012 
937   HRV1CU    (0)    9 :  0.992 0.008 
938   HRV1E6    (0)    9 :  0.993 0.007 
939   HRV081    (0)    9 :  0.993 0.007 
940   HRV1E3    (0)    9 :  0.981 0.019 
941   MSV21E    (0)    9 :  0.825 0.175 
942   MSV216    (0)    9 :  0.923 0.077 
943    M0TYK    (0)    9 :  0.953 0.047 
944   MSV2AA    (0)    9 :  0.912 0.088 
945  CK.0PET    (0)    9 :  0.763 0.237 
946    M2E8C    (0)    9 :  0.987 0.013 
947   MSV23X    (0)    9 :  0.817 0.183 
948   MSV32A    (0)    9 :  0.823 0.177 
949  AP.0838    (0)    9 :  0.980 0.020 
950  AP.088F    (0)    9 :  0.877 0.123 
951    h0014    (0)   10 :  0.789 0.211 
952    h0024    (0)   10 :  0.776 0.224 
953    h0034    (0)   10 :  0.874 0.126 
954    h0044    (0)   10 :  0.988 0.012 
955    h0054    (0)   10 :  0.825 0.175 
956    h0064    (0)   10 :  0.991 0.009 
957    h0074    (0)   10 :  0.845 0.155 
958    h0084    (0)   10 :  0.984 0.016 
959    h0094    (0)   10 :  0.929 0.071 
960    h0104    (0)   10 :  0.919 0.081 
961    h0114    (0)   10 :  0.829 0.171 
962    h0124    (0)   10 :  0.850 0.150 
963    h0134    (0)   10 :  0.860 0.140 
964    h0144    (0)   10 :  0.988 0.012 
965    h0154    (0)   10 :  0.944 0.056 
966    h0164    (0)   10 :  0.991 0.009 
967    h0174    (0)   10 :  0.980 0.020 
968    h0184    (0)   10 :  0.863 0.137 
969    h0194    (0)   10 :  0.927 0.073 
970    h0204    (0)   10 :  0.927 0.073 
971    h0214    (0)   10 :  0.965 0.035 
972    h0224    (0)   10 :  0.972 0.028 
973    h0234    (0)   10 :  0.991 0.009 
974    h0244    (0)   10 :  0.954 0.046 
975    h0254    (0)   10 :  0.986 0.014 
976    h0264    (0)   10 :  0.800 0.200 
977    h0274    (0)   10 :  0.670 0.330 
978    h0284    (0)   10 :  0.993 0.007 
979    h0294    (0)   10 :  0.826 0.174 
980    h0304    (0)   10 :  0.903 0.097 
981    h0314    (0)   10 :  0.988 0.012 
982    h0324    (0)   10 :  0.945 0.055 
983    h0334    (0)   10 :  0.950 0.050 
984    h0344    (0)   10 :  0.638 0.362 
985    h0354    (0)   10 :  0.876 0.124 
986    h0364    (0)   10 :  0.902 0.098 
987    h0374    (0)   10 :  0.903 0.097 
988    h0384    (0)   10 :  0.907 0.093 
989    h0394    (0)   10 :  0.968 0.032 
990    h0404    (0)   10 :  0.870 0.130 
991    h0414    (0)   10 :  0.991 0.009 
992    h0424    (0)   10 :  0.958 0.042 
993    h0434    (0)   10 :  0.968 0.032 
994    h0444    (0)   10 :  0.982 0.018 
995    h0454    (0)   10 :  0.924 0.076 
996    h0464    (0)   10 :  0.986 0.014 
997    h0474    (0)   10 :  0.932 0.068 
998    h0484    (0)   10 :  0.926 0.074 
999    h0494    (0)   10 :  0.983 0.017 
1000    h0504    (0)   10 :  0.962 0.038 
1001    h0514    (0)   10 :  0.992 0.008 
1002    h0524    (0)   10 :  0.920 0.080 
1003    h0534    (0)   10 :  0.652 0.348 
1004    h0544    (0)   10 :  0.921 0.079 
1005    h0554    (0)   10 :  0.894 0.106 
1006    h0564    (0)   10 :  0.766 0.234 
1007    h0574    (0)   10 :  0.912 0.088 
1008    h0584    (0)   10 :  0.782 0.218 
1009    h0594    (0)   10 :  0.901 0.099 
1010    h0604    (0)   10 :  0.979 0.021 
1011    h0614    (0)   10 :  0.837 0.163 
1012    h0624    (0)   10 :  0.911 0.089 
1013    h0634    (0)   10 :  0.873 0.127 
1014    h0644    (0)   10 :  0.928 0.072 
1015    h0654    (0)   10 :  0.985 0.015 
1016    h0664    (0)   10 :  0.864 0.136 
1017    h0674    (0)   10 :  0.765 0.235 
1018    h0684    (0)   10 :  0.989 0.011 
1019    h0694    (0)   10 :  0.843 0.157 
1020    h0704    (0)   10 :  0.780 0.220 
1021    h0714    (0)   10 :  0.728 0.272 
1022    h0724    (0)   10 :  0.909 0.091 
1023    h0734    (0)   10 :  0.988 0.012 
1024    h0744    (0)   10 :  0.732 0.268 
1025    h0754    (0)   10 :  0.858 0.142 
1026    h0764    (0)   10 :  0.964 0.036 
1027    h0774    (0)   10 :  0.990 0.010 
1028    h0784    (0)   10 :  0.763 0.237 
1029    h0794    (0)   10 :  0.948 0.052 
1030    h0804    (0)   10 :  0.874 0.126 
1031    h0814    (0)   10 :  0.880 0.120 
1032    h0824    (0)   10 :  0.798 0.202 
1033    h0834    (0)   10 :  0.797 0.203 
1034    h0844    (0)   10 :  0.917 0.083 
1035    h0854    (0)   10 :  0.972 0.028 
1036    h0864    (0)   10 :  0.957 0.043 
1037    h0874    (0)   10 :  0.978 0.022 
1038    h0884    (0)   10 :  0.991 0.009 
1039    h0894    (0)   10 :  0.651 0.349 
1040    h0904    (0)   10 :  0.910 0.090 
1041    h0914    (0)   10 :  0.965 0.035 
1042    h0924    (0)   10 :  0.843 0.157 
1043    h0934    (0)   10 :  0.712 0.288 
1044    h0944    (0)   10 :  0.916 0.084 
1045    h0954    (0)   10 :  0.844 0.156 
1046    h0964    (0)   10 :  0.706 0.294 
1047    h0974    (0)   10 :  0.935 0.065 
1048    h0984    (0)   10 :  0.846 0.154 
1049    h0994    (0)   10 :  0.810 0.190 
1050    h1004    (0)   10 :  0.991 0.009 
1051  AP.07M2    (0)   11 :  0.953 0.047 
1052   HRV05C   (10)   11 :  0.982 0.018 
1053   HRV077   (10)   11 :  0.987 0.013 
1054   HRV0A0    (5)   11 :  0.993 0.007 
1055   HRV0MC    (5)   11 :  0.991 0.009 
1056   HRV00P    (0)   11 :  0.993 0.007 
1057   HRV01J    (5)   11 :  0.991 0.009 
1058   HRV026    (5)   11 :  0.990 0.010 
1059   HRV02C    (0)   11 :  0.994 0.006 
1060   HRV031    (0)   11 :  0.993 0.007 
1061   HRV033    (0)   11 :  0.993 0.007 
1062   HRV05L    (0)   11 :  0.993 0.007 
1063   HRV06A    (0)   11 :  0.992 0.008 
1064   HRV07P    (5)   11 :  0.993 0.007 
1065   HRV0HC    (5)   11 :  0.966 0.034 
1066   HRV0HU   (10)   11 :  0.985 0.015 
1067   HRV0K1    (0)   11 :  0.993 0.007 
1068   HRV0M6    (5)   11 :  0.974 0.026 
1069   HRV0M7    (5)   11 :  0.989 0.011 
1070   HRV0MK    (0)   11 :  0.994 0.006 
1071   HRV1C7    (5)   11 :  0.992 0.008 
1072   HRV1EA    (0)   11 :  0.987 0.013 
1073    M147K    (5)   11 :  0.994 0.006 
1074   HRV008    (0)   11 :  0.993 0.007 
1075   HRV015    (0)   11 :  0.988 0.012 
1076   HRV01F    (0)   11 :  0.978 0.022 
1077   HRV01L    (0)   11 :  0.993 0.007 
1078   HRV01M    (0)   11 :  0.991 0.009 
1079   HRV020    (0)   11 :  0.987 0.013 
1080   HRV022    (0)   11 :  0.976 0.024 
1081   HRV02A    (0)   11 :  0.982 0.018 
1082   HRV02K    (0)   11 :  0.978 0.022 
1083   HRV04C    (0)   11 :  0.992 0.008 
1084   HRV05H    (0)   11 :  0.986 0.014 
1085   HRV076    (0)   11 :  0.982 0.018 
1086   HRV07H    (0)   11 :  0.994 0.006 
1087   HRV07X    (0)   11 :  0.984 0.016 
1088   HRV080    (0)   11 :  0.993 0.007 
1089   HRV086    (5)   11 :  0.990 0.010 
1090   HRV0H3    (5)   11 :  0.990 0.010 
1091   HRV0J3    (0)   11 :  0.989 0.011 
1092   HRV0JX   (15)   11 :  0.983 0.017 
1093   HRV0ML   (10)   11 :  0.994 0.006 
1094   HRV1E8   (10)   11 :  0.991 0.009 
1095   HRV007   (10)   11 :  0.988 0.012 
1096   HRV005    (5)   11 :  0.986 0.014 
1097   HRV05U    (5)   11 :  0.993 0.007 
1098   HRV01U    (5)   11 :  0.992 0.008 
1099  AP.07M1    (5)   11 :  0.992 0.008 
1100  AP.07ME    (5)   11 :  0.989 0.011 
1101  AP.0817    (5)   11 :  0.989 0.011 
1102  AP.0863   (15)   11 :  0.974 0.026 
1103  AP.087T    (5)   11 :  0.971 0.029 
1104  AP.088T    (5)   11 :  0.994 0.006 
1105  CH.0LM1   (15)   11 :  0.990 0.010 
1106    M05X5    (5)   11 :  0.946 0.054 
1107    M06JH    (5)   11 :  0.931 0.069 
1108    M0A6K    (5)   11 :  0.990 0.010 
1109    M0ETF    (5)   11 :  0.993 0.007 
1110    M0LUP   (10)   11 :  0.987 0.013 
1111    M16F1    (5)   11 :  0.990 0.010 
1112    M182M    (5)   11 :  0.988 0.012 
1113    M1CFL   (10)   11 :  0.990 0.010 
1114    M2AXY   (10)   11 :  0.990 0.010 
1115    M2AY2   (10)   11 :  0.964 0.036 
1116    M2CHP   (10)   11 :  0.962 0.038 
1117    W26LK    (5)   11 :  0.992 0.008 
1118    W26ME   (10)   11 :  0.986 0.014 
1119  AM.07FM    (0)   11 :  0.994 0.006 
1120  AM.07FP    (5)   11 :  0.992 0.008 
1121  AP.07M4    (0)   11 :  0.994 0.006 
1122  AP.07M7    (0)   11 :  0.994 0.006 
1123  AP.07M8    (0)   11 :  0.975 0.025 
1124  AP.07MA    (0)   11 :  0.985 0.015 
1125  AP.07MC    (0)   11 :  0.993 0.007 
1126  AP.07P8    (0)   11 :  0.970 0.030 
1127  AP.07U8    (0)   11 :  0.989 0.011 
1128  AP.081F   (10)   11 :  0.972 0.028 
1129  AP.081H   (10)   11 :  0.697 0.303 
1130  AP.0820    (0)   11 :  0.970 0.030 
1131  AP.0841    (5)   11 :  0.931 0.069 
1132  AP.0858    (0)   11 :  0.988 0.012 
1133  AP.085U    (5)   11 :  0.956 0.044 
1134  AP.085X    (5)   11 :  0.993 0.007 
1135  AP.0861    (5)   11 :  0.991 0.009 
1136  AP.0864   (10)   11 :  0.994 0.006 
1137  AP.086X    (0)   11 :  0.992 0.008 
1138  AP.0872    (0)   11 :  0.993 0.007 
1139  AP.0875    (0)   11 :  0.903 0.097 
1140  AP.087A    (0)   11 :  0.992 0.008 
1141  AP.087C    (0)   11 :  0.986 0.014 
1142  AP.087E    (0)   11 :  0.993 0.007 
1143  AP.087H    (0)   11 :  0.993 0.007 
1144  AP.087K    (0)   11 :  0.986 0.014 
1145  AP.087L    (0)   11 :  0.992 0.008 
1146  AP.087M    (0)   11 :  0.989 0.011 
1147  AP.087P    (0)   11 :  0.990 0.010 
1148  AP.087U    (0)   11 :  0.951 0.049 
1149  AP.087X    (0)   11 :  0.981 0.019 
1150  AP.0881    (0)   11 :  0.986 0.014 
1151  AP.0882    (0)   11 :  0.991 0.009 
1152  AP.0883    (0)   11 :  0.970 0.030 
1153  AP.0884    (0)   11 :  0.992 0.008 
1154  AP.0885    (5)   11 :  0.986 0.014 
1155  AP.0887    (0)   11 :  0.989 0.011 
1156  AP.0888    (5)   11 :  0.721 0.279 
1157  AP.088A    (0)   11 :  0.991 0.009 
1158  AP.088C    (0)   11 :  0.961 0.039 
1159  AP.088J    (0)   11 :  0.986 0.014 
1160  AP.088K    (0)   11 :  0.987 0.013 
1161  AP.088L    (0)   11 :  0.992 0.008 
1162  AP.088U    (0)   11 :  0.992 0.008 
1163  AP.088X    (0)   11 :  0.980 0.020 
1164  AP.08A0    (0)   11 :  0.993 0.007 
1165  AP.08A1    (0)   11 :  0.989 0.011 
1166  AP.08A3    (0)   11 :  0.993 0.007 
1167  AP.08A4    (0)   11 :  0.930 0.070 
1168  AP.08A5    (0)   11 :  0.993 0.007 
1169  AP.08A6    (0)   11 :  0.982 0.018 
1170  AP.08A8    (5)   11 :  0.991 0.009 
1171  AP.08AC    (0)   11 :  0.980 0.020 
1172  AP.08AH    (0)   11 :  0.988 0.012 
1173  AP.08AJ    (0)   11 :  0.984 0.016 
1174  AP.08AM   (10)   11 :  0.990 0.010 
1175  AP.08AT    (0)   11 :  0.992 0.008 
1176  AP.08AX    (0)   11 :  0.993 0.007 
1177  CH.0LLP    (0)   11 :  0.990 0.010 
1178  CH.0LM2   (10)   11 :  0.990 0.010 
1179  CH.0LM4    (5)   11 :  0.993 0.007 
1180  CH.0LM5    (0)   11 :  0.991 0.009 
1181    M0102    (5)   11 :  0.991 0.009 
1182    M023A    (5)   11 :  0.994 0.006 
1183    M03MM   (10)   11 :  0.987 0.013 
1184    M04PF    (0)   11 :  0.993 0.007 
1185    M04XH    (5)   11 :  0.987 0.013 
1186    M04XM   (10)   11 :  0.991 0.009 
1187    M0557    (0)   11 :  0.962 0.038 
1188    M055C    (0)   11 :  0.948 0.052 
1189    M05JC    (0)   11 :  0.992 0.008 
1190    M05PH    (0)   11 :  0.989 0.011 
1191    M05X6    (0)   11 :  0.993 0.007 
1192    M07TC    (0)   11 :  0.984 0.016 
1193    M0A66    (0)   11 :  0.993 0.007 
1194    M0EYT    (0)   11 :  0.992 0.008 
1195    M0FF2    (0)   11 :  0.993 0.007 
1196    M0HJ6    (5)   11 :  0.984 0.016 
1197   HRV0JL    (0)   11 :  0.994 0.006 
1198   HRV0JP    (0)   11 :  0.993 0.007 
1199   HRV0KA    (0)   11 :  0.992 0.008 
1200   HRV0LJ    (5)   11 :  0.981 0.019 
1201   HRV0LM    (0)   11 :  0.990 0.010 
1202   HRV0LP    (0)   11 :  0.974 0.026 
1203    M0HJ8    (0)   11 :  0.992 0.008 
1204    M0HM3    (0)   11 :  0.992 0.008 
1205    M0J1X    (0)   11 :  0.992 0.008 
1206    M0L32    (0)   11 :  0.988 0.012 
1207    M0L8F    (0)   11 :  0.969 0.031 
1208    M0LUH    (0)   11 :  0.992 0.008 
1209    M0XPJ    (0)   11 :  0.992 0.008 
1210    M0XTE    (0)   11 :  0.981 0.019 
1211    M157H    (0)   11 :  0.990 0.010 
1212    M16YU    (0)   11 :  0.994 0.006 
1213    M1751    (0)   11 :  0.991 0.009 
1214    M1C2H    (0)   11 :  0.993 0.007 
1215    M1E60    (0)   11 :  0.994 0.006 
1216    M1EKX    (0)   11 :  0.993 0.007 
1217    M1EKY    (0)   11 :  0.993 0.007 
1218    M1EL3    (0)   11 :  0.985 0.015 
1219    M1ELC    (0)   11 :  0.988 0.012 
1220    M1ELE    (0)   11 :  0.992 0.008 
1221    M2AY0   (10)   11 :  0.983 0.017 
1222    M2AY4    (5)   11 :  0.992 0.008 
1223    M2AY5   (10)   11 :  0.991 0.009 
1224    M2AY8    (5)   11 :  0.889 0.111 
1225    M2C3A   (10)   11 :  0.992 0.008 
1226    M2C3F   (10)   11 :  0.991 0.009 
1227   HRV0ME    (0)   11 :  0.985 0.015 
1228    M2CHJ    (5)   11 :  0.967 0.033 
1229    M2CHM    (5)   11 :  0.961 0.039 
1230    M2CHY   (10)   11 :  0.988 0.012 
1231    W23E8    (0)   11 :  0.992 0.008 
1232    W23EM    (0)   11 :  0.988 0.012 
1233    W23EX    (0)   11 :  0.991 0.009 
1234    W23F0    (0)   11 :  0.988 0.012 
1235    W26L5    (0)   11 :  0.964 0.036 
1236    W26LM    (0)   11 :  0.916 0.084 
1237    W26MJ    (0)   11 :  0.915 0.085 
1238    W26ML    (0)   11 :  0.992 0.008 
1239    W26MT    (0)   11 :  0.993 0.007 
1240    W26PE    (5)   11 :  0.848 0.152 
1241    W26PJ    (0)   11 :  0.863 0.137 
1242    W26PT    (0)   11 :  0.993 0.007 
1243    W26PX   (10)   11 :  0.974 0.026 
1244    W26T0    (5)   11 :  0.988 0.012 
1245    W26TC    (0)   11 :  0.994 0.006 
1246    W26TJ    (5)   11 :  0.935 0.065 
1247    W26UE    (5)   11 :  0.989 0.011 
1248    W26UF    (0)   11 :  0.993 0.007 
1249    W26UL    (0)   11 :  0.965 0.035 
1250    W26X2    (0)   11 :  0.988 0.012 
1251    W2716    (0)   11 :  0.945 0.055 
1252   HRV1C6    (0)   11 :  0.993 0.007 
1253   HRV1CX    (0)   11 :  0.981 0.019 
1254   HRV1E2    (0)   11 :  0.993 0.007 
1255   HRV1E4    (0)   11 :  0.994 0.006 
1256   HRV1E5    (0)   11 :  0.993 0.007 
1257   HRV1EC    (0)   11 :  0.990 0.010 
1258   HRV1EK    (0)   11 :  0.976 0.024 
1259   HRV001    (0)   11 :  0.991 0.009 
1260   HRV00H    (0)   11 :  0.990 0.010 
1261   HRV00K    (0)   11 :  0.990 0.010 
1262   HRV01X    (0)   11 :  0.991 0.009 
1263   HRV025    (0)   11 :  0.985 0.015 
1264   HRV028    (0)   11 :  0.991 0.009 
1265   HRV041    (0)   11 :  0.992 0.008 
1266   HRV04F    (0)   11 :  0.992 0.008 
1267   HRV04L    (0)   11 :  0.993 0.007 
1268   HRV055    (0)   11 :  0.994 0.006 
1269   HRV05J    (0)   11 :  0.991 0.009 
1270   HRV07J    (0)   11 :  0.993 0.007 
1271   HRV07K    (0)   11 :  0.983 0.017 
1272   HRV07L    (0)   11 :  0.973 0.027 
1273   HRV07M    (0)   11 :  0.993 0.007 
1274   HRV0HM    (0)   11 :  0.952 0.048 
1275   HRV0J2    (0)   11 :  0.993 0.007 
1276   HRV0K3    (0)   11 :  0.992 0.008 
1277   HRV0KE    (0)   11 :  0.992 0.008 
1278   HRV0KF    (0)   11 :  0.987 0.013 
1279   HRV0KU    (0)   11 :  0.975 0.025 
1280   HRV0L6    (0)   11 :  0.993 0.007 
1281   HRV0M2    (0)   11 :  0.985 0.015 
1282   HRV0MF    (0)   11 :  0.992 0.008 
1283   HRV0MJ    (0)   11 :  0.973 0.027 
1284   HRV1AT    (0)   11 :  0.991 0.009 
1285   HRV1C1    (0)   11 :  0.990 0.010 
1286   HRV1CL    (0)   11 :  0.990 0.010 
1287   HRV1E1    (0)   11 :  0.990 0.010 
1288   HRV1E7    (0)   11 :  0.993 0.007 
1289   HRV1EE    (0)   11 :  0.993 0.007 
1290   HRV1ET    (0)   11 :  0.993 0.007 
1291   h00111    (0)   12 :  0.991 0.009 
1292   h00211    (0)   12 :  0.903 0.097 
1293   h00311    (0)   12 :  0.988 0.012 
1294   h00411    (0)   12 :  0.986 0.014 
1295   h00511    (0)   12 :  0.982 0.018 
1296   h00611    (0)   12 :  0.990 0.010 
1297   h00711    (0)   12 :  0.993 0.007 
1298   h00811    (0)   12 :  0.982 0.018 
1299   h00911    (0)   12 :  0.983 0.017 
1300   h01011    (0)   12 :  0.988 0.012 
1301   h01111    (0)   12 :  0.994 0.006 
1302   h01211    (0)   12 :  0.991 0.009 
1303   h01311    (0)   12 :  0.954 0.046 
1304   h01411    (0)   12 :  0.992 0.008 
1305   h01511    (0)   12 :  0.990 0.010 
1306   h01611    (0)   12 :  0.989 0.011 
1307   h01711    (0)   12 :  0.991 0.009 
1308   h01811    (0)   12 :  0.970 0.030 
1309   h01911    (0)   12 :  0.994 0.006 
1310   h02011    (0)   12 :  0.993 0.007 
1311   h02111    (0)   12 :  0.977 0.023 
1312   h02211    (0)   12 :  0.926 0.074 
1313   h02311    (0)   12 :  0.992 0.008 
1314   h02411    (0)   12 :  0.992 0.008 
1315   h02511    (0)   12 :  0.994 0.006 
1316   h02611    (0)   12 :  0.975 0.025 
1317   h02711    (0)   12 :  0.986 0.014 
1318   h02811    (0)   12 :  0.994 0.006 
1319   h02911    (0)   12 :  0.991 0.009 
1320   h03011    (0)   12 :  0.975 0.025 
1321   h03111    (0)   12 :  0.990 0.010 
1322   h03211    (0)   12 :  0.985 0.015 
1323   h03311    (0)   12 :  0.993 0.007 
1324   h03411    (0)   12 :  0.984 0.016 
1325   h03511    (0)   12 :  0.993 0.007 
1326   h03611    (0)   12 :  0.989 0.011 
1327   h03711    (0)   12 :  0.969 0.031 
1328   h03811    (0)   12 :  0.990 0.010 
1329   h03911    (0)   12 :  0.989 0.011 
1330   h04011    (0)   12 :  0.991 0.009 
1331   h04111    (0)   12 :  0.992 0.008 
1332   h04211    (0)   12 :  0.994 0.006 
1333   h04311    (0)   12 :  0.990 0.010 
1334   h04411    (0)   12 :  0.995 0.005 
1335   h04511    (0)   12 :  0.987 0.013 
1336   h04611    (0)   12 :  0.976 0.024 
1337   h04711    (0)   12 :  0.990 0.010 
1338   h04811    (0)   12 :  0.985 0.015 
1339   h04911    (0)   12 :  0.990 0.010 
1340   h05011    (0)   12 :  0.992 0.008 
1341   h05111    (0)   12 :  0.987 0.013 
1342   h05211    (0)   12 :  0.982 0.018 
1343   h05311    (0)   12 :  0.990 0.010 
1344   h05411    (0)   12 :  0.992 0.008 
1345   h05511    (0)   12 :  0.980 0.020 
1346   h05611    (0)   12 :  0.993 0.007 
1347   h05711    (0)   12 :  0.985 0.015 
1348   h05811    (0)   12 :  0.992 0.008 
1349   h05911    (0)   12 :  0.990 0.010 
1350   h06011    (0)   12 :  0.990 0.010 
1351   h06111    (0)   12 :  0.990 0.010 
1352   h06211    (0)   12 :  0.987 0.013 
1353   h06311    (0)   12 :  0.992 0.008 
1354   h06411    (0)   12 :  0.994 0.006 
1355   h06511    (0)   12 :  0.993 0.007 
1356   h06611    (0)   12 :  0.992 0.008 
1357   h06711    (0)   12 :  0.992 0.008 
1358   h06811    (0)   12 :  0.991 0.009 
1359   h06911    (0)   12 :  0.992 0.008 
1360   h07011    (0)   12 :  0.991 0.009 
1361   h07111    (0)   12 :  0.980 0.020 
1362   h07211    (0)   12 :  0.993 0.007 
1363   h07311    (0)   12 :  0.989 0.011 
1364   h07411    (0)   12 :  0.990 0.010 
1365   h07511    (0)   12 :  0.993 0.007 
1366   h07611    (0)   12 :  0.961 0.039 
1367   h07711    (0)   12 :  0.988 0.012 
1368   h07811    (0)   12 :  0.984 0.016 
1369   h07911    (0)   12 :  0.987 0.013 
1370   h08011    (0)   12 :  0.992 0.008 
1371   h08111    (0)   12 :  0.987 0.013 
1372   h08211    (0)   12 :  0.967 0.033 
1373   h08311    (0)   12 :  0.965 0.035 
1374   h08411    (0)   12 :  0.993 0.007 
1375   h08511    (0)   12 :  0.977 0.023 
1376   h08611    (0)   12 :  0.991 0.009 
1377   h08711    (0)   12 :  0.988 0.012 
1378   h08811    (0)   12 :  0.982 0.018 
1379   h08911    (0)   12 :  0.992 0.008 
1380   h09011    (0)   12 :  0.989 0.011 
1381   h09111    (0)   12 :  0.986 0.014 
1382   h09211    (0)   12 :  0.991 0.009 
1383   h09311    (0)   12 :  0.991 0.009 
1384   h09411    (0)   12 :  0.992 0.008 
1385   h09511    (0)   12 :  0.985 0.015 
1386   h09611    (0)   12 :  0.955 0.045 
1387   h09711    (0)   12 :  0.991 0.009 
1388   h09811    (0)   12 :  0.935 0.065 
1389   h09911    (0)   12 :  0.992 0.008 
1390   h10011    (0)   12 :  0.993 0.007 
1391    h1011    (0)   12 :  0.994 0.006 
1392    h1021    (0)   12 :  0.991 0.009 
1393    h1031    (0)   12 :  0.979 0.021 
1394    h1041    (0)   12 :  0.983 0.017 
1395    h1051    (0)   12 :  0.993 0.007 
1396    h1061    (0)   12 :  0.991 0.009 
1397    h1071    (0)   12 :  0.991 0.009 
1398    h1081    (0)   12 :  0.982 0.018 
1399    h1091    (0)   12 :  0.982 0.018 
1400    h1101    (0)   12 :  0.988 0.012 
1401    h1111    (0)   12 :  0.992 0.008 
1402    h1121    (0)   12 :  0.985 0.015 
1403    h1131    (0)   12 :  0.985 0.015 
1404    h1141    (0)   12 :  0.981 0.019 
1405    h1151    (0)   12 :  0.987 0.013 
1406    h1161    (0)   12 :  0.988 0.012 
1407    h1171    (0)   12 :  0.972 0.028 
1408    h1181    (0)   12 :  0.993 0.007 
1409    h1191    (0)   12 :  0.985 0.015 
1410    h1201    (0)   12 :  0.987 0.013 
1411    h1211    (0)   12 :  0.991 0.009 
1412    h1221    (0)   12 :  0.992 0.008 
1413    h1231    (0)   12 :  0.993 0.007 
1414    h1241    (0)   12 :  0.992 0.008 
1415    h1251    (0)   12 :  0.990 0.010 
1416    h1261    (0)   12 :  0.989 0.011 
1417    h1271    (0)   12 :  0.992 0.008 
1418    h1281    (0)   12 :  0.991 0.009 
1419    h1291    (0)   12 :  0.992 0.008 
1420    h1301    (0)   12 :  0.994 0.006 
1421    h1311    (0)   12 :  0.990 0.010 
1422    h1321    (0)   12 :  0.977 0.023 
1423    h1331    (0)   12 :  0.991 0.009 
1424    h1341    (0)   12 :  0.993 0.007 
1425    h1351    (0)   12 :  0.993 0.007 
1426    h1361    (0)   12 :  0.984 0.016 
1427    h1371    (0)   12 :  0.981 0.019 
1428    h1381    (0)   12 :  0.993 0.007 
1429    h1391    (0)   12 :  0.990 0.010 
1430    h1401    (0)   12 :  0.990 0.010 
1431    h1411    (0)   12 :  0.989 0.011 
1432    h1421    (0)   12 :  0.991 0.009 
1433    h1431    (0)   12 :  0.992 0.008 
1434    h1441    (0)   12 :  0.991 0.009 
1435    h1451    (0)   12 :  0.994 0.006 
1436    h1461    (0)   12 :  0.993 0.007 
1437    h1471    (0)   12 :  0.990 0.010 
1438    h1481    (0)   12 :  0.973 0.027 
1439    h1491    (0)   12 :  0.992 0.008 
1440    h1501    (0)   12 :  0.985 0.015 
1441    h1511    (0)   12 :  0.989 0.011 
1442    h1521    (0)   12 :  0.991 0.009 
1443    h1531    (0)   12 :  0.982 0.018 
1444    h1541    (0)   12 :  0.949 0.051 
1445    h1551    (0)   12 :  0.990 0.010 
1446    h1561    (0)   12 :  0.987 0.013 
1447    h1571    (0)   12 :  0.987 0.013 
1448    h1581    (0)   12 :  0.985 0.015 
1449    h1591    (0)   12 :  0.983 0.017 
1450    h1601    (0)   12 :  0.988 0.012 
1451    h1611    (0)   12 :  0.990 0.010 
1452    h1621    (0)   12 :  0.990 0.010 
1453    h1631    (0)   12 :  0.987 0.013 
1454    h1641    (0)   12 :  0.977 0.023 
1455    h1651    (0)   12 :  0.976 0.024 
1456    h1661    (0)   12 :  0.986 0.014 
1457    h1671    (0)   12 :  0.986 0.014 
1458    h1681    (0)   12 :  0.988 0.012 
1459    h1691    (0)   12 :  0.991 0.009 
1460    h1701    (0)   12 :  0.992 0.008 
1461    h1711    (0)   12 :  0.964 0.036 
1462    h1721    (0)   12 :  0.975 0.025 
1463    h1731    (0)   12 :  0.991 0.009 
1464    h1741    (0)   12 :  0.991 0.009 
1465    h1751    (0)   12 :  0.958 0.042 
1466    h1761    (0)   12 :  0.962 0.038 
1467    h1771    (0)   12 :  0.993 0.007 
1468    h1781    (0)   12 :  0.964 0.036 
1469    h1791    (0)   12 :  0.992 0.008 
1470    h1801    (0)   12 :  0.990 0.010 
1471    h1811    (0)   12 :  0.984 0.016 
1472    h1821    (0)   12 :  0.993 0.007 
1473    h1831    (0)   12 :  0.986 0.014 
1474    h1841    (0)   12 :  0.990 0.010 
1475    h1851    (0)   12 :  0.981 0.019 
1476    h1861    (0)   12 :  0.939 0.061 
1477    h1871    (0)   12 :  0.992 0.008 
1478    h1881    (0)   12 :  0.985 0.015 
1479    h1891    (0)   12 :  0.988 0.012 
1480    h1901    (0)   12 :  0.988 0.012 
1481    h1911    (0)   12 :  0.986 0.014 
1482    h1921    (0)   12 :  0.992 0.008 
1483    h1931    (0)   12 :  0.988 0.012 
1484    h1941    (0)   12 :  0.990 0.010 
1485    h1951    (0)   12 :  0.964 0.036 
1486    h1961    (0)   12 :  0.991 0.009 
1487    h1971    (0)   12 :  0.993 0.007 
1488    h1981    (0)   12 :  0.991 0.009 
1489    h1991    (0)   12 :  0.991 0.009 
1490    h2001    (0)   12 :  0.973 0.027 
1491    h2011    (0)   12 :  0.987 0.013 
1492    h2021    (0)   12 :  0.992 0.008 
1493    h2031    (0)   12 :  0.989 0.011 
1494    h2041    (0)   12 :  0.988 0.012 
1495    h2051    (0)   12 :  0.992 0.008 
1496    h2061    (0)   12 :  0.990 0.010 
1497    h2071    (0)   12 :  0.993 0.007 
1498    h2081    (0)   12 :  0.994 0.006 
1499    h2091    (0)   12 :  0.992 0.008 
1500    h2101    (0)   12 :  0.993 0.007 
1501    h2111    (0)   12 :  0.992 0.008 
1502    h2121    (0)   12 :  0.990 0.010 
1503    h2131    (0)   12 :  0.986 0.014 
1504    h2141    (0)   12 :  0.993 0.007 
1505    h2151    (0)   12 :  0.993 0.007 
1506    h2161    (0)   12 :  0.989 0.011 
1507    h2171    (0)   12 :  0.992 0.008 
1508    h2181    (0)   12 :  0.988 0.012 
1509    h2191    (0)   12 :  0.985 0.015 
1510    h2201    (0)   12 :  0.985 0.015 
1511    h2211    (0)   12 :  0.971 0.029 
1512    h2221    (0)   12 :  0.992 0.008 
1513    h2231    (0)   12 :  0.974 0.026 
1514    h2241    (0)   12 :  0.993 0.007 
1515    h2251    (0)   12 :  0.992 0.008 
1516    h2261    (0)   12 :  0.994 0.006 
1517    h2271    (0)   12 :  0.991 0.009 
1518    h2281    (0)   12 :  0.906 0.094 
1519    h2291    (0)   12 :  0.991 0.009 
1520    h2301    (0)   12 :  0.987 0.013 
1521    h2311    (0)   12 :  0.993 0.007 
1522    h2321    (0)   12 :  0.971 0.029 
1523    h2331    (0)   12 :  0.989 0.011 
1524    h2341    (0)   12 :  0.989 0.011 
1525    h2351    (0)   12 :  0.986 0.014 
1526    h2361    (0)   12 :  0.991 0.009 
1527    h2371    (0)   12 :  0.990 0.010 
1528    h2381    (0)   12 :  0.994 0.006 
1529    h2391    (0)   12 :  0.990 0.010 
1530    h2401    (0)   12 :  0.992 0.008 
1531    h2411    (0)   12 :  0.988 0.012 
1532    h2421    (0)   12 :  0.993 0.007 
1533    h2431    (0)   12 :  0.978 0.022 
1534    h2441    (0)   12 :  0.994 0.006 
1535    h2451    (0)   12 :  0.985 0.015 
1536    h2461    (0)   12 :  0.980 0.020 
1537    h2471    (0)   12 :  0.987 0.013 
1538    h2481    (0)   12 :  0.992 0.008 
1539    h2491    (0)   12 :  0.991 0.009 
1540    h2501    (0)   12 :  0.987 0.013 
1541    h2511    (0)   12 :  0.991 0.009 
1542    h2521    (0)   12 :  0.986 0.014 
1543    h2531    (0)   12 :  0.990 0.010 
1544    h2541    (0)   12 :  0.991 0.009 
1545    h2551    (0)   12 :  0.988 0.012 
1546    h2561    (0)   12 :  0.989 0.011 
1547    h2571    (0)   12 :  0.987 0.013 
1548    h2581    (0)   12 :  0.983 0.017 
1549    h2591    (0)   12 :  0.984 0.016 
1550    h2601    (0)   12 :  0.981 0.019 


Estimated Allele Frequencies in each cluster
First column gives estimated ancestral frequencies


Locus 1 : Cl147 
22 alleles
0.0% missing data
  45   (0.098) 0.011 0.181 
  69   (0.106) 0.246 0.112 
  73   (0.120) 0.107 0.177 
  77   (0.082) 0.011 0.121 
  56   (0.061) 0.040 0.045 
  65   (0.058) 0.200 0.027 
  41   (0.054) 0.000 0.135 
  52   (0.073) 0.028 0.075 
  48   (0.041) 0.008 0.017 
  81   (0.023) 0.000 0.012 
  49   (0.033) 0.000 0.041 
  60   (0.040) 0.003 0.019 
  84   (0.030) 0.002 0.007 
  89   (0.026) 0.000 0.017 
  61   (0.036) 0.015 0.008 
  68   (0.028) 0.071 0.003 
  44   (0.018) 0.249 0.000 
  85   (0.015) 0.002 0.001 
 801   (0.015) 0.004 0.000 
  72   (0.014) 0.003 0.000 
  80   (0.013) 0.001 0.000 
  40   (0.013) 0.001 0.000 

Locus 2 : Cl233 
31 alleles
0.0% missing data
  63   (0.106) 0.167 0.189 
  85   (0.046) 0.002 0.065 
  73   (0.034) 0.001 0.048 
  79   (0.029) 0.000 0.043 
  71   (0.074) 0.031 0.116 
  77   (0.027) 0.000 0.029 
  75   (0.032) 0.000 0.047 
  67   (0.088) 0.217 0.117 
  55   (0.058) 0.360 0.039 
  59   (0.055) 0.199 0.036 
  81   (0.038) 0.000 0.092 
  83   (0.026) 0.000 0.028 
  93   (0.020) 0.000 0.009 
 101   (0.016) 0.000 0.003 
  69   (0.024) 0.000 0.011 
  51   (0.038) 0.012 0.017 
 100   (0.027) 0.001 0.013 
  92   (0.015) 0.000 0.002 
1121   (0.017) 0.000 0.003 
1001   (0.020) 0.000 0.008 
  89   (0.028) 0.000 0.029 
 711   (0.025) 0.003 0.004 
 116   (0.018) 0.000 0.006 
  80   (0.017) 0.000 0.005 
  43   (0.018) 0.000 0.005 
  84   (0.014) 0.000 0.001 
  88   (0.024) 0.000 0.020 
 104   (0.020) 0.000 0.008 
  97   (0.018) 0.000 0.005 
 791   (0.013) 0.000 0.001 
  35   (0.014) 0.007 0.000 

Locus 3 : Cl264 
26 alleles
0.1% missing data
  65   (0.077) 0.138 0.089 
 651   (0.092) 0.042 0.178 
 691   (0.094) 0.078 0.161 
  57   (0.026) 0.018 0.003 
  61   (0.043) 0.184 0.016 
 731   (0.045) 0.001 0.102 
 811   (0.028) 0.000 0.027 
 611   (0.056) 0.056 0.044 
  69   (0.090) 0.220 0.123 
  77   (0.039) 0.009 0.019 
  49   (0.030) 0.000 0.047 
  45   (0.017) 0.000 0.004 
 491   (0.028) 0.011 0.005 
 571   (0.017) 0.000 0.005 
 771   (0.036) 0.000 0.066 
  89   (0.025) 0.000 0.024 
 652   (0.028) 0.004 0.006 
  53   (0.046) 0.138 0.020 
  73   (0.047) 0.061 0.026 
  80   (0.019) 0.000 0.007 
 531   (0.033) 0.013 0.010 
 693   (0.018) 0.000 0.005 
  93   (0.018) 0.000 0.005 
  85   (0.019) 0.000 0.008 
  37   (0.014) 0.021 0.000 
 692   (0.014) 0.006 0.000 

Locus 4 : Cl274 
8 alleles
0.0% missing data
  61   (0.388) 0.332 0.481 
  57   (0.203) 0.507 0.171 
  65   (0.134) 0.038 0.140 
  53   (0.076) 0.005 0.062 
  69   (0.080) 0.005 0.074 
  73   (0.041) 0.000 0.036 
  49   (0.056) 0.002 0.036 
  45   (0.021) 0.110 0.001 

Locus 5 : Cl285 
36 alleles
0.1% missing data
  75   (0.082) 0.248 0.138 
  71   (0.084) 0.185 0.159 
 631   (0.026) 0.000 0.036 
  67   (0.086) 0.293 0.145 
  63   (0.037) 0.000 0.090 
  79   (0.060) 0.043 0.086 
 792   (0.028) 0.000 0.042 
 671   (0.058) 0.073 0.068 
 831   (0.042) 0.020 0.032 
 752   (0.049) 0.007 0.068 
  55   (0.023) 0.002 0.004 
1401   (0.017) 0.000 0.006 
  59   (0.038) 0.013 0.023 
 712   (0.026) 0.000 0.035 
 833   (0.022) 0.000 0.019 
1322   (0.015) 0.000 0.003 
 136   (0.032) 0.004 0.013 
 164   (0.015) 0.000 0.003 
 872   (0.015) 0.000 0.003 
1282   (0.016) 0.000 0.004 
 148   (0.016) 0.000 0.004 
 144   (0.018) 0.000 0.007 
 119   (0.016) 0.000 0.004 
1402   (0.016) 0.000 0.004 
 751   (0.019) 0.047 0.001 
1361   (0.014) 0.010 0.000 
1321   (0.014) 0.005 0.000 
 832   (0.013) 0.006 0.000 
1281   (0.013) 0.008 0.000 
 124   (0.012) 0.001 0.000 
 132   (0.013) 0.015 0.000 
 791   (0.013) 0.010 0.000 
  87   (0.013) 0.001 0.000 
1441   (0.013) 0.002 0.000 
 140   (0.012) 0.000 0.000 
 711   (0.012) 0.003 0.000 

Locus 6 : Cl291 
20 alleles
0.3% missing data
 641   (0.068) 0.011 0.062 
  72   (0.105) 0.183 0.096 
 682   (0.034) 0.000 0.035 
 801   (0.034) 0.000 0.037 
 681   (0.130) 0.015 0.239 
  76   (0.110) 0.104 0.118 
 722   (0.062) 0.001 0.131 
 601   (0.024) 0.000 0.012 
  80   (0.048) 0.001 0.070 
 761   (0.050) 0.079 0.017 
 762   (0.041) 0.000 0.060 
 721   (0.081) 0.105 0.062 
  84   (0.053) 0.003 0.038 
  64   (0.039) 0.323 0.006 
  68   (0.032) 0.150 0.003 
 843   (0.019) 0.000 0.004 
 881   (0.020) 0.000 0.005 
 763   (0.017) 0.023 0.000 
 803   (0.019) 0.001 0.002 
  60   (0.014) 0.001 0.000 

Locus 7 : Cl308 
52 alleles
0.0% missing data
  72   (0.057) 0.121 0.148 
  64   (0.041) 0.166 0.042 
  68   (0.056) 0.494 0.115 
 103   (0.017) 0.000 0.013 
  80   (0.034) 0.007 0.048 
  76   (0.049) 0.118 0.095 
1151   (0.017) 0.000 0.014 
 123   (0.019) 0.000 0.016 
 115   (0.019) 0.000 0.027 
  83   (0.021) 0.000 0.027 
1231   (0.017) 0.000 0.013 
1192   (0.014) 0.000 0.005 
 131   (0.018) 0.000 0.019 
1191   (0.016) 0.000 0.010 
 752   (0.016) 0.000 0.009 
 143   (0.017) 0.000 0.012 
  79   (0.021) 0.000 0.036 
 119   (0.018) 0.000 0.018 
1431   (0.031) 0.004 0.029 
1112   (0.023) 0.000 0.048 
1193   (0.018) 0.000 0.011 
1591   (0.013) 0.000 0.003 
1232   (0.016) 0.000 0.009 
 139   (0.017) 0.000 0.012 
1111   (0.016) 0.000 0.011 
 127   (0.014) 0.000 0.005 
1391   (0.018) 0.000 0.021 
 121   (0.015) 0.000 0.007 
1313   (0.015) 0.000 0.006 
1113   (0.014) 0.000 0.005 
  87   (0.031) 0.002 0.069 
1031   (0.015) 0.000 0.006 
 155   (0.016) 0.000 0.010 
1312   (0.013) 0.000 0.003 
1272   (0.016) 0.000 0.010 
 151   (0.012) 0.000 0.003 
1351   (0.015) 0.000 0.009 
 135   (0.015) 0.000 0.006 
1432   (0.011) 0.000 0.001 
1152   (0.015) 0.000 0.007 
1271   (0.016) 0.000 0.009 
1311   (0.013) 0.000 0.003 
1472   (0.014) 0.000 0.004 
 137   (0.014) 0.000 0.004 
  88   (0.012) 0.000 0.002 
  60   (0.022) 0.031 0.004 
 712   (0.016) 0.000 0.011 
1071   (0.013) 0.000 0.004 
 107   (0.012) 0.001 0.002 
 751   (0.012) 0.045 0.000 
  71   (0.012) 0.005 0.000 
  67   (0.011) 0.003 0.000 

Locus 8 : Cl330 
25 alleles
1.4% missing data
  52   (0.138) 0.034 0.322 
 601   (0.081) 0.021 0.124 
  40   (0.075) 0.058 0.083 
  72   (0.041) 0.005 0.021 
  56   (0.084) 0.018 0.130 
 481   (0.066) 0.209 0.046 
  61   (0.032) 0.000 0.042 
  80   (0.022) 0.000 0.010 
 681   (0.045) 0.005 0.028 
  64   (0.056) 0.003 0.067 
  57   (0.021) 0.000 0.007 
  75   (0.021) 0.000 0.007 
  71   (0.021) 0.000 0.007 
  28   (0.048) 0.230 0.015 
  65   (0.026) 0.000 0.017 
 441   (0.055) 0.061 0.031 
  36   (0.027) 0.000 0.024 
  79   (0.021) 0.000 0.009 
  73   (0.017) 0.000 0.004 
 602   (0.017) 0.000 0.004 
  67   (0.017) 0.030 0.001 
  48   (0.019) 0.128 0.001 
  44   (0.021) 0.167 0.001 
 521   (0.015) 0.019 0.000 
  62   (0.014) 0.011 0.000 

Locus 9 : Cl344 
15 alleles
3.5% missing data
  56   (0.260) 0.071 0.429 
  60   (0.196) 0.075 0.276 
  48   (0.021) 0.000 0.005 
  76   (0.025) 0.000 0.010 
  64   (0.140) 0.403 0.111 
  72   (0.080) 0.013 0.069 
 761   (0.017) 0.000 0.002 
 641   (0.031) 0.000 0.021 
  68   (0.068) 0.021 0.042 
 601   (0.029) 0.000 0.018 
  52   (0.044) 0.297 0.007 
 681   (0.020) 0.000 0.004 
 721   (0.019) 0.000 0.003 
 561   (0.028) 0.072 0.002 
 521   (0.021) 0.047 0.001 

Locus 10 : Cl366 
8 alleles
0.1% missing data
  80   (0.303) 0.422 0.331 
  92   (0.046) 0.000 0.039 
  76   (0.215) 0.199 0.228 
  88   (0.071) 0.001 0.116 
  84   (0.126) 0.059 0.115 
  72   (0.184) 0.307 0.163 
  64   (0.038) 0.012 0.006 
  68   (0.018) 0.001 0.002 

Locus 11 : Cl375 
15 alleles
0.0% missing data
 491   (0.104) 0.087 0.112 
  53   (0.197) 0.424 0.264 
 612   (0.051) 0.014 0.026 
  57   (0.173) 0.122 0.266 
  45   (0.068) 0.101 0.041 
  61   (0.132) 0.159 0.158 
 651   (0.039) 0.001 0.028 
  69   (0.029) 0.000 0.020 
 571   (0.057) 0.013 0.036 
  65   (0.033) 0.000 0.033 
  37   (0.019) 0.000 0.003 
 691   (0.028) 0.008 0.003 
 531   (0.040) 0.054 0.008 
  49   (0.016) 0.014 0.000 
 532   (0.014) 0.002 0.000 

Locus 12 : Cl408 
13 alleles
0.1% missing data
  62   (0.221) 0.071 0.298 
  74   (0.047) 0.000 0.060 
  50   (0.068) 0.259 0.023 
  58   (0.129) 0.111 0.110 
  66   (0.126) 0.005 0.206 
  70   (0.050) 0.000 0.070 
  54   (0.180) 0.163 0.185 
  78   (0.024) 0.000 0.008 
  79   (0.022) 0.000 0.006 
  75   (0.067) 0.116 0.025 
  82   (0.023) 0.000 0.007 
  46   (0.024) 0.260 0.001 
  34   (0.018) 0.016 0.000 

Locus 13 : Cl507 
22 alleles
0.0% missing data
  70   (0.083) 0.065 0.082 
  94   (0.049) 0.004 0.036 
  74   (0.047) 0.001 0.071 
  54   (0.060) 0.071 0.035 
  82   (0.078) 0.001 0.218 
  90   (0.060) 0.018 0.046 
  86   (0.045) 0.000 0.083 
 701   (0.023) 0.000 0.011 
  78   (0.056) 0.001 0.092 
  62   (0.096) 0.298 0.081 
 741   (0.037) 0.000 0.051 
  66   (0.106) 0.309 0.103 
 661   (0.025) 0.000 0.014 
  58   (0.056) 0.153 0.024 
  98   (0.042) 0.004 0.019 
 781   (0.025) 0.000 0.014 
 141   (0.024) 0.000 0.012 
 102   (0.019) 0.000 0.004 
 106   (0.017) 0.000 0.003 
 621   (0.020) 0.049 0.001 
  50   (0.018) 0.021 0.001 
 702   (0.014) 0.004 0.000 

Locus 14 : Cl527 
29 alleles
0.0% missing data
  62   (0.084) 0.037 0.110 
 622   (0.018) 0.000 0.004 
 461   (0.035) 0.005 0.011 
  82   (0.019) 0.000 0.006 
 661   (0.048) 0.000 0.126 
  70   (0.043) 0.000 0.077 
 581   (0.057) 0.022 0.046 
 701   (0.043) 0.000 0.089 
 501   (0.030) 0.000 0.032 
  66   (0.096) 0.151 0.118 
 741   (0.027) 0.000 0.024 
  58   (0.085) 0.028 0.120 
 541   (0.039) 0.000 0.065 
  74   (0.025) 0.004 0.003 
 621   (0.046) 0.000 0.091 
  78   (0.021) 0.000 0.009 
 781   (0.019) 0.000 0.006 
 462   (0.022) 0.000 0.011 
  67   (0.025) 0.000 0.018 
  54   (0.030) 0.211 0.003 
  50   (0.050) 0.212 0.020 
  63   (0.019) 0.000 0.006 
  42   (0.029) 0.169 0.003 
  46   (0.018) 0.093 0.001 
  61   (0.016) 0.041 0.000 
  26   (0.013) 0.000 0.001 
  65   (0.015) 0.013 0.000 
  53   (0.013) 0.001 0.000 
  57   (0.015) 0.011 0.000 

Locus 15 : Cl380 
21 alleles
3.0% missing data
 671   (0.104) 0.166 0.123 
 672   (0.097) 0.155 0.108 
 751   (0.040) 0.001 0.041 
  71   (0.036) 0.000 0.053 
  79   (0.170) 0.452 0.255 
  75   (0.091) 0.035 0.122 
 711   (0.057) 0.001 0.133 
  67   (0.029) 0.000 0.020 
 791   (0.018) 0.000 0.004 
 591   (0.044) 0.010 0.020 
 552   (0.029) 0.000 0.028 
 792   (0.028) 0.001 0.012 
 593   (0.024) 0.000 0.013 
  59   (0.041) 0.013 0.016 
 631   (0.039) 0.031 0.011 
 833   (0.038) 0.008 0.012 
 712   (0.027) 0.000 0.019 
  63   (0.038) 0.038 0.009 
 551   (0.018) 0.078 0.000 
 632   (0.016) 0.007 0.000 
 592   (0.014) 0.005 0.000 

Locus 16 : Lup02 
6 alleles
0.1% missing data
  56   (0.485) 0.644 0.509 
  60   (0.174) 0.062 0.177 
  52   (0.148) 0.212 0.106 
  48   (0.139) 0.006 0.196 
 561   (0.027) 0.000 0.010 
  64   (0.027) 0.076 0.002 

Locus 17 : Lup13 
5 alleles
0.0% missing data
  57   (0.302) 0.612 0.248 
  61   (0.411) 0.246 0.458 
  65   (0.082) 0.001 0.132 
  53   (0.187) 0.139 0.160 
  69   (0.018) 0.002 0.001 

Locus 18 : Lup20 
9 alleles
0.8% missing data
  56   (0.467) 0.201 0.634 
 601   (0.082) 0.001 0.121 
  60   (0.167) 0.457 0.117 
  68   (0.077) 0.196 0.029 
  64   (0.095) 0.063 0.059 
  72   (0.026) 0.000 0.009 
 681   (0.027) 0.000 0.009 
 641   (0.032) 0.000 0.019 
  52   (0.025) 0.081 0.001 

Locus 19 : Lup21 
11 alleles
0.1% missing data
  41   (0.293) 0.087 0.373 
  57   (0.253) 0.104 0.289 
  53   (0.191) 0.420 0.143 
  37   (0.035) 0.000 0.021 
  45   (0.083) 0.000 0.157 
 531   (0.022) 0.000 0.005 
 611   (0.033) 0.038 0.003 
 491   (0.025) 0.000 0.008 
  61   (0.025) 0.100 0.001 
  49   (0.022) 0.208 0.001 
 612   (0.018) 0.042 0.000 

Locus 20 : Lup23 
6 alleles
0.0% missing data
  59   (0.263) 0.327 0.204 
  63   (0.626) 0.159 0.774 
  67   (0.051) 0.002 0.021 
  55   (0.025) 0.501 0.001 
 671   (0.018) 0.008 0.000 
  51   (0.017) 0.002 0.000 

Values of parameters used in structure:
DATAFILE=/home/eva.pavlovic/data_job_4a2_5_2,	OUTFILE=/home/eva.pavlovic/ParallelStructure/26_results_20MS/4a2_Croatia_high_numbers/4a2_Croatia_high_numbers_5/results_job_4a2_5_2,	NUMINDS=1550,	NUMLOCI=20,	MISSING=-9,	LABEL=1,	POPDATA=1,	POPFLAG=0,	PHENOTYPE=0,	EXTRACOLS=0,	MAXPOPS=2,	BURNIN=300000,	NUMREPS=3000000,	USEPOPINFO=0,	INFERALPHA=1,	INFERLAMBDA=0,	POPSPECIFICLAMBDA=0,	POPALPHAS=0,	COMPUTEPROB=1,	NOADMIX=0,	ADMBURNIN=2500,	UPDATEFREQ=1,	PRINTLIKES=0,	INTERMEDSAVE=0,	PRINTKLD=0,	PRINTNET=0,	PRINTLAMBDA=0,	ANCESTDIST=0,	NUMBOXES=1000,	ANCESTPINT=0.90000,	GENSBACK=2,	MIGRPRIOR=0.05000,	PRINTQHAT=1,	PRINTQSUM=0,	ALPHA=1.0000,	FREQSCORR=1,	FPRIORMEAN=0.0100,	FPRIORSD=0.0500,	ONEFST=0,	LAMBDA=1.0000,	UNIFPRIORALPHA=1,	ALPHAMAX=10.0000,	ALPHAPRIORA=1.0000,	ALPHAPRIORB=2.0000,	ALPHAPROPSD=0.0250,	STARTATPOPINFO=0,	RANDOMIZE=1,	LINKAGE=0,	METROFREQ=10,	REPORTHITRATE=0,	MARKOVPHASE=-1,	PHASED=0,	PLOIDY=2,	PHASEINFO=0	LOCPRIOR=0, 	LOCPRIORINIT=1.000000, 	LOCDATA=0, 	LOCISPOP=0, 	LOCPRIORSTEP=0.100000, 	MAXLOCPRIOR=20.000000, 	SEED=1772692630,	
[STRAT parameters]:    NUMSIMSTATS=1000,	PHENOTYPECOL=-9,	POOLFREQ=10,	LOCUSxONLY=0,	EMERROR=0.00100,	MISSINGPHENO=-9,	