

----------------------------------------------------
STRUCTURE by Pritchard, Stephens and Donnelly (2000)
     and Falush, Stephens and Pritchard (2003)
       Code by Pritchard, Falush and Hubisz
             Version 2.3.4 (Jul 2012)
----------------------------------------------------



Command line arguments:   /home/eva.pavlovic/Structure/structure -m parameter_job_4a2_5_4 
Input File:    /home/eva.pavlovic/data_job_4a2_5_4

Run parameters:
   1550 individuals
   20 loci
   2 populations assumed
   300000 Burn-in period
   3000000 Reps


--------------------------------------------
Proportion of membership of each pre-defined
 population in each of the 2 clusters

Given    Inferred Clusters       Number of
 Pop       1      2             Individuals

  1:     0.984  0.016             100
  2:     0.984  0.016             400
  3:     0.907  0.093             100
  4:     0.763  0.237             100
  5:     0.455  0.545               6
  6:     0.519  0.481             100
  7:     0.186  0.814               2
  8:     0.255  0.745             100
  9:     0.120  0.880              42
 10:     0.106  0.894             100
 11:     0.019  0.981             240
 12:     0.014  0.986             260
--------------------------------------------

Allele-freq. divergence among pops (Net nucleotide distance),
computed using point estimates of P.

      1       2      
 1      -    0.0996  
 2   0.0996     -    

Average distances (expected heterozygosity) between individuals in same cluster:
cluster  1  : 0.7888 
cluster  2  : 0.7352 

--------------------------------------------
Estimated Ln Prob of Data   = -115822.5
Mean value of ln likelihood = -115419.4
Variance of ln likelihood   = 806.3
Mean value of alpha         = 0.1378

Mean value of Fst_1         = 0.0399
Mean value of Fst_2         = 0.1773


Inferred ancestry of individuals:
        Label (%Miss) Pop:  Inferred clusters
  1    M1EL5    (5)    1 :  0.985 0.015 
  2    W26T6    (5)    1 :  0.970 0.030 
  3    W26XX    (5)    1 :  0.990 0.010 
  4    M013P    (0)    1 :  0.993 0.007 
  5    M1ELA    (0)    1 :  0.964 0.036 
  6    M2C73    (0)    1 :  0.987 0.013 
  7    W23P4    (0)    1 :  0.921 0.079 
  8    W247C    (5)    1 :  0.992 0.008 
  9    W24K1    (0)    1 :  0.992 0.008 
 10    W24ME    (0)    1 :  0.969 0.031 
 11    W2514    (0)    1 :  0.981 0.019 
 12    W26MA    (0)    1 :  0.982 0.018 
 13    W26MM    (0)    1 :  0.990 0.010 
 14    W26MU    (0)    1 :  0.986 0.014 
 15    W26P0    (0)    1 :  0.990 0.010 
 16    W26P3    (0)    1 :  0.993 0.007 
 17    W26T5    (0)    1 :  0.992 0.008 
 18    W26TE    (0)    1 :  0.980 0.020 
 19    W26TF    (0)    1 :  0.992 0.008 
 20    W26U8    (0)    1 :  0.966 0.034 
 21    W26UJ    (0)    1 :  0.992 0.008 
 22    W26UK    (0)    1 :  0.993 0.007 
 23    W26UT    (0)    1 :  0.993 0.007 
 24    W26XT    (0)    1 :  0.991 0.009 
 25   CC06H2    (0)    1 :  0.969 0.031 
 26   CC06H4    (0)    1 :  0.989 0.011 
 27   CC06H5    (5)    1 :  0.949 0.051 
 28   CC06H6    (0)    1 :  0.987 0.013 
 29   CC06HE    (0)    1 :  0.992 0.008 
 30   CC06HF    (0)    1 :  0.947 0.053 
 31   CC06HH    (0)    1 :  0.991 0.009 
 32   CC06HJ    (0)    1 :  0.986 0.014 
 33   CC06HL    (0)    1 :  0.993 0.007 
 34   CC06HP    (0)    1 :  0.993 0.007 
 35   CC06HT    (0)    1 :  0.973 0.027 
 36   CC06HU    (0)    1 :  0.981 0.019 
 37   CC06HY    (0)    1 :  0.981 0.019 
 38   CC06J0    (0)    1 :  0.989 0.011 
 39   CC06J1    (0)    1 :  0.960 0.040 
 40   CC06J2    (0)    1 :  0.988 0.012 
 41  CT.0YCY    (0)    1 :  0.988 0.012 
 42  CT.0YEC    (0)    1 :  0.993 0.007 
 43  CT.0YEF    (0)    1 :  0.987 0.013 
 44  CT.0YEU    (0)    1 :  0.993 0.007 
 45  CT.0YF2    (5)    1 :  0.981 0.019 
 46  CT.0YF8    (0)    1 :  0.992 0.008 
 47  CT.0YFA    (0)    1 :  0.983 0.017 
 48  CT.0YFE    (0)    1 :  0.984 0.016 
 49  CT.0YFP    (0)    1 :  0.987 0.013 
 50  CT.0YFU    (0)    1 :  0.987 0.013 
 51  CT.0YK7    (0)    1 :  0.985 0.015 
 52  CX.10PT    (0)    1 :  0.966 0.034 
 53   DAM021    (0)    1 :  0.989 0.011 
 54   DAM034    (0)    1 :  0.983 0.017 
 55   DAM07X    (0)    1 :  0.986 0.014 
 56  EF.15J6    (0)    1 :  0.991 0.009 
 57   HRV010   (10)    1 :  0.990 0.010 
 58   HRV02J    (5)    1 :  0.983 0.017 
 59   HRV078    (0)    1 :  0.987 0.013 
 60   HRV0FH    (0)    1 :  0.990 0.010 
 61   HRV0H5    (0)    1 :  0.986 0.014 
 62   HRV0JF    (0)    1 :  0.982 0.018 
 63   HRV0JJ    (0)    1 :  0.979 0.021 
 64   HRV0JM    (0)    1 :  0.987 0.013 
 65   HRV0K6    (0)    1 :  0.971 0.029 
 66   HRV0K7    (0)    1 :  0.991 0.009 
 67   HRV0KP    (5)    1 :  0.987 0.013 
 68   HRV1AX    (0)    1 :  0.975 0.025 
 69   HRV1C4    (0)    1 :  0.979 0.021 
 70   HRV1CH    (0)    1 :  0.983 0.017 
 71   HRV1FA    (5)    1 :  0.983 0.017 
 72   HRV1FK    (0)    1 :  0.984 0.016 
 73   HRV1H8    (5)    1 :  0.988 0.012 
 74   HRV1HT   (10)    1 :  0.984 0.016 
 75   HRV1XU   (10)    1 :  0.988 0.012 
 76   HRV4TF    (0)    1 :  0.991 0.009 
 77   HRV6F0   (10)    1 :  0.990 0.010 
 78   HRVE6L    (0)    1 :  0.985 0.015 
 79    M27HM    (5)    1 :  0.976 0.024 
 80    M27HP    (0)    1 :  0.992 0.008 
 81    M2AK4    (0)    1 :  0.992 0.008 
 82    M2ALA    (0)    1 :  0.992 0.008 
 83    M2C56    (0)    1 :  0.985 0.015 
 84    M2CUX    (0)    1 :  0.984 0.016 
 85    M2E24    (0)    1 :  0.992 0.008 
 86    M2EA7    (5)    1 :  0.989 0.011 
 87    M2EH6    (0)    1 :  0.990 0.010 
 88    M2EKC    (0)    1 :  0.948 0.052 
 89   MSV083    (0)    1 :  0.988 0.012 
 90   MSV084    (0)    1 :  0.985 0.015 
 91   MSV0LJ    (0)    1 :  0.985 0.015 
 92   MSV1H5    (0)    1 :  0.985 0.015 
 93   MSV1KM    (0)    1 :  0.991 0.009 
 94   MSV23F    (5)    1 :  0.990 0.010 
 95   MSV2L8    (0)    1 :  0.989 0.011 
 96   MSV2P7    (5)    1 :  0.991 0.009 
 97   MSV2TJ    (0)    1 :  0.982 0.018 
 98   MSV2XM    (0)    1 :  0.986 0.014 
 99   MSV327    (5)    1 :  0.990 0.010 
100   MSV33L    (5)    1 :  0.992 0.008 
101    h0015    (0)    2 :  0.989 0.011 
102    h0025    (0)    2 :  0.947 0.053 
103    h0035    (0)    2 :  0.986 0.014 
104    h0045    (0)    2 :  0.973 0.027 
105    h0055    (0)    2 :  0.986 0.014 
106    h0065    (0)    2 :  0.984 0.016 
107    h0075    (0)    2 :  0.989 0.011 
108    h0085    (0)    2 :  0.992 0.008 
109    h0095    (0)    2 :  0.990 0.010 
110    h0105    (0)    2 :  0.990 0.010 
111    h0115    (0)    2 :  0.986 0.014 
112    h0125    (0)    2 :  0.991 0.009 
113    h0135    (0)    2 :  0.981 0.019 
114    h0145    (0)    2 :  0.987 0.013 
115    h0155    (0)    2 :  0.987 0.013 
116    h0165    (0)    2 :  0.966 0.034 
117    h0175    (0)    2 :  0.993 0.007 
118    h0185    (0)    2 :  0.993 0.007 
119    h0195    (0)    2 :  0.983 0.017 
120    h0205    (0)    2 :  0.990 0.010 
121    h0215    (0)    2 :  0.977 0.023 
122    h0225    (0)    2 :  0.990 0.010 
123    h0235    (0)    2 :  0.993 0.007 
124    h0245    (0)    2 :  0.985 0.015 
125    h0255    (0)    2 :  0.992 0.008 
126    h0265    (0)    2 :  0.985 0.015 
127    h0275    (0)    2 :  0.985 0.015 
128    h0285    (0)    2 :  0.992 0.008 
129    h0295    (0)    2 :  0.990 0.010 
130    h0305    (0)    2 :  0.991 0.009 
131    h0315    (0)    2 :  0.989 0.011 
132    h0325    (0)    2 :  0.982 0.018 
133    h0335    (0)    2 :  0.992 0.008 
134    h0345    (0)    2 :  0.990 0.010 
135    h0355    (0)    2 :  0.989 0.011 
136    h0365    (0)    2 :  0.991 0.009 
137    h0375    (0)    2 :  0.988 0.012 
138    h0385    (0)    2 :  0.992 0.008 
139    h0395    (0)    2 :  0.991 0.009 
140    h0405    (0)    2 :  0.992 0.008 
141    h0415    (0)    2 :  0.985 0.015 
142    h0425    (0)    2 :  0.983 0.017 
143    h0435    (0)    2 :  0.991 0.009 
144    h0445    (0)    2 :  0.989 0.011 
145    h0455    (0)    2 :  0.986 0.014 
146    h0465    (0)    2 :  0.976 0.024 
147    h0475    (0)    2 :  0.993 0.007 
148    h0485    (0)    2 :  0.992 0.008 
149    h0495    (0)    2 :  0.978 0.022 
150    h0505    (0)    2 :  0.985 0.015 
151    h0515    (0)    2 :  0.979 0.021 
152    h0525    (0)    2 :  0.987 0.013 
153    h0535    (0)    2 :  0.987 0.013 
154    h0545    (0)    2 :  0.985 0.015 
155    h0555    (0)    2 :  0.987 0.013 
156    h0565    (0)    2 :  0.992 0.008 
157    h0575    (0)    2 :  0.987 0.013 
158    h0585    (0)    2 :  0.993 0.007 
159    h0595    (0)    2 :  0.989 0.011 
160    h0605    (0)    2 :  0.988 0.012 
161    h0615    (0)    2 :  0.992 0.008 
162    h0625    (0)    2 :  0.985 0.015 
163    h0635    (0)    2 :  0.991 0.009 
164    h0645    (0)    2 :  0.991 0.009 
165    h0655    (0)    2 :  0.990 0.010 
166    h0665    (0)    2 :  0.989 0.011 
167    h0675    (0)    2 :  0.992 0.008 
168    h0685    (0)    2 :  0.975 0.025 
169    h0695    (0)    2 :  0.986 0.014 
170    h0705    (0)    2 :  0.992 0.008 
171    h0715    (0)    2 :  0.982 0.018 
172    h0725    (0)    2 :  0.984 0.016 
173    h0735    (0)    2 :  0.977 0.023 
174    h0745    (0)    2 :  0.980 0.020 
175    h0755    (0)    2 :  0.988 0.012 
176    h0765    (0)    2 :  0.940 0.060 
177    h0775    (0)    2 :  0.989 0.011 
178    h0785    (0)    2 :  0.987 0.013 
179    h0795    (0)    2 :  0.985 0.015 
180    h0805    (0)    2 :  0.990 0.010 
181    h0815    (0)    2 :  0.986 0.014 
182    h0825    (0)    2 :  0.987 0.013 
183    h0835    (0)    2 :  0.994 0.006 
184    h0845    (0)    2 :  0.990 0.010 
185    h0855    (0)    2 :  0.992 0.008 
186    h0865    (0)    2 :  0.936 0.064 
187    h0875    (0)    2 :  0.983 0.017 
188    h0885    (0)    2 :  0.986 0.014 
189    h0895    (0)    2 :  0.992 0.008 
190    h0905    (0)    2 :  0.959 0.041 
191    h0915    (0)    2 :  0.937 0.063 
192    h0925    (0)    2 :  0.980 0.020 
193    h0935    (0)    2 :  0.990 0.010 
194    h0945    (0)    2 :  0.992 0.008 
195    h0955    (0)    2 :  0.992 0.008 
196    h0965    (0)    2 :  0.991 0.009 
197    h0975    (0)    2 :  0.988 0.012 
198    h0985    (0)    2 :  0.987 0.013 
199    h0995    (0)    2 :  0.985 0.015 
200    h1005    (0)    2 :  0.966 0.034 
201     h101    (0)    2 :  0.988 0.012 
202     h102    (0)    2 :  0.987 0.013 
203     h103    (0)    2 :  0.987 0.013 
204     h104    (0)    2 :  0.983 0.017 
205     h105    (0)    2 :  0.962 0.038 
206     h106    (0)    2 :  0.993 0.007 
207     h107    (0)    2 :  0.989 0.011 
208     h108    (0)    2 :  0.982 0.018 
209     h109    (0)    2 :  0.992 0.008 
210     h110    (0)    2 :  0.987 0.013 
211     h111    (0)    2 :  0.893 0.107 
212     h112    (0)    2 :  0.978 0.022 
213     h113    (0)    2 :  0.988 0.012 
214     h114    (0)    2 :  0.992 0.008 
215     h115    (0)    2 :  0.987 0.013 
216     h116    (0)    2 :  0.986 0.014 
217     h117    (0)    2 :  0.992 0.008 
218     h118    (0)    2 :  0.983 0.017 
219     h119    (0)    2 :  0.994 0.006 
220     h120    (0)    2 :  0.985 0.015 
221     h121    (0)    2 :  0.975 0.025 
222     h122    (0)    2 :  0.990 0.010 
223     h123    (0)    2 :  0.993 0.007 
224     h124    (0)    2 :  0.990 0.010 
225     h125    (0)    2 :  0.988 0.012 
226     h126    (0)    2 :  0.970 0.030 
227     h127    (0)    2 :  0.989 0.011 
228     h128    (0)    2 :  0.988 0.012 
229     h129    (0)    2 :  0.974 0.026 
230     h130    (0)    2 :  0.980 0.020 
231     h131    (0)    2 :  0.988 0.012 
232     h132    (0)    2 :  0.992 0.008 
233     h133    (0)    2 :  0.983 0.017 
234     h134    (0)    2 :  0.988 0.012 
235     h135    (0)    2 :  0.983 0.017 
236     h136    (0)    2 :  0.975 0.025 
237     h137    (0)    2 :  0.988 0.012 
238     h138    (0)    2 :  0.985 0.015 
239     h139    (0)    2 :  0.987 0.013 
240     h140    (0)    2 :  0.989 0.011 
241     h141    (0)    2 :  0.989 0.011 
242     h142    (0)    2 :  0.992 0.008 
243     h143    (0)    2 :  0.989 0.011 
244     h144    (0)    2 :  0.990 0.010 
245     h145    (0)    2 :  0.975 0.025 
246     h146    (0)    2 :  0.988 0.012 
247     h147    (0)    2 :  0.991 0.009 
248     h148    (0)    2 :  0.992 0.008 
249     h149    (0)    2 :  0.982 0.018 
250     h150    (0)    2 :  0.989 0.011 
251     h151    (0)    2 :  0.992 0.008 
252     h152    (0)    2 :  0.946 0.054 
253     h153    (0)    2 :  0.991 0.009 
254     h154    (0)    2 :  0.989 0.011 
255     h155    (0)    2 :  0.979 0.021 
256     h156    (0)    2 :  0.989 0.011 
257     h157    (0)    2 :  0.983 0.017 
258     h158    (0)    2 :  0.984 0.016 
259     h159    (0)    2 :  0.991 0.009 
260     h160    (0)    2 :  0.981 0.019 
261     h161    (0)    2 :  0.991 0.009 
262     h162    (0)    2 :  0.975 0.025 
263     h163    (0)    2 :  0.993 0.007 
264     h164    (0)    2 :  0.990 0.010 
265     h165    (0)    2 :  0.978 0.022 
266     h166    (0)    2 :  0.981 0.019 
267     h167    (0)    2 :  0.991 0.009 
268     h168    (0)    2 :  0.993 0.007 
269     h169    (0)    2 :  0.979 0.021 
270     h170    (0)    2 :  0.979 0.021 
271     h171    (0)    2 :  0.960 0.040 
272     h172    (0)    2 :  0.991 0.009 
273     h173    (0)    2 :  0.990 0.010 
274     h174    (0)    2 :  0.992 0.008 
275     h175    (0)    2 :  0.934 0.066 
276     h176    (0)    2 :  0.994 0.006 
277     h177    (0)    2 :  0.989 0.011 
278     h178    (0)    2 :  0.989 0.011 
279     h179    (0)    2 :  0.992 0.008 
280     h180    (0)    2 :  0.991 0.009 
281     h181    (0)    2 :  0.993 0.007 
282     h182    (0)    2 :  0.993 0.007 
283     h183    (0)    2 :  0.980 0.020 
284     h184    (0)    2 :  0.993 0.007 
285     h185    (0)    2 :  0.992 0.008 
286     h186    (0)    2 :  0.934 0.066 
287     h187    (0)    2 :  0.973 0.027 
288     h188    (0)    2 :  0.987 0.013 
289     h189    (0)    2 :  0.990 0.010 
290     h190    (0)    2 :  0.986 0.014 
291     h191    (0)    2 :  0.987 0.013 
292     h192    (0)    2 :  0.991 0.009 
293     h193    (0)    2 :  0.989 0.011 
294     h194    (0)    2 :  0.989 0.011 
295     h195    (0)    2 :  0.990 0.010 
296     h196    (0)    2 :  0.984 0.016 
297     h197    (0)    2 :  0.991 0.009 
298     h198    (0)    2 :  0.969 0.031 
299     h199    (0)    2 :  0.986 0.014 
300     h200    (0)    2 :  0.990 0.010 
301     h201    (0)    2 :  0.989 0.011 
302     h202    (0)    2 :  0.992 0.008 
303     h203    (0)    2 :  0.987 0.013 
304     h204    (0)    2 :  0.990 0.010 
305     h205    (0)    2 :  0.991 0.009 
306     h206    (0)    2 :  0.991 0.009 
307     h207    (0)    2 :  0.986 0.014 
308     h208    (0)    2 :  0.986 0.014 
309     h209    (0)    2 :  0.982 0.018 
310     h210    (0)    2 :  0.992 0.008 
311     h211    (0)    2 :  0.988 0.012 
312     h212    (0)    2 :  0.985 0.015 
313     h213    (0)    2 :  0.975 0.025 
314     h214    (0)    2 :  0.989 0.011 
315     h215    (0)    2 :  0.991 0.009 
316     h216    (0)    2 :  0.990 0.010 
317     h217    (0)    2 :  0.988 0.012 
318     h218    (0)    2 :  0.992 0.008 
319     h219    (0)    2 :  0.970 0.030 
320     h220    (0)    2 :  0.987 0.013 
321     h221    (0)    2 :  0.979 0.021 
322     h222    (0)    2 :  0.988 0.012 
323     h223    (0)    2 :  0.983 0.017 
324     h224    (0)    2 :  0.972 0.028 
325     h225    (0)    2 :  0.987 0.013 
326     h226    (0)    2 :  0.995 0.005 
327     h227    (0)    2 :  0.990 0.010 
328     h228    (0)    2 :  0.981 0.019 
329     h229    (0)    2 :  0.984 0.016 
330     h230    (0)    2 :  0.993 0.007 
331     h231    (0)    2 :  0.983 0.017 
332     h232    (0)    2 :  0.986 0.014 
333     h233    (0)    2 :  0.992 0.008 
334     h234    (0)    2 :  0.991 0.009 
335     h235    (0)    2 :  0.966 0.034 
336     h236    (0)    2 :  0.979 0.021 
337     h237    (0)    2 :  0.989 0.011 
338     h238    (0)    2 :  0.992 0.008 
339     h239    (0)    2 :  0.990 0.010 
340     h240    (0)    2 :  0.987 0.013 
341     h241    (0)    2 :  0.977 0.023 
342     h242    (0)    2 :  0.991 0.009 
343     h243    (0)    2 :  0.990 0.010 
344     h244    (0)    2 :  0.990 0.010 
345     h245    (0)    2 :  0.982 0.018 
346     h246    (0)    2 :  0.972 0.028 
347     h247    (0)    2 :  0.993 0.007 
348     h248    (0)    2 :  0.989 0.011 
349     h249    (0)    2 :  0.978 0.022 
350     h250    (0)    2 :  0.977 0.023 
351     h251    (0)    2 :  0.982 0.018 
352     h252    (0)    2 :  0.992 0.008 
353     h253    (0)    2 :  0.985 0.015 
354     h254    (0)    2 :  0.988 0.012 
355     h255    (0)    2 :  0.987 0.013 
356     h256    (0)    2 :  0.993 0.007 
357     h257    (0)    2 :  0.971 0.029 
358     h258    (0)    2 :  0.981 0.019 
359     h259    (0)    2 :  0.972 0.028 
360     h260    (0)    2 :  0.994 0.006 
361     h261    (0)    2 :  0.990 0.010 
362     h262    (0)    2 :  0.977 0.023 
363     h263    (0)    2 :  0.992 0.008 
364     h264    (0)    2 :  0.989 0.011 
365     h265    (0)    2 :  0.992 0.008 
366     h266    (0)    2 :  0.993 0.007 
367     h267    (0)    2 :  0.987 0.013 
368     h268    (0)    2 :  0.987 0.013 
369     h269    (0)    2 :  0.993 0.007 
370     h270    (0)    2 :  0.943 0.057 
371     h271    (0)    2 :  0.918 0.082 
372     h272    (0)    2 :  0.989 0.011 
373     h273    (0)    2 :  0.934 0.066 
374     h274    (0)    2 :  0.990 0.010 
375     h275    (0)    2 :  0.989 0.011 
376     h276    (0)    2 :  0.984 0.016 
377     h277    (0)    2 :  0.962 0.038 
378     h278    (0)    2 :  0.991 0.009 
379     h279    (0)    2 :  0.979 0.021 
380     h280    (0)    2 :  0.991 0.009 
381     h281    (0)    2 :  0.991 0.009 
382     h282    (0)    2 :  0.986 0.014 
383     h283    (0)    2 :  0.991 0.009 
384     h284    (0)    2 :  0.984 0.016 
385     h285    (0)    2 :  0.979 0.021 
386     h286    (0)    2 :  0.993 0.007 
387     h287    (0)    2 :  0.983 0.017 
388     h288    (0)    2 :  0.993 0.007 
389     h289    (0)    2 :  0.986 0.014 
390     h290    (0)    2 :  0.986 0.014 
391     h291    (0)    2 :  0.967 0.033 
392     h292    (0)    2 :  0.992 0.008 
393     h293    (0)    2 :  0.989 0.011 
394     h294    (0)    2 :  0.981 0.019 
395     h295    (0)    2 :  0.989 0.011 
396     h296    (0)    2 :  0.968 0.032 
397     h297    (0)    2 :  0.967 0.033 
398     h298    (0)    2 :  0.987 0.013 
399     h299    (0)    2 :  0.987 0.013 
400     h300    (0)    2 :  0.971 0.029 
401     h301    (0)    2 :  0.979 0.021 
402     h302    (0)    2 :  0.990 0.010 
403     h303    (0)    2 :  0.978 0.022 
404     h304    (0)    2 :  0.983 0.017 
405     h305    (0)    2 :  0.987 0.013 
406     h306    (0)    2 :  0.986 0.014 
407     h307    (0)    2 :  0.992 0.008 
408     h308    (0)    2 :  0.952 0.048 
409     h309    (0)    2 :  0.967 0.033 
410     h310    (0)    2 :  0.992 0.008 
411     h311    (0)    2 :  0.992 0.008 
412     h312    (0)    2 :  0.982 0.018 
413     h313    (0)    2 :  0.972 0.028 
414     h314    (0)    2 :  0.989 0.011 
415     h315    (0)    2 :  0.990 0.010 
416     h316    (0)    2 :  0.974 0.026 
417     h317    (0)    2 :  0.986 0.014 
418     h318    (0)    2 :  0.988 0.012 
419     h319    (0)    2 :  0.991 0.009 
420     h320    (0)    2 :  0.979 0.021 
421     h321    (0)    2 :  0.990 0.010 
422     h322    (0)    2 :  0.991 0.009 
423     h323    (0)    2 :  0.991 0.009 
424     h324    (0)    2 :  0.951 0.049 
425     h325    (0)    2 :  0.982 0.018 
426     h326    (0)    2 :  0.956 0.044 
427     h327    (0)    2 :  0.982 0.018 
428     h328    (0)    2 :  0.989 0.011 
429     h329    (0)    2 :  0.969 0.031 
430     h330    (0)    2 :  0.992 0.008 
431     h331    (0)    2 :  0.981 0.019 
432     h332    (0)    2 :  0.991 0.009 
433     h333    (0)    2 :  0.994 0.006 
434     h334    (0)    2 :  0.993 0.007 
435     h335    (0)    2 :  0.982 0.018 
436     h336    (0)    2 :  0.971 0.029 
437     h337    (0)    2 :  0.990 0.010 
438     h338    (0)    2 :  0.989 0.011 
439     h339    (0)    2 :  0.990 0.010 
440     h340    (0)    2 :  0.986 0.014 
441     h341    (0)    2 :  0.991 0.009 
442     h342    (0)    2 :  0.986 0.014 
443     h343    (0)    2 :  0.989 0.011 
444     h344    (0)    2 :  0.987 0.013 
445     h345    (0)    2 :  0.990 0.010 
446     h346    (0)    2 :  0.962 0.038 
447     h347    (0)    2 :  0.986 0.014 
448     h348    (0)    2 :  0.990 0.010 
449     h349    (0)    2 :  0.988 0.012 
450     h350    (0)    2 :  0.992 0.008 
451     h351    (0)    2 :  0.984 0.016 
452     h352    (0)    2 :  0.972 0.028 
453     h353    (0)    2 :  0.992 0.008 
454     h354    (0)    2 :  0.986 0.014 
455     h355    (0)    2 :  0.986 0.014 
456     h356    (0)    2 :  0.989 0.011 
457     h357    (0)    2 :  0.993 0.007 
458     h358    (0)    2 :  0.985 0.015 
459     h359    (0)    2 :  0.981 0.019 
460     h360    (0)    2 :  0.989 0.011 
461     h361    (0)    2 :  0.991 0.009 
462     h362    (0)    2 :  0.989 0.011 
463     h363    (0)    2 :  0.978 0.022 
464     h364    (0)    2 :  0.994 0.006 
465     h365    (0)    2 :  0.978 0.022 
466     h366    (0)    2 :  0.980 0.020 
467     h367    (0)    2 :  0.992 0.008 
468     h368    (0)    2 :  0.965 0.035 
469     h369    (0)    2 :  0.994 0.006 
470     h370    (0)    2 :  0.926 0.074 
471     h371    (0)    2 :  0.991 0.009 
472     h372    (0)    2 :  0.989 0.011 
473     h373    (0)    2 :  0.980 0.020 
474     h374    (0)    2 :  0.993 0.007 
475     h375    (0)    2 :  0.919 0.081 
476     h376    (0)    2 :  0.973 0.027 
477     h377    (0)    2 :  0.992 0.008 
478     h378    (0)    2 :  0.982 0.018 
479     h379    (0)    2 :  0.987 0.013 
480     h380    (0)    2 :  0.992 0.008 
481     h381    (0)    2 :  0.986 0.014 
482     h382    (0)    2 :  0.978 0.022 
483     h383    (0)    2 :  0.985 0.015 
484     h384    (0)    2 :  0.991 0.009 
485     h385    (0)    2 :  0.970 0.030 
486     h386    (0)    2 :  0.990 0.010 
487     h387    (0)    2 :  0.980 0.020 
488     h388    (0)    2 :  0.992 0.008 
489     h389    (0)    2 :  0.990 0.010 
490     h390    (0)    2 :  0.992 0.008 
491     h391    (0)    2 :  0.985 0.015 
492     h392    (0)    2 :  0.981 0.019 
493     h393    (0)    2 :  0.984 0.016 
494     h394    (0)    2 :  0.985 0.015 
495     h395    (0)    2 :  0.989 0.011 
496     h396    (0)    2 :  0.992 0.008 
497     h397    (0)    2 :  0.988 0.012 
498     h398    (0)    2 :  0.992 0.008 
499     h399    (0)    2 :  0.985 0.015 
500     h400    (0)    2 :  0.989 0.011 
501     h001    (0)    3 :  0.897 0.103 
502     h002    (0)    3 :  0.881 0.119 
503     h003    (0)    3 :  0.696 0.304 
504     h004    (0)    3 :  0.765 0.235 
505     h005    (0)    3 :  0.975 0.025 
506     h006    (0)    3 :  0.987 0.013 
507     h007    (0)    3 :  0.934 0.066 
508     h008    (0)    3 :  0.813 0.187 
509     h009    (0)    3 :  0.920 0.080 
510     h010    (0)    3 :  0.846 0.154 
511     h011    (0)    3 :  0.918 0.082 
512     h012    (0)    3 :  0.925 0.075 
513     h013    (0)    3 :  0.926 0.074 
514     h014    (0)    3 :  0.986 0.014 
515     h015    (0)    3 :  0.930 0.070 
516     h016    (0)    3 :  0.970 0.030 
517     h017    (0)    3 :  0.977 0.023 
518     h018    (0)    3 :  0.991 0.009 
519     h019    (0)    3 :  0.980 0.020 
520     h020    (0)    3 :  0.962 0.038 
521     h021    (0)    3 :  0.683 0.317 
522     h022    (0)    3 :  0.987 0.013 
523     h023    (0)    3 :  0.888 0.112 
524     h024    (0)    3 :  0.953 0.047 
525     h025    (0)    3 :  0.858 0.142 
526     h026    (0)    3 :  0.985 0.015 
527     h027    (0)    3 :  0.884 0.116 
528     h028    (0)    3 :  0.868 0.132 
529     h029    (0)    3 :  0.914 0.086 
530     h030    (0)    3 :  0.921 0.079 
531     h031    (0)    3 :  0.972 0.028 
532     h032    (0)    3 :  0.690 0.310 
533     h033    (0)    3 :  0.935 0.065 
534     h034    (0)    3 :  0.975 0.025 
535     h035    (0)    3 :  0.862 0.138 
536     h036    (0)    3 :  0.923 0.077 
537     h037    (0)    3 :  0.987 0.013 
538     h038    (0)    3 :  0.982 0.018 
539     h039    (0)    3 :  0.772 0.228 
540     h040    (0)    3 :  0.859 0.141 
541     h041    (0)    3 :  0.935 0.065 
542     h042    (0)    3 :  0.880 0.120 
543     h043    (0)    3 :  0.783 0.217 
544     h044    (0)    3 :  0.986 0.014 
545     h045    (0)    3 :  0.878 0.122 
546     h046    (0)    3 :  0.962 0.038 
547     h047    (0)    3 :  0.881 0.119 
548     h048    (0)    3 :  0.941 0.059 
549     h049    (0)    3 :  0.988 0.012 
550     h050    (0)    3 :  0.991 0.009 
551     h051    (0)    3 :  0.924 0.076 
552     h052    (0)    3 :  0.987 0.013 
553     h053    (0)    3 :  0.977 0.023 
554     h054    (0)    3 :  0.948 0.052 
555     h055    (0)    3 :  0.856 0.144 
556     h056    (0)    3 :  0.918 0.082 
557     h057    (0)    3 :  0.979 0.021 
558     h058    (0)    3 :  0.856 0.144 
559     h059    (0)    3 :  0.982 0.018 
560     h060    (0)    3 :  0.930 0.070 
561     h061    (0)    3 :  0.858 0.142 
562     h062    (0)    3 :  0.746 0.254 
563     h063    (0)    3 :  0.853 0.147 
564     h064    (0)    3 :  0.857 0.143 
565     h065    (0)    3 :  0.993 0.007 
566     h066    (0)    3 :  0.992 0.008 
567     h067    (0)    3 :  0.906 0.094 
568     h068    (0)    3 :  0.948 0.052 
569     h069    (0)    3 :  0.786 0.214 
570     h070    (0)    3 :  0.980 0.020 
571     h071    (0)    3 :  0.972 0.028 
572     h072    (0)    3 :  0.953 0.047 
573     h073    (0)    3 :  0.980 0.020 
574     h074    (0)    3 :  0.977 0.023 
575     h075    (0)    3 :  0.833 0.167 
576     h076    (0)    3 :  0.991 0.009 
577     h077    (0)    3 :  0.896 0.104 
578     h078    (0)    3 :  0.924 0.076 
579     h079    (0)    3 :  0.973 0.027 
580     h080    (0)    3 :  0.831 0.169 
581     h081    (0)    3 :  0.892 0.108 
582     h082    (0)    3 :  0.936 0.064 
583     h083    (0)    3 :  0.847 0.153 
584     h084    (0)    3 :  0.775 0.225 
585     h085    (0)    3 :  0.975 0.025 
586     h086    (0)    3 :  0.966 0.034 
587     h087    (0)    3 :  0.908 0.092 
588     h088    (0)    3 :  0.941 0.059 
589     h089    (0)    3 :  0.991 0.009 
590     h090    (0)    3 :  0.987 0.013 
591     h091    (0)    3 :  0.993 0.007 
592     h092    (0)    3 :  0.639 0.361 
593     h093    (0)    3 :  0.854 0.146 
594     h094    (0)    3 :  0.965 0.035 
595     h095    (0)    3 :  0.729 0.271 
596     h096    (0)    3 :  0.934 0.066 
597     h097    (0)    3 :  0.670 0.330 
598     h098    (0)    3 :  0.855 0.145 
599     h099    (0)    3 :  0.860 0.140 
600     h100    (0)    3 :  0.984 0.016 
601    h0011    (0)    4 :  0.925 0.075 
602    h0021    (0)    4 :  0.976 0.024 
603    h0031    (0)    4 :  0.563 0.437 
604    h0041    (0)    4 :  0.848 0.152 
605    h0051    (0)    4 :  0.889 0.111 
606    h0061    (0)    4 :  0.965 0.035 
607    h0071    (0)    4 :  0.732 0.268 
608    h0081    (0)    4 :  0.671 0.329 
609    h0091    (0)    4 :  0.674 0.326 
610    h0101    (0)    4 :  0.675 0.325 
611    h0111    (0)    4 :  0.861 0.139 
612    h0121    (0)    4 :  0.634 0.366 
613    h0131    (0)    4 :  0.726 0.274 
614    h0141    (0)    4 :  0.718 0.282 
615    h0151    (0)    4 :  0.983 0.017 
616    h0161    (0)    4 :  0.900 0.100 
617    h0171    (0)    4 :  0.712 0.288 
618    h0181    (0)    4 :  0.800 0.200 
619    h0191    (0)    4 :  0.865 0.135 
620    h0201    (0)    4 :  0.826 0.174 
621    h0211    (0)    4 :  0.663 0.337 
622    h0221    (0)    4 :  0.886 0.114 
623    h0231    (0)    4 :  0.699 0.301 
624    h0241    (0)    4 :  0.706 0.294 
625    h0251    (0)    4 :  0.706 0.294 
626    h0261    (0)    4 :  0.952 0.048 
627    h0271    (0)    4 :  0.764 0.236 
628    h0281    (0)    4 :  0.570 0.430 
629    h0291    (0)    4 :  0.743 0.257 
630    h0301    (0)    4 :  0.479 0.521 
631    h0311    (0)    4 :  0.694 0.306 
632    h0321    (0)    4 :  0.822 0.178 
633    h0331    (0)    4 :  0.843 0.157 
634    h0341    (0)    4 :  0.880 0.120 
635    h0351    (0)    4 :  0.789 0.211 
636    h0361    (0)    4 :  0.843 0.157 
637    h0371    (0)    4 :  0.730 0.270 
638    h0381    (0)    4 :  0.973 0.027 
639    h0391    (0)    4 :  0.611 0.389 
640    h0401    (0)    4 :  0.871 0.129 
641    h0411    (0)    4 :  0.575 0.425 
642    h0421    (0)    4 :  0.736 0.264 
643    h0431    (0)    4 :  0.645 0.355 
644    h0441    (0)    4 :  0.844 0.156 
645    h0451    (0)    4 :  0.887 0.113 
646    h0461    (0)    4 :  0.599 0.401 
647    h0471    (0)    4 :  0.564 0.436 
648    h0481    (0)    4 :  0.781 0.219 
649    h0491    (0)    4 :  0.905 0.095 
650    h0501    (0)    4 :  0.532 0.468 
651    h0511    (0)    4 :  0.790 0.210 
652    h0521    (0)    4 :  0.895 0.105 
653    h0531    (0)    4 :  0.891 0.109 
654    h0541    (0)    4 :  0.617 0.383 
655    h0551    (0)    4 :  0.627 0.373 
656    h0561    (0)    4 :  0.884 0.116 
657    h0571    (0)    4 :  0.847 0.153 
658    h0581    (0)    4 :  0.702 0.298 
659    h0591    (0)    4 :  0.778 0.222 
660    h0601    (0)    4 :  0.751 0.249 
661    h0611    (0)    4 :  0.936 0.064 
662    h0621    (0)    4 :  0.881 0.119 
663    h0631    (0)    4 :  0.909 0.091 
664    h0641    (0)    4 :  0.575 0.425 
665    h0651    (0)    4 :  0.711 0.289 
666    h0661    (0)    4 :  0.715 0.285 
667    h0671    (0)    4 :  0.600 0.400 
668    h0681    (0)    4 :  0.674 0.326 
669    h0691    (0)    4 :  0.477 0.523 
670    h0701    (0)    4 :  0.806 0.194 
671    h0711    (0)    4 :  0.563 0.437 
672    h0721    (0)    4 :  0.782 0.218 
673    h0731    (0)    4 :  0.547 0.453 
674    h0741    (0)    4 :  0.906 0.094 
675    h0751    (0)    4 :  0.760 0.240 
676    h0761    (0)    4 :  0.774 0.226 
677    h0771    (0)    4 :  0.730 0.270 
678    h0781    (0)    4 :  0.942 0.058 
679    h0791    (0)    4 :  0.727 0.273 
680    h0801    (0)    4 :  0.785 0.215 
681    h0811    (0)    4 :  0.707 0.293 
682    h0821    (0)    4 :  0.982 0.018 
683    h0831    (0)    4 :  0.534 0.466 
684    h0841    (0)    4 :  0.633 0.367 
685    h0851    (0)    4 :  0.667 0.333 
686    h0861    (0)    4 :  0.817 0.183 
687    h0871    (0)    4 :  0.713 0.287 
688    h0881    (0)    4 :  0.728 0.272 
689    h0891    (0)    4 :  0.965 0.035 
690    h0901    (0)    4 :  0.679 0.321 
691    h0911    (0)    4 :  0.957 0.043 
692    h0921    (0)    4 :  0.839 0.161 
693    h0931    (0)    4 :  0.760 0.240 
694    h0941    (0)    4 :  0.761 0.239 
695    h0951    (0)    4 :  0.753 0.247 
696    h0961    (0)    4 :  0.727 0.273 
697    h0971    (0)    4 :  0.714 0.286 
698    h0981    (0)    4 :  0.828 0.172 
699    h0991    (0)    4 :  0.896 0.104 
700    h1001    (0)    4 :  0.858 0.142 
701   MSV1TX    (5)    5 :  0.611 0.389 
702   MSV025    (0)    5 :  0.387 0.613 
703   MSV02C    (0)    5 :  0.524 0.476 
704   MSV02E    (5)    5 :  0.448 0.552 
705   MSV0TF    (5)    5 :  0.433 0.567 
706    M2EL8    (0)    5 :  0.323 0.677 
707    h0012    (0)    6 :  0.425 0.575 
708    h0022    (0)    6 :  0.478 0.522 
709    h0032    (0)    6 :  0.544 0.456 
710    h0042    (0)    6 :  0.652 0.348 
711    h0052    (0)    6 :  0.576 0.424 
712    h0062    (0)    6 :  0.674 0.326 
713    h0072    (0)    6 :  0.389 0.611 
714    h0082    (0)    6 :  0.612 0.388 
715    h0092    (0)    6 :  0.578 0.422 
716    h0102    (0)    6 :  0.419 0.581 
717    h0112    (0)    6 :  0.632 0.368 
718    h0122    (0)    6 :  0.486 0.514 
719    h0132    (0)    6 :  0.573 0.427 
720    h0142    (0)    6 :  0.428 0.572 
721    h0152    (0)    6 :  0.505 0.495 
722    h0162    (0)    6 :  0.481 0.519 
723    h0172    (0)    6 :  0.448 0.552 
724    h0182    (0)    6 :  0.505 0.495 
725    h0192    (0)    6 :  0.584 0.416 
726    h0202    (0)    6 :  0.451 0.549 
727    h0212    (0)    6 :  0.617 0.383 
728    h0222    (0)    6 :  0.522 0.478 
729    h0232    (0)    6 :  0.633 0.367 
730    h0242    (0)    6 :  0.531 0.469 
731    h0252    (0)    6 :  0.483 0.517 
732    h0262    (0)    6 :  0.418 0.582 
733    h0272    (0)    6 :  0.571 0.429 
734    h0282    (0)    6 :  0.527 0.473 
735    h0292    (0)    6 :  0.487 0.513 
736    h0302    (0)    6 :  0.358 0.642 
737    h0312    (0)    6 :  0.668 0.332 
738    h0322    (0)    6 :  0.347 0.653 
739    h0332    (0)    6 :  0.584 0.416 
740    h0342    (0)    6 :  0.603 0.397 
741    h0352    (0)    6 :  0.455 0.545 
742    h0362    (0)    6 :  0.547 0.453 
743    h0372    (0)    6 :  0.333 0.667 
744    h0382    (0)    6 :  0.509 0.491 
745    h0392    (0)    6 :  0.722 0.278 
746    h0402    (0)    6 :  0.395 0.605 
747    h0412    (0)    6 :  0.357 0.643 
748    h0422    (0)    6 :  0.484 0.516 
749    h0432    (0)    6 :  0.510 0.490 
750    h0442    (0)    6 :  0.378 0.622 
751    h0452    (0)    6 :  0.345 0.655 
752    h0462    (0)    6 :  0.352 0.648 
753    h0472    (0)    6 :  0.490 0.510 
754    h0482    (0)    6 :  0.656 0.344 
755    h0492    (0)    6 :  0.645 0.355 
756    h0502    (0)    6 :  0.564 0.436 
757    h0512    (0)    6 :  0.541 0.459 
758    h0522    (0)    6 :  0.761 0.239 
759    h0532    (0)    6 :  0.512 0.488 
760    h0542    (0)    6 :  0.440 0.560 
761    h0552    (0)    6 :  0.551 0.449 
762    h0562    (0)    6 :  0.531 0.469 
763    h0572    (0)    6 :  0.517 0.483 
764    h0582    (0)    6 :  0.428 0.572 
765    h0592    (0)    6 :  0.386 0.614 
766    h0602    (0)    6 :  0.440 0.560 
767    h0612    (0)    6 :  0.544 0.456 
768    h0622    (0)    6 :  0.452 0.548 
769    h0632    (0)    6 :  0.549 0.451 
770    h0642    (0)    6 :  0.474 0.526 
771    h0652    (0)    6 :  0.500 0.500 
772    h0662    (0)    6 :  0.841 0.159 
773    h0672    (0)    6 :  0.481 0.519 
774    h0682    (0)    6 :  0.366 0.634 
775    h0692    (0)    6 :  0.518 0.482 
776    h0702    (0)    6 :  0.506 0.494 
777    h0712    (0)    6 :  0.499 0.501 
778    h0722    (0)    6 :  0.482 0.518 
779    h0732    (0)    6 :  0.665 0.335 
780    h0742    (0)    6 :  0.573 0.427 
781    h0752    (0)    6 :  0.485 0.515 
782    h0762    (0)    6 :  0.557 0.443 
783    h0772    (0)    6 :  0.530 0.470 
784    h0782    (0)    6 :  0.505 0.495 
785    h0792    (0)    6 :  0.518 0.482 
786    h0802    (0)    6 :  0.548 0.452 
787    h0812    (0)    6 :  0.547 0.453 
788    h0822    (0)    6 :  0.580 0.420 
789    h0832    (0)    6 :  0.885 0.115 
790    h0842    (0)    6 :  0.436 0.564 
791    h0852    (0)    6 :  0.557 0.443 
792    h0862    (0)    6 :  0.613 0.387 
793    h0872    (0)    6 :  0.528 0.472 
794    h0882    (0)    6 :  0.664 0.336 
795    h0892    (0)    6 :  0.439 0.561 
796    h0902    (0)    6 :  0.611 0.389 
797    h0912    (0)    6 :  0.510 0.490 
798    h0922    (0)    6 :  0.467 0.533 
799    h0932    (0)    6 :  0.528 0.472 
800    h0942    (0)    6 :  0.517 0.483 
801    h0952    (0)    6 :  0.440 0.560 
802    h0962    (0)    6 :  0.469 0.531 
803    h0972    (0)    6 :  0.546 0.454 
804    h0982    (0)    6 :  0.431 0.569 
805    h0992    (0)    6 :  0.528 0.472 
806    h1002    (0)    6 :  0.406 0.594 
807   MSV21T    (0)    7 :  0.133 0.867 
808    M2E71    (0)    7 :  0.238 0.762 
809    h0013    (0)    8 :  0.344 0.656 
810    h0023    (0)    8 :  0.062 0.938 
811    h0033    (0)    8 :  0.338 0.662 
812    h0043    (0)    8 :  0.207 0.793 
813    h0053    (0)    8 :  0.198 0.802 
814    h0063    (0)    8 :  0.292 0.708 
815    h0073    (0)    8 :  0.399 0.601 
816    h0083    (0)    8 :  0.290 0.710 
817    h0093    (0)    8 :  0.083 0.917 
818    h0103    (0)    8 :  0.355 0.645 
819    h0113    (0)    8 :  0.253 0.747 
820    h0123    (0)    8 :  0.175 0.825 
821    h0133    (0)    8 :  0.228 0.772 
822    h0143    (0)    8 :  0.242 0.758 
823    h0153    (0)    8 :  0.076 0.924 
824    h0163    (0)    8 :  0.267 0.733 
825    h0173    (0)    8 :  0.396 0.604 
826    h0183    (0)    8 :  0.252 0.748 
827    h0193    (0)    8 :  0.235 0.765 
828    h0203    (0)    8 :  0.153 0.847 
829    h0213    (0)    8 :  0.254 0.746 
830    h0223    (0)    8 :  0.181 0.819 
831    h0233    (0)    8 :  0.328 0.672 
832    h0243    (0)    8 :  0.267 0.733 
833    h0253    (0)    8 :  0.191 0.809 
834    h0263    (0)    8 :  0.200 0.800 
835    h0273    (0)    8 :  0.359 0.641 
836    h0283    (0)    8 :  0.385 0.615 
837    h0293    (0)    8 :  0.181 0.819 
838    h0303    (0)    8 :  0.425 0.575 
839    h0313    (0)    8 :  0.235 0.765 
840    h0323    (0)    8 :  0.190 0.810 
841    h0333    (0)    8 :  0.043 0.957 
842    h0343    (0)    8 :  0.545 0.455 
843    h0353    (0)    8 :  0.234 0.766 
844    h0363    (0)    8 :  0.063 0.937 
845    h0373    (0)    8 :  0.377 0.623 
846    h0383    (0)    8 :  0.367 0.633 
847    h0393    (0)    8 :  0.206 0.794 
848    h0403    (0)    8 :  0.204 0.796 
849    h0413    (0)    8 :  0.209 0.791 
850    h0423    (0)    8 :  0.358 0.642 
851    h0433    (0)    8 :  0.280 0.720 
852    h0443    (0)    8 :  0.473 0.527 
853    h0453    (0)    8 :  0.044 0.956 
854    h0463    (0)    8 :  0.399 0.601 
855    h0473    (0)    8 :  0.374 0.626 
856    h0483    (0)    8 :  0.268 0.732 
857    h0493    (0)    8 :  0.239 0.761 
858    h0503    (0)    8 :  0.317 0.683 
859    h0513    (0)    8 :  0.167 0.833 
860    h0523    (0)    8 :  0.135 0.865 
861    h0533    (0)    8 :  0.256 0.744 
862    h0543    (0)    8 :  0.194 0.806 
863    h0553    (0)    8 :  0.239 0.761 
864    h0563    (0)    8 :  0.216 0.784 
865    h0573    (0)    8 :  0.287 0.713 
866    h0583    (0)    8 :  0.026 0.974 
867    h0593    (0)    8 :  0.162 0.838 
868    h0603    (0)    8 :  0.365 0.635 
869    h0613    (0)    8 :  0.232 0.768 
870    h0623    (0)    8 :  0.355 0.645 
871    h0633    (0)    8 :  0.113 0.887 
872    h0643    (0)    8 :  0.227 0.773 
873    h0653    (0)    8 :  0.338 0.662 
874    h0663    (0)    8 :  0.027 0.973 
875    h0673    (0)    8 :  0.394 0.606 
876    h0683    (0)    8 :  0.409 0.591 
877    h0693    (0)    8 :  0.234 0.766 
878    h0703    (0)    8 :  0.427 0.573 
879    h0713    (0)    8 :  0.267 0.733 
880    h0723    (0)    8 :  0.159 0.841 
881    h0733    (0)    8 :  0.254 0.746 
882    h0743    (0)    8 :  0.044 0.956 
883    h0753    (0)    8 :  0.179 0.821 
884    h0763    (0)    8 :  0.381 0.619 
885    h0773    (0)    8 :  0.382 0.618 
886    h0783    (0)    8 :  0.310 0.690 
887    h0793    (0)    8 :  0.016 0.984 
888    h0803    (0)    8 :  0.077 0.923 
889    h0813    (0)    8 :  0.254 0.746 
890    h0823    (0)    8 :  0.306 0.694 
891    h0833    (0)    8 :  0.448 0.552 
892    h0843    (0)    8 :  0.298 0.702 
893    h0853    (0)    8 :  0.216 0.784 
894    h0863    (0)    8 :  0.159 0.841 
895    h0873    (0)    8 :  0.372 0.628 
896    h0883    (0)    8 :  0.047 0.953 
897    h0893    (0)    8 :  0.415 0.585 
898    h0903    (0)    8 :  0.329 0.671 
899    h0913    (0)    8 :  0.446 0.554 
900    h0923    (0)    8 :  0.300 0.700 
901    h0933    (0)    8 :  0.374 0.626 
902    h0943    (0)    8 :  0.208 0.792 
903    h0953    (0)    8 :  0.259 0.741 
904    h0963    (0)    8 :  0.303 0.697 
905    h0973    (0)    8 :  0.256 0.744 
906    h0983    (0)    8 :  0.055 0.945 
907    h0993    (0)    8 :  0.246 0.754 
908    h1003    (0)    8 :  0.348 0.652 
909    W23CA   (10)    9 :  0.104 0.896 
910  AP.085Y    (5)    9 :  0.018 0.982 
911  CH.0LLY    (5)    9 :  0.419 0.581 
912    M0LEC    (5)    9 :  0.010 0.990 
913    M2C3H   (10)    9 :  0.248 0.752 
914    M2CHL    (5)    9 :  0.460 0.540 
915    W26P7   (10)    9 :  0.140 0.860 
916  AP.07M5    (0)    9 :  0.062 0.938 
917  AP.080U    (0)    9 :  0.086 0.914 
918  AP.082A    (0)    9 :  0.009 0.991 
919  AP.0843    (0)    9 :  0.058 0.942 
920  AP.0844    (0)    9 :  0.183 0.817 
921  AP.084X    (0)    9 :  0.020 0.980 
922  AP.086Y    (0)    9 :  0.164 0.836 
923  AP.0870    (0)    9 :  0.135 0.865 
924  AP.0878    (0)    9 :  0.193 0.807 
925  AP.087F    (0)    9 :  0.228 0.772 
926  AP.087Y    (0)    9 :  0.411 0.589 
927  AP.088P    (0)    9 :  0.025 0.975 
928  AP.08AK    (5)    9 :  0.028 0.972 
929  CH.0LLM    (0)    9 :  0.188 0.812 
930  CH.0LLU    (0)    9 :  0.241 0.759 
931  CH.0LM0    (5)    9 :  0.077 0.923 
932  CH.0LM3    (5)    9 :  0.029 0.971 
933    W26MY    (0)    9 :  0.192 0.808 
934    W26P6    (0)    9 :  0.089 0.911 
935   HRV07U    (0)    9 :  0.035 0.965 
936   HRV1CT    (0)    9 :  0.012 0.988 
937   HRV1CU    (0)    9 :  0.008 0.992 
938   HRV1E6    (0)    9 :  0.007 0.993 
939   HRV081    (0)    9 :  0.007 0.993 
940   HRV1E3    (0)    9 :  0.019 0.981 
941   MSV21E    (0)    9 :  0.175 0.825 
942   MSV216    (0)    9 :  0.077 0.923 
943    M0TYK    (0)    9 :  0.047 0.953 
944   MSV2AA    (0)    9 :  0.088 0.912 
945  CK.0PET    (0)    9 :  0.237 0.763 
946    M2E8C    (0)    9 :  0.013 0.987 
947   MSV23X    (0)    9 :  0.184 0.816 
948   MSV32A    (0)    9 :  0.177 0.823 
949  AP.0838    (0)    9 :  0.020 0.980 
950  AP.088F    (0)    9 :  0.123 0.877 
951    h0014    (0)   10 :  0.211 0.789 
952    h0024    (0)   10 :  0.224 0.776 
953    h0034    (0)   10 :  0.126 0.874 
954    h0044    (0)   10 :  0.012 0.988 
955    h0054    (0)   10 :  0.175 0.825 
956    h0064    (0)   10 :  0.009 0.991 
957    h0074    (0)   10 :  0.155 0.845 
958    h0084    (0)   10 :  0.016 0.984 
959    h0094    (0)   10 :  0.070 0.930 
960    h0104    (0)   10 :  0.081 0.919 
961    h0114    (0)   10 :  0.171 0.829 
962    h0124    (0)   10 :  0.150 0.850 
963    h0134    (0)   10 :  0.140 0.860 
964    h0144    (0)   10 :  0.012 0.988 
965    h0154    (0)   10 :  0.056 0.944 
966    h0164    (0)   10 :  0.009 0.991 
967    h0174    (0)   10 :  0.020 0.980 
968    h0184    (0)   10 :  0.137 0.863 
969    h0194    (0)   10 :  0.073 0.927 
970    h0204    (0)   10 :  0.072 0.928 
971    h0214    (0)   10 :  0.035 0.965 
972    h0224    (0)   10 :  0.028 0.972 
973    h0234    (0)   10 :  0.009 0.991 
974    h0244    (0)   10 :  0.046 0.954 
975    h0254    (0)   10 :  0.014 0.986 
976    h0264    (0)   10 :  0.200 0.800 
977    h0274    (0)   10 :  0.330 0.670 
978    h0284    (0)   10 :  0.007 0.993 
979    h0294    (0)   10 :  0.174 0.826 
980    h0304    (0)   10 :  0.097 0.903 
981    h0314    (0)   10 :  0.012 0.988 
982    h0324    (0)   10 :  0.055 0.945 
983    h0334    (0)   10 :  0.050 0.950 
984    h0344    (0)   10 :  0.362 0.638 
985    h0354    (0)   10 :  0.124 0.876 
986    h0364    (0)   10 :  0.098 0.902 
987    h0374    (0)   10 :  0.097 0.903 
988    h0384    (0)   10 :  0.093 0.907 
989    h0394    (0)   10 :  0.032 0.968 
990    h0404    (0)   10 :  0.130 0.870 
991    h0414    (0)   10 :  0.009 0.991 
992    h0424    (0)   10 :  0.042 0.958 
993    h0434    (0)   10 :  0.032 0.968 
994    h0444    (0)   10 :  0.018 0.982 
995    h0454    (0)   10 :  0.076 0.924 
996    h0464    (0)   10 :  0.014 0.986 
997    h0474    (0)   10 :  0.067 0.933 
998    h0484    (0)   10 :  0.074 0.926 
999    h0494    (0)   10 :  0.017 0.983 
1000    h0504    (0)   10 :  0.038 0.962 
1001    h0514    (0)   10 :  0.008 0.992 
1002    h0524    (0)   10 :  0.080 0.920 
1003    h0534    (0)   10 :  0.347 0.653 
1004    h0544    (0)   10 :  0.079 0.921 
1005    h0554    (0)   10 :  0.106 0.894 
1006    h0564    (0)   10 :  0.234 0.766 
1007    h0574    (0)   10 :  0.088 0.912 
1008    h0584    (0)   10 :  0.218 0.782 
1009    h0594    (0)   10 :  0.099 0.901 
1010    h0604    (0)   10 :  0.021 0.979 
1011    h0614    (0)   10 :  0.164 0.836 
1012    h0624    (0)   10 :  0.089 0.911 
1013    h0634    (0)   10 :  0.127 0.873 
1014    h0644    (0)   10 :  0.072 0.928 
1015    h0654    (0)   10 :  0.015 0.985 
1016    h0664    (0)   10 :  0.135 0.865 
1017    h0674    (0)   10 :  0.235 0.765 
1018    h0684    (0)   10 :  0.011 0.989 
1019    h0694    (0)   10 :  0.157 0.843 
1020    h0704    (0)   10 :  0.220 0.780 
1021    h0714    (0)   10 :  0.272 0.728 
1022    h0724    (0)   10 :  0.091 0.909 
1023    h0734    (0)   10 :  0.012 0.988 
1024    h0744    (0)   10 :  0.268 0.732 
1025    h0754    (0)   10 :  0.142 0.858 
1026    h0764    (0)   10 :  0.036 0.964 
1027    h0774    (0)   10 :  0.010 0.990 
1028    h0784    (0)   10 :  0.237 0.763 
1029    h0794    (0)   10 :  0.052 0.948 
1030    h0804    (0)   10 :  0.126 0.874 
1031    h0814    (0)   10 :  0.120 0.880 
1032    h0824    (0)   10 :  0.201 0.799 
1033    h0834    (0)   10 :  0.203 0.797 
1034    h0844    (0)   10 :  0.083 0.917 
1035    h0854    (0)   10 :  0.028 0.972 
1036    h0864    (0)   10 :  0.043 0.957 
1037    h0874    (0)   10 :  0.022 0.978 
1038    h0884    (0)   10 :  0.009 0.991 
1039    h0894    (0)   10 :  0.349 0.651 
1040    h0904    (0)   10 :  0.090 0.910 
1041    h0914    (0)   10 :  0.035 0.965 
1042    h0924    (0)   10 :  0.157 0.843 
1043    h0934    (0)   10 :  0.288 0.712 
1044    h0944    (0)   10 :  0.084 0.916 
1045    h0954    (0)   10 :  0.156 0.844 
1046    h0964    (0)   10 :  0.294 0.706 
1047    h0974    (0)   10 :  0.065 0.935 
1048    h0984    (0)   10 :  0.154 0.846 
1049    h0994    (0)   10 :  0.189 0.811 
1050    h1004    (0)   10 :  0.009 0.991 
1051  AP.07M2    (0)   11 :  0.047 0.953 
1052   HRV05C   (10)   11 :  0.018 0.982 
1053   HRV077   (10)   11 :  0.013 0.987 
1054   HRV0A0    (5)   11 :  0.007 0.993 
1055   HRV0MC    (5)   11 :  0.009 0.991 
1056   HRV00P    (0)   11 :  0.007 0.993 
1057   HRV01J    (5)   11 :  0.009 0.991 
1058   HRV026    (5)   11 :  0.010 0.990 
1059   HRV02C    (0)   11 :  0.006 0.994 
1060   HRV031    (0)   11 :  0.007 0.993 
1061   HRV033    (0)   11 :  0.007 0.993 
1062   HRV05L    (0)   11 :  0.007 0.993 
1063   HRV06A    (0)   11 :  0.008 0.992 
1064   HRV07P    (5)   11 :  0.007 0.993 
1065   HRV0HC    (5)   11 :  0.034 0.966 
1066   HRV0HU   (10)   11 :  0.015 0.985 
1067   HRV0K1    (0)   11 :  0.007 0.993 
1068   HRV0M6    (5)   11 :  0.026 0.974 
1069   HRV0M7    (5)   11 :  0.011 0.989 
1070   HRV0MK    (0)   11 :  0.006 0.994 
1071   HRV1C7    (5)   11 :  0.008 0.992 
1072   HRV1EA    (0)   11 :  0.013 0.987 
1073    M147K    (5)   11 :  0.006 0.994 
1074   HRV008    (0)   11 :  0.007 0.993 
1075   HRV015    (0)   11 :  0.012 0.988 
1076   HRV01F    (0)   11 :  0.022 0.978 
1077   HRV01L    (0)   11 :  0.007 0.993 
1078   HRV01M    (0)   11 :  0.009 0.991 
1079   HRV020    (0)   11 :  0.013 0.987 
1080   HRV022    (0)   11 :  0.024 0.976 
1081   HRV02A    (0)   11 :  0.018 0.982 
1082   HRV02K    (0)   11 :  0.022 0.978 
1083   HRV04C    (0)   11 :  0.008 0.992 
1084   HRV05H    (0)   11 :  0.015 0.985 
1085   HRV076    (0)   11 :  0.018 0.982 
1086   HRV07H    (0)   11 :  0.006 0.994 
1087   HRV07X    (0)   11 :  0.016 0.984 
1088   HRV080    (0)   11 :  0.007 0.993 
1089   HRV086    (5)   11 :  0.010 0.990 
1090   HRV0H3    (5)   11 :  0.010 0.990 
1091   HRV0J3    (0)   11 :  0.011 0.989 
1092   HRV0JX   (15)   11 :  0.017 0.983 
1093   HRV0ML   (10)   11 :  0.006 0.994 
1094   HRV1E8   (10)   11 :  0.009 0.991 
1095   HRV007   (10)   11 :  0.012 0.988 
1096   HRV005    (5)   11 :  0.014 0.986 
1097   HRV05U    (5)   11 :  0.007 0.993 
1098   HRV01U    (5)   11 :  0.008 0.992 
1099  AP.07M1    (5)   11 :  0.008 0.992 
1100  AP.07ME    (5)   11 :  0.011 0.989 
1101  AP.0817    (5)   11 :  0.011 0.989 
1102  AP.0863   (15)   11 :  0.026 0.974 
1103  AP.087T    (5)   11 :  0.029 0.971 
1104  AP.088T    (5)   11 :  0.006 0.994 
1105  CH.0LM1   (15)   11 :  0.010 0.990 
1106    M05X5    (5)   11 :  0.053 0.947 
1107    M06JH    (5)   11 :  0.069 0.931 
1108    M0A6K    (5)   11 :  0.010 0.990 
1109    M0ETF    (5)   11 :  0.007 0.993 
1110    M0LUP   (10)   11 :  0.013 0.987 
1111    M16F1    (5)   11 :  0.010 0.990 
1112    M182M    (5)   11 :  0.012 0.988 
1113    M1CFL   (10)   11 :  0.010 0.990 
1114    M2AXY   (10)   11 :  0.010 0.990 
1115    M2AY2   (10)   11 :  0.036 0.964 
1116    M2CHP   (10)   11 :  0.037 0.963 
1117    W26LK    (5)   11 :  0.008 0.992 
1118    W26ME   (10)   11 :  0.014 0.986 
1119  AM.07FM    (0)   11 :  0.006 0.994 
1120  AM.07FP    (5)   11 :  0.008 0.992 
1121  AP.07M4    (0)   11 :  0.006 0.994 
1122  AP.07M7    (0)   11 :  0.006 0.994 
1123  AP.07M8    (0)   11 :  0.026 0.974 
1124  AP.07MA    (0)   11 :  0.015 0.985 
1125  AP.07MC    (0)   11 :  0.007 0.993 
1126  AP.07P8    (0)   11 :  0.030 0.970 
1127  AP.07U8    (0)   11 :  0.011 0.989 
1128  AP.081F   (10)   11 :  0.028 0.972 
1129  AP.081H   (10)   11 :  0.304 0.696 
1130  AP.0820    (0)   11 :  0.030 0.970 
1131  AP.0841    (5)   11 :  0.069 0.931 
1132  AP.0858    (0)   11 :  0.012 0.988 
1133  AP.085U    (5)   11 :  0.044 0.956 
1134  AP.085X    (5)   11 :  0.007 0.993 
1135  AP.0861    (5)   11 :  0.009 0.991 
1136  AP.0864   (10)   11 :  0.006 0.994 
1137  AP.086X    (0)   11 :  0.008 0.992 
1138  AP.0872    (0)   11 :  0.007 0.993 
1139  AP.0875    (0)   11 :  0.097 0.903 
1140  AP.087A    (0)   11 :  0.008 0.992 
1141  AP.087C    (0)   11 :  0.013 0.987 
1142  AP.087E    (0)   11 :  0.007 0.993 
1143  AP.087H    (0)   11 :  0.007 0.993 
1144  AP.087K    (0)   11 :  0.014 0.986 
1145  AP.087L    (0)   11 :  0.008 0.992 
1146  AP.087M    (0)   11 :  0.011 0.989 
1147  AP.087P    (0)   11 :  0.010 0.990 
1148  AP.087U    (0)   11 :  0.049 0.951 
1149  AP.087X    (0)   11 :  0.019 0.981 
1150  AP.0881    (0)   11 :  0.014 0.986 
1151  AP.0882    (0)   11 :  0.009 0.991 
1152  AP.0883    (0)   11 :  0.031 0.969 
1153  AP.0884    (0)   11 :  0.008 0.992 
1154  AP.0885    (5)   11 :  0.014 0.986 
1155  AP.0887    (0)   11 :  0.011 0.989 
1156  AP.0888    (5)   11 :  0.280 0.720 
1157  AP.088A    (0)   11 :  0.009 0.991 
1158  AP.088C    (0)   11 :  0.039 0.961 
1159  AP.088J    (0)   11 :  0.014 0.986 
1160  AP.088K    (0)   11 :  0.012 0.988 
1161  AP.088L    (0)   11 :  0.008 0.992 
1162  AP.088U    (0)   11 :  0.008 0.992 
1163  AP.088X    (0)   11 :  0.020 0.980 
1164  AP.08A0    (0)   11 :  0.007 0.993 
1165  AP.08A1    (0)   11 :  0.011 0.989 
1166  AP.08A3    (0)   11 :  0.007 0.993 
1167  AP.08A4    (0)   11 :  0.070 0.930 
1168  AP.08A5    (0)   11 :  0.007 0.993 
1169  AP.08A6    (0)   11 :  0.018 0.982 
1170  AP.08A8    (5)   11 :  0.009 0.991 
1171  AP.08AC    (0)   11 :  0.020 0.980 
1172  AP.08AH    (0)   11 :  0.012 0.988 
1173  AP.08AJ    (0)   11 :  0.016 0.984 
1174  AP.08AM   (10)   11 :  0.010 0.990 
1175  AP.08AT    (0)   11 :  0.008 0.992 
1176  AP.08AX    (0)   11 :  0.007 0.993 
1177  CH.0LLP    (0)   11 :  0.010 0.990 
1178  CH.0LM2   (10)   11 :  0.010 0.990 
1179  CH.0LM4    (5)   11 :  0.007 0.993 
1180  CH.0LM5    (0)   11 :  0.009 0.991 
1181    M0102    (5)   11 :  0.009 0.991 
1182    M023A    (5)   11 :  0.006 0.994 
1183    M03MM   (10)   11 :  0.013 0.987 
1184    M04PF    (0)   11 :  0.007 0.993 
1185    M04XH    (5)   11 :  0.013 0.987 
1186    M04XM   (10)   11 :  0.009 0.991 
1187    M0557    (0)   11 :  0.038 0.962 
1188    M055C    (0)   11 :  0.052 0.948 
1189    M05JC    (0)   11 :  0.008 0.992 
1190    M05PH    (0)   11 :  0.011 0.989 
1191    M05X6    (0)   11 :  0.007 0.993 
1192    M07TC    (0)   11 :  0.015 0.985 
1193    M0A66    (0)   11 :  0.007 0.993 
1194    M0EYT    (0)   11 :  0.008 0.992 
1195    M0FF2    (0)   11 :  0.007 0.993 
1196    M0HJ6    (5)   11 :  0.016 0.984 
1197   HRV0JL    (0)   11 :  0.006 0.994 
1198   HRV0JP    (0)   11 :  0.007 0.993 
1199   HRV0KA    (0)   11 :  0.008 0.992 
1200   HRV0LJ    (5)   11 :  0.019 0.981 
1201   HRV0LM    (0)   11 :  0.010 0.990 
1202   HRV0LP    (0)   11 :  0.026 0.974 
1203    M0HJ8    (0)   11 :  0.008 0.992 
1204    M0HM3    (0)   11 :  0.008 0.992 
1205    M0J1X    (0)   11 :  0.008 0.992 
1206    M0L32    (0)   11 :  0.012 0.988 
1207    M0L8F    (0)   11 :  0.031 0.969 
1208    M0LUH    (0)   11 :  0.008 0.992 
1209    M0XPJ    (0)   11 :  0.008 0.992 
1210    M0XTE    (0)   11 :  0.019 0.981 
1211    M157H    (0)   11 :  0.010 0.990 
1212    M16YU    (0)   11 :  0.006 0.994 
1213    M1751    (0)   11 :  0.009 0.991 
1214    M1C2H    (0)   11 :  0.007 0.993 
1215    M1E60    (0)   11 :  0.006 0.994 
1216    M1EKX    (0)   11 :  0.007 0.993 
1217    M1EKY    (0)   11 :  0.007 0.993 
1218    M1EL3    (0)   11 :  0.015 0.985 
1219    M1ELC    (0)   11 :  0.012 0.988 
1220    M1ELE    (0)   11 :  0.008 0.992 
1221    M2AY0   (10)   11 :  0.017 0.983 
1222    M2AY4    (5)   11 :  0.008 0.992 
1223    M2AY5   (10)   11 :  0.009 0.991 
1224    M2AY8    (5)   11 :  0.111 0.889 
1225    M2C3A   (10)   11 :  0.008 0.992 
1226    M2C3F   (10)   11 :  0.009 0.991 
1227   HRV0ME    (0)   11 :  0.015 0.985 
1228    M2CHJ    (5)   11 :  0.033 0.967 
1229    M2CHM    (5)   11 :  0.039 0.961 
1230    M2CHY   (10)   11 :  0.012 0.988 
1231    W23E8    (0)   11 :  0.008 0.992 
1232    W23EM    (0)   11 :  0.012 0.988 
1233    W23EX    (0)   11 :  0.009 0.991 
1234    W23F0    (0)   11 :  0.012 0.988 
1235    W26L5    (0)   11 :  0.036 0.964 
1236    W26LM    (0)   11 :  0.084 0.916 
1237    W26MJ    (0)   11 :  0.085 0.915 
1238    W26ML    (0)   11 :  0.008 0.992 
1239    W26MT    (0)   11 :  0.007 0.993 
1240    W26PE    (5)   11 :  0.151 0.849 
1241    W26PJ    (0)   11 :  0.137 0.863 
1242    W26PT    (0)   11 :  0.007 0.993 
1243    W26PX   (10)   11 :  0.026 0.974 
1244    W26T0    (5)   11 :  0.012 0.988 
1245    W26TC    (0)   11 :  0.006 0.994 
1246    W26TJ    (5)   11 :  0.065 0.935 
1247    W26UE    (5)   11 :  0.011 0.989 
1248    W26UF    (0)   11 :  0.007 0.993 
1249    W26UL    (0)   11 :  0.035 0.965 
1250    W26X2    (0)   11 :  0.012 0.988 
1251    W2716    (0)   11 :  0.055 0.945 
1252   HRV1C6    (0)   11 :  0.007 0.993 
1253   HRV1CX    (0)   11 :  0.019 0.981 
1254   HRV1E2    (0)   11 :  0.007 0.993 
1255   HRV1E4    (0)   11 :  0.006 0.994 
1256   HRV1E5    (0)   11 :  0.007 0.993 
1257   HRV1EC    (0)   11 :  0.010 0.990 
1258   HRV1EK    (0)   11 :  0.023 0.977 
1259   HRV001    (0)   11 :  0.009 0.991 
1260   HRV00H    (0)   11 :  0.009 0.991 
1261   HRV00K    (0)   11 :  0.010 0.990 
1262   HRV01X    (0)   11 :  0.009 0.991 
1263   HRV025    (0)   11 :  0.015 0.985 
1264   HRV028    (0)   11 :  0.009 0.991 
1265   HRV041    (0)   11 :  0.008 0.992 
1266   HRV04F    (0)   11 :  0.008 0.992 
1267   HRV04L    (0)   11 :  0.007 0.993 
1268   HRV055    (0)   11 :  0.006 0.994 
1269   HRV05J    (0)   11 :  0.009 0.991 
1270   HRV07J    (0)   11 :  0.007 0.993 
1271   HRV07K    (0)   11 :  0.017 0.983 
1272   HRV07L    (0)   11 :  0.027 0.973 
1273   HRV07M    (0)   11 :  0.007 0.993 
1274   HRV0HM    (0)   11 :  0.048 0.952 
1275   HRV0J2    (0)   11 :  0.007 0.993 
1276   HRV0K3    (0)   11 :  0.008 0.992 
1277   HRV0KE    (0)   11 :  0.008 0.992 
1278   HRV0KF    (0)   11 :  0.013 0.987 
1279   HRV0KU    (0)   11 :  0.025 0.975 
1280   HRV0L6    (0)   11 :  0.007 0.993 
1281   HRV0M2    (0)   11 :  0.015 0.985 
1282   HRV0MF    (0)   11 :  0.008 0.992 
1283   HRV0MJ    (0)   11 :  0.027 0.973 
1284   HRV1AT    (0)   11 :  0.009 0.991 
1285   HRV1C1    (0)   11 :  0.010 0.990 
1286   HRV1CL    (0)   11 :  0.010 0.990 
1287   HRV1E1    (0)   11 :  0.010 0.990 
1288   HRV1E7    (0)   11 :  0.007 0.993 
1289   HRV1EE    (0)   11 :  0.007 0.993 
1290   HRV1ET    (0)   11 :  0.007 0.993 
1291   h00111    (0)   12 :  0.009 0.991 
1292   h00211    (0)   12 :  0.097 0.903 
1293   h00311    (0)   12 :  0.012 0.988 
1294   h00411    (0)   12 :  0.014 0.986 
1295   h00511    (0)   12 :  0.018 0.982 
1296   h00611    (0)   12 :  0.010 0.990 
1297   h00711    (0)   12 :  0.007 0.993 
1298   h00811    (0)   12 :  0.018 0.982 
1299   h00911    (0)   12 :  0.017 0.983 
1300   h01011    (0)   12 :  0.011 0.989 
1301   h01111    (0)   12 :  0.006 0.994 
1302   h01211    (0)   12 :  0.009 0.991 
1303   h01311    (0)   12 :  0.046 0.954 
1304   h01411    (0)   12 :  0.008 0.992 
1305   h01511    (0)   12 :  0.010 0.990 
1306   h01611    (0)   12 :  0.010 0.990 
1307   h01711    (0)   12 :  0.009 0.991 
1308   h01811    (0)   12 :  0.030 0.970 
1309   h01911    (0)   12 :  0.006 0.994 
1310   h02011    (0)   12 :  0.007 0.993 
1311   h02111    (0)   12 :  0.023 0.977 
1312   h02211    (0)   12 :  0.074 0.926 
1313   h02311    (0)   12 :  0.008 0.992 
1314   h02411    (0)   12 :  0.008 0.992 
1315   h02511    (0)   12 :  0.006 0.994 
1316   h02611    (0)   12 :  0.025 0.975 
1317   h02711    (0)   12 :  0.014 0.986 
1318   h02811    (0)   12 :  0.006 0.994 
1319   h02911    (0)   12 :  0.009 0.991 
1320   h03011    (0)   12 :  0.025 0.975 
1321   h03111    (0)   12 :  0.010 0.990 
1322   h03211    (0)   12 :  0.015 0.985 
1323   h03311    (0)   12 :  0.007 0.993 
1324   h03411    (0)   12 :  0.016 0.984 
1325   h03511    (0)   12 :  0.007 0.993 
1326   h03611    (0)   12 :  0.011 0.989 
1327   h03711    (0)   12 :  0.031 0.969 
1328   h03811    (0)   12 :  0.010 0.990 
1329   h03911    (0)   12 :  0.011 0.989 
1330   h04011    (0)   12 :  0.009 0.991 
1331   h04111    (0)   12 :  0.008 0.992 
1332   h04211    (0)   12 :  0.006 0.994 
1333   h04311    (0)   12 :  0.010 0.990 
1334   h04411    (0)   12 :  0.005 0.995 
1335   h04511    (0)   12 :  0.013 0.987 
1336   h04611    (0)   12 :  0.024 0.976 
1337   h04711    (0)   12 :  0.010 0.990 
1338   h04811    (0)   12 :  0.015 0.985 
1339   h04911    (0)   12 :  0.010 0.990 
1340   h05011    (0)   12 :  0.008 0.992 
1341   h05111    (0)   12 :  0.013 0.987 
1342   h05211    (0)   12 :  0.018 0.982 
1343   h05311    (0)   12 :  0.010 0.990 
1344   h05411    (0)   12 :  0.008 0.992 
1345   h05511    (0)   12 :  0.020 0.980 
1346   h05611    (0)   12 :  0.007 0.993 
1347   h05711    (0)   12 :  0.015 0.985 
1348   h05811    (0)   12 :  0.008 0.992 
1349   h05911    (0)   12 :  0.010 0.990 
1350   h06011    (0)   12 :  0.010 0.990 
1351   h06111    (0)   12 :  0.010 0.990 
1352   h06211    (0)   12 :  0.013 0.987 
1353   h06311    (0)   12 :  0.008 0.992 
1354   h06411    (0)   12 :  0.006 0.994 
1355   h06511    (0)   12 :  0.007 0.993 
1356   h06611    (0)   12 :  0.008 0.992 
1357   h06711    (0)   12 :  0.008 0.992 
1358   h06811    (0)   12 :  0.009 0.991 
1359   h06911    (0)   12 :  0.008 0.992 
1360   h07011    (0)   12 :  0.009 0.991 
1361   h07111    (0)   12 :  0.020 0.980 
1362   h07211    (0)   12 :  0.007 0.993 
1363   h07311    (0)   12 :  0.011 0.989 
1364   h07411    (0)   12 :  0.010 0.990 
1365   h07511    (0)   12 :  0.007 0.993 
1366   h07611    (0)   12 :  0.039 0.961 
1367   h07711    (0)   12 :  0.012 0.988 
1368   h07811    (0)   12 :  0.016 0.984 
1369   h07911    (0)   12 :  0.013 0.987 
1370   h08011    (0)   12 :  0.008 0.992 
1371   h08111    (0)   12 :  0.013 0.987 
1372   h08211    (0)   12 :  0.033 0.967 
1373   h08311    (0)   12 :  0.035 0.965 
1374   h08411    (0)   12 :  0.007 0.993 
1375   h08511    (0)   12 :  0.023 0.977 
1376   h08611    (0)   12 :  0.009 0.991 
1377   h08711    (0)   12 :  0.012 0.988 
1378   h08811    (0)   12 :  0.018 0.982 
1379   h08911    (0)   12 :  0.008 0.992 
1380   h09011    (0)   12 :  0.011 0.989 
1381   h09111    (0)   12 :  0.014 0.986 
1382   h09211    (0)   12 :  0.009 0.991 
1383   h09311    (0)   12 :  0.009 0.991 
1384   h09411    (0)   12 :  0.008 0.992 
1385   h09511    (0)   12 :  0.015 0.985 
1386   h09611    (0)   12 :  0.045 0.955 
1387   h09711    (0)   12 :  0.009 0.991 
1388   h09811    (0)   12 :  0.064 0.936 
1389   h09911    (0)   12 :  0.008 0.992 
1390   h10011    (0)   12 :  0.007 0.993 
1391    h1011    (0)   12 :  0.006 0.994 
1392    h1021    (0)   12 :  0.009 0.991 
1393    h1031    (0)   12 :  0.021 0.979 
1394    h1041    (0)   12 :  0.017 0.983 
1395    h1051    (0)   12 :  0.007 0.993 
1396    h1061    (0)   12 :  0.009 0.991 
1397    h1071    (0)   12 :  0.009 0.991 
1398    h1081    (0)   12 :  0.018 0.982 
1399    h1091    (0)   12 :  0.018 0.982 
1400    h1101    (0)   12 :  0.012 0.988 
1401    h1111    (0)   12 :  0.008 0.992 
1402    h1121    (0)   12 :  0.015 0.985 
1403    h1131    (0)   12 :  0.015 0.985 
1404    h1141    (0)   12 :  0.019 0.981 
1405    h1151    (0)   12 :  0.013 0.987 
1406    h1161    (0)   12 :  0.012 0.988 
1407    h1171    (0)   12 :  0.028 0.972 
1408    h1181    (0)   12 :  0.007 0.993 
1409    h1191    (0)   12 :  0.015 0.985 
1410    h1201    (0)   12 :  0.013 0.987 
1411    h1211    (0)   12 :  0.009 0.991 
1412    h1221    (0)   12 :  0.008 0.992 
1413    h1231    (0)   12 :  0.007 0.993 
1414    h1241    (0)   12 :  0.008 0.992 
1415    h1251    (0)   12 :  0.010 0.990 
1416    h1261    (0)   12 :  0.011 0.989 
1417    h1271    (0)   12 :  0.008 0.992 
1418    h1281    (0)   12 :  0.009 0.991 
1419    h1291    (0)   12 :  0.008 0.992 
1420    h1301    (0)   12 :  0.006 0.994 
1421    h1311    (0)   12 :  0.010 0.990 
1422    h1321    (0)   12 :  0.023 0.977 
1423    h1331    (0)   12 :  0.009 0.991 
1424    h1341    (0)   12 :  0.007 0.993 
1425    h1351    (0)   12 :  0.007 0.993 
1426    h1361    (0)   12 :  0.016 0.984 
1427    h1371    (0)   12 :  0.019 0.981 
1428    h1381    (0)   12 :  0.007 0.993 
1429    h1391    (0)   12 :  0.010 0.990 
1430    h1401    (0)   12 :  0.010 0.990 
1431    h1411    (0)   12 :  0.011 0.989 
1432    h1421    (0)   12 :  0.009 0.991 
1433    h1431    (0)   12 :  0.008 0.992 
1434    h1441    (0)   12 :  0.009 0.991 
1435    h1451    (0)   12 :  0.006 0.994 
1436    h1461    (0)   12 :  0.007 0.993 
1437    h1471    (0)   12 :  0.010 0.990 
1438    h1481    (0)   12 :  0.027 0.973 
1439    h1491    (0)   12 :  0.008 0.992 
1440    h1501    (0)   12 :  0.015 0.985 
1441    h1511    (0)   12 :  0.011 0.989 
1442    h1521    (0)   12 :  0.009 0.991 
1443    h1531    (0)   12 :  0.018 0.982 
1444    h1541    (0)   12 :  0.051 0.949 
1445    h1551    (0)   12 :  0.010 0.990 
1446    h1561    (0)   12 :  0.013 0.987 
1447    h1571    (0)   12 :  0.013 0.987 
1448    h1581    (0)   12 :  0.015 0.985 
1449    h1591    (0)   12 :  0.017 0.983 
1450    h1601    (0)   12 :  0.012 0.988 
1451    h1611    (0)   12 :  0.010 0.990 
1452    h1621    (0)   12 :  0.010 0.990 
1453    h1631    (0)   12 :  0.013 0.987 
1454    h1641    (0)   12 :  0.023 0.977 
1455    h1651    (0)   12 :  0.024 0.976 
1456    h1661    (0)   12 :  0.014 0.986 
1457    h1671    (0)   12 :  0.014 0.986 
1458    h1681    (0)   12 :  0.012 0.988 
1459    h1691    (0)   12 :  0.009 0.991 
1460    h1701    (0)   12 :  0.008 0.992 
1461    h1711    (0)   12 :  0.036 0.964 
1462    h1721    (0)   12 :  0.025 0.975 
1463    h1731    (0)   12 :  0.009 0.991 
1464    h1741    (0)   12 :  0.009 0.991 
1465    h1751    (0)   12 :  0.042 0.958 
1466    h1761    (0)   12 :  0.037 0.963 
1467    h1771    (0)   12 :  0.007 0.993 
1468    h1781    (0)   12 :  0.036 0.964 
1469    h1791    (0)   12 :  0.008 0.992 
1470    h1801    (0)   12 :  0.010 0.990 
1471    h1811    (0)   12 :  0.016 0.984 
1472    h1821    (0)   12 :  0.007 0.993 
1473    h1831    (0)   12 :  0.013 0.987 
1474    h1841    (0)   12 :  0.010 0.990 
1475    h1851    (0)   12 :  0.018 0.982 
1476    h1861    (0)   12 :  0.061 0.939 
1477    h1871    (0)   12 :  0.008 0.992 
1478    h1881    (0)   12 :  0.015 0.985 
1479    h1891    (0)   12 :  0.012 0.988 
1480    h1901    (0)   12 :  0.012 0.988 
1481    h1911    (0)   12 :  0.014 0.986 
1482    h1921    (0)   12 :  0.008 0.992 
1483    h1931    (0)   12 :  0.012 0.988 
1484    h1941    (0)   12 :  0.010 0.990 
1485    h1951    (0)   12 :  0.036 0.964 
1486    h1961    (0)   12 :  0.009 0.991 
1487    h1971    (0)   12 :  0.007 0.993 
1488    h1981    (0)   12 :  0.009 0.991 
1489    h1991    (0)   12 :  0.009 0.991 
1490    h2001    (0)   12 :  0.027 0.973 
1491    h2011    (0)   12 :  0.013 0.987 
1492    h2021    (0)   12 :  0.008 0.992 
1493    h2031    (0)   12 :  0.011 0.989 
1494    h2041    (0)   12 :  0.012 0.988 
1495    h2051    (0)   12 :  0.008 0.992 
1496    h2061    (0)   12 :  0.010 0.990 
1497    h2071    (0)   12 :  0.007 0.993 
1498    h2081    (0)   12 :  0.006 0.994 
1499    h2091    (0)   12 :  0.008 0.992 
1500    h2101    (0)   12 :  0.007 0.993 
1501    h2111    (0)   12 :  0.008 0.992 
1502    h2121    (0)   12 :  0.010 0.990 
1503    h2131    (0)   12 :  0.014 0.986 
1504    h2141    (0)   12 :  0.007 0.993 
1505    h2151    (0)   12 :  0.007 0.993 
1506    h2161    (0)   12 :  0.011 0.989 
1507    h2171    (0)   12 :  0.008 0.992 
1508    h2181    (0)   12 :  0.012 0.988 
1509    h2191    (0)   12 :  0.015 0.985 
1510    h2201    (0)   12 :  0.015 0.985 
1511    h2211    (0)   12 :  0.029 0.971 
1512    h2221    (0)   12 :  0.008 0.992 
1513    h2231    (0)   12 :  0.026 0.974 
1514    h2241    (0)   12 :  0.007 0.993 
1515    h2251    (0)   12 :  0.008 0.992 
1516    h2261    (0)   12 :  0.006 0.994 
1517    h2271    (0)   12 :  0.009 0.991 
1518    h2281    (0)   12 :  0.094 0.906 
1519    h2291    (0)   12 :  0.009 0.991 
1520    h2301    (0)   12 :  0.013 0.987 
1521    h2311    (0)   12 :  0.007 0.993 
1522    h2321    (0)   12 :  0.029 0.971 
1523    h2331    (0)   12 :  0.011 0.989 
1524    h2341    (0)   12 :  0.011 0.989 
1525    h2351    (0)   12 :  0.014 0.986 
1526    h2361    (0)   12 :  0.009 0.991 
1527    h2371    (0)   12 :  0.010 0.990 
1528    h2381    (0)   12 :  0.006 0.994 
1529    h2391    (0)   12 :  0.010 0.990 
1530    h2401    (0)   12 :  0.008 0.992 
1531    h2411    (0)   12 :  0.012 0.988 
1532    h2421    (0)   12 :  0.007 0.993 
1533    h2431    (0)   12 :  0.022 0.978 
1534    h2441    (0)   12 :  0.006 0.994 
1535    h2451    (0)   12 :  0.015 0.985 
1536    h2461    (0)   12 :  0.020 0.980 
1537    h2471    (0)   12 :  0.013 0.987 
1538    h2481    (0)   12 :  0.008 0.992 
1539    h2491    (0)   12 :  0.009 0.991 
1540    h2501    (0)   12 :  0.013 0.987 
1541    h2511    (0)   12 :  0.009 0.991 
1542    h2521    (0)   12 :  0.014 0.986 
1543    h2531    (0)   12 :  0.010 0.990 
1544    h2541    (0)   12 :  0.009 0.991 
1545    h2551    (0)   12 :  0.012 0.988 
1546    h2561    (0)   12 :  0.011 0.989 
1547    h2571    (0)   12 :  0.013 0.987 
1548    h2581    (0)   12 :  0.017 0.983 
1549    h2591    (0)   12 :  0.016 0.984 
1550    h2601    (0)   12 :  0.019 0.981 


Estimated Allele Frequencies in each cluster
First column gives estimated ancestral frequencies


Locus 1 : Cl147 
22 alleles
0.0% missing data
  45   (0.099) 0.181 0.011 
  69   (0.104) 0.112 0.246 
  73   (0.122) 0.178 0.107 
  77   (0.083) 0.121 0.011 
  56   (0.062) 0.045 0.040 
  65   (0.058) 0.027 0.200 
  41   (0.054) 0.135 0.000 
  52   (0.073) 0.075 0.028 
  48   (0.041) 0.017 0.008 
  81   (0.023) 0.012 0.000 
  49   (0.032) 0.041 0.000 
  60   (0.040) 0.019 0.003 
  84   (0.030) 0.007 0.002 
  89   (0.026) 0.016 0.000 
  61   (0.035) 0.008 0.015 
  68   (0.028) 0.003 0.071 
  44   (0.019) 0.001 0.249 
  85   (0.015) 0.001 0.002 
 801   (0.015) 0.000 0.004 
  72   (0.014) 0.000 0.003 
  80   (0.013) 0.000 0.001 
  40   (0.013) 0.000 0.001 

Locus 2 : Cl233 
31 alleles
0.0% missing data
  63   (0.107) 0.189 0.167 
  85   (0.045) 0.064 0.002 
  73   (0.035) 0.048 0.001 
  79   (0.030) 0.043 0.000 
  71   (0.074) 0.116 0.031 
  77   (0.027) 0.029 0.000 
  75   (0.032) 0.047 0.000 
  67   (0.087) 0.117 0.217 
  55   (0.059) 0.039 0.360 
  59   (0.056) 0.036 0.199 
  81   (0.038) 0.092 0.000 
  83   (0.026) 0.028 0.000 
  93   (0.020) 0.009 0.000 
 101   (0.016) 0.003 0.000 
  69   (0.023) 0.011 0.000 
  51   (0.038) 0.017 0.012 
 100   (0.027) 0.013 0.001 
  92   (0.015) 0.002 0.000 
1121   (0.016) 0.003 0.000 
1001   (0.020) 0.008 0.000 
  89   (0.028) 0.029 0.000 
 711   (0.025) 0.004 0.003 
 116   (0.018) 0.006 0.000 
  80   (0.017) 0.005 0.000 
  43   (0.018) 0.005 0.000 
  84   (0.014) 0.002 0.000 
  88   (0.024) 0.020 0.000 
 104   (0.019) 0.008 0.000 
  97   (0.018) 0.005 0.000 
 791   (0.012) 0.001 0.000 
  35   (0.014) 0.000 0.007 

Locus 3 : Cl264 
26 alleles
0.1% missing data
  65   (0.076) 0.089 0.138 
 651   (0.093) 0.178 0.042 
 691   (0.094) 0.161 0.078 
  57   (0.026) 0.003 0.018 
  61   (0.043) 0.016 0.184 
 731   (0.045) 0.102 0.001 
 811   (0.028) 0.027 0.000 
 611   (0.055) 0.044 0.056 
  69   (0.091) 0.123 0.220 
  77   (0.039) 0.019 0.009 
  49   (0.030) 0.047 0.000 
  45   (0.017) 0.004 0.000 
 491   (0.028) 0.005 0.011 
 571   (0.017) 0.005 0.000 
 771   (0.036) 0.066 0.000 
  89   (0.025) 0.024 0.000 
 652   (0.028) 0.006 0.004 
  53   (0.045) 0.020 0.138 
  73   (0.047) 0.026 0.061 
  80   (0.019) 0.007 0.000 
 531   (0.033) 0.010 0.013 
 693   (0.018) 0.005 0.000 
  93   (0.018) 0.005 0.000 
  85   (0.019) 0.008 0.000 
  37   (0.014) 0.000 0.021 
 692   (0.014) 0.000 0.006 

Locus 4 : Cl274 
8 alleles
0.0% missing data
  61   (0.388) 0.481 0.332 
  57   (0.203) 0.171 0.507 
  65   (0.134) 0.140 0.038 
  53   (0.076) 0.062 0.005 
  69   (0.080) 0.074 0.005 
  73   (0.041) 0.036 0.000 
  49   (0.056) 0.036 0.002 
  45   (0.021) 0.001 0.110 

Locus 5 : Cl285 
36 alleles
0.1% missing data
  75   (0.083) 0.138 0.248 
  71   (0.086) 0.159 0.185 
 631   (0.026) 0.036 0.000 
  67   (0.084) 0.145 0.293 
  63   (0.038) 0.090 0.000 
  79   (0.061) 0.086 0.043 
 792   (0.028) 0.042 0.000 
 671   (0.059) 0.068 0.073 
 831   (0.042) 0.032 0.020 
 752   (0.049) 0.068 0.007 
  55   (0.023) 0.004 0.002 
1401   (0.017) 0.006 0.000 
  59   (0.038) 0.023 0.013 
 712   (0.026) 0.035 0.000 
 833   (0.022) 0.019 0.000 
1322   (0.015) 0.003 0.000 
 136   (0.031) 0.013 0.004 
 164   (0.015) 0.003 0.000 
 872   (0.015) 0.003 0.000 
1282   (0.016) 0.004 0.000 
 148   (0.016) 0.004 0.000 
 144   (0.018) 0.007 0.000 
 119   (0.016) 0.004 0.000 
1402   (0.016) 0.004 0.000 
 751   (0.019) 0.001 0.047 
1361   (0.014) 0.000 0.010 
1321   (0.014) 0.000 0.005 
 832   (0.013) 0.000 0.006 
1281   (0.013) 0.000 0.008 
 124   (0.012) 0.000 0.001 
 132   (0.013) 0.000 0.015 
 791   (0.013) 0.000 0.010 
  87   (0.013) 0.000 0.001 
1441   (0.013) 0.000 0.002 
 140   (0.012) 0.000 0.000 
 711   (0.012) 0.000 0.003 

Locus 6 : Cl291 
20 alleles
0.3% missing data
 641   (0.068) 0.062 0.011 
  72   (0.105) 0.096 0.183 
 682   (0.033) 0.035 0.000 
 801   (0.034) 0.037 0.000 
 681   (0.130) 0.239 0.015 
  76   (0.109) 0.118 0.104 
 722   (0.063) 0.131 0.001 
 601   (0.025) 0.012 0.000 
  80   (0.048) 0.070 0.001 
 761   (0.050) 0.017 0.079 
 762   (0.041) 0.060 0.000 
 721   (0.082) 0.062 0.105 
  84   (0.053) 0.038 0.003 
  64   (0.039) 0.006 0.323 
  68   (0.032) 0.004 0.150 
 843   (0.019) 0.004 0.000 
 881   (0.020) 0.005 0.000 
 763   (0.017) 0.000 0.023 
 803   (0.019) 0.002 0.001 
  60   (0.014) 0.000 0.001 

Locus 7 : Cl308 
52 alleles
0.0% missing data
  72   (0.056) 0.148 0.121 
  64   (0.039) 0.042 0.166 
  68   (0.058) 0.115 0.494 
 103   (0.016) 0.013 0.000 
  80   (0.035) 0.048 0.007 
  76   (0.049) 0.095 0.118 
1151   (0.017) 0.014 0.000 
 123   (0.018) 0.016 0.000 
 115   (0.020) 0.027 0.000 
  83   (0.021) 0.027 0.000 
1231   (0.017) 0.013 0.000 
1192   (0.014) 0.005 0.000 
 131   (0.018) 0.019 0.000 
1191   (0.016) 0.010 0.000 
 752   (0.016) 0.009 0.000 
 143   (0.016) 0.012 0.000 
  79   (0.020) 0.036 0.000 
 119   (0.018) 0.018 0.000 
1431   (0.030) 0.029 0.004 
1112   (0.024) 0.048 0.000 
1193   (0.018) 0.011 0.000 
1591   (0.013) 0.003 0.000 
1232   (0.016) 0.009 0.000 
 139   (0.017) 0.012 0.000 
1111   (0.017) 0.011 0.000 
 127   (0.014) 0.005 0.000 
1391   (0.019) 0.021 0.000 
 121   (0.015) 0.007 0.000 
1313   (0.014) 0.006 0.000 
1113   (0.014) 0.005 0.000 
  87   (0.032) 0.069 0.002 
1031   (0.015) 0.006 0.000 
 155   (0.015) 0.010 0.000 
1312   (0.013) 0.003 0.000 
1272   (0.016) 0.010 0.000 
 151   (0.013) 0.003 0.000 
1351   (0.015) 0.009 0.000 
 135   (0.015) 0.006 0.000 
1432   (0.010) 0.001 0.000 
1152   (0.015) 0.007 0.000 
1271   (0.016) 0.009 0.000 
1311   (0.013) 0.003 0.000 
1472   (0.014) 0.004 0.000 
 137   (0.014) 0.004 0.000 
  88   (0.012) 0.002 0.000 
  60   (0.022) 0.004 0.031 
 712   (0.016) 0.011 0.000 
1071   (0.013) 0.004 0.000 
 107   (0.012) 0.002 0.001 
 751   (0.012) 0.000 0.045 
  71   (0.012) 0.000 0.005 
  67   (0.011) 0.000 0.003 

Locus 8 : Cl330 
25 alleles
1.4% missing data
  52   (0.138) 0.322 0.035 
 601   (0.081) 0.124 0.021 
  40   (0.075) 0.083 0.058 
  72   (0.041) 0.021 0.005 
  56   (0.083) 0.130 0.018 
 481   (0.067) 0.046 0.209 
  61   (0.032) 0.042 0.000 
  80   (0.022) 0.010 0.000 
 681   (0.045) 0.028 0.005 
  64   (0.056) 0.067 0.003 
  57   (0.021) 0.007 0.000 
  75   (0.021) 0.007 0.000 
  71   (0.021) 0.007 0.000 
  28   (0.047) 0.015 0.230 
  65   (0.026) 0.017 0.000 
 441   (0.054) 0.031 0.061 
  36   (0.028) 0.024 0.000 
  79   (0.021) 0.009 0.000 
  73   (0.017) 0.004 0.000 
 602   (0.018) 0.004 0.000 
  67   (0.017) 0.001 0.030 
  48   (0.019) 0.001 0.128 
  44   (0.021) 0.001 0.167 
 521   (0.015) 0.000 0.019 
  62   (0.014) 0.000 0.011 

Locus 9 : Cl344 
15 alleles
3.5% missing data
  56   (0.260) 0.429 0.071 
  60   (0.197) 0.276 0.075 
  48   (0.021) 0.005 0.000 
  76   (0.025) 0.010 0.000 
  64   (0.139) 0.111 0.403 
  72   (0.081) 0.069 0.013 
 761   (0.017) 0.002 0.000 
 641   (0.031) 0.021 0.000 
  68   (0.068) 0.042 0.021 
 601   (0.029) 0.018 0.000 
  52   (0.044) 0.007 0.297 
 681   (0.020) 0.004 0.000 
 721   (0.019) 0.003 0.000 
 561   (0.028) 0.002 0.071 
 521   (0.021) 0.001 0.047 

Locus 10 : Cl366 
8 alleles
0.1% missing data
  80   (0.303) 0.331 0.422 
  92   (0.046) 0.039 0.000 
  76   (0.214) 0.228 0.199 
  88   (0.071) 0.115 0.001 
  84   (0.126) 0.115 0.059 
  72   (0.184) 0.163 0.307 
  64   (0.038) 0.006 0.012 
  68   (0.018) 0.002 0.001 

Locus 11 : Cl375 
15 alleles
0.0% missing data
 491   (0.104) 0.112 0.087 
  53   (0.197) 0.264 0.424 
 612   (0.051) 0.026 0.014 
  57   (0.173) 0.266 0.122 
  45   (0.069) 0.041 0.101 
  61   (0.132) 0.158 0.159 
 651   (0.039) 0.028 0.001 
  69   (0.029) 0.020 0.000 
 571   (0.056) 0.036 0.013 
  65   (0.034) 0.033 0.000 
  37   (0.019) 0.003 0.000 
 691   (0.028) 0.003 0.008 
 531   (0.039) 0.008 0.054 
  49   (0.015) 0.000 0.014 
 532   (0.014) 0.000 0.002 

Locus 12 : Cl408 
13 alleles
0.1% missing data
  62   (0.221) 0.298 0.071 
  74   (0.047) 0.060 0.000 
  50   (0.069) 0.023 0.259 
  58   (0.128) 0.110 0.111 
  66   (0.127) 0.206 0.005 
  70   (0.050) 0.070 0.000 
  54   (0.181) 0.185 0.163 
  78   (0.024) 0.008 0.000 
  79   (0.022) 0.006 0.000 
  75   (0.067) 0.025 0.116 
  82   (0.023) 0.007 0.000 
  46   (0.024) 0.001 0.260 
  34   (0.018) 0.000 0.016 

Locus 13 : Cl507 
22 alleles
0.0% missing data
  70   (0.083) 0.082 0.065 
  94   (0.049) 0.036 0.004 
  74   (0.046) 0.071 0.001 
  54   (0.060) 0.035 0.071 
  82   (0.079) 0.218 0.001 
  90   (0.060) 0.046 0.018 
  86   (0.045) 0.083 0.000 
 701   (0.023) 0.011 0.000 
  78   (0.055) 0.092 0.001 
  62   (0.096) 0.081 0.298 
 741   (0.037) 0.051 0.000 
  66   (0.107) 0.103 0.309 
 661   (0.025) 0.014 0.000 
  58   (0.056) 0.024 0.153 
  98   (0.042) 0.019 0.004 
 781   (0.025) 0.014 0.000 
 141   (0.024) 0.012 0.000 
 102   (0.019) 0.004 0.000 
 106   (0.017) 0.003 0.000 
 621   (0.020) 0.001 0.049 
  50   (0.018) 0.001 0.021 
 702   (0.014) 0.000 0.004 

Locus 14 : Cl527 
29 alleles
0.0% missing data
  62   (0.084) 0.110 0.037 
 622   (0.018) 0.004 0.000 
 461   (0.035) 0.011 0.005 
  82   (0.019) 0.006 0.000 
 661   (0.048) 0.126 0.000 
  70   (0.042) 0.077 0.000 
 581   (0.058) 0.046 0.022 
 701   (0.043) 0.089 0.000 
 501   (0.030) 0.032 0.000 
  66   (0.096) 0.118 0.151 
 741   (0.027) 0.024 0.000 
  58   (0.085) 0.120 0.028 
 541   (0.039) 0.065 0.000 
  74   (0.025) 0.003 0.004 
 621   (0.045) 0.091 0.000 
  78   (0.021) 0.009 0.000 
 781   (0.019) 0.006 0.000 
 462   (0.022) 0.011 0.000 
  67   (0.026) 0.018 0.000 
  54   (0.030) 0.003 0.211 
  50   (0.051) 0.020 0.212 
  63   (0.019) 0.005 0.000 
  42   (0.029) 0.003 0.169 
  46   (0.018) 0.001 0.093 
  61   (0.016) 0.000 0.041 
  26   (0.013) 0.001 0.000 
  65   (0.015) 0.000 0.013 
  53   (0.013) 0.000 0.001 
  57   (0.015) 0.000 0.011 

Locus 15 : Cl380 
21 alleles
3.0% missing data
 671   (0.104) 0.123 0.166 
 672   (0.097) 0.108 0.155 
 751   (0.041) 0.041 0.001 
  71   (0.036) 0.053 0.000 
  79   (0.172) 0.255 0.452 
  75   (0.091) 0.122 0.035 
 711   (0.057) 0.133 0.001 
  67   (0.029) 0.020 0.000 
 791   (0.018) 0.004 0.000 
 591   (0.043) 0.020 0.010 
 552   (0.029) 0.028 0.000 
 792   (0.029) 0.012 0.001 
 593   (0.024) 0.013 0.000 
  59   (0.041) 0.016 0.013 
 631   (0.039) 0.011 0.031 
 833   (0.038) 0.012 0.008 
 712   (0.027) 0.019 0.000 
  63   (0.038) 0.009 0.038 
 551   (0.018) 0.000 0.078 
 632   (0.016) 0.000 0.007 
 592   (0.014) 0.000 0.005 

Locus 16 : Lup02 
6 alleles
0.1% missing data
  56   (0.484) 0.509 0.644 
  60   (0.174) 0.177 0.062 
  52   (0.148) 0.106 0.212 
  48   (0.139) 0.196 0.006 
 561   (0.027) 0.010 0.000 
  64   (0.027) 0.002 0.076 

Locus 17 : Lup13 
5 alleles
0.0% missing data
  57   (0.301) 0.248 0.612 
  61   (0.411) 0.459 0.246 
  65   (0.082) 0.132 0.001 
  53   (0.187) 0.160 0.139 
  69   (0.018) 0.001 0.002 

Locus 18 : Lup20 
9 alleles
0.8% missing data
  56   (0.467) 0.634 0.201 
 601   (0.082) 0.122 0.001 
  60   (0.167) 0.117 0.457 
  68   (0.077) 0.029 0.196 
  64   (0.095) 0.059 0.063 
  72   (0.026) 0.009 0.000 
 681   (0.027) 0.009 0.000 
 641   (0.032) 0.019 0.000 
  52   (0.025) 0.001 0.081 

Locus 19 : Lup21 
11 alleles
0.1% missing data
  41   (0.293) 0.373 0.087 
  57   (0.252) 0.289 0.104 
  53   (0.191) 0.143 0.420 
  37   (0.034) 0.021 0.000 
  45   (0.083) 0.157 0.000 
 531   (0.022) 0.005 0.000 
 611   (0.033) 0.003 0.038 
 491   (0.025) 0.008 0.000 
  61   (0.025) 0.001 0.100 
  49   (0.022) 0.001 0.208 
 612   (0.018) 0.000 0.042 

Locus 20 : Lup23 
6 alleles
0.0% missing data
  59   (0.264) 0.204 0.327 
  63   (0.625) 0.774 0.159 
  67   (0.050) 0.021 0.002 
  55   (0.025) 0.001 0.501 
 671   (0.018) 0.000 0.008 
  51   (0.017) 0.000 0.002 

Values of parameters used in structure:
DATAFILE=/home/eva.pavlovic/data_job_4a2_5_4,	OUTFILE=/home/eva.pavlovic/ParallelStructure/26_results_20MS/4a2_Croatia_high_numbers/4a2_Croatia_high_numbers_5/results_job_4a2_5_4,	NUMINDS=1550,	NUMLOCI=20,	MISSING=-9,	LABEL=1,	POPDATA=1,	POPFLAG=0,	PHENOTYPE=0,	EXTRACOLS=0,	MAXPOPS=2,	BURNIN=300000,	NUMREPS=3000000,	USEPOPINFO=0,	INFERALPHA=1,	INFERLAMBDA=0,	POPSPECIFICLAMBDA=0,	POPALPHAS=0,	COMPUTEPROB=1,	NOADMIX=0,	ADMBURNIN=2500,	UPDATEFREQ=1,	PRINTLIKES=0,	INTERMEDSAVE=0,	PRINTKLD=0,	PRINTNET=0,	PRINTLAMBDA=0,	ANCESTDIST=0,	NUMBOXES=1000,	ANCESTPINT=0.90000,	GENSBACK=2,	MIGRPRIOR=0.05000,	PRINTQHAT=1,	PRINTQSUM=0,	ALPHA=1.0000,	FREQSCORR=1,	FPRIORMEAN=0.0100,	FPRIORSD=0.0500,	ONEFST=0,	LAMBDA=1.0000,	UNIFPRIORALPHA=1,	ALPHAMAX=10.0000,	ALPHAPRIORA=1.0000,	ALPHAPRIORB=2.0000,	ALPHAPROPSD=0.0250,	STARTATPOPINFO=0,	RANDOMIZE=1,	LINKAGE=0,	METROFREQ=10,	REPORTHITRATE=0,	MARKOVPHASE=-1,	PHASED=0,	PLOIDY=2,	PHASEINFO=0	LOCPRIOR=0, 	LOCPRIORINIT=1.000000, 	LOCDATA=0, 	LOCISPOP=0, 	LOCPRIORSTEP=0.100000, 	MAXLOCPRIOR=20.000000, 	SEED=1772692634,	
[STRAT parameters]:    NUMSIMSTATS=1000,	PHENOTYPECOL=-9,	POOLFREQ=10,	LOCUSxONLY=0,	EMERROR=0.00100,	MISSINGPHENO=-9,	