       M1EL5  1 0.0147 0.9853 
       W26T6  1 0.0298 0.9702 
       W26XX  1 0.0101 0.9899 
       M013P  1 0.0073 0.9927 
       M1ELA  1 0.0366 0.9634 
       M2C73  1 0.0128 0.9872 
       W23P4  1 0.0791 0.9209 
       W247C  1 0.0083 0.9917 
       W24K1  1 0.0082 0.9918 
       W24ME  1 0.0309 0.9691 
       W2514  1 0.0187 0.9813 
       W26MA  1 0.0185 0.9815 
       W26MM  1 0.0100 0.9900 
       W26MU  1 0.0136 0.9864 
       W26P0  1 0.0102 0.9898 
       W26P3  1 0.0066 0.9934 
       W26T5  1 0.0081 0.9919 
       W26TE  1 0.0205 0.9795 
       W26TF  1 0.0078 0.9922 
       W26U8  1 0.0345 0.9655 
       W26UJ  1 0.0082 0.9918 
       W26UK  1 0.0067 0.9933 
       W26UT  1 0.0069 0.9931 
       W26XT  1 0.0087 0.9913 
      CC06H2  1 0.0312 0.9688 
      CC06H4  1 0.0106 0.9894 
      CC06H5  1 0.0507 0.9493 
      CC06H6  1 0.0131 0.9869 
      CC06HE  1 0.0081 0.9919 
      CC06HF  1 0.0524 0.9476 
      CC06HH  1 0.0090 0.9910 
      CC06HJ  1 0.0141 0.9859 
      CC06HL  1 0.0066 0.9934 
      CC06HP  1 0.0068 0.9932 
      CC06HT  1 0.0270 0.9730 
      CC06HU  1 0.0188 0.9812 
      CC06HY  1 0.0192 0.9808 
      CC06J0  1 0.0116 0.9884 
      CC06J1  1 0.0408 0.9592 
      CC06J2  1 0.0123 0.9877 
     CT.0YCY  1 0.0122 0.9878 
     CT.0YEC  1 0.0069 0.9931 
     CT.0YEF  1 0.0130 0.9870 
     CT.0YEU  1 0.0074 0.9926 
     CT.0YF2  1 0.0186 0.9814 
     CT.0YF8  1 0.0080 0.9920 
     CT.0YFA  1 0.0167 0.9833 
     CT.0YFE  1 0.0159 0.9841 
     CT.0YFP  1 0.0126 0.9874 
     CT.0YFU  1 0.0129 0.9871 
     CT.0YK7  1 0.0148 0.9852 
     CX.10PT  1 0.0342 0.9658 
      DAM021  1 0.0115 0.9885 
      DAM034  1 0.0174 0.9826 
      DAM07X  1 0.0137 0.9863 
     EF.15J6  1 0.0092 0.9908 
      HRV010  1 0.0097 0.9903 
      HRV02J  1 0.0171 0.9829 
      HRV078  1 0.0128 0.9872 
      HRV0FH  1 0.0098 0.9902 
      HRV0H5  1 0.0136 0.9864 
      HRV0JF  1 0.0181 0.9819 
      HRV0JJ  1 0.0206 0.9794 
      HRV0JM  1 0.0130 0.9870 
      HRV0K6  1 0.0291 0.9709 
      HRV0K7  1 0.0090 0.9910 
      HRV0KP  1 0.0130 0.9870 
      HRV1AX  1 0.0246 0.9754 
      HRV1C4  1 0.0207 0.9793 
      HRV1CH  1 0.0169 0.9831 
      HRV1FA  1 0.0167 0.9833 
      HRV1FK  1 0.0159 0.9841 
      HRV1H8  1 0.0120 0.9880 
      HRV1HT  1 0.0163 0.9837 
      HRV1XU  1 0.0117 0.9883 
      HRV4TF  1 0.0092 0.9908 
      HRV6F0  1 0.0104 0.9896 
      HRVE6L  1 0.0152 0.9848 
       M27HM  1 0.0240 0.9760 
       M27HP  1 0.0082 0.9918 
       M2AK4  1 0.0079 0.9921 
       M2ALA  1 0.0078 0.9922 
       M2C56  1 0.0147 0.9853 
       M2CUX  1 0.0156 0.9844 
       M2E24  1 0.0081 0.9919 
       M2EA7  1 0.0105 0.9895 
       M2EH6  1 0.0098 0.9902 
       M2EKC  1 0.0522 0.9478 
      MSV083  1 0.0117 0.9883 
      MSV084  1 0.0152 0.9848 
      MSV0LJ  1 0.0147 0.9853 
      MSV1H5  1 0.0148 0.9852 
      MSV1KM  1 0.0087 0.9913 
      MSV23F  1 0.0101 0.9899 
      MSV2L8  1 0.0114 0.9886 
      MSV2P7  1 0.0090 0.9910 
      MSV2TJ  1 0.0185 0.9815 
      MSV2XM  1 0.0144 0.9856 
      MSV327  1 0.0101 0.9899 
      MSV33L  1 0.0079 0.9921 
       h0015  2 0.0110 0.9890 
       h0025  2 0.0532 0.9468 
       h0035  2 0.0136 0.9864 
       h0045  2 0.0272 0.9728 
       h0055  2 0.0140 0.9860 
       h0065  2 0.0162 0.9838 
       h0075  2 0.0109 0.9891 
       h0085  2 0.0077 0.9923 
       h0095  2 0.0098 0.9902 
       h0105  2 0.0096 0.9904 
       h0115  2 0.0144 0.9856 
       h0125  2 0.0095 0.9905 
       h0135  2 0.0189 0.9811 
       h0145  2 0.0126 0.9874 
       h0155  2 0.0127 0.9873 
       h0165  2 0.0342 0.9658 
       h0175  2 0.0070 0.9930 
       h0185  2 0.0072 0.9928 
       h0195  2 0.0167 0.9833 
       h0205  2 0.0097 0.9903 
       h0215  2 0.0225 0.9775 
       h0225  2 0.0102 0.9898 
       h0235  2 0.0070 0.9930 
       h0245  2 0.0144 0.9856 
       h0255  2 0.0083 0.9917 
       h0265  2 0.0147 0.9853 
       h0275  2 0.0156 0.9844 
       h0285  2 0.0079 0.9921 
       h0295  2 0.0098 0.9902 
       h0305  2 0.0095 0.9905 
       h0315  2 0.0113 0.9887 
       h0325  2 0.0179 0.9821 
       h0335  2 0.0081 0.9919 
       h0345  2 0.0099 0.9901 
       h0355  2 0.0107 0.9893 
       h0365  2 0.0095 0.9905 
       h0375  2 0.0123 0.9877 
       h0385  2 0.0085 0.9915 
       h0395  2 0.0090 0.9910 
       h0405  2 0.0082 0.9918 
       h0415  2 0.0148 0.9852 
       h0425  2 0.0172 0.9828 
       h0435  2 0.0089 0.9911 
       h0445  2 0.0110 0.9890 
       h0455  2 0.0143 0.9857 
       h0465  2 0.0247 0.9753 
       h0475  2 0.0068 0.9932 
       h0485  2 0.0079 0.9921 
       h0495  2 0.0223 0.9777 
       h0505  2 0.0153 0.9847 
       h0515  2 0.0214 0.9786 
       h0525  2 0.0130 0.9870 
       h0535  2 0.0134 0.9866 
       h0545  2 0.0146 0.9854 
       h0555  2 0.0127 0.9873 
       h0565  2 0.0075 0.9925 
       h0575  2 0.0127 0.9873 
       h0585  2 0.0073 0.9927 
       h0595  2 0.0112 0.9888 
       h0605  2 0.0119 0.9881 
       h0615  2 0.0084 0.9916 
       h0625  2 0.0154 0.9846 
       h0635  2 0.0094 0.9906 
       h0645  2 0.0093 0.9907 
       h0655  2 0.0097 0.9903 
       h0665  2 0.0110 0.9890 
       h0675  2 0.0077 0.9923 
       h0685  2 0.0251 0.9749 
       h0695  2 0.0138 0.9862 
       h0705  2 0.0082 0.9918 
       h0715  2 0.0176 0.9824 
       h0725  2 0.0162 0.9838 
       h0735  2 0.0232 0.9768 
       h0745  2 0.0197 0.9803 
       h0755  2 0.0117 0.9883 
       h0765  2 0.0606 0.9394 
       h0775  2 0.0106 0.9894 
       h0785  2 0.0128 0.9872 
       h0795  2 0.0149 0.9851 
       h0805  2 0.0105 0.9895 
       h0815  2 0.0137 0.9863 
       h0825  2 0.0133 0.9867 
       h0835  2 0.0057 0.9943 
       h0845  2 0.0102 0.9898 
       h0855  2 0.0078 0.9922 
       h0865  2 0.0648 0.9352 
       h0875  2 0.0173 0.9827 
       h0885  2 0.0141 0.9859 
       h0895  2 0.0084 0.9916 
       h0905  2 0.0412 0.9588 
       h0915  2 0.0625 0.9375 
       h0925  2 0.0198 0.9802 
       h0935  2 0.0099 0.9901 
       h0945  2 0.0082 0.9918 
       h0955  2 0.0079 0.9921 
       h0965  2 0.0086 0.9914 
       h0975  2 0.0117 0.9883 
       h0985  2 0.0131 0.9869 
       h0995  2 0.0146 0.9854 
       h1005  2 0.0344 0.9656 
        h101  2 0.0114 0.9886 
        h102  2 0.0131 0.9869 
        h103  2 0.0127 0.9873 
        h104  2 0.0166 0.9834 
        h105  2 0.0380 0.9620 
        h106  2 0.0070 0.9930 
        h107  2 0.0113 0.9887 
        h108  2 0.0179 0.9821 
        h109  2 0.0080 0.9920 
        h110  2 0.0126 0.9874 
        h111  2 0.1072 0.8928 
        h112  2 0.0221 0.9779 
        h113  2 0.0118 0.9882 
        h114  2 0.0081 0.9919 
        h115  2 0.0134 0.9866 
        h116  2 0.0137 0.9863 
        h117  2 0.0079 0.9921 
        h118  2 0.0173 0.9827 
        h119  2 0.0065 0.9935 
        h120  2 0.0145 0.9855 
        h121  2 0.0253 0.9747 
        h122  2 0.0097 0.9903 
        h123  2 0.0071 0.9929 
        h124  2 0.0096 0.9904 
        h125  2 0.0125 0.9875 
        h126  2 0.0296 0.9704 
        h127  2 0.0109 0.9891 
        h128  2 0.0120 0.9880 
        h129  2 0.0262 0.9738 
        h130  2 0.0201 0.9799 
        h131  2 0.0122 0.9878 
        h132  2 0.0085 0.9915 
        h133  2 0.0174 0.9826 
        h134  2 0.0122 0.9878 
        h135  2 0.0175 0.9825 
        h136  2 0.0250 0.9750 
        h137  2 0.0120 0.9880 
        h138  2 0.0146 0.9854 
        h139  2 0.0128 0.9872 
        h140  2 0.0107 0.9893 
        h141  2 0.0114 0.9886 
        h142  2 0.0080 0.9920 
        h143  2 0.0111 0.9889 
        h144  2 0.0104 0.9896 
        h145  2 0.0250 0.9750 
        h146  2 0.0119 0.9881 
        h147  2 0.0085 0.9915 
        h148  2 0.0083 0.9917 
        h149  2 0.0175 0.9825 
        h150  2 0.0113 0.9887 
        h151  2 0.0077 0.9923 
        h152  2 0.0536 0.9464 
        h153  2 0.0092 0.9908 
        h154  2 0.0115 0.9885 
        h155  2 0.0215 0.9785 
        h156  2 0.0107 0.9893 
        h157  2 0.0165 0.9835 
        h158  2 0.0163 0.9837 
        h159  2 0.0095 0.9905 
        h160  2 0.0196 0.9804 
        h161  2 0.0085 0.9915 
        h162  2 0.0247 0.9753 
        h163  2 0.0071 0.9929 
        h164  2 0.0102 0.9898 
        h165  2 0.0221 0.9779 
        h166  2 0.0191 0.9809 
        h167  2 0.0094 0.9906 
        h168  2 0.0071 0.9929 
        h169  2 0.0205 0.9795 
        h170  2 0.0208 0.9792 
        h171  2 0.0398 0.9602 
        h172  2 0.0091 0.9909 
        h173  2 0.0098 0.9902 
        h174  2 0.0084 0.9916 
        h175  2 0.0660 0.9340 
        h176  2 0.0063 0.9937 
        h177  2 0.0111 0.9889 
        h178  2 0.0113 0.9887 
        h179  2 0.0079 0.9921 
        h180  2 0.0090 0.9910 
        h181  2 0.0075 0.9925 
        h182  2 0.0071 0.9929 
        h183  2 0.0195 0.9805 
        h184  2 0.0073 0.9927 
        h185  2 0.0084 0.9916 
        h186  2 0.0658 0.9342 
        h187  2 0.0269 0.9731 
        h188  2 0.0128 0.9872 
        h189  2 0.0097 0.9903 
        h190  2 0.0145 0.9855 
        h191  2 0.0129 0.9871 
        h192  2 0.0089 0.9911 
        h193  2 0.0115 0.9885 
        h194  2 0.0105 0.9895 
        h195  2 0.0103 0.9897 
        h196  2 0.0158 0.9842 
        h197  2 0.0090 0.9910 
        h198  2 0.0308 0.9692 
        h199  2 0.0143 0.9857 
        h200  2 0.0100 0.9900 
        h201  2 0.0113 0.9887 
        h202  2 0.0081 0.9919 
        h203  2 0.0130 0.9870 
        h204  2 0.0096 0.9904 
        h205  2 0.0093 0.9907 
        h206  2 0.0092 0.9908 
        h207  2 0.0139 0.9861 
        h208  2 0.0136 0.9864 
        h209  2 0.0179 0.9821 
        h210  2 0.0083 0.9917 
        h211  2 0.0116 0.9884 
        h212  2 0.0153 0.9847 
        h213  2 0.0248 0.9752 
        h214  2 0.0115 0.9885 
        h215  2 0.0092 0.9908 
        h216  2 0.0095 0.9905 
        h217  2 0.0118 0.9882 
        h218  2 0.0077 0.9923 
        h219  2 0.0303 0.9697 
        h220  2 0.0130 0.9870 
        h221  2 0.0212 0.9788 
        h222  2 0.0124 0.9876 
        h223  2 0.0166 0.9834 
        h224  2 0.0283 0.9717 
        h225  2 0.0134 0.9866 
        h226  2 0.0055 0.9945 
        h227  2 0.0100 0.9900 
        h228  2 0.0193 0.9807 
        h229  2 0.0163 0.9837 
        h230  2 0.0074 0.9926 
        h231  2 0.0173 0.9827 
        h232  2 0.0134 0.9866 
        h233  2 0.0082 0.9918 
        h234  2 0.0091 0.9909 
        h235  2 0.0333 0.9667 
        h236  2 0.0208 0.9792 
        h237  2 0.0109 0.9891 
        h238  2 0.0077 0.9923 
        h239  2 0.0097 0.9903 
        h240  2 0.0127 0.9873 
        h241  2 0.0233 0.9767 
        h242  2 0.0087 0.9913 
        h243  2 0.0101 0.9899 
        h244  2 0.0099 0.9901 
        h245  2 0.0181 0.9819 
        h246  2 0.0274 0.9726 
        h247  2 0.0070 0.9930 
        h248  2 0.0108 0.9892 
        h249  2 0.0221 0.9779 
        h250  2 0.0233 0.9767 
        h251  2 0.0181 0.9819 
        h252  2 0.0083 0.9917 
        h253  2 0.0149 0.9851 
        h254  2 0.0121 0.9879 
        h255  2 0.0131 0.9869 
        h256  2 0.0069 0.9931 
        h257  2 0.0286 0.9714 
        h258  2 0.0195 0.9805 
        h259  2 0.0277 0.9723 
        h260  2 0.0056 0.9944 
        h261  2 0.0095 0.9905 
        h262  2 0.0227 0.9773 
        h263  2 0.0083 0.9917 
        h264  2 0.0107 0.9893 
        h265  2 0.0078 0.9922 
        h266  2 0.0072 0.9928 
        h267  2 0.0130 0.9870 
        h268  2 0.0130 0.9870 
        h269  2 0.0071 0.9929 
        h270  2 0.0575 0.9425 
        h271  2 0.0818 0.9182 
        h272  2 0.0114 0.9886 
        h273  2 0.0659 0.9341 
        h274  2 0.0103 0.9897 
        h275  2 0.0108 0.9892 
        h276  2 0.0165 0.9835 
        h277  2 0.0379 0.9621 
        h278  2 0.0091 0.9909 
        h279  2 0.0214 0.9786 
        h280  2 0.0090 0.9910 
        h281  2 0.0085 0.9915 
        h282  2 0.0141 0.9859 
        h283  2 0.0092 0.9908 
        h284  2 0.0160 0.9840 
        h285  2 0.0211 0.9789 
        h286  2 0.0071 0.9929 
        h287  2 0.0173 0.9827 
        h288  2 0.0065 0.9935 
        h289  2 0.0138 0.9862 
        h290  2 0.0139 0.9861 
        h291  2 0.0334 0.9666 
        h292  2 0.0083 0.9917 
        h293  2 0.0115 0.9885 
        h294  2 0.0187 0.9813 
        h295  2 0.0108 0.9892 
        h296  2 0.0316 0.9684 
        h297  2 0.0334 0.9666 
        h298  2 0.0132 0.9868 
        h299  2 0.0134 0.9866 
        h300  2 0.0289 0.9711 
        h301  2 0.0215 0.9785 
        h302  2 0.0095 0.9905 
        h303  2 0.0225 0.9775 
        h304  2 0.0177 0.9823 
        h305  2 0.0134 0.9866 
        h306  2 0.0137 0.9863 
        h307  2 0.0077 0.9923 
        h308  2 0.0479 0.9521 
        h309  2 0.0336 0.9664 
        h310  2 0.0078 0.9922 
        h311  2 0.0078 0.9922 
        h312  2 0.0182 0.9818 
        h313  2 0.0277 0.9723 
        h314  2 0.0107 0.9893 
        h315  2 0.0097 0.9903 
        h316  2 0.0258 0.9742 
        h317  2 0.0139 0.9861 
        h318  2 0.0120 0.9880 
        h319  2 0.0092 0.9908 
        h320  2 0.0213 0.9787 
        h321  2 0.0096 0.9904 
        h322  2 0.0093 0.9907 
        h323  2 0.0088 0.9912 
        h324  2 0.0491 0.9509 
        h325  2 0.0176 0.9824 
        h326  2 0.0435 0.9565 
        h327  2 0.0184 0.9816 
        h328  2 0.0113 0.9887 
        h329  2 0.0306 0.9694 
        h330  2 0.0076 0.9924 
        h331  2 0.0190 0.9810 
        h332  2 0.0089 0.9911 
        h333  2 0.0061 0.9939 
        h334  2 0.0066 0.9934 
        h335  2 0.0181 0.9819 
        h336  2 0.0292 0.9708 
        h337  2 0.0096 0.9904 
        h338  2 0.0110 0.9890 
        h339  2 0.0097 0.9903 
        h340  2 0.0141 0.9859 
        h341  2 0.0093 0.9907 
        h342  2 0.0140 0.9860 
        h343  2 0.0109 0.9891 
        h344  2 0.0126 0.9874 
        h345  2 0.0100 0.9900 
        h346  2 0.0381 0.9619 
        h347  2 0.0142 0.9858 
        h348  2 0.0097 0.9903 
        h349  2 0.0122 0.9878 
        h350  2 0.0075 0.9925 
        h351  2 0.0161 0.9839 
        h352  2 0.0277 0.9723 
        h353  2 0.0081 0.9919 
        h354  2 0.0143 0.9857 
        h355  2 0.0142 0.9858 
        h356  2 0.0113 0.9887 
        h357  2 0.0072 0.9928 
        h358  2 0.0152 0.9848 
        h359  2 0.0194 0.9806 
        h360  2 0.0110 0.9890 
        h361  2 0.0086 0.9914 
        h362  2 0.0114 0.9886 
        h363  2 0.0215 0.9785 
        h364  2 0.0056 0.9944 
        h365  2 0.0224 0.9776 
        h366  2 0.0200 0.9800 
        h367  2 0.0077 0.9923 
        h368  2 0.0348 0.9652 
        h369  2 0.0063 0.9937 
        h370  2 0.0743 0.9257 
        h371  2 0.0090 0.9910 
        h372  2 0.0105 0.9895 
        h373  2 0.0199 0.9801 
        h374  2 0.0072 0.9928 
        h375  2 0.0816 0.9184 
        h376  2 0.0266 0.9734 
        h377  2 0.0085 0.9915 
        h378  2 0.0184 0.9816 
        h379  2 0.0130 0.9870 
        h380  2 0.0079 0.9921 
        h381  2 0.0138 0.9862 
        h382  2 0.0221 0.9779 
        h383  2 0.0151 0.9849 
        h384  2 0.0094 0.9906 
        h385  2 0.0298 0.9702 
        h386  2 0.0101 0.9899 
        h387  2 0.0198 0.9802 
        h388  2 0.0084 0.9916 
        h389  2 0.0104 0.9896 
        h390  2 0.0077 0.9923 
        h391  2 0.0151 0.9849 
        h392  2 0.0191 0.9809 
        h393  2 0.0159 0.9841 
        h394  2 0.0152 0.9848 
        h395  2 0.0107 0.9893 
        h396  2 0.0079 0.9921 
        h397  2 0.0118 0.9882 
        h398  2 0.0081 0.9919 
        h399  2 0.0147 0.9853 
        h400  2 0.0110 0.9890 
        h001  3 0.1031 0.8969 
        h002  3 0.1195 0.8805 
        h003  3 0.3039 0.6961 
        h004  3 0.2344 0.7656 
        h005  3 0.0248 0.9752 
        h006  3 0.0131 0.9869 
        h007  3 0.0664 0.9336 
        h008  3 0.1865 0.8135 
        h009  3 0.0806 0.9194 
        h010  3 0.1546 0.8454 
        h011  3 0.0828 0.9172 
        h012  3 0.0753 0.9247 
        h013  3 0.0738 0.9262 
        h014  3 0.0135 0.9865 
        h015  3 0.0707 0.9293 
        h016  3 0.0304 0.9696 
        h017  3 0.0234 0.9766 
        h018  3 0.0095 0.9905 
        h019  3 0.0199 0.9801 
        h020  3 0.0377 0.9623 
        h021  3 0.3173 0.6827 
        h022  3 0.0125 0.9875 
        h023  3 0.1117 0.8883 
        h024  3 0.0469 0.9531 
        h025  3 0.1421 0.8579 
        h026  3 0.0146 0.9854 
        h027  3 0.1159 0.8841 
        h028  3 0.1323 0.8677 
        h029  3 0.0858 0.9142 
        h030  3 0.0786 0.9214 
        h031  3 0.0284 0.9716 
        h032  3 0.3104 0.6896 
        h033  3 0.0655 0.9345 
        h034  3 0.0247 0.9753 
        h035  3 0.1378 0.8622 
        h036  3 0.0769 0.9231 
        h037  3 0.0129 0.9871 
        h038  3 0.0179 0.9821 
        h039  3 0.2281 0.7719 
        h040  3 0.1407 0.8593 
        h041  3 0.0647 0.9353 
        h042  3 0.1204 0.8796 
        h043  3 0.2176 0.7824 
        h044  3 0.0141 0.9859 
        h045  3 0.1227 0.8773 
        h046  3 0.0386 0.9614 
        h047  3 0.1189 0.8811 
        h048  3 0.0594 0.9406 
        h049  3 0.0122 0.9878 
        h050  3 0.0086 0.9914 
        h051  3 0.0760 0.9240 
        h052  3 0.0129 0.9871 
        h053  3 0.0229 0.9771 
        h054  3 0.0523 0.9477 
        h055  3 0.1444 0.8556 
        h056  3 0.0824 0.9176 
        h057  3 0.0212 0.9788 
        h058  3 0.1444 0.8556 
        h059  3 0.0186 0.9814 
        h060  3 0.0700 0.9300 
        h061  3 0.1418 0.8582 
        h062  3 0.2543 0.7457 
        h063  3 0.1470 0.8530 
        h064  3 0.1436 0.8564 
        h065  3 0.0074 0.9926 
        h066  3 0.0081 0.9919 
        h067  3 0.0947 0.9053 
        h068  3 0.0517 0.9483 
        h069  3 0.2145 0.7855 
        h070  3 0.0205 0.9795 
        h071  3 0.0274 0.9726 
        h072  3 0.0473 0.9527 
        h073  3 0.0204 0.9796 
        h074  3 0.0229 0.9771 
        h075  3 0.1675 0.8325 
        h076  3 0.0090 0.9910 
        h077  3 0.1036 0.8964 
        h078  3 0.0759 0.9241 
        h079  3 0.0272 0.9728 
        h080  3 0.1696 0.8304 
        h081  3 0.1084 0.8916 
        h082  3 0.0641 0.9359 
        h083  3 0.1527 0.8473 
        h084  3 0.2248 0.7752 
        h085  3 0.0252 0.9748 
        h086  3 0.0344 0.9656 
        h087  3 0.0923 0.9077 
        h088  3 0.0584 0.9416 
        h089  3 0.0086 0.9914 
        h090  3 0.0129 0.9871 
        h091  3 0.0071 0.9929 
        h092  3 0.3612 0.6388 
        h093  3 0.1474 0.8526 
        h094  3 0.0351 0.9649 
        h095  3 0.2712 0.7288 
        h096  3 0.0661 0.9339 
        h097  3 0.3303 0.6697 
        h098  3 0.1450 0.8550 
        h099  3 0.1396 0.8604 
        h100  3 0.0156 0.9844 
       h0011  4 0.0751 0.9249 
       h0021  4 0.0237 0.9763 
       h0031  4 0.4370 0.5630 
       h0041  4 0.1524 0.8476 
       h0051  4 0.1104 0.8896 
       h0061  4 0.0351 0.9649 
       h0071  4 0.2683 0.7317 
       h0081  4 0.3290 0.6710 
       h0091  4 0.3267 0.6733 
       h0101  4 0.3252 0.6748 
       h0111  4 0.1393 0.8607 
       h0121  4 0.3660 0.6340 
       h0131  4 0.2735 0.7265 
       h0141  4 0.2819 0.7181 
       h0151  4 0.0170 0.9830 
       h0161  4 0.0996 0.9004 
       h0171  4 0.2886 0.7114 
       h0181  4 0.1996 0.8004 
       h0191  4 0.1361 0.8639 
       h0201  4 0.1744 0.8256 
       h0211  4 0.3367 0.6633 
       h0221  4 0.1140 0.8860 
       h0231  4 0.3010 0.6990 
       h0241  4 0.2938 0.7062 
       h0251  4 0.2939 0.7061 
       h0261  4 0.0481 0.9519 
       h0271  4 0.2361 0.7639 
       h0281  4 0.4296 0.5704 
       h0291  4 0.2568 0.7432 
       h0301  4 0.5208 0.4792 
       h0311  4 0.3062 0.6938 
       h0321  4 0.1777 0.8223 
       h0331  4 0.1566 0.8434 
       h0341  4 0.1202 0.8798 
       h0351  4 0.2108 0.7892 
       h0361  4 0.1570 0.8430 
       h0371  4 0.2698 0.7302 
       h0381  4 0.0275 0.9725 
       h0391  4 0.3888 0.6112 
       h0401  4 0.1292 0.8708 
       h0411  4 0.4250 0.5750 
       h0421  4 0.2641 0.7359 
       h0431  4 0.3550 0.6450 
       h0441  4 0.1556 0.8444 
       h0451  4 0.1125 0.8875 
       h0461  4 0.4008 0.5992 
       h0471  4 0.4362 0.5638 
       h0481  4 0.2193 0.7807 
       h0491  4 0.0952 0.9048 
       h0501  4 0.4682 0.5318 
       h0511  4 0.2103 0.7897 
       h0521  4 0.1050 0.8950 
       h0531  4 0.1096 0.8904 
       h0541  4 0.3824 0.6176 
       h0551  4 0.3732 0.6268 
       h0561  4 0.1167 0.8833 
       h0571  4 0.1527 0.8473 
       h0581  4 0.2971 0.7029 
       h0591  4 0.2223 0.7777 
       h0601  4 0.2491 0.7509 
       h0611  4 0.0637 0.9363 
       h0621  4 0.1188 0.8812 
       h0631  4 0.0905 0.9095 
       h0641  4 0.4254 0.5746 
       h0651  4 0.2884 0.7116 
       h0661  4 0.2851 0.7149 
       h0671  4 0.4004 0.5996 
       h0681  4 0.3262 0.6738 
       h0691  4 0.5234 0.4766 
       h0701  4 0.1943 0.8057 
       h0711  4 0.4368 0.5632 
       h0721  4 0.2182 0.7818 
       h0731  4 0.4526 0.5474 
       h0741  4 0.0940 0.9060 
       h0751  4 0.2401 0.7599 
       h0761  4 0.2265 0.7735 
       h0771  4 0.2706 0.7294 
       h0781  4 0.0580 0.9420 
       h0791  4 0.2738 0.7262 
       h0801  4 0.2142 0.7858 
       h0811  4 0.2928 0.7072 
       h0821  4 0.0179 0.9821 
       h0831  4 0.4659 0.5341 
       h0841  4 0.3671 0.6329 
       h0851  4 0.3333 0.6667 
       h0861  4 0.1825 0.8175 
       h0871  4 0.2879 0.7121 
       h0881  4 0.2719 0.7281 
       h0891  4 0.0349 0.9651 
       h0901  4 0.3207 0.6793 
       h0911  4 0.0433 0.9567 
       h0921  4 0.1614 0.8386 
       h0931  4 0.2406 0.7594 
       h0941  4 0.2392 0.7608 
       h0951  4 0.2471 0.7529 
       h0961  4 0.2738 0.7262 
       h0971  4 0.2859 0.7141 
       h0981  4 0.1722 0.8278 
       h0991  4 0.1039 0.8961 
       h1001  4 0.1424 0.8576 
      MSV1TX  5 0.3891 0.6109 
      MSV025  5 0.6131 0.3869 
      MSV02C  5 0.4758 0.5242 
      MSV02E  5 0.5516 0.4484 
      MSV0TF  5 0.5668 0.4332 
       M2EL8  5 0.6767 0.3233 
       h0012  6 0.5745 0.4255 
       h0022  6 0.5221 0.4779 
       h0032  6 0.4558 0.5442 
       h0042  6 0.3485 0.6515 
       h0052  6 0.4247 0.5753 
       h0062  6 0.3261 0.6739 
       h0072  6 0.6108 0.3892 
       h0082  6 0.3885 0.6115 
       h0092  6 0.4216 0.5784 
       h0102  6 0.5808 0.4192 
       h0112  6 0.3680 0.6320 
       h0122  6 0.5142 0.4858 
       h0132  6 0.4272 0.5728 
       h0142  6 0.5714 0.4286 
       h0152  6 0.4951 0.5049 
       h0162  6 0.5190 0.4810 
       h0172  6 0.5522 0.4478 
       h0182  6 0.4949 0.5051 
       h0192  6 0.4164 0.5836 
       h0202  6 0.5495 0.4505 
       h0212  6 0.3827 0.6173 
       h0222  6 0.4775 0.5225 
       h0232  6 0.3669 0.6331 
       h0242  6 0.4695 0.5305 
       h0252  6 0.5165 0.4835 
       h0262  6 0.5820 0.4180 
       h0272  6 0.4291 0.5709 
       h0282  6 0.4731 0.5269 
       h0292  6 0.5133 0.4867 
       h0302  6 0.6426 0.3574 
       h0312  6 0.3317 0.6683 
       h0322  6 0.6530 0.3470 
       h0332  6 0.4157 0.5843 
       h0342  6 0.3968 0.6032 
       h0352  6 0.5449 0.4551 
       h0362  6 0.4534 0.5466 
       h0372  6 0.6675 0.3325 
       h0382  6 0.4906 0.5094 
       h0392  6 0.2782 0.7218 
       h0402  6 0.6047 0.3953 
       h0412  6 0.6428 0.3572 
       h0422  6 0.5158 0.4842 
       h0432  6 0.4896 0.5104 
       h0442  6 0.6224 0.3776 
       h0452  6 0.6554 0.3446 
       h0462  6 0.6479 0.3521 
       h0472  6 0.5098 0.4902 
       h0482  6 0.3443 0.6557 
       h0492  6 0.3546 0.6454 
       h0502  6 0.4356 0.5644 
       h0512  6 0.4582 0.5418 
       h0522  6 0.2388 0.7612 
       h0532  6 0.4872 0.5128 
       h0542  6 0.5599 0.4401 
       h0552  6 0.4488 0.5512 
       h0562  6 0.4693 0.5307 
       h0572  6 0.4829 0.5171 
       h0582  6 0.5729 0.4271 
       h0592  6 0.6144 0.3856 
       h0602  6 0.5603 0.4397 
       h0612  6 0.4563 0.5437 
       h0622  6 0.5482 0.4518 
       h0632  6 0.4508 0.5492 
       h0642  6 0.5265 0.4735 
       h0652  6 0.4998 0.5002 
       h0662  6 0.1587 0.8413 
       h0672  6 0.5197 0.4803 
       h0682  6 0.6338 0.3662 
       h0692  6 0.4829 0.5171 
       h0702  6 0.4949 0.5051 
       h0712  6 0.5007 0.4993 
       h0722  6 0.5180 0.4820 
       h0732  6 0.3353 0.6647 
       h0742  6 0.4271 0.5729 
       h0752  6 0.5145 0.4855 
       h0762  6 0.4421 0.5579 
       h0772  6 0.4706 0.5294 
       h0782  6 0.4953 0.5047 
       h0792  6 0.4822 0.5178 
       h0802  6 0.4521 0.5479 
       h0812  6 0.4529 0.5471 
       h0822  6 0.4197 0.5803 
       h0832  6 0.1161 0.8839 
       h0842  6 0.5640 0.4360 
       h0852  6 0.4429 0.5571 
       h0862  6 0.3875 0.6125 
       h0872  6 0.4718 0.5282 
       h0882  6 0.3359 0.6641 
       h0892  6 0.5608 0.4392 
       h0902  6 0.3885 0.6115 
       h0912  6 0.4895 0.5105 
       h0922  6 0.5336 0.4664 
       h0932  6 0.4718 0.5282 
       h0942  6 0.4829 0.5171 
       h0952  6 0.5599 0.4401 
       h0962  6 0.5312 0.4688 
       h0972  6 0.4543 0.5457 
       h0982  6 0.5686 0.4314 
       h0992  6 0.4714 0.5286 
       h1002  6 0.5934 0.4066 
      MSV21T  7 0.8666 0.1334 
       M2E71  7 0.7621 0.2379 
       h0013  8 0.6561 0.3439 
       h0023  8 0.9384 0.0616 
       h0033  8 0.6614 0.3386 
       h0043  8 0.7929 0.2071 
       h0053  8 0.8026 0.1974 
       h0063  8 0.7081 0.2919 
       h0073  8 0.6010 0.3990 
       h0083  8 0.7103 0.2897 
       h0093  8 0.9166 0.0834 
       h0103  8 0.6447 0.3553 
       h0113  8 0.7466 0.2534 
       h0123  8 0.8249 0.1751 
       h0133  8 0.7724 0.2276 
       h0143  8 0.7581 0.2419 
       h0153  8 0.9239 0.0761 
       h0163  8 0.7329 0.2671 
       h0173  8 0.6032 0.3968 
       h0183  8 0.7481 0.2519 
       h0193  8 0.7653 0.2347 
       h0203  8 0.8470 0.1530 
       h0213  8 0.7461 0.2539 
       h0223  8 0.8189 0.1811 
       h0233  8 0.6724 0.3276 
       h0243  8 0.7331 0.2669 
       h0253  8 0.8090 0.1910 
       h0263  8 0.8001 0.1999 
       h0273  8 0.6410 0.3590 
       h0283  8 0.6149 0.3851 
       h0293  8 0.8185 0.1815 
       h0303  8 0.5749 0.4251 
       h0313  8 0.7653 0.2347 
       h0323  8 0.8104 0.1896 
       h0333  8 0.9564 0.0436 
       h0343  8 0.4548 0.5452 
       h0353  8 0.7662 0.2338 
       h0363  8 0.9366 0.0634 
       h0373  8 0.6233 0.3767 
       h0383  8 0.6332 0.3668 
       h0393  8 0.7943 0.2057 
       h0403  8 0.7967 0.2033 
       h0413  8 0.7906 0.2094 
       h0423  8 0.6414 0.3586 
       h0433  8 0.7198 0.2802 
       h0443  8 0.5272 0.4728 
       h0453  8 0.9560 0.0440 
       h0463  8 0.6009 0.3991 
       h0473  8 0.6263 0.3737 
       h0483  8 0.7321 0.2679 
       h0493  8 0.7611 0.2389 
       h0503  8 0.6825 0.3175 
       h0513  8 0.8328 0.1672 
       h0523  8 0.8650 0.1350 
       h0533  8 0.7443 0.2557 
       h0543  8 0.8058 0.1942 
       h0553  8 0.7609 0.2391 
       h0563  8 0.7843 0.2157 
       h0573  8 0.7129 0.2871 
       h0583  8 0.9737 0.0263 
       h0593  8 0.8385 0.1615 
       h0603  8 0.6350 0.3650 
       h0613  8 0.7682 0.2318 
       h0623  8 0.6454 0.3546 
       h0633  8 0.8872 0.1128 
       h0643  8 0.7728 0.2272 
       h0653  8 0.6620 0.3380 
       h0663  8 0.9728 0.0272 
       h0673  8 0.6060 0.3940 
       h0683  8 0.5913 0.4087 
       h0693  8 0.7657 0.2343 
       h0703  8 0.5735 0.4265 
       h0713  8 0.7333 0.2667 
       h0723  8 0.8412 0.1588 
       h0733  8 0.7461 0.2539 
       h0743  8 0.9556 0.0444 
       h0753  8 0.8210 0.1790 
       h0763  8 0.6192 0.3808 
       h0773  8 0.6178 0.3822 
       h0783  8 0.6894 0.3106 
       h0793  8 0.9845 0.0155 
       h0803  8 0.9231 0.0769 
       h0813  8 0.7457 0.2543 
       h0823  8 0.6942 0.3058 
       h0833  8 0.5521 0.4479 
       h0843  8 0.7023 0.2977 
       h0853  8 0.7837 0.2163 
       h0863  8 0.8415 0.1585 
       h0873  8 0.6277 0.3723 
       h0883  8 0.9527 0.0473 
       h0893  8 0.5855 0.4145 
       h0903  8 0.6708 0.3292 
       h0913  8 0.5542 0.4458 
       h0923  8 0.7000 0.3000 
       h0933  8 0.6257 0.3743 
       h0943  8 0.7914 0.2086 
       h0953  8 0.7418 0.2582 
       h0963  8 0.6970 0.3030 
       h0973  8 0.7447 0.2553 
       h0983  8 0.9438 0.0562 
       h0993  8 0.7540 0.2460 
       h1003  8 0.6526 0.3474 
       W23CA  9 0.8963 0.1037 
     AP.085Y  9 0.9825 0.0175 
     CH.0LLY  9 0.5811 0.4189 
       M0LEC  9 0.9896 0.0104 
       M2C3H  9 0.7521 0.2479 
       M2CHL  9 0.5401 0.4599 
       W26P7  9 0.8602 0.1398 
     AP.07M5  9 0.9378 0.0622 
     AP.080U  9 0.9138 0.0862 
     AP.082A  9 0.9911 0.0089 
     AP.0843  9 0.9418 0.0582 
     AP.0844  9 0.8176 0.1824 
     AP.084X  9 0.9797 0.0203 
     AP.086Y  9 0.8360 0.1640 
     AP.0870  9 0.8654 0.1346 
     AP.0878  9 0.8068 0.1932 
     AP.087F  9 0.7718 0.2282 
     AP.087Y  9 0.5897 0.4103 
     AP.088P  9 0.9743 0.0257 
     AP.08AK  9 0.9719 0.0281 
     CH.0LLM  9 0.8115 0.1885 
     CH.0LLU  9 0.7590 0.2410 
     CH.0LM0  9 0.9229 0.0771 
     CH.0LM3  9 0.9709 0.0291 
       W26MY  9 0.8085 0.1915 
       W26P6  9 0.9102 0.0898 
      HRV07U  9 0.9645 0.0355 
      HRV1CT  9 0.9884 0.0116 
      HRV1CU  9 0.9924 0.0076 
      HRV1E6  9 0.9934 0.0066 
      HRV081  9 0.9932 0.0068 
      HRV1E3  9 0.9805 0.0195 
      MSV21E  9 0.8248 0.1752 
      MSV216  9 0.9224 0.0776 
       M0TYK  9 0.9530 0.0470 
      MSV2AA  9 0.9122 0.0878 
     CK.0PET  9 0.7628 0.2372 
       M2E8C  9 0.9873 0.0127 
      MSV23X  9 0.8168 0.1832 
      MSV32A  9 0.8231 0.1769 
     AP.0838  9 0.9796 0.0204 
     AP.088F  9 0.8773 0.1227 
       h0014 10 0.7891 0.2109 
       h0024 10 0.7760 0.2240 
       h0034 10 0.8731 0.1269 
       h0044 10 0.9875 0.0125 
       h0054 10 0.8250 0.1750 
       h0064 10 0.9912 0.0088 
       h0074 10 0.8450 0.1550 
       h0084 10 0.9836 0.0164 
       h0094 10 0.9293 0.0707 
       h0104 10 0.9193 0.0807 
       h0114 10 0.8292 0.1708 
       h0124 10 0.8503 0.1497 
       h0134 10 0.8597 0.1403 
       h0144 10 0.9877 0.0123 
       h0154 10 0.9433 0.0567 
       h0164 10 0.9906 0.0094 
       h0174 10 0.9801 0.0199 
       h0184 10 0.8626 0.1374 
       h0194 10 0.9264 0.0736 
       h0204 10 0.9276 0.0724 
       h0214 10 0.9653 0.0347 
       h0224 10 0.9717 0.0283 
       h0234 10 0.9908 0.0092 
       h0244 10 0.9539 0.0461 
       h0254 10 0.9856 0.0144 
       h0264 10 0.7997 0.2003 
       h0274 10 0.6696 0.3304 
       h0284 10 0.9925 0.0075 
       h0294 10 0.8263 0.1737 
       h0304 10 0.9028 0.0972 
       h0314 10 0.9882 0.0118 
       h0324 10 0.9447 0.0553 
       h0334 10 0.9501 0.0499 
       h0344 10 0.6382 0.3618 
       h0354 10 0.8759 0.1241 
       h0364 10 0.9014 0.0986 
       h0374 10 0.9029 0.0971 
       h0384 10 0.9072 0.0928 
       h0394 10 0.9680 0.0320 
       h0404 10 0.8699 0.1301 
       h0414 10 0.9912 0.0088 
       h0424 10 0.9581 0.0419 
       h0434 10 0.9684 0.0316 
       h0444 10 0.9817 0.0183 
       h0454 10 0.9239 0.0761 
       h0464 10 0.9864 0.0136 
       h0474 10 0.9325 0.0675 
       h0484 10 0.9263 0.0737 
       h0494 10 0.9831 0.0169 
       h0504 10 0.9622 0.0378 
       h0514 10 0.9917 0.0083 
       h0524 10 0.9196 0.0804 
       h0534 10 0.6527 0.3473 
       h0544 10 0.9216 0.0784 
       h0554 10 0.8940 0.1060 
       h0564 10 0.7655 0.2345 
       h0574 10 0.9121 0.0879 
       h0584 10 0.7813 0.2187 
       h0594 10 0.9012 0.0988 
       h0604 10 0.9793 0.0207 
       h0614 10 0.8366 0.1634 
       h0624 10 0.9103 0.0897 
       h0634 10 0.8726 0.1274 
       h0644 10 0.9276 0.0724 
       h0654 10 0.9846 0.0154 
       h0664 10 0.8642 0.1358 
       h0674 10 0.7656 0.2344 
       h0684 10 0.9889 0.0111 
       h0694 10 0.8432 0.1568 
       h0704 10 0.7795 0.2205 
       h0714 10 0.7278 0.2722 
       h0724 10 0.9083 0.0917 
       h0734 10 0.9882 0.0118 
       h0744 10 0.7321 0.2679 
       h0754 10 0.8577 0.1423 
       h0764 10 0.9638 0.0362 
       h0774 10 0.9895 0.0105 
       h0784 10 0.7627 0.2373 
       h0794 10 0.9482 0.0518 
       h0804 10 0.8741 0.1259 
       h0814 10 0.8807 0.1193 
       h0824 10 0.7985 0.2015 
       h0834 10 0.7973 0.2027 
       h0844 10 0.9166 0.0834 
       h0854 10 0.9726 0.0274 
       h0864 10 0.9571 0.0429 
       h0874 10 0.9775 0.0225 
       h0884 10 0.9906 0.0094 
       h0894 10 0.6505 0.3495 
       h0904 10 0.9099 0.0901 
       h0914 10 0.9651 0.0349 
       h0924 10 0.8432 0.1568 
       h0934 10 0.7123 0.2877 
       h0944 10 0.9156 0.0844 
       h0954 10 0.8440 0.1560 
       h0964 10 0.7060 0.2940 
       h0974 10 0.9351 0.0649 
       h0984 10 0.8453 0.1547 
       h0994 10 0.8108 0.1892 
       h1004 10 0.9909 0.0091 
     AP.07M2 11 0.9529 0.0471 
      HRV05C 11 0.9822 0.0178 
      HRV077 11 0.9869 0.0131 
      HRV0A0 11 0.9931 0.0069 
      HRV0MC 11 0.9909 0.0091 
      HRV00P 11 0.9932 0.0068 
      HRV01J 11 0.9911 0.0089 
      HRV026 11 0.9896 0.0104 
      HRV02C 11 0.9939 0.0061 
      HRV031 11 0.9932 0.0068 
      HRV033 11 0.9931 0.0069 
      HRV05L 11 0.9935 0.0065 
      HRV06A 11 0.9917 0.0083 
      HRV07P 11 0.9932 0.0068 
      HRV0HC 11 0.9662 0.0338 
      HRV0HU 11 0.9853 0.0147 
      HRV0K1 11 0.9925 0.0075 
      HRV0M6 11 0.9736 0.0264 
      HRV0M7 11 0.9895 0.0105 
      HRV0MK 11 0.9936 0.0064 
      HRV1C7 11 0.9917 0.0083 
      HRV1EA 11 0.9870 0.0130 
       M147K 11 0.9943 0.0057 
      HRV008 11 0.9925 0.0075 
      HRV015 11 0.9876 0.0124 
      HRV01F 11 0.9781 0.0219 
      HRV01L 11 0.9925 0.0075 
      HRV01M 11 0.9909 0.0091 
      HRV020 11 0.9872 0.0128 
      HRV022 11 0.9756 0.0244 
      HRV02A 11 0.9819 0.0181 
      HRV02K 11 0.9783 0.0217 
      HRV04C 11 0.9919 0.0081 
      HRV05H 11 0.9855 0.0145 
      HRV076 11 0.9820 0.0180 
      HRV07H 11 0.9940 0.0060 
      HRV07X 11 0.9837 0.0163 
      HRV080 11 0.9927 0.0073 
      HRV086 11 0.9899 0.0101 
      HRV0H3 11 0.9899 0.0101 
      HRV0J3 11 0.9890 0.0110 
      HRV0JX 11 0.9833 0.0167 
      HRV0ML 11 0.9936 0.0064 
      HRV1E8 11 0.9915 0.0085 
      HRV007 11 0.9875 0.0125 
      HRV005 11 0.9863 0.0137 
      HRV05U 11 0.9928 0.0072 
      HRV01U 11 0.9920 0.0080 
     AP.07M1 11 0.9921 0.0079 
     AP.07ME 11 0.9886 0.0114 
     AP.0817 11 0.9888 0.0112 
     AP.0863 11 0.9743 0.0257 
     AP.087T 11 0.9711 0.0289 
     AP.088T 11 0.9938 0.0062 
     CH.0LM1 11 0.9898 0.0102 
       M05X5 11 0.9471 0.0529 
       M06JH 11 0.9310 0.0690 
       M0A6K 11 0.9896 0.0104 
       M0ETF 11 0.9925 0.0075 
       M0LUP 11 0.9874 0.0126 
       M16F1 11 0.9900 0.0100 
       M182M 11 0.9881 0.0119 
       M1CFL 11 0.9896 0.0104 
       M2AXY 11 0.9902 0.0098 
       M2AY2 11 0.9637 0.0363 
       M2CHP 11 0.9625 0.0375 
       W26LK 11 0.9920 0.0080 
       W26ME 11 0.9864 0.0136 
     AM.07FM 11 0.9939 0.0061 
     AM.07FP 11 0.9917 0.0083 
     AP.07M4 11 0.9939 0.0061 
     AP.07M7 11 0.9943 0.0057 
     AP.07M8 11 0.9744 0.0256 
     AP.07MA 11 0.9846 0.0154 
     AP.07MC 11 0.9926 0.0074 
     AP.07P8 11 0.9698 0.0302 
     AP.07U8 11 0.9886 0.0114 
     AP.081F 11 0.9723 0.0277 
     AP.081H 11 0.6963 0.3037 
     AP.0820 11 0.9700 0.0300 
     AP.0841 11 0.9307 0.0693 
     AP.0858 11 0.9881 0.0119 
     AP.085U 11 0.9563 0.0437 
     AP.085X 11 0.9927 0.0073 
     AP.0861 11 0.9906 0.0094 
     AP.0864 11 0.9937 0.0063 
     AP.086X 11 0.9922 0.0078 
     AP.0872 11 0.9929 0.0071 
     AP.0875 11 0.9025 0.0975 
     AP.087A 11 0.9923 0.0077 
     AP.087C 11 0.9865 0.0135 
     AP.087E 11 0.9926 0.0074 
     AP.087H 11 0.9925 0.0075 
     AP.087K 11 0.9862 0.0138 
     AP.087L 11 0.9917 0.0083 
     AP.087M 11 0.9895 0.0105 
     AP.087P 11 0.9897 0.0103 
     AP.087U 11 0.9513 0.0487 
     AP.087X 11 0.9810 0.0190 
     AP.0881 11 0.9855 0.0145 
     AP.0882 11 0.9908 0.0092 
     AP.0883 11 0.9695 0.0305 
     AP.0884 11 0.9920 0.0080 
     AP.0885 11 0.9863 0.0137 
     AP.0887 11 0.9888 0.0112 
     AP.0888 11 0.7206 0.2794 
     AP.088A 11 0.9908 0.0092 
     AP.088C 11 0.9610 0.0390 
     AP.088J 11 0.9857 0.0143 
     AP.088K 11 0.9875 0.0125 
     AP.088L 11 0.9924 0.0076 
     AP.088U 11 0.9921 0.0079 
     AP.088X 11 0.9798 0.0202 
     AP.08A0 11 0.9932 0.0068 
     AP.08A1 11 0.9886 0.0114 
     AP.08A3 11 0.9930 0.0070 
     AP.08A4 11 0.9308 0.0692 
     AP.08A5 11 0.9933 0.0067 
     AP.08A6 11 0.9817 0.0183 
     AP.08A8 11 0.9909 0.0091 
     AP.08AC 11 0.9799 0.0201 
     AP.08AH 11 0.9876 0.0124 
     AP.08AJ 11 0.9837 0.0163 
     AP.08AM 11 0.9901 0.0099 
     AP.08AT 11 0.9918 0.0082 
     AP.08AX 11 0.9926 0.0074 
     CH.0LLP 11 0.9896 0.0104 
     CH.0LM2 11 0.9898 0.0102 
     CH.0LM4 11 0.9931 0.0069 
     CH.0LM5 11 0.9905 0.0095 
       M0102 11 0.9911 0.0089 
       M023A 11 0.9937 0.0063 
       M03MM 11 0.9870 0.0130 
       M04PF 11 0.9927 0.0073 
       M04XH 11 0.9869 0.0131 
       M04XM 11 0.9913 0.0087 
       M0557 11 0.9624 0.0376 
       M055C 11 0.9474 0.0526 
       M05JC 11 0.9923 0.0077 
       M05PH 11 0.9888 0.0112 
       M05X6 11 0.9931 0.0069 
       M07TC 11 0.9844 0.0156 
       M0A66 11 0.9933 0.0067 
       M0EYT 11 0.9921 0.0079 
       M0FF2 11 0.9928 0.0072 
       M0HJ6 11 0.9839 0.0161 
      HRV0JL 11 0.9941 0.0059 
      HRV0JP 11 0.9926 0.0074 
      HRV0KA 11 0.9923 0.0077 
      HRV0LJ 11 0.9807 0.0193 
      HRV0LM 11 0.9896 0.0104 
      HRV0LP 11 0.9738 0.0262 
       M0HJ8 11 0.9921 0.0079 
       M0HM3 11 0.9919 0.0081 
       M0J1X 11 0.9923 0.0077 
       M0L32 11 0.9883 0.0117 
       M0L8F 11 0.9686 0.0314 
       M0LUH 11 0.9922 0.0078 
       M0XPJ 11 0.9918 0.0082 
       M0XTE 11 0.9813 0.0187 
       M157H 11 0.9905 0.0095 
       M16YU 11 0.9939 0.0061 
       M1751 11 0.9908 0.0092 
       M1C2H 11 0.9930 0.0070 
       M1E60 11 0.9937 0.0063 
       M1EKX 11 0.9930 0.0070 
       M1EKY 11 0.9930 0.0070 
       M1EL3 11 0.9848 0.0152 
       M1ELC 11 0.9885 0.0115 
       M1ELE 11 0.9924 0.0076 
       M2AY0 11 0.9832 0.0168 
       M2AY4 11 0.9917 0.0083 
       M2AY5 11 0.9907 0.0093 
       M2AY8 11 0.8889 0.1111 
       M2C3A 11 0.9918 0.0082 
       M2C3F 11 0.9911 0.0089 
      HRV0ME 11 0.9854 0.0146 
       M2CHJ 11 0.9664 0.0336 
       M2CHM 11 0.9609 0.0391 
       M2CHY 11 0.9879 0.0121 
       W23E8 11 0.9920 0.0080 
       W23EM 11 0.9881 0.0119 
       W23EX 11 0.9906 0.0094 
       W23F0 11 0.9878 0.0122 
       W26L5 11 0.9636 0.0364 
       W26LM 11 0.9161 0.0839 
       W26MJ 11 0.9145 0.0855 
       W26ML 11 0.9919 0.0081 
       W26MT 11 0.9932 0.0068 
       W26PE 11 0.8477 0.1523 
       W26PJ 11 0.8627 0.1373 
       W26PT 11 0.9926 0.0074 
       W26PX 11 0.9742 0.0258 
       W26T0 11 0.9880 0.0120 
       W26TC 11 0.9939 0.0061 
       W26TJ 11 0.9348 0.0652 
       W26UE 11 0.9891 0.0109 
       W26UF 11 0.9926 0.0074 
       W26UL 11 0.9654 0.0346 
       W26X2 11 0.9882 0.0118 
       W2716 11 0.9451 0.0549 
      HRV1C6 11 0.9933 0.0067 
      HRV1CX 11 0.9808 0.0192 
      HRV1E2 11 0.9932 0.0068 
      HRV1E4 11 0.9940 0.0060 
      HRV1E5 11 0.9933 0.0067 
      HRV1EC 11 0.9904 0.0096 
      HRV1EK 11 0.9765 0.0235 
      HRV001 11 0.9911 0.0089 
      HRV00H 11 0.9906 0.0094 
      HRV00K 11 0.9899 0.0101 
      HRV01X 11 0.9906 0.0094 
      HRV025 11 0.9853 0.0147 
      HRV028 11 0.9906 0.0094 
      HRV041 11 0.9921 0.0079 
      HRV04F 11 0.9922 0.0078 
      HRV04L 11 0.9932 0.0068 
      HRV055 11 0.9936 0.0064 
      HRV05J 11 0.9906 0.0094 
      HRV07J 11 0.9932 0.0068 
      HRV07K 11 0.9830 0.0170 
      HRV07L 11 0.9730 0.0270 
      HRV07M 11 0.9928 0.0072 
      HRV0HM 11 0.9522 0.0478 
      HRV0J2 11 0.9930 0.0070 
      HRV0K3 11 0.9922 0.0078 
      HRV0KE 11 0.9925 0.0075 
      HRV0KF 11 0.9872 0.0128 
      HRV0KU 11 0.9750 0.0250 
      HRV0L6 11 0.9933 0.0067 
      HRV0M2 11 0.9855 0.0145 
      HRV0MF 11 0.9918 0.0082 
      HRV0MJ 11 0.9731 0.0269 
      HRV1AT 11 0.9912 0.0088 
      HRV1C1 11 0.9902 0.0098 
      HRV1CL 11 0.9897 0.0103 
      HRV1E1 11 0.9902 0.0098 
      HRV1E7 11 0.9926 0.0074 
      HRV1EE 11 0.9928 0.0072 
      HRV1ET 11 0.9930 0.0070 
      h00111 12 0.9913 0.0087 
      h00211 12 0.9028 0.0972 
      h00311 12 0.9883 0.0117 
      h00411 12 0.9856 0.0144 
      h00511 12 0.9816 0.0184 
      h00611 12 0.9898 0.0102 
      h00711 12 0.9931 0.0069 
      h00811 12 0.9820 0.0180 
      h00911 12 0.9833 0.0167 
      h01011 12 0.9885 0.0115 
      h01111 12 0.9936 0.0064 
      h01211 12 0.9907 0.0093 
      h01311 12 0.9534 0.0466 
      h01411 12 0.9921 0.0079 
      h01511 12 0.9904 0.0096 
      h01611 12 0.9895 0.0105 
      h01711 12 0.9909 0.0091 
      h01811 12 0.9696 0.0304 
      h01911 12 0.9936 0.0064 
      h02011 12 0.9927 0.0073 
      h02111 12 0.9768 0.0232 
      h02211 12 0.9263 0.0737 
      h02311 12 0.9922 0.0078 
      h02411 12 0.9919 0.0081 
      h02511 12 0.9938 0.0062 
      h02611 12 0.9748 0.0252 
      h02711 12 0.9863 0.0137 
      h02811 12 0.9937 0.0063 
      h02911 12 0.9913 0.0087 
      h03011 12 0.9746 0.0254 
      h03111 12 0.9897 0.0103 
      h03211 12 0.9848 0.0152 
      h03311 12 0.9934 0.0066 
      h03411 12 0.9840 0.0160 
      h03511 12 0.9925 0.0075 
      h03611 12 0.9893 0.0107 
      h03711 12 0.9686 0.0314 
      h03811 12 0.9896 0.0104 
      h03911 12 0.9887 0.0113 
      h04011 12 0.9911 0.0089 
      h04111 12 0.9916 0.0084 
      h04211 12 0.9938 0.0062 
      h04311 12 0.9900 0.0100 
      h04411 12 0.9946 0.0054 
      h04511 12 0.9865 0.0135 
      h04611 12 0.9761 0.0239 
      h04711 12 0.9897 0.0103 
      h04811 12 0.9852 0.0148 
      h04911 12 0.9899 0.0101 
      h05011 12 0.9923 0.0077 
      h05111 12 0.9870 0.0130 
      h05211 12 0.9822 0.0178 
      h05311 12 0.9904 0.0096 
      h05411 12 0.9919 0.0081 
      h05511 12 0.9801 0.0199 
      h05611 12 0.9925 0.0075 
      h05711 12 0.9851 0.0149 
      h05811 12 0.9918 0.0082 
      h05911 12 0.9901 0.0099 
      h06011 12 0.9903 0.0097 
      h06111 12 0.9901 0.0099 
      h06211 12 0.9873 0.0127 
      h06311 12 0.9920 0.0080 
      h06411 12 0.9942 0.0058 
      h06511 12 0.9929 0.0071 
      h06611 12 0.9921 0.0079 
      h06711 12 0.9923 0.0077 
      h06811 12 0.9908 0.0092 
      h06911 12 0.9922 0.0078 
      h07011 12 0.9911 0.0089 
      h07111 12 0.9805 0.0195 
      h07211 12 0.9930 0.0070 
      h07311 12 0.9892 0.0108 
      h07411 12 0.9898 0.0102 
      h07511 12 0.9926 0.0074 
      h07611 12 0.9609 0.0391 
      h07711 12 0.9880 0.0120 
      h07811 12 0.9845 0.0155 
      h07911 12 0.9870 0.0130 
      h08011 12 0.9918 0.0082 
      h08111 12 0.9868 0.0132 
      h08211 12 0.9674 0.0326 
      h08311 12 0.9649 0.0351 
      h08411 12 0.9927 0.0073 
      h08511 12 0.9773 0.0227 
      h08611 12 0.9908 0.0092 
      h08711 12 0.9879 0.0121 
      h08811 12 0.9822 0.0178 
      h08911 12 0.9915 0.0085 
      h09011 12 0.9891 0.0109 
      h09111 12 0.9861 0.0139 
      h09211 12 0.9913 0.0087 
      h09311 12 0.9907 0.0093 
      h09411 12 0.9917 0.0083 
      h09511 12 0.9851 0.0149 
      h09611 12 0.9547 0.0453 
      h09711 12 0.9912 0.0088 
      h09811 12 0.9358 0.0642 
      h09911 12 0.9925 0.0075 
      h10011 12 0.9927 0.0073 
       h1011 12 0.9945 0.0055 
       h1021 12 0.9906 0.0094 
       h1031 12 0.9794 0.0206 
       h1041 12 0.9830 0.0170 
       h1051 12 0.9934 0.0066 
       h1061 12 0.9913 0.0087 
       h1071 12 0.9909 0.0091 
       h1081 12 0.9817 0.0183 
       h1091 12 0.9821 0.0179 
       h1101 12 0.9880 0.0120 
       h1111 12 0.9923 0.0077 
       h1121 12 0.9854 0.0146 
       h1131 12 0.9849 0.0151 
       h1141 12 0.9811 0.0189 
       h1151 12 0.9873 0.0127 
       h1161 12 0.9885 0.0115 
       h1171 12 0.9724 0.0276 
       h1181 12 0.9931 0.0069 
       h1191 12 0.9853 0.0147 
       h1201 12 0.9871 0.0129 
       h1211 12 0.9910 0.0090 
       h1221 12 0.9921 0.0079 
       h1231 12 0.9932 0.0068 
       h1241 12 0.9919 0.0081 
       h1251 12 0.9896 0.0104 
       h1261 12 0.9892 0.0108 
       h1271 12 0.9925 0.0075 
       h1281 12 0.9911 0.0089 
       h1291 12 0.9921 0.0079 
       h1301 12 0.9936 0.0064 
       h1311 12 0.9901 0.0099 
       h1321 12 0.9771 0.0229 
       h1331 12 0.9911 0.0089 
       h1341 12 0.9933 0.0067 
       h1351 12 0.9931 0.0069 
       h1361 12 0.9837 0.0163 
       h1371 12 0.9808 0.0192 
       h1381 12 0.9926 0.0074 
       h1391 12 0.9900 0.0100 
       h1401 12 0.9896 0.0104 
       h1411 12 0.9890 0.0110 
       h1421 12 0.9915 0.0085 
       h1431 12 0.9918 0.0082 
       h1441 12 0.9906 0.0094 
       h1451 12 0.9938 0.0062 
       h1461 12 0.9931 0.0069 
       h1471 12 0.9897 0.0103 
       h1481 12 0.9734 0.0266 
       h1491 12 0.9916 0.0084 
       h1501 12 0.9851 0.0149 
       h1511 12 0.9894 0.0106 
       h1521 12 0.9914 0.0086 
       h1531 12 0.9822 0.0178 
       h1541 12 0.9492 0.0508 
       h1551 12 0.9903 0.0097 
       h1561 12 0.9873 0.0127 
       h1571 12 0.9870 0.0130 
       h1581 12 0.9845 0.0155 
       h1591 12 0.9831 0.0169 
       h1601 12 0.9884 0.0116 
       h1611 12 0.9903 0.0097 
       h1621 12 0.9895 0.0105 
       h1631 12 0.9874 0.0126 
       h1641 12 0.9767 0.0233 
       h1651 12 0.9758 0.0242 
       h1661 12 0.9856 0.0144 
       h1671 12 0.9859 0.0141 
       h1681 12 0.9876 0.0124 
       h1691 12 0.9909 0.0091 
       h1701 12 0.9924 0.0076 
       h1711 12 0.9643 0.0357 
       h1721 12 0.9745 0.0255 
       h1731 12 0.9907 0.0093 
       h1741 12 0.9909 0.0091 
       h1751 12 0.9581 0.0419 
       h1761 12 0.9623 0.0377 
       h1771 12 0.9927 0.0073 
       h1781 12 0.9643 0.0357 
       h1791 12 0.9924 0.0076 
       h1801 12 0.9901 0.0099 
       h1811 12 0.9835 0.0165 
       h1821 12 0.9930 0.0070 
       h1831 12 0.9864 0.0136 
       h1841 12 0.9901 0.0099 
       h1851 12 0.9815 0.0185 
       h1861 12 0.9389 0.0611 
       h1871 12 0.9921 0.0079 
       h1881 12 0.9847 0.0153 
       h1891 12 0.9882 0.0118 
       h1901 12 0.9879 0.0121 
       h1911 12 0.9863 0.0137 
       h1921 12 0.9916 0.0084 
       h1931 12 0.9883 0.0117 
       h1941 12 0.9901 0.0099 
       h1951 12 0.9644 0.0356 
       h1961 12 0.9906 0.0094 
       h1971 12 0.9931 0.0069 
       h1981 12 0.9910 0.0090 
       h1991 12 0.9908 0.0092 
       h2001 12 0.9731 0.0269 
       h2011 12 0.9872 0.0128 
       h2021 12 0.9915 0.0085 
       h2031 12 0.9894 0.0106 
       h2041 12 0.9878 0.0122 
       h2051 12 0.9920 0.0080 
       h2061 12 0.9898 0.0102 
       h2071 12 0.9925 0.0075 
       h2081 12 0.9940 0.0060 
       h2091 12 0.9915 0.0085 
       h2101 12 0.9934 0.0066 
       h2111 12 0.9916 0.0084 
       h2121 12 0.9897 0.0103 
       h2131 12 0.9864 0.0136 
       h2141 12 0.9925 0.0075 
       h2151 12 0.9927 0.0073 
       h2161 12 0.9891 0.0109 
       h2171 12 0.9917 0.0083 
       h2181 12 0.9877 0.0123 
       h2191 12 0.9850 0.0150 
       h2201 12 0.9845 0.0155 
       h2211 12 0.9710 0.0290 
       h2221 12 0.9923 0.0077 
       h2231 12 0.9738 0.0262 
       h2241 12 0.9934 0.0066 
       h2251 12 0.9918 0.0082 
       h2261 12 0.9937 0.0063 
       h2271 12 0.9912 0.0088 
       h2281 12 0.9054 0.0946 
       h2291 12 0.9914 0.0086 
       h2301 12 0.9871 0.0129 
       h2311 12 0.9934 0.0066 
       h2321 12 0.9711 0.0289 
       h2331 12 0.9893 0.0107 
       h2341 12 0.9894 0.0106 
       h2351 12 0.9858 0.0142 
       h2361 12 0.9906 0.0094 
       h2371 12 0.9895 0.0105 
       h2381 12 0.9940 0.0060 
       h2391 12 0.9899 0.0101 
       h2401 12 0.9920 0.0080 
       h2411 12 0.9880 0.0120 
       h2421 12 0.9929 0.0071 
       h2431 12 0.9779 0.0221 
       h2441 12 0.9944 0.0056 
       h2451 12 0.9851 0.0149 
       h2461 12 0.9798 0.0202 
       h2471 12 0.9868 0.0132 
       h2481 12 0.9917 0.0083 
       h2491 12 0.9911 0.0089 
       h2501 12 0.9870 0.0130 
       h2511 12 0.9912 0.0088 
       h2521 12 0.9859 0.0141 
       h2531 12 0.9899 0.0101 
       h2541 12 0.9907 0.0093 
       h2551 12 0.9882 0.0118 
       h2561 12 0.9895 0.0105 
       h2571 12 0.9871 0.0129 
       h2581 12 0.9831 0.0169 
       h2591 12 0.9839 0.0161 
       h2601 12 0.9807 0.0193 
