       M1EL5  1 0.9900 0.0100 
       W26T6  1 0.9716 0.0284 
       W26XX  1 0.9925 0.0075 
       M013P  1 0.9893 0.0107 
       M1ELA  1 0.9630 0.0370 
       M2C73  1 0.9906 0.0094 
       W23P4  1 0.9727 0.0273 
       W247C  1 0.9909 0.0091 
       W24K1  1 0.9923 0.0077 
       W24ME  1 0.9800 0.0200 
       W2514  1 0.9887 0.0113 
       W26MA  1 0.9816 0.0184 
       W26MM  1 0.9842 0.0158 
       W26MU  1 0.9901 0.0099 
       W26P0  1 0.9915 0.0085 
       W26P3  1 0.9931 0.0069 
       W26T5  1 0.9935 0.0065 
       W26TE  1 0.9828 0.0172 
       W26TF  1 0.9724 0.0276 
       W26U8  1 0.9740 0.0260 
       W26UJ  1 0.9895 0.0105 
       W26UK  1 0.9943 0.0057 
       W26UT  1 0.9931 0.0069 
       W26XT  1 0.9808 0.0192 
      CC06H2  1 0.9716 0.0284 
      CC06H4  1 0.9823 0.0177 
      CC06H5  1 0.9861 0.0139 
      CC06H6  1 0.9943 0.0057 
      CC06HE  1 0.9916 0.0084 
      CC06HF  1 0.9824 0.0176 
      CC06HH  1 0.9930 0.0070 
      CC06HJ  1 0.9818 0.0182 
      CC06HL  1 0.9925 0.0075 
      CC06HP  1 0.9934 0.0066 
      CC06HT  1 0.9838 0.0162 
      CC06HU  1 0.9869 0.0131 
      CC06HY  1 0.9809 0.0191 
      CC06J0  1 0.9805 0.0195 
      CC06J1  1 0.9750 0.0250 
      CC06J2  1 0.9872 0.0128 
     CT.0YCY  1 0.9905 0.0095 
     CT.0YEC  1 0.9938 0.0062 
     CT.0YEF  1 0.9925 0.0075 
     CT.0YEU  1 0.9946 0.0054 
     CT.0YF2  1 0.9826 0.0174 
     CT.0YF8  1 0.9951 0.0049 
     CT.0YFA  1 0.9944 0.0056 
     CT.0YFE  1 0.9900 0.0100 
     CT.0YFP  1 0.9769 0.0231 
     CT.0YFU  1 0.9912 0.0088 
     CT.0YK7  1 0.9805 0.0195 
     CX.10PT  1 0.9294 0.0706 
      DAM021  1 0.9911 0.0089 
      DAM034  1 0.9942 0.0058 
      DAM07X  1 0.9923 0.0077 
     EF.15J6  1 0.9923 0.0077 
      HRV010  1 0.9861 0.0139 
      HRV02J  1 0.9892 0.0108 
      HRV078  1 0.9879 0.0121 
      HRV0FH  1 0.9928 0.0072 
      HRV0H5  1 0.9906 0.0094 
      HRV0JF  1 0.9918 0.0082 
      HRV0JJ  1 0.9907 0.0093 
      HRV0JM  1 0.9928 0.0072 
      HRV0K6  1 0.9477 0.0523 
      HRV0K7  1 0.9915 0.0085 
      HRV0KP  1 0.9726 0.0274 
      HRV1AX  1 0.9897 0.0103 
      HRV1C4  1 0.9935 0.0065 
      HRV1CH  1 0.9905 0.0095 
      HRV1FA  1 0.9872 0.0128 
      HRV1FK  1 0.9708 0.0292 
      HRV1H8  1 0.9929 0.0071 
      HRV1HT  1 0.9826 0.0174 
      HRV1XU  1 0.9641 0.0359 
      HRV4TF  1 0.9901 0.0099 
      HRV6F0  1 0.9884 0.0116 
      HRVE6L  1 0.9833 0.0167 
       M27HM  1 0.9922 0.0078 
       M27HP  1 0.9927 0.0073 
       M2AK4  1 0.9916 0.0084 
       M2ALA  1 0.9924 0.0076 
       M2C56  1 0.9904 0.0096 
       M2CUX  1 0.9835 0.0165 
       M2E24  1 0.9931 0.0069 
       M2EA7  1 0.9905 0.0095 
       M2EH6  1 0.9919 0.0081 
       M2EKC  1 0.9784 0.0216 
      MSV083  1 0.9537 0.0463 
      MSV084  1 0.9916 0.0084 
      MSV0LJ  1 0.9890 0.0110 
      MSV1H5  1 0.9912 0.0088 
      MSV1KM  1 0.9927 0.0073 
      MSV23F  1 0.9716 0.0284 
      MSV2L8  1 0.9875 0.0125 
      MSV2P7  1 0.9911 0.0089 
      MSV2TJ  1 0.9938 0.0062 
      MSV2XM  1 0.9853 0.0147 
      MSV327  1 0.9880 0.0120 
      MSV33L  1 0.9930 0.0070 
       h0015  2 0.9827 0.0173 
       h0025  2 0.9885 0.0115 
       h0035  2 0.9898 0.0102 
       h0045  2 0.9953 0.0047 
       h0055  2 0.9856 0.0144 
       h0065  2 0.9867 0.0133 
       h0075  2 0.9938 0.0062 
       h0085  2 0.9889 0.0111 
       h0095  2 0.9902 0.0098 
       h0105  2 0.9776 0.0224 
       h0115  2 0.9905 0.0095 
       h0125  2 0.9623 0.0377 
       h0135  2 0.9631 0.0369 
       h0145  2 0.9929 0.0071 
       h0155  2 0.9867 0.0133 
       h0165  2 0.9932 0.0068 
       h0175  2 0.9750 0.0250 
       h0185  2 0.9922 0.0078 
       h0195  2 0.9581 0.0419 
       h0205  2 0.9930 0.0070 
       h0215  2 0.9897 0.0103 
       h0225  2 0.9874 0.0126 
       h0235  2 0.9933 0.0067 
       h0245  2 0.9728 0.0272 
       h0255  2 0.9832 0.0168 
       h0265  2 0.9917 0.0083 
       h0275  2 0.9888 0.0112 
       h0285  2 0.9903 0.0097 
       h0295  2 0.9808 0.0192 
       h0305  2 0.9875 0.0125 
       h0315  2 0.9718 0.0282 
       h0325  2 0.9884 0.0116 
       h0335  2 0.9823 0.0177 
       h0345  2 0.9738 0.0262 
       h0355  2 0.9916 0.0084 
       h0365  2 0.9637 0.0363 
       h0375  2 0.9905 0.0095 
       h0385  2 0.9942 0.0058 
       h0395  2 0.9704 0.0296 
       h0405  2 0.9943 0.0057 
       h0415  2 0.9708 0.0292 
       h0425  2 0.9883 0.0117 
       h0435  2 0.9895 0.0105 
       h0445  2 0.9710 0.0290 
       h0455  2 0.9898 0.0102 
       h0465  2 0.9923 0.0077 
       h0475  2 0.9907 0.0093 
       h0485  2 0.9871 0.0129 
       h0495  2 0.9941 0.0059 
       h0505  2 0.9940 0.0060 
       h0515  2 0.9866 0.0134 
       h0525  2 0.9900 0.0100 
       h0535  2 0.9922 0.0078 
       h0545  2 0.9924 0.0076 
       h0555  2 0.9862 0.0138 
       h0565  2 0.9931 0.0069 
       h0575  2 0.9896 0.0104 
       h0585  2 0.9950 0.0050 
       h0595  2 0.9923 0.0077 
       h0605  2 0.9878 0.0122 
       h0615  2 0.9805 0.0195 
       h0625  2 0.9881 0.0119 
       h0635  2 0.9311 0.0689 
       h0645  2 0.9732 0.0268 
       h0655  2 0.9922 0.0078 
       h0665  2 0.9921 0.0079 
       h0675  2 0.9938 0.0062 
       h0685  2 0.9843 0.0157 
       h0695  2 0.9933 0.0067 
       h0705  2 0.9921 0.0079 
       h0715  2 0.9906 0.0094 
       h0725  2 0.9895 0.0105 
       h0735  2 0.9915 0.0085 
       h0745  2 0.9864 0.0136 
       h0755  2 0.9863 0.0137 
       h0765  2 0.9839 0.0161 
       h0775  2 0.9784 0.0216 
       h0785  2 0.9769 0.0231 
       h0795  2 0.9863 0.0137 
       h0805  2 0.9921 0.0079 
       h0815  2 0.9903 0.0097 
       h0825  2 0.9916 0.0084 
       h0835  2 0.9836 0.0164 
       h0845  2 0.9833 0.0167 
       h0855  2 0.9908 0.0092 
       h0865  2 0.9852 0.0148 
       h0875  2 0.9918 0.0082 
       h0885  2 0.9910 0.0090 
       h0895  2 0.9908 0.0092 
       h0905  2 0.9941 0.0059 
       h0915  2 0.9868 0.0132 
       h0925  2 0.9769 0.0231 
       h0935  2 0.9934 0.0066 
       h0945  2 0.9663 0.0337 
       h0955  2 0.9934 0.0066 
       h0965  2 0.9832 0.0168 
       h0975  2 0.9886 0.0114 
       h0985  2 0.9907 0.0093 
       h0995  2 0.9867 0.0133 
       h1005  2 0.9863 0.0137 
        h101  2 0.9919 0.0081 
        h102  2 0.9869 0.0131 
        h103  2 0.9857 0.0143 
        h104  2 0.9929 0.0071 
        h105  2 0.9792 0.0208 
        h106  2 0.9628 0.0372 
        h107  2 0.9923 0.0077 
        h108  2 0.9924 0.0076 
        h109  2 0.9850 0.0150 
        h110  2 0.9886 0.0114 
        h111  2 0.9921 0.0079 
        h112  2 0.9924 0.0076 
        h113  2 0.9940 0.0060 
        h114  2 0.9926 0.0074 
        h115  2 0.9680 0.0320 
        h116  2 0.9851 0.0149 
        h117  2 0.9933 0.0067 
        h118  2 0.9777 0.0223 
        h119  2 0.9740 0.0260 
        h120  2 0.9746 0.0254 
        h121  2 0.9894 0.0106 
        h122  2 0.9955 0.0045 
        h123  2 0.9872 0.0128 
        h124  2 0.9941 0.0059 
        h125  2 0.9941 0.0059 
        h126  2 0.9864 0.0136 
        h127  2 0.9925 0.0075 
        h128  2 0.9928 0.0072 
        h129  2 0.9879 0.0121 
        h130  2 0.9916 0.0084 
        h131  2 0.9949 0.0051 
        h132  2 0.9870 0.0130 
        h133  2 0.9877 0.0123 
        h134  2 0.9914 0.0086 
        h135  2 0.9899 0.0101 
        h136  2 0.9938 0.0062 
        h137  2 0.9758 0.0242 
        h138  2 0.9934 0.0066 
        h139  2 0.9904 0.0096 
        h140  2 0.9726 0.0274 
        h141  2 0.9928 0.0072 
        h142  2 0.9908 0.0092 
        h143  2 0.9935 0.0065 
        h144  2 0.9906 0.0094 
        h145  2 0.9914 0.0086 
        h146  2 0.9788 0.0212 
        h147  2 0.9713 0.0287 
        h148  2 0.9951 0.0049 
        h149  2 0.9931 0.0069 
        h150  2 0.9882 0.0118 
        h151  2 0.9933 0.0067 
        h152  2 0.9894 0.0106 
        h153  2 0.9925 0.0075 
        h154  2 0.9924 0.0076 
        h155  2 0.9873 0.0127 
        h156  2 0.9908 0.0092 
        h157  2 0.9876 0.0124 
        h158  2 0.9849 0.0151 
        h159  2 0.9904 0.0096 
        h160  2 0.9928 0.0072 
        h161  2 0.9888 0.0112 
        h162  2 0.9908 0.0092 
        h163  2 0.9926 0.0074 
        h164  2 0.9933 0.0067 
        h165  2 0.9856 0.0144 
        h166  2 0.9908 0.0092 
        h167  2 0.9884 0.0116 
        h168  2 0.9791 0.0209 
        h169  2 0.9914 0.0086 
        h170  2 0.9863 0.0137 
        h171  2 0.9949 0.0051 
        h172  2 0.9924 0.0076 
        h173  2 0.9831 0.0169 
        h174  2 0.9935 0.0065 
        h175  2 0.9901 0.0099 
        h176  2 0.9844 0.0156 
        h177  2 0.9933 0.0067 
        h178  2 0.9846 0.0154 
        h179  2 0.9942 0.0058 
        h180  2 0.9917 0.0083 
        h181  2 0.9800 0.0200 
        h182  2 0.9888 0.0112 
        h183  2 0.9937 0.0063 
        h184  2 0.9884 0.0116 
        h185  2 0.9874 0.0126 
        h186  2 0.9880 0.0120 
        h187  2 0.9903 0.0097 
        h188  2 0.9695 0.0305 
        h189  2 0.9932 0.0068 
        h190  2 0.9894 0.0106 
        h191  2 0.9882 0.0118 
        h192  2 0.9872 0.0128 
        h193  2 0.9719 0.0281 
        h194  2 0.9779 0.0221 
        h195  2 0.9896 0.0104 
        h196  2 0.9920 0.0080 
        h197  2 0.9790 0.0210 
        h198  2 0.9937 0.0063 
        h199  2 0.9884 0.0116 
        h200  2 0.9547 0.0453 
        h201  2 0.9892 0.0108 
        h202  2 0.9935 0.0065 
        h203  2 0.9919 0.0081 
        h204  2 0.9861 0.0139 
        h205  2 0.9928 0.0072 
        h206  2 0.9921 0.0079 
        h207  2 0.9903 0.0097 
        h208  2 0.9873 0.0127 
        h209  2 0.9920 0.0080 
        h210  2 0.9939 0.0061 
        h211  2 0.9623 0.0377 
        h212  2 0.9898 0.0102 
        h213  2 0.9898 0.0102 
        h214  2 0.9933 0.0067 
        h215  2 0.9741 0.0259 
        h216  2 0.9785 0.0215 
        h217  2 0.9935 0.0065 
        h218  2 0.9940 0.0060 
        h219  2 0.9918 0.0082 
        h220  2 0.9928 0.0072 
        h221  2 0.9884 0.0116 
        h222  2 0.9843 0.0157 
        h223  2 0.9883 0.0117 
        h224  2 0.9916 0.0084 
        h225  2 0.9909 0.0091 
        h226  2 0.9950 0.0050 
        h227  2 0.9916 0.0084 
        h228  2 0.9896 0.0104 
        h229  2 0.9688 0.0312 
        h230  2 0.9868 0.0132 
        h231  2 0.9918 0.0082 
        h232  2 0.9917 0.0083 
        h233  2 0.9814 0.0186 
        h234  2 0.9920 0.0080 
        h235  2 0.9930 0.0070 
        h236  2 0.9945 0.0055 
        h237  2 0.9864 0.0136 
        h238  2 0.9886 0.0114 
        h239  2 0.9845 0.0155 
        h240  2 0.9925 0.0075 
        h241  2 0.9888 0.0112 
        h242  2 0.9936 0.0064 
        h243  2 0.9861 0.0139 
        h244  2 0.9803 0.0197 
        h245  2 0.9945 0.0055 
        h246  2 0.9926 0.0074 
        h247  2 0.9938 0.0062 
        h248  2 0.9923 0.0077 
        h249  2 0.9665 0.0335 
        h250  2 0.9901 0.0099 
        h251  2 0.9899 0.0101 
        h252  2 0.9942 0.0058 
        h253  2 0.9914 0.0086 
        h254  2 0.9927 0.0073 
        h255  2 0.9857 0.0143 
        h256  2 0.9861 0.0139 
        h257  2 0.9945 0.0055 
        h258  2 0.9916 0.0084 
        h259  2 0.9907 0.0093 
        h260  2 0.9882 0.0118 
        h261  2 0.9802 0.0198 
        h262  2 0.9724 0.0276 
        h263  2 0.9927 0.0073 
        h264  2 0.9728 0.0272 
        h265  2 0.9859 0.0141 
        h266  2 0.9939 0.0061 
        h267  2 0.9885 0.0115 
        h268  2 0.9922 0.0078 
        h269  2 0.9857 0.0143 
        h270  2 0.9955 0.0045 
        h271  2 0.9862 0.0138 
        h272  2 0.9935 0.0065 
        h273  2 0.9929 0.0071 
        h274  2 0.9856 0.0144 
        h275  2 0.9929 0.0071 
        h276  2 0.9901 0.0099 
        h277  2 0.9904 0.0096 
        h278  2 0.9885 0.0115 
        h279  2 0.9687 0.0313 
        h280  2 0.9829 0.0171 
        h281  2 0.9800 0.0200 
        h282  2 0.9784 0.0216 
        h283  2 0.9351 0.0649 
        h284  2 0.9890 0.0110 
        h285  2 0.9617 0.0383 
        h286  2 0.9938 0.0062 
        h287  2 0.9907 0.0093 
        h288  2 0.9828 0.0172 
        h289  2 0.9756 0.0244 
        h290  2 0.9921 0.0079 
        h291  2 0.9874 0.0126 
        h292  2 0.9875 0.0125 
        h293  2 0.9903 0.0097 
        h294  2 0.9826 0.0174 
        h295  2 0.8054 0.1946 
        h296  2 0.9899 0.0101 
        h297  2 0.9894 0.0106 
        h298  2 0.9605 0.0395 
        h299  2 0.9901 0.0099 
        h300  2 0.9900 0.0100 
        h301  2 0.9912 0.0088 
        h302  2 0.9949 0.0051 
        h303  2 0.9927 0.0073 
        h304  2 0.9945 0.0055 
        h305  2 0.9923 0.0077 
        h306  2 0.9516 0.0484 
        h307  2 0.9936 0.0064 
        h308  2 0.9918 0.0082 
        h309  2 0.9882 0.0118 
        h310  2 0.9610 0.0390 
        h311  2 0.9905 0.0095 
        h312  2 0.9891 0.0109 
        h313  2 0.9875 0.0125 
        h314  2 0.9894 0.0106 
        h315  2 0.9934 0.0066 
        h316  2 0.9761 0.0239 
        h317  2 0.9902 0.0098 
        h318  2 0.9893 0.0107 
        h319  2 0.9869 0.0131 
        h320  2 0.9941 0.0059 
        h321  2 0.9826 0.0174 
        h322  2 0.9867 0.0133 
        h323  2 0.9936 0.0064 
        h324  2 0.9921 0.0079 
        h325  2 0.9508 0.0492 
        h326  2 0.9799 0.0201 
        h327  2 0.9904 0.0096 
        h328  2 0.9818 0.0182 
        h329  2 0.9803 0.0197 
        h330  2 0.9939 0.0061 
        h331  2 0.9919 0.0081 
        h332  2 0.9927 0.0073 
        h333  2 0.9885 0.0115 
        h334  2 0.9741 0.0259 
        h335  2 0.9860 0.0140 
        h336  2 0.9901 0.0099 
        h337  2 0.9936 0.0064 
        h338  2 0.9923 0.0077 
        h339  2 0.9906 0.0094 
        h340  2 0.9939 0.0061 
        h341  2 0.9947 0.0053 
        h342  2 0.9868 0.0132 
        h343  2 0.9904 0.0096 
        h344  2 0.9228 0.0772 
        h345  2 0.9921 0.0079 
        h346  2 0.9923 0.0077 
        h347  2 0.9935 0.0065 
        h348  2 0.9902 0.0098 
        h349  2 0.9954 0.0046 
        h350  2 0.9897 0.0103 
        h351  2 0.9747 0.0253 
        h352  2 0.9572 0.0428 
        h353  2 0.9929 0.0071 
        h354  2 0.9937 0.0063 
        h355  2 0.9866 0.0134 
        h356  2 0.9922 0.0078 
        h357  2 0.9939 0.0061 
        h358  2 0.9912 0.0088 
        h359  2 0.9825 0.0175 
        h360  2 0.9865 0.0135 
        h361  2 0.9931 0.0069 
        h362  2 0.9843 0.0157 
        h363  2 0.9924 0.0076 
        h364  2 0.9915 0.0085 
        h365  2 0.9872 0.0128 
        h366  2 0.9896 0.0104 
        h367  2 0.9838 0.0162 
        h368  2 0.9906 0.0094 
        h369  2 0.9913 0.0087 
        h370  2 0.9894 0.0106 
        h371  2 0.9915 0.0085 
        h372  2 0.9862 0.0138 
        h373  2 0.9935 0.0065 
        h374  2 0.9821 0.0179 
        h375  2 0.9909 0.0091 
        h376  2 0.9828 0.0172 
        h377  2 0.9835 0.0165 
        h378  2 0.9902 0.0098 
        h379  2 0.9913 0.0087 
        h380  2 0.9932 0.0068 
        h381  2 0.9875 0.0125 
        h382  2 0.9684 0.0316 
        h383  2 0.9911 0.0089 
        h384  2 0.9921 0.0079 
        h385  2 0.9912 0.0088 
        h386  2 0.9928 0.0072 
        h387  2 0.9892 0.0108 
        h388  2 0.9762 0.0238 
        h389  2 0.9948 0.0052 
        h390  2 0.9937 0.0063 
        h391  2 0.9846 0.0154 
        h392  2 0.9385 0.0615 
        h393  2 0.9868 0.0132 
        h394  2 0.9928 0.0072 
        h395  2 0.9916 0.0084 
        h396  2 0.9857 0.0143 
        h397  2 0.9790 0.0210 
        h398  2 0.9920 0.0080 
        h399  2 0.9892 0.0108 
        h400  2 0.9954 0.0046 
        h001  3 0.8876 0.1124 
        h002  3 0.9940 0.0060 
        h003  3 0.8534 0.1466 
        h004  3 0.8512 0.1488 
        h005  3 0.8013 0.1987 
        h006  3 0.9093 0.0907 
        h007  3 0.9429 0.0571 
        h008  3 0.8888 0.1112 
        h009  3 0.8728 0.1272 
        h010  3 0.8875 0.1125 
        h011  3 0.8742 0.1258 
        h012  3 0.8172 0.1828 
        h013  3 0.8787 0.1213 
        h014  3 0.8003 0.1997 
        h015  3 0.9503 0.0497 
        h016  3 0.9884 0.0116 
        h017  3 0.9862 0.0138 
        h018  3 0.9861 0.0139 
        h019  3 0.9293 0.0707 
        h020  3 0.9768 0.0232 
        h021  3 0.8579 0.1421 
        h022  3 0.9471 0.0529 
        h023  3 0.9211 0.0789 
        h024  3 0.9391 0.0609 
        h025  3 0.7862 0.2138 
        h026  3 0.9550 0.0450 
        h027  3 0.8703 0.1297 
        h028  3 0.9112 0.0888 
        h029  3 0.9226 0.0774 
        h030  3 0.9225 0.0775 
        h031  3 0.9685 0.0315 
        h032  3 0.9781 0.0219 
        h033  3 0.7351 0.2649 
        h034  3 0.9674 0.0326 
        h035  3 0.8949 0.1051 
        h036  3 0.9384 0.0616 
        h037  3 0.9820 0.0180 
        h038  3 0.7497 0.2503 
        h039  3 0.9570 0.0430 
        h040  3 0.9093 0.0907 
        h041  3 0.9824 0.0176 
        h042  3 0.8946 0.1054 
        h043  3 0.9473 0.0527 
        h044  3 0.8893 0.1107 
        h045  3 0.8780 0.1220 
        h046  3 0.7329 0.2671 
        h047  3 0.9895 0.0105 
        h048  3 0.7886 0.2114 
        h049  3 0.8017 0.1983 
        h050  3 0.9379 0.0621 
        h051  3 0.9830 0.0170 
        h052  3 0.9691 0.0309 
        h053  3 0.7493 0.2507 
        h054  3 0.9487 0.0513 
        h055  3 0.8436 0.1564 
        h056  3 0.9784 0.0216 
        h057  3 0.9771 0.0229 
        h058  3 0.9245 0.0755 
        h059  3 0.9822 0.0178 
        h060  3 0.9133 0.0867 
        h061  3 0.9923 0.0077 
        h062  3 0.9039 0.0961 
        h063  3 0.7432 0.2568 
        h064  3 0.8711 0.1289 
        h065  3 0.9749 0.0251 
        h066  3 0.9276 0.0724 
        h067  3 0.9928 0.0072 
        h068  3 0.9399 0.0601 
        h069  3 0.8635 0.1365 
        h070  3 0.9902 0.0098 
        h071  3 0.8667 0.1333 
        h072  3 0.9132 0.0868 
        h073  3 0.7450 0.2550 
        h074  3 0.8437 0.1563 
        h075  3 0.9377 0.0623 
        h076  3 0.9365 0.0635 
        h077  3 0.8483 0.1517 
        h078  3 0.8722 0.1278 
        h079  3 0.9604 0.0396 
        h080  3 0.9290 0.0710 
        h081  3 0.9267 0.0733 
        h082  3 0.7970 0.2030 
        h083  3 0.9044 0.0956 
        h084  3 0.9344 0.0656 
        h085  3 0.6682 0.3318 
        h086  3 0.9881 0.0119 
        h087  3 0.8745 0.1255 
        h088  3 0.9058 0.0942 
        h089  3 0.7842 0.2158 
        h090  3 0.9933 0.0067 
        h091  3 0.9527 0.0473 
        h092  3 0.9237 0.0763 
        h093  3 0.9512 0.0488 
        h094  3 0.9821 0.0179 
        h095  3 0.9824 0.0176 
        h096  3 0.8968 0.1032 
        h097  3 0.7755 0.2245 
        h098  3 0.9188 0.0812 
        h099  3 0.8749 0.1251 
        h100  3 0.5885 0.4115 
       h0011  4 0.7536 0.2464 
       h0021  4 0.6827 0.3173 
       h0031  4 0.7207 0.2793 
       h0041  4 0.7717 0.2283 
       h0051  4 0.7094 0.2906 
       h0061  4 0.7820 0.2180 
       h0071  4 0.6840 0.3160 
       h0081  4 0.8667 0.1333 
       h0091  4 0.7168 0.2832 
       h0101  4 0.7622 0.2378 
       h0111  4 0.6439 0.3561 
       h0121  4 0.8778 0.1222 
       h0131  4 0.8524 0.1476 
       h0141  4 0.7754 0.2246 
       h0151  4 0.8518 0.1482 
       h0161  4 0.9351 0.0649 
       h0171  4 0.7557 0.2443 
       h0181  4 0.8489 0.1511 
       h0191  4 0.8192 0.1808 
       h0201  4 0.6183 0.3817 
       h0211  4 0.8820 0.1180 
       h0221  4 0.7233 0.2767 
       h0231  4 0.7971 0.2029 
       h0241  4 0.8768 0.1232 
       h0251  4 0.8545 0.1455 
       h0261  4 0.7617 0.2383 
       h0271  4 0.7650 0.2350 
       h0281  4 0.8862 0.1138 
       h0291  4 0.9597 0.0403 
       h0301  4 0.7933 0.2067 
       h0311  4 0.8809 0.1191 
       h0321  4 0.8209 0.1791 
       h0331  4 0.6660 0.3340 
       h0341  4 0.7317 0.2683 
       h0351  4 0.7555 0.2445 
       h0361  4 0.6213 0.3787 
       h0371  4 0.7227 0.2773 
       h0381  4 0.9691 0.0309 
       h0391  4 0.7519 0.2481 
       h0401  4 0.8374 0.1626 
       h0411  4 0.7749 0.2251 
       h0421  4 0.9271 0.0729 
       h0431  4 0.6853 0.3147 
       h0441  4 0.9026 0.0974 
       h0451  4 0.6841 0.3159 
       h0461  4 0.9086 0.0914 
       h0471  4 0.8510 0.1490 
       h0481  4 0.7677 0.2323 
       h0491  4 0.9729 0.0271 
       h0501  4 0.8042 0.1958 
       h0511  4 0.8176 0.1824 
       h0521  4 0.7443 0.2557 
       h0531  4 0.8377 0.1623 
       h0541  4 0.6801 0.3199 
       h0551  4 0.9233 0.0767 
       h0561  4 0.8499 0.1501 
       h0571  4 0.6814 0.3186 
       h0581  4 0.7427 0.2573 
       h0591  4 0.6759 0.3241 
       h0601  4 0.8268 0.1732 
       h0611  4 0.9027 0.0973 
       h0621  4 0.7329 0.2671 
       h0631  4 0.6721 0.3279 
       h0641  4 0.8504 0.1496 
       h0651  4 0.8428 0.1572 
       h0661  4 0.9854 0.0146 
       h0671  4 0.7652 0.2348 
       h0681  4 0.7612 0.2388 
       h0691  4 0.9891 0.0109 
       h0701  4 0.7801 0.2199 
       h0711  4 0.8116 0.1884 
       h0721  4 0.6906 0.3094 
       h0731  4 0.7896 0.2104 
       h0741  4 0.8418 0.1582 
       h0751  4 0.6613 0.3387 
       h0761  4 0.6568 0.3432 
       h0771  4 0.9590 0.0410 
       h0781  4 0.8216 0.1784 
       h0791  4 0.9085 0.0915 
       h0801  4 0.8555 0.1445 
       h0811  4 0.8703 0.1297 
       h0821  4 0.7070 0.2930 
       h0831  4 0.9328 0.0672 
       h0841  4 0.7632 0.2368 
       h0851  4 0.5868 0.4132 
       h0861  4 0.7033 0.2967 
       h0871  4 0.5291 0.4709 
       h0881  4 0.8095 0.1905 
       h0891  4 0.8090 0.1910 
       h0901  4 0.6779 0.3221 
       h0911  4 0.9217 0.0783 
       h0921  4 0.7557 0.2443 
       h0931  4 0.6795 0.3205 
       h0941  4 0.8193 0.1807 
       h0951  4 0.6871 0.3129 
       h0961  4 0.8036 0.1964 
       h0971  4 0.9313 0.0687 
       h0981  4 0.7136 0.2864 
       h0991  4 0.7452 0.2548 
       h1001  4 0.5902 0.4098 
       h0012  5 0.5820 0.4180 
       h0022  5 0.3678 0.6322 
       h0032  5 0.4947 0.5053 
       h0042  5 0.4252 0.5748 
       h0052  5 0.5180 0.4820 
       h0062  5 0.5321 0.4679 
       h0072  5 0.4175 0.5825 
       h0082  5 0.4175 0.5825 
       h0092  5 0.4686 0.5314 
       h0102  5 0.6193 0.3807 
       h0112  5 0.5205 0.4795 
       h0122  5 0.5623 0.4377 
       h0132  5 0.4500 0.5500 
       h0142  5 0.3650 0.6350 
       h0152  5 0.5498 0.4502 
       h0162  5 0.4502 0.5498 
       h0172  5 0.5212 0.4788 
       h0182  5 0.4588 0.5412 
       h0192  5 0.4869 0.5131 
       h0202  5 0.4873 0.5127 
       h0212  5 0.6240 0.3760 
       h0222  5 0.4837 0.5163 
       h0232  5 0.5072 0.4928 
       h0242  5 0.5307 0.4693 
       h0252  5 0.4388 0.5612 
       h0262  5 0.7245 0.2755 
       h0272  5 0.4505 0.5495 
       h0282  5 0.6391 0.3609 
       h0292  5 0.6299 0.3701 
       h0302  5 0.5878 0.4122 
       h0312  5 0.6097 0.3903 
       h0322  5 0.4186 0.5814 
       h0332  5 0.5351 0.4649 
       h0342  5 0.3334 0.6666 
       h0352  5 0.5683 0.4317 
       h0362  5 0.5481 0.4519 
       h0372  5 0.4680 0.5320 
       h0382  5 0.4478 0.5522 
       h0392  5 0.4673 0.5327 
       h0402  5 0.6129 0.3871 
       h0412  5 0.4420 0.5580 
       h0422  5 0.3964 0.6036 
       h0432  5 0.5204 0.4796 
       h0442  5 0.4805 0.5195 
       h0452  5 0.6099 0.3901 
       h0462  5 0.4859 0.5141 
       h0472  5 0.4069 0.5931 
       h0482  5 0.5595 0.4405 
       h0492  5 0.6422 0.3578 
       h0502  5 0.5148 0.4852 
       h0512  5 0.4467 0.5533 
       h0522  5 0.4232 0.5768 
       h0532  5 0.3126 0.6874 
       h0542  5 0.5293 0.4707 
       h0552  5 0.4990 0.5010 
       h0562  5 0.5976 0.4024 
       h0572  5 0.3841 0.6159 
       h0582  5 0.5087 0.4913 
       h0592  5 0.6111 0.3889 
       h0602  5 0.6272 0.3728 
       h0612  5 0.5825 0.4175 
       h0622  5 0.5650 0.4350 
       h0632  5 0.5145 0.4855 
       h0642  5 0.5148 0.4852 
       h0652  5 0.5149 0.4851 
       h0662  5 0.4841 0.5159 
       h0672  5 0.5010 0.4990 
       h0682  5 0.4219 0.5781 
       h0692  5 0.6428 0.3572 
       h0702  5 0.3314 0.6686 
       h0712  5 0.6350 0.3650 
       h0722  5 0.4792 0.5208 
       h0732  5 0.5754 0.4246 
       h0742  5 0.7564 0.2436 
       h0752  5 0.4972 0.5028 
       h0762  5 0.5833 0.4167 
       h0772  5 0.4323 0.5677 
       h0782  5 0.6272 0.3728 
       h0792  5 0.5206 0.4794 
       h0802  5 0.6288 0.3712 
       h0812  5 0.4481 0.5519 
       h0822  5 0.5246 0.4754 
       h0832  5 0.5711 0.4289 
       h0842  5 0.5267 0.4733 
       h0852  5 0.4785 0.5215 
       h0862  5 0.4922 0.5078 
       h0872  5 0.4845 0.5155 
       h0882  5 0.6168 0.3832 
       h0892  5 0.5299 0.4701 
       h0902  5 0.4479 0.5521 
       h0912  5 0.4560 0.5440 
       h0922  5 0.5701 0.4299 
       h0932  5 0.4914 0.5086 
       h0942  5 0.4539 0.5461 
       h0952  5 0.4018 0.5982 
       h0962  5 0.5631 0.4369 
       h0972  5 0.4653 0.5347 
       h0982  5 0.4341 0.5659 
       h0992  5 0.2749 0.7251 
       h1002  5 0.4311 0.5689 
       h0013  6 0.2032 0.7968 
       h0023  6 0.2807 0.7193 
       h0033  6 0.2711 0.7289 
       h0043  6 0.3812 0.6188 
       h0053  6 0.2955 0.7045 
       h0063  6 0.2626 0.7374 
       h0073  6 0.1910 0.8090 
       h0083  6 0.1139 0.8861 
       h0093  6 0.1977 0.8023 
       h0103  6 0.1120 0.8880 
       h0113  6 0.2880 0.7120 
       h0123  6 0.2529 0.7471 
       h0133  6 0.2695 0.7305 
       h0143  6 0.2021 0.7979 
       h0153  6 0.3825 0.6175 
       h0163  6 0.3341 0.6659 
       h0173  6 0.3485 0.6515 
       h0183  6 0.3633 0.6367 
       h0193  6 0.1502 0.8498 
       h0203  6 0.1926 0.8074 
       h0213  6 0.1925 0.8075 
       h0223  6 0.1912 0.8088 
       h0233  6 0.2077 0.7923 
       h0243  6 0.2225 0.7775 
       h0253  6 0.3154 0.6846 
       h0263  6 0.2178 0.7822 
       h0273  6 0.1205 0.8795 
       h0283  6 0.1796 0.8204 
       h0293  6 0.1990 0.8010 
       h0303  6 0.2509 0.7491 
       h0313  6 0.1555 0.8445 
       h0323  6 0.3294 0.6706 
       h0333  6 0.3199 0.6801 
       h0343  6 0.3606 0.6394 
       h0353  6 0.3034 0.6966 
       h0363  6 0.1147 0.8853 
       h0373  6 0.3517 0.6483 
       h0383  6 0.0906 0.9094 
       h0393  6 0.3453 0.6547 
       h0403  6 0.1022 0.8978 
       h0413  6 0.1144 0.8856 
       h0423  6 0.2635 0.7365 
       h0433  6 0.3341 0.6659 
       h0443  6 0.3271 0.6729 
       h0453  6 0.0721 0.9279 
       h0463  6 0.3370 0.6630 
       h0473  6 0.2336 0.7664 
       h0483  6 0.3007 0.6993 
       h0493  6 0.3455 0.6545 
       h0503  6 0.1982 0.8018 
       h0513  6 0.3000 0.7000 
       h0523  6 0.3142 0.6858 
       h0533  6 0.4097 0.5903 
       h0543  6 0.0113 0.9887 
       h0553  6 0.2658 0.7342 
       h0563  6 0.2125 0.7875 
       h0573  6 0.3761 0.6239 
       h0583  6 0.3984 0.6016 
       h0593  6 0.1721 0.8279 
       h0603  6 0.1714 0.8286 
       h0613  6 0.1448 0.8552 
       h0623  6 0.1968 0.8032 
       h0633  6 0.2303 0.7697 
       h0643  6 0.1670 0.8330 
       h0653  6 0.2081 0.7919 
       h0663  6 0.2879 0.7121 
       h0673  6 0.3194 0.6806 
       h0683  6 0.0861 0.9139 
       h0693  6 0.3502 0.6498 
       h0703  6 0.1672 0.8328 
       h0713  6 0.2795 0.7205 
       h0723  6 0.3806 0.6194 
       h0733  6 0.2284 0.7716 
       h0743  6 0.2086 0.7914 
       h0753  6 0.0769 0.9231 
       h0763  6 0.2180 0.7820 
       h0773  6 0.2273 0.7727 
       h0783  6 0.1677 0.8323 
       h0793  6 0.2789 0.7211 
       h0803  6 0.2929 0.7071 
       h0813  6 0.2175 0.7825 
       h0823  6 0.2563 0.7437 
       h0833  6 0.2592 0.7408 
       h0843  6 0.2441 0.7559 
       h0853  6 0.4178 0.5822 
       h0863  6 0.3508 0.6492 
       h0873  6 0.2275 0.7725 
       h0883  6 0.2711 0.7289 
       h0893  6 0.2315 0.7685 
       h0903  6 0.4205 0.5795 
       h0913  6 0.3072 0.6928 
       h0923  6 0.2844 0.7156 
       h0933  6 0.3317 0.6683 
       h0943  6 0.0428 0.9572 
       h0953  6 0.3773 0.6227 
       h0963  6 0.2119 0.7881 
       h0973  6 0.2817 0.7183 
       h0983  6 0.1454 0.8546 
       h0993  6 0.3549 0.6451 
       h1003  6 0.1989 0.8011 
       h0014  7 0.0301 0.9699 
       h0024  7 0.1638 0.8362 
       h0034  7 0.0131 0.9869 
       h0044  7 0.2163 0.7837 
       h0054  7 0.1397 0.8603 
       h0064  7 0.0649 0.9351 
       h0074  7 0.0615 0.9385 
       h0084  7 0.1375 0.8625 
       h0094  7 0.1430 0.8570 
       h0104  7 0.0210 0.9790 
       h0114  7 0.1718 0.8282 
       h0124  7 0.1239 0.8761 
       h0134  7 0.1487 0.8513 
       h0144  7 0.1223 0.8777 
       h0154  7 0.1249 0.8751 
       h0164  7 0.0968 0.9032 
       h0174  7 0.2280 0.7720 
       h0184  7 0.1362 0.8638 
       h0194  7 0.1861 0.8139 
       h0204  7 0.2823 0.7177 
       h0214  7 0.1346 0.8654 
       h0224  7 0.1507 0.8493 
       h0234  7 0.0753 0.9247 
       h0244  7 0.1657 0.8343 
       h0254  7 0.0165 0.9835 
       h0264  7 0.1308 0.8692 
       h0274  7 0.1895 0.8105 
       h0284  7 0.2277 0.7723 
       h0294  7 0.2143 0.7857 
       h0304  7 0.1173 0.8827 
       h0314  7 0.1299 0.8701 
       h0324  7 0.0140 0.9860 
       h0334  7 0.1042 0.8958 
       h0344  7 0.0454 0.9546 
       h0354  7 0.1055 0.8945 
       h0364  7 0.1241 0.8759 
       h0374  7 0.0157 0.9843 
       h0384  7 0.1610 0.8390 
       h0394  7 0.0073 0.9927 
       h0404  7 0.1021 0.8979 
       h0414  7 0.0900 0.9100 
       h0424  7 0.1559 0.8441 
       h0434  7 0.0883 0.9117 
       h0444  7 0.1178 0.8822 
       h0454  7 0.0602 0.9398 
       h0464  7 0.1049 0.8951 
       h0474  7 0.1951 0.8049 
       h0484  7 0.1426 0.8574 
       h0494  7 0.0326 0.9674 
       h0504  7 0.0541 0.9459 
       h0514  7 0.0150 0.9850 
       h0524  7 0.1137 0.8863 
       h0534  7 0.1360 0.8640 
       h0544  7 0.1821 0.8179 
       h0554  7 0.1812 0.8188 
       h0564  7 0.0380 0.9620 
       h0574  7 0.1513 0.8487 
       h0584  7 0.2680 0.7320 
       h0594  7 0.0538 0.9462 
       h0604  7 0.0090 0.9910 
       h0614  7 0.1762 0.8238 
       h0624  7 0.1679 0.8321 
       h0634  7 0.1862 0.8138 
       h0644  7 0.1525 0.8475 
       h0654  7 0.0062 0.9938 
       h0664  7 0.0083 0.9917 
       h0674  7 0.2346 0.7654 
       h0684  7 0.0602 0.9398 
       h0694  7 0.0090 0.9910 
       h0704  7 0.2002 0.7998 
       h0714  7 0.0468 0.9532 
       h0724  7 0.1767 0.8233 
       h0734  7 0.0082 0.9918 
       h0744  7 0.1743 0.8257 
       h0754  7 0.0490 0.9510 
       h0764  7 0.0441 0.9559 
       h0774  7 0.1963 0.8037 
       h0784  7 0.2922 0.7078 
       h0794  7 0.1266 0.8734 
       h0804  7 0.0866 0.9134 
       h0814  7 0.2521 0.7479 
       h0824  7 0.0367 0.9633 
       h0834  7 0.1278 0.8722 
       h0844  7 0.1244 0.8756 
       h0854  7 0.1326 0.8674 
       h0864  7 0.0516 0.9484 
       h0874  7 0.1047 0.8953 
       h0884  7 0.0666 0.9334 
       h0894  7 0.0677 0.9323 
       h0904  7 0.0071 0.9929 
       h0914  7 0.0079 0.9921 
       h0924  7 0.0082 0.9918 
       h0934  7 0.1874 0.8126 
       h0944  7 0.2694 0.7306 
       h0954  7 0.0915 0.9085 
       h0964  7 0.0705 0.9295 
       h0974  7 0.0873 0.9127 
       h0984  7 0.1912 0.8088 
       h0994  7 0.2223 0.7777 
       h1004  7 0.1642 0.8358 
     CK.0PLA  8 0.0120 0.9880 
     CK.0PLC  8 0.0144 0.9856 
     CK.0PLE  8 0.0063 0.9937 
     CK.0PLF  8 0.0178 0.9822 
     CK.0PLH  8 0.0072 0.9928 
     CK.0PLJ  8 0.0091 0.9909 
     CK.0PLK  8 0.0055 0.9945 
     CK.0PLL  8 0.0085 0.9915 
     CK.0PLM  8 0.0076 0.9924 
     CK.0PLP  8 0.0076 0.9924 
     CK.0PLT  8 0.0051 0.9949 
     CK.0PLU  8 0.0067 0.9933 
     CK.0PLX  8 0.0120 0.9880 
     CK.0PLY  8 0.0050 0.9950 
     CK.0PM0  8 0.0067 0.9933 
     CK.0PM1  8 0.0056 0.9944 
     CK.0PM2  8 0.0076 0.9924 
     CK.0PM3  8 0.0079 0.9921 
     CK.0PM4  8 0.0109 0.9891 
     CK.0PM7  8 0.0062 0.9938 
     CK.0PM8  8 0.0052 0.9948 
     CK.0PMA  8 0.0088 0.9912 
       M2C06  8 0.0063 0.9937 
       M2C07  8 0.0048 0.9952 
       M2C08  8 0.0047 0.9953 
       M2C0A  8 0.0060 0.9940 
       M2C0C  8 0.0056 0.9944 
       M2C0E  8 0.0061 0.9939 
      h00111  9 0.0148 0.9852 
      h00211  9 0.0092 0.9908 
      h00311  9 0.0063 0.9937 
      h00411  9 0.0067 0.9933 
      h00511  9 0.0052 0.9948 
      h00611  9 0.0065 0.9935 
      h00711  9 0.0071 0.9929 
      h00811  9 0.0111 0.9889 
      h00911  9 0.0172 0.9828 
      h01011  9 0.0065 0.9935 
      h01111  9 0.0097 0.9903 
      h01211  9 0.0077 0.9923 
      h01311  9 0.0052 0.9948 
      h01411  9 0.0055 0.9945 
      h01511  9 0.0064 0.9936 
      h01611  9 0.0066 0.9934 
      h01711  9 0.0056 0.9944 
      h01811  9 0.0089 0.9911 
      h01911  9 0.0067 0.9933 
      h02011  9 0.0061 0.9939 
      h02111  9 0.0072 0.9928 
      h02211  9 0.0089 0.9911 
      h02311  9 0.0065 0.9935 
      h02411  9 0.0109 0.9891 
      h02511  9 0.0058 0.9942 
      h02611  9 0.0063 0.9937 
      h02711  9 0.0057 0.9943 
      h02811  9 0.0057 0.9943 
      h02911  9 0.0051 0.9949 
      h03011  9 0.0065 0.9935 
      h03111  9 0.0060 0.9940 
      h03211  9 0.0056 0.9944 
      h03311  9 0.0063 0.9937 
      h03411  9 0.0049 0.9951 
      h03511  9 0.0083 0.9917 
      h03611  9 0.0170 0.9830 
      h03711  9 0.0083 0.9917 
      h03811  9 0.0081 0.9919 
      h03911  9 0.0084 0.9916 
      h04011  9 0.0059 0.9941 
      h04111  9 0.0069 0.9931 
      h04211  9 0.0094 0.9906 
      h04311  9 0.0066 0.9934 
      h04411  9 0.0053 0.9947 
      h04511  9 0.0083 0.9917 
      h04611  9 0.0057 0.9943 
      h04711  9 0.0097 0.9903 
      h04811  9 0.0057 0.9943 
      h04911  9 0.0049 0.9951 
      h05011  9 0.0063 0.9937 
      h05111  9 0.0048 0.9952 
      h05211  9 0.0105 0.9895 
      h05311  9 0.0061 0.9939 
      h05411  9 0.0076 0.9924 
      h05511  9 0.0055 0.9945 
      h05611  9 0.0094 0.9906 
      h05711  9 0.0068 0.9932 
      h05811  9 0.0083 0.9917 
      h05911  9 0.0138 0.9862 
      h06011  9 0.0060 0.9940 
      h06111  9 0.0065 0.9935 
      h06211  9 0.0051 0.9949 
      h06311  9 0.0079 0.9921 
      h06411  9 0.0084 0.9916 
      h06511  9 0.0064 0.9936 
      h06611  9 0.0068 0.9932 
      h06711  9 0.0086 0.9914 
      h06811  9 0.0104 0.9896 
      h06911  9 0.0090 0.9910 
      h07011  9 0.0051 0.9949 
      h07111  9 0.0053 0.9947 
      h07211  9 0.0082 0.9918 
      h07311  9 0.0049 0.9951 
      h07411  9 0.0061 0.9939 
      h07511  9 0.0064 0.9936 
      h07611  9 0.0085 0.9915 
      h07711  9 0.0068 0.9932 
      h07811  9 0.0060 0.9940 
      h07911  9 0.0065 0.9935 
      h08011  9 0.0103 0.9897 
      h08111  9 0.0047 0.9953 
      h08211  9 0.0096 0.9904 
      h08311  9 0.0065 0.9935 
      h08411  9 0.0050 0.9950 
      h08511  9 0.0059 0.9941 
      h08611  9 0.0055 0.9945 
      h08711  9 0.0064 0.9936 
      h08811  9 0.0054 0.9946 
      h08911  9 0.0099 0.9901 
      h09011  9 0.0058 0.9942 
      h09111  9 0.0112 0.9888 
      h09211  9 0.0077 0.9923 
      h09311  9 0.0069 0.9931 
      h09411  9 0.0054 0.9946 
      h09511  9 0.0091 0.9909 
      h09611  9 0.0060 0.9940 
      h09711  9 0.0082 0.9918 
      h09811  9 0.0081 0.9919 
      h09911  9 0.0062 0.9938 
      h10011  9 0.0052 0.9948 
       h1011  9 0.0092 0.9908 
       h1021  9 0.0061 0.9939 
       h1031  9 0.0071 0.9929 
       h1041  9 0.0092 0.9908 
       h1051  9 0.0048 0.9952 
       h1061  9 0.0067 0.9933 
       h1071  9 0.0085 0.9915 
       h1081  9 0.0075 0.9925 
       h1091  9 0.0049 0.9951 
       h1101  9 0.0067 0.9933 
       h1111  9 0.0085 0.9915 
       h1121  9 0.0053 0.9947 
       h1131  9 0.0076 0.9924 
       h1141  9 0.0117 0.9883 
       h1151  9 0.0084 0.9916 
       h1161  9 0.0074 0.9926 
       h1171  9 0.0129 0.9871 
       h1181  9 0.0052 0.9948 
       h1191  9 0.0072 0.9928 
       h1201  9 0.0062 0.9938 
       h1211  9 0.0064 0.9936 
       h1221  9 0.0057 0.9943 
       h1231  9 0.0074 0.9926 
       h1241  9 0.0099 0.9901 
       h1251  9 0.0061 0.9939 
       h1261  9 0.0078 0.9922 
       h1271  9 0.0056 0.9944 
       h1281  9 0.0088 0.9912 
       h1291  9 0.0074 0.9926 
       h1301  9 0.0086 0.9914 
       h1311  9 0.0055 0.9945 
       h1321  9 0.0158 0.9842 
       h1331  9 0.0053 0.9947 
       h1341  9 0.0047 0.9953 
       h1351  9 0.0051 0.9949 
       h1361  9 0.0065 0.9935 
       h1371  9 0.0067 0.9933 
       h1381  9 0.0061 0.9939 
       h1391  9 0.0056 0.9944 
       h1401  9 0.0077 0.9923 
       h1411  9 0.0054 0.9946 
       h1421  9 0.0139 0.9861 
       h1431  9 0.0096 0.9904 
       h1441  9 0.0061 0.9939 
       h1451  9 0.0068 0.9932 
       h1461  9 0.0056 0.9944 
       h1471  9 0.0055 0.9945 
       h1481  9 0.0067 0.9933 
       h1491  9 0.0073 0.9927 
       h1501  9 0.0055 0.9945 
       h1511  9 0.0090 0.9910 
       h1521  9 0.0108 0.9892 
       h1531  9 0.0055 0.9945 
       h1541  9 0.0069 0.9931 
       h1551  9 0.0087 0.9913 
       h1561  9 0.0081 0.9919 
       h1571  9 0.0045 0.9955 
       h1581  9 0.0083 0.9917 
       h1591  9 0.0067 0.9933 
       h1601  9 0.0069 0.9931 
       h1611  9 0.0135 0.9865 
       h1621  9 0.0092 0.9908 
       h1631  9 0.0058 0.9942 
       h1641  9 0.0060 0.9940 
       h1651  9 0.0055 0.9945 
       h1661  9 0.0048 0.9952 
       h1671  9 0.0045 0.9955 
       h1681  9 0.0072 0.9928 
       h1691  9 0.0055 0.9945 
       h1701  9 0.0089 0.9911 
       h1711  9 0.0115 0.9885 
       h1721  9 0.0071 0.9929 
       h1731  9 0.0050 0.9950 
       h1741  9 0.0079 0.9921 
       h1751  9 0.0127 0.9873 
       h1761  9 0.0048 0.9952 
       h1771  9 0.0106 0.9894 
       h1781  9 0.0103 0.9897 
       h1791  9 0.0109 0.9891 
       h1801  9 0.0082 0.9918 
       h1811  9 0.0069 0.9931 
       h1821  9 0.0073 0.9927 
       h1831  9 0.0054 0.9946 
       h1841  9 0.0089 0.9911 
       h1851  9 0.0074 0.9926 
       h1861  9 0.0064 0.9936 
       h1871  9 0.0181 0.9819 
       h1881  9 0.0074 0.9926 
       h1891  9 0.0065 0.9935 
       h1901  9 0.0070 0.9930 
       h1911  9 0.0050 0.9950 
       h1921  9 0.0072 0.9928 
       h1931  9 0.0084 0.9916 
       h1941  9 0.0055 0.9945 
       h1951  9 0.0132 0.9868 
       h1961  9 0.0051 0.9949 
       h1971  9 0.0064 0.9936 
       h1981  9 0.0136 0.9864 
       h1991  9 0.0056 0.9944 
       h2001  9 0.0073 0.9927 
       h2011  9 0.0119 0.9881 
       h2021  9 0.0057 0.9943 
       h2031  9 0.0047 0.9953 
       h2041  9 0.0058 0.9942 
       h2051  9 0.0087 0.9913 
       h2061  9 0.0073 0.9927 
       h2071  9 0.0095 0.9905 
       h2081  9 0.0050 0.9950 
       h2091  9 0.0065 0.9935 
       h2101  9 0.0059 0.9941 
       h2111  9 0.0112 0.9888 
       h2121  9 0.0048 0.9952 
       h2131  9 0.0073 0.9927 
       h2141  9 0.0073 0.9927 
       h2151  9 0.0061 0.9939 
       h2161  9 0.0047 0.9953 
       h2171  9 0.0083 0.9917 
       h2181  9 0.0086 0.9914 
       h2191  9 0.0085 0.9915 
       h2201  9 0.0063 0.9937 
       h2211  9 0.0056 0.9944 
       h2221  9 0.0048 0.9952 
       h2231  9 0.0061 0.9939 
       h2241  9 0.0059 0.9941 
       h2251  9 0.0101 0.9899 
       h2261  9 0.0077 0.9923 
       h2271  9 0.0052 0.9948 
       h2281  9 0.0058 0.9942 
       h2291  9 0.0076 0.9924 
       h2301  9 0.0088 0.9912 
       h2311  9 0.0054 0.9946 
       h2321  9 0.0059 0.9941 
       h2331  9 0.0060 0.9940 
       h2341  9 0.0081 0.9919 
       h2351  9 0.0089 0.9911 
       h2361  9 0.0078 0.9922 
       h2371  9 0.0109 0.9891 
       h2381  9 0.0087 0.9913 
       h2391  9 0.0064 0.9936 
       h2401  9 0.0056 0.9944 
       h2411  9 0.0061 0.9939 
       h2421  9 0.0052 0.9948 
       h2431  9 0.0050 0.9950 
       h2441  9 0.0070 0.9930 
       h2451  9 0.0088 0.9912 
       h2461  9 0.0060 0.9940 
       h2471  9 0.0057 0.9943 
       h2481  9 0.0075 0.9925 
       h2491  9 0.0057 0.9943 
       h2501  9 0.0059 0.9941 
       h2511  9 0.0054 0.9946 
       h2521  9 0.0057 0.9943 
       h2531  9 0.0114 0.9886 
       h2541  9 0.0102 0.9898 
       h2551  9 0.0258 0.9742 
       h2561  9 0.0060 0.9940 
       h2571  9 0.0051 0.9949 
       h2581  9 0.0068 0.9932 
       h2591  9 0.0062 0.9938 
       h2601  9 0.0049 0.9951 
       h2611  9 0.0084 0.9916 
       h2621  9 0.0096 0.9904 
       h2631  9 0.0072 0.9928 
       h2641  9 0.0057 0.9943 
       h2651  9 0.0042 0.9958 
       h2661  9 0.0116 0.9884 
       h2671  9 0.0056 0.9944 
       h2681  9 0.0064 0.9936 
       h2691  9 0.0116 0.9884 
       h2701  9 0.0061 0.9939 
       h2711  9 0.0086 0.9914 
       h2721  9 0.0053 0.9947 
       h2731  9 0.0063 0.9937 
       h2741  9 0.0075 0.9925 
       h2751  9 0.0061 0.9939 
       h2761  9 0.0080 0.9920 
       h2771  9 0.0055 0.9945 
       h2781  9 0.0078 0.9922 
       h2791  9 0.0123 0.9877 
       h2801  9 0.0055 0.9945 
       h2811  9 0.0088 0.9912 
       h2821  9 0.0060 0.9940 
       h2831  9 0.0069 0.9931 
       h2841  9 0.0087 0.9913 
       h2851  9 0.0072 0.9928 
       h2861  9 0.0058 0.9942 
       h2871  9 0.0083 0.9917 
       h2881  9 0.0062 0.9938 
       h2891  9 0.0052 0.9948 
       h2901  9 0.0098 0.9902 
       h2911  9 0.0142 0.9858 
       h2921  9 0.0090 0.9910 
       h2931  9 0.0089 0.9911 
       h2941  9 0.0082 0.9918 
       h2951  9 0.0059 0.9941 
       h2961  9 0.0072 0.9928 
       h2971  9 0.0060 0.9940 
       h2981  9 0.0045 0.9955 
       h2991  9 0.0079 0.9921 
       h3001  9 0.0085 0.9915 
       h3011  9 0.0070 0.9930 
       h3021  9 0.0112 0.9888 
       h3031  9 0.0069 0.9931 
       h3041  9 0.0063 0.9937 
       h3051  9 0.0057 0.9943 
       h3061  9 0.0051 0.9949 
       h3071  9 0.0132 0.9868 
       h3081  9 0.0089 0.9911 
       h3091  9 0.0054 0.9946 
       h3101  9 0.0055 0.9945 
       h3111  9 0.0066 0.9934 
       h3121  9 0.0102 0.9898 
       h3131  9 0.0048 0.9952 
       h3141  9 0.0054 0.9946 
       h3151  9 0.0078 0.9922 
       h3161  9 0.0085 0.9915 
       h3171  9 0.0069 0.9931 
       h3181  9 0.0116 0.9884 
       h3191  9 0.0051 0.9949 
       h3201  9 0.0080 0.9920 
       h3211  9 0.0073 0.9927 
       h3221  9 0.0089 0.9911 
       h3231  9 0.0051 0.9949 
       h3241  9 0.0048 0.9952 
       h3251  9 0.0070 0.9930 
       h3261  9 0.0056 0.9944 
       h3271  9 0.0159 0.9841 
       h3281  9 0.0054 0.9946 
       h3291  9 0.0084 0.9916 
       h3301  9 0.0058 0.9942 
       h3311  9 0.0076 0.9924 
       h3321  9 0.0093 0.9907 
       h3331  9 0.0071 0.9929 
       h3341  9 0.0051 0.9949 
       h3351  9 0.0078 0.9922 
       h3361  9 0.0055 0.9945 
       h3371  9 0.0042 0.9958 
       h3381  9 0.0116 0.9884 
       h3391  9 0.0053 0.9947 
       h3401  9 0.0164 0.9836 
       h3411  9 0.0102 0.9898 
       h3421  9 0.0049 0.9951 
       h3431  9 0.0068 0.9932 
       h3441  9 0.0064 0.9936 
       h3451  9 0.0084 0.9916 
       h3461  9 0.0084 0.9916 
       h3471  9 0.0096 0.9904 
       h3481  9 0.0061 0.9939 
       h3491  9 0.0086 0.9914 
       h3501  9 0.0091 0.9909 
       h3511  9 0.0093 0.9907 
       h3521  9 0.0109 0.9891 
       h3531  9 0.0063 0.9937 
       h3541  9 0.0050 0.9950 
       h3551  9 0.0054 0.9946 
       h3561  9 0.0088 0.9912 
       h3571  9 0.0154 0.9846 
       h3581  9 0.0052 0.9948 
       h3591  9 0.0100 0.9900 
       h3601  9 0.0049 0.9951 
       h3611  9 0.0059 0.9941 
       h3621  9 0.0060 0.9940 
       h3631  9 0.0061 0.9939 
       h3641  9 0.0047 0.9953 
       h3651  9 0.0090 0.9910 
       h3661  9 0.0073 0.9927 
       h3671  9 0.0073 0.9927 
       h3681  9 0.0087 0.9913 
       h3691  9 0.0084 0.9916 
       h3701  9 0.0062 0.9938 
       h3711  9 0.0066 0.9934 
       h3721  9 0.0048 0.9952 
       h3731  9 0.0059 0.9941 
       h3741  9 0.0074 0.9926 
       h3751  9 0.0063 0.9937 
       h3761  9 0.0119 0.9881 
       h3771  9 0.0047 0.9953 
       h3781  9 0.0057 0.9943 
       h3791  9 0.0078 0.9922 
       h3801  9 0.0116 0.9884 
       h3811  9 0.0062 0.9938 
       h3821  9 0.0077 0.9923 
       h3831  9 0.0059 0.9941 
       h3841  9 0.0052 0.9948 
       h3851  9 0.0098 0.9902 
       h3861  9 0.0078 0.9922 
       h3871  9 0.0066 0.9934 
       h3881  9 0.0086 0.9914 
       h3891  9 0.0049 0.9951 
       h3901  9 0.0076 0.9924 
       h3911  9 0.0048 0.9952 
       h3921  9 0.0063 0.9937 
       h3931  9 0.0081 0.9919 
       h3941  9 0.0059 0.9941 
       h3951  9 0.0105 0.9895 
       h3961  9 0.0078 0.9922 
       h3971  9 0.0057 0.9943 
       h3981  9 0.0057 0.9943 
       h3991  9 0.0054 0.9946 
       h4001  9 0.0079 0.9921 
        h401  9 0.0076 0.9924 
        h402  9 0.0056 0.9944 
        h403  9 0.0104 0.9896 
        h404  9 0.0051 0.9949 
        h405  9 0.0049 0.9951 
        h406  9 0.0059 0.9941 
        h407  9 0.0058 0.9942 
        h408  9 0.0074 0.9926 
        h409  9 0.0065 0.9935 
        h410  9 0.0081 0.9919 
        h411  9 0.0104 0.9896 
        h412  9 0.0064 0.9936 
        h413  9 0.0138 0.9862 
        h414  9 0.0104 0.9896 
        h415  9 0.0058 0.9942 
        h416  9 0.0045 0.9955 
        h417  9 0.0062 0.9938 
        h418  9 0.0064 0.9936 
        h419  9 0.0084 0.9916 
        h420  9 0.0058 0.9942 
        h421  9 0.0108 0.9892 
        h422  9 0.0068 0.9932 
        h423  9 0.0066 0.9934 
        h424  9 0.0059 0.9941 
        h425  9 0.0057 0.9943 
        h426  9 0.0054 0.9946 
        h427  9 0.0084 0.9916 
        h428  9 0.0096 0.9904 
        h429  9 0.0066 0.9934 
        h430  9 0.0048 0.9952 
        h431  9 0.0058 0.9942 
        h432  9 0.0094 0.9906 
        h433  9 0.0080 0.9920 
        h434  9 0.0070 0.9930 
        h435  9 0.0076 0.9924 
        h436  9 0.0060 0.9940 
        h437  9 0.0103 0.9897 
        h438  9 0.0075 0.9925 
        h439  9 0.0061 0.9939 
        h440  9 0.0091 0.9909 
        h441  9 0.0056 0.9944 
        h442  9 0.0056 0.9944 
        h443  9 0.0080 0.9920 
        h444  9 0.0078 0.9922 
        h445  9 0.0075 0.9925 
        h446  9 0.0281 0.9719 
        h447  9 0.0054 0.9946 
        h448  9 0.0098 0.9902 
        h449  9 0.0080 0.9920 
        h450  9 0.0057 0.9943 
        h451  9 0.0056 0.9944 
        h452  9 0.0052 0.9948 
        h453  9 0.0058 0.9942 
        h454  9 0.0066 0.9934 
        h455  9 0.0069 0.9931 
        h456  9 0.0057 0.9943 
        h457  9 0.0071 0.9929 
        h458  9 0.0066 0.9934 
        h459  9 0.0062 0.9938 
        h460  9 0.0125 0.9875 
        h461  9 0.0058 0.9942 
        h462  9 0.0057 0.9943 
        h463  9 0.0064 0.9936 
        h464  9 0.0045 0.9955 
        h465  9 0.0062 0.9938 
        h466  9 0.0071 0.9929 
        h467  9 0.0069 0.9931 
        h468  9 0.0094 0.9906 
        h469  9 0.0173 0.9827 
        h470  9 0.0059 0.9941 
        h471  9 0.0168 0.9832 
        h472  9 0.0067 0.9933 
