       M1EL5  1 0.0375 0.9625 
       W26T6  1 0.0650 0.9350 
       W26XX  1 0.0216 0.9784 
       M013P  1 0.0165 0.9835 
       M1ELA  1 0.0819 0.9181 
       M2C73  1 0.0253 0.9747 
       W23P4  1 0.0840 0.9160 
       W247C  1 0.0186 0.9814 
       W24K1  1 0.0184 0.9816 
       W24ME  1 0.0741 0.9259 
       W2514  1 0.0325 0.9675 
       W26MA  1 0.0353 0.9647 
       W26MM  1 0.0198 0.9802 
       W26MU  1 0.0294 0.9706 
       W26P0  1 0.0274 0.9726 
       W26P3  1 0.0146 0.9854 
       W26T5  1 0.0181 0.9819 
       W26TE  1 0.0487 0.9513 
       W26TF  1 0.0182 0.9818 
       W26U8  1 0.0574 0.9426 
       W26UJ  1 0.0174 0.9826 
       W26UK  1 0.0142 0.9858 
       W26UT  1 0.0169 0.9831 
       W26XT  1 0.0195 0.9805 
      CC06H2  1 0.0517 0.9483 
      CC06H4  1 0.0185 0.9815 
      CC06H5  1 0.0404 0.9596 
      CC06H6  1 0.0386 0.9614 
      CC06HE  1 0.0180 0.9820 
      CC06HF  1 0.0729 0.9271 
      CC06HH  1 0.0228 0.9772 
      CC06HJ  1 0.0285 0.9715 
      CC06HL  1 0.0148 0.9852 
      CC06HP  1 0.0148 0.9852 
      CC06HT  1 0.0247 0.9753 
      CC06HU  1 0.0322 0.9678 
      CC06HY  1 0.0422 0.9578 
      CC06J0  1 0.0249 0.9751 
      CC06J1  1 0.0388 0.9612 
      CC06J2  1 0.0234 0.9766 
     CT.0YCY  1 0.0244 0.9756 
     CT.0YEC  1 0.0138 0.9862 
     CT.0YEF  1 0.0299 0.9701 
     CT.0YEU  1 0.0168 0.9832 
     CT.0YF2  1 0.0418 0.9582 
     CT.0YF8  1 0.0182 0.9818 
     CT.0YFA  1 0.0342 0.9658 
     CT.0YFE  1 0.0434 0.9566 
     CT.0YFP  1 0.0292 0.9708 
     CT.0YFU  1 0.0310 0.9690 
     CT.0YK7  1 0.0272 0.9728 
     CX.10PT  1 0.0899 0.9101 
      DAM021  1 0.0304 0.9696 
      DAM034  1 0.0298 0.9702 
      DAM07X  1 0.0306 0.9694 
     EF.15J6  1 0.0195 0.9805 
      HRV010  1 0.0228 0.9772 
      HRV02J  1 0.0293 0.9707 
      HRV078  1 0.0288 0.9712 
      HRV0FH  1 0.0211 0.9789 
      HRV0H5  1 0.0260 0.9740 
      HRV0JF  1 0.0436 0.9564 
      HRV0JJ  1 0.0330 0.9670 
      HRV0JM  1 0.0291 0.9709 
      HRV0K6  1 0.0507 0.9493 
      HRV0K7  1 0.0217 0.9783 
      HRV0KP  1 0.0264 0.9736 
      HRV1AX  1 0.0762 0.9238 
      HRV1C4  1 0.0313 0.9687 
      HRV1CH  1 0.0318 0.9682 
      HRV1FA  1 0.0381 0.9619 
      HRV1FK  1 0.0286 0.9714 
      HRV1H8  1 0.0217 0.9783 
      HRV1HT  1 0.0436 0.9564 
      HRV1XU  1 0.0234 0.9766 
      HRV4TF  1 0.0174 0.9826 
      HRV6F0  1 0.0224 0.9776 
      HRVE6L  1 0.0335 0.9665 
       M27HM  1 0.0235 0.9765 
       M27HP  1 0.0192 0.9808 
       M2AK4  1 0.0189 0.9811 
       M2ALA  1 0.0176 0.9824 
       M2C56  1 0.0367 0.9633 
       M2CUX  1 0.0484 0.9516 
       M2E24  1 0.0207 0.9793 
       M2EA7  1 0.0226 0.9774 
       M2EH6  1 0.0212 0.9788 
       M2EKC  1 0.0515 0.9485 
      MSV083  1 0.0279 0.9721 
      MSV084  1 0.0308 0.9692 
      MSV0LJ  1 0.0269 0.9731 
      MSV1H5  1 0.0390 0.9610 
      MSV1KM  1 0.0172 0.9828 
      MSV23F  1 0.0243 0.9757 
      MSV2L8  1 0.0244 0.9756 
      MSV2P7  1 0.0230 0.9770 
      MSV2TJ  1 0.0362 0.9638 
      MSV2XM  1 0.0278 0.9722 
      MSV327  1 0.0232 0.9768 
      MSV33L  1 0.0185 0.9815 
        h001  2 0.0239 0.9761 
        h002  2 0.1081 0.8919 
        h003  2 0.1491 0.8509 
        h004  2 0.0334 0.9666 
        h005  2 0.0405 0.9595 
        h006  2 0.4423 0.5577 
        h007  2 0.0299 0.9701 
        h008  2 0.0582 0.9418 
        h009  2 0.0855 0.9145 
        h010  2 0.0527 0.9473 
        h011  2 0.1499 0.8501 
        h012  2 0.0168 0.9832 
        h013  2 0.1016 0.8984 
        h014  2 0.0391 0.9609 
        h015  2 0.1432 0.8568 
        h016  2 0.0591 0.9409 
        h017  2 0.1403 0.8597 
        h018  2 0.0410 0.9590 
        h019  2 0.0627 0.9373 
        h020  2 0.1876 0.8124 
        h021  2 0.0685 0.9315 
        h022  2 0.0373 0.9627 
        h023  2 0.1902 0.8098 
        h024  2 0.0381 0.9619 
        h025  2 0.1742 0.8258 
        h026  2 0.1191 0.8809 
        h027  2 0.1529 0.8471 
        h028  2 0.0581 0.9419 
        h029  2 0.1892 0.8108 
        h030  2 0.1063 0.8937 
        h031  2 0.0838 0.9162 
        h032  2 0.0688 0.9312 
        h033  2 0.1111 0.8889 
        h034  2 0.0754 0.9246 
        h035  2 0.0291 0.9709 
        h036  2 0.0916 0.9084 
        h037  2 0.0752 0.9248 
        h038  2 0.0213 0.9787 
        h039  2 0.2276 0.7724 
        h040  2 0.0625 0.9375 
        h041  2 0.1642 0.8358 
        h042  2 0.0256 0.9744 
        h043  2 0.0196 0.9804 
        h044  2 0.0631 0.9369 
        h045  2 0.0334 0.9666 
        h046  2 0.2066 0.7934 
        h047  2 0.0230 0.9770 
        h048  2 0.0413 0.9587 
        h049  2 0.0371 0.9629 
        h050  2 0.0541 0.9459 
        h051  2 0.1797 0.8203 
        h052  2 0.0381 0.9619 
        h053  2 0.1099 0.8901 
        h054  2 0.1331 0.8669 
        h055  2 0.1973 0.8027 
        h056  2 0.0323 0.9677 
        h057  2 0.1180 0.8820 
        h058  2 0.0752 0.9248 
        h059  2 0.0440 0.9560 
        h060  2 0.0653 0.9347 
        h061  2 0.0375 0.9625 
        h062  2 0.0182 0.9818 
        h063  2 0.0264 0.9736 
        h064  2 0.1379 0.8621 
        h065  2 0.0673 0.9327 
        h066  2 0.3326 0.6674 
        h067  2 0.0190 0.9810 
        h068  2 0.0689 0.9311 
        h069  2 0.0264 0.9736 
        h070  2 0.1437 0.8563 
        h071  2 0.0936 0.9064 
        h072  2 0.0193 0.9807 
        h073  2 0.0471 0.9529 
        h074  2 0.0534 0.9466 
        h075  2 0.0506 0.9494 
        h076  2 0.0313 0.9687 
        h077  2 0.0463 0.9537 
        h078  2 0.0539 0.9461 
        h079  2 0.4101 0.5899 
        h080  2 0.0808 0.9192 
        h081  2 0.0364 0.9636 
        h082  2 0.1354 0.8646 
        h083  2 0.1294 0.8706 
        h084  2 0.0438 0.9562 
        h085  2 0.0265 0.9735 
        h086  2 0.1492 0.8508 
        h087  2 0.0222 0.9778 
        h088  2 0.0713 0.9287 
        h089  2 0.0299 0.9701 
        h090  2 0.1584 0.8416 
        h091  2 0.0387 0.9613 
        h092  2 0.0213 0.9787 
        h093  2 0.0503 0.9497 
        h094  2 0.0835 0.9165 
        h095  2 0.0792 0.9208 
        h096  2 0.0325 0.9675 
        h097  2 0.0843 0.9157 
        h098  2 0.0565 0.9435 
        h099  2 0.1239 0.8761 
        h100  2 0.4189 0.5811 
       h0011  3 0.2031 0.7969 
       h0021  3 0.0777 0.9223 
       h0031  3 0.2748 0.7252 
       h0041  3 0.1657 0.8343 
       h0051  3 0.3340 0.6660 
       h0061  3 0.0467 0.9533 
       h0071  3 0.1049 0.8951 
       h0081  3 0.1415 0.8585 
       h0091  3 0.5121 0.4879 
       h0101  3 0.0789 0.9211 
       h0111  3 0.1016 0.8984 
       h0121  3 0.0205 0.9795 
       h0131  3 0.2566 0.7434 
       h0141  3 0.0559 0.9441 
       h0151  3 0.1271 0.8729 
       h0161  3 0.0307 0.9693 
       h0171  3 0.4184 0.5816 
       h0181  3 0.4040 0.5960 
       h0191  3 0.2010 0.7990 
       h0201  3 0.3045 0.6955 
       h0211  3 0.4242 0.5758 
       h0221  3 0.1627 0.8373 
       h0231  3 0.1078 0.8922 
       h0241  3 0.1470 0.8530 
       h0251  3 0.3231 0.6769 
       h0261  3 0.1667 0.8333 
       h0271  3 0.0779 0.9221 
       h0281  3 0.2977 0.7023 
       h0291  3 0.2391 0.7609 
       h0301  3 0.0389 0.9611 
       h0311  3 0.2959 0.7041 
       h0321  3 0.2565 0.7435 
       h0331  3 0.0649 0.9351 
       h0341  3 0.2646 0.7354 
       h0351  3 0.0407 0.9593 
       h0361  3 0.2544 0.7456 
       h0371  3 0.0354 0.9646 
       h0381  3 0.2027 0.7973 
       h0391  3 0.1242 0.8758 
       h0401  3 0.1826 0.8174 
       h0411  3 0.2707 0.7293 
       h0421  3 0.0822 0.9178 
       h0431  3 0.1531 0.8469 
       h0441  3 0.3583 0.6417 
       h0451  3 0.3411 0.6589 
       h0461  3 0.0632 0.9368 
       h0471  3 0.2527 0.7473 
       h0481  3 0.0558 0.9442 
       h0491  3 0.2047 0.7953 
       h0501  3 0.0222 0.9778 
       h0511  3 0.1419 0.8581 
       h0521  3 0.2432 0.7568 
       h0531  3 0.1620 0.8380 
       h0541  3 0.2101 0.7899 
       h0551  3 0.0764 0.9236 
       h0561  3 0.1394 0.8606 
       h0571  3 0.1456 0.8544 
       h0581  3 0.2019 0.7981 
       h0591  3 0.1135 0.8865 
       h0601  3 0.0751 0.9249 
       h0611  3 0.2108 0.7892 
       h0621  3 0.1553 0.8447 
       h0631  3 0.1421 0.8579 
       h0641  3 0.7320 0.2680 
       h0651  3 0.0676 0.9324 
       h0661  3 0.0467 0.9533 
       h0671  3 0.1029 0.8971 
       h0681  3 0.2426 0.7574 
       h0691  3 0.2970 0.7030 
       h0701  3 0.1794 0.8206 
       h0711  3 0.0557 0.9443 
       h0721  3 0.1062 0.8938 
       h0731  3 0.0754 0.9246 
       h0741  3 0.3255 0.6745 
       h0751  3 0.2422 0.7578 
       h0761  3 0.1417 0.8583 
       h0771  3 0.2156 0.7844 
       h0781  3 0.3238 0.6762 
       h0791  3 0.1032 0.8968 
       h0801  3 0.3283 0.6717 
       h0811  3 0.2647 0.7353 
       h0821  3 0.1597 0.8403 
       h0831  3 0.2681 0.7319 
       h0841  3 0.0625 0.9375 
       h0851  3 0.1249 0.8751 
       h0861  3 0.0293 0.9707 
       h0871  3 0.3255 0.6745 
       h0881  3 0.2172 0.7828 
       h0891  3 0.0394 0.9606 
       h0901  3 0.3297 0.6703 
       h0911  3 0.1519 0.8481 
       h0921  3 0.3167 0.6833 
       h0931  3 0.3823 0.6177 
       h0941  3 0.2537 0.7463 
       h0951  3 0.3206 0.6794 
       h0961  3 0.2106 0.7894 
       h0971  3 0.1890 0.8110 
       h0981  3 0.3577 0.6423 
       h0991  3 0.3404 0.6596 
       h1001  3 0.0322 0.9678 
      MSV1TX  4 0.3611 0.6389 
      MSV025  4 0.6761 0.3239 
      MSV02C  4 0.5576 0.4424 
      MSV02E  4 0.5925 0.4075 
      MSV0TF  4 0.6618 0.3382 
       M2EL8  4 0.7658 0.2342 
       h0012  5 0.4843 0.5157 
       h0022  5 0.5696 0.4304 
       h0032  5 0.2991 0.7009 
       h0042  5 0.6484 0.3516 
       h0052  5 0.4708 0.5292 
       h0062  5 0.6519 0.3481 
       h0072  5 0.4319 0.5681 
       h0082  5 0.4523 0.5477 
       h0092  5 0.6064 0.3936 
       h0102  5 0.6443 0.3557 
       h0112  5 0.5613 0.4387 
       h0122  5 0.4708 0.5292 
       h0132  5 0.4310 0.5690 
       h0142  5 0.4625 0.5375 
       h0152  5 0.5566 0.4434 
       h0162  5 0.4583 0.5417 
       h0172  5 0.4246 0.5754 
       h0182  5 0.5835 0.4165 
       h0192  5 0.5445 0.4555 
       h0202  5 0.4691 0.5309 
       h0212  5 0.6108 0.3892 
       h0222  5 0.4382 0.5618 
       h0232  5 0.5465 0.4535 
       h0242  5 0.4432 0.5568 
       h0252  5 0.4439 0.5561 
       h0262  5 0.3948 0.6052 
       h0272  5 0.4693 0.5307 
       h0282  5 0.3979 0.6021 
       h0292  5 0.4923 0.5077 
       h0302  5 0.5118 0.4882 
       h0312  5 0.5551 0.4449 
       h0322  5 0.3067 0.6933 
       h0332  5 0.7883 0.2117 
       h0342  5 0.6325 0.3675 
       h0352  5 0.4184 0.5816 
       h0362  5 0.4000 0.6000 
       h0372  5 0.4589 0.5411 
       h0382  5 0.4719 0.5281 
       h0392  5 0.4118 0.5882 
       h0402  5 0.3494 0.6506 
       h0412  5 0.5849 0.4151 
       h0422  5 0.2198 0.7802 
       h0432  5 0.4370 0.5630 
       h0442  5 0.5168 0.4832 
       h0452  5 0.5325 0.4675 
       h0462  5 0.6673 0.3327 
       h0472  5 0.5457 0.4543 
       h0482  5 0.5572 0.4428 
       h0492  5 0.5036 0.4964 
       h0502  5 0.5102 0.4898 
       h0512  5 0.4758 0.5242 
       h0522  5 0.4953 0.5047 
       h0532  5 0.5758 0.4242 
       h0542  5 0.5014 0.4986 
       h0552  5 0.5441 0.4559 
       h0562  5 0.6772 0.3228 
       h0572  5 0.4202 0.5798 
       h0582  5 0.4943 0.5057 
       h0592  5 0.1669 0.8331 
       h0602  5 0.4644 0.5356 
       h0612  5 0.3830 0.6170 
       h0622  5 0.4928 0.5072 
       h0632  5 0.5920 0.4080 
       h0642  5 0.5341 0.4659 
       h0652  5 0.4871 0.5129 
       h0662  5 0.3346 0.6654 
       h0672  5 0.4939 0.5061 
       h0682  5 0.3228 0.6772 
       h0692  5 0.3463 0.6537 
       h0702  5 0.5589 0.4411 
       h0712  5 0.4095 0.5905 
       h0722  5 0.5776 0.4224 
       h0732  5 0.4689 0.5311 
       h0742  5 0.3606 0.6394 
       h0752  5 0.4863 0.5137 
       h0762  5 0.4045 0.5955 
       h0772  5 0.6078 0.3922 
       h0782  5 0.7436 0.2564 
       h0792  5 0.5960 0.4040 
       h0802  5 0.3790 0.6210 
       h0812  5 0.5231 0.4769 
       h0822  5 0.5127 0.4873 
       h0832  5 0.3424 0.6576 
       h0842  5 0.4739 0.5261 
       h0852  5 0.6048 0.3952 
       h0862  5 0.4803 0.5197 
       h0872  5 0.5713 0.4287 
       h0882  5 0.3170 0.6830 
       h0892  5 0.4674 0.5326 
       h0902  5 0.4632 0.5368 
       h0912  5 0.3866 0.6134 
       h0922  5 0.5562 0.4438 
       h0932  5 0.5133 0.4867 
       h0942  5 0.4666 0.5334 
       h0952  5 0.4897 0.5103 
       h0962  5 0.5526 0.4474 
       h0972  5 0.3271 0.6729 
       h0982  5 0.5178 0.4822 
       h0992  5 0.5902 0.4098 
       h1002  5 0.3768 0.6232 
      MSV21T  6 0.9557 0.0443 
       M2E71  6 0.8856 0.1144 
       h0013  7 0.9035 0.0965 
       h0023  7 0.9347 0.0653 
       h0033  7 0.6715 0.3285 
       h0043  7 0.7663 0.2337 
       h0053  7 0.8065 0.1935 
       h0063  7 0.9260 0.0740 
       h0073  7 0.8721 0.1279 
       h0083  7 0.8183 0.1817 
       h0093  7 0.8501 0.1499 
       h0103  7 0.7704 0.2296 
       h0113  7 0.7509 0.2491 
       h0123  7 0.8017 0.1983 
       h0133  7 0.8030 0.1970 
       h0143  7 0.9261 0.0739 
       h0153  7 0.9440 0.0560 
       h0163  7 0.7590 0.2410 
       h0173  7 0.8241 0.1759 
       h0183  7 0.5466 0.4534 
       h0193  7 0.4587 0.5413 
       h0203  7 0.8492 0.1508 
       h0213  7 0.8436 0.1564 
       h0223  7 0.9357 0.0643 
       h0233  7 0.9637 0.0363 
       h0243  7 0.7501 0.2499 
       h0253  7 0.6921 0.3079 
       h0263  7 0.9447 0.0553 
       h0273  7 0.7510 0.2490 
       h0283  7 0.8297 0.1703 
       h0293  7 0.8465 0.1535 
       h0303  7 0.8139 0.1861 
       h0313  7 0.9653 0.0347 
       h0323  7 0.7737 0.2263 
       h0333  7 0.9534 0.0466 
       h0343  7 0.7241 0.2759 
       h0353  7 0.6832 0.3168 
       h0363  7 0.9181 0.0819 
       h0373  7 0.8360 0.1640 
       h0383  7 0.7982 0.2018 
       h0393  7 0.7256 0.2744 
       h0403  7 0.8508 0.1492 
       h0413  7 0.9444 0.0556 
       h0423  7 0.8113 0.1887 
       h0433  7 0.6951 0.3049 
       h0443  7 0.9510 0.0490 
       h0453  7 0.6437 0.3563 
       h0463  7 0.8096 0.1904 
       h0473  7 0.7431 0.2569 
       h0483  7 0.8357 0.1643 
       h0493  7 0.6653 0.3347 
       h0503  7 0.7118 0.2882 
       h0513  7 0.7339 0.2661 
       h0523  7 0.7022 0.2978 
       h0533  7 0.9150 0.0850 
       h0543  7 0.9206 0.0794 
       h0553  7 0.9077 0.0923 
       h0563  7 0.9203 0.0797 
       h0573  7 0.9261 0.0739 
       h0583  7 0.6165 0.3835 
       h0593  7 0.8025 0.1975 
       h0603  7 0.9756 0.0244 
       h0613  7 0.4771 0.5229 
       h0623  7 0.6950 0.3050 
       h0633  7 0.8135 0.1865 
       h0643  7 0.7212 0.2788 
       h0653  7 0.8209 0.1791 
       h0663  7 0.8710 0.1290 
       h0673  7 0.9529 0.0471 
       h0683  7 0.7963 0.2037 
       h0693  7 0.6493 0.3507 
       h0703  7 0.8233 0.1767 
       h0713  7 0.7910 0.2090 
       h0723  7 0.5816 0.4184 
       h0733  7 0.8798 0.1202 
       h0743  7 0.9620 0.0380 
       h0753  7 0.7986 0.2014 
       h0763  7 0.6703 0.3297 
       h0773  7 0.7466 0.2534 
       h0783  7 0.9100 0.0900 
       h0793  7 0.9149 0.0851 
       h0803  7 0.6786 0.3214 
       h0813  7 0.8795 0.1205 
       h0823  7 0.6949 0.3051 
       h0833  7 0.8565 0.1435 
       h0843  7 0.6257 0.3743 
       h0853  7 0.9117 0.0883 
       h0863  7 0.6521 0.3479 
       h0873  7 0.9168 0.0832 
       h0883  7 0.8598 0.1402 
       h0893  7 0.8524 0.1476 
       h0903  7 0.8540 0.1460 
       h0913  7 0.9585 0.0415 
       h0923  7 0.7943 0.2057 
       h0933  7 0.6192 0.3808 
       h0943  7 0.8774 0.1226 
       h0953  7 0.7174 0.2826 
       h0963  7 0.7243 0.2757 
       h0973  7 0.6838 0.3162 
       h0983  7 0.7228 0.2772 
       h0993  7 0.6289 0.3711 
       h1003  7 0.6858 0.3142 
       W23CA  8 0.9778 0.0222 
     AP.085Y  8 0.9722 0.0278 
     CH.0LLY  8 0.9162 0.0838 
       M0LEC  8 0.9796 0.0204 
       M2C3H  8 0.9650 0.0350 
       M2CHL  8 0.8687 0.1313 
       W26P7  8 0.9693 0.0307 
     AP.07M5  8 0.9192 0.0808 
     AP.080U  8 0.9575 0.0425 
     AP.082A  8 0.9800 0.0200 
     AP.0843  8 0.9352 0.0648 
     AP.0844  8 0.9109 0.0891 
     AP.084X  8 0.9776 0.0224 
     AP.086Y  8 0.9757 0.0243 
     AP.0870  8 0.9652 0.0348 
     AP.0878  8 0.9572 0.0428 
     AP.087F  8 0.9665 0.0335 
     AP.087Y  8 0.9012 0.0988 
     AP.088P  8 0.9615 0.0385 
     AP.08AK  8 0.9635 0.0365 
     CH.0LLM  8 0.9735 0.0265 
     CH.0LLU  8 0.9371 0.0629 
     CH.0LM0  8 0.9519 0.0481 
     CH.0LM3  8 0.9657 0.0343 
       W26MY  8 0.8839 0.1161 
       W26P6  8 0.9382 0.0618 
      HRV07U  8 0.8922 0.1078 
      HRV1CT  8 0.9800 0.0200 
      HRV1CU  8 0.9844 0.0156 
      HRV1E6  8 0.9827 0.0173 
      HRV081  8 0.9860 0.0140 
      HRV1E3  8 0.9663 0.0337 
      MSV21E  8 0.9548 0.0452 
      MSV216  8 0.9455 0.0545 
       M0TYK  8 0.9597 0.0403 
      MSV2AA  8 0.9462 0.0538 
     CK.0PET  8 0.8548 0.1452 
       M2E8C  8 0.9764 0.0236 
      MSV23X  8 0.9539 0.0461 
      MSV32A  8 0.9501 0.0499 
     AP.0838  8 0.9707 0.0293 
     AP.088F  8 0.9653 0.0347 
       h0014  9 0.7598 0.2402 
       h0024  9 0.8077 0.1923 
       h0034  9 0.9802 0.0198 
       h0044  9 0.8374 0.1626 
       h0054  9 0.8228 0.1772 
       h0064  9 0.9309 0.0691 
       h0074  9 0.9622 0.0378 
       h0084  9 0.9684 0.0316 
       h0094  9 0.9536 0.0464 
       h0104  9 0.9507 0.0493 
       h0114  9 0.9737 0.0263 
       h0124  9 0.8828 0.1172 
       h0134  9 0.8098 0.1902 
       h0144  9 0.9373 0.0627 
       h0154  9 0.9476 0.0524 
       h0164  9 0.9023 0.0977 
       h0174  9 0.9542 0.0458 
       h0184  9 0.9486 0.0514 
       h0194  9 0.8111 0.1889 
       h0204  9 0.9481 0.0519 
       h0214  9 0.9634 0.0366 
       h0224  9 0.9338 0.0662 
       h0234  9 0.9020 0.0980 
       h0244  9 0.9267 0.0733 
       h0254  9 0.9674 0.0326 
       h0264  9 0.9725 0.0275 
       h0274  9 0.8485 0.1515 
       h0284  9 0.8467 0.1533 
       h0294  9 0.9233 0.0767 
       h0304  9 0.7207 0.2793 
       h0314  9 0.9562 0.0438 
       h0324  9 0.9253 0.0747 
       h0334  9 0.9622 0.0378 
       h0344  9 0.8289 0.1711 
       h0354  9 0.9708 0.0292 
       h0364  9 0.9774 0.0226 
       h0374  9 0.8043 0.1957 
       h0384  9 0.9715 0.0285 
       h0394  9 0.9772 0.0228 
       h0404  9 0.9751 0.0249 
       h0414  9 0.9216 0.0784 
       h0424  9 0.8401 0.1599 
       h0434  9 0.9310 0.0690 
       h0444  9 0.9786 0.0214 
       h0454  9 0.9726 0.0274 
       h0464  9 0.9420 0.0580 
       h0474  9 0.9515 0.0485 
       h0484  9 0.9689 0.0311 
       h0494  9 0.8786 0.1214 
       h0504  9 0.9526 0.0474 
       h0514  9 0.8850 0.1150 
       h0524  9 0.8937 0.1063 
       h0534  9 0.9720 0.0280 
       h0544  9 0.9217 0.0783 
       h0554  9 0.9735 0.0265 
       h0564  9 0.9667 0.0333 
       h0574  9 0.9736 0.0264 
       h0584  9 0.9638 0.0362 
       h0594  9 0.9622 0.0378 
       h0604  9 0.9695 0.0305 
       h0614  9 0.8714 0.1286 
       h0624  9 0.8249 0.1751 
       h0634  9 0.9568 0.0432 
       h0644  9 0.9172 0.0828 
       h0654  9 0.9465 0.0535 
       h0664  9 0.8956 0.1044 
       h0674  9 0.8176 0.1824 
       h0684  9 0.8074 0.1926 
       h0694  9 0.9765 0.0235 
       h0704  9 0.8019 0.1981 
       h0714  9 0.9790 0.0210 
       h0724  9 0.9423 0.0577 
       h0734  9 0.8309 0.1691 
       h0744  9 0.9623 0.0377 
       h0754  9 0.9669 0.0331 
       h0764  9 0.8328 0.1672 
       h0774  9 0.9839 0.0161 
       h0784  9 0.9501 0.0499 
       h0794  9 0.9772 0.0228 
       h0804  9 0.9435 0.0565 
       h0814  9 0.8420 0.1580 
       h0824  9 0.6172 0.3828 
       h0834  9 0.9701 0.0299 
       h0844  9 0.9703 0.0297 
       h0854  9 0.9699 0.0301 
       h0864  9 0.9399 0.0601 
       h0874  9 0.9064 0.0936 
       h0884  9 0.9338 0.0662 
       h0894  9 0.8549 0.1451 
       h0904  9 0.9200 0.0800 
       h0914  9 0.9453 0.0547 
       h0924  9 0.7982 0.2018 
       h0934  9 0.9664 0.0336 
       h0944  9 0.8664 0.1336 
       h0954  9 0.9692 0.0308 
       h0964  9 0.9728 0.0272 
       h0974  9 0.9209 0.0791 
       h0984  9 0.9544 0.0456 
       h0994  9 0.8456 0.1544 
       h1004  9 0.8844 0.1156 
     AP.087T 10 0.9694 0.0306 
      HRV031 10 0.9843 0.0157 
       M2AY5 10 0.9780 0.0220 
     AP.081F 10 0.9818 0.0182 
       W23F0 10 0.9731 0.0269 
     AP.0881 10 0.9550 0.0450 
       M0LUP 10 0.9739 0.0261 
       W26LK 10 0.9836 0.0164 
     AP.08AC 10 0.9622 0.0378 
     CH.0LM5 10 0.9799 0.0201 
       W26T0 10 0.9716 0.0284 
     AP.08AH 10 0.9735 0.0265 
     AP.087U 10 0.9274 0.0726 
       M0LUH 10 0.9841 0.0159 
      HRV01L 10 0.9813 0.0187 
       M0102 10 0.9804 0.0196 
      HRV0KA 10 0.9834 0.0166 
       M04XM 10 0.9803 0.0197 
      HRV0ME 10 0.9681 0.0319 
     AP.0864 10 0.9829 0.0171 
       M1CFL 10 0.9717 0.0283 
      HRV04C 10 0.9803 0.0197 
       M055C 10 0.9283 0.0717 
       M04XH 10 0.9738 0.0262 
       M2CHP 10 0.9429 0.0571 
     AP.07ME 10 0.9607 0.0393 
      HRV0MK 10 0.9837 0.0163 
       M2AXY 10 0.9778 0.0222 
      HRV0JL 10 0.9862 0.0138 
     AP.07U8 10 0.9789 0.0211 
       W26UL 10 0.9486 0.0514 
       M0EYT 10 0.9826 0.0174 
      HRV05L 10 0.9763 0.0237 
      HRV1E1 10 0.9803 0.0197 
      HRV0JX 10 0.9654 0.0346 
      HRV0M2 10 0.9722 0.0278 
     AP.0861 10 0.9799 0.0201 
       M2CHM 10 0.9346 0.0654 
      HRV007 10 0.9748 0.0252 
     AP.08AT 10 0.9819 0.0181 
      HRV1EC 10 0.9823 0.0177 
     AP.087P 10 0.9752 0.0248 
       M1751 10 0.9802 0.0198 
      HRV06A 10 0.9812 0.0188 
      HRV076 10 0.9683 0.0317 
     AP.085X 10 0.9825 0.0175 
     AP.088A 10 0.9823 0.0177 
       M182M 10 0.9732 0.0268 
      HRV020 10 0.9683 0.0317 
       M0XTE 10 0.9718 0.0282 
      HRV0M6 10 0.9338 0.0662 
      HRV0M7 10 0.9778 0.0222 
     AP.088K 10 0.9732 0.0268 
       M16YU 10 0.9855 0.0145 
      HRV025 10 0.9715 0.0285 
       M05PH 10 0.9766 0.0234 
      HRV1E2 10 0.9856 0.0144 
      HRV0H3 10 0.9784 0.0216 
     CH.0LLP 10 0.9846 0.0154 
      HRV00K 10 0.9752 0.0248 
      HRV1EA 10 0.9655 0.0345 
      HRV055 10 0.9860 0.0140 
     AP.086X 10 0.9669 0.0331 
      HRV02A 10 0.9518 0.0482 
      HRV005 10 0.9644 0.0356 
     AP.087L 10 0.9806 0.0194 
      HRV0KF 10 0.9493 0.0507 
     AP.08A1 10 0.9720 0.0280 
     AP.087H 10 0.9842 0.0158 
     AP.08A5 10 0.9847 0.0153 
      HRV07H 10 0.9873 0.0127 
      HRV0A0 10 0.9848 0.0152 
      HRV01U 10 0.9820 0.0180 
      HRV05U 10 0.9841 0.0159 
      HRV07L 10 0.9598 0.0402 
     AP.088L 10 0.9808 0.0192 
     AP.0863 10 0.9430 0.0570 
     AP.0875 10 0.7022 0.2978 
       M2C3A 10 0.9810 0.0190 
       M0FF2 10 0.9844 0.0156 
     AP.07MA 10 0.9699 0.0301 
     AP.08A4 10 0.8000 0.2000 
      HRV01X 10 0.9797 0.0203 
      HRV008 10 0.9837 0.0163 
      HRV0LM 10 0.9785 0.0215 
      HRV0KU 10 0.9552 0.0448 
     AP.087X 10 0.9420 0.0580 
       M04PF 10 0.9843 0.0157 
      HRV0KE 10 0.9828 0.0172 
       W2716 10 0.9326 0.0674 
       M0HJ6 10 0.9659 0.0341 
     AM.07FM 10 0.9875 0.0125 
       W26ME 10 0.9759 0.0241 
      HRV0J2 10 0.9835 0.0165 
     AP.0885 10 0.9748 0.0252 
       M03MM 10 0.9691 0.0309 
      HRV1E5 10 0.9867 0.0133 
      HRV033 10 0.9843 0.0157 
      HRV026 10 0.9721 0.0279 
     AP.087M 10 0.9747 0.0253 
