       M1EL5  1 0.9776 0.0051 0.0071 0.0027 0.0026 0.0049 
       W26T6  1 0.9570 0.0065 0.0045 0.0045 0.0081 0.0194 
       W26XX  1 0.9865 0.0030 0.0034 0.0028 0.0021 0.0022 
       M013P  1 0.9869 0.0029 0.0035 0.0016 0.0031 0.0020 
       M1ELA  1 0.9058 0.0170 0.0461 0.0110 0.0146 0.0055 
       M2C73  1 0.9836 0.0034 0.0042 0.0020 0.0026 0.0042 
       W23P4  1 0.8932 0.0071 0.0032 0.0582 0.0057 0.0327 
       W247C  1 0.9885 0.0023 0.0026 0.0019 0.0026 0.0021 
       W24K1  1 0.9898 0.0017 0.0021 0.0021 0.0022 0.0021 
       W24ME  1 0.9562 0.0049 0.0030 0.0074 0.0055 0.0230 
       W2514  1 0.9801 0.0037 0.0028 0.0052 0.0030 0.0052 
       W26MA  1 0.9748 0.0043 0.0028 0.0060 0.0066 0.0055 
       W26MM  1 0.9849 0.0031 0.0017 0.0024 0.0053 0.0025 
       W26MU  1 0.9818 0.0044 0.0030 0.0027 0.0027 0.0054 
       W26P0  1 0.9829 0.0056 0.0023 0.0026 0.0027 0.0040 
       W26P3  1 0.9884 0.0026 0.0036 0.0018 0.0020 0.0016 
       W26T5  1 0.9905 0.0020 0.0016 0.0020 0.0018 0.0021 
       W26TE  1 0.9680 0.0116 0.0062 0.0046 0.0046 0.0050 
       W26TF  1 0.9732 0.0023 0.0075 0.0020 0.0132 0.0019 
       W26U8  1 0.9484 0.0134 0.0070 0.0143 0.0068 0.0103 
       W26UJ  1 0.9895 0.0018 0.0016 0.0016 0.0031 0.0025 
       W26UK  1 0.9901 0.0020 0.0029 0.0016 0.0016 0.0017 
       W26UT  1 0.9865 0.0016 0.0059 0.0020 0.0021 0.0018 
       W26XT  1 0.9753 0.0029 0.0118 0.0022 0.0057 0.0021 
      CC06H2  1 0.9576 0.0040 0.0031 0.0208 0.0079 0.0066 
      CC06H4  1 0.9837 0.0025 0.0028 0.0024 0.0056 0.0030 
      CC06H5  1 0.9535 0.0133 0.0066 0.0131 0.0041 0.0094 
      CC06H6  1 0.9774 0.0086 0.0051 0.0041 0.0016 0.0032 
      CC06HE  1 0.9870 0.0029 0.0037 0.0019 0.0022 0.0023 
      CC06HF  1 0.9577 0.0044 0.0125 0.0068 0.0087 0.0099 
      CC06HH  1 0.9856 0.0025 0.0053 0.0028 0.0019 0.0020 
      CC06HJ  1 0.9490 0.0323 0.0033 0.0027 0.0090 0.0037 
      CC06HL  1 0.9893 0.0026 0.0028 0.0016 0.0021 0.0015 
      CC06HP  1 0.9859 0.0018 0.0069 0.0016 0.0018 0.0019 
      CC06HT  1 0.9456 0.0068 0.0317 0.0060 0.0048 0.0051 
      CC06HU  1 0.9701 0.0185 0.0041 0.0026 0.0029 0.0018 
      CC06HY  1 0.9704 0.0042 0.0040 0.0095 0.0076 0.0043 
      CC06J0  1 0.9802 0.0029 0.0026 0.0028 0.0072 0.0042 
      CC06J1  1 0.9705 0.0072 0.0031 0.0034 0.0052 0.0106 
      CC06J2  1 0.9806 0.0037 0.0068 0.0025 0.0037 0.0028 
     CT.0YCY  1 0.9852 0.0030 0.0030 0.0032 0.0027 0.0028 
     CT.0YEC  1 0.9901 0.0017 0.0024 0.0016 0.0026 0.0016 
     CT.0YEF  1 0.9862 0.0032 0.0023 0.0029 0.0020 0.0034 
     CT.0YEU  1 0.9912 0.0019 0.0016 0.0020 0.0015 0.0019 
     CT.0YF2  1 0.9771 0.0055 0.0027 0.0042 0.0047 0.0057 
     CT.0YF8  1 0.9890 0.0021 0.0039 0.0017 0.0013 0.0021 
     CT.0YFA  1 0.9806 0.0058 0.0037 0.0037 0.0016 0.0047 
     CT.0YFE  1 0.9793 0.0037 0.0062 0.0035 0.0027 0.0046 
     CT.0YFP  1 0.9740 0.0039 0.0017 0.0024 0.0092 0.0088 
     CT.0YFU  1 0.9858 0.0026 0.0029 0.0029 0.0024 0.0034 
     CT.0YK7  1 0.9797 0.0024 0.0032 0.0041 0.0062 0.0044 
     CX.10PT  1 0.9463 0.0052 0.0073 0.0110 0.0221 0.0082 
      DAM021  1 0.9562 0.0028 0.0257 0.0092 0.0026 0.0034 
      DAM034  1 0.9830 0.0037 0.0029 0.0037 0.0016 0.0051 
      DAM07X  1 0.9847 0.0029 0.0026 0.0046 0.0020 0.0032 
     EF.15J6  1 0.9871 0.0033 0.0030 0.0023 0.0021 0.0021 
      HRV010  1 0.9822 0.0060 0.0026 0.0025 0.0045 0.0022 
      HRV02J  1 0.9785 0.0061 0.0040 0.0031 0.0030 0.0054 
      HRV078  1 0.9817 0.0026 0.0046 0.0031 0.0037 0.0044 
      HRV0FH  1 0.9878 0.0026 0.0018 0.0024 0.0022 0.0032 
      HRV0H5  1 0.9822 0.0032 0.0047 0.0038 0.0029 0.0032 
      HRV0JF  1 0.9598 0.0051 0.0027 0.0030 0.0024 0.0270 
      HRV0JJ  1 0.9807 0.0043 0.0027 0.0046 0.0026 0.0051 
      HRV0JM  1 0.9844 0.0028 0.0039 0.0024 0.0020 0.0046 
      HRV0K6  1 0.9480 0.0177 0.0028 0.0056 0.0157 0.0101 
      HRV0K7  1 0.9775 0.0099 0.0060 0.0018 0.0024 0.0024 
      HRV0KP  1 0.9692 0.0058 0.0070 0.0040 0.0103 0.0036 
      HRV1AX  1 0.9644 0.0048 0.0108 0.0088 0.0034 0.0078 
      HRV1C4  1 0.9785 0.0025 0.0020 0.0098 0.0018 0.0053 
      HRV1CH  1 0.9799 0.0063 0.0028 0.0032 0.0028 0.0050 
      HRV1FA  1 0.9714 0.0086 0.0084 0.0048 0.0035 0.0034 
      HRV1FK  1 0.9767 0.0036 0.0029 0.0045 0.0083 0.0041 
      HRV1H8  1 0.9810 0.0033 0.0081 0.0030 0.0020 0.0027 
      HRV1HT  1 0.9757 0.0048 0.0040 0.0046 0.0048 0.0060 
      HRV1XU  1 0.9721 0.0022 0.0049 0.0032 0.0144 0.0032 
      HRV4TF  1 0.9235 0.0059 0.0633 0.0024 0.0029 0.0020 
      HRV6F0  1 0.9783 0.0029 0.0101 0.0025 0.0034 0.0029 
      HRVE6L  1 0.9431 0.0048 0.0377 0.0036 0.0060 0.0048 
       M27HM  1 0.9804 0.0034 0.0052 0.0035 0.0021 0.0053 
       M27HP  1 0.9896 0.0021 0.0022 0.0021 0.0020 0.0020 
       M2AK4  1 0.9888 0.0021 0.0024 0.0022 0.0024 0.0021 
       M2ALA  1 0.9893 0.0020 0.0021 0.0021 0.0023 0.0020 
       M2C56  1 0.9707 0.0046 0.0135 0.0037 0.0033 0.0042 
       M2CUX  1 0.9744 0.0052 0.0028 0.0025 0.0061 0.0090 
       M2E24  1 0.9893 0.0022 0.0018 0.0021 0.0020 0.0025 
       M2EA7  1 0.9875 0.0021 0.0025 0.0026 0.0027 0.0026 
       M2EH6  1 0.9868 0.0036 0.0023 0.0027 0.0023 0.0022 
       M2EKC  1 0.8296 0.0203 0.1340 0.0034 0.0068 0.0060 
      MSV083  1 0.9652 0.0073 0.0050 0.0023 0.0172 0.0031 
      MSV084  1 0.9725 0.0115 0.0051 0.0043 0.0024 0.0042 
      MSV0LJ  1 0.9816 0.0033 0.0044 0.0026 0.0029 0.0053 
      MSV1H5  1 0.9675 0.0123 0.0042 0.0082 0.0025 0.0052 
      MSV1KM  1 0.9896 0.0019 0.0024 0.0020 0.0019 0.0022 
      MSV23F  1 0.9669 0.0044 0.0131 0.0026 0.0102 0.0028 
      MSV2L8  1 0.9854 0.0022 0.0028 0.0020 0.0032 0.0044 
      MSV2P7  1 0.9884 0.0019 0.0019 0.0025 0.0026 0.0027 
      MSV2TJ  1 0.9795 0.0046 0.0039 0.0054 0.0017 0.0050 
      MSV2XM  1 0.9808 0.0037 0.0048 0.0033 0.0041 0.0034 
      MSV327  1 0.9860 0.0034 0.0023 0.0024 0.0032 0.0027 
      MSV33L  1 0.9901 0.0023 0.0019 0.0021 0.0018 0.0018 
      MSV1TX  2 0.5927 0.0040 0.0028 0.3854 0.0040 0.0110 
      MSV025  2 0.3714 0.0191 0.0923 0.1749 0.0279 0.3144 
      MSV02C  2 0.5295 0.0043 0.0793 0.3019 0.0152 0.0699 
      MSV02E  2 0.4620 0.0033 0.1133 0.0269 0.0080 0.3865 
      MSV0TF  2 0.3701 0.0037 0.0543 0.0127 0.0051 0.5542 
       M2EL8  2 0.3723 0.0058 0.1247 0.2684 0.0431 0.1857 
      MSV21T  3 0.0072 0.0080 0.1601 0.0593 0.0029 0.7625 
       M2E71  3 0.0892 0.0112 0.3805 0.3446 0.0035 0.1710 
       W23CA  4 0.0022 0.0066 0.0070 0.0040 0.0020 0.9782 
     AP.085Y  4 0.0031 0.0047 0.0058 0.0058 0.0052 0.9754 
     CH.0LLY  4 0.0083 0.0044 0.0071 0.0021 0.0032 0.9749 
       M0LEC  4 0.0019 0.0079 0.0023 0.0067 0.0018 0.9794 
       M2C3H  4 0.0031 0.0041 0.0114 0.0029 0.0044 0.9741 
       M2CHL  4 0.0131 0.0036 0.0075 0.0016 0.0028 0.9713 
       W26P7  4 0.0028 0.0029 0.0060 0.0024 0.0021 0.9837 
     AP.07M5  4 0.0055 0.0146 0.0048 0.0158 0.0857 0.8736 
     AP.080U  4 0.0047 0.0038 0.0072 0.0038 0.0018 0.9786 
     AP.082A  4 0.0019 0.0036 0.0024 0.0053 0.0035 0.9833 
     AP.0843  4 0.0072 0.0100 0.0022 0.0034 0.0040 0.9733 
     AP.0844  4 0.0298 0.0042 0.0088 0.0032 0.0019 0.9521 
     AP.084X  4 0.0029 0.0033 0.0026 0.0041 0.0033 0.9839 
     AP.086Y  4 0.0026 0.0030 0.0073 0.0024 0.0026 0.9821 
     AP.0870  4 0.0033 0.0053 0.0278 0.0046 0.0023 0.9567 
     AP.0878  4 0.0036 0.0047 0.0113 0.0023 0.0026 0.9755 
     AP.087F  4 0.0030 0.0037 0.0035 0.0021 0.0019 0.9858 
     AP.087Y  4 0.0093 0.0032 0.0058 0.0018 0.0023 0.9775 
     AP.088P  4 0.0060 0.0074 0.0040 0.0143 0.0045 0.9639 
     AP.08AK  4 0.0070 0.0030 0.0023 0.0125 0.0197 0.9555 
     CH.0LLM  4 0.0028 0.0025 0.0082 0.0135 0.0062 0.9669 
     CH.0LLU  4 0.0263 0.0071 0.0098 0.0146 0.0067 0.9356 
     CH.0LM0  4 0.0108 0.0061 0.0029 0.0029 0.0061 0.9712 
     CH.0LM3  4 0.0062 0.0053 0.0025 0.0091 0.0072 0.9697 
       W26MY  4 0.0991 0.0080 0.0149 0.0039 0.0434 0.8306 
       W26P6  4 0.0410 0.0078 0.0030 0.0070 0.0042 0.9369 
      HRV07U  4 0.0090 0.0461 0.0369 0.0077 0.0036 0.8967 
      HRV1CT  4 0.0026 0.0034 0.0030 0.0083 0.0033 0.9795 
      HRV1CU  4 0.0020 0.0046 0.0047 0.1631 0.0048 0.8207 
      HRV1E6  4 0.0021 0.0053 0.0043 0.0095 0.0031 0.9757 
      HRV081  4 0.0016 0.0029 0.0022 0.0536 0.0089 0.9307 
      HRV1E3  4 0.0041 0.0192 0.0042 0.0057 0.0021 0.9647 
      MSV21E  4 0.0079 0.0031 0.0607 0.0372 0.0141 0.8769 
      MSV216  4 0.0025 0.0037 0.4758 0.0292 0.0088 0.4800 
       M0TYK  4 0.0085 0.0039 0.0051 0.0075 0.0035 0.9715 
      MSV2AA  4 0.0891 0.0060 0.0866 0.4424 0.0059 0.3700 
     CK.0PET  4 0.0908 0.0063 0.5970 0.0122 0.0119 0.2818 
       M2E8C  4 0.0028 0.0035 0.0032 0.9581 0.0047 0.0277 
      MSV23X  4 0.0162 0.0031 0.0732 0.1248 0.0114 0.7712 
      MSV32A  4 0.0396 0.0199 0.2929 0.2350 0.0031 0.4094 
     AP.0838  4 0.0026 0.0124 0.0538 0.0079 0.0015 0.9219 
     AP.088F  4 0.0034 0.0310 0.0184 0.0113 0.0025 0.9334 
      DAM2HL  5 0.0023 0.0168 0.0046 0.0203 0.0027 0.9532 
       M2ALK  5 0.0034 0.0055 0.2875 0.6779 0.0027 0.0230 
       M2E2J  5 0.0214 0.0027 0.0023 0.0226 0.0330 0.9181 
       M2E73  5 0.0028 0.0063 0.0051 0.1196 0.0038 0.8623 
       M2E74  5 0.0030 0.0086 0.2388 0.7410 0.0023 0.0062 
       M2EUJ  5 0.0027 0.0741 0.4772 0.2860 0.0031 0.1569 
      DAM1XK  5 0.0024 0.0184 0.0038 0.0301 0.0027 0.9425 
       M2057  5 0.0039 0.0068 0.0043 0.6964 0.0015 0.2871 
       M2271  5 0.0016 0.0035 0.0035 0.9714 0.0167 0.0033 
       M27YK  5 0.0243 0.1305 0.0800 0.0088 0.0017 0.7546 
       M2A1H  5 0.0019 0.0026 0.0060 0.4990 0.4853 0.0052 
       M2E0P  5 0.0022 0.0034 0.0032 0.8964 0.0045 0.0903 
       M2E75  5 0.0017 0.0222 0.0030 0.9496 0.0061 0.0174 
       M2E76  5 0.0028 0.0043 0.0075 0.9784 0.0018 0.0051 
      MSV0T5  5 0.0067 0.0104 0.0041 0.8780 0.0043 0.0964 
      MSV241  5 0.0032 0.0060 0.0027 0.9642 0.0032 0.0206 
      MSV2A0  5 0.0039 0.0045 0.0041 0.9744 0.0067 0.0064 
      MSV2A1  5 0.0016 0.0025 0.0024 0.9880 0.0027 0.0028 
      MSV2A8  5 0.0023 0.0043 0.0098 0.9535 0.0026 0.0274 
      DAM1P5  5 0.0013 0.0019 0.0017 0.9891 0.0017 0.0044 
       M1084  5 0.0025 0.0087 0.0053 0.4320 0.0025 0.5491 
      MSV2M4  5 0.0029 0.0089 0.0045 0.9656 0.0061 0.0120 
      MSV2T6  5 0.0035 0.0067 0.0037 0.9308 0.0497 0.0056 
       M1UM1  5 0.0058 0.0619 0.0132 0.1002 0.0054 0.8134 
       M2ECL  5 0.0184 0.0244 0.0381 0.7988 0.0018 0.1184 
       M2EJ0  5 0.0020 0.0890 0.0036 0.2948 0.0021 0.6086 
      MSV20J  5 0.0021 0.0090 0.0070 0.9374 0.0051 0.0394 
      MSV2TK  5 0.0165 0.0157 0.0342 0.8161 0.0019 0.1157 
      MSV2TX  5 0.0017 0.0035 0.0047 0.9464 0.0025 0.0412 
      MSV310  5 0.0038 0.0029 0.0031 0.9789 0.0040 0.0072 
      MSV33F  5 0.0034 0.0036 0.0029 0.9756 0.0097 0.0049 
      DAM35L  5 0.0019 0.0064 0.0025 0.9681 0.0120 0.0091 
       M2E4C  5 0.0021 0.0038 0.0084 0.9301 0.0026 0.0530 
       M2E4H  5 0.0031 0.0190 0.0049 0.0489 0.0049 0.9191 
       M2E65  5 0.0033 0.0128 0.0353 0.9415 0.0025 0.0046 
       M2EEJ  5 0.0023 0.0020 0.0024 0.9857 0.0040 0.0036 
       M2EEP  5 0.0037 0.0079 0.0096 0.9462 0.0108 0.0217 
      MSV1TU  5 0.0054 0.0042 0.0136 0.2308 0.0052 0.7408 
      MSV20M  5 0.0019 0.0066 0.0060 0.9557 0.0039 0.0260 
      MSV223  5 0.0030 0.0045 0.0025 0.0159 0.0029 0.9712 
      MSV22E  5 0.0026 0.0054 0.0040 0.9735 0.0038 0.0107 
      MSV23J  5 0.0022 0.0037 0.0021 0.0092 0.0029 0.9798 
      MSV2K6  5 0.0019 0.0025 0.0026 0.9839 0.0037 0.0053 
      DAM23U  5 0.0073 0.0056 0.0207 0.4378 0.0066 0.5220 
       M2E8A  5 0.0021 0.0034 0.0049 0.9761 0.0063 0.0072 
      MSV2L2  5 0.0028 0.0029 0.0033 0.9731 0.0099 0.0079 
       M1YMH  5 0.0070 0.0078 0.0039 0.6960 0.0117 0.2737 
       M2A84  5 0.0126 0.0048 0.0124 0.4337 0.0089 0.5275 
      MSV23M  5 0.0032 0.0762 0.0076 0.0134 0.0034 0.8961 
     AP.085T  5 0.0018 0.0040 0.0039 0.9560 0.0053 0.0290 
     AP.086J  5 0.0028 0.8600 0.0392 0.0487 0.0073 0.0420 
     AP.08C2  5 0.0171 0.2847 0.0521 0.0067 0.0248 0.6146 
     AP.08CF  5 0.0019 0.0100 0.0046 0.9318 0.0073 0.0443 
     AP.08CX  5 0.0015 0.0032 0.0028 0.9848 0.0020 0.0056 
     AP.08CY  5 0.0033 0.0229 0.0118 0.9539 0.0029 0.0053 
      DAM0JX  5 0.0023 0.0119 0.0038 0.1425 0.0077 0.8319 
      DAM0P4  5 0.0021 0.0042 0.0028 0.0540 0.0064 0.9306 
      DAM0UK  5 0.0048 0.1029 0.0065 0.7931 0.0033 0.0894 
       M2030  5 0.0019 0.0086 0.0030 0.9744 0.0085 0.0037 
      MSV24M  5 0.0029 0.0132 0.0034 0.9252 0.0030 0.0522 
       M20AM  5 0.0025 0.0742 0.2642 0.3142 0.0023 0.3426 
       M21YP  5 0.0025 0.0927 0.8970 0.0030 0.0022 0.0026 
       M2205  5 0.0013 0.0045 0.0029 0.9827 0.0040 0.0045 
       M2206  5 0.0019 0.0072 0.0042 0.9781 0.0026 0.0061 
      MSV267  5 0.0023 0.0244 0.0030 0.9308 0.0036 0.0358 
       M2757  5 0.0032 0.0525 0.1759 0.3717 0.0031 0.3936 
       M27TH  5 0.0025 0.0091 0.0063 0.6014 0.0016 0.3791 
      MSV2JA  5 0.0061 0.0084 0.0874 0.4016 0.3137 0.1829 
      MSV2KU  5 0.0029 0.0054 0.0096 0.9702 0.0077 0.0042 
      MSV2MF  5 0.0029 0.0109 0.1325 0.7605 0.0093 0.0839 
      MSV2TA  5 0.0016 0.0024 0.0028 0.9878 0.0019 0.0035 
      MSV2TE  5 0.0015 0.0023 0.0028 0.9837 0.0024 0.0073 
      MSV2TU  5 0.0179 0.0373 0.0041 0.8463 0.0036 0.0908 
      MSV2UT  5 0.0032 0.0128 0.1108 0.8285 0.0029 0.0418 
      MSV306  5 0.0024 0.0069 0.0047 0.9777 0.0024 0.0059 
      MSV311  5 0.0016 0.0225 0.0039 0.9625 0.0024 0.0070 
      MSV31M  5 0.0041 0.0606 0.0072 0.7195 0.0032 0.2053 
      MSV325  5 0.0027 0.0037 0.0037 0.8973 0.0127 0.0799 
      MSV32H  5 0.0044 0.0077 0.0053 0.9576 0.0111 0.0139 
     CX.112U  5 0.0030 0.0239 0.0066 0.9478 0.0030 0.0156 
      DAM2PC  5 0.0015 0.0017 0.0024 0.2210 0.7613 0.0121 
       M2E48  5 0.0023 0.0039 0.0050 0.9728 0.0032 0.0128 
       M2E7K  5 0.0025 0.0047 0.0067 0.9528 0.0037 0.0295 
       M2E80  5 0.0024 0.0035 0.0048 0.9779 0.0045 0.0070 
       M2EAM  5 0.0014 0.0028 0.0034 0.9836 0.0024 0.0065 
       M2EFF  5 0.0037 0.0028 0.0090 0.9782 0.0028 0.0036 
       M2EFY  5 0.0030 0.0062 0.0058 0.9251 0.0018 0.0580 
       M2EHM  5 0.0019 0.0101 0.0029 0.9726 0.0058 0.0067 
       M2EK0  5 0.0023 0.0204 0.0042 0.0880 0.0073 0.8778 
       M2EK1  5 0.0018 0.0085 0.0068 0.5752 0.0045 0.4031 
      MSV22F  5 0.0024 0.0115 0.0052 0.8619 0.0078 0.1111 
      MSV273  5 0.0034 0.0025 0.0047 0.9839 0.0021 0.0033 
      MSV0TL  5 0.0050 0.0138 0.0081 0.1274 0.7037 0.1421 
      MSV0TT  5 0.0021 0.0023 0.0032 0.9862 0.0032 0.0030 
      MSV12H  5 0.0020 0.0031 0.0042 0.0132 0.0038 0.9738 
      MSV1TH  5 0.0028 0.0112 0.0500 0.9228 0.0081 0.0050 
      MSV275  5 0.0028 0.0027 0.0037 0.9792 0.0090 0.0026 
      MSV286  5 0.0050 0.0083 0.0228 0.9558 0.0032 0.0049 
      MSV2H4  5 0.0017 0.0032 0.0036 0.9843 0.0022 0.0050 
      MSV2K8  5 0.0023 0.0752 0.0217 0.8871 0.0036 0.0102 
      MSV2PM  5 0.0013 0.0019 0.0017 0.9892 0.0016 0.0043 
      MSV2X3  5 0.0013 0.0028 0.0021 0.9735 0.0034 0.0168 
      MSV2X4  5 0.0043 0.0071 0.0043 0.9674 0.0106 0.0064 
      MSV30U  5 0.0014 0.0027 0.0027 0.9718 0.0035 0.0180 
     CX.111C  5 0.0016 0.0031 0.0023 0.7864 0.0068 0.1997 
     AP.07M2  6 0.0112 0.0092 0.0032 0.0045 0.0069 0.9650 
      HRV05C  6 0.0043 0.0042 0.0022 0.0062 0.0085 0.9745 
      HRV077  6 0.0036 0.0138 0.0584 0.0288 0.0164 0.8790 
      HRV0A0  6 0.0023 0.0029 0.0029 0.9785 0.0030 0.0104 
      HRV0MC  6 0.0022 0.0032 0.0027 0.0234 0.0100 0.9585 
      HRV00P  6 0.0015 0.0038 0.0033 0.9850 0.0036 0.0028 
      HRV01J  6 0.0021 0.0024 0.0034 0.9835 0.0049 0.0036 
      HRV026  6 0.0020 0.0030 0.0021 0.9830 0.0066 0.0034 
      HRV02C  6 0.0015 0.0029 0.0022 0.9801 0.0032 0.0102 
      HRV031  6 0.0017 0.0053 0.0024 0.9615 0.0034 0.0257 
      HRV033  6 0.0017 0.0054 0.0024 0.9616 0.0033 0.0256 
      HRV05L  6 0.0020 0.2662 0.0046 0.3184 0.0048 0.4041 
      HRV06A  6 0.0019 0.0037 0.0038 0.9807 0.0031 0.0068 
      HRV07P  6 0.0018 0.0046 0.0031 0.0171 0.0038 0.9697 
      HRV0HC  6 0.0057 0.0035 0.0046 0.0078 0.0033 0.9750 
      HRV0HU  6 0.0044 0.1522 0.0040 0.4076 0.0070 0.4249 
      HRV0K1  6 0.0018 0.0105 0.0035 0.9692 0.0048 0.0101 
      HRV0M6  6 0.0054 0.0196 0.0046 0.9614 0.0059 0.0030 
      HRV0M7  6 0.0026 0.0068 0.0065 0.1530 0.0023 0.8289 
      HRV0MK  6 0.0015 0.0051 0.0037 0.9843 0.0021 0.0034 
      HRV1C7  6 0.0020 0.0472 0.0033 0.9307 0.0054 0.0114 
      HRV1EA  6 0.0094 0.0056 0.0164 0.0576 0.0020 0.9089 
       M147K  6 0.0013 0.0022 0.0032 0.9825 0.0044 0.0062 
      HRV008  6 0.0021 0.0051 0.0025 0.1134 0.0168 0.8600 
      HRV015  6 0.0025 0.0021 0.0022 0.9826 0.0071 0.0034 
      HRV01F  6 0.0033 0.0030 0.0033 0.9832 0.0035 0.0037 
      HRV01L  6 0.0018 0.0034 0.0023 0.9858 0.0040 0.0028 
      HRV01M  6 0.0032 0.0335 0.0138 0.2808 0.0138 0.6550 
      HRV020  6 0.0027 0.0021 0.0031 0.9833 0.0065 0.0023 
      HRV022  6 0.0044 0.0024 0.0030 0.9807 0.0054 0.0041 
      HRV02A  6 0.0028 0.0024 0.0028 0.9869 0.0024 0.0027 
      HRV02K  6 0.0050 0.0039 0.0040 0.9711 0.0134 0.0026 
      HRV04C  6 0.0018 0.0023 0.0032 0.9836 0.0038 0.0053 
      HRV05H  6 0.0035 0.0234 0.0107 0.0419 0.0037 0.9168 
      HRV076  6 0.0042 0.0059 0.0063 0.0159 0.0061 0.9616 
      HRV07H  6 0.0014 0.0035 0.0023 0.0091 0.0025 0.9811 
      HRV07X  6 0.0076 0.0117 0.0042 0.0981 0.0017 0.8767 
      HRV080  6 0.0016 0.0028 0.0020 0.0099 0.0023 0.9815 
      HRV086  6 0.0045 0.0080 0.0042 0.9365 0.0048 0.0419 
      HRV0H3  6 0.0023 0.0034 0.0039 0.9821 0.0049 0.0035 
      HRV0J3  6 0.0032 0.0056 0.0059 0.5040 0.0021 0.4791 
      HRV0JX  6 0.0044 0.0053 0.0060 0.0107 0.0061 0.9674 
      HRV0ML  6 0.0015 0.0039 0.0024 0.9715 0.0070 0.0137 
      HRV1E8  6 0.0021 0.0070 0.0045 0.0279 0.0031 0.9555 
      HRV007  6 0.0031 0.0200 0.0128 0.0447 0.0054 0.9140 
      HRV005  6 0.0025 0.0059 0.0081 0.9576 0.0040 0.0219 
      HRV05U  6 0.0019 0.0363 0.0029 0.0049 0.0056 0.9484 
      HRV01U  6 0.0020 0.0041 0.0047 0.0051 0.0018 0.9823 
     AP.07M1  6 0.0018 0.0043 0.0033 0.9838 0.0038 0.0030 
     AP.07ME  6 0.0037 0.0287 0.0355 0.1789 0.0085 0.7447 
     AP.0817  6 0.0025 0.0211 0.0059 0.0063 0.0022 0.9620 
     AP.0863  6 0.0091 0.0347 0.0087 0.0188 0.0128 0.9158 
     AP.087T  6 0.0079 0.0148 0.0024 0.0063 0.0051 0.9635 
     AP.088T  6 0.0017 0.0055 0.0025 0.0088 0.0032 0.9784 
     CH.0LM1  6 0.0025 0.0098 0.0034 0.0072 0.0056 0.9715 
       M05X5  6 0.0132 0.0820 0.0161 0.0262 0.0124 0.8501 
       M06JH  6 0.0369 0.0100 0.0880 0.0216 0.0105 0.8330 
       M0A6K  6 0.0026 0.0173 0.0069 0.0611 0.0027 0.9094 
       M0ETF  6 0.0017 0.0028 0.0024 0.9851 0.0050 0.0030 
       M0LUP  6 0.0028 0.0064 0.0033 0.9428 0.0043 0.0403 
       M16F1  6 0.0024 0.0057 0.0027 0.9496 0.0302 0.0093 
       M182M  6 0.0029 0.0102 0.0050 0.6420 0.0017 0.3381 
       M1CFL  6 0.0023 0.0193 0.0036 0.9527 0.0125 0.0097 
       M2AXY  6 0.0027 0.0096 0.0184 0.0430 0.0031 0.9232 
       M2AY2  6 0.0068 0.0066 0.0044 0.0092 0.0031 0.9698 
       M2CHP  6 0.0147 0.0324 0.0124 0.0111 0.0105 0.9190 
       W26LK  6 0.0020 0.0107 0.0165 0.0610 0.0043 0.9054 
       W26ME  6 0.0029 0.0054 0.0656 0.0099 0.0065 0.9097 
     AM.07FM  6 0.0014 0.0028 0.0033 0.9771 0.0085 0.0070 
     AM.07FP  6 0.0019 0.0025 0.0026 0.9824 0.0050 0.0056 
     AP.07M4  6 0.0016 0.0046 0.0026 0.0172 0.0031 0.9710 
     AP.07M7  6 0.0013 0.0022 0.0015 0.1510 0.0022 0.8417 
     AP.07M8  6 0.0019 0.0052 0.0026 0.0065 0.0030 0.9810 
     AP.07MA  6 0.0051 0.0026 0.0029 0.0984 0.0050 0.8860 
     AP.07MC  6 0.0018 0.0076 0.0100 0.0049 0.0021 0.9736 
     AP.07P8  6 0.0104 0.0039 0.0025 0.2887 0.0226 0.6718 
     AP.07U8  6 0.0030 0.0102 0.0035 0.0103 0.0406 0.9325 
     AP.081F  6 0.0018 0.0026 0.0024 0.0070 0.0033 0.9828 
     AP.081H  6 0.0088 0.9497 0.0094 0.0129 0.0057 0.0135 
     AP.0820  6 0.0149 0.0429 0.0026 0.0039 0.0055 0.9302 
     AP.0841  6 0.0518 0.3190 0.0291 0.0754 0.0053 0.5194 
     AP.0858  6 0.0022 0.0056 0.0044 0.0047 0.0050 0.9781 
     AP.085U  6 0.0181 0.0362 0.0048 0.0098 0.0055 0.9256 
     AP.085X  6 0.0019 0.0100 0.0069 0.9528 0.0129 0.0155 
     AP.0861  6 0.0056 0.0061 0.0070 0.6187 0.0208 0.3418 
     AP.0864  6 0.0016 0.0047 0.0028 0.0200 0.0044 0.9665 
     AP.086X  6 0.0031 0.0213 0.0028 0.7059 0.0026 0.2643 
     AP.0872  6 0.0018 0.0047 0.0040 0.0277 0.0045 0.9573 
     AP.0875  6 0.0226 0.7952 0.0074 0.0066 0.0044 0.1638 
     AP.087A  6 0.0034 0.0091 0.0070 0.8693 0.0031 0.1079 
     AP.087C  6 0.0044 0.1698 0.0106 0.6384 0.0058 0.1710 
     AP.087E  6 0.0020 0.0039 0.0029 0.9639 0.0029 0.0244 
     AP.087H  6 0.0017 0.0046 0.0090 0.9483 0.0169 0.0194 
     AP.087K  6 0.0032 0.0412 0.0079 0.0092 0.0105 0.9279 
     AP.087L  6 0.0020 0.0097 0.0025 0.9572 0.0134 0.0152 
     AP.087M  6 0.0021 0.0061 0.0030 0.0038 0.0028 0.9822 
     AP.087P  6 0.0024 0.0062 0.0045 0.0095 0.0024 0.9751 
     AP.087U  6 0.0088 0.6841 0.0094 0.0419 0.0600 0.1957 
     AP.087X  6 0.0057 0.5766 0.0561 0.0140 0.0100 0.3376 
     AP.0881  6 0.0080 0.7699 0.0730 0.0452 0.0159 0.0880 
     AP.0882  6 0.0023 0.0056 0.0358 0.9452 0.0053 0.0059 
     AP.0883  6 0.0070 0.0096 0.0040 0.0059 0.0108 0.9627 
     AP.0884  6 0.0016 0.0032 0.0021 0.0110 0.0032 0.9789 
     AP.0885  6 0.0042 0.0088 0.0058 0.0131 0.0064 0.9616 
     AP.0887  6 0.0026 0.0747 0.0108 0.8498 0.0048 0.0573 
     AP.0888  6 0.2464 0.5851 0.0088 0.0081 0.0041 0.1474 
     AP.088A  6 0.0027 0.0096 0.0252 0.4287 0.0031 0.5307 
     AP.088C  6 0.0064 0.3592 0.0076 0.5596 0.0518 0.0154 
     AP.088J  6 0.0039 0.0333 0.0189 0.0048 0.0034 0.9358 
     AP.088K  6 0.0042 0.1738 0.0118 0.1192 0.0074 0.6835 
     AP.088L  6 0.0018 0.0055 0.0028 0.9750 0.0039 0.0111 
     AP.088U  6 0.0022 0.0035 0.0089 0.9526 0.0067 0.0261 
     AP.088X  6 0.0058 0.0180 0.0145 0.0203 0.0166 0.9248 
     AP.08A0  6 0.0015 0.0069 0.0018 0.0050 0.0019 0.9829 
     AP.08A1  6 0.0033 0.0328 0.0053 0.8754 0.0033 0.0799 
     AP.08A3  6 0.0025 0.0173 0.0027 0.8765 0.0033 0.0978 
     AP.08A4  6 0.0056 0.5457 0.0139 0.2585 0.0838 0.0925 
     AP.08A5  6 0.0019 0.0046 0.0040 0.9654 0.0034 0.0207 
     AP.08A6  6 0.0030 0.0068 0.0037 0.0067 0.0022 0.9777 
     AP.08A8  6 0.0022 0.0138 0.0027 0.0093 0.0043 0.9677 
     AP.08AC  6 0.0081 0.0223 0.0034 0.0281 0.0146 0.9234 
     AP.08AH  6 0.0031 0.0294 0.0263 0.0118 0.0055 0.9239 
     AP.08AJ  6 0.0029 0.0034 0.0029 0.0230 0.0032 0.9646 
     AP.08AM  6 0.0022 0.0121 0.0031 0.0489 0.0064 0.9272 
     AP.08AT  6 0.0018 0.0029 0.0019 0.0047 0.0024 0.9863 
     AP.08AX  6 0.0018 0.0115 0.0019 0.9533 0.0029 0.0286 
     CH.0LLP  6 0.0016 0.0062 0.0018 0.0080 0.0037 0.9787 
     CH.0LM2  6 0.0032 0.0295 0.0162 0.1004 0.0075 0.8432 
     CH.0LM4  6 0.0016 0.0162 0.0045 0.0030 0.0023 0.9725 
     CH.0LM5  6 0.0019 0.0045 0.0043 0.0088 0.0034 0.9771 
       M0102  6 0.0031 0.0061 0.0028 0.7326 0.0035 0.2520 
       M023A  6 0.0015 0.0028 0.0029 0.9701 0.0026 0.0201 
       M03MM  6 0.0036 0.0175 0.0110 0.4827 0.0034 0.4818 
       M04PF  6 0.0019 0.0036 0.0027 0.0274 0.0056 0.9588 
       M04XH  6 0.0035 0.0043 0.0102 0.0171 0.0033 0.9617 
       M04XM  6 0.0023 0.0083 0.0029 0.9711 0.0063 0.0092 
       M0557  6 0.0035 0.0027 0.0074 0.0033 0.0021 0.9810 
       M055C  6 0.0211 0.0165 0.0073 0.0193 0.0077 0.9281 
       M05JC  6 0.0021 0.0091 0.0697 0.0744 0.0026 0.8421 
       M05PH  6 0.0030 0.0099 0.0315 0.0228 0.0058 0.9270 
       M05X6  6 0.0038 0.0044 0.0094 0.7728 0.0045 0.2051 
       M07TC  6 0.0052 0.0039 0.0034 0.7115 0.0023 0.2736 
       M0A66  6 0.0018 0.0080 0.0112 0.8626 0.0074 0.1089 
       M0EYT  6 0.0015 0.0022 0.0023 0.9879 0.0032 0.0028 
       M0FF2  6 0.0014 0.0030 0.0020 0.9858 0.0042 0.0036 
       M0HJ6  6 0.0056 0.0445 0.0182 0.0545 0.0032 0.8739 
      HRV0JL  6 0.0014 0.0033 0.0019 0.9854 0.0028 0.0052 
      HRV0JP  6 0.0074 0.0043 0.0141 0.8441 0.0531 0.0769 
      HRV0KA  6 0.0021 0.0046 0.0046 0.1488 0.0024 0.8374 
      HRV0LJ  6 0.0052 0.0113 0.0068 0.0108 0.0138 0.9521 
      HRV0LM  6 0.0021 0.0041 0.0027 0.0112 0.0041 0.9758 
      HRV0LP  6 0.0115 0.0449 0.0491 0.0253 0.0135 0.8557 
       M0HJ8  6 0.0017 0.0023 0.0037 0.9865 0.0026 0.0031 
       M0HM3  6 0.0020 0.1983 0.0115 0.6230 0.0126 0.1526 
       M0J1X  6 0.0036 0.0068 0.0066 0.9544 0.0042 0.0244 
       M0L32  6 0.0035 0.0038 0.0079 0.5936 0.0263 0.3649 
       M0L8F  6 0.0072 0.0082 0.0039 0.0066 0.0027 0.9715 
       M0LUH  6 0.0023 0.0040 0.0024 0.5438 0.0036 0.4440 
       M0XPJ  6 0.0019 0.0037 0.0043 0.9805 0.0051 0.0045 
       M0XTE  6 0.0172 0.0318 0.0135 0.0576 0.0046 0.8753 
       M157H  6 0.0022 0.0350 0.0035 0.8662 0.0554 0.0377 
       M16YU  6 0.0014 0.0026 0.0025 0.9785 0.0037 0.0113 
       M1751  6 0.0027 0.0188 0.0034 0.6233 0.0036 0.3482 
       M1C2H  6 0.0016 0.0027 0.0026 0.9870 0.0021 0.0039 
       M1E60  6 0.0013 0.0032 0.0020 0.0050 0.0022 0.9863 
       M1EKX  6 0.0015 0.0028 0.0027 0.9810 0.0031 0.0089 
       M1EKY  6 0.0017 0.0042 0.0057 0.0337 0.0035 0.9512 
       M1EL3  6 0.0035 0.0035 0.0034 0.0057 0.0030 0.9809 
       M1ELC  6 0.0024 0.0036 0.0031 0.9562 0.0034 0.0314 
       M1ELE  6 0.0018 0.0030 0.0023 0.8989 0.0021 0.0920 
       M2AY0  6 0.0039 0.0154 0.0044 0.7796 0.0060 0.1907 
       M2AY4  6 0.0021 0.0807 0.3073 0.3366 0.0145 0.2587 
       M2AY5  6 0.0024 0.0051 0.0036 0.0130 0.0040 0.9718 
       M2AY8  6 0.0995 0.0151 0.0205 0.0093 0.0189 0.8367 
       M2C3A  6 0.0021 0.0047 0.0041 0.9613 0.0115 0.0162 
       M2C3F  6 0.0023 0.0036 0.0052 0.0071 0.0372 0.9447 
      HRV0ME  6 0.0026 0.0028 0.0043 0.9832 0.0040 0.0031 
       M2CHJ  6 0.0052 0.0067 0.0117 0.2495 0.0087 0.7181 
       M2CHM  6 0.0168 0.0199 0.0272 0.0287 0.0052 0.9021 
       M2CHY  6 0.0027 0.0028 0.0039 0.0150 0.0098 0.9658 
       W23E8  6 0.0019 0.0035 0.0028 0.9818 0.0054 0.0046 
       W23EM  6 0.0027 0.0041 0.0027 0.9454 0.0034 0.0418 
       W23EX  6 0.0022 0.0027 0.0027 0.8600 0.0028 0.1297 
       W23F0  6 0.0019 0.0030 0.0019 0.9817 0.0021 0.0094 
       W26L5  6 0.0077 0.0055 0.0036 0.0076 0.0512 0.9244 
       W26LM  6 0.0416 0.2945 0.0521 0.0087 0.0019 0.6010 
       W26MJ  6 0.0230 0.0039 0.0033 0.0111 0.0053 0.9534 
       W26ML  6 0.0022 0.0121 0.0061 0.3619 0.0023 0.6154 
       W26MT  6 0.0017 0.0041 0.0060 0.0197 0.0019 0.9667 
       W26PE  6 0.0069 0.7987 0.0102 0.0129 0.0039 0.1674 
       W26PJ  6 0.0102 0.8124 0.0473 0.0048 0.0109 0.1143 
       W26PT  6 0.0024 0.0891 0.0072 0.0173 0.0125 0.8714 
       W26PX  6 0.0067 0.4039 0.0032 0.0107 0.0066 0.5688 
       W26T0  6 0.0044 0.0197 0.0037 0.0216 0.0222 0.9284 
       W26TC  6 0.0014 0.0057 0.0024 0.0141 0.0026 0.9737 
       W26TJ  6 0.0042 0.9651 0.0057 0.0071 0.0069 0.0110 
       W26UE  6 0.0026 0.0071 0.0080 0.0477 0.0089 0.9257 
       W26UF  6 0.0018 0.0037 0.0052 0.0190 0.0071 0.9632 
       W26UL  6 0.0289 0.0056 0.0036 0.2111 0.0068 0.7441 
       W26X2  6 0.0028 0.0064 0.0055 0.0582 0.0039 0.9232 
       W2716  6 0.0039 0.5134 0.0095 0.0204 0.0029 0.4499 
      HRV1C6  6 0.0017 0.1088 0.0031 0.7673 0.0129 0.1062 
      HRV1CX  6 0.0036 0.0080 0.0040 0.0098 0.0079 0.9668 
      HRV1E2  6 0.0017 0.0027 0.0028 0.0116 0.0029 0.9783 
      HRV1E4  6 0.0015 0.0083 0.0224 0.9430 0.0034 0.0214 
      HRV1E5  6 0.0016 0.0046 0.0034 0.0280 0.0024 0.9600 
      HRV1EC  6 0.0024 0.0037 0.0037 0.0424 0.0034 0.9443 
      HRV1EK  6 0.0039 0.0030 0.0032 0.9809 0.0040 0.0050 
      HRV001  6 0.0020 0.0032 0.0102 0.9274 0.0034 0.0539 
      HRV00H  6 0.0033 0.0148 0.0103 0.8956 0.0021 0.0739 
      HRV00K  6 0.0019 0.0038 0.0043 0.9795 0.0018 0.0087 
      HRV01X  6 0.0019 0.0020 0.0020 0.9855 0.0056 0.0030 
      HRV025  6 0.0031 0.0029 0.0054 0.9794 0.0041 0.0052 
      HRV028  6 0.0019 0.0020 0.0020 0.9856 0.0055 0.0030 
      HRV041  6 0.0019 0.0028 0.0035 0.9809 0.0025 0.0085 
      HRV04F  6 0.0018 0.0021 0.0027 0.9882 0.0021 0.0033 
      HRV04L  6 0.0016 0.0024 0.0029 0.9864 0.0026 0.0040 
      HRV055  6 0.0015 0.0026 0.0029 0.9804 0.0024 0.0102 
      HRV05J  6 0.0020 0.0379 0.0032 0.0438 0.0417 0.8715 
      HRV07J  6 0.0016 0.0322 0.0024 0.9508 0.0053 0.0078 
      HRV07K  6 0.0037 0.0026 0.0025 0.0153 0.0201 0.9558 
      HRV07L  6 0.0050 0.0057 0.0029 0.0039 0.0032 0.9793 
      HRV07M  6 0.0018 0.0034 0.0032 0.9583 0.0035 0.0299 
      HRV0HM  6 0.0046 0.0089 0.0066 0.9726 0.0042 0.0031 
      HRV0J2  6 0.0018 0.0060 0.0020 0.9451 0.0044 0.0407 
      HRV0K3  6 0.0017 0.0046 0.0049 0.9823 0.0032 0.0032 
      HRV0KE  6 0.0019 0.0105 0.0037 0.9725 0.0031 0.0082 
      HRV0KF  6 0.0042 0.1114 0.0083 0.4434 0.0069 0.4257 
      HRV0KU  6 0.0056 0.0134 0.0047 0.0269 0.0108 0.9386 
      HRV0L6  6 0.0017 0.0052 0.0031 0.0120 0.0026 0.9755 
      HRV0M2  6 0.0033 0.0042 0.0044 0.0137 0.0062 0.9682 
      HRV0MF  6 0.0016 0.0020 0.0020 0.9894 0.0027 0.0023 
      HRV0MJ  6 0.0057 0.0075 0.0056 0.0064 0.0744 0.9005 
      HRV1AT  6 0.0032 0.0054 0.0025 0.9448 0.0023 0.0418 
      HRV1C1  6 0.0020 0.0039 0.0021 0.0121 0.0025 0.9774 
      HRV1CL  6 0.0027 0.0287 0.0055 0.0136 0.0053 0.9442 
      HRV1E1  6 0.0039 0.0094 0.0079 0.3576 0.0030 0.6182 
      HRV1E7  6 0.0021 0.0060 0.0041 0.0411 0.0048 0.9419 
      HRV1EE  6 0.0018 0.0312 0.0041 0.0097 0.0033 0.9499 
      HRV1ET  6 0.0016 0.0030 0.0027 0.9867 0.0021 0.0039 
         148  7 0.0165 0.4106 0.0226 0.0679 0.0039 0.4786 
         149  7 0.0027 0.8589 0.0114 0.0090 0.0043 0.1138 
         213  7 0.0050 0.8830 0.0030 0.0168 0.0180 0.0741 
         215  7 0.0022 0.9612 0.0031 0.0056 0.0057 0.0222 
         218  7 0.0029 0.1780 0.0053 0.0126 0.0084 0.7929 
         219  7 0.0623 0.3871 0.0076 0.0040 0.0045 0.5346 
         222  7 0.0061 0.4595 0.0423 0.0331 0.0146 0.4444 
         224  7 0.0225 0.1071 0.0316 0.0196 0.0659 0.7533 
         225  7 0.0024 0.8917 0.0103 0.0425 0.0203 0.0327 
         229  7 0.0025 0.0030 0.0024 0.7789 0.0021 0.2112 
         231  7 0.0064 0.2057 0.0050 0.0140 0.0040 0.7649 
      HRV1CP  7 0.0039 0.3691 0.0084 0.0797 0.0115 0.5273 
         239  7 0.0035 0.0116 0.0052 0.0367 0.0139 0.9291 
         240  7 0.0024 0.8999 0.0045 0.0223 0.0047 0.0662 
         243  7 0.0028 0.7941 0.0072 0.0335 0.0754 0.0871 
         248  7 0.0014 0.0030 0.0027 0.6014 0.0038 0.3875 
         250  7 0.0021 0.5479 0.0055 0.1170 0.0032 0.3242 
         251  7 0.0104 0.5317 0.0058 0.0711 0.0026 0.3784 
         256  7 0.0022 0.0094 0.0052 0.0138 0.0023 0.9671 
         260  7 0.0086 0.0828 0.0927 0.0424 0.0022 0.7714 
         261  7 0.0092 0.0174 0.0073 0.3963 0.0918 0.4780 
         263  7 0.0042 0.1325 0.2200 0.1346 0.0036 0.5050 
         284  7 0.0031 0.8926 0.0094 0.0171 0.0136 0.0642 
         285  7 0.0036 0.8989 0.0086 0.0212 0.0272 0.0404 
         286  7 0.0350 0.0091 0.0042 0.0105 0.0022 0.9391 
         289  7 0.0038 0.4217 0.0358 0.3524 0.0064 0.1799 
         291  7 0.0027 0.6731 0.0230 0.1342 0.0172 0.1498 
         292  7 0.0033 0.9774 0.0058 0.0033 0.0037 0.0065 
         293  7 0.0042 0.6791 0.0030 0.0312 0.0136 0.2690 
      BF0001  7 0.0056 0.5651 0.0087 0.0906 0.0022 0.3277 
      BF0002  7 0.0282 0.0160 0.0031 0.0044 0.0154 0.9328 
       M2AY6  7 0.0025 0.0038 0.0063 0.0935 0.0039 0.8901 
     Slov472  7 0.0048 0.5320 0.0045 0.4012 0.0192 0.0383 
      BF0026  7 0.0047 0.6405 0.3448 0.0041 0.0020 0.0040 
      BF0028  7 0.0032 0.9686 0.0045 0.0050 0.0016 0.0171 
     CK.0PP5  7 0.0051 0.9441 0.0076 0.0055 0.0126 0.0251 
     CK.0PP8  7 0.0042 0.9477 0.0073 0.0103 0.0038 0.0266 
     CK.0PPC  7 0.0068 0.9470 0.0218 0.0040 0.0043 0.0162 
     Slov166  7 0.0018 0.9594 0.0057 0.0049 0.0021 0.0261 
     Slov189  7 0.0063 0.9371 0.0049 0.0083 0.0056 0.0378 
     Slov196  7 0.0052 0.9261 0.0069 0.0045 0.0025 0.0548 
     Slov204  7 0.0016 0.9767 0.0039 0.0065 0.0033 0.0079 
      Slov24  7 0.0061 0.6908 0.0511 0.1238 0.0034 0.1248 
      Slov26  7 0.0043 0.9285 0.0406 0.0025 0.0165 0.0076 
      Slov33  7 0.0017 0.7242 0.0171 0.0244 0.0037 0.2289 
     Slov447  7 0.0044 0.6542 0.1364 0.0294 0.0039 0.1717 
     Slov449  7 0.0146 0.6433 0.0181 0.0853 0.0076 0.2312 
     Slov492  7 0.0020 0.9420 0.0255 0.0036 0.0023 0.0246 
      Slov56  7 0.0022 0.0105 0.8211 0.0967 0.0076 0.0619 
       Slov7  7 0.0067 0.9237 0.0145 0.0084 0.0069 0.0398 
      Slov70  7 0.0024 0.9719 0.0043 0.0059 0.0117 0.0038 
      Slov75  7 0.0020 0.9839 0.0055 0.0024 0.0024 0.0038 
      Slov78  7 0.0033 0.9644 0.0105 0.0089 0.0058 0.0072 
      Slov85  7 0.0024 0.0096 0.0040 0.0295 0.0071 0.9474 
      BF0003  7 0.0024 0.2434 0.0102 0.0185 0.0257 0.6998 
      BF0004  7 0.0032 0.7967 0.0078 0.0487 0.0086 0.1349 
      BF0005  7 0.0031 0.9443 0.0373 0.0071 0.0025 0.0058 
      BF0006  7 0.0026 0.9627 0.0030 0.0157 0.0027 0.0133 
      BF0007  7 0.0022 0.9541 0.0212 0.0049 0.0048 0.0129 
      BF0008  7 0.0135 0.9037 0.0288 0.0403 0.0027 0.0110 
      BF000A  7 0.0018 0.9465 0.0041 0.0098 0.0030 0.0348 
      BF000C  7 0.0059 0.3979 0.0172 0.4900 0.0053 0.0836 
      BF000E  7 0.0104 0.9392 0.0104 0.0073 0.0076 0.0251 
      BF000F  7 0.0037 0.7126 0.0074 0.1083 0.0035 0.1644 
      BF000H  7 0.0017 0.6039 0.0464 0.0890 0.0056 0.2535 
      BF000J  7 0.0026 0.7239 0.0771 0.1277 0.0116 0.0572 
      BF000K  7 0.0023 0.9024 0.0053 0.0240 0.0036 0.0624 
      BF000L  7 0.0057 0.2016 0.1730 0.0297 0.0031 0.5869 
      BF000M  8 0.0026 0.8712 0.0025 0.1043 0.0055 0.0138 
      BF000P  8 0.0027 0.9502 0.0031 0.0256 0.0052 0.0132 
      BF000T  8 0.0059 0.7268 0.0035 0.0094 0.0047 0.2496 
      BF000U  8 0.0042 0.9596 0.0043 0.0092 0.0078 0.0148 
      BF000X  8 0.0025 0.9648 0.0059 0.0167 0.0034 0.0067 
      BF0010  8 0.0014 0.9810 0.0037 0.0046 0.0023 0.0070 
      BF0011  8 0.0021 0.9595 0.0029 0.0200 0.0054 0.0102 
      BF0012  8 0.0137 0.9154 0.0427 0.0079 0.0029 0.0174 
      BF0013  8 0.0162 0.9248 0.0189 0.0102 0.0122 0.0177 
      BF0014  8 0.0038 0.8724 0.0130 0.0782 0.0113 0.0213 
      BF0015  8 0.0020 0.9799 0.0031 0.0056 0.0035 0.0059 
      BF0016  8 0.0040 0.9767 0.0051 0.0058 0.0042 0.0042 
      BF0017  8 0.0036 0.8786 0.0037 0.0049 0.0018 0.1075 
      BF0018  8 0.0025 0.9371 0.0042 0.0108 0.0111 0.0343 
      BF001A  8 0.0038 0.9818 0.0037 0.0044 0.0024 0.0039 
      BF001C  8 0.0019 0.9771 0.0033 0.0071 0.0032 0.0074 
      BF001E  8 0.0020 0.9828 0.0046 0.0034 0.0044 0.0028 
      BF001F  8 0.0048 0.9420 0.0082 0.0088 0.0050 0.0312 
      BF001H  8 0.0022 0.9802 0.0027 0.0040 0.0023 0.0085 
      BF001J  8 0.0017 0.9819 0.0041 0.0031 0.0041 0.0051 
      BF001K  8 0.0039 0.9198 0.0246 0.0359 0.0076 0.0083 
      BF001L  8 0.0030 0.9687 0.0111 0.0035 0.0100 0.0037 
      BF001M  8 0.0021 0.9726 0.0042 0.0040 0.0122 0.0049 
      BF001P  8 0.0019 0.9576 0.0071 0.0039 0.0237 0.0058 
      BF001T  8 0.0020 0.9801 0.0061 0.0028 0.0036 0.0054 
      BF001U  8 0.0049 0.9755 0.0043 0.0061 0.0023 0.0069 
      BF001X  8 0.0032 0.9493 0.0071 0.0051 0.0020 0.0333 
      BF0020  8 0.0049 0.9710 0.0038 0.0087 0.0037 0.0081 
      BF0022  8 0.0419 0.9437 0.0057 0.0020 0.0030 0.0037 
      BF0023  8 0.0035 0.9681 0.0069 0.0060 0.0115 0.0039 
      BF0025  8 0.0039 0.9671 0.0051 0.0061 0.0077 0.0102 
     CX.10JP  9 0.0031 0.9789 0.0037 0.0046 0.0038 0.0060 
     CX.10JX  9 0.0053 0.9683 0.0082 0.0116 0.0035 0.0030 
     CX.10K0  9 0.0034 0.9702 0.0075 0.0078 0.0071 0.0039 
     CX.10K5  9 0.0021 0.9455 0.0209 0.0156 0.0085 0.0073 
     CX.10K6  9 0.0019 0.9853 0.0033 0.0031 0.0033 0.0030 
     CX.10K7  9 0.0109 0.9629 0.0088 0.0051 0.0040 0.0083 
     CX.10KA  9 0.0099 0.9753 0.0049 0.0054 0.0016 0.0029 
     CX.10KC  9 0.0164 0.9687 0.0046 0.0038 0.0025 0.0040 
     CX.10KH  9 0.0134 0.9612 0.0107 0.0052 0.0033 0.0062 
     CX.10KL  9 0.0055 0.9018 0.0260 0.0024 0.0593 0.0050 
     CX.10KM  9 0.0023 0.9875 0.0029 0.0021 0.0020 0.0031 
     CX.10KT  9 0.0024 0.9691 0.0186 0.0041 0.0032 0.0026 
     CX.10KU  9 0.0020 0.9748 0.0062 0.0070 0.0025 0.0076 
     CX.10KX  9 0.0027 0.9825 0.0032 0.0042 0.0033 0.0041 
     CX.10L0  9 0.0061 0.8327 0.0071 0.0086 0.0028 0.1427 
     CX.10L6  9 0.0028 0.9819 0.0040 0.0040 0.0030 0.0043 
     CX.10L7  9 0.0038 0.9541 0.0231 0.0094 0.0050 0.0046 
     CX.10L8  9 0.0341 0.8610 0.0180 0.0239 0.0145 0.0485 
     CX.10LA  9 0.0025 0.9685 0.0053 0.0070 0.0063 0.0104 
     CX.10LE  9 0.0041 0.9273 0.0541 0.0067 0.0047 0.0031 
     CX.10LH  9 0.0035 0.9817 0.0039 0.0052 0.0031 0.0026 
     CX.10LK  9 0.0027 0.9758 0.0036 0.0061 0.0069 0.0049 
     CX.10LL  9 0.0022 0.9833 0.0051 0.0047 0.0016 0.0031 
     CX.10LP  9 0.0261 0.9377 0.0147 0.0082 0.0085 0.0047 
     CX.10LT  9 0.0069 0.9824 0.0028 0.0019 0.0023 0.0036 
     CX.10LU  9 0.0022 0.9798 0.0038 0.0049 0.0048 0.0046 
     CX.10M1  9 0.0032 0.9618 0.0264 0.0035 0.0021 0.0029 
     CX.10M2  9 0.0019 0.9838 0.0051 0.0026 0.0020 0.0047 
     CX.10M3  9 0.0049 0.9657 0.0067 0.0114 0.0036 0.0076 
     CX.10M5  9 0.0031 0.9761 0.0036 0.0067 0.0034 0.0071 
     CX.10M6  9 0.0032 0.9809 0.0049 0.0038 0.0026 0.0047 
     CX.10M7  9 0.0079 0.9374 0.0108 0.0192 0.0126 0.0121 
     CX.10M8  9 0.0028 0.9696 0.0112 0.0031 0.0050 0.0084 
     CX.10P3  9 0.0021 0.9396 0.0118 0.0087 0.0148 0.0230 
     CX.10P7  9 0.0022 0.9708 0.0047 0.0031 0.0037 0.0155 
     CX.10PC  9 0.0016 0.9788 0.0034 0.0065 0.0041 0.0055 
     CX.10PE  9 0.0019 0.9798 0.0081 0.0035 0.0019 0.0048 
     CX.10PU  9 0.0027 0.9769 0.0033 0.0044 0.0071 0.0056 
     CX.10PX  9 0.0030 0.9642 0.0175 0.0075 0.0026 0.0051 
     CX.10T0  9 0.0054 0.9606 0.0174 0.0032 0.0027 0.0108 
     CX.10T2  9 0.0016 0.9782 0.0064 0.0058 0.0031 0.0051 
     CX.10JT  9 0.0392 0.9433 0.0036 0.0039 0.0036 0.0063 
     CX.10JY  9 0.0024 0.9573 0.0274 0.0026 0.0049 0.0055 
     CX.10K4  9 0.0039 0.9778 0.0062 0.0057 0.0035 0.0029 
     CX.10KE  9 0.0026 0.9739 0.0151 0.0029 0.0026 0.0029 
     CX.10KY  9 0.0018 0.9870 0.0034 0.0029 0.0021 0.0028 
     CX.10L2  9 0.0035 0.9796 0.0038 0.0032 0.0045 0.0054 
     CX.10L3  9 0.0046 0.8856 0.0789 0.0178 0.0031 0.0101 
     CX.10LF  9 0.0027 0.9805 0.0047 0.0033 0.0046 0.0041 
     CX.10LM  9 0.0036 0.8618 0.0105 0.0772 0.0036 0.0434 
     CX.10LY  9 0.0082 0.8555 0.0390 0.0705 0.0071 0.0197 
     CX.10M0  9 0.0025 0.9829 0.0042 0.0027 0.0032 0.0045 
     CX.10MA  9 0.0043 0.8267 0.0337 0.0984 0.0195 0.0174 
     CK.0PLA 10 0.0037 0.0038 0.0054 0.0057 0.9757 0.0058 
     CK.0PLC 10 0.0079 0.0188 0.0143 0.0202 0.9182 0.0206 
     CK.0PLE 10 0.0019 0.0042 0.0035 0.0029 0.9843 0.0032 
     CK.0PLF 10 0.0136 0.0187 0.0138 0.1650 0.7852 0.0037 
     CK.0PLH 10 0.0028 0.0019 0.0034 0.0058 0.9817 0.0044 
     CK.0PLJ 10 0.0034 0.0543 0.0028 0.0069 0.9259 0.0068 
     CK.0PLK 10 0.0015 0.0020 0.0028 0.0031 0.9875 0.0031 
     CK.0PLL 10 0.0049 0.0044 0.0029 0.0029 0.9808 0.0041 
     CK.0PLM 10 0.0091 0.0063 0.0089 0.0029 0.9694 0.0034 
     CK.0PLP 10 0.0041 0.0069 0.0044 0.0065 0.9706 0.0074 
     CK.0PLT 10 0.0014 0.0017 0.0017 0.0019 0.9914 0.0019 
     CK.0PLU 10 0.0021 0.0024 0.0024 0.0028 0.9875 0.0028 
     CK.0PLX 10 0.0076 0.0059 0.0146 0.0060 0.9558 0.0101 
     CK.0PLY 10 0.0014 0.0018 0.0017 0.0021 0.9908 0.0023 
     CK.0PM0 10 0.0062 0.0032 0.0041 0.0024 0.9685 0.0156 
     CK.0PM1 10 0.0017 0.0019 0.0023 0.0023 0.9896 0.0022 
     CK.0PM2 10 0.0036 0.0041 0.0131 0.0045 0.9691 0.0057 
     CK.0PM3 10 0.0045 0.0027 0.0023 0.0025 0.9843 0.0037 
     CK.0PM4 10 0.0084 0.0154 0.0036 0.0030 0.9654 0.0042 
     CK.0PM7 10 0.0018 0.0023 0.0020 0.0024 0.9893 0.0022 
     CK.0PM8 10 0.0017 0.0032 0.0025 0.0020 0.9888 0.0018 
     CK.0PMA 10 0.0038 0.0052 0.0051 0.0028 0.9792 0.0039 
       M2C06 10 0.0017 0.0026 0.0018 0.0020 0.9897 0.0024 
       M2C07 10 0.0013 0.0015 0.0016 0.0016 0.9924 0.0016 
       M2C08 10 0.0013 0.0014 0.0013 0.0018 0.9928 0.0016 
       M2C0A 10 0.0019 0.0026 0.0026 0.0022 0.9874 0.0033 
       M2C0C 10 0.0026 0.0023 0.0022 0.0031 0.9879 0.0020 
       M2C0E 10 0.0017 0.0017 0.0016 0.0020 0.9907 0.0023 
     EF.15EU 11 0.0027 0.0965 0.8921 0.0024 0.0037 0.0025 
     EF.15EE 11 0.0026 0.0950 0.8963 0.0018 0.0019 0.0024 
     EF.15EF 11 0.0027 0.0980 0.8864 0.0078 0.0029 0.0023 
     EF.15EH 11 0.0027 0.0981 0.8927 0.0023 0.0016 0.0026 
     EF.15EJ 11 0.0034 0.0636 0.9253 0.0028 0.0019 0.0030 
     EF.15EK 11 0.0037 0.0911 0.8980 0.0021 0.0025 0.0026 
     EF.15EL 11 0.0155 0.0895 0.8859 0.0028 0.0028 0.0035 
     EF.15EM 11 0.0033 0.0907 0.8973 0.0026 0.0020 0.0041 
     EF.15EP 11 0.0051 0.0819 0.9051 0.0023 0.0034 0.0022 
     EF.15ET 11 0.0344 0.0639 0.8950 0.0017 0.0028 0.0023 
     EF.15EX 11 0.0028 0.0980 0.8927 0.0021 0.0017 0.0027 
     EF.15F0 11 0.0093 0.0954 0.8895 0.0017 0.0020 0.0021 
     EF.15F1 11 0.0084 0.0951 0.8864 0.0029 0.0022 0.0050 
     EF.15F2 11 0.0036 0.0902 0.8985 0.0024 0.0032 0.0021 
     EF.15F3 11 0.0031 0.0951 0.8953 0.0020 0.0020 0.0025 
     EF.15F4 11 0.0018 0.0948 0.8978 0.0020 0.0019 0.0017 
     EF.15F5 11 0.0169 0.0940 0.8805 0.0032 0.0020 0.0033 
     EF.15F6 11 0.0019 0.0696 0.9224 0.0017 0.0027 0.0016 
     EF.15FC 11 0.0033 0.0914 0.8916 0.0037 0.0056 0.0045 
     EF.15FE 11 0.0463 0.1108 0.8317 0.0050 0.0030 0.0032 
     EF.15FF 11 0.0028 0.0895 0.9009 0.0025 0.0016 0.0026 
     EF.15FH 11 0.0020 0.0963 0.8936 0.0026 0.0024 0.0030 
     EF.15FJ 11 0.0045 0.1058 0.8765 0.0047 0.0041 0.0044 
     EF.15FK 11 0.0815 0.0943 0.8146 0.0031 0.0038 0.0026 
     EF.15FL 11 0.0022 0.0958 0.8950 0.0020 0.0025 0.0025 
     EF.15FM 11 0.0024 0.0952 0.8950 0.0023 0.0029 0.0022 
     EF.15FP 11 0.0030 0.0937 0.8961 0.0021 0.0027 0.0024 
      CC00K0 12 0.0022 0.0119 0.9734 0.0050 0.0026 0.0049 
      CC01AY 12 0.0027 0.0433 0.9251 0.0063 0.0143 0.0082 
      CC01EE 12 0.0042 0.0240 0.9290 0.0192 0.0070 0.0166 
      CC03KH 12 0.0045 0.1471 0.8115 0.0167 0.0028 0.0174 
      CC04FK 12 0.0139 0.2817 0.6222 0.0100 0.0063 0.0659 
      CC04H8 12 0.0053 0.0769 0.8733 0.0091 0.0157 0.0197 
      CC05EL 12 0.0110 0.2047 0.6667 0.0034 0.0075 0.1067 
      CC05EM 12 0.0020 0.0688 0.9047 0.0140 0.0038 0.0068 
      CC05EX 12 0.0023 0.0616 0.9162 0.0070 0.0044 0.0084 
      CC05H2 12 0.0021 0.1260 0.7897 0.0357 0.0263 0.0202 
      CC05HP 12 0.0015 0.0034 0.9780 0.0067 0.0031 0.0073 
      CC05X0 12 0.0025 0.0107 0.9661 0.0073 0.0021 0.0113 
      CC05X7 12 0.0025 0.0043 0.9755 0.0076 0.0045 0.0056 
      CC0637 12 0.0022 0.0308 0.9343 0.0145 0.0103 0.0079 
      CC0640 12 0.0024 0.0071 0.9721 0.0062 0.0059 0.0062 
      FCC01M 12 0.0018 0.0075 0.9695 0.0059 0.0122 0.0031 
      FCC2JC 12 0.0533 0.0908 0.8001 0.0309 0.0062 0.0187 
      CC00JM 12 0.0104 0.0041 0.9628 0.0108 0.0071 0.0048 
      CC00T6 12 0.0053 0.0222 0.8356 0.0269 0.0313 0.0787 
      CC00T7 12 0.0021 0.0065 0.9589 0.0165 0.0026 0.0134 
      CC00TC 12 0.0021 0.0027 0.9811 0.0029 0.0087 0.0026 
      CC01CJ 12 0.0070 0.0032 0.9313 0.0308 0.0231 0.0045 
      CC01CY 12 0.0020 0.0056 0.9571 0.0099 0.0166 0.0089 
      CC01EC 12 0.0027 0.0042 0.9818 0.0042 0.0027 0.0043 
      CC01EH 12 0.0035 0.0036 0.9773 0.0030 0.0085 0.0040 
      CC01F2 12 0.0037 0.0124 0.9405 0.0144 0.0036 0.0254 
      CC01FL 12 0.0020 0.0041 0.9518 0.0062 0.0303 0.0056 
      CC025E 12 0.0048 0.0043 0.9755 0.0057 0.0053 0.0044 
      CC03E3 12 0.0027 0.0284 0.7335 0.0077 0.2199 0.0078 
      CC04AU 12 0.0016 0.0030 0.9872 0.0039 0.0017 0.0027 
      CC04EK 12 0.0019 0.0043 0.9793 0.0066 0.0038 0.0041 
      CC05FX 12 0.0017 0.0034 0.9839 0.0037 0.0040 0.0033 
      CC05H7 12 0.0069 0.1442 0.7425 0.0193 0.0383 0.0488 
      CC05M5 12 0.0023 0.0039 0.9841 0.0044 0.0017 0.0035 
      CC05YK 12 0.0067 0.0362 0.8310 0.0049 0.1083 0.0130 
      CC0630 12 0.0066 0.3471 0.5879 0.0385 0.0043 0.0157 
      CC066E 12 0.0081 0.1832 0.7183 0.0325 0.0063 0.0515 
      CC01ET 12 0.0093 0.0459 0.9038 0.0057 0.0297 0.0056 
      CC01F1 12 0.0035 0.0125 0.9671 0.0060 0.0062 0.0048 
      CC063M 12 0.0075 0.0094 0.9418 0.0105 0.0155 0.0154 
