       M1EL5  1 0.0058 0.9840 0.0030 0.0071 
       W26T6  1 0.0208 0.9658 0.0058 0.0075 
       W26XX  1 0.0030 0.9898 0.0032 0.0040 
       M013P  1 0.0023 0.9916 0.0021 0.0039 
       M1ELA  1 0.0073 0.9183 0.0267 0.0478 
       M2C73  1 0.0046 0.9880 0.0026 0.0049 
       W23P4  1 0.0388 0.8925 0.0620 0.0067 
       W247C  1 0.0025 0.9921 0.0025 0.0029 
       W24K1  1 0.0026 0.9925 0.0027 0.0022 
       W24ME  1 0.0267 0.9608 0.0076 0.0049 
       W2514  1 0.0061 0.9833 0.0064 0.0042 
       W26MA  1 0.0074 0.9798 0.0079 0.0049 
       W26MM  1 0.0040 0.9905 0.0027 0.0028 
       W26MU  1 0.0066 0.9858 0.0029 0.0047 
       W26P0  1 0.0045 0.9877 0.0032 0.0045 
       W26P3  1 0.0020 0.9918 0.0023 0.0039 
       W26T5  1 0.0026 0.9928 0.0023 0.0022 
       W26TE  1 0.0062 0.9748 0.0062 0.0127 
       W26TF  1 0.0022 0.9903 0.0033 0.0042 
       W26U8  1 0.0162 0.9541 0.0147 0.0150 
       W26UJ  1 0.0028 0.9929 0.0021 0.0021 
       W26UK  1 0.0022 0.9932 0.0019 0.0028 
       W26UT  1 0.0023 0.9923 0.0025 0.0030 
       W26XT  1 0.0026 0.9886 0.0034 0.0054 
      CC06H2  1 0.0116 0.9627 0.0211 0.0047 
      CC06H4  1 0.0033 0.9898 0.0037 0.0032 
      CC06H5  1 0.0118 0.9568 0.0164 0.0150 
      CC06H6  1 0.0042 0.9822 0.0045 0.0092 
      CC06HE  1 0.0026 0.9911 0.0024 0.0038 
      CC06HF  1 0.0136 0.9674 0.0104 0.0087 
      CC06HH  1 0.0026 0.9901 0.0033 0.0040 
      CC06HJ  1 0.0047 0.9693 0.0046 0.0214 
      CC06HL  1 0.0019 0.9925 0.0022 0.0035 
      CC06HP  1 0.0023 0.9922 0.0020 0.0035 
      CC06HT  1 0.0064 0.9651 0.0103 0.0182 
      CC06HU  1 0.0027 0.9751 0.0039 0.0182 
      CC06HY  1 0.0056 0.9731 0.0163 0.0051 
      CC06J0  1 0.0046 0.9878 0.0043 0.0034 
      CC06J1  1 0.0151 0.9721 0.0049 0.0079 
      CC06J2  1 0.0036 0.9875 0.0030 0.0060 
     CT.0YCY  1 0.0036 0.9887 0.0039 0.0039 
     CT.0YEC  1 0.0020 0.9937 0.0020 0.0024 
     CT.0YEF  1 0.0039 0.9890 0.0035 0.0035 
     CT.0YEU  1 0.0023 0.9932 0.0023 0.0022 
     CT.0YF2  1 0.0078 0.9827 0.0041 0.0054 
     CT.0YF8  1 0.0026 0.9924 0.0017 0.0032 
     CT.0YFA  1 0.0071 0.9839 0.0029 0.0061 
     CT.0YFE  1 0.0065 0.9841 0.0037 0.0057 
     CT.0YFP  1 0.0098 0.9834 0.0034 0.0035 
     CT.0YFU  1 0.0044 0.9890 0.0032 0.0034 
     CT.0YK7  1 0.0052 0.9854 0.0061 0.0033 
     CX.10PT  1 0.0114 0.9618 0.0192 0.0077 
      DAM021  1 0.0054 0.9807 0.0075 0.0064 
      DAM034  1 0.0064 0.9859 0.0035 0.0042 
      DAM07X  1 0.0047 0.9876 0.0043 0.0034 
     EF.15J6  1 0.0026 0.9906 0.0028 0.0040 
      HRV010  1 0.0029 0.9879 0.0032 0.0059 
      HRV02J  1 0.0068 0.9836 0.0033 0.0064 
      HRV078  1 0.0049 0.9874 0.0039 0.0038 
      HRV0FH  1 0.0041 0.9907 0.0024 0.0028 
      HRV0H5  1 0.0040 0.9865 0.0048 0.0047 
      HRV0JF  1 0.0266 0.9655 0.0032 0.0047 
      HRV0JJ  1 0.0062 0.9834 0.0054 0.0050 
      HRV0JM  1 0.0051 0.9884 0.0027 0.0038 
      HRV0K6  1 0.0134 0.9663 0.0088 0.0115 
      HRV0K7  1 0.0030 0.9835 0.0023 0.0112 
      HRV0KP  1 0.0046 0.9801 0.0065 0.0088 
      HRV1AX  1 0.0117 0.9718 0.0083 0.0082 
      HRV1C4  1 0.0065 0.9810 0.0098 0.0027 
      HRV1CH  1 0.0063 0.9847 0.0035 0.0055 
      HRV1FA  1 0.0043 0.9784 0.0062 0.0111 
      HRV1FK  1 0.0056 0.9835 0.0066 0.0043 
      HRV1H8  1 0.0036 0.9873 0.0034 0.0057 
      HRV1HT  1 0.0074 0.9812 0.0059 0.0055 
      HRV1XU  1 0.0038 0.9869 0.0059 0.0034 
      HRV4TF  1 0.0026 0.9742 0.0036 0.0196 
      HRV6F0  1 0.0035 0.9877 0.0033 0.0055 
      HRVE6L  1 0.0058 0.9759 0.0051 0.0132 
       M27HM  1 0.0063 0.9849 0.0040 0.0047 
       M27HP  1 0.0024 0.9922 0.0027 0.0027 
       M2AK4  1 0.0026 0.9920 0.0027 0.0026 
       M2ALA  1 0.0025 0.9922 0.0028 0.0025 
       M2C56  1 0.0050 0.9815 0.0048 0.0087 
       M2CUX  1 0.0084 0.9832 0.0034 0.0050 
       M2E24  1 0.0032 0.9918 0.0023 0.0026 
       M2EA7  1 0.0033 0.9907 0.0032 0.0028 
       M2EH6  1 0.0027 0.9899 0.0035 0.0038 
       M2EKC  1 0.0079 0.8924 0.0073 0.0924 
      MSV083  1 0.0038 0.9828 0.0035 0.0098 
      MSV084  1 0.0058 0.9756 0.0039 0.0147 
      MSV0LJ  1 0.0059 0.9865 0.0030 0.0046 
      MSV1H5  1 0.0073 0.9715 0.0094 0.0118 
      MSV1KM  1 0.0027 0.9924 0.0024 0.0026 
      MSV23F  1 0.0033 0.9846 0.0042 0.0078 
      MSV2L8  1 0.0048 0.9899 0.0024 0.0029 
      MSV2P7  1 0.0033 0.9912 0.0031 0.0023 
      MSV2TJ  1 0.0068 0.9838 0.0039 0.0055 
      MSV2XM  1 0.0043 0.9865 0.0043 0.0050 
      MSV327  1 0.0032 0.9901 0.0031 0.0036 
      MSV33L  1 0.0024 0.9926 0.0024 0.0027 
      MSV1TX  2 0.0208 0.5937 0.3812 0.0043 
      MSV025  2 0.0617 0.4167 0.4939 0.0276 
      MSV02C  2 0.0406 0.5741 0.3771 0.0083 
      MSV02E  2 0.3700 0.5578 0.0490 0.0232 
      MSV0TF  2 0.5408 0.4334 0.0213 0.0045 
       M2EL8  2 0.0278 0.4292 0.5322 0.0108 
      MSV21T  3 0.6342 0.0409 0.2042 0.1207 
       M2E71  3 0.0708 0.1607 0.4367 0.3319 
       W23CA  4 0.9822 0.0028 0.0045 0.0105 
     AP.085Y  4 0.9796 0.0044 0.0081 0.0080 
     CH.0LLY  4 0.9666 0.0219 0.0027 0.0087 
       M0LEC  4 0.9859 0.0023 0.0050 0.0068 
       M2C3H  4 0.9813 0.0052 0.0038 0.0096 
       M2CHL  4 0.9424 0.0469 0.0022 0.0085 
       W26P7  4 0.9878 0.0042 0.0027 0.0052 
     AP.07M5  4 0.8981 0.0108 0.0754 0.0158 
     AP.080U  4 0.9779 0.0085 0.0044 0.0091 
     AP.082A  4 0.9862 0.0026 0.0070 0.0043 
     AP.0843  4 0.9688 0.0144 0.0048 0.0120 
     AP.0844  4 0.9240 0.0613 0.0039 0.0109 
     AP.084X  4 0.9852 0.0045 0.0061 0.0042 
     AP.086Y  4 0.9871 0.0041 0.0030 0.0057 
     AP.0870  4 0.9711 0.0050 0.0050 0.0188 
     AP.0878  4 0.9780 0.0061 0.0029 0.0129 
     AP.087F  4 0.9871 0.0049 0.0024 0.0056 
     AP.087Y  4 0.9620 0.0291 0.0023 0.0066 
     AP.088P  4 0.9759 0.0060 0.0110 0.0071 
     AP.08AK  4 0.9640 0.0120 0.0204 0.0036 
     CH.0LLM  4 0.9765 0.0041 0.0141 0.0053 
     CH.0LLU  4 0.9099 0.0561 0.0168 0.0172 
     CH.0LM0  4 0.9741 0.0160 0.0038 0.0061 
     CH.0LM3  4 0.9815 0.0072 0.0069 0.0044 
       W26MY  4 0.8221 0.1517 0.0102 0.0161 
       W26P6  4 0.9377 0.0499 0.0062 0.0062 
      HRV07U  4 0.8830 0.0128 0.0065 0.0977 
      HRV1CT  4 0.9866 0.0032 0.0059 0.0042 
      HRV1CU  4 0.9496 0.0024 0.0431 0.0049 
      HRV1E6  4 0.9846 0.0025 0.0070 0.0059 
      HRV081  4 0.9700 0.0019 0.0252 0.0030 
      HRV1E3  4 0.9775 0.0049 0.0041 0.0134 
      MSV21E  4 0.7256 0.0352 0.2318 0.0074 
      MSV216  4 0.2774 0.0087 0.2967 0.4172 
       M0TYK  4 0.9737 0.0146 0.0061 0.0056 
      MSV2AA  4 0.1450 0.1347 0.7137 0.0066 
     CK.0PET  4 0.1121 0.1934 0.3189 0.3756 
       M2E8C  4 0.0839 0.0032 0.9084 0.0045 
      MSV23X  4 0.7223 0.0328 0.2372 0.0078 
      MSV32A  4 0.3188 0.0624 0.3435 0.2754 
     AP.0838  4 0.9165 0.0032 0.0044 0.0759 
     AP.088F  4 0.9219 0.0045 0.0081 0.0655 
      DAM2HL  5 0.9810 0.0023 0.0077 0.0090 
       M2ALK  5 0.0672 0.0110 0.7430 0.1787 
       M2E2J  5 0.9443 0.0369 0.0158 0.0030 
       M2E73  5 0.9816 0.0026 0.0109 0.0049 
       M2E74  5 0.0174 0.0058 0.8025 0.1743 
       M2EUJ  5 0.0843 0.0034 0.2180 0.6943 
      DAM1XK  5 0.9798 0.0024 0.0095 0.0084 
       M2057  5 0.9853 0.0031 0.0066 0.0050 
       M2271  5 0.0043 0.0018 0.9898 0.0040 
       M27YK  5 0.7293 0.0320 0.0056 0.2331 
       M2A1H  5 0.0039 0.0025 0.9902 0.0034 
       M2E0P  5 0.3406 0.0027 0.6525 0.0041 
       M2E75  5 0.0625 0.0022 0.9198 0.0155 
       M2E76  5 0.0125 0.0041 0.9742 0.0092 
      MSV0T5  5 0.4466 0.0066 0.5396 0.0072 
      MSV241  5 0.9029 0.0050 0.0852 0.0070 
      MSV2A0  5 0.0068 0.0034 0.9858 0.0040 
      MSV2A1  5 0.0038 0.0019 0.9911 0.0031 
      MSV2A8  5 0.7402 0.0036 0.2432 0.0130 
      DAM1P5  5 0.0119 0.0017 0.9840 0.0024 
       M1084  5 0.9826 0.0025 0.0089 0.0060 
      MSV2M4  5 0.0123 0.0029 0.9787 0.0061 
      MSV2T6  5 0.0077 0.0046 0.9814 0.0064 
       M1UM1  5 0.9362 0.0061 0.0289 0.0288 
       M2ECL  5 0.4268 0.0130 0.5214 0.0388 
       M2EJ0  5 0.9458 0.0023 0.0311 0.0208 
      MSV20J  5 0.8002 0.0028 0.1801 0.0170 
      MSV2TK  5 0.3662 0.0129 0.5991 0.0217 
      MSV2TX  5 0.9522 0.0024 0.0417 0.0038 
      MSV310  5 0.0115 0.0043 0.9805 0.0037 
      MSV33F  5 0.0071 0.0033 0.9860 0.0036 
      DAM35L  5 0.0095 0.0022 0.9843 0.0040 
       M2E4C  5 0.9348 0.0029 0.0578 0.0046 
       M2E4H  5 0.9582 0.0038 0.0279 0.0100 
       M2E65  5 0.0070 0.0043 0.9571 0.0316 
       M2EEJ  5 0.0057 0.0026 0.9892 0.0025 
       M2EEP  5 0.0302 0.0038 0.9545 0.0115 
      MSV1TU  5 0.6083 0.0078 0.3778 0.0061 
      MSV20M  5 0.8729 0.0025 0.1165 0.0081 
      MSV223  5 0.9862 0.0031 0.0069 0.0037 
      MSV22E  5 0.4850 0.0044 0.4965 0.0141 
      MSV23J  5 0.9870 0.0028 0.0065 0.0037 
      MSV2K6  5 0.0077 0.0023 0.9868 0.0032 
      DAM23U  5 0.7045 0.0049 0.2780 0.0126 
       M2E8A  5 0.0141 0.0024 0.9782 0.0052 
      MSV2L2  5 0.0115 0.0028 0.9821 0.0037 
       M1YMH  5 0.3361 0.0075 0.6497 0.0067 
       M2A84  5 0.2869 0.0179 0.6907 0.0045 
      MSV23M  5 0.9131 0.0051 0.0127 0.0690 
     AP.085T  5 0.1216 0.0022 0.8715 0.0047 
     AP.086J  5 0.0271 0.0033 0.0519 0.9177 
     AP.08C2  5 0.6653 0.0209 0.0113 0.3025 
     AP.08CF  5 0.7432 0.0026 0.2423 0.0120 
     AP.08CX  5 0.0112 0.0020 0.9828 0.0040 
     AP.08CY  5 0.0364 0.0075 0.8288 0.1273 
      DAM0JX  5 0.8368 0.0028 0.1511 0.0093 
      DAM0P4  5 0.9657 0.0026 0.0275 0.0042 
      DAM0UK  5 0.3799 0.0054 0.5391 0.0757 
       M2030  5 0.0061 0.0021 0.9839 0.0079 
      MSV24M  5 0.7593 0.0033 0.2292 0.0082 
       M20AM  5 0.2504 0.0033 0.3335 0.4128 
       M21YP  5 0.0056 0.0048 0.0061 0.9836 
       M2205  5 0.0076 0.0016 0.9865 0.0043 
       M2206  5 0.0157 0.0025 0.9715 0.0103 
      MSV267  5 0.8981 0.0030 0.0833 0.0156 
       M2757  5 0.4156 0.0042 0.3229 0.2574 
       M27TH  5 0.9829 0.0024 0.0084 0.0064 
      MSV2JA  5 0.3380 0.0132 0.5997 0.0491 
      MSV2KU  5 0.0053 0.0032 0.9847 0.0068 
      MSV2MF  5 0.0270 0.0035 0.9347 0.0348 
      MSV2TA  5 0.0063 0.0020 0.9882 0.0035 
      MSV2TE  5 0.0209 0.0019 0.9738 0.0035 
      MSV2TU  5 0.2350 0.0119 0.7341 0.0191 
      MSV2UT  5 0.0932 0.0050 0.8423 0.0595 
      MSV306  5 0.0177 0.0037 0.9645 0.0141 
      MSV311  5 0.0171 0.0021 0.9583 0.0225 
      MSV31M  5 0.8648 0.0033 0.1061 0.0258 
      MSV325  5 0.2425 0.0034 0.7491 0.0050 
      MSV32H  5 0.0156 0.0048 0.9729 0.0067 
     CX.112U  5 0.8049 0.0043 0.1308 0.0600 
      DAM2PC  5 0.0029 0.0033 0.9902 0.0036 
       M2E48  5 0.0433 0.0029 0.9478 0.0060 
       M2E7K  5 0.0763 0.0031 0.9135 0.0071 
       M2E80  5 0.0086 0.0028 0.9842 0.0044 
       M2EAM  5 0.0108 0.0017 0.9833 0.0042 
       M2EFF  5 0.0045 0.0032 0.9884 0.0039 
       M2EFY  5 0.7906 0.0029 0.1982 0.0083 
       M2EHM  5 0.0796 0.0031 0.8982 0.0192 
       M2EK0  5 0.9429 0.0027 0.0423 0.0122 
       M2EK1  5 0.7941 0.0022 0.1896 0.0141 
      MSV22F  5 0.7666 0.0028 0.2199 0.0107 
      MSV273  5 0.0058 0.0039 0.9864 0.0039 
      MSV0TL  5 0.0979 0.0209 0.8579 0.0234 
      MSV0TT  5 0.0047 0.0024 0.9896 0.0033 
      MSV12H  5 0.9815 0.0024 0.0118 0.0042 
      MSV1TH  5 0.0062 0.0030 0.9669 0.0239 
      MSV275  5 0.0034 0.0028 0.9906 0.0031 
      MSV286  5 0.0134 0.0082 0.9569 0.0215 
      MSV2H4  5 0.0106 0.0022 0.9823 0.0049 
      MSV2K8  5 0.0330 0.0033 0.8660 0.0977 
      MSV2PM  5 0.0122 0.0017 0.9836 0.0025 
      MSV2X3  5 0.0924 0.0017 0.9027 0.0032 
      MSV2X4  5 0.0079 0.0049 0.9808 0.0064 
      MSV30U  5 0.1079 0.0018 0.8869 0.0034 
     CX.111C  5 0.7973 0.0022 0.1968 0.0037 
     AP.07M2  6 0.9662 0.0182 0.0071 0.0085 
      HRV05C  6 0.9810 0.0061 0.0086 0.0043 
      HRV077  6 0.9047 0.0053 0.0383 0.0517 
      HRV0A0  6 0.0600 0.0062 0.9290 0.0048 
      HRV0MC  6 0.9818 0.0027 0.0119 0.0036 
      HRV00P  6 0.0039 0.0018 0.9899 0.0044 
      HRV01J  6 0.0044 0.0024 0.9899 0.0033 
      HRV026  6 0.0051 0.0024 0.9895 0.0030 
      HRV02C  6 0.0203 0.0019 0.9746 0.0032 
      HRV031  6 0.2077 0.0023 0.7831 0.0069 
      HRV033  6 0.2085 0.0023 0.7824 0.0068 
      HRV05L  6 0.7482 0.0026 0.1305 0.1188 
      HRV06A  6 0.0179 0.0025 0.9743 0.0053 
      HRV07P  6 0.9808 0.0021 0.0120 0.0052 
      HRV0HC  6 0.9799 0.0092 0.0064 0.0045 
      HRV0HU  6 0.8840 0.0048 0.0954 0.0158 
      HRV0K1  6 0.0141 0.0022 0.9765 0.0072 
      HRV0M6  6 0.0044 0.0056 0.9740 0.0160 
      HRV0M7  6 0.9864 0.0026 0.0055 0.0055 
      HRV0MK  6 0.0055 0.0019 0.9863 0.0064 
      HRV1C7  6 0.0319 0.0024 0.9212 0.0444 
      HRV1EA  6 0.9770 0.0065 0.0077 0.0088 
       M147K  6 0.0084 0.0017 0.9868 0.0032 
      HRV008  6 0.9517 0.0025 0.0414 0.0045 
      HRV015  6 0.0059 0.0030 0.9883 0.0027 
      HRV01F  6 0.0068 0.0045 0.9843 0.0044 
      HRV01L  6 0.0047 0.0022 0.9889 0.0041 
      HRV01M  6 0.8248 0.0033 0.1493 0.0226 
      HRV020  6 0.0030 0.0030 0.9913 0.0028 
      HRV022  6 0.0063 0.0044 0.9860 0.0033 
      HRV02A  6 0.0049 0.0035 0.9884 0.0033 
      HRV02K  6 0.0031 0.0043 0.9881 0.0045 
      HRV04C  6 0.0078 0.0021 0.9869 0.0031 
      HRV05H  6 0.9492 0.0044 0.0231 0.0234 
      HRV076  6 0.9576 0.0063 0.0264 0.0097 
      HRV07H  6 0.9897 0.0017 0.0053 0.0033 
      HRV07X  6 0.9800 0.0045 0.0098 0.0058 
      HRV080  6 0.9873 0.0020 0.0076 0.0031 
      HRV086  6 0.4984 0.0070 0.4797 0.0149 
      HRV0H3  6 0.0046 0.0027 0.9883 0.0045 
      HRV0J3  6 0.9858 0.0027 0.0068 0.0047 
      HRV0JX  6 0.9789 0.0061 0.0075 0.0075 
      HRV0ML  6 0.0204 0.0019 0.9740 0.0037 
      HRV1E8  6 0.9717 0.0024 0.0189 0.0070 
      HRV007  6 0.9237 0.0041 0.0456 0.0267 
      HRV005  6 0.6949 0.0040 0.2611 0.0400 
      HRV05U  6 0.9770 0.0024 0.0051 0.0155 
      HRV01U  6 0.9861 0.0027 0.0048 0.0064 
     AP.07M1  6 0.0048 0.0022 0.9881 0.0048 
     AP.07ME  6 0.9262 0.0046 0.0367 0.0325 
     AP.0817  6 0.9740 0.0031 0.0051 0.0178 
     AP.0863  6 0.9271 0.0128 0.0211 0.0390 
     AP.087T  6 0.9747 0.0102 0.0063 0.0089 
     AP.088T  6 0.9867 0.0020 0.0068 0.0046 
     CH.0LM1  6 0.9829 0.0030 0.0060 0.0080 
       M05X5  6 0.9207 0.0184 0.0184 0.0425 
       M06JH  6 0.8869 0.0527 0.0216 0.0388 
       M0A6K  6 0.9596 0.0031 0.0257 0.0117 
       M0ETF  6 0.0052 0.0021 0.9891 0.0036 
       M0LUP  6 0.8791 0.0040 0.1105 0.0065 
       M16F1  6 0.0280 0.0025 0.9639 0.0056 
       M182M  6 0.9851 0.0029 0.0059 0.0060 
       M1CFL  6 0.0197 0.0027 0.9659 0.0117 
       M2AXY  6 0.9216 0.0036 0.0491 0.0256 
       M2AY2  6 0.9775 0.0100 0.0057 0.0068 
       M2CHP  6 0.9306 0.0227 0.0131 0.0336 
       W26LK  6 0.9108 0.0024 0.0687 0.0180 
       W26ME  6 0.9646 0.0042 0.0115 0.0198 
     AM.07FM  6 0.0075 0.0016 0.9878 0.0031 
     AM.07FP  6 0.0089 0.0022 0.9859 0.0030 
     AP.07M4  6 0.9865 0.0019 0.0076 0.0040 
     AP.07M7  6 0.9627 0.0017 0.0335 0.0022 
     AP.07M8  6 0.9874 0.0023 0.0058 0.0045 
     AP.07MA  6 0.9490 0.0060 0.0417 0.0033 
     AP.07MC  6 0.9792 0.0024 0.0043 0.0140 
     AP.07P8  6 0.7662 0.0131 0.2172 0.0035 
     AP.07U8  6 0.9733 0.0041 0.0125 0.0101 
     AP.081F  6 0.9869 0.0024 0.0075 0.0032 
     AP.081H  6 0.0166 0.0088 0.0103 0.9643 
     AP.0820  6 0.9385 0.0244 0.0057 0.0314 
     AP.0841  6 0.5345 0.0496 0.0598 0.3561 
     AP.0858  6 0.9834 0.0029 0.0058 0.0078 
     AP.085U  6 0.9589 0.0166 0.0065 0.0180 
     AP.085X  6 0.0161 0.0022 0.9737 0.0081 
     AP.0861  6 0.2980 0.0070 0.6849 0.0100 
     AP.0864  6 0.9843 0.0020 0.0095 0.0042 
     AP.086X  6 0.9719 0.0022 0.0219 0.0040 
     AP.0872  6 0.9761 0.0024 0.0162 0.0053 
     AP.0875  6 0.1984 0.0422 0.0079 0.7515 
     AP.087A  6 0.9494 0.0023 0.0424 0.0059 
     AP.087C  6 0.3137 0.0053 0.5809 0.1001 
     AP.087E  6 0.3423 0.0026 0.6482 0.0070 
     AP.087H  6 0.0220 0.0020 0.9697 0.0063 
     AP.087K  6 0.9669 0.0042 0.0087 0.0203 
     AP.087L  6 0.0187 0.0023 0.9733 0.0056 
     AP.087M  6 0.9865 0.0027 0.0044 0.0064 
     AP.087P  6 0.9850 0.0029 0.0056 0.0065 
     AP.087U  6 0.3266 0.0145 0.0760 0.5829 
     AP.087X  6 0.1628 0.0065 0.0144 0.8163 
     AP.0881  6 0.0451 0.0065 0.0178 0.9306 
     AP.0882  6 0.0140 0.0029 0.9616 0.0214 
     AP.0883  6 0.9709 0.0104 0.0091 0.0095 
     AP.0884  6 0.9890 0.0020 0.0056 0.0033 
     AP.0885  6 0.9746 0.0049 0.0106 0.0099 
     AP.0887  6 0.5554 0.0032 0.3033 0.1380 
     AP.0888  6 0.2120 0.2089 0.0086 0.5704 
     AP.088A  6 0.8766 0.0025 0.0993 0.0216 
     AP.088C  6 0.0330 0.0132 0.6429 0.3109 
     AP.088J  6 0.9168 0.0061 0.0071 0.0700 
     AP.088K  6 0.9076 0.0060 0.0174 0.0691 
     AP.088L  6 0.0287 0.0023 0.9627 0.0062 
     AP.088U  6 0.0636 0.0025 0.9282 0.0057 
     AP.088X  6 0.9438 0.0094 0.0170 0.0298 
     AP.08A0  6 0.9900 0.0018 0.0040 0.0042 
     AP.08A1  6 0.4075 0.0039 0.5560 0.0326 
     AP.08A3  6 0.6106 0.0031 0.3806 0.0058 
     AP.08A4  6 0.1037 0.0062 0.2887 0.6014 
     AP.08A5  6 0.1966 0.0023 0.7948 0.0062 
     AP.08A6  6 0.9855 0.0037 0.0048 0.0060 
     AP.08A8  6 0.9743 0.0027 0.0111 0.0118 
     AP.08AC  6 0.9633 0.0079 0.0185 0.0103 
     AP.08AH  6 0.9301 0.0045 0.0115 0.0538 
     AP.08AJ  6 0.9820 0.0034 0.0111 0.0035 
     AP.08AM  6 0.9780 0.0027 0.0116 0.0077 
     AP.08AT  6 0.9899 0.0023 0.0047 0.0031 
     AP.08AX  6 0.3523 0.0024 0.6378 0.0075 
     CH.0LLP  6 0.9857 0.0021 0.0080 0.0043 
     CH.0LM2  6 0.9576 0.0041 0.0171 0.0213 
     CH.0LM4  6 0.9781 0.0019 0.0032 0.0168 
     CH.0LM5  6 0.9846 0.0023 0.0081 0.0050 
       M0102  6 0.9407 0.0029 0.0521 0.0044 
       M023A  6 0.1191 0.0020 0.8752 0.0037 
       M03MM  6 0.9504 0.0035 0.0306 0.0154 
       M04PF  6 0.9800 0.0021 0.0143 0.0036 
       M04XH  6 0.9759 0.0048 0.0121 0.0072 
       M04XM  6 0.0184 0.0026 0.9715 0.0076 
       M0557  6 0.9836 0.0058 0.0039 0.0067 
       M055C  6 0.9483 0.0229 0.0136 0.0152 
       M05JC  6 0.9072 0.0028 0.0513 0.0387 
       M05PH  6 0.9515 0.0039 0.0223 0.0223 
       M05X6  6 0.5264 0.0040 0.4634 0.0061 
       M07TC  6 0.8453 0.0149 0.1347 0.0051 
       M0A66  6 0.5411 0.0021 0.4519 0.0049 
       M0EYT  6 0.0041 0.0019 0.9913 0.0027 
       M0FF2  6 0.0048 0.0017 0.9906 0.0029 
       M0HJ6  6 0.9532 0.0071 0.0129 0.0269 
      HRV0JL  6 0.0133 0.0018 0.9813 0.0036 
      HRV0JP  6 0.0485 0.0082 0.9371 0.0062 
      HRV0KA  6 0.9889 0.0022 0.0050 0.0039 
      HRV0LJ  6 0.9695 0.0059 0.0128 0.0118 
      HRV0LM  6 0.9812 0.0028 0.0112 0.0047 
      HRV0LP  6 0.9106 0.0124 0.0156 0.0614 
       M0HJ8  6 0.0057 0.0022 0.9882 0.0039 
       M0HM3  6 0.3477 0.0024 0.5212 0.1287 
       M0J1X  6 0.6952 0.0030 0.2952 0.0066 
       M0L32  6 0.6076 0.0044 0.3812 0.0068 
       M0L8F  6 0.9820 0.0068 0.0043 0.0069 
       M0LUH  6 0.9758 0.0023 0.0185 0.0034 
       M0XPJ  6 0.0187 0.0025 0.9667 0.0120 
       M0XTE  6 0.9072 0.0244 0.0258 0.0425 
       M157H  6 0.1032 0.0024 0.8788 0.0157 
       M16YU  6 0.0205 0.0017 0.9745 0.0032 
       M1751  6 0.9750 0.0028 0.0161 0.0061 
       M1C2H  6 0.0063 0.0020 0.9882 0.0035 
       M1E60  6 0.9902 0.0017 0.0050 0.0032 
       M1EKX  6 0.0308 0.0020 0.9638 0.0034 
       M1EKY  6 0.9762 0.0020 0.0167 0.0051 
       M1EL3  6 0.9846 0.0049 0.0057 0.0048 
       M1ELC  6 0.9300 0.0035 0.0628 0.0037 
       M1ELE  6 0.9763 0.0020 0.0188 0.0029 
       M2AY0  6 0.8582 0.0051 0.1229 0.0138 
       M2AY4  6 0.4090 0.0026 0.1847 0.4037 
       M2AY5  6 0.9775 0.0030 0.0135 0.0059 
       M2AY8  6 0.8052 0.1439 0.0165 0.0345 
       M2C3A  6 0.0369 0.0025 0.9553 0.0053 
       M2C3F  6 0.9790 0.0027 0.0128 0.0055 
      HRV0ME  6 0.0050 0.0034 0.9875 0.0041 
       M2CHJ  6 0.8728 0.0074 0.1067 0.0131 
       M2CHM  6 0.9069 0.0251 0.0246 0.0434 
       M2CHY  6 0.9745 0.0036 0.0178 0.0042 
       W23E8  6 0.0075 0.0022 0.9864 0.0039 
       W23EM  6 0.9459 0.0036 0.0466 0.0039 
       W23EX  6 0.9761 0.0028 0.0179 0.0033 
       W23F0  6 0.8391 0.0034 0.1534 0.0040 
       W26L5  6 0.9560 0.0170 0.0199 0.0071 
       W26LM  6 0.5593 0.0436 0.0054 0.3917 
       W26MJ  6 0.9465 0.0389 0.0101 0.0046 
       W26ML  6 0.9812 0.0022 0.0101 0.0065 
       W26MT  6 0.9809 0.0020 0.0111 0.0059 
       W26PE  6 0.2249 0.0104 0.0063 0.7584 
       W26PJ  6 0.0979 0.0088 0.0056 0.8878 
       W26PT  6 0.9593 0.0025 0.0108 0.0274 
       W26PX  6 0.7868 0.0135 0.0107 0.1891 
       W26T0  6 0.9701 0.0041 0.0176 0.0082 
       W26TC  6 0.9831 0.0017 0.0107 0.0045 
       W26TJ  6 0.0294 0.0069 0.0067 0.9570 
       W26UE  6 0.9374 0.0032 0.0505 0.0089 
       W26UF  6 0.9764 0.0021 0.0170 0.0044 
       W26UL  6 0.7715 0.0366 0.1859 0.0060 
       W26X2  6 0.9804 0.0037 0.0092 0.0067 
       W2716  6 0.4879 0.0063 0.0164 0.4895 
      HRV1C6  6 0.3110 0.0021 0.6274 0.0595 
      HRV1CX  6 0.9699 0.0056 0.0161 0.0083 
      HRV1E2  6 0.9869 0.0022 0.0075 0.0034 
      HRV1E4  6 0.1087 0.0020 0.8657 0.0237 
      HRV1E5  6 0.9802 0.0018 0.0133 0.0047 
      HRV1EC  6 0.9731 0.0029 0.0195 0.0046 
      HRV1EK  6 0.0120 0.0045 0.9796 0.0039 
      HRV001  6 0.7836 0.0026 0.2060 0.0079 
      HRV00H  6 0.7062 0.0030 0.2621 0.0287 
      HRV00K  6 0.5364 0.0032 0.4453 0.0151 
      HRV01X  6 0.0056 0.0024 0.9895 0.0026 
      HRV025  6 0.0074 0.0035 0.9847 0.0044 
      HRV028  6 0.0056 0.0024 0.9895 0.0026 
      HRV041  6 0.0160 0.0022 0.9780 0.0038 
      HRV04F  6 0.0050 0.0021 0.9901 0.0028 
      HRV04L  6 0.0063 0.0018 0.9887 0.0032 
      HRV055  6 0.0317 0.0019 0.9630 0.0034 
      HRV05J  6 0.8749 0.0028 0.0947 0.0277 
      HRV07J  6 0.0166 0.0020 0.9544 0.0270 
      HRV07K  6 0.9633 0.0062 0.0273 0.0032 
      HRV07L  6 0.9830 0.0074 0.0042 0.0054 
      HRV07M  6 0.4599 0.0022 0.5334 0.0046 
      HRV0HM  6 0.0065 0.0078 0.9687 0.0170 
      HRV0J2  6 0.8827 0.0022 0.1108 0.0043 
      HRV0K3  6 0.0154 0.0024 0.9631 0.0190 
      HRV0KE  6 0.0150 0.0023 0.9712 0.0116 
      HRV0KF  6 0.9627 0.0033 0.0232 0.0109 
      HRV0KU  6 0.9646 0.0065 0.0197 0.0093 
      HRV0L6  6 0.9841 0.0020 0.0083 0.0055 
      HRV0M2  6 0.9759 0.0044 0.0138 0.0059 
      HRV0MF  6 0.0033 0.0019 0.9925 0.0024 
      HRV0MJ  6 0.9649 0.0089 0.0148 0.0114 
      HRV1AT  6 0.7435 0.0028 0.2491 0.0045 
      HRV1C1  6 0.9851 0.0025 0.0088 0.0036 
      HRV1CL  6 0.9664 0.0032 0.0138 0.0165 
      HRV1E1  6 0.9190 0.0036 0.0699 0.0075 
      HRV1E7  6 0.9637 0.0026 0.0272 0.0065 
      HRV1EE  6 0.9580 0.0023 0.0066 0.0332 
      HRV1ET  6 0.0063 0.0020 0.9880 0.0038 
         148  7 0.5700 0.0266 0.0409 0.3626 
         149  7 0.1981 0.0035 0.0079 0.7905 
         213  7 0.3126 0.0058 0.0187 0.6629 
         215  7 0.0888 0.0036 0.0100 0.8976 
         218  7 0.9037 0.0038 0.0117 0.0808 
         219  7 0.5044 0.1045 0.0053 0.3859 
         222  7 0.3202 0.0056 0.0634 0.6107 
         224  7 0.8012 0.0345 0.0309 0.1334 
         225  7 0.0646 0.0031 0.0678 0.8646 
         229  7 0.8400 0.0027 0.1542 0.0031 
         231  7 0.9437 0.0074 0.0065 0.0425 
      HRV1CP  7 0.6417 0.0047 0.0547 0.2989 
         239  7 0.9639 0.0035 0.0237 0.0088 
         240  7 0.1540 0.0037 0.0262 0.8160 
         243  7 0.1350 0.0046 0.1884 0.6720 
         248  7 0.8653 0.0018 0.1291 0.0038 
         250  7 0.6028 0.0031 0.0133 0.3808 
         251  7 0.7097 0.0316 0.0094 0.2493 
         256  7 0.9827 0.0028 0.0066 0.0078 
         260  7 0.7998 0.0109 0.0106 0.1786 
         261  7 0.3262 0.0101 0.6507 0.0130 
         263  7 0.4245 0.0047 0.0889 0.4819 
         284  7 0.1416 0.0043 0.0177 0.8363 
         285  7 0.1096 0.0049 0.0222 0.8633 
         286  7 0.9418 0.0424 0.0084 0.0075 
         289  7 0.6057 0.0052 0.0734 0.3156 
         291  7 0.1884 0.0033 0.1730 0.6353 
         292  7 0.0182 0.0047 0.0040 0.9731 
         293  7 0.5382 0.0061 0.0259 0.4298 
      BF0001  7 0.5962 0.0126 0.0109 0.3804 
      BF0002  7 0.9128 0.0593 0.0096 0.0183 
       M2AY6  7 0.9645 0.0027 0.0278 0.0049 
     Slov472  7 0.0640 0.0105 0.5283 0.3972 
      BF0026  7 0.0050 0.0060 0.0042 0.9848 
      BF0028  7 0.0435 0.0046 0.0055 0.9465 
     CK.0PP5  7 0.0433 0.0057 0.0071 0.9438 
     CK.0PP8  7 0.0571 0.0049 0.0140 0.9240 
     CK.0PPC  7 0.0223 0.0072 0.0047 0.9659 
     Slov166  7 0.0698 0.0024 0.0053 0.9225 
     Slov189  7 0.1099 0.0091 0.0103 0.8707 
     Slov196  7 0.2456 0.0063 0.0045 0.7435 
     Slov204  7 0.0137 0.0020 0.0101 0.9743 
      Slov24  7 0.3231 0.0061 0.0708 0.6000 
      Slov26  7 0.0068 0.0041 0.0033 0.9858 
      Slov33  7 0.3074 0.0023 0.0110 0.6794 
     Slov447  7 0.2091 0.0032 0.0176 0.7701 
     Slov449  7 0.4352 0.0160 0.0525 0.4964 
     Slov492  7 0.0403 0.0029 0.0045 0.9523 
      Slov56  7 0.0293 0.0035 0.1303 0.8369 
       Slov7  7 0.0755 0.0118 0.0107 0.9020 
      Slov70  7 0.0059 0.0036 0.0169 0.9736 
      Slov75  7 0.0063 0.0025 0.0037 0.9876 
      Slov78  7 0.0120 0.0040 0.0099 0.9741 
      Slov85  7 0.9736 0.0025 0.0167 0.0072 
      BF0003  7 0.7307 0.0030 0.0507 0.2155 
      BF0004  7 0.5154 0.0067 0.0448 0.4331 
      BF0005  7 0.0082 0.0037 0.0061 0.9819 
      BF0006  7 0.0573 0.0037 0.0371 0.9020 
      BF0007  7 0.0174 0.0027 0.0069 0.9730 
      BF0008  7 0.0153 0.0067 0.0514 0.9266 
      BF000A  7 0.0661 0.0023 0.0128 0.9188 
      BF000C  7 0.4118 0.0102 0.3279 0.2500 
      BF000E  7 0.0385 0.0086 0.0152 0.9376 
      BF000F  7 0.3150 0.0045 0.0784 0.6021 
      BF000H  7 0.2851 0.0020 0.0344 0.6785 
      BF000J  7 0.0672 0.0030 0.0827 0.8471 
      BF000K  7 0.1718 0.0026 0.0169 0.8087 
      BF000L  7 0.4847 0.0050 0.0163 0.4940 
      BF000M  8 0.0960 0.0037 0.2578 0.6425 
      BF000P  8 0.0368 0.0038 0.1222 0.8371 
      BF000T  8 0.7143 0.0122 0.0053 0.2683 
      BF000U  8 0.0446 0.0075 0.0284 0.9195 
      BF000X  8 0.0298 0.0039 0.0297 0.9365 
      BF0010  8 0.0176 0.0018 0.0065 0.9740 
      BF0011  8 0.0458 0.0030 0.0493 0.9019 
      BF0012  8 0.0242 0.0138 0.0091 0.9529 
      BF0013  8 0.0284 0.0049 0.0110 0.9557 
      BF0014  8 0.0557 0.0049 0.1148 0.8245 
      BF0015  8 0.0180 0.0028 0.0065 0.9727 
      BF0016  8 0.0112 0.0069 0.0157 0.9662 
      BF0017  8 0.2264 0.0046 0.0038 0.7653 
      BF0018  8 0.0896 0.0036 0.0253 0.8816 
      BF001A  8 0.0071 0.0071 0.0072 0.9786 
      BF001C  8 0.0178 0.0025 0.0122 0.9674 
      BF001E  8 0.0067 0.0023 0.0052 0.9857 
      BF001F  8 0.0842 0.0082 0.0152 0.8923 
      BF001H  8 0.0219 0.0030 0.0060 0.9691 
      BF001J  8 0.0095 0.0022 0.0050 0.9834 
      BF001K  8 0.0139 0.0033 0.0355 0.9473 
      BF001L  8 0.0051 0.0033 0.0058 0.9857 
      BF001M  8 0.0085 0.0027 0.0089 0.9799 
      BF001P  8 0.0090 0.0022 0.0094 0.9794 
      BF001T  8 0.0086 0.0026 0.0045 0.9843 
      BF001U  8 0.0111 0.0095 0.0082 0.9712 
      BF001X  8 0.0699 0.0045 0.0056 0.9201 
      BF0020  8 0.0139 0.0097 0.0151 0.9613 
      BF0022  8 0.0043 0.0366 0.0026 0.9565 
      BF0023  8 0.0066 0.0047 0.0137 0.9750 
      BF0025  8 0.0276 0.0052 0.0123 0.9549 
     CX.10JP  9 0.0117 0.0047 0.0056 0.9780 
     CX.10JX  9 0.0056 0.0059 0.0083 0.9802 
     CX.10K0  9 0.0072 0.0042 0.0106 0.9781 
     CX.10K5  9 0.0182 0.0027 0.0149 0.9642 
     CX.10K6  9 0.0046 0.0028 0.0050 0.9876 
     CX.10K7  9 0.0113 0.0127 0.0080 0.9681 
     CX.10KA  9 0.0056 0.0148 0.0047 0.9748 
     CX.10KC  9 0.0071 0.0427 0.0045 0.9457 
     CX.10KH  9 0.0114 0.0203 0.0074 0.9609 
     CX.10KL  9 0.0051 0.0040 0.0049 0.9860 
     CX.10KM  9 0.0054 0.0034 0.0024 0.9888 
     CX.10KT  9 0.0036 0.0030 0.0041 0.9893 
     CX.10KU  9 0.0150 0.0026 0.0094 0.9730 
     CX.10KX  9 0.0074 0.0042 0.0086 0.9798 
     CX.10L0  9 0.2232 0.0109 0.0071 0.7588 
     CX.10L6  9 0.0097 0.0046 0.0052 0.9805 
     CX.10L7  9 0.0071 0.0045 0.0094 0.9791 
     CX.10L8  9 0.0427 0.0232 0.0277 0.9064 
     CX.10LA  9 0.0225 0.0034 0.0136 0.9605 
     CX.10LE  9 0.0048 0.0041 0.0071 0.9841 
     CX.10LH  9 0.0039 0.0043 0.0068 0.9850 
     CX.10LK  9 0.0146 0.0037 0.0102 0.9716 
     CX.10LL  9 0.0051 0.0030 0.0061 0.9857 
     CX.10LP  9 0.0082 0.0321 0.0095 0.9503 
     CX.10LT  9 0.0074 0.0107 0.0027 0.9792 
     CX.10LU  9 0.0094 0.0032 0.0065 0.9809 
     CX.10M1  9 0.0034 0.0044 0.0033 0.9889 
     CX.10M2  9 0.0058 0.0022 0.0034 0.9885 
     CX.10M3  9 0.0114 0.0090 0.0114 0.9682 
     CX.10M5  9 0.0125 0.0050 0.0108 0.9717 
     CX.10M6  9 0.0098 0.0038 0.0057 0.9806 
     CX.10M7  9 0.0216 0.0084 0.0328 0.9372 
     CX.10M8  9 0.0146 0.0035 0.0038 0.9780 
     CX.10P3  9 0.0434 0.0028 0.0202 0.9335 
     CX.10P7  9 0.0357 0.0032 0.0054 0.9558 
     CX.10PC  9 0.0135 0.0022 0.0093 0.9750 
     CX.10PE  9 0.0062 0.0025 0.0035 0.9879 
     CX.10PU  9 0.0121 0.0040 0.0100 0.9738 
     CX.10PX  9 0.0074 0.0034 0.0070 0.9823 
     CX.10T0  9 0.0072 0.0072 0.0038 0.9818 
     CX.10T2  9 0.0078 0.0020 0.0074 0.9829 
     CX.10JT  9 0.0128 0.0637 0.0065 0.9171 
     CX.10JY  9 0.0067 0.0028 0.0033 0.9871 
     CX.10K4  9 0.0055 0.0054 0.0070 0.9822 
     CX.10KE  9 0.0038 0.0031 0.0035 0.9897 
     CX.10KY  9 0.0043 0.0025 0.0034 0.9898 
     CX.10L2  9 0.0096 0.0052 0.0041 0.9811 
     CX.10L3  9 0.0278 0.0058 0.0187 0.9477 
     CX.10LF  9 0.0074 0.0035 0.0055 0.9836 
     CX.10LM  9 0.0636 0.0039 0.0316 0.9009 
     CX.10LY  9 0.0318 0.0082 0.0290 0.9310 
     CX.10M0  9 0.0091 0.0037 0.0037 0.9835 
     CX.10MA  9 0.0309 0.0050 0.1541 0.8100 
     CK.0PLA 10 0.0066 0.0268 0.9183 0.0483 
     CK.0PLC 10 0.0382 0.0491 0.7945 0.1182 
     CK.0PLE 10 0.0463 0.0084 0.8251 0.1202 
     CK.0PLF 10 0.0054 0.0029 0.9789 0.0128 
     CK.0PLH 10 0.0055 0.0233 0.9675 0.0037 
     CK.0PLJ 10 0.0145 0.0078 0.8779 0.0999 
     CK.0PLK 10 0.0079 0.0025 0.9833 0.0062 
     CK.0PLL 10 0.0134 0.1800 0.7967 0.0099 
     CK.0PLM 10 0.0037 0.0972 0.8201 0.0789 
     CK.0PLP 10 0.0069 0.1782 0.8055 0.0093 
     CK.0PLT 10 0.0046 0.0050 0.9728 0.0176 
     CK.0PLU 10 0.0077 0.0035 0.9828 0.0059 
     CK.0PLX 10 0.0239 0.1858 0.7438 0.0464 
     CK.0PLY 10 0.0196 0.0039 0.9550 0.0215 
     CK.0PM0 10 0.3656 0.0159 0.5379 0.0806 
     CK.0PM1 10 0.0055 0.0144 0.9165 0.0636 
     CK.0PM2 10 0.0109 0.0258 0.9350 0.0283 
     CK.0PM3 10 0.0114 0.0665 0.8522 0.0700 
     CK.0PM4 10 0.0054 0.0531 0.8959 0.0456 
     CK.0PM7 10 0.0069 0.0245 0.9524 0.0161 
     CK.0PM8 10 0.0051 0.0066 0.9804 0.0079 
     CK.0PMA 10 0.0234 0.0573 0.8766 0.0428 
       M2C06 10 0.0049 0.0059 0.9781 0.0111 
       M2C07 10 0.0029 0.0040 0.9861 0.0069 
       M2C08 10 0.0032 0.0042 0.9893 0.0033 
       M2C0A 10 0.0068 0.0052 0.9827 0.0053 
       M2C0C 10 0.0061 0.0470 0.8190 0.1278 
       M2C0E 10 0.0050 0.0040 0.9872 0.0038 
     EF.15EU 11 0.0039 0.0050 0.0047 0.9865 
     EF.15EE 11 0.0038 0.0090 0.0031 0.9841 
     EF.15EF 11 0.0033 0.0041 0.0051 0.9875 
     EF.15EH 11 0.0037 0.0037 0.0031 0.9895 
     EF.15EJ 11 0.0044 0.0043 0.0032 0.9881 
     EF.15EK 11 0.0046 0.0096 0.0037 0.9821 
     EF.15EL 11 0.0058 0.0558 0.0059 0.9325 
     EF.15EM 11 0.0060 0.0059 0.0041 0.9840 
     EF.15EP 11 0.0039 0.0125 0.0047 0.9788 
     EF.15ET 11 0.0039 0.1731 0.0032 0.8198 
     EF.15EX 11 0.0039 0.0039 0.0030 0.9893 
     EF.15F0 11 0.0026 0.0204 0.0024 0.9746 
     EF.15F1 11 0.0078 0.0143 0.0032 0.9747 
     EF.15F2 11 0.0039 0.0098 0.0056 0.9807 
     EF.15F3 11 0.0051 0.0047 0.0036 0.9866 
     EF.15F4 11 0.0027 0.0032 0.0041 0.9900 
     EF.15F5 11 0.0036 0.0332 0.0037 0.9595 
     EF.15F6 11 0.0024 0.0032 0.0032 0.9912 
     EF.15FC 11 0.0082 0.0062 0.0084 0.9773 
     EF.15FE 11 0.0035 0.0317 0.0057 0.9591 
     EF.15FF 11 0.0052 0.0045 0.0053 0.9850 
     EF.15FH 11 0.0046 0.0026 0.0048 0.9879 
     EF.15FJ 11 0.0069 0.0051 0.0047 0.9833 
     EF.15FK 11 0.0033 0.0424 0.0042 0.9501 
     EF.15FL 11 0.0043 0.0033 0.0029 0.9895 
     EF.15FM 11 0.0033 0.0048 0.0035 0.9884 
     EF.15FP 11 0.0045 0.0050 0.0034 0.9870 
      CC00K0 12 0.0042 0.0026 0.0041 0.9892 
      CC01AY 12 0.0057 0.0030 0.0063 0.9850 
      CC01EE 12 0.0112 0.0044 0.0093 0.9751 
      CC03KH 12 0.0059 0.0036 0.0054 0.9851 
      CC04FK 12 0.0222 0.0103 0.0082 0.9593 
      CC04H8 12 0.0180 0.0062 0.0177 0.9581 
      CC05EL 12 0.0162 0.0064 0.0039 0.9735 
      CC05EM 12 0.0047 0.0021 0.0063 0.9869 
      CC05EX 12 0.0063 0.0024 0.0051 0.9862 
      CC05H2 12 0.0079 0.0021 0.0246 0.9654 
      CC05HP 12 0.0139 0.0027 0.0226 0.9607 
      CC05X0 12 0.0057 0.0043 0.0037 0.9863 
      CC05X7 12 0.0071 0.0036 0.0098 0.9794 
      CC0637 12 0.0077 0.0026 0.0110 0.9787 
      CC0640 12 0.0082 0.0038 0.0077 0.9803 
      FCC01M 12 0.0053 0.0026 0.0117 0.9804 
      FCC2JC 12 0.0073 0.0486 0.0065 0.9376 
      CC00JM 12 0.0137 0.0249 0.0122 0.9492 
      CC00T6 12 0.0537 0.0086 0.0484 0.8894 
      CC00T7 12 0.0208 0.0032 0.0133 0.9627 
      CC00TC 12 0.0038 0.0075 0.0193 0.9694 
      CC01CJ 12 0.0074 0.0090 0.1426 0.8411 
      CC01CY 12 0.0084 0.0038 0.0171 0.9707 
      CC01EC 12 0.0062 0.0043 0.0051 0.9843 
      CC01EH 12 0.0056 0.0101 0.0069 0.9773 
      CC01F2 12 0.0269 0.0055 0.0164 0.9512 
      CC01FL 12 0.0073 0.0042 0.0347 0.9537 
      CC025E 12 0.0065 0.0086 0.0067 0.9782 
      CC03E3 12 0.0048 0.0059 0.0390 0.9502 
      CC04AU 12 0.0045 0.0028 0.0080 0.9848 
      CC04EK 12 0.0059 0.0032 0.0158 0.9751 
      CC05FX 12 0.0061 0.0028 0.0087 0.9824 
      CC05H7 12 0.0096 0.0054 0.0105 0.9745 
      CC05M5 12 0.0055 0.0035 0.0055 0.9856 
      CC05YK 12 0.0065 0.0083 0.0130 0.9721 
      CC0630 12 0.0133 0.0048 0.0123 0.9695 
      CC066E 12 0.0115 0.0061 0.0101 0.9723 
      CC01ET 12 0.0073 0.0083 0.0150 0.9694 
      CC01F1 12 0.0095 0.0071 0.0126 0.9708 
      CC063M 12 0.0089 0.0116 0.0079 0.9717 
