

----------------------------------------------------
STRUCTURE by Pritchard, Stephens and Donnelly (2000)
     and Falush, Stephens and Pritchard (2003)
       Code by Pritchard, Falush and Hubisz
             Version 2.3.4 (Jul 2012)
----------------------------------------------------



Command line arguments:   /home/eva.pavlovic/Structure/structure -m parameter_job_Z120 
Input File:    /home/eva.pavlovic/data_job_Z120

Run parameters:
   742 individuals
   20 loci
   7 populations assumed
   300000 Burn-in period
   3000000 Reps


--------------------------------------------
Proportion of membership of each pre-defined
 population in each of the 7 clusters

Given    Inferred Clusters                                   Number of
 Pop       1      2      3      4      5      6      7      Individuals

  1:     0.009  0.005  0.005  0.005  0.004  0.967  0.005      100
  2:     0.004  0.806  0.006  0.003  0.068  0.103  0.009        6
  3:     0.003  0.975  0.004  0.003  0.011  0.002  0.003        2
  4:     0.007  0.506  0.425  0.011  0.034  0.009  0.008       42
  5:     0.020  0.044  0.232  0.026  0.644  0.004  0.030      105
  6:     0.007  0.044  0.540  0.055  0.339  0.006  0.009      240
  7:     0.022  0.038  0.243  0.617  0.052  0.007  0.022       68
  8:     0.007  0.013  0.014  0.942  0.011  0.005  0.008       31
  9:     0.010  0.006  0.009  0.950  0.009  0.006  0.010       53
 10:     0.003  0.007  0.008  0.014  0.011  0.004  0.953       28
 11:     0.958  0.003  0.003  0.012  0.005  0.011  0.007       27
 12:     0.077  0.013  0.023  0.121  0.013  0.007  0.746       40
--------------------------------------------

Allele-freq. divergence among pops (Net nucleotide distance),
computed using point estimates of P.

      1       2       3       4       5       6       7      
 1      -    0.1414  0.1498  0.0999  0.1562  0.1192  0.1314  
 2   0.1414     -    0.0512  0.0656  0.0669  0.1093  0.0757  
 3   0.1498  0.0512     -    0.0515  0.0395  0.1057  0.0684  
 4   0.0999  0.0656  0.0515     -    0.0666  0.0735  0.0613  
 5   0.1562  0.0669  0.0395  0.0666     -    0.1172  0.0669  
 6   0.1192  0.1093  0.1057  0.0735  0.1172     -    0.0883  
 7   0.1314  0.0757  0.0684  0.0613  0.0669  0.0883     -    

Average distances (expected heterozygosity) between individuals in same cluster:
cluster  1  : 0.6531 
cluster  2  : 0.7136 
cluster  3  : 0.7096 
cluster  4  : 0.7641 
cluster  5  : 0.7020 
cluster  6  : 0.7953 
cluster  7  : 0.7442 

--------------------------------------------
Estimated Ln Prob of Data   = -49432.5
Mean value of ln likelihood = -48749.4
Variance of ln likelihood   = 1366.3
Mean value of alpha         = 0.0332

Mean value of Fst_1         = 0.2787
Mean value of Fst_2         = 0.2133
Mean value of Fst_3         = 0.1702
Mean value of Fst_4         = 0.0824
Mean value of Fst_5         = 0.2570
Mean value of Fst_6         = 0.0510
Mean value of Fst_7         = 0.1483


Inferred ancestry of individuals:
        Label (%Miss) Pop:  Inferred clusters
  1    M1EL5    (5)    1 :  0.008 0.003 0.005 0.005 0.003 0.973 0.004 
  2    W26T6    (5)    1 :  0.003 0.031 0.013 0.006 0.004 0.935 0.008 
  3    W26XX    (5)    1 :  0.004 0.002 0.002 0.003 0.003 0.984 0.002 
  4    M013P    (0)    1 :  0.004 0.003 0.002 0.003 0.002 0.984 0.003 
  5    M1ELA    (0)    1 :  0.005 0.009 0.004 0.017 0.011 0.885 0.069 
  6    M2C73    (0)    1 :  0.004 0.004 0.004 0.003 0.002 0.979 0.004 
  7    W23P4    (0)    1 :  0.002 0.007 0.031 0.007 0.061 0.887 0.006 
  8    W247C    (5)    1 :  0.003 0.003 0.002 0.002 0.002 0.985 0.002 
  9    W24K1    (0)    1 :  0.002 0.002 0.002 0.002 0.002 0.988 0.002 
 10    W24ME    (0)    1 :  0.003 0.007 0.021 0.005 0.007 0.954 0.004 
 11    W2514    (0)    1 :  0.002 0.006 0.004 0.003 0.006 0.976 0.003 
 12    W26MA    (0)    1 :  0.003 0.003 0.006 0.004 0.006 0.972 0.005 
 13    W26MM    (0)    1 :  0.002 0.002 0.003 0.003 0.002 0.985 0.003 
 14    W26MU    (0)    1 :  0.007 0.003 0.005 0.004 0.002 0.976 0.002 
 15    W26P0    (0)    1 :  0.003 0.003 0.004 0.006 0.003 0.980 0.002 
 16    W26P3    (0)    1 :  0.006 0.002 0.002 0.003 0.002 0.984 0.002 
 17    W26T5    (0)    1 :  0.002 0.002 0.002 0.002 0.002 0.989 0.002 
 18    W26TE    (0)    1 :  0.003 0.002 0.005 0.011 0.004 0.967 0.008 
 19    W26TF    (0)    1 :  0.004 0.002 0.002 0.002 0.002 0.969 0.019 
 20    W26U8    (0)    1 :  0.006 0.003 0.016 0.013 0.013 0.941 0.008 
 21    W26UJ    (0)    1 :  0.002 0.003 0.002 0.002 0.002 0.987 0.002 
 22    W26UK    (0)    1 :  0.006 0.002 0.002 0.002 0.002 0.985 0.002 
 23    W26UT    (0)    1 :  0.004 0.003 0.002 0.002 0.002 0.984 0.004 
 24    W26XT    (0)    1 :  0.012 0.003 0.002 0.003 0.002 0.970 0.007 
 25   CC06H2    (0)    1 :  0.003 0.003 0.010 0.004 0.020 0.956 0.005 
 26   CC06H4    (0)    1 :  0.004 0.002 0.003 0.002 0.003 0.983 0.004 
 27   CC06H5    (5)    1 :  0.003 0.007 0.008 0.016 0.012 0.947 0.007 
 28   CC06H6    (0)    1 :  0.005 0.003 0.003 0.008 0.004 0.974 0.003 
 29   CC06HE    (0)    1 :  0.005 0.003 0.002 0.003 0.002 0.983 0.002 
 30   CC06HF    (0)    1 :  0.009 0.011 0.008 0.004 0.007 0.947 0.015 
 31   CC06HH    (0)    1 :  0.003 0.002 0.002 0.002 0.003 0.984 0.004 
 32   CC06HJ    (0)    1 :  0.003 0.005 0.003 0.033 0.002 0.947 0.005 
 33   CC06HL    (0)    1 :  0.002 0.002 0.002 0.003 0.002 0.988 0.003 
 34   CC06HP    (0)    1 :  0.014 0.004 0.002 0.002 0.002 0.975 0.002 
 35   CC06HT    (0)    1 :  0.005 0.017 0.003 0.006 0.006 0.928 0.034 
 36   CC06HU    (0)    1 :  0.003 0.002 0.002 0.018 0.003 0.969 0.004 
 37   CC06HY    (0)    1 :  0.003 0.007 0.004 0.004 0.010 0.964 0.008 
 38   CC06J0    (0)    1 :  0.002 0.007 0.004 0.003 0.003 0.977 0.005 
 39   CC06J1    (0)    1 :  0.002 0.008 0.008 0.007 0.003 0.968 0.004 
 40   CC06J2    (0)    1 :  0.005 0.002 0.003 0.004 0.002 0.979 0.005 
 41  CT.0YCY    (0)    1 :  0.003 0.002 0.003 0.003 0.003 0.982 0.003 
 42  CT.0YEC    (0)    1 :  0.003 0.002 0.002 0.002 0.001 0.988 0.002 
 43  CT.0YEF    (0)    1 :  0.003 0.003 0.003 0.003 0.003 0.983 0.002 
 44  CT.0YEU    (0)    1 :  0.002 0.002 0.002 0.002 0.002 0.989 0.002 
 45  CT.0YF2    (5)    1 :  0.003 0.003 0.007 0.006 0.003 0.975 0.004 
 46  CT.0YF8    (0)    1 :  0.005 0.002 0.002 0.002 0.002 0.985 0.002 
 47  CT.0YFA    (0)    1 :  0.006 0.002 0.005 0.006 0.003 0.976 0.002 
 48  CT.0YFE    (0)    1 :  0.009 0.003 0.005 0.004 0.003 0.973 0.003 
 49  CT.0YFP    (0)    1 :  0.002 0.004 0.007 0.004 0.002 0.977 0.004 
 50  CT.0YFU    (0)    1 :  0.004 0.002 0.003 0.003 0.003 0.983 0.002 
 51  CT.0YK7    (0)    1 :  0.003 0.002 0.005 0.002 0.004 0.979 0.005 
 52  CX.10PT    (0)    1 :  0.006 0.003 0.009 0.005 0.013 0.944 0.020 
 53   DAM021    (0)    1 :  0.013 0.020 0.003 0.003 0.009 0.945 0.008 
 54   DAM034    (0)    1 :  0.003 0.004 0.005 0.004 0.004 0.979 0.002 
 55   DAM07X    (0)    1 :  0.003 0.002 0.004 0.003 0.004 0.982 0.002 
 56  EF.15J6    (0)    1 :  0.004 0.002 0.002 0.003 0.002 0.984 0.002 
 57   HRV010   (10)    1 :  0.003 0.002 0.002 0.006 0.002 0.981 0.003 
 58   HRV02J    (5)    1 :  0.005 0.002 0.007 0.006 0.003 0.974 0.003 
 59   HRV078    (0)    1 :  0.006 0.016 0.003 0.002 0.003 0.965 0.003 
 60   HRV0FH    (0)    1 :  0.002 0.002 0.004 0.003 0.002 0.986 0.002 
 61   HRV0H5    (0)    1 :  0.005 0.003 0.003 0.003 0.004 0.977 0.004 
 62   HRV0JF    (0)    1 :  0.003 0.029 0.008 0.005 0.003 0.950 0.002 
 63   HRV0JJ    (0)    1 :  0.002 0.004 0.005 0.004 0.004 0.977 0.003 
 64   HRV0JM    (0)    1 :  0.003 0.003 0.005 0.003 0.002 0.981 0.003 
 65   HRV0K6    (0)    1 :  0.002 0.004 0.013 0.018 0.005 0.948 0.010 
 66   HRV0K7    (0)    1 :  0.004 0.001 0.003 0.010 0.002 0.976 0.004 
 67   HRV0KP    (5)    1 :  0.013 0.009 0.003 0.006 0.004 0.958 0.007 
 68   HRV1AX    (0)    1 :  0.015 0.006 0.009 0.005 0.007 0.954 0.005 
 69   HRV1C4    (0)    1 :  0.002 0.004 0.005 0.002 0.010 0.974 0.002 
 70   HRV1CH    (0)    1 :  0.005 0.003 0.006 0.006 0.003 0.975 0.002 
 71   HRV1FA    (5)    1 :  0.006 0.003 0.004 0.008 0.005 0.969 0.006 
 72   HRV1FK    (0)    1 :  0.002 0.002 0.004 0.003 0.005 0.978 0.006 
 73   HRV1H8    (5)    1 :  0.004 0.002 0.003 0.003 0.003 0.980 0.005 
 74   HRV1HT   (10)    1 :  0.005 0.004 0.005 0.005 0.005 0.973 0.004 
 75   HRV1XU   (10)    1 :  0.003 0.006 0.003 0.002 0.003 0.966 0.016 
 76   HRV4TF    (0)    1 :  0.195 0.002 0.002 0.003 0.002 0.794 0.003 
 77   HRV6F0   (10)    1 :  0.031 0.005 0.003 0.003 0.002 0.953 0.003 
 78   HRVE6L    (0)    1 :  0.043 0.015 0.004 0.004 0.003 0.924 0.008 
 79    M27HM    (5)    1 :  0.006 0.010 0.004 0.003 0.003 0.972 0.003 
 80    M27HP    (0)    1 :  0.003 0.002 0.002 0.002 0.002 0.987 0.002 
 81    M2AK4    (0)    1 :  0.003 0.003 0.002 0.002 0.002 0.986 0.002 
 82    M2ALA    (0)    1 :  0.002 0.002 0.002 0.002 0.002 0.987 0.002 
 83    M2C56    (0)    1 :  0.036 0.011 0.004 0.004 0.003 0.939 0.003 
 84    M2CUX    (0)    1 :  0.002 0.002 0.009 0.005 0.002 0.973 0.006 
 85    M2E24    (0)    1 :  0.002 0.002 0.003 0.002 0.002 0.988 0.002 
 86    M2EA7    (5)    1 :  0.002 0.003 0.003 0.002 0.003 0.985 0.003 
 87    M2EH6    (0)    1 :  0.003 0.002 0.002 0.003 0.003 0.984 0.002 
 88    M2EKC    (0)    1 :  0.161 0.003 0.004 0.010 0.003 0.809 0.009 
 89   MSV083    (0)    1 :  0.010 0.003 0.003 0.007 0.002 0.965 0.009 
 90   MSV084    (0)    1 :  0.011 0.002 0.005 0.011 0.004 0.964 0.003 
 91   MSV0LJ    (0)    1 :  0.005 0.005 0.005 0.003 0.002 0.976 0.003 
 92   MSV1H5    (0)    1 :  0.003 0.004 0.005 0.011 0.008 0.966 0.003 
 93   MSV1KM    (0)    1 :  0.003 0.002 0.002 0.002 0.002 0.987 0.002 
 94   MSV23F    (5)    1 :  0.019 0.004 0.002 0.004 0.003 0.958 0.010 
 95   MSV2L8    (0)    1 :  0.004 0.007 0.004 0.002 0.002 0.979 0.003 
 96   MSV2P7    (5)    1 :  0.002 0.005 0.002 0.002 0.002 0.984 0.002 
 97   MSV2TJ    (0)    1 :  0.014 0.003 0.008 0.005 0.004 0.965 0.001 
 98   MSV2XM    (0)    1 :  0.003 0.003 0.004 0.004 0.003 0.978 0.006 
 99   MSV327    (5)    1 :  0.002 0.003 0.002 0.003 0.002 0.984 0.003 
100   MSV33L    (5)    1 :  0.002 0.001 0.002 0.002 0.002 0.988 0.002 
101   MSV1TX    (5)    2 :  0.003 0.025 0.013 0.004 0.363 0.589 0.004 
102   MSV025    (0)    2 :  0.003 0.971 0.003 0.003 0.010 0.004 0.006 
103   MSV02C    (0)    2 :  0.008 0.954 0.004 0.003 0.009 0.009 0.012 
104   MSV02E    (5)    2 :  0.003 0.969 0.005 0.002 0.005 0.006 0.009 
105   MSV0TF    (5)    2 :  0.001 0.976 0.006 0.002 0.005 0.006 0.004 
106    M2EL8    (0)    2 :  0.005 0.943 0.005 0.003 0.017 0.006 0.021 
107   MSV21T    (0)    3 :  0.003 0.978 0.005 0.002 0.007 0.002 0.002 
108    M2E71    (0)    3 :  0.003 0.972 0.002 0.004 0.014 0.002 0.003 
109    W23CA   (10)    4 :  0.004 0.880 0.083 0.015 0.011 0.003 0.003 
110  AP.085Y    (5)    4 :  0.012 0.233 0.725 0.008 0.013 0.004 0.005 
111  CH.0LLY    (5)    4 :  0.005 0.982 0.003 0.003 0.002 0.002 0.003 
112    M0LEC    (5)    4 :  0.002 0.005 0.975 0.009 0.005 0.002 0.002 
113    M2C3H   (10)    4 :  0.003 0.986 0.002 0.002 0.002 0.001 0.003 
114    M2CHL    (5)    4 :  0.002 0.989 0.002 0.002 0.001 0.002 0.002 
115    W26P7   (10)    4 :  0.003 0.982 0.006 0.003 0.002 0.002 0.002 
116  AP.07M5    (0)    4 :  0.003 0.009 0.852 0.012 0.008 0.008 0.108 
117  AP.080U    (0)    4 :  0.013 0.738 0.216 0.021 0.006 0.003 0.004 
118  AP.082A    (0)    4 :  0.002 0.006 0.977 0.004 0.005 0.002 0.004 
119  AP.0843    (0)    4 :  0.003 0.116 0.837 0.023 0.004 0.014 0.003 
120  AP.0844    (0)    4 :  0.026 0.136 0.771 0.005 0.004 0.055 0.003 
121  AP.084X    (0)    4 :  0.001 0.954 0.027 0.003 0.008 0.002 0.003 
122  AP.086Y    (0)    4 :  0.002 0.987 0.003 0.002 0.002 0.001 0.002 
123  AP.0870    (0)    4 :  0.012 0.812 0.104 0.029 0.022 0.006 0.015 
124  AP.0878    (0)    4 :  0.003 0.978 0.005 0.005 0.002 0.002 0.004 
125  AP.087F    (0)    4 :  0.003 0.982 0.006 0.003 0.002 0.002 0.002 
126  AP.087Y    (0)    4 :  0.002 0.989 0.002 0.002 0.001 0.002 0.002 
127  AP.088P    (0)    4 :  0.002 0.022 0.942 0.007 0.014 0.005 0.007 
128  AP.08AK    (5)    4 :  0.002 0.005 0.969 0.003 0.009 0.006 0.006 
129  CH.0LLM    (0)    4 :  0.003 0.978 0.005 0.002 0.008 0.002 0.003 
130  CH.0LLU    (0)    4 :  0.004 0.934 0.009 0.007 0.023 0.017 0.006 
131  CH.0LM0    (5)    4 :  0.002 0.969 0.011 0.006 0.003 0.005 0.003 
132  CH.0LM3    (5)    4 :  0.002 0.002 0.980 0.004 0.004 0.005 0.003 
133    W26MY    (0)    4 :  0.014 0.049 0.721 0.008 0.004 0.122 0.083 
134    W26P6    (0)    4 :  0.002 0.009 0.923 0.010 0.006 0.045 0.006 
135   HRV07U    (0)    4 :  0.064 0.007 0.880 0.033 0.005 0.007 0.004 
136   HRV1CT    (0)    4 :  0.003 0.006 0.976 0.004 0.006 0.003 0.003 
137   HRV1CU    (0)    4 :  0.003 0.005 0.935 0.004 0.045 0.002 0.006 
138   HRV1E6    (0)    4 :  0.003 0.007 0.972 0.006 0.006 0.002 0.004 
139   HRV081    (0)    4 :  0.002 0.006 0.959 0.003 0.025 0.001 0.004 
140   HRV1E3    (0)    4 :  0.006 0.004 0.966 0.014 0.004 0.004 0.002 
141   MSV21E    (0)    4 :  0.004 0.967 0.007 0.003 0.014 0.002 0.003 
142   MSV216    (0)    4 :  0.006 0.972 0.005 0.003 0.006 0.002 0.007 
143    M0TYK    (0)    4 :  0.004 0.017 0.955 0.004 0.004 0.012 0.005 
144   MSV2AA    (0)    4 :  0.002 0.969 0.005 0.003 0.016 0.002 0.003 
145  CK.0PET    (0)    4 :  0.004 0.984 0.002 0.002 0.003 0.002 0.003 
146    M2E8C    (0)    4 :  0.003 0.005 0.020 0.003 0.962 0.003 0.004 
147   MSV23X    (0)    4 :  0.003 0.971 0.006 0.003 0.013 0.002 0.003 
148   MSV32A    (0)    4 :  0.002 0.971 0.006 0.003 0.014 0.002 0.002 
149  AP.0838    (0)    4 :  0.056 0.128 0.788 0.012 0.008 0.006 0.002 
150  AP.088F    (0)    4 :  0.008 0.494 0.213 0.168 0.107 0.004 0.007 
151   DAM2HL   (10)    5 :  0.002 0.006 0.963 0.012 0.010 0.002 0.005 
152    M2ALK    (0)    5 :  0.056 0.246 0.013 0.010 0.658 0.004 0.013 
153    M2E2J    (0)    5 :  0.003 0.004 0.947 0.003 0.008 0.028 0.007 
154    M2E73    (0)    5 :  0.003 0.003 0.973 0.004 0.011 0.002 0.004 
155    M2E74    (0)    5 :  0.137 0.012 0.007 0.009 0.824 0.003 0.007 
156    M2EUJ    (5)    5 :  0.127 0.461 0.014 0.120 0.266 0.003 0.008 
157   DAM1XK    (0)    5 :  0.002 0.005 0.957 0.013 0.017 0.002 0.004 
158    M2057    (0)    5 :  0.003 0.004 0.974 0.004 0.010 0.003 0.002 
159    M2271    (0)    5 :  0.003 0.003 0.004 0.003 0.976 0.002 0.009 
160    M27YK    (0)    5 :  0.120 0.007 0.751 0.089 0.006 0.023 0.004 
161    M2A1H    (0)    5 :  0.002 0.004 0.006 0.002 0.462 0.002 0.522 
162    M2E0P    (0)    5 :  0.002 0.004 0.321 0.003 0.663 0.002 0.005 
163    M2E75    (0)    5 :  0.002 0.008 0.028 0.023 0.930 0.002 0.007 
164    M2E76    (0)    5 :  0.006 0.004 0.008 0.005 0.970 0.003 0.003 
165   MSV0T5    (5)    5 :  0.002 0.014 0.294 0.009 0.668 0.008 0.005 
166   MSV241    (0)    5 :  0.002 0.004 0.024 0.006 0.957 0.003 0.003 
167   MSV2A0    (0)    5 :  0.004 0.005 0.007 0.004 0.972 0.004 0.005 
168   MSV2A1    (0)    5 :  0.002 0.003 0.003 0.002 0.986 0.002 0.003 
169   MSV2A8    (0)    5 :  0.004 0.010 0.015 0.004 0.958 0.002 0.006 
170   DAM1P5    (0)    5 :  0.001 0.005 0.005 0.002 0.984 0.001 0.002 
171    M1084    (0)    5 :  0.004 0.004 0.970 0.005 0.011 0.002 0.004 
172   MSV2M4    (5)    5 :  0.005 0.007 0.010 0.008 0.963 0.003 0.004 
173   MSV2T6    (5)    5 :  0.002 0.008 0.005 0.006 0.959 0.003 0.016 
174    M1UM1    (5)    5 :  0.025 0.017 0.807 0.073 0.066 0.006 0.005 
175    M2ECL    (0)    5 :  0.045 0.050 0.156 0.025 0.708 0.014 0.003 
176    M2EJ0    (0)    5 :  0.003 0.004 0.815 0.050 0.124 0.002 0.003 
177   MSV20J    (0)    5 :  0.003 0.016 0.015 0.008 0.945 0.002 0.011 
178   MSV2TK    (0)    5 :  0.074 0.045 0.147 0.011 0.712 0.009 0.002 
179   MSV2TX    (0)    5 :  0.003 0.011 0.043 0.004 0.932 0.002 0.005 
180   MSV310    (0)    5 :  0.003 0.004 0.008 0.003 0.974 0.004 0.004 
181   MSV33F    (0)    5 :  0.003 0.005 0.007 0.003 0.974 0.003 0.005 
182   DAM35L    (0)    5 :  0.002 0.009 0.009 0.008 0.964 0.002 0.006 
183    M2E4C    (0)    5 :  0.005 0.014 0.027 0.004 0.942 0.002 0.006 
184    M2E4H    (0)    5 :  0.010 0.051 0.863 0.029 0.036 0.008 0.003 
185    M2E65    (0)    5 :  0.009 0.007 0.004 0.011 0.959 0.003 0.007 
186    M2EEJ    (0)    5 :  0.002 0.003 0.004 0.002 0.984 0.002 0.003 
187    M2EEP    (5)    5 :  0.004 0.011 0.023 0.007 0.929 0.004 0.022 
188   MSV1TU    (0)    5 :  0.002 0.872 0.017 0.003 0.100 0.003 0.004 
189   MSV20M    (0)    5 :  0.004 0.007 0.018 0.007 0.956 0.002 0.007 
190   MSV223    (0)    5 :  0.002 0.004 0.977 0.004 0.008 0.003 0.003 
191   MSV22E    (0)    5 :  0.004 0.006 0.017 0.006 0.960 0.003 0.005 
192   MSV23J    (0)    5 :  0.003 0.004 0.981 0.004 0.005 0.002 0.002 
193   MSV2K6    (5)    5 :  0.002 0.006 0.006 0.003 0.978 0.002 0.003 
194   DAM23U    (5)    5 :  0.015 0.007 0.570 0.005 0.384 0.006 0.013 
195    M2E8A    (5)    5 :  0.004 0.003 0.009 0.003 0.973 0.002 0.006 
196   MSV2L2    (5)    5 :  0.003 0.005 0.007 0.003 0.974 0.003 0.006 
197    M1YMH    (5)    5 :  0.004 0.011 0.549 0.007 0.414 0.009 0.006 
198    M2A84    (5)    5 :  0.003 0.777 0.018 0.003 0.192 0.003 0.004 
199   MSV23M    (0)    5 :  0.006 0.005 0.878 0.094 0.008 0.003 0.004 
200  AP.085T    (5)    5 :  0.002 0.008 0.064 0.004 0.914 0.002 0.007 
201  AP.086J    (0)    5 :  0.006 0.060 0.014 0.837 0.035 0.003 0.047 
202  AP.08C2    (0)    5 :  0.045 0.019 0.548 0.301 0.009 0.012 0.066 
203  AP.08CF    (0)    5 :  0.003 0.004 0.424 0.012 0.542 0.002 0.013 
204  AP.08CX    (0)    5 :  0.002 0.006 0.005 0.003 0.980 0.001 0.003 
205  AP.08CY    (0)    5 :  0.081 0.003 0.028 0.019 0.859 0.007 0.004 
206   DAM0JX    (0)    5 :  0.002 0.024 0.841 0.014 0.109 0.002 0.007 
207   DAM0P4    (0)    5 :  0.003 0.003 0.973 0.003 0.012 0.002 0.003 
208   DAM0UK    (0)    5 :  0.010 0.006 0.273 0.099 0.603 0.005 0.004 
209    M2030    (0)    5 :  0.003 0.002 0.005 0.008 0.976 0.002 0.005 
210   MSV24M    (0)    5 :  0.003 0.011 0.039 0.014 0.927 0.003 0.004 
211    M20AM    (0)    5 :  0.026 0.637 0.029 0.150 0.150 0.002 0.005 
212    M21YP    (0)    5 :  0.988 0.002 0.002 0.002 0.002 0.002 0.002 
213    M2205    (0)    5 :  0.002 0.004 0.006 0.004 0.978 0.001 0.003 
214    M2206    (0)    5 :  0.002 0.003 0.011 0.007 0.970 0.002 0.004 
215   MSV267    (0)    5 :  0.002 0.005 0.017 0.020 0.950 0.002 0.004 
216    M2757    (0)    5 :  0.017 0.673 0.031 0.108 0.157 0.003 0.012 
217    M27TH    (0)    5 :  0.006 0.006 0.969 0.005 0.010 0.002 0.003 
218   MSV2JA    (0)    5 :  0.028 0.015 0.204 0.005 0.304 0.006 0.437 
219   MSV2KU    (0)    5 :  0.004 0.003 0.005 0.005 0.967 0.003 0.014 
220   MSV2MF    (0)    5 :  0.005 0.099 0.032 0.008 0.730 0.003 0.122 
221   MSV2TA    (0)    5 :  0.003 0.005 0.004 0.002 0.983 0.002 0.002 
222   MSV2TE    (0)    5 :  0.002 0.004 0.020 0.003 0.967 0.001 0.003 
223   MSV2TU    (0)    5 :  0.003 0.006 0.169 0.040 0.765 0.013 0.004 
224   MSV2UT    (0)    5 :  0.020 0.060 0.073 0.016 0.817 0.004 0.010 
225   MSV306    (0)    5 :  0.004 0.004 0.008 0.008 0.969 0.003 0.003 
226   MSV311    (0)    5 :  0.003 0.007 0.006 0.018 0.962 0.002 0.003 
227   MSV31M    (0)    5 :  0.007 0.004 0.545 0.041 0.394 0.003 0.005 
228   MSV325    (0)    5 :  0.002 0.006 0.099 0.004 0.874 0.003 0.013 
229   MSV32H    (0)    5 :  0.009 0.006 0.021 0.008 0.945 0.005 0.006 
230  CX.112U    (0)    5 :  0.005 0.004 0.015 0.021 0.949 0.003 0.004 
231   DAM2PC    (0)    5 :  0.002 0.006 0.010 0.002 0.230 0.002 0.749 
232    M2E48    (0)    5 :  0.002 0.005 0.021 0.004 0.959 0.002 0.006 
233    M2E7K    (0)    5 :  0.003 0.004 0.054 0.005 0.925 0.002 0.007 
234    M2E80    (0)    5 :  0.003 0.003 0.008 0.003 0.975 0.002 0.006 
235    M2EAM    (0)    5 :  0.003 0.005 0.007 0.003 0.978 0.001 0.003 
236    M2EFF    (0)    5 :  0.005 0.013 0.003 0.003 0.969 0.003 0.004 
237    M2EFY    (0)    5 :  0.011 0.005 0.585 0.004 0.390 0.002 0.003 
238    M2EHM    (0)    5 :  0.002 0.003 0.008 0.009 0.972 0.002 0.005 
239    M2EK0    (0)    5 :  0.004 0.004 0.947 0.012 0.026 0.002 0.005 
240    M2EK1    (0)    5 :  0.013 0.010 0.592 0.009 0.370 0.002 0.004 
241   MSV22F    (0)    5 :  0.002 0.013 0.076 0.012 0.881 0.002 0.014 
242   MSV273    (0)    5 :  0.004 0.006 0.003 0.002 0.979 0.003 0.003 
243   MSV0TL   (10)    5 :  0.003 0.016 0.285 0.007 0.063 0.004 0.622 
244   MSV0TT    (0)    5 :  0.003 0.003 0.003 0.002 0.983 0.002 0.004 
245   MSV12H    (0)    5 :  0.002 0.008 0.971 0.003 0.008 0.002 0.007 
246   MSV1TH    (0)    5 :  0.005 0.010 0.005 0.010 0.920 0.003 0.047 
247   MSV275    (0)    5 :  0.003 0.002 0.003 0.002 0.982 0.003 0.005 
248   MSV286    (0)    5 :  0.008 0.008 0.005 0.008 0.956 0.005 0.009 
249   MSV2H4    (0)    5 :  0.004 0.004 0.005 0.003 0.980 0.002 0.002 
250   MSV2K8    (0)    5 :  0.021 0.015 0.009 0.069 0.880 0.002 0.004 
251   MSV2PM    (0)    5 :  0.001 0.005 0.005 0.002 0.984 0.001 0.002 
252   MSV2X3    (0)    5 :  0.002 0.007 0.068 0.003 0.916 0.001 0.003 
253   MSV2X4    (0)    5 :  0.004 0.006 0.008 0.008 0.961 0.005 0.007 
254   MSV30U    (0)    5 :  0.002 0.004 0.104 0.003 0.881 0.001 0.004 
255  CX.111C    (0)    5 :  0.002 0.009 0.826 0.003 0.153 0.002 0.006 
256  AP.07M2    (0)    6 :  0.002 0.008 0.957 0.010 0.004 0.012 0.006 
257   HRV05C   (10)    6 :  0.002 0.013 0.966 0.004 0.005 0.005 0.004 
258   HRV077   (10)    6 :  0.013 0.748 0.131 0.051 0.030 0.006 0.021 
259   HRV0A0    (5)    6 :  0.002 0.013 0.041 0.004 0.930 0.005 0.004 
260   HRV0MC    (5)    6 :  0.003 0.013 0.967 0.003 0.007 0.002 0.004 
261   HRV00P    (0)    6 :  0.003 0.003 0.003 0.003 0.984 0.001 0.003 
262   HRV01J    (5)    6 :  0.004 0.004 0.004 0.002 0.981 0.002 0.004 
263   HRV026    (5)    6 :  0.002 0.002 0.004 0.003 0.985 0.002 0.003 
264   HRV02C    (0)    6 :  0.002 0.004 0.011 0.003 0.975 0.001 0.003 
265   HRV031    (0)    6 :  0.002 0.005 0.165 0.008 0.815 0.002 0.003 
266   HRV033    (0)    6 :  0.002 0.005 0.165 0.008 0.816 0.002 0.003 
267   HRV05L    (0)    6 :  0.005 0.020 0.386 0.251 0.328 0.002 0.007 
268   HRV06A    (0)    6 :  0.005 0.005 0.011 0.004 0.971 0.002 0.003 
269   HRV07P    (5)    6 :  0.002 0.004 0.976 0.004 0.009 0.002 0.004 
270   HRV0HC    (5)    6 :  0.007 0.055 0.918 0.004 0.005 0.008 0.003 
271   HRV0HU   (10)    6 :  0.003 0.009 0.573 0.148 0.257 0.004 0.006 
272   HRV0K1    (0)    6 :  0.004 0.010 0.009 0.009 0.964 0.002 0.003 
273   HRV0M6    (5)    6 :  0.006 0.003 0.003 0.017 0.963 0.005 0.004 
274   HRV0M7    (5)    6 :  0.006 0.005 0.973 0.005 0.006 0.002 0.003 
275   HRV0MK    (0)    6 :  0.004 0.002 0.004 0.005 0.982 0.001 0.002 
276   HRV1C7    (5)    6 :  0.003 0.003 0.021 0.055 0.911 0.002 0.005 
277   HRV1EA    (0)    6 :  0.012 0.013 0.950 0.005 0.012 0.005 0.003 
278    M147K    (5)    6 :  0.004 0.005 0.008 0.002 0.977 0.001 0.003 
279   HRV008    (0)    6 :  0.002 0.011 0.960 0.005 0.016 0.002 0.004 
280   HRV015    (0)    6 :  0.003 0.002 0.004 0.002 0.983 0.003 0.003 
281   HRV01F    (0)    6 :  0.005 0.003 0.005 0.003 0.977 0.003 0.003 
282   HRV01L    (0)    6 :  0.002 0.002 0.003 0.003 0.985 0.002 0.003 
283   HRV01M    (0)    6 :  0.003 0.009 0.871 0.021 0.073 0.003 0.021 
284   HRV020    (0)    6 :  0.002 0.002 0.002 0.002 0.984 0.003 0.006 
285   HRV022    (0)    6 :  0.004 0.002 0.005 0.002 0.979 0.004 0.004 
286   HRV02A    (0)    6 :  0.003 0.002 0.003 0.002 0.985 0.003 0.002 
287   HRV02K    (0)    6 :  0.002 0.002 0.002 0.003 0.976 0.004 0.010 
288   HRV04C    (0)    6 :  0.002 0.003 0.007 0.002 0.978 0.002 0.006 
289   HRV05H    (0)    6 :  0.014 0.011 0.928 0.022 0.017 0.003 0.004 
290   HRV076    (0)    6 :  0.004 0.004 0.964 0.006 0.012 0.004 0.006 
291   HRV07H    (0)    6 :  0.002 0.009 0.975 0.004 0.006 0.001 0.003 
292   HRV07X    (0)    6 :  0.003 0.003 0.962 0.006 0.019 0.004 0.002 
293   HRV080    (0)    6 :  0.002 0.004 0.979 0.003 0.008 0.002 0.002 
294   HRV086    (5)    6 :  0.009 0.007 0.401 0.010 0.561 0.007 0.005 
295   HRV0H3    (5)    6 :  0.004 0.004 0.003 0.003 0.979 0.002 0.004 
296   HRV0J3    (0)    6 :  0.006 0.007 0.972 0.004 0.007 0.002 0.002 
297   HRV0JX   (15)    6 :  0.006 0.005 0.970 0.005 0.005 0.004 0.006 
298   HRV0ML   (10)    6 :  0.002 0.005 0.018 0.004 0.966 0.002 0.004 
299   HRV1E8   (10)    6 :  0.004 0.007 0.959 0.006 0.018 0.002 0.004 
300   HRV007   (10)    6 :  0.005 0.007 0.928 0.019 0.027 0.003 0.011 
301   HRV005    (5)    6 :  0.021 0.004 0.567 0.014 0.380 0.003 0.011 
302   HRV05U    (5)    6 :  0.002 0.008 0.932 0.047 0.004 0.002 0.005 
303   HRV01U    (5)    6 :  0.004 0.006 0.977 0.004 0.004 0.002 0.003 
304  AP.07M1    (5)    6 :  0.003 0.002 0.004 0.004 0.982 0.002 0.003 
305  AP.07ME    (5)    6 :  0.015 0.005 0.928 0.014 0.020 0.003 0.016 
306  AP.0817    (5)    6 :  0.003 0.003 0.963 0.019 0.005 0.002 0.004 
307  AP.0863   (15)    6 :  0.005 0.009 0.916 0.033 0.015 0.009 0.014 
308  AP.087T    (5)    6 :  0.002 0.039 0.928 0.015 0.005 0.007 0.004 
309  AP.088T    (5)    6 :  0.002 0.003 0.980 0.005 0.006 0.002 0.003 
310  CH.0LM1   (15)    6 :  0.003 0.011 0.961 0.011 0.007 0.003 0.004 
311    M05X5    (5)    6 :  0.007 0.009 0.752 0.134 0.037 0.017 0.045 
312    M06JH    (5)    6 :  0.005 0.790 0.050 0.016 0.060 0.005 0.073 
313    M0A6K    (5)    6 :  0.006 0.577 0.290 0.036 0.085 0.003 0.003 
314    M0ETF    (5)    6 :  0.002 0.002 0.004 0.003 0.983 0.002 0.003 
315    M0LUP   (10)    6 :  0.005 0.010 0.598 0.012 0.369 0.003 0.004 
316    M16F1    (5)    6 :  0.003 0.003 0.021 0.005 0.956 0.002 0.009 
317    M182M    (5)    6 :  0.004 0.003 0.976 0.005 0.007 0.002 0.003 
318    M1CFL   (10)    6 :  0.003 0.004 0.021 0.018 0.943 0.002 0.008 
319    M2AXY   (10)    6 :  0.007 0.005 0.933 0.008 0.030 0.003 0.013 
320    M2AY2   (10)    6 :  0.003 0.009 0.965 0.006 0.004 0.009 0.004 
321    M2CHP   (10)    6 :  0.005 0.007 0.930 0.024 0.008 0.013 0.014 
322    W26LK    (5)    6 :  0.002 0.918 0.039 0.007 0.021 0.002 0.011 
323    W26ME   (10)    6 :  0.100 0.753 0.095 0.010 0.022 0.003 0.018 
324  AM.07FM    (0)    6 :  0.003 0.004 0.009 0.003 0.976 0.001 0.006 
325  AM.07FP    (5)    6 :  0.002 0.002 0.007 0.003 0.980 0.002 0.004 
326  AP.07M4    (0)    6 :  0.002 0.003 0.981 0.004 0.006 0.001 0.003 
327  AP.07M7    (0)    6 :  0.001 0.008 0.889 0.002 0.095 0.001 0.003 
328  AP.07M8    (0)    6 :  0.002 0.093 0.883 0.007 0.006 0.006 0.004 
329  AP.07MA    (0)    6 :  0.003 0.021 0.924 0.002 0.040 0.006 0.004 
330  AP.07MC    (0)    6 :  0.024 0.013 0.946 0.008 0.004 0.002 0.002 
331  AP.07P8    (0)    6 :  0.002 0.004 0.845 0.002 0.130 0.009 0.008 
332  AP.07U8    (0)    6 :  0.004 0.004 0.963 0.010 0.006 0.003 0.010 
333  AP.081F   (10)    6 :  0.002 0.433 0.520 0.004 0.034 0.003 0.004 
334  AP.081H   (10)    6 :  0.010 0.004 0.018 0.939 0.013 0.009 0.007 
335  AP.0820    (0)    6 :  0.002 0.005 0.914 0.054 0.004 0.016 0.004 
336  AP.0841    (5)    6 :  0.020 0.012 0.516 0.326 0.056 0.055 0.015 
337  AP.0858    (0)    6 :  0.004 0.633 0.307 0.028 0.020 0.002 0.007 
338  AP.085U    (5)    6 :  0.005 0.006 0.936 0.026 0.006 0.014 0.007 
339  AP.085X    (5)    6 :  0.008 0.003 0.027 0.009 0.944 0.002 0.008 
340  AP.0861    (5)    6 :  0.010 0.163 0.102 0.007 0.703 0.006 0.009 
341  AP.0864   (10)    6 :  0.002 0.003 0.979 0.004 0.007 0.002 0.004 
342  AP.086X    (0)    6 :  0.002 0.003 0.948 0.004 0.039 0.002 0.002 
343  AP.0872    (0)    6 :  0.003 0.081 0.882 0.005 0.020 0.002 0.006 
344  AP.0875    (0)    6 :  0.014 0.022 0.083 0.847 0.007 0.022 0.004 
345  AP.087A    (0)    6 :  0.005 0.002 0.944 0.004 0.041 0.002 0.002 
346  AP.087C    (0)    6 :  0.006 0.025 0.160 0.207 0.589 0.004 0.008 
347  AP.087E    (0)    6 :  0.003 0.008 0.052 0.004 0.927 0.002 0.003 
348  AP.087H    (0)    6 :  0.003 0.008 0.036 0.005 0.883 0.002 0.065 
349  AP.087K    (0)    6 :  0.005 0.444 0.392 0.133 0.010 0.004 0.013 
350  AP.087L    (0)    6 :  0.003 0.005 0.030 0.009 0.945 0.002 0.006 
351  AP.087M    (0)    6 :  0.003 0.036 0.941 0.010 0.004 0.002 0.004 
352  AP.087P    (0)    6 :  0.005 0.003 0.975 0.005 0.006 0.002 0.002 
353  AP.087U    (0)    6 :  0.007 0.016 0.180 0.715 0.045 0.010 0.027 
354  AP.087X    (0)    6 :  0.019 0.032 0.328 0.573 0.011 0.007 0.030 
355  AP.0881    (0)    6 :  0.020 0.005 0.156 0.757 0.013 0.009 0.040 
356  AP.0882    (0)    6 :  0.007 0.006 0.014 0.008 0.904 0.003 0.059 
357  AP.0883    (0)    6 :  0.003 0.018 0.942 0.013 0.006 0.008 0.011 
358  AP.0884    (0)    6 :  0.002 0.114 0.871 0.003 0.005 0.002 0.004 
359  AP.0885    (5)    6 :  0.008 0.013 0.951 0.007 0.008 0.004 0.009 
360  AP.0887    (0)    6 :  0.007 0.017 0.076 0.089 0.795 0.003 0.013 
361  AP.0888    (5)    6 :  0.017 0.009 0.117 0.600 0.007 0.246 0.004 
362  AP.088A    (0)    6 :  0.005 0.032 0.646 0.013 0.266 0.003 0.036 
363  AP.088C    (0)    6 :  0.010 0.008 0.040 0.359 0.555 0.007 0.023 
364  AP.088J    (0)    6 :  0.034 0.402 0.494 0.045 0.017 0.004 0.003 
365  AP.088K    (0)    6 :  0.010 0.003 0.871 0.085 0.009 0.004 0.018 
366  AP.088L    (0)    6 :  0.002 0.004 0.030 0.006 0.952 0.002 0.004 
367  AP.088U    (0)    6 :  0.008 0.019 0.044 0.004 0.912 0.002 0.010 
368  AP.088X    (0)    6 :  0.002 0.004 0.916 0.013 0.007 0.005 0.054 
369  AP.08A0    (0)    6 :  0.002 0.002 0.986 0.004 0.003 0.001 0.002 
370  AP.08A1    (0)    6 :  0.006 0.007 0.243 0.048 0.689 0.003 0.004 
371  AP.08A3    (0)    6 :  0.003 0.005 0.427 0.012 0.549 0.002 0.002 
372  AP.08A4    (0)    6 :  0.007 0.008 0.140 0.541 0.202 0.006 0.096 
373  AP.08A5    (0)    6 :  0.005 0.006 0.198 0.005 0.780 0.002 0.004 
374  AP.08A6    (0)    6 :  0.003 0.003 0.978 0.006 0.005 0.003 0.003 
375  AP.08A8    (5)    6 :  0.003 0.010 0.954 0.018 0.009 0.002 0.004 
376  AP.08AC    (0)    6 :  0.005 0.004 0.960 0.011 0.010 0.006 0.005 
377  AP.08AH    (0)    6 :  0.043 0.013 0.896 0.029 0.007 0.003 0.009 
378  AP.08AJ    (0)    6 :  0.003 0.006 0.972 0.003 0.011 0.003 0.003 
379  AP.08AM   (10)    6 :  0.002 0.005 0.967 0.007 0.010 0.002 0.005 
380  AP.08AT    (0)    6 :  0.001 0.013 0.974 0.003 0.004 0.002 0.003 
381  AP.08AX    (0)    6 :  0.002 0.003 0.182 0.013 0.796 0.002 0.003 
382  CH.0LLP    (0)    6 :  0.002 0.162 0.811 0.009 0.009 0.004 0.003 
383  CH.0LM2   (10)    6 :  0.008 0.003 0.943 0.013 0.019 0.003 0.012 
384  CH.0LM4    (5)    6 :  0.004 0.040 0.915 0.032 0.003 0.002 0.005 
385  CH.0LM5    (0)    6 :  0.003 0.024 0.949 0.006 0.009 0.002 0.007 
386    M0102    (5)    6 :  0.003 0.005 0.892 0.004 0.091 0.002 0.003 
387    M023A    (5)    6 :  0.001 0.007 0.046 0.003 0.936 0.001 0.005 
388    M03MM   (10)    6 :  0.007 0.106 0.594 0.034 0.246 0.005 0.008 
389    M04PF    (0)    6 :  0.002 0.004 0.978 0.003 0.008 0.002 0.004 
390    M04XH    (5)    6 :  0.026 0.062 0.855 0.005 0.037 0.008 0.007 
391    M04XM   (10)    6 :  0.002 0.004 0.009 0.007 0.971 0.002 0.004 
392    M0557    (0)    6 :  0.015 0.020 0.948 0.003 0.003 0.006 0.005 
393    M055C    (0)    6 :  0.003 0.004 0.948 0.010 0.010 0.014 0.010 
394    M05JC    (0)    6 :  0.002 0.780 0.074 0.008 0.102 0.002 0.031 
395    M05PH    (0)    6 :  0.023 0.846 0.068 0.012 0.038 0.004 0.010 
396    M05X6    (0)    6 :  0.002 0.062 0.415 0.004 0.493 0.003 0.022 
397    M07TC    (0)    6 :  0.002 0.009 0.602 0.004 0.370 0.007 0.004 
398    M0A66    (0)    6 :  0.003 0.005 0.536 0.005 0.442 0.002 0.007 
399    M0EYT    (0)    6 :  0.002 0.002 0.003 0.002 0.986 0.001 0.003 
400    M0FF2    (0)    6 :  0.001 0.003 0.004 0.003 0.985 0.001 0.003 
401    M0HJ6    (5)    6 :  0.013 0.004 0.842 0.069 0.057 0.006 0.009 
402   HRV0JL    (0)    6 :  0.002 0.003 0.007 0.003 0.981 0.001 0.002 
403   HRV0JP    (0)    6 :  0.024 0.026 0.048 0.004 0.872 0.006 0.020 
404   HRV0KA    (0)    6 :  0.004 0.004 0.981 0.003 0.004 0.002 0.002 
405   HRV0LJ    (5)    6 :  0.004 0.016 0.926 0.015 0.013 0.006 0.020 
406   HRV0LM    (0)    6 :  0.002 0.015 0.959 0.005 0.011 0.002 0.005 
407   HRV0LP    (0)    6 :  0.011 0.008 0.844 0.053 0.019 0.011 0.054 
408    M0HJ8    (0)    6 :  0.003 0.003 0.004 0.002 0.983 0.002 0.004 
409    M0HM3    (0)    6 :  0.005 0.137 0.067 0.200 0.571 0.002 0.018 
410    M0J1X    (0)    6 :  0.007 0.003 0.552 0.007 0.426 0.003 0.003 
411    M0L32    (0)    6 :  0.007 0.015 0.756 0.004 0.185 0.004 0.030 
412    M0L8F    (0)    6 :  0.002 0.008 0.969 0.006 0.004 0.005 0.006 
413    M0LUH    (0)    6 :  0.003 0.004 0.972 0.003 0.014 0.002 0.002 
414    M0XPJ    (0)    6 :  0.004 0.005 0.005 0.004 0.975 0.002 0.006 
415    M0XTE    (0)    6 :  0.016 0.012 0.891 0.033 0.021 0.020 0.008 
416    M157H    (0)    6 :  0.003 0.004 0.116 0.027 0.825 0.002 0.023 
417    M16YU    (0)    6 :  0.001 0.004 0.020 0.003 0.965 0.001 0.005 
418    M1751    (0)    6 :  0.002 0.002 0.967 0.006 0.017 0.002 0.003 
419    M1C2H    (0)    6 :  0.002 0.002 0.005 0.003 0.984 0.002 0.002 
420    M1E60    (0)    6 :  0.002 0.026 0.958 0.004 0.006 0.001 0.002 
421    M1EKX    (0)    6 :  0.002 0.005 0.018 0.003 0.967 0.002 0.004 
422    M1EKY    (0)    6 :  0.005 0.018 0.945 0.004 0.022 0.002 0.004 
423    M1EL3    (0)    6 :  0.004 0.004 0.976 0.004 0.005 0.004 0.004 
424    M1ELC    (0)    6 :  0.003 0.003 0.909 0.003 0.077 0.003 0.003 
425    M1ELE    (0)    6 :  0.002 0.003 0.965 0.002 0.024 0.002 0.002 
426    M2AY0   (10)    6 :  0.003 0.025 0.303 0.025 0.631 0.004 0.009 
427    M2AY4    (5)    6 :  0.253 0.007 0.558 0.039 0.121 0.002 0.021 
428    M2AY5   (10)    6 :  0.003 0.009 0.964 0.005 0.012 0.002 0.004 
429    M2AY8    (5)    6 :  0.049 0.005 0.817 0.009 0.006 0.103 0.011 
430    M2C3A   (10)    6 :  0.005 0.004 0.083 0.005 0.894 0.002 0.008 
431    M2C3F   (10)    6 :  0.006 0.006 0.954 0.003 0.008 0.002 0.021 
432   HRV0ME    (0)    6 :  0.005 0.003 0.003 0.003 0.980 0.003 0.003 
433    M2CHJ    (5)    6 :  0.006 0.037 0.861 0.007 0.062 0.007 0.020 
434    M2CHM    (5)    6 :  0.016 0.010 0.919 0.019 0.016 0.012 0.009 
435    M2CHY   (10)    6 :  0.005 0.016 0.957 0.003 0.008 0.003 0.008 
436    W23E8    (0)    6 :  0.002 0.003 0.006 0.003 0.980 0.002 0.004 
437    W23EM    (0)    6 :  0.002 0.002 0.944 0.003 0.042 0.003 0.003 
438    W23EX    (0)    6 :  0.002 0.002 0.978 0.002 0.011 0.002 0.003 
439    W23F0    (0)    6 :  0.002 0.002 0.575 0.004 0.412 0.003 0.002 
440    W26L5    (0)    6 :  0.002 0.006 0.947 0.005 0.007 0.008 0.024 
441    W26LM    (0)    6 :  0.004 0.003 0.619 0.311 0.006 0.043 0.014 
442    W26MJ    (0)    6 :  0.002 0.003 0.959 0.004 0.009 0.018 0.005 
443    W26ML    (0)    6 :  0.002 0.004 0.963 0.006 0.020 0.002 0.003 
444    W26MT    (0)    6 :  0.004 0.022 0.933 0.004 0.030 0.002 0.005 
445    W26PE    (5)    6 :  0.010 0.024 0.081 0.855 0.014 0.007 0.008 
446    W26PJ    (0)    6 :  0.037 0.018 0.055 0.840 0.005 0.010 0.035 
447    W26PT    (0)    6 :  0.017 0.004 0.906 0.059 0.006 0.002 0.006 
448    W26PX   (10)    6 :  0.003 0.008 0.551 0.416 0.009 0.006 0.006 
449    W26T0    (5)    6 :  0.006 0.004 0.959 0.012 0.010 0.003 0.006 
450    W26TC    (0)    6 :  0.003 0.009 0.969 0.006 0.010 0.002 0.003 
451    W26TJ    (5)    6 :  0.004 0.003 0.015 0.959 0.006 0.004 0.009 
452    W26UE    (5)    6 :  0.005 0.041 0.829 0.008 0.091 0.003 0.021 
453    W26UF    (0)    6 :  0.003 0.062 0.904 0.004 0.014 0.002 0.011 
454    W26UL    (0)    6 :  0.006 0.007 0.853 0.005 0.106 0.021 0.004 
455    W26X2    (0)    6 :  0.005 0.009 0.962 0.006 0.009 0.003 0.006 
456    W2716    (0)    6 :  0.008 0.009 0.371 0.580 0.024 0.004 0.004 
457   HRV1C6    (0)    6 :  0.002 0.003 0.220 0.114 0.651 0.002 0.008 
458   HRV1CX    (0)    6 :  0.002 0.012 0.958 0.008 0.008 0.005 0.007 
459   HRV1E2    (0)    6 :  0.003 0.004 0.979 0.003 0.008 0.002 0.003 
460   HRV1E4    (0)    6 :  0.003 0.017 0.033 0.010 0.911 0.002 0.025 
461   HRV1E5    (0)    6 :  0.002 0.004 0.969 0.004 0.016 0.002 0.003 
462   HRV1EC    (0)    6 :  0.003 0.005 0.960 0.004 0.023 0.002 0.004 
463   HRV1EK    (0)    6 :  0.004 0.003 0.006 0.003 0.978 0.004 0.003 
464   HRV001    (0)    6 :  0.017 0.006 0.640 0.003 0.324 0.002 0.008 
465   HRV00H    (0)    6 :  0.018 0.006 0.579 0.011 0.380 0.002 0.004 
466   HRV00K    (0)    6 :  0.007 0.003 0.358 0.006 0.620 0.002 0.003 
467   HRV01X    (0)    6 :  0.002 0.002 0.004 0.002 0.985 0.002 0.003 
468   HRV025    (0)    6 :  0.005 0.004 0.007 0.003 0.974 0.003 0.005 
469   HRV028    (0)    6 :  0.002 0.002 0.004 0.002 0.985 0.002 0.003 
470   HRV041    (0)    6 :  0.002 0.004 0.012 0.003 0.974 0.002 0.004 
471   HRV04F    (0)    6 :  0.002 0.003 0.004 0.002 0.985 0.002 0.002 
472   HRV04L    (0)    6 :  0.002 0.003 0.004 0.002 0.984 0.001 0.004 
473   HRV055    (0)    6 :  0.002 0.004 0.021 0.003 0.965 0.001 0.004 
474   HRV05J    (0)    6 :  0.002 0.008 0.893 0.050 0.026 0.002 0.019 
475   HRV07J    (0)    6 :  0.002 0.002 0.012 0.037 0.942 0.002 0.004 
476   HRV07K    (0)    6 :  0.002 0.027 0.947 0.003 0.011 0.004 0.007 
477   HRV07L    (0)    6 :  0.005 0.071 0.894 0.007 0.004 0.015 0.003 
478   HRV07M    (0)    6 :  0.002 0.006 0.026 0.003 0.957 0.002 0.004 
479   HRV0HM    (0)    6 :  0.009 0.002 0.004 0.008 0.968 0.005 0.003 
480   HRV0J2    (0)    6 :  0.002 0.002 0.915 0.005 0.070 0.002 0.004 
481   HRV0K3    (0)    6 :  0.005 0.002 0.004 0.005 0.978 0.002 0.004 
482   HRV0KE    (0)    6 :  0.003 0.004 0.011 0.010 0.966 0.002 0.004 
483   HRV0KF    (0)    6 :  0.008 0.005 0.620 0.081 0.276 0.004 0.007 
484   HRV0KU    (0)    6 :  0.003 0.005 0.952 0.013 0.015 0.006 0.007 
485   HRV0L6    (0)    6 :  0.004 0.009 0.968 0.005 0.010 0.002 0.002 
486   HRV0M2    (0)    6 :  0.004 0.063 0.899 0.006 0.015 0.004 0.010 
487   HRV0MF    (0)    6 :  0.001 0.002 0.002 0.002 0.988 0.002 0.003 
488   HRV0MJ    (0)    6 :  0.003 0.005 0.936 0.007 0.005 0.006 0.038 
489   HRV1AT    (0)    6 :  0.002 0.003 0.641 0.004 0.346 0.002 0.002 
490   HRV1C1    (0)    6 :  0.002 0.018 0.958 0.005 0.013 0.002 0.003 
491   HRV1CL    (0)    6 :  0.003 0.266 0.573 0.110 0.038 0.003 0.008 
492   HRV1E1    (0)    6 :  0.005 0.005 0.911 0.005 0.068 0.003 0.004 
493   HRV1E7    (0)    6 :  0.002 0.003 0.956 0.005 0.023 0.002 0.007 
494   HRV1EE    (0)    6 :  0.003 0.007 0.945 0.029 0.008 0.002 0.006 
495   HRV1ET    (0)    6 :  0.002 0.003 0.005 0.003 0.984 0.002 0.002 
496      148    (5)    7 :  0.040 0.045 0.370 0.471 0.053 0.015 0.005 
497      149    (0)    7 :  0.007 0.008 0.089 0.879 0.008 0.003 0.007 
498      213    (0)    7 :  0.004 0.009 0.072 0.883 0.016 0.005 0.011 
499      215    (0)    7 :  0.002 0.006 0.018 0.962 0.005 0.002 0.005 
500      218    (0)    7 :  0.004 0.008 0.787 0.180 0.007 0.003 0.010 
501      219    (0)    7 :  0.012 0.361 0.107 0.426 0.004 0.085 0.005 
502      222    (0)    7 :  0.007 0.315 0.107 0.527 0.024 0.005 0.015 
503      224    (0)    7 :  0.010 0.016 0.684 0.050 0.010 0.018 0.213 
504      225    (0)    7 :  0.009 0.016 0.011 0.899 0.044 0.002 0.019 
505      229    (0)    7 :  0.002 0.005 0.813 0.003 0.173 0.002 0.002 
506      231    (0)    7 :  0.003 0.377 0.232 0.346 0.031 0.006 0.006 
507   HRV1CP    (0)    7 :  0.003 0.009 0.520 0.374 0.056 0.004 0.034 
508      239    (0)    7 :  0.004 0.016 0.934 0.010 0.023 0.003 0.010 
509      240    (0)    7 :  0.003 0.012 0.045 0.906 0.025 0.002 0.006 
510      243    (0)    7 :  0.004 0.096 0.054 0.758 0.030 0.003 0.055 
511      248    (0)    7 :  0.002 0.015 0.711 0.003 0.263 0.001 0.004 
512      250    (0)    7 :  0.005 0.009 0.280 0.607 0.092 0.002 0.004 
513      251    (0)    7 :  0.002 0.033 0.365 0.543 0.042 0.009 0.005 
514      256    (0)    7 :  0.004 0.005 0.967 0.009 0.009 0.002 0.003 
515      260    (0)    7 :  0.044 0.009 0.783 0.108 0.024 0.010 0.020 
516      261    (0)    7 :  0.018 0.012 0.620 0.024 0.243 0.011 0.073 
517      263    (0)    7 :  0.244 0.061 0.432 0.104 0.150 0.004 0.005 
518      284    (0)    7 :  0.008 0.006 0.087 0.867 0.012 0.003 0.018 
519      285    (0)    7 :  0.007 0.005 0.066 0.883 0.014 0.004 0.022 
520      286    (0)    7 :  0.003 0.008 0.933 0.009 0.010 0.034 0.003 
521      289    (0)    7 :  0.044 0.014 0.307 0.377 0.236 0.004 0.018 
522      291    (0)    7 :  0.048 0.009 0.243 0.595 0.087 0.003 0.014 
523      292    (0)    7 :  0.005 0.002 0.007 0.974 0.003 0.003 0.005 
524      293    (0)    7 :  0.002 0.007 0.315 0.646 0.018 0.004 0.007 
525   BF0001    (0)    7 :  0.008 0.006 0.269 0.605 0.102 0.005 0.003 
526   BF0002    (0)    7 :  0.003 0.011 0.914 0.020 0.005 0.038 0.009 
527    M2AY6   (10)    7 :  0.006 0.039 0.899 0.004 0.044 0.002 0.006 
528  Slov472    (5)    7 :  0.002 0.034 0.048 0.554 0.347 0.003 0.012 
529   BF0026    (0)    7 :  0.044 0.003 0.004 0.850 0.004 0.007 0.088 
530   BF0028    (0)    7 :  0.002 0.005 0.012 0.969 0.005 0.003 0.003 
531  CK.0PP5    (0)    7 :  0.003 0.009 0.020 0.947 0.004 0.005 0.011 
532  CK.0PP8    (0)    7 :  0.002 0.007 0.021 0.948 0.009 0.004 0.008 
533  CK.0PPC    (0)    7 :  0.004 0.008 0.011 0.956 0.004 0.006 0.012 
534  Slov166    (0)    7 :  0.004 0.004 0.019 0.963 0.005 0.002 0.003 
535  Slov189    (0)    7 :  0.003 0.005 0.042 0.933 0.005 0.006 0.007 
536  Slov196    (0)    7 :  0.004 0.004 0.060 0.920 0.003 0.005 0.004 
537  Slov204    (0)    7 :  0.004 0.010 0.006 0.968 0.007 0.002 0.004 
538   Slov24    (5)    7 :  0.023 0.032 0.092 0.725 0.105 0.006 0.017 
539   Slov26    (0)    7 :  0.006 0.010 0.005 0.881 0.002 0.004 0.091 
540   Slov33    (0)    7 :  0.008 0.095 0.100 0.760 0.025 0.002 0.010 
541  Slov447    (0)    7 :  0.006 0.006 0.213 0.659 0.015 0.005 0.096 
542  Slov449    (0)    7 :  0.013 0.059 0.254 0.592 0.058 0.013 0.011 
543  Slov492    (0)    7 :  0.006 0.005 0.013 0.964 0.003 0.002 0.006 
544   Slov56    (5)    7 :  0.443 0.029 0.047 0.014 0.123 0.002 0.342 
545    Slov7    (0)    7 :  0.031 0.012 0.029 0.907 0.009 0.007 0.006 
546   Slov70    (0)    7 :  0.003 0.004 0.003 0.969 0.007 0.002 0.011 
547   Slov75    (0)    7 :  0.007 0.013 0.003 0.969 0.002 0.002 0.003 
548   Slov78    (0)    7 :  0.012 0.006 0.006 0.957 0.010 0.003 0.006 
549   Slov85    (0)    7 :  0.004 0.021 0.941 0.010 0.017 0.002 0.005 
550   BF0003    (0)    7 :  0.003 0.425 0.095 0.449 0.017 0.002 0.009 
551   BF0004    (5)    7 :  0.004 0.020 0.139 0.787 0.035 0.003 0.011 
552   BF0005    (5)    7 :  0.047 0.007 0.005 0.928 0.007 0.003 0.004 
553   BF0006    (0)    7 :  0.003 0.010 0.012 0.957 0.013 0.003 0.003 
554   BF0007    (0)    7 :  0.014 0.024 0.007 0.938 0.005 0.002 0.010 
555   BF0008    (0)    7 :  0.010 0.009 0.009 0.896 0.048 0.015 0.014 
556   BF000A    (0)    7 :  0.003 0.010 0.032 0.943 0.007 0.002 0.004 
557   BF000C    (0)    7 :  0.019 0.005 0.170 0.375 0.414 0.006 0.010 
558   BF000E    (0)    7 :  0.005 0.008 0.024 0.935 0.007 0.011 0.010 
559   BF000F    (0)    7 :  0.008 0.011 0.163 0.720 0.091 0.004 0.004 
560   BF000H    (0)    7 :  0.018 0.013 0.235 0.638 0.079 0.002 0.015 
561   BF000J    (0)    7 :  0.045 0.054 0.035 0.726 0.116 0.002 0.021 
562   BF000K    (0)    7 :  0.005 0.016 0.041 0.911 0.020 0.002 0.005 
563   BF000L    (0)    7 :  0.101 0.046 0.539 0.268 0.022 0.007 0.018 
564   BF000M    (0)    8 :  0.002 0.004 0.028 0.903 0.056 0.003 0.005 
565   BF000P    (0)    8 :  0.002 0.008 0.011 0.947 0.024 0.003 0.005 
566   BF000T    (0)    8 :  0.003 0.092 0.102 0.786 0.009 0.005 0.004 
567   BF000U    (0)    8 :  0.002 0.021 0.009 0.949 0.008 0.004 0.006 
568   BF000X    (0)    8 :  0.004 0.006 0.007 0.963 0.012 0.002 0.005 
569   BF0010    (0)    8 :  0.003 0.008 0.005 0.975 0.004 0.001 0.003 
570   BF0011    (0)    8 :  0.002 0.003 0.014 0.959 0.014 0.002 0.005 
571   BF0012    (0)    8 :  0.085 0.023 0.014 0.856 0.007 0.012 0.004 
572   BF0013    (0)    8 :  0.015 0.006 0.018 0.918 0.009 0.016 0.018 
573   BF0014    (0)    8 :  0.006 0.014 0.022 0.876 0.062 0.004 0.018 
574   BF0015    (0)    8 :  0.003 0.002 0.008 0.978 0.004 0.002 0.003 
575   BF0016    (0)    8 :  0.002 0.007 0.003 0.970 0.005 0.004 0.008 
576   BF0017    (0)    8 :  0.006 0.078 0.031 0.876 0.004 0.003 0.002 
577   BF0018    (0)    8 :  0.003 0.005 0.037 0.933 0.008 0.002 0.011 
578   BF001A    (0)    8 :  0.002 0.004 0.004 0.979 0.004 0.004 0.003 
579   BF001C    (0)    8 :  0.003 0.003 0.008 0.975 0.007 0.002 0.003 
580   BF001E    (0)    8 :  0.004 0.003 0.003 0.981 0.003 0.002 0.004 
581   BF001F    (0)    8 :  0.018 0.014 0.027 0.926 0.007 0.004 0.004 
582   BF001H    (0)    8 :  0.003 0.008 0.006 0.974 0.004 0.002 0.002 
583   BF001J    (0)    8 :  0.003 0.004 0.004 0.980 0.003 0.002 0.004 
584   BF001K    (0)    8 :  0.008 0.007 0.008 0.904 0.045 0.004 0.024 
585   BF001L    (0)    8 :  0.004 0.004 0.003 0.959 0.003 0.003 0.024 
586   BF001M    (0)    8 :  0.001 0.003 0.005 0.964 0.004 0.002 0.021 
587   BF001P    (0)    8 :  0.003 0.004 0.005 0.951 0.004 0.002 0.031 
588   BF001T    (0)    8 :  0.003 0.005 0.004 0.976 0.003 0.002 0.007 
589   BF001U    (0)    8 :  0.005 0.013 0.005 0.963 0.006 0.005 0.003 
590   BF001X    (0)    8 :  0.005 0.007 0.021 0.956 0.005 0.003 0.003 
591   BF0020    (0)    8 :  0.003 0.021 0.006 0.953 0.008 0.005 0.004 
592   BF0022    (0)    8 :  0.003 0.010 0.002 0.942 0.002 0.037 0.004 
593   BF0023    (0)    8 :  0.006 0.002 0.004 0.965 0.006 0.004 0.011 
594   BF0025    (0)    8 :  0.002 0.008 0.009 0.965 0.005 0.004 0.008 
595  CX.10JP    (0)    9 :  0.004 0.006 0.005 0.974 0.004 0.003 0.004 
596  CX.10JX    (0)    9 :  0.011 0.002 0.004 0.963 0.010 0.006 0.004 
597  CX.10K0    (0)    9 :  0.005 0.003 0.005 0.969 0.007 0.003 0.008 
598  CX.10K5    (0)    9 :  0.006 0.004 0.010 0.949 0.011 0.002 0.018 
599  CX.10K6    (0)    9 :  0.002 0.004 0.003 0.983 0.003 0.002 0.003 
600  CX.10K7    (0)    9 :  0.010 0.020 0.005 0.945 0.006 0.011 0.004 
601  CX.10KA    (0)    9 :  0.008 0.002 0.004 0.969 0.005 0.010 0.002 
602  CX.10KC    (0)    9 :  0.002 0.002 0.005 0.965 0.003 0.018 0.004 
603  CX.10KH    (0)    9 :  0.006 0.003 0.007 0.963 0.005 0.012 0.005 
604  CX.10KL    (0)    9 :  0.004 0.006 0.004 0.852 0.002 0.006 0.126 
605  CX.10KM    (0)    9 :  0.004 0.002 0.004 0.984 0.002 0.002 0.002 
606  CX.10KT    (0)    9 :  0.005 0.003 0.003 0.971 0.004 0.002 0.012 
607  CX.10KU    (0)    9 :  0.004 0.004 0.010 0.970 0.006 0.002 0.004 
608  CX.10KX    (0)    9 :  0.005 0.006 0.004 0.975 0.004 0.003 0.003 
609  CX.10L0    (0)    9 :  0.003 0.034 0.084 0.858 0.009 0.006 0.005 
610  CX.10L6   (10)    9 :  0.003 0.004 0.005 0.979 0.003 0.003 0.003 
611  CX.10L7    (0)    9 :  0.005 0.002 0.006 0.962 0.008 0.004 0.012 
612  CX.10L8    (0)    9 :  0.022 0.016 0.036 0.856 0.018 0.035 0.016 
613  CX.10LA    (0)    9 :  0.007 0.018 0.009 0.954 0.006 0.002 0.004 
614  CX.10LE    (0)    9 :  0.096 0.002 0.004 0.878 0.008 0.004 0.008 
615  CX.10LH    (5)    9 :  0.005 0.002 0.003 0.978 0.006 0.004 0.003 
616  CX.10LK    (0)    9 :  0.004 0.003 0.007 0.974 0.005 0.003 0.005 
617  CX.10LL    (0)    9 :  0.007 0.004 0.003 0.977 0.004 0.002 0.002 
618  CX.10LP    (0)    9 :  0.042 0.002 0.006 0.906 0.008 0.029 0.006 
619  CX.10LT    (0)    9 :  0.003 0.002 0.003 0.981 0.002 0.007 0.002 
620  CX.10LU    (0)    9 :  0.002 0.003 0.005 0.979 0.004 0.002 0.005 
621  CX.10M1    (0)    9 :  0.003 0.004 0.003 0.974 0.004 0.003 0.008 
622  CX.10M2    (5)    9 :  0.006 0.009 0.003 0.974 0.002 0.002 0.003 
623  CX.10M3    (0)    9 :  0.005 0.007 0.008 0.960 0.011 0.005 0.003 
624  CX.10M5    (0)    9 :  0.004 0.004 0.007 0.972 0.007 0.003 0.003 
625  CX.10M6    (0)    9 :  0.006 0.002 0.005 0.976 0.004 0.003 0.003 
626  CX.10M7    (0)    9 :  0.003 0.006 0.008 0.919 0.018 0.009 0.038 
627  CX.10M8    (0)    9 :  0.003 0.012 0.006 0.964 0.003 0.003 0.010 
628  CX.10P3    (0)    9 :  0.006 0.008 0.018 0.922 0.008 0.002 0.036 
629  CX.10P7    (0)    9 :  0.003 0.004 0.013 0.969 0.003 0.002 0.006 
630  CX.10PC    (0)    9 :  0.003 0.004 0.006 0.977 0.005 0.002 0.004 
631  CX.10PE    (0)    9 :  0.010 0.004 0.005 0.973 0.003 0.002 0.003 
632  CX.10PU    (5)    9 :  0.003 0.003 0.005 0.976 0.004 0.003 0.006 
633  CX.10PX    (0)    9 :  0.006 0.003 0.006 0.968 0.007 0.003 0.008 
634  CX.10T0    (0)    9 :  0.007 0.015 0.007 0.956 0.003 0.004 0.008 
635  CX.10T2    (0)    9 :  0.003 0.004 0.005 0.977 0.005 0.002 0.004 
636  CX.10JT    (5)    9 :  0.004 0.005 0.005 0.941 0.004 0.038 0.003 
637  CX.10JY    (5)    9 :  0.019 0.004 0.006 0.955 0.002 0.002 0.010 
638  CX.10K4   (10)    9 :  0.004 0.002 0.003 0.976 0.005 0.004 0.005 
639  CX.10KE    (5)    9 :  0.020 0.003 0.003 0.965 0.003 0.003 0.004 
640  CX.10KY    (5)    9 :  0.002 0.002 0.003 0.985 0.003 0.002 0.003 
641  CX.10L2    (5)    9 :  0.003 0.002 0.006 0.977 0.003 0.003 0.005 
642  CX.10L3    (5)    9 :  0.073 0.003 0.015 0.887 0.014 0.004 0.003 
643  CX.10LF    (5)    9 :  0.003 0.002 0.005 0.979 0.003 0.003 0.006 
644  CX.10LM   (10)    9 :  0.005 0.054 0.040 0.854 0.036 0.003 0.008 
645  CX.10LY    (5)    9 :  0.016 0.004 0.031 0.867 0.061 0.008 0.013 
646  CX.10M0    (5)    9 :  0.002 0.006 0.004 0.979 0.002 0.003 0.003 
647  CX.10MA    (5)    9 :  0.010 0.007 0.025 0.830 0.092 0.005 0.032 
648  CK.0PLA    (5)   10 :  0.002 0.003 0.005 0.004 0.006 0.003 0.977 
649  CK.0PLC    (0)   10 :  0.010 0.004 0.034 0.019 0.022 0.005 0.906 
650  CK.0PLE    (0)   10 :  0.004 0.004 0.007 0.008 0.004 0.003 0.969 
651  CK.0PLF    (0)   10 :  0.006 0.003 0.008 0.012 0.146 0.005 0.820 
652  CK.0PLH    (0)   10 :  0.001 0.003 0.007 0.003 0.009 0.003 0.975 
653  CK.0PLJ    (0)   10 :  0.006 0.007 0.048 0.255 0.025 0.004 0.654 
654  CK.0PLK    (0)   10 :  0.002 0.006 0.004 0.003 0.005 0.002 0.979 
655  CK.0PLL    (0)   10 :  0.003 0.003 0.021 0.006 0.006 0.012 0.947 
656  CK.0PLM    (0)   10 :  0.006 0.012 0.004 0.008 0.005 0.008 0.957 
657  CK.0PLP    (0)   10 :  0.003 0.004 0.005 0.004 0.004 0.008 0.972 
658  CK.0PLT    (0)   10 :  0.002 0.003 0.003 0.002 0.003 0.002 0.985 
659  CK.0PLU    (0)   10 :  0.002 0.004 0.006 0.003 0.005 0.002 0.979 
660  CK.0PLX    (0)   10 :  0.001 0.002 0.004 0.002 0.002 0.004 0.983 
661  CK.0PLY    (5)   10 :  0.002 0.003 0.004 0.002 0.003 0.002 0.984 
662  CK.0PM0    (0)   10 :  0.002 0.068 0.005 0.005 0.003 0.005 0.912 
663  CK.0PM1    (0)   10 :  0.002 0.003 0.004 0.003 0.004 0.002 0.982 
664  CK.0PM2    (0)   10 :  0.015 0.028 0.009 0.004 0.017 0.004 0.923 
665  CK.0PM3    (0)   10 :  0.002 0.004 0.008 0.005 0.003 0.008 0.970 
666  CK.0PM4    (0)   10 :  0.003 0.002 0.003 0.009 0.003 0.004 0.975 
667  CK.0PM7    (0)   10 :  0.003 0.004 0.004 0.004 0.005 0.003 0.977 
668  CK.0PM8    (0)   10 :  0.002 0.003 0.003 0.003 0.002 0.002 0.986 
669  CK.0PMA    (0)   10 :  0.003 0.002 0.005 0.004 0.003 0.003 0.979 
670    M2C06    (0)   10 :  0.002 0.002 0.006 0.004 0.003 0.002 0.981 
671    M2C07    (0)   10 :  0.001 0.002 0.002 0.002 0.002 0.001 0.989 
672    M2C08    (0)   10 :  0.001 0.002 0.002 0.002 0.004 0.002 0.987 
673    M2C0A    (0)   10 :  0.002 0.003 0.005 0.003 0.003 0.002 0.982 
674    M2C0C    (0)   10 :  0.002 0.004 0.003 0.003 0.011 0.004 0.973 
675    M2C0E    (0)   10 :  0.002 0.004 0.004 0.002 0.003 0.002 0.982 
676  EF.15EU    (5)   11 :  0.989 0.002 0.002 0.002 0.002 0.002 0.002 
677  EF.15EE    (0)   11 :  0.969 0.014 0.002 0.005 0.001 0.002 0.005 
678  EF.15EF    (0)   11 :  0.951 0.003 0.004 0.010 0.023 0.002 0.008 
679  EF.15EH    (0)   11 :  0.989 0.002 0.002 0.002 0.002 0.002 0.001 
680  EF.15EJ    (5)   11 :  0.961 0.004 0.005 0.008 0.004 0.005 0.013 
681  EF.15EK    (0)   11 :  0.990 0.002 0.002 0.002 0.002 0.002 0.002 
682  EF.15EL    (0)   11 :  0.986 0.002 0.002 0.002 0.002 0.004 0.002 
683  EF.15EM    (0)   11 :  0.982 0.003 0.003 0.003 0.002 0.002 0.004 
684  EF.15EP    (0)   11 :  0.987 0.002 0.002 0.002 0.002 0.002 0.003 
685  EF.15ET    (0)   11 :  0.979 0.002 0.002 0.002 0.001 0.008 0.006 
686  EF.15EX    (0)   11 :  0.989 0.002 0.002 0.002 0.001 0.002 0.002 
687  EF.15F0    (0)   11 :  0.978 0.003 0.002 0.004 0.002 0.008 0.003 
688  EF.15F1    (5)   11 :  0.975 0.005 0.005 0.005 0.003 0.004 0.002 
689  EF.15F2    (0)   11 :  0.986 0.002 0.002 0.002 0.002 0.002 0.005 
690  EF.15F3    (0)   11 :  0.988 0.002 0.002 0.002 0.002 0.002 0.002 
691  EF.15F4    (0)   11 :  0.991 0.002 0.001 0.002 0.001 0.001 0.002 
692  EF.15F5    (0)   11 :  0.941 0.008 0.008 0.018 0.009 0.015 0.003 
693  EF.15F6    (0)   11 :  0.975 0.002 0.002 0.003 0.002 0.002 0.015 
694  EF.15FC    (0)   11 :  0.973 0.003 0.005 0.004 0.005 0.003 0.008 
695  EF.15FE    (0)   11 :  0.757 0.005 0.006 0.165 0.025 0.030 0.011 
696  EF.15FF    (0)   11 :  0.987 0.002 0.002 0.002 0.002 0.002 0.002 
697  EF.15FH    (0)   11 :  0.985 0.003 0.003 0.003 0.002 0.001 0.003 
698  EF.15FJ    (0)   11 :  0.901 0.005 0.007 0.047 0.013 0.004 0.024 
699  EF.15FK    (0)   11 :  0.773 0.002 0.004 0.010 0.004 0.185 0.021 
700  EF.15FL    (0)   11 :  0.990 0.002 0.002 0.002 0.001 0.002 0.002 
701  EF.15FM    (0)   11 :  0.907 0.005 0.008 0.017 0.017 0.004 0.042 
702  EF.15FP    (0)   11 :  0.988 0.002 0.002 0.002 0.002 0.002 0.002 
703   CC00K0    (0)   12 :  0.029 0.076 0.004 0.158 0.006 0.003 0.724 
704   CC01AY    (0)   12 :  0.026 0.008 0.004 0.101 0.004 0.003 0.854 
705   CC01EE    (0)   12 :  0.110 0.011 0.020 0.367 0.009 0.007 0.476 
706   CC03KH    (0)   12 :  0.072 0.004 0.009 0.448 0.006 0.005 0.457 
707   CC04FK    (0)   12 :  0.011 0.013 0.071 0.390 0.012 0.025 0.478 
708   CC04H8    (0)   12 :  0.120 0.028 0.034 0.496 0.009 0.005 0.307 
709   CC05EL    (0)   12 :  0.077 0.016 0.066 0.329 0.003 0.016 0.493 
710   CC05EM    (0)   12 :  0.005 0.006 0.005 0.185 0.007 0.002 0.789 
711   CC05EX    (0)   12 :  0.019 0.010 0.005 0.281 0.004 0.003 0.677 
712   CC05H2    (0)   12 :  0.010 0.006 0.014 0.148 0.041 0.002 0.778 
713   CC05HP    (0)   12 :  0.003 0.010 0.004 0.003 0.004 0.002 0.974 
714   CC05X0    (0)   12 :  0.030 0.007 0.026 0.044 0.011 0.006 0.876 
715   CC05X7    (0)   12 :  0.003 0.006 0.005 0.005 0.007 0.002 0.973 
716   CC0637    (0)   12 :  0.035 0.018 0.014 0.082 0.028 0.003 0.820 
717   CC0640    (0)   12 :  0.025 0.009 0.006 0.020 0.004 0.007 0.930 
718   FCC01M    (0)   12 :  0.035 0.004 0.003 0.013 0.006 0.002 0.938 
719   FCC2JC    (0)   12 :  0.406 0.058 0.013 0.382 0.036 0.073 0.033 
720   CC00JM    (0)   12 :  0.013 0.004 0.005 0.005 0.006 0.009 0.958 
721   CC00T6    (0)   12 :  0.068 0.009 0.277 0.094 0.018 0.007 0.528 
722   CC00T7    (0)   12 :  0.133 0.015 0.075 0.041 0.080 0.003 0.652 
723   CC00TC    (0)   12 :  0.003 0.003 0.002 0.002 0.002 0.002 0.985 
724   CC01CJ    (0)   12 :  0.010 0.003 0.003 0.004 0.016 0.005 0.959 
725   CC01CY    (5)   12 :  0.004 0.006 0.004 0.005 0.005 0.002 0.976 
726   CC01EC    (0)   12 :  0.417 0.003 0.008 0.008 0.005 0.005 0.554 
727   CC01EH    (0)   12 :  0.477 0.003 0.005 0.004 0.003 0.004 0.503 
728   CC01F2    (0)   12 :  0.014 0.023 0.139 0.047 0.034 0.005 0.738 
729   CC01FL    (0)   12 :  0.007 0.003 0.003 0.005 0.004 0.002 0.976 
730   CC025E    (0)   12 :  0.052 0.006 0.005 0.006 0.008 0.006 0.918 
731   CC03E3    (0)   12 :  0.003 0.006 0.004 0.017 0.005 0.003 0.963 
732   CC04AU    (0)   12 :  0.007 0.004 0.003 0.006 0.005 0.002 0.972 
733   CC04EK    (5)   12 :  0.004 0.005 0.003 0.004 0.005 0.002 0.978 
734   CC05FX    (0)   12 :  0.346 0.004 0.004 0.006 0.005 0.002 0.633 
735   CC05H7    (0)   12 :  0.006 0.012 0.010 0.054 0.010 0.005 0.903 
736   CC05M5    (0)   12 :  0.026 0.044 0.016 0.032 0.021 0.003 0.858 
737   CC05YK    (0)   12 :  0.004 0.003 0.005 0.013 0.002 0.004 0.968 
738   CC0630    (0)   12 :  0.016 0.016 0.011 0.711 0.033 0.006 0.207 
739   CC066E    (5)   12 :  0.012 0.056 0.034 0.228 0.026 0.012 0.633 
740   CC01ET    (5)   12 :  0.392 0.004 0.006 0.072 0.005 0.008 0.513 
741   CC01F1    (5)   12 :  0.030 0.004 0.005 0.016 0.008 0.006 0.931 
742   CC063M    (5)   12 :  0.002 0.008 0.003 0.004 0.003 0.004 0.976 


Estimated Allele Frequencies in each cluster
First column gives estimated ancestral frequencies


Locus 1 : Cl147 
25 alleles
0.0% missing data
  45   (0.038) 0.001 0.117 0.011 0.001 0.000 0.154 0.002 
  69   (0.132) 0.007 0.228 0.296 0.163 0.261 0.100 0.112 
  73   (0.152) 0.171 0.340 0.123 0.124 0.041 0.175 0.114 
  77   (0.069) 0.032 0.003 0.010 0.066 0.001 0.108 0.091 
  56   (0.025) 0.001 0.001 0.075 0.001 0.000 0.052 0.001 
  65   (0.083) 0.003 0.053 0.162 0.082 0.220 0.022 0.243 
  41   (0.028) 0.001 0.001 0.002 0.001 0.000 0.145 0.015 
  52   (0.054) 0.051 0.099 0.013 0.005 0.003 0.105 0.004 
  48   (0.036) 0.001 0.001 0.001 0.157 0.008 0.021 0.003 
  81   (0.034) 0.030 0.001 0.001 0.011 0.000 0.012 0.127 
  49   (0.014) 0.001 0.001 0.000 0.001 0.000 0.037 0.001 
  60   (0.028) 0.001 0.002 0.013 0.007 0.000 0.026 0.001 
  84   (0.017) 0.001 0.001 0.000 0.011 0.000 0.006 0.001 
  89   (0.018) 0.001 0.001 0.000 0.001 0.000 0.010 0.016 
  61   (0.036) 0.004 0.003 0.012 0.108 0.005 0.007 0.002 
  44   (0.036) 0.002 0.106 0.182 0.006 0.368 0.003 0.002 
  85   (0.018) 0.001 0.030 0.000 0.001 0.000 0.002 0.075 
  72   (0.019) 0.001 0.001 0.005 0.042 0.000 0.002 0.001 
  68   (0.060) 0.148 0.005 0.093 0.081 0.090 0.005 0.072 
  80   (0.018) 0.389 0.001 0.001 0.005 0.000 0.002 0.004 
 801   (0.013) 0.001 0.001 0.000 0.071 0.000 0.001 0.001 
  40   (0.022) 0.001 0.001 0.002 0.029 0.000 0.002 0.017 
  64   (0.014) 0.001 0.001 0.000 0.002 0.000 0.001 0.087 
  76   (0.023) 0.150 0.001 0.000 0.021 0.000 0.002 0.008 
  88   (0.011) 0.001 0.001 0.000 0.003 0.000 0.001 0.000 

Locus 2 : Cl233 
34 alleles
0.0% missing data
  63   (0.157) 0.317 0.248 0.130 0.181 0.145 0.186 0.155 
  85   (0.025) 0.001 0.087 0.002 0.001 0.000 0.057 0.001 
  73   (0.013) 0.000 0.001 0.000 0.000 0.000 0.038 0.001 
  79   (0.013) 0.001 0.001 0.000 0.000 0.000 0.042 0.001 
  71   (0.081) 0.004 0.012 0.037 0.089 0.039 0.130 0.055 
  77   (0.012) 0.000 0.000 0.000 0.000 0.000 0.028 0.001 
  75   (0.029) 0.001 0.086 0.002 0.004 0.000 0.054 0.001 
  67   (0.125) 0.118 0.126 0.220 0.202 0.165 0.102 0.042 
  55   (0.130) 0.099 0.228 0.338 0.199 0.518 0.037 0.459 
  59   (0.099) 0.290 0.197 0.262 0.079 0.129 0.039 0.051 
  81   (0.015) 0.001 0.001 0.000 0.001 0.000 0.088 0.001 
  83   (0.013) 0.000 0.001 0.000 0.000 0.000 0.029 0.001 
  93   (0.011) 0.000 0.000 0.000 0.000 0.000 0.010 0.001 
 101   (0.010) 0.000 0.000 0.000 0.000 0.000 0.005 0.000 
  69   (0.011) 0.000 0.000 0.000 0.000 0.000 0.010 0.000 
  51   (0.052) 0.160 0.002 0.003 0.159 0.001 0.027 0.086 
 100   (0.012) 0.000 0.000 0.000 0.000 0.000 0.015 0.001 
  92   (0.010) 0.000 0.000 0.000 0.000 0.000 0.005 0.001 
1121   (0.010) 0.000 0.000 0.000 0.000 0.000 0.005 0.000 
1001   (0.010) 0.000 0.000 0.000 0.000 0.000 0.005 0.000 
  89   (0.012) 0.000 0.000 0.000 0.000 0.000 0.019 0.001 
 711   (0.011) 0.000 0.000 0.000 0.000 0.000 0.005 0.000 
 116   (0.010) 0.000 0.000 0.000 0.000 0.000 0.005 0.000 
  80   (0.010) 0.000 0.000 0.000 0.000 0.000 0.005 0.000 
  43   (0.010) 0.000 0.000 0.000 0.000 0.000 0.005 0.000 
  84   (0.010) 0.000 0.000 0.000 0.000 0.000 0.005 0.000 
  88   (0.012) 0.000 0.000 0.000 0.000 0.000 0.015 0.001 
 104   (0.011) 0.000 0.000 0.000 0.000 0.000 0.010 0.000 
  97   (0.010) 0.000 0.000 0.000 0.000 0.000 0.005 0.000 
 791   (0.010) 0.000 0.001 0.000 0.000 0.000 0.005 0.000 
  35   (0.018) 0.001 0.004 0.002 0.076 0.000 0.002 0.001 
  74   (0.011) 0.000 0.000 0.000 0.000 0.000 0.001 0.068 
  78   (0.011) 0.000 0.000 0.000 0.000 0.000 0.001 0.023 
  70   (0.011) 0.000 0.000 0.000 0.000 0.000 0.001 0.046 

Locus 3 : Cl264 
30 alleles
0.5% missing data
  65   (0.117) 0.337 0.017 0.169 0.261 0.063 0.100 0.223 
 651   (0.075) 0.053 0.015 0.065 0.022 0.032 0.194 0.013 
 691   (0.058) 0.003 0.093 0.085 0.015 0.005 0.149 0.007 
  57   (0.041) 0.002 0.043 0.001 0.043 0.078 0.006 0.188 
  61   (0.075) 0.019 0.131 0.159 0.242 0.266 0.013 0.037 
 731   (0.024) 0.003 0.077 0.000 0.001 0.000 0.080 0.001 
 811   (0.012) 0.000 0.000 0.000 0.000 0.000 0.028 0.001 
 611   (0.064) 0.003 0.151 0.043 0.038 0.047 0.041 0.018 
  69   (0.127) 0.491 0.174 0.162 0.114 0.365 0.121 0.095 
  77   (0.038) 0.002 0.002 0.010 0.004 0.027 0.021 0.111 
  49   (0.013) 0.001 0.001 0.000 0.000 0.000 0.051 0.001 
  45   (0.010) 0.000 0.000 0.000 0.000 0.000 0.005 0.000 
 491   (0.016) 0.001 0.002 0.010 0.001 0.000 0.006 0.001 
 571   (0.023) 0.005 0.001 0.000 0.038 0.000 0.010 0.005 
 771   (0.013) 0.000 0.001 0.000 0.001 0.000 0.051 0.001 
  89   (0.012) 0.000 0.000 0.000 0.000 0.000 0.024 0.001 
 652   (0.015) 0.001 0.001 0.000 0.001 0.000 0.006 0.008 
  53   (0.035) 0.002 0.002 0.232 0.088 0.001 0.016 0.002 
  73   (0.067) 0.044 0.004 0.036 0.045 0.099 0.033 0.129 
  80   (0.011) 0.000 0.000 0.000 0.000 0.000 0.010 0.000 
 531   (0.023) 0.001 0.148 0.000 0.038 0.000 0.005 0.001 
 693   (0.010) 0.000 0.000 0.000 0.000 0.000 0.005 0.000 
  93   (0.010) 0.000 0.000 0.000 0.000 0.000 0.005 0.000 
  85   (0.011) 0.000 0.000 0.000 0.000 0.000 0.010 0.000 
  37   (0.040) 0.002 0.134 0.024 0.042 0.002 0.004 0.103 
 732   (0.010) 0.000 0.001 0.000 0.000 0.003 0.001 0.001 
  81   (0.016) 0.001 0.002 0.001 0.002 0.001 0.001 0.046 
 612   (0.010) 0.001 0.001 0.000 0.000 0.003 0.001 0.001 
 692   (0.016) 0.029 0.001 0.000 0.001 0.006 0.001 0.001 
 812   (0.010) 0.000 0.000 0.000 0.000 0.000 0.001 0.008 

Locus 4 : Cl274 
8 alleles
0.0% missing data
  61   (0.448) 0.694 0.560 0.287 0.579 0.362 0.488 0.244 
  57   (0.276) 0.114 0.393 0.545 0.214 0.468 0.159 0.459 
  65   (0.085) 0.004 0.004 0.062 0.113 0.001 0.155 0.022 
  53   (0.072) 0.176 0.003 0.004 0.050 0.001 0.056 0.156 
  69   (0.024) 0.009 0.001 0.000 0.002 0.000 0.075 0.001 
  73   (0.015) 0.001 0.001 0.000 0.001 0.000 0.028 0.001 
  49   (0.047) 0.002 0.002 0.002 0.039 0.000 0.035 0.115 
  45   (0.033) 0.001 0.036 0.099 0.002 0.167 0.003 0.002 

Locus 5 : Cl285 
40 alleles
0.4% missing data
  75   (0.078) 0.003 0.016 0.272 0.125 0.159 0.122 0.046 
  71   (0.106) 0.004 0.272 0.167 0.139 0.281 0.171 0.151 
 631   (0.017) 0.011 0.001 0.000 0.001 0.000 0.048 0.001 
  67   (0.133) 0.295 0.378 0.188 0.168 0.400 0.119 0.477 
  63   (0.065) 0.213 0.007 0.002 0.151 0.040 0.093 0.061 
  79   (0.060) 0.003 0.045 0.069 0.054 0.002 0.084 0.071 
 792   (0.015) 0.001 0.001 0.001 0.001 0.000 0.049 0.001 
 671   (0.032) 0.150 0.001 0.104 0.002 0.002 0.052 0.002 
 831   (0.038) 0.002 0.039 0.049 0.015 0.000 0.040 0.005 
 752   (0.022) 0.001 0.150 0.001 0.001 0.000 0.061 0.001 
  55   (0.022) 0.001 0.001 0.000 0.045 0.000 0.005 0.030 
1401   (0.014) 0.039 0.001 0.000 0.001 0.000 0.005 0.002 
  59   (0.044) 0.184 0.002 0.003 0.026 0.040 0.018 0.085 
 712   (0.016) 0.012 0.001 0.000 0.001 0.000 0.034 0.001 
 833   (0.011) 0.000 0.000 0.000 0.000 0.000 0.019 0.000 
1322   (0.009) 0.000 0.000 0.000 0.000 0.000 0.005 0.000 
 136   (0.021) 0.001 0.001 0.005 0.001 0.000 0.016 0.016 
 164   (0.009) 0.000 0.000 0.000 0.000 0.000 0.005 0.000 
 872   (0.010) 0.000 0.000 0.000 0.000 0.000 0.005 0.000 
1282   (0.009) 0.000 0.000 0.000 0.000 0.000 0.005 0.000 
 148   (0.010) 0.001 0.000 0.000 0.000 0.000 0.005 0.000 
 144   (0.014) 0.001 0.001 0.000 0.003 0.000 0.006 0.001 
 119   (0.009) 0.001 0.000 0.000 0.000 0.000 0.005 0.000 
1402   (0.009) 0.000 0.000 0.000 0.000 0.000 0.005 0.000 
1281   (0.012) 0.001 0.043 0.002 0.000 0.000 0.001 0.001 
1361   (0.017) 0.001 0.001 0.026 0.031 0.000 0.002 0.001 
 124   (0.009) 0.000 0.010 0.000 0.000 0.000 0.001 0.000 
 751   (0.022) 0.001 0.002 0.058 0.024 0.005 0.002 0.001 
 132   (0.020) 0.001 0.002 0.028 0.006 0.031 0.002 0.001 
1321   (0.013) 0.000 0.001 0.002 0.001 0.029 0.001 0.001 
 791   (0.032) 0.002 0.017 0.014 0.058 0.008 0.003 0.019 
  87   (0.013) 0.001 0.001 0.002 0.004 0.000 0.001 0.001 
 832   (0.019) 0.001 0.001 0.000 0.095 0.000 0.002 0.019 
1441   (0.011) 0.000 0.001 0.000 0.006 0.000 0.002 0.000 
 140   (0.009) 0.000 0.001 0.000 0.003 0.000 0.001 0.000 
 711   (0.010) 0.000 0.000 0.000 0.007 0.000 0.001 0.001 
1363   (0.010) 0.000 0.002 0.000 0.007 0.000 0.001 0.001 
  91   (0.010) 0.000 0.000 0.000 0.010 0.000 0.001 0.000 
 871   (0.010) 0.000 0.000 0.000 0.010 0.000 0.001 0.000 
1362   (0.010) 0.066 0.000 0.000 0.000 0.000 0.001 0.000 

Locus 6 : Cl291 
24 alleles
0.5% missing data
 641   (0.037) 0.002 0.002 0.021 0.011 0.000 0.068 0.002 
  72   (0.159) 0.103 0.153 0.304 0.123 0.074 0.100 0.163 
 682   (0.015) 0.001 0.001 0.000 0.001 0.000 0.038 0.001 
 801   (0.015) 0.001 0.001 0.000 0.001 0.000 0.047 0.001 
 681   (0.032) 0.001 0.001 0.020 0.001 0.000 0.211 0.001 
  76   (0.107) 0.010 0.006 0.048 0.068 0.126 0.127 0.237 
 722   (0.027) 0.001 0.032 0.000 0.001 0.000 0.130 0.001 
 601   (0.013) 0.001 0.001 0.000 0.000 0.000 0.010 0.001 
  80   (0.067) 0.562 0.124 0.001 0.048 0.001 0.052 0.021 
 761   (0.044) 0.002 0.002 0.076 0.037 0.045 0.013 0.002 
 762   (0.024) 0.001 0.001 0.000 0.001 0.000 0.061 0.022 
 721   (0.068) 0.004 0.006 0.092 0.041 0.155 0.052 0.010 
  84   (0.026) 0.001 0.001 0.000 0.017 0.000 0.039 0.002 
  64   (0.098) 0.005 0.487 0.339 0.106 0.302 0.015 0.111 
  68   (0.112) 0.079 0.102 0.074 0.267 0.292 0.014 0.297 
 843   (0.011) 0.000 0.000 0.000 0.000 0.000 0.005 0.000 
 881   (0.011) 0.001 0.000 0.000 0.000 0.000 0.005 0.001 
 803   (0.012) 0.000 0.052 0.000 0.000 0.000 0.001 0.000 
 763   (0.024) 0.001 0.002 0.015 0.071 0.000 0.002 0.001 
  60   (0.040) 0.221 0.024 0.007 0.110 0.001 0.004 0.002 
 841   (0.013) 0.001 0.001 0.000 0.000 0.000 0.001 0.115 
 802   (0.015) 0.001 0.001 0.000 0.076 0.000 0.001 0.001 
  88   (0.016) 0.001 0.001 0.000 0.004 0.000 0.001 0.008 
  56   (0.013) 0.001 0.001 0.000 0.014 0.000 0.001 0.001 

Locus 7 : Cl308 
60 alleles
0.0% missing data
  72   (0.108) 0.495 0.258 0.126 0.214 0.096 0.142 0.180 
  64   (0.083) 0.015 0.170 0.170 0.162 0.124 0.048 0.290 
  68   (0.122) 0.255 0.176 0.489 0.307 0.563 0.100 0.379 
 103   (0.010) 0.000 0.000 0.000 0.000 0.000 0.024 0.000 
  80   (0.036) 0.004 0.002 0.019 0.022 0.000 0.044 0.041 
  76   (0.064) 0.003 0.160 0.117 0.134 0.211 0.102 0.004 
1151   (0.010) 0.000 0.000 0.000 0.000 0.000 0.015 0.000 
 123   (0.011) 0.000 0.000 0.000 0.000 0.000 0.019 0.000 
 115   (0.011) 0.000 0.000 0.000 0.000 0.000 0.033 0.000 
  83   (0.015) 0.001 0.010 0.000 0.001 0.000 0.020 0.001 
1231   (0.010) 0.000 0.000 0.000 0.000 0.000 0.010 0.000 
1192   (0.009) 0.000 0.000 0.000 0.000 0.000 0.005 0.000 
 131   (0.010) 0.000 0.000 0.000 0.000 0.000 0.019 0.000 
1191   (0.009) 0.000 0.000 0.000 0.000 0.000 0.010 0.000 
 752   (0.009) 0.000 0.000 0.000 0.000 0.000 0.010 0.000 
 143   (0.010) 0.000 0.000 0.000 0.000 0.000 0.015 0.000 
  79   (0.011) 0.000 0.000 0.000 0.000 0.000 0.038 0.000 
 119   (0.010) 0.000 0.000 0.000 0.000 0.000 0.015 0.000 
1431   (0.010) 0.000 0.000 0.000 0.000 0.000 0.029 0.000 
1112   (0.011) 0.000 0.000 0.000 0.000 0.000 0.042 0.000 
1193   (0.009) 0.000 0.000 0.000 0.000 0.000 0.010 0.000 
1591   (0.009) 0.000 0.000 0.000 0.000 0.000 0.005 0.000 
1232   (0.009) 0.000 0.000 0.000 0.000 0.000 0.005 0.000 
 139   (0.010) 0.000 0.000 0.000 0.000 0.000 0.010 0.000 
1111   (0.009) 0.000 0.000 0.000 0.000 0.000 0.010 0.000 
 127   (0.008) 0.000 0.000 0.000 0.000 0.000 0.005 0.000 
1391   (0.011) 0.000 0.000 0.000 0.000 0.000 0.019 0.000 
 121   (0.009) 0.000 0.000 0.000 0.000 0.000 0.005 0.000 
1313   (0.009) 0.000 0.000 0.000 0.000 0.000 0.005 0.000 
1113   (0.009) 0.000 0.000 0.000 0.000 0.000 0.005 0.000 
  87   (0.011) 0.000 0.000 0.000 0.000 0.000 0.052 0.000 
1031   (0.009) 0.000 0.000 0.000 0.000 0.000 0.005 0.000 
 155   (0.010) 0.000 0.000 0.000 0.000 0.000 0.010 0.000 
1312   (0.009) 0.000 0.000 0.000 0.000 0.000 0.005 0.000 
1272   (0.009) 0.000 0.000 0.000 0.000 0.000 0.005 0.000 
 151   (0.009) 0.000 0.000 0.000 0.000 0.000 0.005 0.000 
1351   (0.010) 0.000 0.000 0.000 0.000 0.000 0.010 0.000 
 135   (0.008) 0.000 0.000 0.000 0.000 0.000 0.005 0.000 
1432   (0.009) 0.000 0.000 0.000 0.000 0.000 0.005 0.000 
1152   (0.009) 0.000 0.000 0.000 0.000 0.000 0.010 0.000 
1271   (0.010) 0.000 0.000 0.000 0.000 0.000 0.010 0.000 
1311   (0.009) 0.000 0.000 0.000 0.000 0.000 0.005 0.000 
1472   (0.009) 0.000 0.000 0.000 0.000 0.000 0.005 0.000 
 137   (0.009) 0.001 0.000 0.000 0.000 0.000 0.005 0.000 
  88   (0.009) 0.000 0.000 0.000 0.000 0.000 0.005 0.000 
  60   (0.027) 0.056 0.001 0.028 0.022 0.000 0.004 0.006 
 712   (0.010) 0.000 0.000 0.000 0.000 0.000 0.010 0.000 
1071   (0.008) 0.000 0.000 0.000 0.000 0.000 0.005 0.000 
 107   (0.009) 0.000 0.031 0.000 0.000 0.000 0.001 0.000 
  71   (0.016) 0.001 0.104 0.000 0.033 0.000 0.001 0.001 
 751   (0.036) 0.121 0.067 0.044 0.018 0.000 0.003 0.037 
  67   (0.010) 0.000 0.000 0.000 0.010 0.000 0.001 0.000 
  84   (0.015) 0.002 0.001 0.001 0.006 0.000 0.001 0.012 
 791   (0.010) 0.000 0.000 0.000 0.020 0.000 0.001 0.000 
  69   (0.013) 0.001 0.001 0.000 0.003 0.000 0.001 0.029 
  65   (0.008) 0.000 0.000 0.000 0.003 0.000 0.001 0.000 
  81   (0.010) 0.000 0.000 0.000 0.017 0.000 0.001 0.000 
 792   (0.010) 0.000 0.000 0.000 0.007 0.000 0.001 0.001 
 753   (0.009) 0.000 0.000 0.000 0.003 0.000 0.001 0.001 
 711   (0.009) 0.028 0.000 0.000 0.000 0.000 0.001 0.000 

Locus 8 : Cl330 
33 alleles
3.2% missing data
  52   (0.096) 0.075 0.007 0.024 0.143 0.001 0.292 0.120 
 601   (0.058) 0.003 0.064 0.024 0.010 0.001 0.122 0.083 
  40   (0.061) 0.003 0.007 0.023 0.022 0.155 0.081 0.023 
  72   (0.023) 0.002 0.001 0.003 0.006 0.000 0.021 0.001 
  56   (0.063) 0.300 0.003 0.001 0.057 0.038 0.138 0.012 
 481   (0.113) 0.172 0.135 0.224 0.054 0.184 0.049 0.296 
  61   (0.014) 0.001 0.001 0.000 0.001 0.000 0.047 0.001 
  80   (0.011) 0.000 0.001 0.000 0.000 0.000 0.005 0.000 
 681   (0.026) 0.001 0.001 0.002 0.017 0.000 0.028 0.001 
  64   (0.041) 0.003 0.075 0.001 0.004 0.000 0.062 0.217 
  57   (0.012) 0.000 0.001 0.000 0.000 0.000 0.010 0.000 
  75   (0.012) 0.001 0.001 0.000 0.000 0.000 0.010 0.000 
  71   (0.022) 0.002 0.001 0.000 0.003 0.000 0.011 0.068 
  28   (0.094) 0.047 0.358 0.236 0.307 0.217 0.020 0.015 
  65   (0.013) 0.000 0.001 0.000 0.000 0.000 0.015 0.001 
 441   (0.049) 0.002 0.120 0.094 0.009 0.021 0.026 0.003 
  36   (0.013) 0.001 0.001 0.000 0.001 0.000 0.024 0.001 
  79   (0.011) 0.000 0.001 0.000 0.000 0.000 0.005 0.000 
  73   (0.011) 0.000 0.001 0.000 0.000 0.000 0.005 0.001 
 602   (0.010) 0.001 0.001 0.000 0.000 0.000 0.005 0.000 
  44   (0.039) 0.251 0.172 0.133 0.002 0.239 0.003 0.002 
  67   (0.030) 0.001 0.002 0.039 0.258 0.006 0.003 0.001 
  48   (0.045) 0.005 0.034 0.165 0.049 0.127 0.004 0.007 
 711   (0.011) 0.001 0.001 0.005 0.001 0.000 0.001 0.001 
 641   (0.010) 0.000 0.000 0.000 0.000 0.000 0.001 0.022 
  60   (0.015) 0.034 0.001 0.000 0.001 0.000 0.001 0.004 
  68   (0.011) 0.000 0.001 0.000 0.000 0.000 0.001 0.043 
 521   (0.022) 0.001 0.007 0.021 0.024 0.000 0.002 0.001 
  62   (0.019) 0.001 0.001 0.003 0.023 0.008 0.002 0.001 
  83   (0.010) 0.000 0.001 0.000 0.000 0.000 0.001 0.007 
  59   (0.010) 0.089 0.000 0.000 0.000 0.000 0.001 0.000 
  51   (0.011) 0.001 0.001 0.000 0.001 0.000 0.001 0.035 
 561   (0.013) 0.001 0.001 0.000 0.003 0.000 0.001 0.030 

Locus 9 : Cl344 
17 alleles
8.2% missing data
  56   (0.174) 0.522 0.242 0.089 0.229 0.002 0.420 0.035 
  60   (0.199) 0.187 0.163 0.076 0.197 0.069 0.251 0.326 
  48   (0.021) 0.006 0.001 0.000 0.017 0.000 0.006 0.001 
  76   (0.019) 0.001 0.001 0.000 0.001 0.000 0.010 0.049 
  64   (0.203) 0.235 0.129 0.500 0.256 0.275 0.113 0.272 
  72   (0.048) 0.002 0.002 0.023 0.011 0.001 0.078 0.014 
 761   (0.012) 0.000 0.001 0.000 0.000 0.000 0.006 0.001 
 641   (0.022) 0.001 0.001 0.000 0.010 0.000 0.022 0.001 
  68   (0.082) 0.004 0.041 0.035 0.065 0.031 0.041 0.081 
 601   (0.022) 0.001 0.001 0.000 0.011 0.000 0.021 0.001 
  52   (0.099) 0.004 0.415 0.214 0.185 0.507 0.012 0.199 
 681   (0.011) 0.000 0.001 0.000 0.000 0.000 0.006 0.001 
 721   (0.011) 0.000 0.000 0.000 0.000 0.000 0.006 0.001 
 561   (0.030) 0.001 0.001 0.059 0.014 0.032 0.003 0.001 
 521   (0.016) 0.001 0.001 0.003 0.002 0.083 0.001 0.001 
  44   (0.018) 0.027 0.001 0.000 0.001 0.000 0.002 0.016 
 562   (0.012) 0.008 0.001 0.000 0.000 0.000 0.003 0.001 

Locus 10 : Cl366 
9 alleles
0.1% missing data
  80   (0.326) 0.440 0.458 0.516 0.252 0.177 0.319 0.382 
  92   (0.016) 0.001 0.001 0.000 0.001 0.000 0.043 0.001 
  76   (0.297) 0.303 0.216 0.168 0.444 0.300 0.236 0.462 
  88   (0.018) 0.001 0.001 0.000 0.001 0.000 0.103 0.001 
  84   (0.048) 0.002 0.002 0.001 0.007 0.134 0.116 0.008 
  72   (0.224) 0.252 0.240 0.313 0.239 0.388 0.175 0.076 
  64   (0.037) 0.001 0.048 0.001 0.023 0.000 0.006 0.068 
  68   (0.021) 0.001 0.034 0.000 0.016 0.000 0.002 0.001 
  56   (0.013) 0.000 0.001 0.000 0.017 0.000 0.001 0.001 

Locus 11 : Cl375 
16 alleles
0.0% missing data
 491   (0.104) 0.168 0.257 0.067 0.013 0.113 0.099 0.176 
  53   (0.236) 0.162 0.210 0.466 0.404 0.296 0.273 0.162 
 612   (0.048) 0.082 0.148 0.014 0.011 0.000 0.027 0.003 
  57   (0.158) 0.187 0.012 0.084 0.159 0.124 0.262 0.313 
  45   (0.058) 0.002 0.208 0.085 0.011 0.170 0.043 0.003 
  61   (0.119) 0.013 0.020 0.158 0.066 0.263 0.152 0.235 
 651   (0.025) 0.003 0.001 0.000 0.022 0.000 0.027 0.002 
  69   (0.013) 0.001 0.001 0.000 0.001 0.000 0.024 0.001 
 571   (0.066) 0.376 0.067 0.008 0.070 0.001 0.038 0.018 
  65   (0.039) 0.002 0.067 0.000 0.031 0.000 0.031 0.008 
  37   (0.011) 0.000 0.000 0.000 0.000 0.000 0.005 0.000 
 691   (0.023) 0.001 0.001 0.012 0.006 0.000 0.006 0.001 
 531   (0.038) 0.001 0.002 0.102 0.047 0.000 0.007 0.026 
  49   (0.039) 0.002 0.003 0.003 0.146 0.031 0.003 0.051 
 532   (0.013) 0.001 0.001 0.001 0.010 0.000 0.001 0.001 
 492   (0.011) 0.000 0.001 0.000 0.004 0.000 0.001 0.001 

Locus 12 : Cl408 
14 alleles
0.4% missing data
  62   (0.176) 0.060 0.009 0.093 0.240 0.112 0.309 0.095 
  74   (0.016) 0.001 0.001 0.000 0.001 0.000 0.051 0.001 
  50   (0.132) 0.006 0.382 0.359 0.222 0.125 0.032 0.249 
  58   (0.141) 0.242 0.044 0.034 0.079 0.166 0.098 0.297 
  66   (0.103) 0.317 0.133 0.007 0.010 0.024 0.209 0.086 
  70   (0.017) 0.002 0.001 0.000 0.001 0.000 0.073 0.001 
  54   (0.146) 0.008 0.159 0.198 0.073 0.135 0.166 0.106 
  78   (0.013) 0.000 0.000 0.000 0.000 0.000 0.010 0.001 
  79   (0.020) 0.001 0.001 0.000 0.020 0.000 0.006 0.002 
  75   (0.131) 0.265 0.129 0.114 0.200 0.053 0.033 0.157 
  82   (0.012) 0.000 0.000 0.000 0.000 0.000 0.006 0.001 
  46   (0.058) 0.002 0.139 0.176 0.119 0.384 0.005 0.003 
  34   (0.023) 0.001 0.001 0.019 0.033 0.000 0.002 0.001 
 541   (0.012) 0.094 0.000 0.000 0.000 0.000 0.001 0.001 

Locus 13 : Cl507 
33 alleles
0.3% missing data
  70   (0.079) 0.004 0.017 0.054 0.073 0.100 0.073 0.148 
  94   (0.016) 0.001 0.001 0.001 0.002 0.000 0.030 0.001 
  74   (0.025) 0.001 0.186 0.000 0.001 0.000 0.065 0.004 
  54   (0.076) 0.240 0.004 0.035 0.146 0.106 0.037 0.034 
  82   (0.042) 0.002 0.015 0.002 0.035 0.000 0.207 0.002 
  90   (0.034) 0.086 0.046 0.003 0.002 0.000 0.055 0.002 
  86   (0.024) 0.001 0.001 0.000 0.021 0.000 0.084 0.001 
 701   (0.011) 0.000 0.000 0.000 0.000 0.000 0.010 0.000 
  78   (0.028) 0.001 0.001 0.001 0.041 0.000 0.073 0.002 
  62   (0.117) 0.005 0.318 0.318 0.100 0.352 0.089 0.346 
 741   (0.024) 0.001 0.001 0.000 0.023 0.000 0.048 0.001 
  66   (0.133) 0.124 0.105 0.362 0.217 0.242 0.111 0.059 
 661   (0.018) 0.324 0.001 0.000 0.001 0.000 0.012 0.001 
  58   (0.089) 0.026 0.128 0.116 0.181 0.195 0.024 0.086 
  98   (0.016) 0.001 0.001 0.001 0.002 0.000 0.021 0.001 
 781   (0.012) 0.001 0.000 0.000 0.000 0.000 0.014 0.001 
 141   (0.012) 0.000 0.000 0.000 0.000 0.000 0.015 0.001 
 102   (0.011) 0.000 0.000 0.000 0.000 0.000 0.005 0.000 
 106   (0.010) 0.002 0.000 0.000 0.000 0.000 0.005 0.000 
  50   (0.036) 0.060 0.047 0.021 0.005 0.000 0.003 0.042 
 621   (0.030) 0.001 0.116 0.083 0.036 0.001 0.003 0.001 
 702   (0.021) 0.065 0.004 0.001 0.021 0.000 0.002 0.001 
 501   (0.027) 0.043 0.001 0.000 0.037 0.000 0.002 0.101 
 662   (0.011) 0.001 0.000 0.000 0.014 0.000 0.001 0.001 
 152   (0.012) 0.000 0.000 0.000 0.011 0.000 0.001 0.001 
 156   (0.011) 0.000 0.000 0.000 0.014 0.000 0.001 0.000 
 581   (0.011) 0.000 0.000 0.000 0.007 0.000 0.001 0.000 
1521   (0.010) 0.000 0.000 0.000 0.003 0.000 0.001 0.000 
 622   (0.012) 0.000 0.000 0.000 0.000 0.000 0.001 0.090 
 137   (0.011) 0.001 0.000 0.000 0.001 0.000 0.001 0.044 
 150   (0.010) 0.001 0.001 0.000 0.002 0.000 0.001 0.004 
 146   (0.010) 0.002 0.001 0.000 0.002 0.000 0.001 0.003 
 153   (0.011) 0.003 0.000 0.000 0.000 0.000 0.001 0.022 

Locus 14 : Cl527 
31 alleles
0.3% missing data
  62   (0.042) 0.002 0.002 0.060 0.022 0.001 0.105 0.002 
 622   (0.011) 0.000 0.000 0.000 0.000 0.000 0.005 0.000 
 461   (0.028) 0.001 0.001 0.011 0.035 0.000 0.011 0.001 
  82   (0.011) 0.000 0.001 0.000 0.000 0.000 0.005 0.000 
 661   (0.024) 0.001 0.001 0.001 0.003 0.000 0.128 0.001 
  70   (0.015) 0.001 0.001 0.000 0.001 0.000 0.078 0.001 
 581   (0.050) 0.003 0.042 0.029 0.016 0.027 0.046 0.003 
 701   (0.015) 0.001 0.001 0.000 0.001 0.000 0.078 0.001 
 501   (0.024) 0.001 0.001 0.000 0.045 0.000 0.030 0.001 
  66   (0.105) 0.217 0.133 0.217 0.073 0.135 0.115 0.006 
 741   (0.013) 0.000 0.000 0.000 0.000 0.000 0.028 0.001 
  58   (0.056) 0.003 0.003 0.033 0.056 0.042 0.105 0.003 
 541   (0.028) 0.001 0.001 0.000 0.059 0.000 0.061 0.001 
  74   (0.028) 0.001 0.002 0.005 0.022 0.009 0.007 0.001 
 621   (0.028) 0.002 0.001 0.000 0.028 0.000 0.097 0.001 
  78   (0.011) 0.000 0.000 0.000 0.000 0.000 0.010 0.000 
 781   (0.010) 0.000 0.000 0.000 0.000 0.000 0.005 0.001 
 462   (0.012) 0.000 0.000 0.000 0.000 0.000 0.010 0.000 
  67   (0.018) 0.001 0.021 0.000 0.001 0.000 0.015 0.001 
  54   (0.097) 0.039 0.178 0.212 0.316 0.116 0.012 0.270 
  50   (0.092) 0.627 0.385 0.159 0.088 0.309 0.018 0.034 
  63   (0.010) 0.000 0.000 0.000 0.000 0.000 0.005 0.000 
  26   (0.023) 0.001 0.011 0.000 0.011 0.019 0.002 0.001 
  61   (0.056) 0.055 0.206 0.035 0.013 0.021 0.005 0.142 
  53   (0.029) 0.001 0.001 0.003 0.020 0.010 0.003 0.018 
  46   (0.049) 0.003 0.002 0.115 0.117 0.069 0.004 0.176 
  42   (0.021) 0.001 0.001 0.112 0.001 0.189 0.002 0.001 
  65   (0.026) 0.013 0.001 0.003 0.020 0.034 0.002 0.001 
 582   (0.022) 0.001 0.001 0.000 0.035 0.000 0.002 0.257 
  57   (0.036) 0.022 0.002 0.003 0.013 0.016 0.003 0.053 
 623   (0.011) 0.000 0.000 0.000 0.000 0.000 0.001 0.022 

Locus 15 : Cl380 
25 alleles
9.6% missing data
 671   (0.163) 0.176 0.040 0.128 0.285 0.160 0.125 0.284 
 672   (0.081) 0.004 0.004 0.124 0.030 0.311 0.103 0.062 
 751   (0.020) 0.001 0.001 0.000 0.004 0.000 0.036 0.001 
  71   (0.035) 0.028 0.002 0.001 0.001 0.000 0.063 0.233 
  79   (0.144) 0.006 0.359 0.573 0.030 0.339 0.239 0.168 
  75   (0.069) 0.184 0.003 0.023 0.028 0.059 0.121 0.004 
 711   (0.044) 0.009 0.002 0.001 0.022 0.000 0.138 0.028 
  67   (0.035) 0.002 0.002 0.002 0.078 0.000 0.018 0.019 
 791   (0.011) 0.000 0.000 0.000 0.000 0.000 0.006 0.001 
 591   (0.049) 0.002 0.002 0.007 0.091 0.013 0.019 0.021 
 552   (0.015) 0.001 0.001 0.000 0.001 0.000 0.040 0.001 
 792   (0.012) 0.000 0.001 0.000 0.001 0.000 0.011 0.001 
 593   (0.013) 0.000 0.001 0.000 0.001 0.000 0.016 0.001 
  59   (0.034) 0.001 0.002 0.011 0.078 0.001 0.017 0.002 
 631   (0.036) 0.002 0.028 0.048 0.033 0.000 0.008 0.003 
 833   (0.026) 0.001 0.048 0.000 0.001 0.055 0.011 0.001 
 712   (0.012) 0.000 0.001 0.000 0.000 0.000 0.011 0.001 
  63   (0.059) 0.552 0.009 0.007 0.160 0.059 0.007 0.034 
 551   (0.058) 0.012 0.490 0.049 0.128 0.001 0.005 0.113 
 592   (0.013) 0.001 0.001 0.012 0.001 0.000 0.001 0.001 
 632   (0.018) 0.001 0.001 0.013 0.007 0.000 0.002 0.001 
 118   (0.011) 0.000 0.001 0.000 0.004 0.000 0.001 0.001 
 673   (0.017) 0.013 0.001 0.000 0.012 0.000 0.002 0.001 
  82   (0.012) 0.000 0.001 0.000 0.001 0.000 0.001 0.017 
 834   (0.011) 0.001 0.001 0.000 0.003 0.000 0.001 0.003 

Locus 16 : Lup02 
6 alleles
0.8% missing data
  56   (0.553) 0.182 0.711 0.632 0.702 0.706 0.516 0.540 
  60   (0.129) 0.411 0.018 0.061 0.083 0.003 0.181 0.056 
  52   (0.222) 0.403 0.267 0.295 0.202 0.092 0.119 0.197 
  48   (0.059) 0.002 0.002 0.010 0.011 0.001 0.171 0.028 
 561   (0.013) 0.000 0.001 0.000 0.001 0.000 0.010 0.001 
  64   (0.023) 0.001 0.001 0.000 0.001 0.198 0.002 0.178 

Locus 17 : Lup13 
5 alleles
0.3% missing data
  57   (0.346) 0.089 0.400 0.608 0.285 0.709 0.257 0.414 
  61   (0.342) 0.532 0.153 0.323 0.538 0.097 0.451 0.070 
  65   (0.071) 0.003 0.046 0.001 0.059 0.001 0.124 0.054 
  53   (0.228) 0.375 0.359 0.069 0.117 0.192 0.166 0.462 
  69   (0.013) 0.000 0.042 0.000 0.000 0.000 0.001 0.001 

Locus 18 : Lup20 
9 alleles
2.0% missing data
  56   (0.364) 0.202 0.185 0.170 0.334 0.197 0.631 0.253 
 601   (0.030) 0.001 0.193 0.000 0.001 0.000 0.098 0.001 
  60   (0.328) 0.757 0.352 0.498 0.466 0.413 0.133 0.643 
  68   (0.081) 0.003 0.204 0.155 0.043 0.282 0.033 0.004 
  64   (0.097) 0.006 0.005 0.045 0.113 0.095 0.067 0.087 
  72   (0.029) 0.029 0.002 0.001 0.003 0.000 0.013 0.008 
 681   (0.012) 0.000 0.000 0.000 0.000 0.000 0.006 0.001 
 641   (0.014) 0.000 0.001 0.000 0.001 0.000 0.016 0.001 
  52   (0.045) 0.002 0.058 0.130 0.038 0.013 0.004 0.002 

Locus 19 : Lup21 
11 alleles
0.5% missing data
  41   (0.224) 0.202 0.112 0.058 0.129 0.096 0.374 0.271 
  57   (0.185) 0.184 0.016 0.173 0.156 0.161 0.291 0.060 
  53   (0.283) 0.458 0.514 0.450 0.416 0.296 0.135 0.303 
  37   (0.013) 0.000 0.001 0.000 0.001 0.000 0.015 0.001 
  45   (0.045) 0.054 0.002 0.001 0.018 0.000 0.150 0.002 
 531   (0.012) 0.000 0.000 0.000 0.000 0.000 0.005 0.001 
 611   (0.064) 0.093 0.004 0.042 0.029 0.012 0.010 0.131 
 491   (0.012) 0.000 0.000 0.000 0.000 0.000 0.006 0.001 
  49   (0.090) 0.005 0.326 0.229 0.127 0.184 0.008 0.198 
  61   (0.034) 0.001 0.021 0.002 0.003 0.205 0.003 0.031 
 612   (0.039) 0.002 0.003 0.045 0.119 0.045 0.003 0.002 

Locus 20 : Lup23 
6 alleles
0.1% missing data
  59   (0.387) 0.710 0.106 0.258 0.425 0.457 0.210 0.207 
  63   (0.340) 0.265 0.154 0.152 0.033 0.174 0.748 0.424 
  67   (0.016) 0.001 0.001 0.000 0.001 0.000 0.019 0.001 
  55   (0.188) 0.008 0.692 0.583 0.503 0.359 0.016 0.349 
  51   (0.044) 0.016 0.045 0.001 0.019 0.010 0.004 0.018 
 671   (0.025) 0.001 0.002 0.006 0.020 0.000 0.002 0.001 

Values of parameters used in structure:
DATAFILE=/home/eva.pavlovic/data_job_Z120,	OUTFILE=/home/eva.pavlovic/ParallelStructure/26_results_20MS/2a_Empirical_samples_no_sim/results_job_Z120,	NUMINDS=742,	NUMLOCI=20,	MISSING=-9,	LABEL=1,	POPDATA=1,	POPFLAG=0,	PHENOTYPE=0,	EXTRACOLS=0,	MAXPOPS=7,	BURNIN=300000,	NUMREPS=3000000,	USEPOPINFO=0,	INFERALPHA=1,	INFERLAMBDA=0,	POPSPECIFICLAMBDA=0,	POPALPHAS=0,	COMPUTEPROB=1,	NOADMIX=0,	ADMBURNIN=2500,	UPDATEFREQ=1,	PRINTLIKES=0,	INTERMEDSAVE=0,	PRINTKLD=0,	PRINTNET=0,	PRINTLAMBDA=0,	ANCESTDIST=0,	NUMBOXES=1000,	ANCESTPINT=0.90000,	GENSBACK=2,	MIGRPRIOR=0.05000,	PRINTQHAT=1,	PRINTQSUM=0,	ALPHA=1.0000,	FREQSCORR=1,	FPRIORMEAN=0.0100,	FPRIORSD=0.0500,	ONEFST=0,	LAMBDA=1.0000,	UNIFPRIORALPHA=1,	ALPHAMAX=10.0000,	ALPHAPRIORA=1.0000,	ALPHAPRIORB=2.0000,	ALPHAPROPSD=0.0250,	STARTATPOPINFO=0,	RANDOMIZE=1,	LINKAGE=0,	METROFREQ=10,	REPORTHITRATE=0,	MARKOVPHASE=-1,	PHASED=0,	PLOIDY=2,	PHASEINFO=0	LOCPRIOR=0, 	LOCPRIORINIT=1.000000, 	LOCDATA=0, 	LOCISPOP=0, 	LOCPRIORSTEP=0.100000, 	MAXLOCPRIOR=20.000000, 	SEED=1770319665,	
[STRAT parameters]:    NUMSIMSTATS=1000,	PHENOTYPECOL=-9,	POOLFREQ=10,	LOCUSxONLY=0,	EMERROR=0.00100,	MISSINGPHENO=-9,	