       M1EL5  1 0.9840 0.0071 0.0031 0.0058 
       W26T6  1 0.9659 0.0077 0.0058 0.0207 
       W26XX  1 0.9900 0.0039 0.0031 0.0030 
       M013P  1 0.9917 0.0038 0.0022 0.0023 
       M1ELA  1 0.9179 0.0483 0.0265 0.0072 
       M2C73  1 0.9880 0.0048 0.0026 0.0046 
       W23P4  1 0.8930 0.0067 0.0615 0.0388 
       W247C  1 0.9921 0.0030 0.0024 0.0025 
       W24K1  1 0.9926 0.0022 0.0027 0.0025 
       W24ME  1 0.9613 0.0049 0.0076 0.0262 
       W2514  1 0.9833 0.0041 0.0064 0.0061 
       W26MA  1 0.9800 0.0049 0.0078 0.0073 
       W26MM  1 0.9906 0.0028 0.0027 0.0039 
       W26MU  1 0.9858 0.0048 0.0029 0.0065 
       W26P0  1 0.9877 0.0045 0.0032 0.0045 
       W26P3  1 0.9918 0.0039 0.0023 0.0020 
       W26T5  1 0.9928 0.0023 0.0023 0.0026 
       W26TE  1 0.9747 0.0128 0.0062 0.0063 
       W26TF  1 0.9903 0.0042 0.0033 0.0023 
       W26U8  1 0.9546 0.0145 0.0146 0.0162 
       W26UJ  1 0.9929 0.0021 0.0021 0.0029 
       W26UK  1 0.9932 0.0028 0.0019 0.0022 
       W26UT  1 0.9923 0.0030 0.0025 0.0023 
       W26XT  1 0.9886 0.0054 0.0034 0.0026 
      CC06H2  1 0.9625 0.0047 0.0212 0.0116 
      CC06H4  1 0.9898 0.0032 0.0037 0.0033 
      CC06H5  1 0.9568 0.0150 0.0164 0.0118 
      CC06H6  1 0.9821 0.0091 0.0045 0.0043 
      CC06HE  1 0.9912 0.0038 0.0024 0.0026 
      CC06HF  1 0.9674 0.0088 0.0102 0.0136 
      CC06HH  1 0.9901 0.0040 0.0033 0.0026 
      CC06HJ  1 0.9696 0.0212 0.0046 0.0046 
      CC06HL  1 0.9925 0.0035 0.0021 0.0019 
      CC06HP  1 0.9922 0.0035 0.0020 0.0023 
      CC06HT  1 0.9653 0.0181 0.0102 0.0064 
      CC06HU  1 0.9749 0.0185 0.0039 0.0027 
      CC06HY  1 0.9732 0.0051 0.0162 0.0055 
      CC06J0  1 0.9878 0.0034 0.0042 0.0047 
      CC06J1  1 0.9723 0.0077 0.0049 0.0152 
      CC06J2  1 0.9876 0.0059 0.0030 0.0036 
     CT.0YCY  1 0.9887 0.0039 0.0039 0.0036 
     CT.0YEC  1 0.9937 0.0023 0.0020 0.0020 
     CT.0YEF  1 0.9891 0.0035 0.0035 0.0038 
     CT.0YEU  1 0.9932 0.0022 0.0023 0.0023 
     CT.0YF2  1 0.9828 0.0054 0.0041 0.0078 
     CT.0YF8  1 0.9925 0.0032 0.0017 0.0026 
     CT.0YFA  1 0.9840 0.0061 0.0029 0.0070 
     CT.0YFE  1 0.9844 0.0057 0.0037 0.0063 
     CT.0YFP  1 0.9831 0.0035 0.0034 0.0100 
     CT.0YFU  1 0.9890 0.0034 0.0032 0.0044 
     CT.0YK7  1 0.9854 0.0033 0.0061 0.0051 
     CX.10PT  1 0.9621 0.0078 0.0189 0.0113 
      DAM021  1 0.9811 0.0063 0.0073 0.0053 
      DAM034  1 0.9859 0.0041 0.0035 0.0066 
      DAM07X  1 0.9876 0.0035 0.0043 0.0047 
     EF.15J6  1 0.9906 0.0040 0.0028 0.0027 
      HRV010  1 0.9879 0.0059 0.0033 0.0029 
      HRV02J  1 0.9836 0.0064 0.0033 0.0067 
      HRV078  1 0.9875 0.0038 0.0039 0.0048 
      HRV0FH  1 0.9906 0.0029 0.0023 0.0042 
      HRV0H5  1 0.9865 0.0047 0.0047 0.0040 
      HRV0JF  1 0.9660 0.0047 0.0031 0.0262 
      HRV0JJ  1 0.9833 0.0049 0.0054 0.0064 
      HRV0JM  1 0.9884 0.0038 0.0027 0.0051 
      HRV0K6  1 0.9664 0.0114 0.0087 0.0134 
      HRV0K7  1 0.9834 0.0114 0.0023 0.0030 
      HRV0KP  1 0.9802 0.0087 0.0065 0.0046 
      HRV1AX  1 0.9717 0.0083 0.0082 0.0119 
      HRV1C4  1 0.9812 0.0027 0.0097 0.0063 
      HRV1CH  1 0.9847 0.0056 0.0035 0.0062 
      HRV1FA  1 0.9784 0.0112 0.0062 0.0042 
      HRV1FK  1 0.9836 0.0043 0.0065 0.0056 
      HRV1H8  1 0.9874 0.0057 0.0034 0.0035 
      HRV1HT  1 0.9812 0.0055 0.0059 0.0074 
      HRV1XU  1 0.9870 0.0034 0.0059 0.0038 
      HRV4TF  1 0.9742 0.0196 0.0036 0.0025 
      HRV6F0  1 0.9877 0.0055 0.0033 0.0035 
      HRVE6L  1 0.9761 0.0131 0.0050 0.0058 
       M27HM  1 0.9849 0.0047 0.0040 0.0063 
       M27HP  1 0.9923 0.0026 0.0027 0.0024 
       M2AK4  1 0.9920 0.0026 0.0027 0.0026 
       M2ALA  1 0.9923 0.0025 0.0028 0.0024 
       M2C56  1 0.9814 0.0088 0.0048 0.0050 
       M2CUX  1 0.9834 0.0051 0.0034 0.0082 
       M2E24  1 0.9918 0.0026 0.0023 0.0032 
       M2EA7  1 0.9908 0.0028 0.0032 0.0033 
       M2EH6  1 0.9900 0.0038 0.0035 0.0027 
       M2EKC  1 0.8934 0.0915 0.0073 0.0078 
      MSV083  1 0.9829 0.0098 0.0034 0.0038 
      MSV084  1 0.9758 0.0147 0.0040 0.0056 
      MSV0LJ  1 0.9865 0.0046 0.0030 0.0059 
      MSV1H5  1 0.9716 0.0117 0.0094 0.0073 
      MSV1KM  1 0.9924 0.0026 0.0023 0.0027 
      MSV23F  1 0.9848 0.0077 0.0042 0.0033 
      MSV2L8  1 0.9900 0.0029 0.0024 0.0047 
      MSV2P7  1 0.9913 0.0023 0.0031 0.0033 
      MSV2TJ  1 0.9836 0.0056 0.0039 0.0069 
      MSV2XM  1 0.9865 0.0050 0.0042 0.0043 
      MSV327  1 0.9901 0.0036 0.0031 0.0033 
      MSV33L  1 0.9926 0.0026 0.0024 0.0024 
      MSV1TX  2 0.5938 0.0043 0.3807 0.0212 
      MSV025  2 0.4162 0.0283 0.4918 0.0637 
      MSV02C  2 0.5742 0.0084 0.3765 0.0410 
      MSV02E  2 0.5577 0.0228 0.0476 0.3719 
      MSV0TF  2 0.4328 0.0045 0.0212 0.5414 
       M2EL8  2 0.4294 0.0106 0.5309 0.0291 
      MSV21T  3 0.0400 0.1207 0.1971 0.6421 
       M2E71  3 0.1615 0.3332 0.4366 0.0688 
       W23CA  4 0.0028 0.0105 0.0044 0.9822 
     AP.085Y  4 0.0044 0.0080 0.0081 0.9795 
     CH.0LLY  4 0.0221 0.0086 0.0027 0.9665 
       M0LEC  4 0.0023 0.0068 0.0049 0.9860 
       M2C3H  4 0.0051 0.0095 0.0038 0.9816 
       M2CHL  4 0.0472 0.0085 0.0022 0.9421 
       W26P7  4 0.0043 0.0052 0.0028 0.9877 
     AP.07M5  4 0.0107 0.0160 0.0741 0.8992 
     AP.080U  4 0.0085 0.0088 0.0043 0.9784 
     AP.082A  4 0.0026 0.0042 0.0070 0.9863 
     AP.0843  4 0.0144 0.0120 0.0048 0.9688 
     AP.0844  4 0.0613 0.0110 0.0038 0.9239 
     AP.084X  4 0.0044 0.0041 0.0061 0.9854 
     AP.086Y  4 0.0040 0.0058 0.0030 0.9871 
     AP.0870  4 0.0051 0.0188 0.0050 0.9712 
     AP.0878  4 0.0061 0.0129 0.0029 0.9781 
     AP.087F  4 0.0049 0.0056 0.0024 0.9871 
     AP.087Y  4 0.0292 0.0066 0.0023 0.9620 
     AP.088P  4 0.0061 0.0071 0.0110 0.9758 
     AP.08AK  4 0.0119 0.0036 0.0200 0.9646 
     CH.0LLM  4 0.0042 0.0052 0.0139 0.9767 
     CH.0LLU  4 0.0559 0.0174 0.0169 0.9099 
     CH.0LM0  4 0.0155 0.0060 0.0038 0.9747 
     CH.0LM3  4 0.0071 0.0045 0.0070 0.9814 
       W26MY  4 0.1519 0.0160 0.0103 0.8218 
       W26P6  4 0.0510 0.0062 0.0063 0.9366 
      HRV07U  4 0.0126 0.0977 0.0067 0.8830 
      HRV1CT  4 0.0032 0.0041 0.0059 0.9868 
      HRV1CU  4 0.0024 0.0048 0.0424 0.9504 
      HRV1E6  4 0.0024 0.0060 0.0071 0.9845 
      HRV081  4 0.0019 0.0030 0.0242 0.9709 
      HRV1E3  4 0.0049 0.0136 0.0041 0.9775 
      MSV21E  4 0.0353 0.0073 0.2298 0.7276 
      MSV216  4 0.0086 0.4206 0.2948 0.2761 
       M0TYK  4 0.0145 0.0055 0.0061 0.9739 
      MSV2AA  4 0.1360 0.0064 0.7121 0.1455 
     CK.0PET  4 0.1948 0.3744 0.3144 0.1165 
       M2E8C  4 0.0032 0.0045 0.9110 0.0813 
      MSV23X  4 0.0331 0.0079 0.2344 0.7246 
      MSV32A  4 0.0623 0.2770 0.3403 0.3204 
     AP.0838  4 0.0032 0.0755 0.0044 0.9169 
     AP.088F  4 0.0045 0.0660 0.0082 0.9213 
      DAM2HL  5 0.0023 0.0088 0.0075 0.9813 
       M2ALK  5 0.0107 0.1804 0.7417 0.0672 
       M2E2J  5 0.0371 0.0030 0.0158 0.9441 
       M2E73  5 0.0026 0.0048 0.0110 0.9816 
       M2E74  5 0.0058 0.1728 0.8045 0.0169 
       M2EUJ  5 0.0034 0.6984 0.2153 0.0828 
      DAM1XK  5 0.0024 0.0082 0.0093 0.9800 
       M2057  5 0.0031 0.0050 0.0066 0.9853 
       M2271  5 0.0018 0.0041 0.9898 0.0043 
       M27YK  5 0.0319 0.2353 0.0055 0.7273 
       M2A1H  5 0.0025 0.0034 0.9902 0.0039 
       M2E0P  5 0.0027 0.0041 0.6406 0.3526 
       M2E75  5 0.0022 0.0153 0.9210 0.0614 
       M2E76  5 0.0041 0.0092 0.9743 0.0124 
      MSV0T5  5 0.0066 0.0071 0.5366 0.4498 
      MSV241  5 0.0049 0.0069 0.0836 0.9046 
      MSV2A0  5 0.0034 0.0039 0.9859 0.0067 
      MSV2A1  5 0.0019 0.0031 0.9912 0.0039 
      MSV2A8  5 0.0036 0.0134 0.2377 0.7453 
      DAM1P5  5 0.0017 0.0024 0.9833 0.0126 
       M1084  5 0.0024 0.0061 0.0087 0.9828 
      MSV2M4  5 0.0029 0.0061 0.9788 0.0123 
      MSV2T6  5 0.0045 0.0064 0.9813 0.0078 
       M1UM1  5 0.0062 0.0285 0.0292 0.9361 
       M2ECL  5 0.0131 0.0390 0.5200 0.4278 
       M2EJ0  5 0.0023 0.0208 0.0311 0.9459 
      MSV20J  5 0.0028 0.0167 0.1801 0.8005 
      MSV2TK  5 0.0130 0.0220 0.5982 0.3668 
      MSV2TX  5 0.0024 0.0038 0.0411 0.9527 
      MSV310  5 0.0042 0.0037 0.9803 0.0118 
      MSV33F  5 0.0033 0.0036 0.9860 0.0072 
      DAM35L  5 0.0022 0.0040 0.9843 0.0096 
       M2E4C  5 0.0029 0.0046 0.0561 0.9364 
       M2E4H  5 0.0038 0.0101 0.0270 0.9591 
       M2E65  5 0.0043 0.0307 0.9579 0.0071 
       M2EEJ  5 0.0026 0.0025 0.9892 0.0057 
       M2EEP  5 0.0037 0.0115 0.9544 0.0304 
      MSV1TU  5 0.0077 0.0061 0.3671 0.6192 
      MSV20M  5 0.0025 0.0081 0.1163 0.8731 
      MSV223  5 0.0031 0.0037 0.0069 0.9863 
      MSV22E  5 0.0043 0.0140 0.4924 0.4892 
      MSV23J  5 0.0028 0.0038 0.0066 0.9868 
      MSV2K6  5 0.0023 0.0032 0.9867 0.0077 
      DAM23U  5 0.0049 0.0124 0.2723 0.7104 
       M2E8A  5 0.0024 0.0053 0.9782 0.0141 
      MSV2L2  5 0.0028 0.0036 0.9821 0.0116 
       M1YMH  5 0.0076 0.0067 0.6518 0.3339 
       M2A84  5 0.0178 0.0045 0.6856 0.2921 
      MSV23M  5 0.0050 0.0690 0.0132 0.9128 
     AP.085T  5 0.0022 0.0046 0.8673 0.1259 
     AP.086J  5 0.0033 0.9168 0.0525 0.0274 
     AP.08C2  5 0.0206 0.3036 0.0114 0.6644 
     AP.08CF  5 0.0026 0.0117 0.2399 0.7458 
     AP.08CX  5 0.0019 0.0040 0.9830 0.0111 
     AP.08CY  5 0.0075 0.1270 0.8293 0.0362 
      DAM0JX  5 0.0028 0.0093 0.1522 0.8357 
      DAM0P4  5 0.0026 0.0043 0.0269 0.9662 
      DAM0UK  5 0.0055 0.0737 0.5366 0.3842 
       M2030  5 0.0021 0.0079 0.9840 0.0060 
      MSV24M  5 0.0033 0.0080 0.2281 0.7606 
       M20AM  5 0.0033 0.4152 0.3299 0.2515 
       M21YP  5 0.0048 0.9835 0.0061 0.0055 
       M2205  5 0.0016 0.0042 0.9866 0.0075 
       M2206  5 0.0024 0.0102 0.9715 0.0159 
      MSV267  5 0.0030 0.0156 0.0828 0.8985 
       M2757  5 0.0043 0.2567 0.3213 0.4178 
       M27TH  5 0.0024 0.0063 0.0082 0.9830 
      MSV2JA  5 0.0130 0.0491 0.5994 0.3385 
      MSV2KU  5 0.0032 0.0067 0.9849 0.0052 
      MSV2MF  5 0.0034 0.0346 0.9355 0.0265 
      MSV2TA  5 0.0020 0.0035 0.9882 0.0063 
      MSV2TE  5 0.0019 0.0034 0.9739 0.0208 
      MSV2TU  5 0.0119 0.0192 0.7335 0.2354 
      MSV2UT  5 0.0049 0.0595 0.8423 0.0933 
      MSV306  5 0.0037 0.0139 0.9648 0.0177 
      MSV311  5 0.0021 0.0222 0.9588 0.0170 
      MSV31M  5 0.0033 0.0253 0.1029 0.8685 
      MSV325  5 0.0034 0.0051 0.7406 0.2509 
      MSV32H  5 0.0047 0.0066 0.9735 0.0152 
     CX.112U  5 0.0043 0.0598 0.1298 0.8061 
      DAM2PC  5 0.0033 0.0035 0.9904 0.0028 
       M2E48  5 0.0029 0.0060 0.9473 0.0438 
       M2E7K  5 0.0031 0.0071 0.9133 0.0765 
       M2E80  5 0.0027 0.0044 0.9841 0.0088 
       M2EAM  5 0.0017 0.0041 0.9831 0.0111 
       M2EFF  5 0.0033 0.0039 0.9884 0.0045 
       M2EFY  5 0.0029 0.0080 0.1906 0.7985 
       M2EHM  5 0.0030 0.0193 0.8986 0.0791 
       M2EK0  5 0.0026 0.0120 0.0412 0.9442 
       M2EK1  5 0.0022 0.0138 0.1847 0.7993 
      MSV22F  5 0.0027 0.0107 0.2171 0.7695 
      MSV273  5 0.0039 0.0039 0.9864 0.0058 
      MSV0TL  5 0.0204 0.0233 0.8586 0.0977 
      MSV0TT  5 0.0024 0.0033 0.9896 0.0046 
      MSV12H  5 0.0024 0.0042 0.0115 0.9818 
      MSV1TH  5 0.0030 0.0237 0.9668 0.0065 
      MSV275  5 0.0028 0.0031 0.9907 0.0034 
      MSV286  5 0.0080 0.0222 0.9565 0.0133 
      MSV2H4  5 0.0022 0.0049 0.9821 0.0107 
      MSV2K8  5 0.0033 0.0974 0.8647 0.0346 
      MSV2PM  5 0.0017 0.0024 0.9839 0.0120 
      MSV2X3  5 0.0017 0.0032 0.9016 0.0935 
      MSV2X4  5 0.0050 0.0062 0.9810 0.0078 
      MSV30U  5 0.0018 0.0034 0.8844 0.1105 
     CX.111C  5 0.0022 0.0036 0.1928 0.8014 
     AP.07M2  6 0.0182 0.0083 0.0070 0.9664 
      HRV05C  6 0.0061 0.0043 0.0087 0.9809 
      HRV077  6 0.0053 0.0500 0.0381 0.9067 
      HRV0A0  6 0.0063 0.0048 0.9286 0.0602 
      HRV0MC  6 0.0026 0.0036 0.0118 0.9820 
      HRV00P  6 0.0018 0.0043 0.9900 0.0039 
      HRV01J  6 0.0024 0.0033 0.9899 0.0044 
      HRV026  6 0.0024 0.0030 0.9895 0.0051 
      HRV02C  6 0.0019 0.0032 0.9744 0.0205 
      HRV031  6 0.0023 0.0068 0.7809 0.2101 
      HRV033  6 0.0023 0.0069 0.7820 0.2089 
      HRV05L  6 0.0026 0.1194 0.1316 0.7464 
      HRV06A  6 0.0024 0.0053 0.9741 0.0182 
      HRV07P  6 0.0021 0.0051 0.0120 0.9808 
      HRV0HC  6 0.0090 0.0045 0.0064 0.9801 
      HRV0HU  6 0.0048 0.0162 0.0954 0.8836 
      HRV0K1  6 0.0022 0.0073 0.9762 0.0143 
      HRV0M6  6 0.0057 0.0160 0.9740 0.0043 
      HRV0M7  6 0.0026 0.0055 0.0057 0.9863 
      HRV0MK  6 0.0019 0.0062 0.9864 0.0055 
      HRV1C7  6 0.0024 0.0436 0.9216 0.0323 
      HRV1EA  6 0.0064 0.0088 0.0075 0.9773 
       M147K  6 0.0017 0.0032 0.9867 0.0084 
      HRV008  6 0.0024 0.0046 0.0390 0.9541 
      HRV015  6 0.0030 0.0027 0.9884 0.0059 
      HRV01F  6 0.0044 0.0044 0.9843 0.0069 
      HRV01L  6 0.0022 0.0041 0.9889 0.0047 
      HRV01M  6 0.0033 0.0226 0.1448 0.8294 
      HRV020  6 0.0030 0.0028 0.9913 0.0030 
      HRV022  6 0.0045 0.0032 0.9860 0.0064 
      HRV02A  6 0.0034 0.0032 0.9885 0.0049 
      HRV02K  6 0.0044 0.0043 0.9882 0.0031 
      HRV04C  6 0.0021 0.0031 0.9872 0.0076 
      HRV05H  6 0.0045 0.0229 0.0228 0.9499 
      HRV076  6 0.0063 0.0097 0.0264 0.9577 
      HRV07H  6 0.0017 0.0033 0.0052 0.9898 
      HRV07X  6 0.0045 0.0057 0.0096 0.9801 
      HRV080  6 0.0020 0.0031 0.0075 0.9874 
      HRV086  6 0.0070 0.0150 0.4728 0.5053 
      HRV0H3  6 0.0026 0.0044 0.9884 0.0045 
      HRV0J3  6 0.0027 0.0047 0.0067 0.9859 
      HRV0JX  6 0.0060 0.0074 0.0074 0.9792 
      HRV0ML  6 0.0019 0.0036 0.9740 0.0205 
      HRV1E8  6 0.0024 0.0069 0.0190 0.9716 
      HRV007  6 0.0040 0.0266 0.0447 0.9246 
      HRV005  6 0.0040 0.0396 0.2528 0.7036 
      HRV05U  6 0.0024 0.0150 0.0051 0.9775 
      HRV01U  6 0.0027 0.0064 0.0048 0.9862 
     AP.07M1  6 0.0022 0.0047 0.9883 0.0048 
     AP.07ME  6 0.0046 0.0322 0.0370 0.9262 
     AP.0817  6 0.0032 0.0180 0.0051 0.9737 
     AP.0863  6 0.0127 0.0393 0.0208 0.9271 
     AP.087T  6 0.0102 0.0088 0.0063 0.9746 
     AP.088T  6 0.0020 0.0046 0.0067 0.9867 
     CH.0LM1  6 0.0030 0.0078 0.0060 0.9832 
       M05X5  6 0.0182 0.0431 0.0184 0.9202 
       M06JH  6 0.0524 0.0390 0.0217 0.8869 
       M0A6K  6 0.0031 0.0118 0.0255 0.9596 
       M0ETF  6 0.0020 0.0037 0.9891 0.0052 
       M0LUP  6 0.0039 0.0063 0.1065 0.8833 
       M16F1  6 0.0025 0.0056 0.9641 0.0277 
       M182M  6 0.0029 0.0060 0.0059 0.9852 
       M1CFL  6 0.0027 0.0118 0.9660 0.0195 
       M2AXY  6 0.0036 0.0258 0.0486 0.9220 
       M2AY2  6 0.0100 0.0070 0.0057 0.9773 
       M2CHP  6 0.0232 0.0336 0.0132 0.9300 
       W26LK  6 0.0024 0.0175 0.0678 0.9123 
       W26ME  6 0.0042 0.0200 0.0114 0.9645 
     AM.07FM  6 0.0016 0.0031 0.9877 0.0075 
     AM.07FP  6 0.0022 0.0030 0.9858 0.0090 
     AP.07M4  6 0.0019 0.0040 0.0075 0.9866 
     AP.07M7  6 0.0016 0.0022 0.0335 0.9626 
     AP.07M8  6 0.0023 0.0045 0.0058 0.9874 
     AP.07MA  6 0.0059 0.0032 0.0400 0.9508 
     AP.07MC  6 0.0024 0.0140 0.0044 0.9792 
     AP.07P8  6 0.0131 0.0035 0.2163 0.7670 
     AP.07U8  6 0.0042 0.0101 0.0126 0.9731 
     AP.081F  6 0.0024 0.0031 0.0075 0.9870 
     AP.081H  6 0.0089 0.9645 0.0104 0.0163 
     AP.0820  6 0.0241 0.0316 0.0057 0.9386 
     AP.0841  6 0.0490 0.3578 0.0597 0.5335 
     AP.0858  6 0.0029 0.0078 0.0058 0.9835 
     AP.085U  6 0.0166 0.0179 0.0066 0.9589 
     AP.085X  6 0.0021 0.0080 0.9738 0.0161 
     AP.0861  6 0.0072 0.0100 0.6899 0.2929 
     AP.0864  6 0.0020 0.0042 0.0092 0.9846 
     AP.086X  6 0.0022 0.0041 0.0214 0.9723 
     AP.0872  6 0.0024 0.0053 0.0163 0.9760 
     AP.0875  6 0.0421 0.7557 0.0077 0.1946 
     AP.087A  6 0.0023 0.0058 0.0412 0.9507 
     AP.087C  6 0.0052 0.1002 0.5775 0.3171 
     AP.087E  6 0.0025 0.0069 0.6448 0.3457 
     AP.087H  6 0.0020 0.0063 0.9700 0.0217 
     AP.087K  6 0.0041 0.0201 0.0087 0.9671 
     AP.087L  6 0.0023 0.0056 0.9733 0.0188 
     AP.087M  6 0.0027 0.0064 0.0044 0.9866 
     AP.087P  6 0.0029 0.0064 0.0056 0.9850 
     AP.087U  6 0.0145 0.5832 0.0763 0.3259 
     AP.087X  6 0.0065 0.8186 0.0147 0.1603 
     AP.0881  6 0.0066 0.9311 0.0176 0.0447 
     AP.0882  6 0.0030 0.0209 0.9618 0.0143 
     AP.0883  6 0.0104 0.0094 0.0090 0.9712 
     AP.0884  6 0.0020 0.0033 0.0055 0.9892 
     AP.0885  6 0.0049 0.0097 0.0104 0.9750 
     AP.0887  6 0.0032 0.1370 0.3004 0.5593 
     AP.0888  6 0.2082 0.5729 0.0088 0.2101 
     AP.088A  6 0.0026 0.0213 0.0982 0.8779 
     AP.088C  6 0.0129 0.3114 0.6418 0.0339 
     AP.088J  6 0.0060 0.0703 0.0070 0.9167 
     AP.088K  6 0.0059 0.0697 0.0172 0.9073 
     AP.088L  6 0.0024 0.0063 0.9625 0.0289 
     AP.088U  6 0.0025 0.0057 0.9307 0.0611 
     AP.088X  6 0.0094 0.0298 0.0169 0.9439 
     AP.08A0  6 0.0018 0.0041 0.0039 0.9901 
     AP.08A1  6 0.0040 0.0312 0.5544 0.4104 
     AP.08A3  6 0.0030 0.0058 0.3838 0.6075 
     AP.08A4  6 0.0062 0.6015 0.2874 0.1049 
     AP.08A5  6 0.0023 0.0061 0.7935 0.1981 
     AP.08A6  6 0.0037 0.0060 0.0048 0.9856 
     AP.08A8  6 0.0027 0.0117 0.0110 0.9746 
     AP.08AC  6 0.0077 0.0104 0.0183 0.9636 
     AP.08AH  6 0.0045 0.0523 0.0111 0.9321 
     AP.08AJ  6 0.0033 0.0036 0.0109 0.9823 
     AP.08AM  6 0.0027 0.0077 0.0117 0.9779 
     AP.08AT  6 0.0023 0.0031 0.0046 0.9900 
     AP.08AX  6 0.0024 0.0075 0.6397 0.3505 
     CH.0LLP  6 0.0021 0.0042 0.0080 0.9857 
     CH.0LM2  6 0.0041 0.0214 0.0175 0.9571 
     CH.0LM4  6 0.0019 0.0170 0.0032 0.9779 
     CH.0LM5  6 0.0023 0.0050 0.0081 0.9846 
       M0102  6 0.0028 0.0044 0.0503 0.9424 
       M023A  6 0.0020 0.0037 0.8748 0.1195 
       M03MM  6 0.0035 0.0152 0.0308 0.9506 
       M04PF  6 0.0021 0.0036 0.0143 0.9800 
       M04XH  6 0.0047 0.0070 0.0123 0.9759 
       M04XM  6 0.0026 0.0076 0.9712 0.0186 
       M0557  6 0.0058 0.0066 0.0039 0.9837 
       M055C  6 0.0224 0.0153 0.0135 0.9488 
       M05JC  6 0.0028 0.0380 0.0503 0.9089 
       M05PH  6 0.0039 0.0219 0.0224 0.9518 
       M05X6  6 0.0039 0.0062 0.4520 0.5379 
       M07TC  6 0.0149 0.0051 0.1341 0.8459 
       M0A66  6 0.0021 0.0048 0.4511 0.5419 
       M0EYT  6 0.0019 0.0027 0.9913 0.0041 
       M0FF2  6 0.0017 0.0029 0.9905 0.0049 
       M0HJ6  6 0.0072 0.0264 0.0123 0.9541 
      HRV0JL  6 0.0017 0.0035 0.9814 0.0133 
      HRV0JP  6 0.0081 0.0062 0.9373 0.0484 
      HRV0KA  6 0.0021 0.0038 0.0050 0.9890 
      HRV0LJ  6 0.0059 0.0116 0.0126 0.9699 
      HRV0LM  6 0.0028 0.0046 0.0112 0.9814 
      HRV0LP  6 0.0124 0.0616 0.0151 0.9108 
       M0HJ8  6 0.0022 0.0039 0.9882 0.0058 
       M0HM3  6 0.0024 0.1243 0.5173 0.3560 
       M0J1X  6 0.0029 0.0064 0.2913 0.6993 
       M0L32  6 0.0044 0.0068 0.3791 0.6097 
       M0L8F  6 0.0067 0.0068 0.0043 0.9822 
       M0LUH  6 0.0023 0.0034 0.0179 0.9764 
       M0XPJ  6 0.0025 0.0116 0.9670 0.0188 
       M0XTE  6 0.0248 0.0417 0.0256 0.9079 
       M157H  6 0.0024 0.0158 0.8765 0.1053 
       M16YU  6 0.0017 0.0032 0.9747 0.0204 
       M1751  6 0.0028 0.0061 0.0157 0.9754 
       M1C2H  6 0.0020 0.0035 0.9883 0.0062 
       M1E60  6 0.0016 0.0032 0.0050 0.9902 
       M1EKX  6 0.0020 0.0035 0.9641 0.0305 
       M1EKY  6 0.0020 0.0051 0.0166 0.9763 
       M1EL3  6 0.0048 0.0048 0.0058 0.9846 
       M1ELC  6 0.0035 0.0037 0.0618 0.9310 
       M1ELE  6 0.0020 0.0028 0.0187 0.9764 
       M2AY0  6 0.0051 0.0139 0.1203 0.8607 
       M2AY4  6 0.0026 0.4019 0.1822 0.4133 
       M2AY5  6 0.0030 0.0059 0.0127 0.9783 
       M2AY8  6 0.1438 0.0343 0.0160 0.8060 
       M2C3A  6 0.0025 0.0053 0.9544 0.0378 
       M2C3F  6 0.0027 0.0055 0.0125 0.9792 
      HRV0ME  6 0.0034 0.0042 0.9874 0.0050 
       M2CHJ  6 0.0073 0.0130 0.1009 0.8788 
       M2CHM  6 0.0242 0.0425 0.0242 0.9091 
       M2CHY  6 0.0036 0.0042 0.0176 0.9747 
       W23E8  6 0.0022 0.0039 0.9866 0.0073 
       W23EM  6 0.0036 0.0039 0.0463 0.9463 
       W23EX  6 0.0028 0.0033 0.0175 0.9764 
       W23F0  6 0.0034 0.0040 0.1465 0.8461 
       W26L5  6 0.0170 0.0070 0.0203 0.9557 
       W26LM  6 0.0433 0.3942 0.0054 0.5571 
       W26MJ  6 0.0387 0.0045 0.0099 0.9468 
       W26ML  6 0.0022 0.0065 0.0099 0.9814 
       W26MT  6 0.0020 0.0060 0.0114 0.9806 
       W26PE  6 0.0101 0.7604 0.0063 0.2232 
       W26PJ  6 0.0086 0.8896 0.0055 0.0963 
       W26PT  6 0.0025 0.0273 0.0107 0.9595 
       W26PX  6 0.0134 0.1909 0.0106 0.7851 
       W26T0  6 0.0041 0.0081 0.0173 0.9704 
       W26TC  6 0.0017 0.0044 0.0106 0.9832 
       W26TJ  6 0.0068 0.9570 0.0066 0.0295 
       W26UE  6 0.0032 0.0089 0.0504 0.9375 
       W26UF  6 0.0021 0.0044 0.0164 0.9771 
       W26UL  6 0.0360 0.0060 0.1811 0.7770 
       W26X2  6 0.0037 0.0068 0.0090 0.9805 
       W2716  6 0.0063 0.4913 0.0164 0.4860 
      HRV1C6  6 0.0021 0.0591 0.6260 0.3128 
      HRV1CX  6 0.0056 0.0083 0.0158 0.9703 
      HRV1E2  6 0.0021 0.0034 0.0074 0.9870 
      HRV1E4  6 0.0020 0.0237 0.8656 0.1087 
      HRV1E5  6 0.0018 0.0047 0.0133 0.9802 
      HRV1EC  6 0.0029 0.0045 0.0194 0.9732 
      HRV1EK  6 0.0046 0.0038 0.9794 0.0123 
      HRV001  6 0.0026 0.0079 0.1999 0.7896 
      HRV00H  6 0.0030 0.0291 0.2544 0.7135 
      HRV00K  6 0.0032 0.0150 0.4322 0.5495 
      HRV01X  6 0.0024 0.0026 0.9895 0.0055 
      HRV025  6 0.0035 0.0044 0.9845 0.0075 
      HRV028  6 0.0024 0.0026 0.9895 0.0056 
      HRV041  6 0.0022 0.0038 0.9781 0.0159 
      HRV04F  6 0.0021 0.0028 0.9902 0.0050 
      HRV04L  6 0.0018 0.0031 0.9887 0.0064 
      HRV055  6 0.0019 0.0034 0.9620 0.0328 
      HRV05J  6 0.0028 0.0273 0.0936 0.8764 
      HRV07J  6 0.0020 0.0265 0.9547 0.0168 
      HRV07K  6 0.0061 0.0032 0.0273 0.9634 
      HRV07L  6 0.0073 0.0054 0.0042 0.9832 
      HRV07M  6 0.0021 0.0044 0.5251 0.4683 
      HRV0HM  6 0.0078 0.0170 0.9688 0.0065 
      HRV0J2  6 0.0022 0.0043 0.1083 0.8852 
      HRV0K3  6 0.0024 0.0189 0.9633 0.0154 
      HRV0KE  6 0.0023 0.0115 0.9712 0.0150 
      HRV0KF  6 0.0033 0.0110 0.0236 0.9622 
      HRV0KU  6 0.0064 0.0093 0.0191 0.9651 
      HRV0L6  6 0.0020 0.0055 0.0081 0.9843 
      HRV0M2  6 0.0043 0.0057 0.0135 0.9765 
      HRV0MF  6 0.0019 0.0024 0.9925 0.0032 
      HRV0MJ  6 0.0088 0.0112 0.0146 0.9654 
      HRV1AT  6 0.0027 0.0044 0.2413 0.7516 
      HRV1C1  6 0.0025 0.0036 0.0089 0.9850 
      HRV1CL  6 0.0032 0.0166 0.0136 0.9665 
      HRV1E1  6 0.0035 0.0076 0.0700 0.9189 
      HRV1E7  6 0.0026 0.0064 0.0264 0.9646 
      HRV1EE  6 0.0023 0.0333 0.0065 0.9579 
      HRV1ET  6 0.0020 0.0038 0.9880 0.0062 
         148  7 0.0266 0.3617 0.0407 0.5710 
         149  7 0.0035 0.7937 0.0079 0.1949 
         213  7 0.0058 0.6643 0.0189 0.3110 
         215  7 0.0035 0.8979 0.0100 0.0886 
         218  7 0.0037 0.0813 0.0115 0.9034 
         219  7 0.1032 0.3874 0.0050 0.5045 
         222  7 0.0056 0.6124 0.0645 0.3176 
         224  7 0.0347 0.1335 0.0305 0.8013 
         225  7 0.0030 0.8652 0.0681 0.0637 
         229  7 0.0027 0.0031 0.1505 0.8438 
         231  7 0.0073 0.0423 0.0063 0.9441 
      HRV1CP  7 0.0046 0.2998 0.0550 0.6406 
         239  7 0.0035 0.0087 0.0238 0.9639 
         240  7 0.0037 0.8197 0.0257 0.1508 
         243  7 0.0047 0.6723 0.1911 0.1319 
         248  7 0.0018 0.0038 0.1278 0.8667 
         250  7 0.0031 0.3817 0.0134 0.6018 
         251  7 0.0315 0.2497 0.0095 0.7093 
         256  7 0.0028 0.0078 0.0065 0.9829 
         260  7 0.0108 0.1795 0.0102 0.7995 
         261  7 0.0100 0.0125 0.6526 0.3248 
         263  7 0.0048 0.4850 0.0880 0.4222 
         284  7 0.0043 0.8385 0.0174 0.1399 
         285  7 0.0049 0.8631 0.0222 0.1098 
         286  7 0.0420 0.0075 0.0082 0.9423 
         289  7 0.0052 0.3138 0.0731 0.6078 
         291  7 0.0032 0.6359 0.1740 0.1869 
         292  7 0.0048 0.9732 0.0039 0.0181 
         293  7 0.0060 0.4294 0.0257 0.5389 
      BF0001  7 0.0126 0.3812 0.0109 0.5953 
      BF0002  7 0.0589 0.0185 0.0096 0.9130 
       M2AY6  7 0.0027 0.0049 0.0272 0.9652 
     Slov472  7 0.0102 0.3972 0.5260 0.0666 
      BF0026  7 0.0059 0.9849 0.0042 0.0050 
      BF0028  7 0.0046 0.9470 0.0055 0.0429 
     CK.0PP5  7 0.0058 0.9435 0.0072 0.0436 
     CK.0PP8  7 0.0048 0.9247 0.0137 0.0567 
     CK.0PPC  7 0.0071 0.9662 0.0047 0.0220 
     Slov166  7 0.0024 0.9223 0.0052 0.0700 
     Slov189  7 0.0089 0.8710 0.0105 0.1096 
     Slov196  7 0.0064 0.7471 0.0046 0.2420 
     Slov204  7 0.0020 0.9742 0.0101 0.0137 
      Slov24  7 0.0062 0.5991 0.0693 0.3254 
      Slov26  7 0.0041 0.9858 0.0034 0.0067 
      Slov33  7 0.0023 0.6827 0.0112 0.3038 
     Slov447  7 0.0032 0.7712 0.0174 0.2082 
     Slov449  7 0.0165 0.4953 0.0511 0.4371 
     Slov492  7 0.0029 0.9529 0.0045 0.0398 
      Slov56  7 0.0036 0.8367 0.1312 0.0285 
       Slov7  7 0.0118 0.9022 0.0105 0.0756 
      Slov70  7 0.0036 0.9736 0.0170 0.0058 
      Slov75  7 0.0024 0.9876 0.0037 0.0063 
      Slov78  7 0.0039 0.9741 0.0099 0.0120 
      Slov85  7 0.0025 0.0071 0.0166 0.9738 
      BF0003  7 0.0030 0.2116 0.0511 0.7342 
      BF0004  7 0.0068 0.4362 0.0447 0.5123 
      BF0005  7 0.0037 0.9823 0.0060 0.0079 
      BF0006  7 0.0037 0.9020 0.0374 0.0570 
      BF0007  7 0.0027 0.9729 0.0068 0.0176 
      BF0008  7 0.0066 0.9267 0.0514 0.0153 
      BF000A  7 0.0024 0.9190 0.0127 0.0659 
      BF000C  7 0.0102 0.2519 0.3304 0.4075 
      BF000E  7 0.0085 0.9382 0.0151 0.0382 
      BF000F  7 0.0044 0.6030 0.0789 0.3136 
      BF000H  7 0.0020 0.6771 0.0334 0.2874 
      BF000J  7 0.0030 0.8480 0.0822 0.0669 
      BF000K  7 0.0026 0.8111 0.0172 0.1691 
      BF000L  7 0.0050 0.4960 0.0166 0.4825 
      BF000M  8 0.0037 0.6451 0.2548 0.0964 
      BF000P  8 0.0038 0.8380 0.1215 0.0367 
      BF000T  8 0.0122 0.2671 0.0053 0.7155 
      BF000U  8 0.0074 0.9192 0.0286 0.0448 
      BF000X  8 0.0040 0.9365 0.0300 0.0295 
      BF0010  8 0.0018 0.9748 0.0063 0.0171 
      BF0011  8 0.0030 0.9027 0.0486 0.0457 
      BF0012  8 0.0137 0.9533 0.0092 0.0238 
      BF0013  8 0.0049 0.9553 0.0111 0.0286 
      BF0014  8 0.0049 0.8242 0.1163 0.0546 
      BF0015  8 0.0028 0.9731 0.0065 0.0177 
      BF0016  8 0.0068 0.9664 0.0157 0.0112 
      BF0017  8 0.0045 0.7655 0.0038 0.2262 
      BF0018  8 0.0036 0.8827 0.0256 0.0881 
      BF001A  8 0.0071 0.9786 0.0073 0.0071 
      BF001C  8 0.0025 0.9677 0.0121 0.0177 
      BF001E  8 0.0023 0.9858 0.0051 0.0067 
      BF001F  8 0.0083 0.8935 0.0153 0.0830 
      BF001H  8 0.0030 0.9697 0.0060 0.0214 
      BF001J  8 0.0022 0.9833 0.0050 0.0095 
      BF001K  8 0.0033 0.9481 0.0347 0.0138 
      BF001L  8 0.0033 0.9858 0.0059 0.0051 
      BF001M  8 0.0027 0.9800 0.0090 0.0083 
      BF001P  8 0.0023 0.9795 0.0095 0.0087 
      BF001T  8 0.0026 0.9842 0.0045 0.0088 
      BF001U  8 0.0093 0.9714 0.0082 0.0111 
      BF001X  8 0.0044 0.9205 0.0055 0.0696 
      BF0020  8 0.0096 0.9614 0.0154 0.0137 
      BF0022  8 0.0367 0.9565 0.0026 0.0042 
      BF0023  8 0.0046 0.9751 0.0138 0.0066 
      BF0025  8 0.0051 0.9552 0.0123 0.0274 
     CX.10JP  9 0.0047 0.9782 0.0056 0.0116 
     CX.10JX  9 0.0059 0.9801 0.0084 0.0056 
     CX.10K0  9 0.0042 0.9782 0.0104 0.0072 
     CX.10K5  9 0.0027 0.9642 0.0150 0.0181 
     CX.10K6  9 0.0029 0.9876 0.0050 0.0045 
     CX.10K7  9 0.0128 0.9678 0.0079 0.0115 
     CX.10KA  9 0.0149 0.9750 0.0046 0.0056 
     CX.10KC  9 0.0423 0.9463 0.0045 0.0069 
     CX.10KH  9 0.0199 0.9613 0.0074 0.0114 
     CX.10KL  9 0.0041 0.9862 0.0048 0.0050 
     CX.10KM  9 0.0034 0.9888 0.0024 0.0055 
     CX.10KT  9 0.0030 0.9895 0.0040 0.0035 
     CX.10KU  9 0.0025 0.9732 0.0094 0.0149 
     CX.10KX  9 0.0043 0.9798 0.0085 0.0074 
     CX.10L0  9 0.0109 0.7583 0.0072 0.2236 
     CX.10L6  9 0.0045 0.9807 0.0052 0.0095 
     CX.10L7  9 0.0045 0.9791 0.0094 0.0071 
     CX.10L8  9 0.0227 0.9065 0.0277 0.0431 
     CX.10LA  9 0.0033 0.9600 0.0137 0.0230 
     CX.10LE  9 0.0041 0.9842 0.0069 0.0048 
     CX.10LH  9 0.0043 0.9851 0.0067 0.0039 
     CX.10LK  9 0.0037 0.9716 0.0101 0.0146 
     CX.10LL  9 0.0030 0.9857 0.0061 0.0052 
     CX.10LP  9 0.0315 0.9509 0.0093 0.0083 
     CX.10LT  9 0.0106 0.9793 0.0027 0.0074 
     CX.10LU  9 0.0032 0.9808 0.0065 0.0095 
     CX.10M1  9 0.0044 0.9890 0.0033 0.0033 
     CX.10M2  9 0.0022 0.9885 0.0034 0.0059 
     CX.10M3  9 0.0088 0.9688 0.0113 0.0111 
     CX.10M5  9 0.0049 0.9720 0.0108 0.0123 
     CX.10M6  9 0.0038 0.9806 0.0058 0.0098 
     CX.10M7  9 0.0085 0.9376 0.0328 0.0211 
     CX.10M8  9 0.0035 0.9779 0.0038 0.0148 
     CX.10P3  9 0.0028 0.9343 0.0201 0.0427 
     CX.10P7  9 0.0032 0.9563 0.0053 0.0351 
     CX.10PC  9 0.0022 0.9756 0.0091 0.0130 
     CX.10PE  9 0.0025 0.9879 0.0034 0.0062 
     CX.10PU  9 0.0040 0.9740 0.0101 0.0119 
     CX.10PX  9 0.0033 0.9823 0.0070 0.0074 
     CX.10T0  9 0.0073 0.9818 0.0038 0.0071 
     CX.10T2  9 0.0019 0.9828 0.0074 0.0079 
     CX.10JT  9 0.0636 0.9173 0.0064 0.0128 
     CX.10JY  9 0.0028 0.9873 0.0033 0.0066 
     CX.10K4  9 0.0054 0.9821 0.0070 0.0055 
     CX.10KE  9 0.0031 0.9897 0.0034 0.0038 
     CX.10KY  9 0.0025 0.9899 0.0033 0.0043 
     CX.10L2  9 0.0053 0.9812 0.0041 0.0094 
     CX.10L3  9 0.0057 0.9481 0.0187 0.0276 
     CX.10LF  9 0.0035 0.9836 0.0055 0.0074 
     CX.10LM  9 0.0038 0.9019 0.0314 0.0629 
     CX.10LY  9 0.0082 0.9308 0.0292 0.0318 
     CX.10M0  9 0.0037 0.9837 0.0036 0.0090 
     CX.10MA  9 0.0050 0.8084 0.1561 0.0305 
     CK.0PLA 10 0.0255 0.0481 0.9198 0.0066 
     CK.0PLC 10 0.0496 0.1150 0.7978 0.0376 
     CK.0PLE 10 0.0083 0.1186 0.8282 0.0449 
     CK.0PLF 10 0.0029 0.0123 0.9794 0.0054 
     CK.0PLH 10 0.0226 0.0037 0.9683 0.0054 
     CK.0PLJ 10 0.0077 0.0972 0.8808 0.0143 
     CK.0PLK 10 0.0026 0.0062 0.9835 0.0077 
     CK.0PLL 10 0.1795 0.0097 0.7976 0.0132 
     CK.0PLM 10 0.0981 0.0767 0.8215 0.0037 
     CK.0PLP 10 0.1772 0.0091 0.8068 0.0069 
     CK.0PLT 10 0.0048 0.0171 0.9735 0.0046 
     CK.0PLU 10 0.0035 0.0058 0.9830 0.0077 
     CK.0PLX 10 0.1842 0.0456 0.7460 0.0243 
     CK.0PLY 10 0.0039 0.0205 0.9560 0.0196 
     CK.0PM0 10 0.0157 0.0797 0.5383 0.3663 
     CK.0PM1 10 0.0141 0.0609 0.9195 0.0054 
     CK.0PM2 10 0.0257 0.0279 0.9353 0.0111 
     CK.0PM3 10 0.0653 0.0679 0.8557 0.0111 
     CK.0PM4 10 0.0529 0.0461 0.8957 0.0053 
     CK.0PM7 10 0.0239 0.0158 0.9534 0.0069 
     CK.0PM8 10 0.0065 0.0078 0.9805 0.0052 
     CK.0PMA 10 0.0568 0.0419 0.8774 0.0238 
       M2C06 10 0.0058 0.0110 0.9784 0.0049 
       M2C07 10 0.0040 0.0068 0.9863 0.0029 
       M2C08 10 0.0041 0.0033 0.9894 0.0032 
       M2C0A 10 0.0052 0.0052 0.9828 0.0068 
       M2C0C 10 0.0471 0.1218 0.8250 0.0060 
       M2C0E 10 0.0040 0.0037 0.9872 0.0051 
     EF.15EU 11 0.0050 0.9865 0.0046 0.0039 
     EF.15EE 11 0.0090 0.9841 0.0030 0.0039 
     EF.15EF 11 0.0040 0.9876 0.0051 0.0033 
     EF.15EH 11 0.0037 0.9895 0.0030 0.0037 
     EF.15EJ 11 0.0043 0.9881 0.0032 0.0044 
     EF.15EK 11 0.0097 0.9820 0.0037 0.0046 
     EF.15EL 11 0.0555 0.9327 0.0059 0.0059 
     EF.15EM 11 0.0059 0.9841 0.0041 0.0060 
     EF.15EP 11 0.0123 0.9790 0.0047 0.0040 
     EF.15ET 11 0.1737 0.8192 0.0032 0.0039 
     EF.15EX 11 0.0039 0.9894 0.0030 0.0038 
     EF.15F0 11 0.0208 0.9742 0.0024 0.0026 
     EF.15F1 11 0.0142 0.9749 0.0032 0.0077 
     EF.15F2 11 0.0096 0.9808 0.0057 0.0039 
     EF.15F3 11 0.0046 0.9868 0.0035 0.0051 
     EF.15F4 11 0.0032 0.9899 0.0041 0.0027 
     EF.15F5 11 0.0328 0.9600 0.0036 0.0035 
     EF.15F6 11 0.0032 0.9912 0.0032 0.0024 
     EF.15FC 11 0.0063 0.9774 0.0083 0.0080 
     EF.15FE 11 0.0310 0.9600 0.0056 0.0035 
     EF.15FF 11 0.0044 0.9851 0.0053 0.0052 
     EF.15FH 11 0.0027 0.9879 0.0048 0.0046 
     EF.15FJ 11 0.0051 0.9834 0.0046 0.0069 
     EF.15FK 11 0.0420 0.9506 0.0041 0.0033 
     EF.15FL 11 0.0032 0.9896 0.0029 0.0042 
     EF.15FM 11 0.0048 0.9884 0.0035 0.0033 
     EF.15FP 11 0.0050 0.9870 0.0034 0.0046 
      CC00K0 12 0.0026 0.9892 0.0040 0.0041 
      CC01AY 12 0.0030 0.9851 0.0063 0.0057 
      CC01EE 12 0.0044 0.9751 0.0094 0.0111 
      CC03KH 12 0.0036 0.9851 0.0055 0.0058 
      CC04FK 12 0.0105 0.9591 0.0082 0.0222 
      CC04H8 12 0.0062 0.9580 0.0178 0.0180 
      CC05EL 12 0.0063 0.9738 0.0040 0.0159 
      CC05EM 12 0.0021 0.9869 0.0064 0.0047 
      CC05EX 12 0.0024 0.9862 0.0051 0.0063 
      CC05H2 12 0.0021 0.9647 0.0252 0.0080 
      CC05HP 12 0.0027 0.9608 0.0227 0.0138 
      CC05X0 12 0.0043 0.9865 0.0037 0.0056 
      CC05X7 12 0.0037 0.9793 0.0100 0.0071 
      CC0637 12 0.0026 0.9785 0.0112 0.0077 
      CC0640 12 0.0038 0.9802 0.0078 0.0083 
      FCC01M 12 0.0026 0.9803 0.0118 0.0053 
      FCC2JC 12 0.0482 0.9381 0.0066 0.0071 
      CC00JM 12 0.0244 0.9497 0.0123 0.0136 
      CC00T6 12 0.0085 0.8893 0.0488 0.0534 
      CC00T7 12 0.0033 0.9627 0.0131 0.0209 
      CC00TC 12 0.0074 0.9690 0.0198 0.0038 
      CC01CJ 12 0.0090 0.8415 0.1422 0.0073 
      CC01CY 12 0.0038 0.9711 0.0169 0.0083 
      CC01EC 12 0.0043 0.9843 0.0051 0.0062 
      CC01EH 12 0.0101 0.9773 0.0069 0.0057 
      CC01F2 12 0.0054 0.9518 0.0164 0.0263 
      CC01FL 12 0.0042 0.9532 0.0353 0.0073 
      CC025E 12 0.0083 0.9786 0.0068 0.0063 
      CC03E3 12 0.0058 0.9500 0.0394 0.0048 
      CC04AU 12 0.0028 0.9849 0.0078 0.0045 
      CC04EK 12 0.0033 0.9754 0.0155 0.0059 
      CC05FX 12 0.0028 0.9824 0.0086 0.0062 
      CC05H7 12 0.0055 0.9745 0.0106 0.0095 
      CC05M5 12 0.0035 0.9856 0.0054 0.0055 
      CC05YK 12 0.0081 0.9723 0.0131 0.0064 
      CC0630 12 0.0048 0.9694 0.0123 0.0135 
      CC066E 12 0.0060 0.9725 0.0101 0.0114 
      CC01ET 12 0.0082 0.9692 0.0154 0.0072 
      CC01F1 12 0.0070 0.9711 0.0126 0.0093 
      CC063M 12 0.0113 0.9721 0.0079 0.0087 
