       M1EL5  1 0.0051 0.0052 0.0035 0.0027 0.0026 0.9737 0.0072 
       W26T6  1 0.0189 0.0066 0.0104 0.0079 0.0042 0.9476 0.0044 
       W26XX  1 0.0019 0.0030 0.0032 0.0021 0.0026 0.9838 0.0034 
       M013P  1 0.0020 0.0029 0.0019 0.0032 0.0015 0.9850 0.0035 
       M1ELA  1 0.0071 0.0166 0.0037 0.0139 0.0132 0.8983 0.0471 
       M2C73  1 0.0047 0.0033 0.0030 0.0026 0.0020 0.9800 0.0043 
       W23P4  1 0.0347 0.0060 0.0087 0.0050 0.0702 0.8725 0.0028 
       W247C  1 0.0024 0.0022 0.0019 0.0025 0.0020 0.9863 0.0027 
       W24K1  1 0.0019 0.0017 0.0022 0.0021 0.0022 0.9877 0.0022 
       W24ME  1 0.0154 0.0045 0.0187 0.0055 0.0062 0.9468 0.0028 
       W2514  1 0.0059 0.0037 0.0036 0.0030 0.0062 0.9750 0.0025 
       W26MA  1 0.0042 0.0041 0.0081 0.0066 0.0057 0.9684 0.0028 
       W26MM  1 0.0021 0.0034 0.0026 0.0053 0.0027 0.9821 0.0017 
       W26MU  1 0.0052 0.0042 0.0045 0.0027 0.0025 0.9777 0.0032 
       W26P0  1 0.0036 0.0051 0.0061 0.0028 0.0020 0.9781 0.0023 
       W26P3  1 0.0016 0.0026 0.0017 0.0020 0.0019 0.9865 0.0038 
       W26T5  1 0.0022 0.0020 0.0021 0.0018 0.0020 0.9885 0.0016 
       W26TE  1 0.0057 0.0106 0.0034 0.0045 0.0047 0.9652 0.0059 
       W26TF  1 0.0019 0.0023 0.0019 0.0132 0.0021 0.9707 0.0080 
       W26U8  1 0.0066 0.0122 0.0128 0.0065 0.0142 0.9401 0.0074 
       W26UJ  1 0.0027 0.0018 0.0021 0.0031 0.0016 0.9871 0.0016 
       W26UK  1 0.0018 0.0020 0.0018 0.0016 0.0016 0.9881 0.0031 
       W26UT  1 0.0023 0.0016 0.0016 0.0022 0.0021 0.9843 0.0060 
       W26XT  1 0.0022 0.0028 0.0023 0.0058 0.0022 0.9740 0.0106 
      CC06H2  1 0.0053 0.0039 0.0098 0.0078 0.0205 0.9495 0.0031 
      CC06H4  1 0.0037 0.0025 0.0020 0.0057 0.0026 0.9807 0.0029 
      CC06H5  1 0.0098 0.0129 0.0077 0.0041 0.0123 0.9470 0.0062 
      CC06H6  1 0.0041 0.0087 0.0027 0.0016 0.0040 0.9738 0.0051 
      CC06HE  1 0.0025 0.0029 0.0019 0.0022 0.0019 0.9847 0.0039 
      CC06HF  1 0.0160 0.0043 0.0040 0.0087 0.0079 0.9469 0.0122 
      CC06HH  1 0.0019 0.0025 0.0023 0.0019 0.0030 0.9830 0.0054 
      CC06HJ  1 0.0039 0.0306 0.0034 0.0098 0.0024 0.9468 0.0030 
      CC06HL  1 0.0016 0.0025 0.0015 0.0021 0.0017 0.9876 0.0029 
      CC06HP  1 0.0021 0.0018 0.0018 0.0018 0.0016 0.9832 0.0075 
      CC06HT  1 0.0056 0.0066 0.0046 0.0050 0.0056 0.9434 0.0291 
      CC06HU  1 0.0020 0.0176 0.0018 0.0029 0.0027 0.9691 0.0041 
      CC06HY  1 0.0054 0.0041 0.0037 0.0078 0.0110 0.9644 0.0036 
      CC06J0  1 0.0043 0.0029 0.0036 0.0073 0.0029 0.9765 0.0025 
      CC06J1  1 0.0109 0.0063 0.0058 0.0049 0.0032 0.9661 0.0029 
      CC06J2  1 0.0025 0.0036 0.0031 0.0036 0.0022 0.9782 0.0067 
     CT.0YCY  1 0.0029 0.0031 0.0028 0.0027 0.0034 0.9821 0.0030 
     CT.0YEC  1 0.0017 0.0017 0.0017 0.0028 0.0015 0.9882 0.0024 
     CT.0YEF  1 0.0033 0.0031 0.0028 0.0020 0.0034 0.9830 0.0024 
     CT.0YEU  1 0.0018 0.0019 0.0020 0.0015 0.0020 0.9892 0.0016 
     CT.0YF2  1 0.0042 0.0057 0.0075 0.0048 0.0030 0.9722 0.0026 
     CT.0YF8  1 0.0020 0.0021 0.0021 0.0013 0.0016 0.9868 0.0041 
     CT.0YFA  1 0.0034 0.0058 0.0067 0.0015 0.0031 0.9757 0.0037 
     CT.0YFE  1 0.0041 0.0036 0.0049 0.0027 0.0034 0.9748 0.0066 
     CT.0YFP  1 0.0039 0.0035 0.0171 0.0095 0.0019 0.9624 0.0018 
     CT.0YFU  1 0.0029 0.0025 0.0037 0.0024 0.0028 0.9827 0.0030 
     CT.0YK7  1 0.0038 0.0024 0.0041 0.0061 0.0043 0.9761 0.0032 
     CX.10PT  1 0.0068 0.0050 0.0064 0.0198 0.0141 0.9404 0.0076 
      DAM021  1 0.0061 0.0026 0.0028 0.0026 0.0099 0.9502 0.0257 
      DAM034  1 0.0060 0.0036 0.0035 0.0016 0.0038 0.9786 0.0030 
      DAM07X  1 0.0027 0.0028 0.0059 0.0020 0.0037 0.9804 0.0025 
     EF.15J6  1 0.0021 0.0032 0.0023 0.0021 0.0023 0.9849 0.0031 
      HRV010  1 0.0024 0.0061 0.0023 0.0044 0.0024 0.9798 0.0026 
      HRV02J  1 0.0046 0.0058 0.0061 0.0030 0.0027 0.9737 0.0041 
      HRV078  1 0.0055 0.0025 0.0032 0.0037 0.0032 0.9774 0.0044 
      HRV0FH  1 0.0025 0.0026 0.0041 0.0022 0.0019 0.9849 0.0018 
      HRV0H5  1 0.0039 0.0031 0.0029 0.0029 0.0039 0.9784 0.0049 
      HRV0JF  1 0.0350 0.0048 0.0054 0.0024 0.0029 0.9468 0.0027 
      HRV0JJ  1 0.0058 0.0040 0.0039 0.0026 0.0043 0.9767 0.0026 
      HRV0JM  1 0.0052 0.0028 0.0032 0.0020 0.0023 0.9807 0.0038 
      HRV0K6  1 0.0078 0.0176 0.0075 0.0156 0.0060 0.9427 0.0028 
      HRV0K7  1 0.0023 0.0096 0.0028 0.0023 0.0017 0.9752 0.0062 
      HRV0KP  1 0.0043 0.0055 0.0034 0.0104 0.0041 0.9653 0.0071 
      HRV1AX  1 0.0109 0.0045 0.0059 0.0034 0.0072 0.9565 0.0116 
      HRV1C4  1 0.0055 0.0024 0.0042 0.0018 0.0121 0.9720 0.0020 
      HRV1CH  1 0.0052 0.0062 0.0046 0.0028 0.0029 0.9754 0.0029 
      HRV1FA  1 0.0032 0.0083 0.0039 0.0034 0.0050 0.9681 0.0081 
      HRV1FK  1 0.0053 0.0036 0.0027 0.0079 0.0050 0.9726 0.0029 
      HRV1H8  1 0.0025 0.0033 0.0028 0.0020 0.0030 0.9784 0.0080 
      HRV1HT  1 0.0062 0.0043 0.0044 0.0047 0.0048 0.9715 0.0041 
      HRV1XU  1 0.0034 0.0022 0.0036 0.0157 0.0030 0.9675 0.0046 
      HRV4TF  1 0.0020 0.0052 0.0022 0.0029 0.0024 0.9154 0.0699 
      HRV6F0  1 0.0035 0.0027 0.0026 0.0034 0.0025 0.9748 0.0106 
      HRVE6L  1 0.0053 0.0043 0.0039 0.0061 0.0031 0.9376 0.0397 
       M27HM  1 0.0055 0.0032 0.0046 0.0022 0.0029 0.9767 0.0049 
       M27HP  1 0.0020 0.0021 0.0021 0.0020 0.0022 0.9875 0.0022 
       M2AK4  1 0.0024 0.0020 0.0022 0.0025 0.0022 0.9864 0.0024 
       M2ALA  1 0.0021 0.0021 0.0021 0.0024 0.0022 0.9870 0.0022 
       M2C56  1 0.0052 0.0045 0.0052 0.0034 0.0035 0.9654 0.0129 
       M2CUX  1 0.0072 0.0048 0.0055 0.0054 0.0026 0.9719 0.0027 
       M2E24  1 0.0024 0.0022 0.0026 0.0019 0.0020 0.9871 0.0019 
       M2EA7  1 0.0026 0.0021 0.0027 0.0028 0.0026 0.9849 0.0024 
       M2EH6  1 0.0022 0.0035 0.0021 0.0023 0.0032 0.9843 0.0024 
       M2EKC  1 0.0092 0.0158 0.0026 0.0066 0.0037 0.8152 0.1470 
      MSV083  1 0.0030 0.0068 0.0032 0.0175 0.0020 0.9620 0.0054 
      MSV084  1 0.0036 0.0118 0.0059 0.0025 0.0034 0.9673 0.0055 
      MSV0LJ  1 0.0064 0.0033 0.0035 0.0029 0.0024 0.9768 0.0046 
      MSV1H5  1 0.0054 0.0111 0.0041 0.0025 0.0089 0.9641 0.0041 
      MSV1KM  1 0.0021 0.0019 0.0025 0.0019 0.0019 0.9873 0.0024 
      MSV23F  1 0.0030 0.0043 0.0024 0.0103 0.0027 0.9641 0.0132 
      MSV2L8  1 0.0050 0.0022 0.0033 0.0032 0.0018 0.9817 0.0028 
      MSV2P7  1 0.0027 0.0019 0.0027 0.0026 0.0025 0.9859 0.0018 
      MSV2TJ  1 0.0039 0.0044 0.0092 0.0016 0.0037 0.9732 0.0040 
      MSV2XM  1 0.0032 0.0036 0.0036 0.0041 0.0033 0.9776 0.0045 
      MSV327  1 0.0027 0.0034 0.0025 0.0032 0.0025 0.9834 0.0023 
      MSV33L  1 0.0018 0.0023 0.0018 0.0018 0.0021 0.9883 0.0019 
      MSV1TX  2 0.0108 0.0041 0.0209 0.0041 0.3683 0.5890 0.0029 
      MSV025  2 0.7856 0.0082 0.0084 0.0101 0.0291 0.1365 0.0220 
      MSV02C  2 0.5587 0.0047 0.0162 0.0128 0.0740 0.3106 0.0230 
      MSV02E  2 0.6989 0.0031 0.0165 0.0081 0.0086 0.2205 0.0444 
      MSV0TF  2 0.8468 0.0030 0.0048 0.0036 0.0045 0.1348 0.0024 
       M2EL8  2 0.7257 0.0042 0.0148 0.0448 0.0521 0.1328 0.0256 
      MSV21T  3 0.9655 0.0031 0.0067 0.0028 0.0112 0.0029 0.0078 
       M2E71  3 0.8774 0.0076 0.0034 0.0024 0.0615 0.0091 0.0386 
       W23CA  4 0.9745 0.0063 0.0069 0.0019 0.0038 0.0020 0.0047 
     AP.085Y  4 0.9709 0.0040 0.0073 0.0050 0.0057 0.0029 0.0042 
     CH.0LLY  4 0.9803 0.0034 0.0025 0.0027 0.0020 0.0036 0.0054 
       M0LEC  4 0.9517 0.0098 0.0260 0.0018 0.0066 0.0020 0.0022 
       M2C3H  4 0.9806 0.0029 0.0027 0.0032 0.0026 0.0020 0.0060 
       M2CHL  4 0.9841 0.0026 0.0018 0.0023 0.0016 0.0035 0.0042 
       W26P7  4 0.9799 0.0029 0.0054 0.0021 0.0022 0.0024 0.0051 
     AP.07M5  4 0.3380 0.0185 0.5132 0.0971 0.0222 0.0060 0.0050 
     AP.080U  4 0.9795 0.0037 0.0057 0.0018 0.0031 0.0026 0.0036 
     AP.082A  4 0.9608 0.0042 0.0219 0.0036 0.0049 0.0022 0.0025 
     AP.0843  4 0.9751 0.0059 0.0055 0.0043 0.0034 0.0039 0.0019 
     AP.0844  4 0.9714 0.0030 0.0060 0.0021 0.0028 0.0106 0.0042 
     AP.084X  4 0.9846 0.0025 0.0030 0.0026 0.0031 0.0022 0.0020 
     AP.086Y  4 0.9853 0.0024 0.0029 0.0022 0.0021 0.0018 0.0033 
     AP.0870  4 0.9517 0.0055 0.0079 0.0022 0.0057 0.0037 0.0232 
     AP.0878  4 0.9810 0.0033 0.0032 0.0023 0.0020 0.0025 0.0057 
     AP.087F  4 0.9851 0.0030 0.0038 0.0017 0.0019 0.0020 0.0026 
     AP.087Y  4 0.9849 0.0025 0.0022 0.0020 0.0017 0.0031 0.0037 
     AP.088P  4 0.3156 0.0135 0.6274 0.0065 0.0253 0.0066 0.0052 
     AP.08AK  4 0.9264 0.0032 0.0230 0.0197 0.0199 0.0055 0.0023 
     CH.0LLM  4 0.9705 0.0021 0.0032 0.0047 0.0128 0.0021 0.0046 
     CH.0LLU  4 0.9578 0.0039 0.0033 0.0056 0.0146 0.0093 0.0055 
     CH.0LM0  4 0.9722 0.0050 0.0043 0.0056 0.0025 0.0077 0.0026 
     CH.0LM3  4 0.0115 0.0062 0.9583 0.0096 0.0065 0.0054 0.0024 
       W26MY  4 0.7549 0.0084 0.0701 0.0533 0.0042 0.0913 0.0179 
       W26P6  4 0.3260 0.0481 0.5581 0.0063 0.0080 0.0503 0.0032 
      HRV07U  4 0.2212 0.0895 0.5786 0.0038 0.0112 0.0148 0.0809 
      HRV1CT  4 0.9724 0.0030 0.0107 0.0032 0.0055 0.0024 0.0029 
      HRV1CU  4 0.5625 0.0057 0.2824 0.0052 0.1344 0.0021 0.0078 
      HRV1E6  4 0.9007 0.0131 0.0500 0.0044 0.0204 0.0024 0.0089 
      HRV081  4 0.4952 0.0030 0.4431 0.0104 0.0444 0.0017 0.0022 
      HRV1E3  4 0.0268 0.0109 0.9453 0.0021 0.0073 0.0037 0.0040 
      MSV21E  4 0.9640 0.0026 0.0070 0.0053 0.0135 0.0027 0.0050 
      MSV216  4 0.8363 0.0032 0.0066 0.0071 0.0083 0.0027 0.1359 
       M0TYK  4 0.0403 0.0052 0.9073 0.0053 0.0058 0.0307 0.0052 
      MSV2AA  4 0.9152 0.0028 0.0066 0.0029 0.0625 0.0058 0.0043 
     CK.0PET  4 0.9546 0.0028 0.0033 0.0055 0.0045 0.0101 0.0193 
       M2E8C  4 0.0263 0.0031 0.0040 0.0040 0.9572 0.0025 0.0029 
      MSV23X  4 0.9573 0.0025 0.0061 0.0046 0.0218 0.0029 0.0049 
      MSV32A  4 0.9080 0.0089 0.0185 0.0025 0.0402 0.0035 0.0185 
     AP.0838  4 0.8777 0.0110 0.0191 0.0016 0.0092 0.0032 0.0781 
     AP.088F  4 0.8158 0.1041 0.0346 0.0025 0.0182 0.0044 0.0204 
      DAM2HL  5 0.8863 0.0247 0.0351 0.0034 0.0415 0.0031 0.0058 
       M2ALK  5 0.0108 0.0065 0.2377 0.0029 0.4395 0.0035 0.2992 
       M2E2J  5 0.0091 0.0025 0.9324 0.0223 0.0079 0.0234 0.0023 
       M2E73  5 0.0134 0.0044 0.9568 0.0037 0.0147 0.0024 0.0045 
       M2E74  5 0.0046 0.0080 0.0169 0.0024 0.7162 0.0032 0.2488 
       M2EUJ  5 0.0498 0.1323 0.3256 0.0033 0.0899 0.0026 0.3965 
      DAM1XK  5 0.8499 0.0279 0.0466 0.0033 0.0637 0.0033 0.0053 
       M2057  5 0.0031 0.0030 0.9839 0.0015 0.0038 0.0021 0.0027 
       M2271  5 0.0034 0.0044 0.0336 0.1301 0.8204 0.0019 0.0061 
       M27YK  5 0.0152 0.0717 0.7663 0.0017 0.0047 0.0396 0.1008 
       M2A1H  5 0.0042 0.0025 0.0030 0.4456 0.5383 0.0019 0.0046 
       M2E0P  5 0.0252 0.0035 0.0390 0.0047 0.9224 0.0021 0.0031 
       M2E75  5 0.0133 0.0177 0.0088 0.0060 0.9496 0.0017 0.0028 
       M2E76  5 0.0045 0.0050 0.0204 0.0019 0.9558 0.0031 0.0093 
      MSV0T5  5 0.0084 0.0043 0.8143 0.0040 0.1649 0.0020 0.0021 
      MSV241  5 0.0130 0.0068 0.0098 0.0032 0.9613 0.0033 0.0027 
      MSV2A0  5 0.0058 0.0041 0.0056 0.0061 0.9710 0.0037 0.0037 
      MSV2A1  5 0.0025 0.0024 0.0038 0.0025 0.9850 0.0015 0.0022 
      MSV2A8  5 0.0337 0.0042 0.0061 0.0026 0.9417 0.0023 0.0093 
      DAM1P5  5 0.0046 0.0020 0.0081 0.0017 0.9807 0.0013 0.0017 
       M1084  5 0.0245 0.0051 0.9538 0.0026 0.0069 0.0022 0.0049 
      MSV2M4  5 0.0111 0.0069 0.0055 0.0045 0.9653 0.0026 0.0041 
      MSV2T6  5 0.0054 0.0063 0.0047 0.0256 0.9514 0.0032 0.0033 
       M1UM1  5 0.0108 0.0246 0.9266 0.0052 0.0185 0.0056 0.0086 
       M2ECL  5 0.1291 0.0270 0.1220 0.0019 0.6767 0.0150 0.0283 
       M2EJ0  5 0.6126 0.0686 0.0105 0.0021 0.3005 0.0020 0.0036 
      MSV20J  5 0.0462 0.0087 0.0066 0.0047 0.9240 0.0021 0.0076 
      MSV2TK  5 0.1152 0.0125 0.1783 0.0019 0.6562 0.0121 0.0239 
      MSV2TX  5 0.0414 0.0038 0.0124 0.0027 0.9328 0.0018 0.0052 
      MSV310  5 0.0057 0.0028 0.0075 0.0037 0.9739 0.0033 0.0031 
      MSV33F  5 0.0043 0.0035 0.0107 0.0081 0.9672 0.0032 0.0030 
      DAM35L  5 0.0102 0.0060 0.0047 0.0083 0.9664 0.0019 0.0025 
       M2E4C  5 0.0825 0.0040 0.0090 0.0026 0.8913 0.0022 0.0084 
       M2E4H  5 0.0664 0.0103 0.8851 0.0044 0.0229 0.0080 0.0028 
       M2E65  5 0.0044 0.0109 0.0055 0.0024 0.9526 0.0032 0.0209 
       M2EEJ  5 0.0035 0.0019 0.0039 0.0037 0.9827 0.0021 0.0022 
       M2EEP  5 0.0432 0.0073 0.0092 0.0101 0.9177 0.0034 0.0091 
      MSV1TU  5 0.7977 0.0034 0.0184 0.0045 0.1692 0.0037 0.0032 
      MSV20M  5 0.0270 0.0067 0.0095 0.0040 0.9438 0.0020 0.0070 
      MSV223  5 0.0087 0.0040 0.9729 0.0030 0.0065 0.0025 0.0023 
      MSV22E  5 0.0074 0.0073 0.0496 0.0043 0.9239 0.0028 0.0047 
      MSV23J  5 0.0122 0.0035 0.9722 0.0027 0.0051 0.0022 0.0021 
      MSV2K6  5 0.0062 0.0028 0.0065 0.0036 0.9764 0.0020 0.0026 
      DAM23U  5 0.1956 0.0047 0.0656 0.0065 0.7032 0.0084 0.0159 
       M2E8A  5 0.0073 0.0031 0.0045 0.0054 0.9736 0.0020 0.0041 
      MSV2L2  5 0.0073 0.0028 0.0042 0.0084 0.9717 0.0025 0.0030 
       M1YMH  5 0.0616 0.0095 0.2781 0.0140 0.6252 0.0073 0.0043 
       M2A84  5 0.6233 0.0037 0.0200 0.0064 0.3370 0.0061 0.0035 
      MSV23M  5 0.0169 0.0378 0.9220 0.0029 0.0116 0.0034 0.0054 
     AP.085T  5 0.0135 0.0043 0.0753 0.0051 0.8963 0.0019 0.0036 
     AP.086J  5 0.0437 0.8619 0.0128 0.0074 0.0431 0.0027 0.0284 
     AP.08C2  5 0.5262 0.3624 0.0134 0.0317 0.0074 0.0194 0.0395 
     AP.08CF  5 0.0168 0.0127 0.0930 0.0075 0.8626 0.0021 0.0053 
     AP.08CX  5 0.0048 0.0030 0.0053 0.0020 0.9808 0.0015 0.0025 
     AP.08CY  5 0.0055 0.0242 0.0891 0.0028 0.8250 0.0071 0.0463 
      DAM0JX  5 0.7578 0.0101 0.0113 0.0099 0.2045 0.0025 0.0039 
      DAM0P4  5 0.0058 0.0033 0.9755 0.0045 0.0066 0.0019 0.0025 
      DAM0UK  5 0.0091 0.0555 0.4573 0.0031 0.4646 0.0042 0.0061 
       M2030  5 0.0033 0.0151 0.4972 0.0254 0.4530 0.0020 0.0040 
      MSV24M  5 0.0230 0.0156 0.0230 0.0030 0.9287 0.0031 0.0036 
       M20AM  5 0.0928 0.1908 0.4389 0.0024 0.1136 0.0029 0.1586 
       M21YP  5 0.0023 0.0025 0.0029 0.0021 0.0025 0.0022 0.9855 
       M2205  5 0.0048 0.0043 0.0063 0.0037 0.9767 0.0014 0.0028 
       M2206  5 0.0062 0.0173 0.4202 0.0057 0.5427 0.0021 0.0058 
      MSV267  5 0.0134 0.0195 0.0066 0.0034 0.9522 0.0022 0.0027 
       M2757  5 0.0606 0.0391 0.5694 0.0031 0.1475 0.0033 0.1770 
       M27TH  5 0.0039 0.0038 0.9801 0.0016 0.0048 0.0018 0.0040 
      MSV2JA  5 0.2318 0.0058 0.0085 0.2602 0.3993 0.0057 0.0886 
      MSV2KU  5 0.0029 0.0091 0.0469 0.0206 0.8892 0.0037 0.0276 
      MSV2MF  5 0.0819 0.0118 0.0158 0.0065 0.7980 0.0029 0.0832 
      MSV2TA  5 0.0036 0.0025 0.0050 0.0019 0.9827 0.0016 0.0028 
      MSV2TE  5 0.0051 0.0025 0.0672 0.0027 0.9181 0.0015 0.0029 
      MSV2TU  5 0.0326 0.0315 0.2033 0.0033 0.7156 0.0095 0.0041 
      MSV2UT  5 0.0066 0.0115 0.5646 0.0030 0.2896 0.0045 0.1202 
      MSV306  5 0.0067 0.0080 0.0073 0.0022 0.9679 0.0026 0.0053 
      MSV311  5 0.0084 0.0164 0.0037 0.0023 0.9643 0.0016 0.0034 
      MSV31M  5 0.1485 0.0616 0.0186 0.0033 0.7555 0.0042 0.0083 
      MSV325  5 0.0296 0.0035 0.0122 0.0099 0.9393 0.0025 0.0030 
      MSV32H  5 0.0124 0.0075 0.0131 0.0097 0.9471 0.0043 0.0059 
     CX.112U  5 0.0108 0.0236 0.0098 0.0028 0.9430 0.0031 0.0068 
      DAM2PC  5 0.0109 0.0017 0.0028 0.7513 0.2296 0.0015 0.0023 
       M2E48  5 0.0090 0.0037 0.0166 0.0032 0.9609 0.0022 0.0043 
       M2E7K  5 0.0151 0.0045 0.0182 0.0036 0.9507 0.0024 0.0056 
       M2E80  5 0.0054 0.0032 0.0057 0.0041 0.9753 0.0021 0.0041 
       M2EAM  5 0.0111 0.0068 0.2421 0.0033 0.7263 0.0016 0.0087 
       M2EFF  5 0.0043 0.0026 0.0031 0.0026 0.9780 0.0033 0.0062 
       M2EFY  5 0.0062 0.0026 0.9634 0.0016 0.0198 0.0018 0.0046 
       M2EHM  5 0.0048 0.0100 0.0076 0.0051 0.9678 0.0019 0.0028 
       M2EK0  5 0.5080 0.0636 0.2699 0.0106 0.1398 0.0027 0.0055 
       M2EK1  5 0.2188 0.0103 0.1140 0.0048 0.6438 0.0019 0.0065 
      MSV22F  5 0.0787 0.0123 0.0218 0.0070 0.8729 0.0025 0.0049 
      MSV273  5 0.0037 0.0024 0.0034 0.0020 0.9817 0.0030 0.0038 
      MSV0TL  5 0.0569 0.0123 0.0879 0.7069 0.1228 0.0047 0.0085 
      MSV0TT  5 0.0030 0.0023 0.0035 0.0030 0.9828 0.0021 0.0033 
      MSV12H  5 0.0877 0.0059 0.8818 0.0030 0.0091 0.0020 0.0105 
      MSV1TH  5 0.0032 0.0148 0.1613 0.0366 0.7216 0.0035 0.0590 
      MSV275  5 0.0022 0.0024 0.0027 0.0066 0.9804 0.0025 0.0032 
      MSV286  5 0.0054 0.0081 0.0069 0.0032 0.9540 0.0050 0.0174 
      MSV2H4  5 0.0052 0.0030 0.0046 0.0022 0.9799 0.0017 0.0035 
      MSV2K8  5 0.0047 0.0272 0.4798 0.0050 0.4716 0.0023 0.0093 
      MSV2PM  5 0.0046 0.0020 0.0082 0.0017 0.9806 0.0013 0.0017 
      MSV2X3  5 0.0140 0.0030 0.0548 0.0039 0.9207 0.0014 0.0022 
      MSV2X4  5 0.0084 0.0076 0.0051 0.0084 0.9614 0.0046 0.0045 
      MSV30U  5 0.0120 0.0027 0.0497 0.0037 0.9278 0.0014 0.0026 
     CX.111C  5 0.0504 0.0033 0.5010 0.0064 0.4346 0.0018 0.0024 
     AP.07M2  6 0.4453 0.0162 0.4872 0.0099 0.0062 0.0314 0.0036 
      HRV05C  6 0.0786 0.0047 0.8916 0.0106 0.0073 0.0048 0.0024 
      HRV077  6 0.0925 0.0167 0.7486 0.0162 0.0358 0.0056 0.0846 
      HRV0A0  6 0.0318 0.0043 0.0541 0.0031 0.8976 0.0061 0.0030 
      HRV0MC  6 0.0076 0.0029 0.9739 0.0070 0.0043 0.0020 0.0023 
      HRV00P  6 0.0028 0.0034 0.0035 0.0033 0.9824 0.0015 0.0031 
      HRV01J  6 0.0037 0.0025 0.0030 0.0038 0.9817 0.0021 0.0033 
      HRV026  6 0.0027 0.0026 0.0034 0.0046 0.9828 0.0018 0.0019 
      HRV02C  6 0.0136 0.0027 0.0054 0.0029 0.9717 0.0015 0.0022 
      HRV031  6 0.0108 0.0066 0.2403 0.0038 0.7341 0.0018 0.0026 
      HRV033  6 0.0107 0.0067 0.2413 0.0038 0.7332 0.0018 0.0025 
      HRV05L  6 0.4841 0.2545 0.0355 0.0052 0.2135 0.0019 0.0053 
      HRV06A  6 0.0066 0.0038 0.0127 0.0035 0.9677 0.0020 0.0038 
      HRV07P  6 0.9172 0.0055 0.0559 0.0041 0.0123 0.0019 0.0033 
      HRV0HC  6 0.4139 0.0040 0.5510 0.0041 0.0126 0.0093 0.0052 
      HRV0HU  6 0.0544 0.2567 0.2932 0.0071 0.3806 0.0042 0.0038 
      HRV0K1  6 0.0121 0.0085 0.0067 0.0044 0.9633 0.0018 0.0032 
      HRV0M6  6 0.0030 0.0160 0.0029 0.0045 0.9647 0.0046 0.0043 
      HRV0M7  6 0.0094 0.0046 0.9717 0.0022 0.0057 0.0021 0.0043 
      HRV0MK  6 0.0031 0.0045 0.0041 0.0020 0.9814 0.0015 0.0034 
      HRV1C7  6 0.0113 0.0486 0.0098 0.0048 0.9199 0.0020 0.0036 
      HRV1EA  6 0.9131 0.0036 0.0248 0.0019 0.0424 0.0054 0.0088 
       M147K  6 0.0060 0.0023 0.0298 0.0048 0.9523 0.0014 0.0034 
      HRV008  6 0.0057 0.0029 0.9759 0.0063 0.0058 0.0016 0.0018 
      HRV015  6 0.0032 0.0023 0.0043 0.0061 0.9793 0.0026 0.0022 
      HRV01F  6 0.0037 0.0033 0.0053 0.0035 0.9775 0.0034 0.0034 
      HRV01L  6 0.0024 0.0029 0.0032 0.0034 0.9842 0.0017 0.0021 
      HRV01M  6 0.0074 0.0102 0.9538 0.0067 0.0139 0.0024 0.0056 
      HRV020  6 0.0019 0.0020 0.0023 0.0049 0.9839 0.0024 0.0026 
      HRV022  6 0.0033 0.0025 0.0034 0.0046 0.9794 0.0039 0.0029 
      HRV02A  6 0.0025 0.0023 0.0033 0.0024 0.9844 0.0026 0.0026 
      HRV02K  6 0.0019 0.0029 0.0021 0.0062 0.9807 0.0034 0.0028 
      HRV04C  6 0.0045 0.0024 0.0114 0.0039 0.9731 0.0018 0.0030 
      HRV05H  6 0.0057 0.0154 0.9567 0.0025 0.0067 0.0033 0.0096 
      HRV076  6 0.0488 0.0092 0.9015 0.0064 0.0172 0.0070 0.0098 
      HRV07H  6 0.9731 0.0032 0.0114 0.0023 0.0063 0.0014 0.0024 
      HRV07X  6 0.7101 0.0128 0.1875 0.0019 0.0756 0.0073 0.0047 
      HRV080  6 0.9811 0.0023 0.0042 0.0022 0.0071 0.0015 0.0017 
      HRV086  6 0.0080 0.0075 0.9065 0.0073 0.0637 0.0023 0.0047 
      HRV0H3  6 0.0036 0.0034 0.0030 0.0038 0.9802 0.0023 0.0037 
      HRV0J3  6 0.0044 0.0033 0.9813 0.0018 0.0040 0.0020 0.0033 
      HRV0JX  6 0.0070 0.0040 0.9700 0.0058 0.0042 0.0045 0.0045 
      HRV0ML  6 0.0152 0.0036 0.0094 0.0062 0.9617 0.0015 0.0023 
      HRV1E8  6 0.9505 0.0063 0.0150 0.0029 0.0187 0.0021 0.0046 
      HRV007  6 0.0657 0.0245 0.8304 0.0055 0.0552 0.0034 0.0152 
      HRV005  6 0.0048 0.0047 0.9656 0.0042 0.0108 0.0023 0.0076 
      HRV05U  6 0.0234 0.0604 0.9007 0.0058 0.0050 0.0020 0.0027 
      HRV01U  6 0.0150 0.0042 0.9662 0.0020 0.0043 0.0025 0.0058 
     AP.07M1  6 0.0028 0.0041 0.0047 0.0035 0.9799 0.0018 0.0032 
     AP.07ME  6 0.0067 0.0090 0.9492 0.0039 0.0131 0.0026 0.0154 
     AP.0817  6 0.9423 0.0177 0.0242 0.0022 0.0045 0.0028 0.0063 
     AP.0863  6 0.1801 0.2050 0.5052 0.0186 0.0672 0.0119 0.0120 
     AP.087T  6 0.0980 0.0137 0.8664 0.0061 0.0062 0.0072 0.0023 
     AP.088T  6 0.4392 0.0095 0.5324 0.0044 0.0100 0.0018 0.0027 
     CH.0LM1  6 0.9402 0.0100 0.0293 0.0068 0.0078 0.0025 0.0035 
       M05X5  6 0.0936 0.1497 0.6429 0.0174 0.0520 0.0223 0.0222 
       M06JH  6 0.7648 0.0181 0.0603 0.0214 0.0447 0.0242 0.0664 
       M0A6K  6 0.7513 0.0257 0.1620 0.0031 0.0484 0.0028 0.0067 
       M0ETF  6 0.0028 0.0033 0.0075 0.0047 0.9772 0.0019 0.0026 
       M0LUP  6 0.0111 0.0058 0.8590 0.0048 0.1126 0.0032 0.0036 
       M16F1  6 0.0082 0.0086 0.7718 0.0308 0.1736 0.0022 0.0049 
       M182M  6 0.0024 0.0034 0.9840 0.0017 0.0032 0.0020 0.0034 
       M1CFL  6 0.0077 0.0188 0.8368 0.0101 0.1206 0.0022 0.0038 
       M2AXY  6 0.8388 0.0111 0.0584 0.0035 0.0662 0.0031 0.0189 
       M2AY2  6 0.0273 0.0061 0.9350 0.0031 0.0050 0.0191 0.0044 
       M2CHP  6 0.9487 0.0178 0.0070 0.0054 0.0061 0.0074 0.0076 
       W26LK  6 0.8778 0.0115 0.0345 0.0039 0.0579 0.0021 0.0124 
       W26ME  6 0.9436 0.0042 0.0087 0.0059 0.0090 0.0025 0.0261 
     AM.07FM  6 0.0055 0.0028 0.0170 0.0080 0.9621 0.0014 0.0031 
     AM.07FP  6 0.0050 0.0025 0.0041 0.0042 0.9799 0.0019 0.0025 
     AP.07M4  6 0.0122 0.0053 0.9657 0.0055 0.0068 0.0019 0.0027 
     AP.07M7  6 0.0224 0.0024 0.8699 0.0044 0.0979 0.0014 0.0016 
     AP.07M8  6 0.9610 0.0070 0.0153 0.0044 0.0076 0.0020 0.0028 
     AP.07MA  6 0.6928 0.0027 0.2263 0.0057 0.0647 0.0049 0.0030 
     AP.07MC  6 0.9280 0.0059 0.0520 0.0022 0.0042 0.0016 0.0061 
     AP.07P8  6 0.3029 0.0039 0.2998 0.0263 0.3513 0.0133 0.0026 
     AP.07U8  6 0.0049 0.0048 0.9642 0.0161 0.0047 0.0025 0.0028 
     AP.081F  6 0.9795 0.0026 0.0045 0.0034 0.0060 0.0017 0.0023 
     AP.081H  6 0.0155 0.9366 0.0075 0.0055 0.0151 0.0089 0.0108 
     AP.0820  6 0.9247 0.0385 0.0099 0.0056 0.0042 0.0145 0.0026 
     AP.0841  6 0.4603 0.3498 0.0337 0.0055 0.0847 0.0448 0.0212 
     AP.0858  6 0.9133 0.0133 0.0542 0.0054 0.0073 0.0022 0.0042 
     AP.085U  6 0.0067 0.0079 0.9656 0.0037 0.0044 0.0069 0.0046 
     AP.085X  6 0.0120 0.0078 0.0080 0.0103 0.9540 0.0018 0.0061 
     AP.0861  6 0.4704 0.0056 0.0155 0.0201 0.4781 0.0042 0.0061 
     AP.0864  6 0.0135 0.0045 0.9577 0.0106 0.0083 0.0020 0.0033 
     AP.086X  6 0.0074 0.0037 0.9538 0.0024 0.0290 0.0016 0.0021 
     AP.0872  6 0.3900 0.0062 0.5609 0.0049 0.0313 0.0024 0.0044 
     AP.0875  6 0.2234 0.7129 0.0213 0.0045 0.0063 0.0236 0.0081 
     AP.087A  6 0.0043 0.0039 0.9721 0.0019 0.0130 0.0017 0.0031 
     AP.087C  6 0.0979 0.2317 0.0394 0.0058 0.6119 0.0043 0.0091 
     AP.087E  6 0.0367 0.0049 0.0415 0.0035 0.9078 0.0021 0.0035 
     AP.087H  6 0.0080 0.0046 0.0291 0.0138 0.9364 0.0017 0.0065 
     AP.087K  6 0.0441 0.0773 0.8371 0.0151 0.0134 0.0031 0.0098 
     AP.087L  6 0.0094 0.0114 0.1499 0.0167 0.8076 0.0021 0.0028 
     AP.087M  6 0.9654 0.0069 0.0161 0.0031 0.0035 0.0024 0.0024 
     AP.087P  6 0.9510 0.0071 0.0199 0.0026 0.0120 0.0026 0.0048 
     AP.087U  6 0.0929 0.7188 0.0674 0.0577 0.0441 0.0095 0.0096 
     AP.087X  6 0.0172 0.5305 0.3860 0.0089 0.0081 0.0078 0.0415 
     AP.0881  6 0.0323 0.7739 0.0842 0.0153 0.0142 0.0080 0.0721 
     AP.0882  6 0.0067 0.0073 0.0147 0.0051 0.9261 0.0026 0.0375 
     AP.0883  6 0.4678 0.0184 0.4606 0.0174 0.0102 0.0208 0.0047 
     AP.0884  6 0.8290 0.0045 0.1490 0.0037 0.0095 0.0019 0.0024 
     AP.0885  6 0.0308 0.0067 0.9326 0.0064 0.0119 0.0033 0.0083 
     AP.0887  6 0.0195 0.0396 0.8108 0.0045 0.1114 0.0023 0.0118 
     AP.0888  6 0.1358 0.5492 0.0320 0.0041 0.0065 0.2628 0.0096 
     AP.088A  6 0.0277 0.0128 0.7821 0.0032 0.1069 0.0021 0.0653 
     AP.088C  6 0.0084 0.3723 0.1348 0.0629 0.4078 0.0061 0.0077 
     AP.088J  6 0.9457 0.0197 0.0082 0.0036 0.0047 0.0036 0.0145 
     AP.088K  6 0.0134 0.1239 0.8219 0.0064 0.0152 0.0040 0.0153 
     AP.088L  6 0.0092 0.0057 0.0231 0.0039 0.9531 0.0019 0.0031 
     AP.088U  6 0.0260 0.0038 0.0405 0.0067 0.9107 0.0023 0.0099 
     AP.088X  6 0.0059 0.0127 0.9509 0.0094 0.0045 0.0045 0.0120 
     AP.08A0  6 0.0086 0.0043 0.9790 0.0022 0.0028 0.0015 0.0017 
     AP.08A1  6 0.0097 0.0413 0.3078 0.0033 0.6295 0.0031 0.0053 
     AP.08A3  6 0.0082 0.0116 0.4981 0.0029 0.4747 0.0023 0.0023 
     AP.08A4  6 0.0146 0.5523 0.1724 0.0847 0.1560 0.0057 0.0143 
     AP.08A5  6 0.0214 0.0054 0.1174 0.0037 0.8456 0.0020 0.0045 
     AP.08A6  6 0.9353 0.0098 0.0372 0.0023 0.0065 0.0041 0.0048 
     AP.08A8  6 0.9679 0.0107 0.0051 0.0040 0.0078 0.0021 0.0024 
     AP.08AC  6 0.0048 0.0073 0.9684 0.0061 0.0075 0.0033 0.0026 
     AP.08AH  6 0.0055 0.0168 0.9413 0.0051 0.0052 0.0031 0.0231 
     AP.08AJ  6 0.7478 0.0036 0.2220 0.0034 0.0169 0.0032 0.0029 
     AP.08AM  6 0.0299 0.0065 0.9399 0.0059 0.0125 0.0020 0.0033 
     AP.08AT  6 0.6274 0.0036 0.3574 0.0026 0.0051 0.0020 0.0020 
     AP.08AX  6 0.0048 0.0154 0.2241 0.0031 0.7488 0.0018 0.0019 
     CH.0LLP  6 0.8300 0.0243 0.1247 0.0038 0.0136 0.0017 0.0019 
     CH.0LM2  6 0.0352 0.0110 0.8613 0.0048 0.0768 0.0025 0.0084 
     CH.0LM4  6 0.9089 0.0409 0.0340 0.0024 0.0041 0.0021 0.0075 
     CH.0LM5  6 0.9725 0.0044 0.0074 0.0031 0.0068 0.0019 0.0038 
       M0102  6 0.0053 0.0035 0.9657 0.0027 0.0185 0.0020 0.0024 
       M023A  6 0.0141 0.0029 0.0375 0.0025 0.9390 0.0015 0.0025 
       M03MM  6 0.7548 0.0289 0.0257 0.0037 0.1686 0.0047 0.0136 
       M04PF  6 0.0049 0.0028 0.9800 0.0037 0.0048 0.0016 0.0022 
       M04XH  6 0.9295 0.0049 0.0170 0.0042 0.0297 0.0049 0.0097 
       M04XM  6 0.0052 0.0097 0.0466 0.0064 0.9268 0.0024 0.0030 
       M0557  6 0.9795 0.0025 0.0072 0.0022 0.0028 0.0023 0.0034 
       M055C  6 0.1818 0.0561 0.6148 0.0324 0.0521 0.0427 0.0200 
       M05JC  6 0.7775 0.0113 0.0322 0.0028 0.1229 0.0023 0.0510 
       M05PH  6 0.9090 0.0090 0.0167 0.0063 0.0318 0.0029 0.0242 
       M05X6  6 0.0307 0.0037 0.7042 0.0045 0.2440 0.0021 0.0109 
       M07TC  6 0.1618 0.0047 0.1973 0.0024 0.6256 0.0048 0.0034 
       M0A66  6 0.0871 0.0082 0.4723 0.0283 0.3931 0.0019 0.0092 
       M0EYT  6 0.0027 0.0022 0.0035 0.0030 0.9849 0.0015 0.0023 
       M0FF2  6 0.0029 0.0030 0.0058 0.0038 0.9813 0.0014 0.0019 
       M0HJ6  6 0.3465 0.1189 0.3141 0.0031 0.1844 0.0075 0.0255 
      HRV0JL  6 0.0055 0.0031 0.0052 0.0026 0.9803 0.0014 0.0019 
      HRV0JP  6 0.0695 0.0039 0.0187 0.0383 0.8496 0.0070 0.0130 
      HRV0KA  6 0.0040 0.0028 0.9836 0.0021 0.0028 0.0017 0.0030 
      HRV0LJ  6 0.6690 0.0241 0.2498 0.0222 0.0169 0.0079 0.0102 
      HRV0LM  6 0.9455 0.0043 0.0311 0.0047 0.0097 0.0021 0.0026 
      HRV0LP  6 0.5202 0.1342 0.1485 0.0169 0.0605 0.0177 0.1019 
       M0HJ8  6 0.0032 0.0023 0.0041 0.0024 0.9823 0.0017 0.0040 
       M0HM3  6 0.1060 0.2364 0.0493 0.0111 0.5850 0.0021 0.0102 
       M0J1X  6 0.0074 0.0036 0.8493 0.0028 0.1317 0.0021 0.0031 
       M0L32  6 0.0197 0.0039 0.6708 0.0472 0.2421 0.0042 0.0121 
       M0L8F  6 0.0108 0.0050 0.9640 0.0034 0.0041 0.0064 0.0063 
       M0LUH  6 0.0045 0.0025 0.9788 0.0026 0.0082 0.0016 0.0019 
       M0XPJ  6 0.0048 0.0041 0.0071 0.0050 0.9716 0.0020 0.0054 
       M0XTE  6 0.0826 0.0437 0.7844 0.0051 0.0402 0.0248 0.0192 
       M157H  6 0.0092 0.0255 0.8935 0.0254 0.0393 0.0019 0.0052 
       M16YU  6 0.0084 0.0027 0.0157 0.0035 0.9660 0.0014 0.0023 
       M1751  6 0.0031 0.0053 0.9790 0.0022 0.0057 0.0020 0.0027 
       M1C2H  6 0.0033 0.0028 0.0128 0.0022 0.9747 0.0016 0.0027 
       M1E60  6 0.9716 0.0033 0.0141 0.0024 0.0051 0.0014 0.0020 
       M1EKX  6 0.0062 0.0026 0.0217 0.0029 0.9626 0.0015 0.0024 
       M1EKY  6 0.9504 0.0039 0.0168 0.0035 0.0191 0.0016 0.0046 
       M1EL3  6 0.9585 0.0040 0.0215 0.0031 0.0055 0.0037 0.0037 
       M1ELC  6 0.0042 0.0025 0.9571 0.0031 0.0281 0.0026 0.0023 
       M1ELE  6 0.0037 0.0021 0.9806 0.0018 0.0085 0.0015 0.0019 
       M2AY0  6 0.1044 0.0223 0.0466 0.0046 0.8142 0.0038 0.0040 
       M2AY4  6 0.0083 0.0545 0.6545 0.0113 0.0625 0.0020 0.2068 
       M2AY5  6 0.9719 0.0042 0.0058 0.0036 0.0090 0.0024 0.0031 
       M2AY8  6 0.0052 0.0055 0.8593 0.0091 0.0053 0.0996 0.0160 
       M2C3A  6 0.0121 0.0055 0.0292 0.0092 0.9368 0.0021 0.0050 
       M2C3F  6 0.8729 0.0056 0.0115 0.0847 0.0130 0.0053 0.0070 
      HRV0ME  6 0.0031 0.0028 0.0030 0.0034 0.9811 0.0026 0.0041 
       M2CHJ  6 0.0086 0.0040 0.9546 0.0044 0.0105 0.0070 0.0109 
       M2CHM  6 0.9434 0.0099 0.0057 0.0042 0.0159 0.0082 0.0126 
       M2CHY  6 0.7476 0.0034 0.2090 0.0119 0.0195 0.0029 0.0056 
       W23E8  6 0.0043 0.0035 0.0081 0.0055 0.9739 0.0020 0.0028 
       W23EM  6 0.0033 0.0025 0.9732 0.0028 0.0133 0.0025 0.0023 
       W23EX  6 0.0032 0.0020 0.9827 0.0024 0.0054 0.0019 0.0023 
       W23F0  6 0.0043 0.0031 0.8155 0.0022 0.1705 0.0024 0.0020 
       W26L5  6 0.9489 0.0048 0.0053 0.0260 0.0077 0.0043 0.0030 
       W26LM  6 0.1689 0.5093 0.2272 0.0023 0.0217 0.0387 0.0318 
       W26MJ  6 0.9498 0.0041 0.0068 0.0040 0.0088 0.0232 0.0034 
       W26ML  6 0.8093 0.0112 0.0983 0.0021 0.0718 0.0023 0.0052 
       W26MT  6 0.9634 0.0038 0.0066 0.0019 0.0175 0.0016 0.0052 
       W26PE  6 0.1382 0.8184 0.0129 0.0039 0.0108 0.0068 0.0091 
       W26PJ  6 0.0361 0.8786 0.0129 0.0106 0.0050 0.0109 0.0459 
       W26PT  6 0.0068 0.0133 0.9676 0.0025 0.0038 0.0017 0.0043 
       W26PX  6 0.0800 0.5839 0.3106 0.0076 0.0101 0.0040 0.0038 
       W26T0  6 0.0051 0.0054 0.9771 0.0036 0.0041 0.0022 0.0025 
       W26TC  6 0.6037 0.0101 0.3559 0.0028 0.0234 0.0015 0.0026 
       W26TJ  6 0.0062 0.9531 0.0178 0.0068 0.0060 0.0042 0.0060 
       W26UE  6 0.9461 0.0054 0.0050 0.0069 0.0287 0.0024 0.0055 
       W26UF  6 0.9472 0.0040 0.0120 0.0082 0.0220 0.0019 0.0047 
       W26UL  6 0.5929 0.0057 0.0170 0.0048 0.3522 0.0238 0.0036 
       W26X2  6 0.0762 0.0107 0.8777 0.0044 0.0124 0.0038 0.0147 
       W2716  6 0.1881 0.7251 0.0342 0.0028 0.0380 0.0032 0.0085 
      HRV1C6  6 0.0154 0.1767 0.0397 0.0085 0.7554 0.0016 0.0028 
      HRV1CX  6 0.9644 0.0073 0.0059 0.0067 0.0093 0.0029 0.0036 
      HRV1E2  6 0.9689 0.0026 0.0124 0.0031 0.0084 0.0017 0.0028 
      HRV1E4  6 0.0405 0.0103 0.0101 0.0030 0.9107 0.0016 0.0238 
      HRV1E5  6 0.9136 0.0057 0.0455 0.0025 0.0275 0.0016 0.0035 
      HRV1EC  6 0.8211 0.0046 0.0652 0.0036 0.0995 0.0022 0.0038 
      HRV1EK  6 0.0042 0.0028 0.0056 0.0038 0.9769 0.0036 0.0031 
      HRV001  6 0.0089 0.0024 0.9565 0.0032 0.0173 0.0019 0.0097 
      HRV00H  6 0.0070 0.0053 0.9659 0.0019 0.0109 0.0020 0.0069 
      HRV00K  6 0.0037 0.0034 0.9631 0.0018 0.0219 0.0017 0.0043 
      HRV01X  6 0.0028 0.0021 0.0039 0.0049 0.9822 0.0020 0.0021 
      HRV025  6 0.0056 0.0030 0.0051 0.0037 0.9745 0.0030 0.0051 
      HRV028  6 0.0027 0.0021 0.0039 0.0049 0.9822 0.0020 0.0021 
      HRV041  6 0.0076 0.0028 0.0144 0.0026 0.9674 0.0019 0.0034 
      HRV04F  6 0.0031 0.0021 0.0049 0.0021 0.9836 0.0018 0.0026 
      HRV04L  6 0.0033 0.0022 0.0045 0.0025 0.9835 0.0015 0.0025 
      HRV055  6 0.0088 0.0026 0.0120 0.0025 0.9699 0.0015 0.0027 
      HRV05J  6 0.2112 0.0513 0.6512 0.0390 0.0418 0.0022 0.0033 
      HRV07J  6 0.0070 0.0311 0.0061 0.0047 0.9473 0.0016 0.0023 
      HRV07K  6 0.9637 0.0026 0.0090 0.0085 0.0117 0.0024 0.0021 
      HRV07L  6 0.8865 0.0090 0.0794 0.0052 0.0070 0.0094 0.0034 
      HRV07M  6 0.0122 0.0032 0.0180 0.0033 0.9586 0.0017 0.0029 
      HRV0HM  6 0.0029 0.0090 0.0040 0.0039 0.9689 0.0048 0.0065 
      HRV0J2  6 0.0031 0.0031 0.9820 0.0028 0.0059 0.0014 0.0018 
      HRV0K3  6 0.0029 0.0055 0.0090 0.0028 0.9722 0.0017 0.0058 
      HRV0KE  6 0.0086 0.0107 0.0146 0.0030 0.9574 0.0019 0.0039 
      HRV0KF  6 0.1190 0.1900 0.1433 0.0082 0.5210 0.0050 0.0135 
      HRV0KU  6 0.6886 0.0308 0.1929 0.0181 0.0529 0.0101 0.0066 
      HRV0L6  6 0.9514 0.0055 0.0273 0.0028 0.0083 0.0018 0.0029 
      HRV0M2  6 0.8953 0.0053 0.0649 0.0083 0.0181 0.0038 0.0042 
      HRV0MF  6 0.0021 0.0020 0.0028 0.0024 0.9872 0.0016 0.0019 
      HRV0MJ  6 0.0155 0.0085 0.8275 0.1316 0.0037 0.0070 0.0061 
      HRV1AT  6 0.0038 0.0024 0.9761 0.0020 0.0121 0.0018 0.0019 
      HRV1C1  6 0.9721 0.0034 0.0061 0.0023 0.0124 0.0018 0.0021 
      HRV1CL  6 0.5167 0.1311 0.3157 0.0068 0.0182 0.0038 0.0077 
      HRV1E1  6 0.0133 0.0062 0.9145 0.0024 0.0521 0.0036 0.0079 
      HRV1E7  6 0.8701 0.0078 0.0587 0.0053 0.0515 0.0023 0.0044 
      HRV1EE  6 0.6956 0.0735 0.2105 0.0037 0.0099 0.0019 0.0050 
      HRV1ET  6 0.0037 0.0031 0.0091 0.0022 0.9776 0.0017 0.0027 
         148  7 0.0110 0.1517 0.7319 0.0039 0.0275 0.0288 0.0451 
         149  7 0.0341 0.9053 0.0339 0.0042 0.0086 0.0028 0.0111 
         213  7 0.0141 0.7955 0.1656 0.0124 0.0052 0.0040 0.0032 
         215  7 0.0096 0.9531 0.0220 0.0055 0.0045 0.0022 0.0031 
         218  7 0.4204 0.3207 0.2233 0.0137 0.0143 0.0030 0.0045 
         219  7 0.1721 0.4894 0.2305 0.0064 0.0043 0.0867 0.0106 
         222  7 0.5064 0.4318 0.0113 0.0077 0.0206 0.0042 0.0180 
         224  7 0.1411 0.1157 0.5797 0.0452 0.0113 0.0307 0.0763 
         225  7 0.0307 0.8902 0.0050 0.0195 0.0430 0.0022 0.0094 
         229  7 0.0090 0.0023 0.7038 0.0019 0.2790 0.0020 0.0021 
         231  7 0.4929 0.3833 0.0854 0.0046 0.0249 0.0053 0.0036 
      HRV1CP  7 0.0528 0.4511 0.4128 0.0203 0.0481 0.0041 0.0108 
         239  7 0.1139 0.0153 0.8043 0.0142 0.0432 0.0036 0.0055 
         240  7 0.0291 0.9135 0.0205 0.0047 0.0251 0.0024 0.0047 
         243  7 0.0540 0.7843 0.0562 0.0699 0.0279 0.0027 0.0050 
         248  7 0.0881 0.0034 0.5121 0.0040 0.3877 0.0015 0.0032 
         250  7 0.3002 0.5628 0.0398 0.0035 0.0857 0.0022 0.0059 
         251  7 0.0535 0.5326 0.3546 0.0028 0.0418 0.0096 0.0052 
         256  7 0.9610 0.0079 0.0098 0.0023 0.0117 0.0024 0.0049 
         260  7 0.0130 0.0392 0.7851 0.0020 0.0105 0.0074 0.1429 
         261  7 0.0103 0.0108 0.8173 0.0830 0.0617 0.0083 0.0086 
         263  7 0.0140 0.0604 0.6261 0.0033 0.0523 0.0048 0.2391 
         284  7 0.0371 0.8743 0.0521 0.0128 0.0105 0.0030 0.0101 
         285  7 0.0204 0.8706 0.0594 0.0251 0.0114 0.0036 0.0095 
         286  7 0.5262 0.0157 0.3737 0.0024 0.0255 0.0507 0.0058 
         289  7 0.1566 0.4426 0.1597 0.0069 0.1934 0.0039 0.0369 
         291  7 0.0336 0.6933 0.1216 0.0168 0.1101 0.0027 0.0219 
         292  7 0.0048 0.9723 0.0067 0.0037 0.0028 0.0034 0.0063 
         293  7 0.0456 0.7301 0.1829 0.0139 0.0203 0.0043 0.0030 
      BF0001  7 0.2422 0.6042 0.0114 0.0022 0.1263 0.0054 0.0083 
      BF0002  7 0.9438 0.0125 0.0039 0.0114 0.0046 0.0211 0.0028 
       M2AY6  7 0.1861 0.0059 0.7642 0.0047 0.0275 0.0053 0.0062 
     Slov472  7 0.0199 0.4296 0.4440 0.0170 0.0820 0.0037 0.0039 
      BF0026  7 0.0040 0.6095 0.0037 0.0020 0.0044 0.0048 0.3718 
      BF0028  7 0.0095 0.9623 0.0152 0.0016 0.0039 0.0032 0.0042 
     CK.0PP5  7 0.0124 0.9342 0.0268 0.0118 0.0040 0.0050 0.0058 
     CK.0PP8  7 0.0149 0.9380 0.0238 0.0039 0.0087 0.0043 0.0065 
     CK.0PPC  7 0.0076 0.9459 0.0156 0.0042 0.0036 0.0070 0.0162 
     Slov166  7 0.0098 0.9605 0.0156 0.0021 0.0047 0.0018 0.0054 
     Slov189  7 0.0141 0.9166 0.0489 0.0054 0.0046 0.0061 0.0043 
     Slov196  7 0.0147 0.9532 0.0157 0.0026 0.0033 0.0044 0.0061 
     Slov204  7 0.0084 0.9707 0.0050 0.0033 0.0070 0.0016 0.0041 
      Slov24  7 0.0486 0.5781 0.2439 0.0034 0.0475 0.0053 0.0731 
      Slov26  7 0.0118 0.9237 0.0034 0.0163 0.0025 0.0042 0.0381 
      Slov33  7 0.2576 0.6835 0.0193 0.0033 0.0209 0.0017 0.0137 
     Slov447  7 0.0227 0.6869 0.1024 0.0040 0.0213 0.0042 0.1586 
     Slov449  7 0.2665 0.5742 0.0616 0.0065 0.0598 0.0128 0.0185 
     Slov492  7 0.0103 0.9474 0.0116 0.0023 0.0033 0.0021 0.0230 
      Slov56  7 0.0122 0.0064 0.0935 0.0089 0.0583 0.0022 0.8185 
       Slov7  7 0.0285 0.9151 0.0169 0.0068 0.0094 0.0071 0.0163 
      Slov70  7 0.0043 0.9677 0.0032 0.0110 0.0072 0.0024 0.0041 
      Slov75  7 0.0043 0.9809 0.0024 0.0024 0.0025 0.0020 0.0056 
      Slov78  7 0.0051 0.9578 0.0074 0.0059 0.0098 0.0034 0.0107 
      Slov85  7 0.0875 0.0264 0.8430 0.0203 0.0152 0.0020 0.0055 
      BF0003  7 0.5353 0.3355 0.0785 0.0210 0.0192 0.0025 0.0080 
      BF0004  7 0.0848 0.8102 0.0561 0.0084 0.0305 0.0031 0.0068 
      BF0005  7 0.0051 0.9414 0.0063 0.0025 0.0069 0.0031 0.0347 
      BF0006  7 0.0092 0.9523 0.0186 0.0027 0.0114 0.0025 0.0031 
      BF0007  7 0.0213 0.9396 0.0055 0.0047 0.0041 0.0022 0.0225 
      BF0008  7 0.0142 0.8992 0.0091 0.0026 0.0332 0.0153 0.0264 
      BF000A  7 0.0235 0.9328 0.0278 0.0030 0.0072 0.0019 0.0038 
      BF000C  7 0.0231 0.4475 0.1029 0.0062 0.4006 0.0055 0.0141 
      BF000E  7 0.0261 0.9283 0.0109 0.0075 0.0065 0.0104 0.0102 
      BF000F  7 0.0443 0.7170 0.1525 0.0035 0.0708 0.0038 0.0082 
      BF000H  7 0.0242 0.6068 0.2310 0.0056 0.0760 0.0018 0.0546 
      BF000J  7 0.0621 0.6961 0.0265 0.0110 0.1288 0.0025 0.0730 
      BF000K  7 0.0279 0.9041 0.0364 0.0036 0.0203 0.0024 0.0052 
      BF000L  7 0.1647 0.4017 0.2800 0.0037 0.0293 0.0073 0.1132 
      BF000M  8 0.0071 0.8928 0.0352 0.0054 0.0544 0.0026 0.0024 
      BF000P  8 0.0120 0.9422 0.0110 0.0054 0.0238 0.0027 0.0029 
      BF000T  8 0.4055 0.5615 0.0136 0.0042 0.0067 0.0054 0.0031 
      BF000U  8 0.0183 0.9500 0.0063 0.0079 0.0095 0.0042 0.0038 
      BF000X  8 0.0065 0.9605 0.0081 0.0034 0.0136 0.0025 0.0054 
      BF0010  8 0.0067 0.9766 0.0052 0.0023 0.0042 0.0015 0.0036 
      BF0011  8 0.0049 0.9502 0.0219 0.0054 0.0128 0.0021 0.0027 
      BF0012  8 0.0160 0.9050 0.0090 0.0030 0.0078 0.0139 0.0453 
      BF0013  8 0.0159 0.9175 0.0114 0.0118 0.0094 0.0159 0.0182 
      BF0014  8 0.0105 0.8767 0.0285 0.0107 0.0576 0.0038 0.0122 
      BF0015  8 0.0033 0.9739 0.0096 0.0035 0.0044 0.0020 0.0032 
      BF0016  8 0.0044 0.9732 0.0041 0.0040 0.0053 0.0040 0.0050 
      BF0017  8 0.2436 0.7394 0.0050 0.0017 0.0038 0.0033 0.0033 
      BF0018  8 0.0103 0.9217 0.0438 0.0105 0.0071 0.0024 0.0042 
      BF001A  8 0.0042 0.9778 0.0041 0.0024 0.0043 0.0039 0.0033 
      BF001C  8 0.0054 0.9718 0.0074 0.0033 0.0071 0.0019 0.0031 
      BF001E  8 0.0024 0.9794 0.0042 0.0044 0.0027 0.0020 0.0049 
      BF001F  8 0.0301 0.9136 0.0308 0.0050 0.0068 0.0051 0.0086 
      BF001H  8 0.0105 0.9737 0.0045 0.0023 0.0039 0.0023 0.0027 
      BF001J  8 0.0054 0.9783 0.0032 0.0041 0.0032 0.0017 0.0040 
      BF001K  8 0.0084 0.8993 0.0086 0.0073 0.0470 0.0040 0.0255 
      BF001L  8 0.0041 0.9663 0.0028 0.0096 0.0036 0.0030 0.0106 
      BF001M  8 0.0046 0.9714 0.0031 0.0109 0.0042 0.0021 0.0036 
      BF001P  8 0.0059 0.9573 0.0035 0.0206 0.0040 0.0018 0.0067 
      BF001T  8 0.0064 0.9766 0.0031 0.0034 0.0028 0.0020 0.0056 
      BF001U  8 0.0103 0.9672 0.0040 0.0024 0.0067 0.0050 0.0044 
      BF001X  8 0.0156 0.9412 0.0275 0.0021 0.0040 0.0032 0.0065 
      BF0020  8 0.0118 0.9618 0.0048 0.0037 0.0093 0.0049 0.0036 
      BF0022  8 0.0058 0.9445 0.0022 0.0030 0.0021 0.0384 0.0040 
      BF0023  8 0.0030 0.9627 0.0051 0.0116 0.0061 0.0036 0.0080 
      BF0025  8 0.0098 0.9615 0.0088 0.0076 0.0048 0.0039 0.0037 
     CX.10JP  9 0.0073 0.9740 0.0041 0.0036 0.0043 0.0030 0.0037 
     CX.10JX  9 0.0024 0.9623 0.0066 0.0036 0.0102 0.0058 0.0091 
     CX.10K0  9 0.0028 0.9642 0.0086 0.0073 0.0059 0.0035 0.0076 
     CX.10K5  9 0.0046 0.9345 0.0159 0.0085 0.0126 0.0021 0.0219 
     CX.10K6  9 0.0035 0.9826 0.0024 0.0033 0.0032 0.0019 0.0031 
     CX.10K7  9 0.0125 0.9539 0.0038 0.0040 0.0059 0.0111 0.0089 
     CX.10KA  9 0.0032 0.9693 0.0034 0.0016 0.0052 0.0117 0.0056 
     CX.10KC  9 0.0040 0.9655 0.0035 0.0025 0.0036 0.0165 0.0043 
     CX.10KH  9 0.0090 0.9558 0.0032 0.0033 0.0049 0.0129 0.0108 
     CX.10KL  9 0.0064 0.8993 0.0034 0.0615 0.0024 0.0060 0.0210 
     CX.10KM  9 0.0025 0.9839 0.0042 0.0020 0.0019 0.0024 0.0031 
     CX.10KT  9 0.0024 0.9646 0.0035 0.0033 0.0037 0.0025 0.0200 
     CX.10KU  9 0.0082 0.9678 0.0068 0.0025 0.0056 0.0021 0.0070 
     CX.10KX  9 0.0062 0.9775 0.0034 0.0033 0.0038 0.0027 0.0032 
     CX.10L0  9 0.2103 0.7616 0.0056 0.0027 0.0078 0.0056 0.0064 
     CX.10L6  9 0.0035 0.9778 0.0056 0.0031 0.0035 0.0027 0.0037 
     CX.10L7  9 0.0041 0.9461 0.0057 0.0049 0.0086 0.0039 0.0267 
     CX.10L8  9 0.0209 0.8548 0.0411 0.0139 0.0198 0.0316 0.0178 
     CX.10LA  9 0.0139 0.9584 0.0081 0.0060 0.0062 0.0024 0.0049 
     CX.10LE  9 0.0029 0.9085 0.0034 0.0046 0.0073 0.0042 0.0692 
     CX.10LH  9 0.0025 0.9777 0.0028 0.0032 0.0058 0.0037 0.0042 
     CX.10LK  9 0.0032 0.9685 0.0099 0.0070 0.0049 0.0028 0.0038 
     CX.10LL  9 0.0032 0.9794 0.0034 0.0017 0.0047 0.0023 0.0054 
     CX.10LP  9 0.0038 0.9253 0.0058 0.0086 0.0085 0.0296 0.0185 
     CX.10LT  9 0.0039 0.9786 0.0026 0.0023 0.0019 0.0078 0.0030 
     CX.10LU  9 0.0042 0.9765 0.0046 0.0046 0.0045 0.0021 0.0034 
     CX.10M1  9 0.0031 0.9653 0.0029 0.0022 0.0037 0.0032 0.0196 
     CX.10M2  9 0.0067 0.9786 0.0026 0.0020 0.0026 0.0019 0.0057 
     CX.10M3  9 0.0106 0.9579 0.0060 0.0037 0.0116 0.0050 0.0052 
     CX.10M5  9 0.0105 0.9679 0.0041 0.0033 0.0074 0.0031 0.0036 
     CX.10M6  9 0.0039 0.9778 0.0035 0.0026 0.0040 0.0032 0.0050 
     CX.10M7  9 0.0055 0.9382 0.0061 0.0121 0.0207 0.0085 0.0088 
     CX.10M8  9 0.0050 0.9664 0.0095 0.0051 0.0028 0.0029 0.0084 
     CX.10P3  9 0.0278 0.9234 0.0114 0.0160 0.0063 0.0021 0.0130 
     CX.10P7  9 0.0164 0.9645 0.0050 0.0037 0.0031 0.0022 0.0051 
     CX.10PC  9 0.0044 0.9725 0.0097 0.0042 0.0042 0.0017 0.0034 
     CX.10PE  9 0.0058 0.9756 0.0044 0.0019 0.0034 0.0020 0.0070 
     CX.10PU  9 0.0056 0.9730 0.0035 0.0073 0.0046 0.0027 0.0033 
     CX.10PX  9 0.0042 0.9587 0.0057 0.0027 0.0076 0.0030 0.0182 
     CX.10T0  9 0.0041 0.9480 0.0222 0.0028 0.0029 0.0050 0.0150 
     CX.10T2  9 0.0050 0.9751 0.0043 0.0031 0.0057 0.0016 0.0052 
     CX.10JT  9 0.0070 0.9377 0.0042 0.0036 0.0041 0.0397 0.0037 
     CX.10JY  9 0.0040 0.9414 0.0090 0.0051 0.0021 0.0024 0.0360 
     CX.10K4  9 0.0026 0.9732 0.0059 0.0036 0.0045 0.0039 0.0063 
     CX.10KE  9 0.0032 0.9679 0.0027 0.0026 0.0029 0.0028 0.0178 
     CX.10KY  9 0.0028 0.9845 0.0026 0.0022 0.0028 0.0018 0.0033 
     CX.10L2  9 0.0055 0.9761 0.0037 0.0043 0.0031 0.0034 0.0038 
     CX.10L3  9 0.0086 0.8635 0.0129 0.0031 0.0167 0.0046 0.0906 
     CX.10LF  9 0.0032 0.9774 0.0040 0.0047 0.0032 0.0027 0.0047 
     CX.10LM  9 0.0593 0.8433 0.0405 0.0035 0.0407 0.0034 0.0093 
     CX.10LY  9 0.0146 0.8352 0.0273 0.0068 0.0610 0.0087 0.0464 
     CX.10M0  9 0.0045 0.9795 0.0052 0.0031 0.0023 0.0025 0.0028 
     CX.10MA  9 0.0068 0.8173 0.0448 0.0190 0.0714 0.0043 0.0364 
     CK.0PLA 10 0.0052 0.0039 0.0059 0.9697 0.0060 0.0038 0.0054 
     CK.0PLC 10 0.0259 0.0177 0.0061 0.9074 0.0210 0.0074 0.0145 
     CK.0PLE 10 0.0027 0.0044 0.0037 0.9808 0.0029 0.0020 0.0035 
     CK.0PLF 10 0.0032 0.0173 0.0129 0.7829 0.1556 0.0133 0.0150 
     CK.0PLH 10 0.0043 0.0019 0.0041 0.9768 0.0068 0.0028 0.0033 
     CK.0PLJ 10 0.0062 0.0564 0.0069 0.9172 0.0070 0.0036 0.0028 
     CK.0PLK 10 0.0038 0.0020 0.0024 0.9839 0.0035 0.0016 0.0028 
     CK.0PLL 10 0.0039 0.0046 0.0035 0.9763 0.0030 0.0056 0.0031 
     CK.0PLM 10 0.0107 0.0071 0.0023 0.9621 0.0032 0.0097 0.0051 
     CK.0PLP 10 0.0068 0.0063 0.0052 0.9672 0.0061 0.0044 0.0041 
     CK.0PLT 10 0.0020 0.0017 0.0017 0.9894 0.0020 0.0014 0.0017 
     CK.0PLU 10 0.0026 0.0024 0.0031 0.9847 0.0027 0.0021 0.0023 
     CK.0PLX 10 0.0053 0.0059 0.0114 0.9514 0.0052 0.0075 0.0134 
     CK.0PLY 10 0.0023 0.0018 0.0022 0.9886 0.0021 0.0014 0.0017 
     CK.0PM0 10 0.0360 0.0033 0.0023 0.9471 0.0025 0.0060 0.0028 
     CK.0PM1 10 0.0022 0.0019 0.0022 0.9873 0.0024 0.0017 0.0023 
     CK.0PM2 10 0.0077 0.0038 0.0036 0.9617 0.0047 0.0037 0.0148 
     CK.0PM3 10 0.0026 0.0026 0.0044 0.9816 0.0023 0.0043 0.0021 
     CK.0PM4 10 0.0035 0.0175 0.0061 0.9577 0.0027 0.0089 0.0036 
     CK.0PM7 10 0.0023 0.0024 0.0020 0.9869 0.0026 0.0019 0.0020 
     CK.0PM8 10 0.0018 0.0033 0.0018 0.9866 0.0021 0.0018 0.0026 
     CK.0PMA 10 0.0034 0.0053 0.0040 0.9753 0.0026 0.0040 0.0054 
       M2C06 10 0.0022 0.0027 0.0024 0.9872 0.0019 0.0018 0.0018 
       M2C07 10 0.0015 0.0015 0.0017 0.9907 0.0017 0.0013 0.0016 
       M2C08 10 0.0015 0.0014 0.0015 0.9911 0.0019 0.0013 0.0013 
       M2C0A 10 0.0029 0.0027 0.0031 0.9845 0.0022 0.0020 0.0026 
       M2C0C 10 0.0019 0.0023 0.0021 0.9856 0.0032 0.0027 0.0021 
       M2C0E 10 0.0022 0.0017 0.0022 0.9886 0.0020 0.0017 0.0016 
     EF.15EU 11 0.0024 0.0037 0.0024 0.0037 0.0023 0.0026 0.9829 
     EF.15EE 11 0.0033 0.0029 0.0017 0.0021 0.0016 0.0022 0.9863 
     EF.15EF 11 0.0023 0.0069 0.0071 0.0027 0.0030 0.0024 0.9756 
     EF.15EH 11 0.0023 0.0049 0.0028 0.0016 0.0021 0.0028 0.9834 
     EF.15EJ 11 0.0024 0.0037 0.0034 0.0018 0.0026 0.0033 0.9828 
     EF.15EK 11 0.0022 0.0022 0.0023 0.0022 0.0018 0.0026 0.9868 
     EF.15EL 11 0.0027 0.0027 0.0033 0.0026 0.0027 0.0100 0.9759 
     EF.15EM 11 0.0029 0.0032 0.0033 0.0020 0.0023 0.0030 0.9832 
     EF.15EP 11 0.0021 0.0022 0.0020 0.0031 0.0021 0.0035 0.9850 
     EF.15ET 11 0.0023 0.0022 0.0018 0.0025 0.0016 0.0057 0.9838 
     EF.15EX 11 0.0024 0.0047 0.0028 0.0018 0.0020 0.0028 0.9836 
     EF.15F0 11 0.0022 0.0040 0.0018 0.0019 0.0017 0.0087 0.9797 
     EF.15F1 11 0.0052 0.0058 0.0041 0.0022 0.0025 0.0077 0.9726 
     EF.15F2 11 0.0019 0.0020 0.0023 0.0025 0.0021 0.0024 0.9868 
     EF.15F3 11 0.0023 0.0025 0.0023 0.0020 0.0018 0.0030 0.9860 
     EF.15F4 11 0.0016 0.0021 0.0017 0.0018 0.0019 0.0017 0.9891 
     EF.15F5 11 0.0036 0.0056 0.0028 0.0019 0.0032 0.0142 0.9686 
     EF.15F6 11 0.0015 0.0023 0.0018 0.0023 0.0016 0.0016 0.9888 
     EF.15FC 11 0.0031 0.0029 0.0043 0.0052 0.0035 0.0029 0.9781 
     EF.15FE 11 0.0035 0.0207 0.0026 0.0029 0.0061 0.0512 0.9130 
     EF.15FF 11 0.0021 0.0021 0.0026 0.0016 0.0022 0.0026 0.9869 
     EF.15FH 11 0.0027 0.0039 0.0026 0.0024 0.0025 0.0019 0.9839 
     EF.15FJ 11 0.0046 0.0155 0.0037 0.0041 0.0045 0.0046 0.9629 
     EF.15FK 11 0.0025 0.0110 0.0028 0.0034 0.0031 0.0886 0.8887 
     EF.15FL 11 0.0021 0.0028 0.0029 0.0025 0.0018 0.0021 0.9858 
     EF.15FM 11 0.0024 0.0031 0.0017 0.0028 0.0024 0.0022 0.9853 
     EF.15FP 11 0.0022 0.0026 0.0023 0.0027 0.0018 0.0028 0.9856 
      CC00K0 12 0.0084 0.0153 0.0032 0.0029 0.0059 0.0023 0.9621 
      CC01AY 12 0.0080 0.0578 0.0138 0.0150 0.0058 0.0025 0.8971 
      CC01EE 12 0.0133 0.0241 0.0191 0.0075 0.0187 0.0043 0.9130 
      CC03KH 12 0.0116 0.1413 0.0228 0.0030 0.0064 0.0044 0.8105 
      CC04FK 12 0.1099 0.2432 0.0158 0.0060 0.0077 0.0147 0.6027 
      CC04H8 12 0.0196 0.0726 0.0220 0.0199 0.0078 0.0058 0.8523 
      CC05EL 12 0.0668 0.1936 0.0320 0.0086 0.0035 0.0120 0.6835 
      CC05EM 12 0.0072 0.0883 0.0087 0.0038 0.0148 0.0019 0.8751 
      CC05EX 12 0.0105 0.0892 0.0083 0.0049 0.0063 0.0023 0.8785 
      CC05H2 12 0.0215 0.1074 0.0085 0.0240 0.0536 0.0021 0.7828 
      CC05HP 12 0.0111 0.0038 0.0055 0.0032 0.0086 0.0016 0.9662 
      CC05X0 12 0.0034 0.0099 0.0183 0.0021 0.0058 0.0025 0.9579 
      CC05X7 12 0.0067 0.0047 0.0065 0.0049 0.0079 0.0025 0.9668 
      CC0637 12 0.0082 0.0307 0.0054 0.0109 0.0187 0.0022 0.9239 
      CC0640 12 0.0064 0.0080 0.0090 0.0068 0.0064 0.0024 0.9611 
      FCC01M 12 0.0031 0.0068 0.0029 0.0114 0.0078 0.0018 0.9662 
      FCC2JC 12 0.0412 0.0720 0.0167 0.0056 0.0225 0.0517 0.7902 
      CC00JM 12 0.0076 0.0042 0.0052 0.0081 0.0127 0.0107 0.9515 
      CC00T6 12 0.0395 0.0206 0.0691 0.0379 0.0234 0.0055 0.8040 
      CC00T7 12 0.0168 0.0067 0.0104 0.0028 0.0177 0.0021 0.9435 
      CC00TC 12 0.0026 0.0027 0.0025 0.0084 0.0034 0.0022 0.9782 
      CC01CJ 12 0.0048 0.0032 0.0044 0.0236 0.0450 0.0071 0.9118 
      CC01CY 12 0.0108 0.0059 0.0070 0.0186 0.0129 0.0020 0.9428 
      CC01EC 12 0.0045 0.0039 0.0037 0.0027 0.0042 0.0027 0.9783 
      CC01EH 12 0.0046 0.0033 0.0030 0.0103 0.0030 0.0037 0.9721 
      CC01F2 12 0.0235 0.0123 0.0167 0.0036 0.0152 0.0037 0.9251 
      CC01FL 12 0.0055 0.0042 0.0049 0.0298 0.0073 0.0020 0.9463 
      CC025E 12 0.0040 0.0042 0.0074 0.0057 0.0054 0.0049 0.9683 
      CC03E3 12 0.0094 0.0342 0.0062 0.2136 0.0126 0.0030 0.7210 
      CC04AU 12 0.0033 0.0031 0.0026 0.0017 0.0048 0.0015 0.9830 
      CC04EK 12 0.0052 0.0046 0.0032 0.0038 0.0095 0.0020 0.9717 
      CC05FX 12 0.0033 0.0030 0.0027 0.0039 0.0039 0.0017 0.9815 
      CC05H7 12 0.0551 0.1258 0.0274 0.0345 0.0246 0.0073 0.7254 
      CC05M5 12 0.0039 0.0042 0.0031 0.0017 0.0051 0.0023 0.9797 
      CC05YK 12 0.0121 0.0335 0.0111 0.1038 0.0046 0.0072 0.8277 
      CC0630 12 0.0125 0.3430 0.0355 0.0043 0.0348 0.0064 0.5636 
      CC066E 12 0.0613 0.1740 0.0182 0.0062 0.0284 0.0087 0.7032 
      CC01ET 12 0.0065 0.0457 0.0047 0.0379 0.0063 0.0099 0.8889 
      CC01F1 12 0.0046 0.0115 0.0044 0.0060 0.0062 0.0031 0.9642 
      CC063M 12 0.0241 0.0105 0.0129 0.0182 0.0116 0.0076 0.9152 
