       M1EL5  1 0.9832 0.0027 0.0060 0.0027 0.0053 
       W26T6  1 0.9622 0.0083 0.0063 0.0048 0.0184 
       W26XX  1 0.9893 0.0022 0.0033 0.0030 0.0023 
       M013P  1 0.9899 0.0032 0.0032 0.0016 0.0021 
       M1ELA  1 0.9184 0.0168 0.0452 0.0135 0.0061 
       M2C73  1 0.9870 0.0027 0.0040 0.0021 0.0042 
       W23P4  1 0.8942 0.0061 0.0058 0.0593 0.0347 
       W247C  1 0.9907 0.0027 0.0024 0.0020 0.0022 
       W24K1  1 0.9915 0.0023 0.0018 0.0021 0.0022 
       W24ME  1 0.9604 0.0055 0.0040 0.0077 0.0224 
       W2514  1 0.9826 0.0032 0.0034 0.0054 0.0055 
       W26MA  1 0.9776 0.0068 0.0040 0.0062 0.0055 
       W26MM  1 0.9871 0.0054 0.0023 0.0023 0.0030 
       W26MU  1 0.9851 0.0028 0.0039 0.0029 0.0054 
       W26P0  1 0.9866 0.0027 0.0038 0.0027 0.0043 
       W26P3  1 0.9912 0.0021 0.0032 0.0019 0.0016 
       W26T5  1 0.9921 0.0018 0.0019 0.0020 0.0022 
       W26TE  1 0.9739 0.0048 0.0110 0.0049 0.0054 
       W26TF  1 0.9779 0.0145 0.0035 0.0020 0.0020 
       W26U8  1 0.9544 0.0071 0.0123 0.0154 0.0108 
       W26UJ  1 0.9911 0.0030 0.0018 0.0016 0.0025 
       W26UK  1 0.9926 0.0016 0.0023 0.0017 0.0017 
       W26UT  1 0.9912 0.0022 0.0026 0.0020 0.0019 
       W26XT  1 0.9850 0.0059 0.0045 0.0024 0.0022 
      CC06H2  1 0.9588 0.0084 0.0038 0.0224 0.0066 
      CC06H4  1 0.9861 0.0058 0.0027 0.0025 0.0030 
      CC06H5  1 0.9580 0.0041 0.0137 0.0144 0.0098 
      CC06H6  1 0.9830 0.0017 0.0076 0.0043 0.0035 
      CC06HE  1 0.9903 0.0023 0.0032 0.0019 0.0024 
      CC06HF  1 0.9654 0.0096 0.0068 0.0074 0.0109 
      CC06HH  1 0.9896 0.0020 0.0034 0.0030 0.0020 
      CC06HJ  1 0.9625 0.0092 0.0214 0.0030 0.0039 
      CC06HL  1 0.9917 0.0022 0.0029 0.0017 0.0016 
      CC06HP  1 0.9914 0.0019 0.0030 0.0017 0.0020 
      CC06HT  1 0.9637 0.0050 0.0172 0.0074 0.0067 
      CC06HU  1 0.9782 0.0033 0.0136 0.0030 0.0020 
      CC06HY  1 0.9733 0.0078 0.0043 0.0100 0.0045 
      CC06J0  1 0.9826 0.0074 0.0028 0.0029 0.0043 
      CC06J1  1 0.9726 0.0057 0.0059 0.0037 0.0121 
      CC06J2  1 0.9859 0.0038 0.0049 0.0026 0.0028 
     CT.0YCY  1 0.9877 0.0028 0.0032 0.0033 0.0030 
     CT.0YEC  1 0.9923 0.0025 0.0019 0.0016 0.0017 
     CT.0YEF  1 0.9885 0.0021 0.0029 0.0030 0.0035 
     CT.0YEU  1 0.9927 0.0015 0.0019 0.0020 0.0019 
     CT.0YF2  1 0.9805 0.0049 0.0044 0.0045 0.0057 
     CT.0YF8  1 0.9921 0.0014 0.0027 0.0017 0.0021 
     CT.0YFA  1 0.9844 0.0016 0.0053 0.0039 0.0048 
     CT.0YFE  1 0.9838 0.0028 0.0047 0.0038 0.0048 
     CT.0YFP  1 0.9765 0.0092 0.0028 0.0025 0.0090 
     CT.0YFU  1 0.9881 0.0025 0.0029 0.0030 0.0035 
     CT.0YK7  1 0.9820 0.0066 0.0027 0.0042 0.0045 
     CX.10PT  1 0.9507 0.0232 0.0063 0.0113 0.0086 
      DAM021  1 0.9804 0.0027 0.0055 0.0076 0.0037 
      DAM034  1 0.9858 0.0016 0.0035 0.0038 0.0053 
      DAM07X  1 0.9869 0.0021 0.0029 0.0049 0.0032 
     EF.15J6  1 0.9899 0.0022 0.0034 0.0024 0.0021 
      HRV010  1 0.9855 0.0046 0.0049 0.0026 0.0024 
      HRV02J  1 0.9829 0.0031 0.0054 0.0032 0.0054 
      HRV078  1 0.9855 0.0038 0.0032 0.0031 0.0045 
      HRV0FH  1 0.9897 0.0022 0.0023 0.0025 0.0032 
      HRV0H5  1 0.9859 0.0030 0.0039 0.0040 0.0033 
      HRV0JF  1 0.9629 0.0025 0.0039 0.0031 0.0275 
      HRV0JJ  1 0.9831 0.0028 0.0041 0.0048 0.0052 
      HRV0JM  1 0.9877 0.0020 0.0031 0.0025 0.0047 
      HRV0K6  1 0.9576 0.0164 0.0092 0.0059 0.0109 
      HRV0K7  1 0.9833 0.0024 0.0097 0.0019 0.0026 
      HRV0KP  1 0.9747 0.0105 0.0071 0.0040 0.0037 
      HRV1AX  1 0.9725 0.0035 0.0067 0.0096 0.0077 
      HRV1C4  1 0.9806 0.0019 0.0023 0.0099 0.0053 
      HRV1CH  1 0.9840 0.0029 0.0047 0.0033 0.0051 
      HRV1FA  1 0.9783 0.0037 0.0094 0.0051 0.0035 
      HRV1FK  1 0.9790 0.0087 0.0034 0.0047 0.0043 
      HRV1H8  1 0.9873 0.0021 0.0048 0.0031 0.0027 
      HRV1HT  1 0.9792 0.0049 0.0046 0.0049 0.0063 
      HRV1XU  1 0.9757 0.0149 0.0028 0.0033 0.0033 
      HRV4TF  1 0.9747 0.0031 0.0173 0.0029 0.0022 
      HRV6F0  1 0.9864 0.0034 0.0046 0.0026 0.0030 
      HRVE6L  1 0.9729 0.0064 0.0116 0.0041 0.0050 
       M27HM  1 0.9841 0.0022 0.0041 0.0040 0.0057 
       M27HP  1 0.9915 0.0021 0.0022 0.0022 0.0021 
       M2AK4  1 0.9908 0.0025 0.0022 0.0022 0.0022 
       M2ALA  1 0.9912 0.0024 0.0021 0.0022 0.0021 
       M2C56  1 0.9819 0.0034 0.0065 0.0039 0.0043 
       M2CUX  1 0.9782 0.0059 0.0042 0.0026 0.0091 
       M2E24  1 0.9911 0.0020 0.0022 0.0022 0.0025 
       M2EA7  1 0.9896 0.0028 0.0023 0.0027 0.0026 
       M2EH6  1 0.9894 0.0023 0.0032 0.0028 0.0024 
       M2EKC  1 0.8969 0.0082 0.0816 0.0045 0.0088 
      MSV083  1 0.9693 0.0175 0.0078 0.0023 0.0032 
      MSV084  1 0.9775 0.0025 0.0115 0.0042 0.0043 
      MSV0LJ  1 0.9851 0.0030 0.0039 0.0027 0.0053 
      MSV1H5  1 0.9722 0.0026 0.0104 0.0090 0.0059 
      MSV1KM  1 0.9916 0.0020 0.0021 0.0021 0.0022 
      MSV23F  1 0.9771 0.0108 0.0064 0.0027 0.0031 
      MSV2L8  1 0.9879 0.0033 0.0024 0.0020 0.0044 
      MSV2P7  1 0.9900 0.0026 0.0019 0.0026 0.0029 
      MSV2TJ  1 0.9835 0.0017 0.0045 0.0055 0.0048 
      MSV2XM  1 0.9845 0.0042 0.0042 0.0035 0.0036 
      MSV327  1 0.9885 0.0033 0.0030 0.0025 0.0028 
      MSV33L  1 0.9919 0.0019 0.0022 0.0022 0.0019 
      MSV1TX  2 0.5935 0.0041 0.0036 0.3889 0.0099 
      MSV025  2 0.3913 0.0273 0.0403 0.1268 0.4143 
      MSV02C  2 0.5779 0.0126 0.0087 0.3318 0.0691 
      MSV02E  2 0.5060 0.0074 0.0135 0.0154 0.4578 
      MSV0TF  2 0.3904 0.0050 0.0031 0.0070 0.5945 
       M2EL8  2 0.4144 0.0505 0.0172 0.2245 0.2935 
      MSV21T  3 0.0121 0.0028 0.0388 0.0381 0.9082 
       M2E71  3 0.1260 0.0032 0.2291 0.2511 0.3906 
       W23CA  4 0.0022 0.0021 0.0070 0.0042 0.9846 
     AP.085Y  4 0.0031 0.0049 0.0051 0.0056 0.9813 
     CH.0LLY  4 0.0090 0.0033 0.0055 0.0022 0.9801 
       M0LEC  4 0.0019 0.0018 0.0045 0.0071 0.9848 
       M2C3H  4 0.0033 0.0045 0.0064 0.0031 0.9827 
       M2CHL  4 0.0133 0.0028 0.0049 0.0017 0.9773 
       W26P7  4 0.0029 0.0022 0.0039 0.0025 0.9886 
     AP.07M5  4 0.0057 0.0724 0.0118 0.0214 0.8888 
     AP.080U  4 0.0042 0.0018 0.0048 0.0038 0.9853 
     AP.082A  4 0.0020 0.0036 0.0030 0.0054 0.9860 
     AP.0843  4 0.0069 0.0042 0.0056 0.0036 0.9797 
     AP.0844  4 0.0243 0.0019 0.0057 0.0032 0.9648 
     AP.084X  4 0.0029 0.0032 0.0029 0.0042 0.9868 
     AP.086Y  4 0.0026 0.0027 0.0040 0.0026 0.9881 
     AP.0870  4 0.0034 0.0024 0.0104 0.0047 0.9791 
     AP.0878  4 0.0036 0.0026 0.0069 0.0024 0.9845 
     AP.087F  4 0.0030 0.0019 0.0038 0.0022 0.9892 
     AP.087Y  4 0.0095 0.0023 0.0043 0.0019 0.9820 
     AP.088P  4 0.0059 0.0045 0.0056 0.0139 0.9702 
     AP.08AK  4 0.0076 0.0230 0.0029 0.0141 0.9524 
     CH.0LLM  4 0.0029 0.0058 0.0036 0.0128 0.9749 
     CH.0LLU  4 0.0244 0.0065 0.0092 0.0139 0.9461 
     CH.0LM0  4 0.0105 0.0060 0.0044 0.0029 0.9762 
     CH.0LM3  4 0.0067 0.0079 0.0043 0.0118 0.9693 
       W26MY  4 0.0922 0.0496 0.0135 0.0041 0.8406 
       W26P6  4 0.0386 0.0042 0.0053 0.0071 0.9448 
      HRV07U  4 0.0087 0.0037 0.0597 0.0087 0.9192 
      HRV1CT  4 0.0027 0.0034 0.0033 0.0094 0.9811 
      HRV1CU  4 0.0021 0.0051 0.0056 0.2008 0.7864 
      HRV1E6  4 0.0020 0.0031 0.0051 0.0102 0.9796 
      HRV081  4 0.0017 0.0096 0.0027 0.0672 0.9188 
      HRV1E3  4 0.0041 0.0022 0.0113 0.0058 0.9766 
      MSV21E  4 0.0072 0.0123 0.0044 0.0152 0.9609 
      MSV216  4 0.0069 0.0164 0.2125 0.0310 0.7331 
       M0TYK  4 0.0083 0.0037 0.0045 0.0093 0.9742 
      MSV2AA  4 0.0880 0.0060 0.0072 0.3465 0.5523 
     CK.0PET  4 0.1487 0.0136 0.1725 0.0280 0.6373 
       M2E8C  4 0.0030 0.0049 0.0036 0.9591 0.0295 
      MSV23X  4 0.0133 0.0103 0.0045 0.0721 0.8997 
      MSV32A  4 0.0440 0.0032 0.1397 0.1849 0.6281 
     AP.0838  4 0.0028 0.0015 0.0684 0.0081 0.9191 
     AP.088F  4 0.0035 0.0025 0.0375 0.0112 0.9454 
      DAM2HL  5 0.0024 0.0029 0.0124 0.0264 0.9560 
       M2ALK  5 0.0102 0.0029 0.1221 0.8361 0.0287 
       M2E2J  5 0.0207 0.0338 0.0024 0.0278 0.9153 
       M2E73  5 0.0032 0.0039 0.0075 0.1846 0.8008 
       M2E74  5 0.0039 0.0022 0.0382 0.9507 0.0050 
       M2EUJ  5 0.0029 0.0035 0.6030 0.3186 0.0718 
      DAM1XK  5 0.0024 0.0028 0.0115 0.0353 0.9479 
       M2057  5 0.0039 0.0015 0.0064 0.9400 0.0482 
       M2271  5 0.0016 0.0180 0.0037 0.9733 0.0033 
       M27YK  5 0.0235 0.0018 0.2085 0.0101 0.7562 
       M2A1H  5 0.0020 0.4945 0.0035 0.4947 0.0054 
       M2E0P  5 0.0022 0.0046 0.0034 0.9109 0.0788 
       M2E75  5 0.0018 0.0055 0.0123 0.9613 0.0191 
       M2E76  5 0.0028 0.0019 0.0051 0.9854 0.0049 
      MSV0T5  5 0.0066 0.0044 0.0073 0.8954 0.0863 
      MSV241  5 0.0033 0.0033 0.0046 0.9437 0.0451 
      MSV2A0  5 0.0039 0.0067 0.0043 0.9785 0.0066 
      MSV2A1  5 0.0017 0.0029 0.0026 0.9899 0.0029 
      MSV2A8  5 0.0024 0.0027 0.0075 0.9396 0.0478 
      DAM1P5  5 0.0013 0.0017 0.0018 0.9906 0.0046 
       M1084  5 0.0026 0.0025 0.0086 0.6714 0.3149 
      MSV2M4  5 0.0029 0.0061 0.0068 0.9715 0.0126 
      MSV2T6  5 0.0038 0.0547 0.0056 0.9300 0.0059 
       M1UM1  5 0.0053 0.0050 0.0253 0.0806 0.8838 
       M2ECL  5 0.0201 0.0019 0.0360 0.8059 0.1360 
       M2EJ0  5 0.0021 0.0022 0.0380 0.2772 0.6804 
      MSV20J  5 0.0022 0.0055 0.0111 0.9035 0.0777 
      MSV2TK  5 0.0182 0.0020 0.0249 0.8309 0.1241 
      MSV2TX  5 0.0018 0.0025 0.0043 0.9143 0.0771 
      MSV310  5 0.0039 0.0042 0.0029 0.9818 0.0072 
      MSV33F  5 0.0035 0.0096 0.0033 0.9787 0.0048 
      DAM35L  5 0.0020 0.0104 0.0042 0.9744 0.0091 
       M2E4C  5 0.0022 0.0026 0.0057 0.8941 0.0954 
       M2E4H  5 0.0028 0.0049 0.0071 0.0425 0.9427 
       M2E65  5 0.0032 0.0025 0.0214 0.9684 0.0044 
       M2EEJ  5 0.0023 0.0042 0.0022 0.9875 0.0037 
       M2EEP  5 0.0038 0.0119 0.0099 0.9534 0.0210 
      MSV1TU  5 0.0053 0.0052 0.0042 0.1967 0.7887 
      MSV20M  5 0.0020 0.0040 0.0082 0.9291 0.0566 
      MSV223  5 0.0029 0.0030 0.0035 0.0183 0.9723 
      MSV22E  5 0.0027 0.0039 0.0053 0.9763 0.0119 
      MSV23J  5 0.0023 0.0031 0.0030 0.0110 0.9807 
      MSV2K6  5 0.0020 0.0039 0.0025 0.9863 0.0052 
      DAM23U  5 0.0085 0.0069 0.0085 0.5016 0.4745 
       M2E8A  5 0.0022 0.0068 0.0039 0.9803 0.0068 
      MSV2L2  5 0.0030 0.0106 0.0032 0.9753 0.0079 
       M1YMH  5 0.0064 0.0121 0.0057 0.7441 0.2318 
       M2A84  5 0.0123 0.0091 0.0047 0.3954 0.5785 
      MSV23M  5 0.0039 0.0035 0.0424 0.0133 0.9369 
     AP.085T  5 0.0018 0.0052 0.0040 0.9628 0.0262 
     AP.086J  5 0.0028 0.0081 0.9198 0.0439 0.0254 
     AP.08C2  5 0.0207 0.0249 0.2345 0.0055 0.7143 
     AP.08CF  5 0.0019 0.0061 0.0066 0.9586 0.0267 
     AP.08CX  5 0.0015 0.0021 0.0031 0.9874 0.0058 
     AP.08CY  5 0.0033 0.0031 0.0279 0.9611 0.0047 
      DAM0JX  5 0.0024 0.0079 0.0076 0.1492 0.8328 
      DAM0P4  5 0.0022 0.0066 0.0038 0.0715 0.9159 
      DAM0UK  5 0.0055 0.0033 0.0572 0.8319 0.1021 
       M2030  5 0.0019 0.0088 0.0061 0.9790 0.0041 
      MSV24M  5 0.0031 0.0037 0.0076 0.8780 0.1076 
       M20AM  5 0.0028 0.0024 0.3348 0.3735 0.2866 
       M21YP  5 0.0041 0.0027 0.9824 0.0065 0.0044 
       M2205  5 0.0014 0.0042 0.0040 0.9860 0.0044 
       M2206  5 0.0019 0.0027 0.0062 0.9826 0.0067 
      MSV267  5 0.0025 0.0038 0.0129 0.8792 0.1016 
       M2757  5 0.0037 0.0033 0.1622 0.5504 0.2804 
       M27TH  5 0.0026 0.0016 0.0104 0.8873 0.0981 
      MSV2JA  5 0.0069 0.3426 0.0380 0.4282 0.1843 
      MSV2KU  5 0.0029 0.0081 0.0071 0.9777 0.0042 
      MSV2MF  5 0.0031 0.0069 0.0207 0.9257 0.0437 
      MSV2TA  5 0.0016 0.0020 0.0027 0.9901 0.0037 
      MSV2TE  5 0.0015 0.0025 0.0025 0.9869 0.0067 
      MSV2TU  5 0.0197 0.0038 0.0148 0.8686 0.0932 
      MSV2UT  5 0.0032 0.0028 0.0173 0.9560 0.0207 
      MSV306  5 0.0024 0.0025 0.0063 0.9831 0.0057 
      MSV311  5 0.0016 0.0025 0.0158 0.9725 0.0075 
      MSV31M  5 0.0044 0.0033 0.0509 0.7476 0.1938 
      MSV325  5 0.0028 0.0139 0.0039 0.8922 0.0873 
      MSV32H  5 0.0045 0.0112 0.0065 0.9634 0.0144 
     CX.112U  5 0.0032 0.0032 0.0205 0.9409 0.0322 
      DAM2PC  5 0.0015 0.7684 0.0021 0.2142 0.0138 
       M2E48  5 0.0023 0.0033 0.0045 0.9775 0.0123 
       M2E7K  5 0.0026 0.0039 0.0058 0.9597 0.0280 
       M2E80  5 0.0024 0.0047 0.0041 0.9819 0.0070 
       M2EAM  5 0.0014 0.0025 0.0032 0.9862 0.0067 
       M2EFF  5 0.0034 0.0029 0.0037 0.9863 0.0038 
       M2EFY  5 0.0025 0.0018 0.0058 0.9731 0.0167 
       M2EHM  5 0.0020 0.0061 0.0074 0.9767 0.0078 
       M2EK0  5 0.0024 0.0074 0.0107 0.0991 0.8803 
       M2EK1  5 0.0019 0.0045 0.0074 0.6317 0.3545 
      MSV22F  5 0.0025 0.0094 0.0112 0.8286 0.1484 
      MSV273  5 0.0030 0.0021 0.0029 0.9885 0.0034 
      MSV0TL  5 0.0050 0.7099 0.0118 0.1218 0.1516 
      MSV0TT  5 0.0022 0.0033 0.0027 0.9887 0.0031 
      MSV12H  5 0.0020 0.0041 0.0035 0.0159 0.9744 
      MSV1TH  5 0.0028 0.0080 0.0162 0.9686 0.0044 
      MSV275  5 0.0030 0.0100 0.0031 0.9812 0.0028 
      MSV286  5 0.0044 0.0033 0.0126 0.9749 0.0049 
      MSV2H4  5 0.0017 0.0022 0.0034 0.9874 0.0052 
      MSV2K8  5 0.0024 0.0038 0.0604 0.9188 0.0145 
      MSV2PM  5 0.0013 0.0017 0.0018 0.9906 0.0046 
      MSV2X3  5 0.0014 0.0035 0.0025 0.9776 0.0150 
      MSV2X4  5 0.0044 0.0111 0.0057 0.9725 0.0064 
      MSV30U  5 0.0014 0.0035 0.0028 0.9756 0.0167 
     CX.111C  5 0.0017 0.0072 0.0029 0.8615 0.1267 
     AP.07M2  6 0.0109 0.0068 0.0057 0.0049 0.9716 
      HRV05C  6 0.0041 0.0081 0.0032 0.0069 0.9777 
      HRV077  6 0.0039 0.0178 0.0366 0.0327 0.9090 
      HRV0A0  6 0.0020 0.0031 0.0029 0.9843 0.0077 
      HRV0MC  6 0.0023 0.0101 0.0031 0.0373 0.9471 
      HRV00P  6 0.0016 0.0037 0.0039 0.9879 0.0029 
      HRV01J  6 0.0021 0.0053 0.0028 0.9862 0.0036 
      HRV026  6 0.0021 0.0068 0.0027 0.9850 0.0035 
      HRV02C  6 0.0015 0.0033 0.0026 0.9827 0.0098 
      HRV031  6 0.0017 0.0034 0.0036 0.9728 0.0185 
      HRV033  6 0.0017 0.0034 0.0037 0.9728 0.0184 
      HRV05L  6 0.0025 0.0054 0.1468 0.3361 0.5092 
      HRV06A  6 0.0019 0.0031 0.0039 0.9842 0.0068 
      HRV07P  6 0.0018 0.0041 0.0047 0.0223 0.9670 
      HRV0HC  6 0.0055 0.0034 0.0036 0.0093 0.9783 
      HRV0HU  6 0.0045 0.0063 0.0279 0.3275 0.6338 
      HRV0K1  6 0.0019 0.0049 0.0071 0.9754 0.0107 
      HRV0M6  6 0.0053 0.0067 0.0152 0.9696 0.0032 
      HRV0M7  6 0.0028 0.0024 0.0086 0.3105 0.6756 
      HRV0MK  6 0.0015 0.0021 0.0048 0.9880 0.0035 
      HRV1C7  6 0.0020 0.0056 0.0245 0.9560 0.0118 
      HRV1EA  6 0.0089 0.0020 0.0078 0.0627 0.9186 
       M147K  6 0.0014 0.0047 0.0025 0.9849 0.0064 
      HRV008  6 0.0022 0.0175 0.0038 0.1680 0.8086 
      HRV015  6 0.0026 0.0078 0.0022 0.9840 0.0034 
      HRV01F  6 0.0033 0.0036 0.0031 0.9864 0.0036 
      HRV01L  6 0.0018 0.0042 0.0032 0.9879 0.0029 
      HRV01M  6 0.0037 0.0139 0.0281 0.3526 0.6017 
      HRV020  6 0.0028 0.0069 0.0025 0.9854 0.0024 
      HRV022  6 0.0046 0.0058 0.0027 0.9827 0.0041 
      HRV02A  6 0.0029 0.0025 0.0026 0.9892 0.0028 
      HRV02K  6 0.0053 0.0152 0.0046 0.9722 0.0027 
      HRV04C  6 0.0019 0.0040 0.0026 0.9864 0.0052 
      HRV05H  6 0.0037 0.0038 0.0177 0.0538 0.9210 
      HRV076  6 0.0043 0.0064 0.0062 0.0156 0.9676 
      HRV07H  6 0.0015 0.0026 0.0030 0.0100 0.9829 
      HRV07X  6 0.0076 0.0018 0.0077 0.1058 0.8772 
      HRV080  6 0.0016 0.0024 0.0025 0.0106 0.9829 
      HRV086  6 0.0039 0.0049 0.0062 0.9628 0.0222 
      HRV0H3  6 0.0024 0.0053 0.0037 0.9851 0.0035 
      HRV0J3  6 0.0037 0.0022 0.0064 0.8065 0.1813 
      HRV0JX  6 0.0049 0.0064 0.0067 0.0141 0.9679 
      HRV0ML  6 0.0016 0.0072 0.0033 0.9741 0.0137 
      HRV1E8  6 0.0021 0.0032 0.0060 0.0294 0.9592 
      HRV007  6 0.0030 0.0054 0.0167 0.0428 0.9321 
      HRV005  6 0.0025 0.0040 0.0066 0.9765 0.0104 
      HRV05U  6 0.0019 0.0055 0.0081 0.0052 0.9793 
      HRV01U  6 0.0020 0.0019 0.0044 0.0057 0.9859 
     AP.07M1  6 0.0019 0.0040 0.0041 0.9868 0.0031 
     AP.07ME  6 0.0041 0.0115 0.0526 0.2621 0.6696 
     AP.0817  6 0.0022 0.0021 0.0094 0.0056 0.9807 
     AP.0863  6 0.0092 0.0127 0.0242 0.0159 0.9380 
     AP.087T  6 0.0079 0.0050 0.0069 0.0066 0.9735 
     AP.088T  6 0.0017 0.0034 0.0043 0.0098 0.9809 
     CH.0LM1  6 0.0025 0.0056 0.0061 0.0077 0.9780 
       M05X5  6 0.0126 0.0129 0.0668 0.0280 0.8797 
       M06JH  6 0.0425 0.0107 0.0280 0.0164 0.9025 
       M0A6K  6 0.0027 0.0027 0.0119 0.0645 0.9181 
       M0ETF  6 0.0018 0.0053 0.0028 0.9873 0.0028 
       M0LUP  6 0.0030 0.0044 0.0052 0.9593 0.0281 
       M16F1  6 0.0025 0.0313 0.0045 0.9518 0.0099 
       M182M  6 0.0030 0.0017 0.0095 0.9194 0.0665 
       M1CFL  6 0.0024 0.0131 0.0101 0.9631 0.0113 
       M2AXY  6 0.0028 0.0032 0.0188 0.0611 0.9141 
       M2AY2  6 0.0069 0.0032 0.0060 0.0115 0.9725 
       M2CHP  6 0.0128 0.0102 0.0187 0.0101 0.9482 
       W26LK  6 0.0020 0.0047 0.0138 0.0692 0.9103 
       W26ME  6 0.0030 0.0069 0.0125 0.0103 0.9672 
     AM.07FM  6 0.0014 0.0089 0.0030 0.9796 0.0071 
     AM.07FP  6 0.0020 0.0052 0.0026 0.9848 0.0054 
     AP.07M4  6 0.0016 0.0032 0.0040 0.0214 0.9697 
     AP.07M7  6 0.0014 0.0022 0.0020 0.2126 0.7819 
     AP.07M8  6 0.0020 0.0029 0.0038 0.0068 0.9845 
     AP.07MA  6 0.0060 0.0054 0.0028 0.1472 0.8386 
     AP.07MC  6 0.0017 0.0022 0.0075 0.0052 0.9833 
     AP.07P8  6 0.0110 0.0258 0.0038 0.3162 0.6432 
     AP.07U8  6 0.0029 0.0403 0.0074 0.0111 0.9382 
     AP.081F  6 0.0019 0.0034 0.0026 0.0070 0.9851 
     AP.081H  6 0.0081 0.0047 0.9633 0.0111 0.0128 
     AP.0820  6 0.0125 0.0056 0.0121 0.0040 0.9658 
     AP.0841  6 0.0382 0.0054 0.3161 0.0422 0.5981 
     AP.0858  6 0.0022 0.0051 0.0054 0.0049 0.9824 
     AP.085U  6 0.0167 0.0055 0.0186 0.0113 0.9480 
     AP.085X  6 0.0020 0.0134 0.0095 0.9593 0.0158 
     AP.0861  6 0.0056 0.0227 0.0074 0.6268 0.3374 
     AP.0864  6 0.0017 0.0047 0.0042 0.0273 0.9621 
     AP.086X  6 0.0035 0.0027 0.0158 0.8356 0.1424 
     AP.0872  6 0.0019 0.0046 0.0046 0.0334 0.9555 
     AP.0875  6 0.0496 0.0039 0.4300 0.0049 0.5116 
     AP.087A  6 0.0035 0.0033 0.0090 0.9417 0.0424 
     AP.087C  6 0.0047 0.0068 0.1050 0.6423 0.2413 
     AP.087E  6 0.0020 0.0030 0.0036 0.9682 0.0232 
     AP.087H  6 0.0018 0.0177 0.0059 0.9563 0.0183 
     AP.087K  6 0.0030 0.0097 0.0283 0.0100 0.9491 
     AP.087L  6 0.0020 0.0134 0.0055 0.9624 0.0167 
     AP.087M  6 0.0022 0.0029 0.0046 0.0039 0.9865 
     AP.087P  6 0.0023 0.0024 0.0054 0.0095 0.9803 
     AP.087U  6 0.0114 0.0677 0.4724 0.0427 0.4059 
     AP.087X  6 0.0050 0.0128 0.7627 0.0160 0.2035 
     AP.0881  6 0.0059 0.0159 0.9023 0.0196 0.0563 
     AP.0882  6 0.0024 0.0053 0.0110 0.9761 0.0053 
     AP.0883  6 0.0066 0.0100 0.0063 0.0061 0.9709 
     AP.0884  6 0.0017 0.0032 0.0029 0.0202 0.9720 
     AP.0885  6 0.0042 0.0061 0.0087 0.0150 0.9660 
     AP.0887  6 0.0026 0.0049 0.0799 0.8529 0.0596 
     AP.0888  6 0.2393 0.0037 0.2960 0.0077 0.4532 
     AP.088A  6 0.0028 0.0032 0.0174 0.4741 0.5025 
     AP.088C  6 0.0097 0.0637 0.3290 0.5801 0.0175 
     AP.088J  6 0.0039 0.0033 0.0295 0.0048 0.9585 
     AP.088K  6 0.0045 0.0075 0.0704 0.0787 0.8388 
     AP.088L  6 0.0018 0.0039 0.0042 0.9796 0.0104 
     AP.088U  6 0.0022 0.0069 0.0043 0.9653 0.0213 
     AP.088X  6 0.0068 0.0167 0.0231 0.0265 0.9269 
     AP.08A0  6 0.0016 0.0020 0.0039 0.0056 0.9868 
     AP.08A1  6 0.0033 0.0033 0.0137 0.9294 0.0502 
     AP.08A3  6 0.0024 0.0034 0.0058 0.9281 0.0604 
     AP.08A4  6 0.0052 0.0939 0.5944 0.2585 0.0481 
     AP.08A5  6 0.0019 0.0034 0.0044 0.9756 0.0147 
     AP.08A6  6 0.0030 0.0022 0.0053 0.0069 0.9826 
     AP.08A8  6 0.0023 0.0045 0.0074 0.0095 0.9763 
     AP.08AC  6 0.0081 0.0143 0.0104 0.0325 0.9347 
     AP.08AH  6 0.0033 0.0058 0.0367 0.0154 0.9390 
     AP.08AJ  6 0.0030 0.0033 0.0033 0.0280 0.9623 
     AP.08AM  6 0.0023 0.0070 0.0083 0.0737 0.9088 
     AP.08AT  6 0.0019 0.0024 0.0025 0.0052 0.9880 
     AP.08AX  6 0.0018 0.0029 0.0036 0.9714 0.0203 
     CH.0LLP  6 0.0017 0.0037 0.0037 0.0083 0.9826 
     CH.0LM2  6 0.0037 0.0088 0.0293 0.1081 0.8501 
     CH.0LM4  6 0.0016 0.0023 0.0109 0.0031 0.9820 
     CH.0LM5  6 0.0019 0.0034 0.0044 0.0092 0.9811 
       M0102  6 0.0030 0.0037 0.0043 0.8282 0.1608 
       M023A  6 0.0015 0.0026 0.0029 0.9761 0.0168 
       M03MM  6 0.0035 0.0034 0.0165 0.5543 0.4223 
       M04PF  6 0.0019 0.0059 0.0033 0.0366 0.9523 
       M04XH  6 0.0036 0.0034 0.0059 0.0168 0.9703 
       M04XM  6 0.0023 0.0065 0.0057 0.9756 0.0098 
       M0557  6 0.0032 0.0021 0.0037 0.0035 0.9875 
       M055C  6 0.0216 0.0078 0.0140 0.0203 0.9363 
       M05JC  6 0.0023 0.0029 0.0303 0.0909 0.8736 
       M05PH  6 0.0030 0.0055 0.0167 0.0199 0.9548 
       M05X6  6 0.0041 0.0045 0.0058 0.8217 0.1639 
       M07TC  6 0.0047 0.0024 0.0037 0.8077 0.1815 
       M0A66  6 0.0019 0.0077 0.0106 0.8938 0.0860 
       M0EYT  6 0.0016 0.0033 0.0024 0.9899 0.0028 
       M0FF2  6 0.0015 0.0043 0.0027 0.9879 0.0036 
       M0HJ6  6 0.0057 0.0032 0.0486 0.0575 0.8850 
      HRV0JL  6 0.0014 0.0028 0.0027 0.9878 0.0052 
      HRV0JP  6 0.0077 0.0568 0.0076 0.8527 0.0752 
      HRV0KA  6 0.0025 0.0027 0.0061 0.3037 0.6850 
      HRV0LJ  6 0.0053 0.0138 0.0102 0.0117 0.9590 
      HRV0LM  6 0.0022 0.0042 0.0036 0.0120 0.9780 
      HRV0LP  6 0.0117 0.0145 0.0799 0.0278 0.8661 
       M0HJ8  6 0.0018 0.0028 0.0028 0.9895 0.0031 
       M0HM3  6 0.0021 0.0146 0.1266 0.5784 0.2783 
       M0J1X  6 0.0036 0.0041 0.0066 0.9688 0.0169 
       M0L32  6 0.0036 0.0238 0.0048 0.7375 0.2304 
       M0L8F  6 0.0073 0.0027 0.0068 0.0074 0.9758 
       M0LUH  6 0.0026 0.0034 0.0033 0.7900 0.2007 
       M0XPJ  6 0.0019 0.0052 0.0042 0.9842 0.0045 
       M0XTE  6 0.0147 0.0047 0.0242 0.0677 0.8886 
       M157H  6 0.0023 0.0550 0.0140 0.8829 0.0458 
       M16YU  6 0.0014 0.0039 0.0026 0.9812 0.0109 
       M1751  6 0.0026 0.0039 0.0086 0.7855 0.1995 
       M1C2H  6 0.0017 0.0022 0.0028 0.9890 0.0043 
       M1E60  6 0.0014 0.0022 0.0026 0.0052 0.9887 
       M1EKX  6 0.0016 0.0032 0.0028 0.9841 0.0083 
       M1EKY  6 0.0017 0.0037 0.0050 0.0385 0.9511 
       M1EL3  6 0.0035 0.0031 0.0036 0.0060 0.9836 
       M1ELC  6 0.0024 0.0034 0.0032 0.9791 0.0118 
       M1ELE  6 0.0018 0.0022 0.0027 0.9672 0.0262 
       M2AY0  6 0.0041 0.0060 0.0098 0.8272 0.1529 
       M2AY4  6 0.0022 0.0123 0.4193 0.3147 0.2514 
       M2AY5  6 0.0024 0.0040 0.0043 0.0131 0.9762 
       M2AY8  6 0.0989 0.0181 0.0257 0.0110 0.8463 
       M2C3A  6 0.0022 0.0119 0.0046 0.9671 0.0142 
       M2C3F  6 0.0024 0.0391 0.0043 0.0072 0.9470 
      HRV0ME  6 0.0026 0.0043 0.0032 0.9868 0.0031 
       M2CHJ  6 0.0047 0.0083 0.0079 0.3691 0.6100 
       M2CHM  6 0.0192 0.0054 0.0276 0.0365 0.9113 
       M2CHY  6 0.0030 0.0105 0.0034 0.0197 0.9634 
       W23E8  6 0.0020 0.0057 0.0034 0.9843 0.0047 
       W23EM  6 0.0027 0.0034 0.0034 0.9759 0.0147 
       W23EX  6 0.0022 0.0028 0.0026 0.9704 0.0221 
       W23F0  6 0.0019 0.0022 0.0025 0.9878 0.0056 
       W26L5  6 0.0081 0.0516 0.0045 0.0077 0.9281 
       W26LM  6 0.0374 0.0019 0.3515 0.0060 0.6032 
       W26MJ  6 0.0240 0.0055 0.0038 0.0122 0.9545 
       W26ML  6 0.0024 0.0025 0.0127 0.5640 0.4184 
       W26MT  6 0.0017 0.0020 0.0049 0.0190 0.9725 
       W26PE  6 0.0086 0.0056 0.7511 0.0166 0.2181 
       W26PJ  6 0.0073 0.0087 0.8134 0.0047 0.1660 
       W26PT  6 0.0025 0.0113 0.0228 0.0176 0.9459 
       W26PX  6 0.0132 0.0092 0.1483 0.0109 0.8183 
       W26T0  6 0.0041 0.0186 0.0078 0.0199 0.9496 
       W26TC  6 0.0015 0.0026 0.0039 0.0150 0.9770 
       W26TJ  6 0.0057 0.0107 0.9582 0.0077 0.0177 
       W26UE  6 0.0026 0.0092 0.0081 0.0447 0.9355 
       W26UF  6 0.0019 0.0069 0.0040 0.0192 0.9681 
       W26UL  6 0.0333 0.0070 0.0053 0.2439 0.7105 
       W26X2  6 0.0030 0.0041 0.0066 0.1083 0.8780 
       W2716  6 0.0062 0.0034 0.2998 0.0106 0.6801 
      HRV1C6  6 0.0017 0.0142 0.0337 0.8266 0.1239 
      HRV1CX  6 0.0036 0.0080 0.0059 0.0099 0.9727 
      HRV1E2  6 0.0018 0.0030 0.0028 0.0130 0.9794 
      HRV1E4  6 0.0016 0.0035 0.0154 0.9545 0.0250 
      HRV1E5  6 0.0016 0.0025 0.0044 0.0315 0.9600 
      HRV1EC  6 0.0024 0.0035 0.0040 0.0457 0.9443 
      HRV1EK  6 0.0041 0.0041 0.0032 0.9836 0.0051 
      HRV001  6 0.0020 0.0034 0.0046 0.9710 0.0191 
      HRV00H  6 0.0029 0.0021 0.0133 0.9582 0.0236 
      HRV00K  6 0.0019 0.0018 0.0041 0.9872 0.0049 
      HRV01X  6 0.0019 0.0057 0.0020 0.9873 0.0030 
      HRV025  6 0.0030 0.0044 0.0035 0.9839 0.0052 
      HRV028  6 0.0020 0.0058 0.0020 0.9872 0.0030 
      HRV041  6 0.0019 0.0026 0.0031 0.9840 0.0084 
      HRV04F  6 0.0019 0.0021 0.0023 0.9904 0.0033 
      HRV04L  6 0.0016 0.0028 0.0027 0.9888 0.0041 
      HRV055  6 0.0016 0.0025 0.0027 0.9834 0.0097 
      HRV05J  6 0.0021 0.0470 0.0213 0.0467 0.8829 
      HRV07J  6 0.0017 0.0055 0.0159 0.9692 0.0078 
      HRV07K  6 0.0038 0.0212 0.0026 0.0165 0.9559 
      HRV07L  6 0.0046 0.0032 0.0040 0.0039 0.9843 
      HRV07M  6 0.0018 0.0036 0.0034 0.9436 0.0476 
      HRV0HM  6 0.0045 0.0042 0.0088 0.9793 0.0032 
      HRV0J2  6 0.0018 0.0043 0.0037 0.9747 0.0155 
      HRV0K3  6 0.0018 0.0033 0.0051 0.9865 0.0032 
      HRV0KE  6 0.0019 0.0032 0.0078 0.9788 0.0082 
      HRV0KF  6 0.0039 0.0064 0.0403 0.2616 0.6878 
      HRV0KU  6 0.0055 0.0110 0.0089 0.0275 0.9471 
      HRV0L6  6 0.0017 0.0027 0.0042 0.0119 0.9795 
      HRV0M2  6 0.0033 0.0064 0.0044 0.0146 0.9713 
      HRV0MF  6 0.0017 0.0028 0.0021 0.9911 0.0023 
      HRV0MJ  6 0.0056 0.0693 0.0066 0.0069 0.9117 
      HRV1AT  6 0.0026 0.0023 0.0036 0.9813 0.0103 
      HRV1C1  6 0.0020 0.0025 0.0030 0.0127 0.9798 
      HRV1CL  6 0.0028 0.0054 0.0135 0.0150 0.9635 
      HRV1E1  6 0.0044 0.0030 0.0101 0.4274 0.5551 
      HRV1E7  6 0.0022 0.0051 0.0058 0.0479 0.9390 
      HRV1EE  6 0.0018 0.0033 0.0214 0.0101 0.9634 
      HRV1ET  6 0.0017 0.0022 0.0030 0.9890 0.0042 
         148  7 0.0248 0.0044 0.2625 0.0664 0.6419 
         149  7 0.0029 0.0042 0.7421 0.0084 0.2423 
         213  7 0.0051 0.0168 0.6872 0.0190 0.2718 
         215  7 0.0028 0.0087 0.8839 0.0097 0.0949 
         218  7 0.0031 0.0074 0.0503 0.0097 0.9294 
         219  7 0.0878 0.0048 0.2641 0.0042 0.6390 
         222  7 0.0045 0.0089 0.4864 0.0228 0.4774 
         224  7 0.0213 0.0646 0.0893 0.0176 0.8072 
         225  7 0.0027 0.0159 0.8075 0.0478 0.1261 
         229  7 0.0026 0.0022 0.0027 0.8810 0.1115 
         231  7 0.0058 0.0038 0.0344 0.0096 0.9464 
      HRV1CP  7 0.0038 0.0112 0.3096 0.0758 0.5995 
         239  7 0.0035 0.0135 0.0086 0.0365 0.9378 
         240  7 0.0037 0.0047 0.7534 0.0287 0.2095 
         243  7 0.0055 0.0665 0.6166 0.0323 0.2791 
         248  7 0.0015 0.0039 0.0029 0.6516 0.3401 
         250  7 0.0025 0.0032 0.4195 0.1547 0.4201 
         251  7 0.0222 0.0027 0.3334 0.0559 0.5858 
         256  7 0.0023 0.0024 0.0078 0.0148 0.9727 
         260  7 0.0090 0.0022 0.1628 0.0454 0.7806 
         261  7 0.0091 0.0861 0.0119 0.3799 0.5130 
         263  7 0.0047 0.0036 0.3142 0.2178 0.4597 
         284  7 0.0036 0.0153 0.8491 0.0199 0.1121 
         285  7 0.0040 0.0336 0.8613 0.0229 0.0783 
         286  7 0.0338 0.0022 0.0064 0.0107 0.9468 
         289  7 0.0041 0.0071 0.4258 0.3122 0.2508 
         291  7 0.0028 0.0178 0.6450 0.1424 0.1919 
         292  7 0.0042 0.0039 0.9705 0.0039 0.0175 
         293  7 0.0051 0.0140 0.3715 0.0179 0.5915 
      BF0001  7 0.0111 0.0024 0.3252 0.0360 0.6253 
      BF0002  7 0.0283 0.0156 0.0080 0.0044 0.9437 
       M2AY6  7 0.0028 0.0041 0.0048 0.1225 0.8658 
     Slov472  7 0.0132 0.0287 0.4216 0.4701 0.0664 
      BF0026  7 0.0051 0.0020 0.9846 0.0039 0.0044 
      BF0028  7 0.0039 0.0017 0.9294 0.0067 0.0583 
     CK.0PP5  7 0.0054 0.0148 0.9215 0.0064 0.0520 
     CK.0PP8  7 0.0040 0.0043 0.9209 0.0147 0.0561 
     CK.0PPC  7 0.0065 0.0053 0.9562 0.0042 0.0278 
     Slov166  7 0.0020 0.0024 0.9074 0.0061 0.0820 
     Slov189  7 0.0079 0.0080 0.8844 0.0139 0.0858 
     Slov196  7 0.0057 0.0028 0.7756 0.0069 0.2089 
     Slov204  7 0.0017 0.0036 0.9713 0.0086 0.0147 
      Slov24  7 0.0057 0.0036 0.6456 0.1361 0.2090 
      Slov26  7 0.0034 0.0127 0.9751 0.0024 0.0064 
      Slov33  7 0.0019 0.0033 0.6389 0.0186 0.3373 
     Slov447  7 0.0027 0.0038 0.7948 0.0352 0.1634 
     Slov449  7 0.0168 0.0070 0.5732 0.1081 0.2949 
     Slov492  7 0.0024 0.0025 0.9303 0.0042 0.0606 
      Slov56  7 0.0032 0.0137 0.8844 0.0700 0.0287 
       Slov7  7 0.0096 0.0079 0.8808 0.0086 0.0932 
      Slov70  7 0.0027 0.0167 0.9683 0.0070 0.0053 
      Slov75  7 0.0021 0.0028 0.9855 0.0030 0.0066 
      Slov78  7 0.0033 0.0055 0.9721 0.0093 0.0099 
      Slov85  7 0.0025 0.0072 0.0068 0.0312 0.9523 
      BF0003  7 0.0024 0.0401 0.0904 0.0091 0.8580 
      BF0004  7 0.0049 0.0084 0.5479 0.0867 0.3521 
      BF0005  7 0.0031 0.0024 0.9815 0.0068 0.0062 
      BF0006  7 0.0032 0.0033 0.9048 0.0364 0.0522 
      BF0007  7 0.0023 0.0073 0.9661 0.0056 0.0188 
      BF0008  7 0.0054 0.0031 0.9295 0.0463 0.0157 
      BF000A  7 0.0020 0.0036 0.9083 0.0168 0.0693 
      BF000C  7 0.0100 0.0063 0.2800 0.5415 0.1621 
      BF000E  7 0.0073 0.0064 0.9177 0.0120 0.0566 
      BF000F  7 0.0040 0.0029 0.5621 0.1340 0.2971 
      BF000H  7 0.0017 0.0039 0.6503 0.0677 0.2765 
      BF000J  7 0.0025 0.0102 0.8354 0.0996 0.0523 
      BF000K  7 0.0022 0.0036 0.7840 0.0248 0.1854 
      BF000L  7 0.0044 0.0035 0.4783 0.0448 0.4691 
      BF000M  8 0.0038 0.0086 0.5368 0.4326 0.0182 
      BF000P  8 0.0032 0.0091 0.8682 0.0849 0.0346 
      BF000T  8 0.0184 0.0045 0.2347 0.0107 0.7317 
      BF000U  8 0.0065 0.0075 0.9086 0.0195 0.0579 
      BF000X  8 0.0033 0.0052 0.9364 0.0410 0.0142 
      BF0010  8 0.0015 0.0028 0.9706 0.0071 0.0180 
      BF0011  8 0.0026 0.0073 0.8919 0.0674 0.0308 
      BF0012  8 0.0116 0.0026 0.9484 0.0111 0.0263 
      BF0013  8 0.0042 0.0094 0.9479 0.0105 0.0281 
      BF0014  8 0.0040 0.0117 0.8403 0.1076 0.0364 
      BF0015  8 0.0023 0.0035 0.9727 0.0090 0.0125 
      BF0016  8 0.0062 0.0065 0.9664 0.0123 0.0085 
      BF0017  8 0.0035 0.0018 0.6958 0.0045 0.2943 
      BF0018  8 0.0029 0.0137 0.8674 0.0224 0.0936 
      BF001A  8 0.0058 0.0028 0.9779 0.0065 0.0069 
      BF001C  8 0.0021 0.0033 0.9642 0.0127 0.0177 
      BF001E  8 0.0019 0.0038 0.9842 0.0062 0.0039 
      BF001F  8 0.0067 0.0066 0.8796 0.0144 0.0927 
      BF001H  8 0.0025 0.0031 0.9608 0.0053 0.0283 
      BF001J  8 0.0018 0.0054 0.9796 0.0041 0.0092 
      BF001K  8 0.0028 0.0055 0.9521 0.0304 0.0092 
      BF001L  8 0.0027 0.0112 0.9777 0.0038 0.0046 
      BF001M  8 0.0022 0.0204 0.9644 0.0051 0.0079 
      BF001P  8 0.0019 0.0402 0.9445 0.0046 0.0089 
      BF001T  8 0.0021 0.0046 0.9808 0.0037 0.0087 
      BF001U  8 0.0078 0.0028 0.9711 0.0077 0.0106 
      BF001X  8 0.0036 0.0021 0.9003 0.0065 0.0875 
      BF0020  8 0.0080 0.0057 0.9610 0.0119 0.0134 
      BF0022  8 0.0351 0.0027 0.9554 0.0021 0.0047 
      BF0023  8 0.0040 0.0161 0.9657 0.0089 0.0054 
      BF0025  8 0.0043 0.0114 0.9533 0.0100 0.0210 
     CX.10JP  9 0.0039 0.0051 0.9748 0.0050 0.0113 
     CX.10JX  9 0.0049 0.0032 0.9782 0.0106 0.0030 
     CX.10K0  9 0.0035 0.0085 0.9739 0.0088 0.0054 
     CX.10K5  9 0.0023 0.0068 0.9567 0.0220 0.0122 
     CX.10K6  9 0.0024 0.0045 0.9853 0.0037 0.0042 
     CX.10K7  9 0.0107 0.0047 0.9670 0.0066 0.0110 
     CX.10KA  9 0.0124 0.0016 0.9769 0.0056 0.0035 
     CX.10KC  9 0.0375 0.0030 0.9493 0.0049 0.0053 
     CX.10KH  9 0.0166 0.0039 0.9632 0.0064 0.0099 
     CX.10KL  9 0.0034 0.0299 0.9591 0.0025 0.0051 
     CX.10KM  9 0.0028 0.0024 0.9882 0.0025 0.0042 
     CX.10KT  9 0.0025 0.0028 0.9882 0.0035 0.0029 
     CX.10KU  9 0.0021 0.0026 0.9707 0.0127 0.0118 
     CX.10KX  9 0.0035 0.0042 0.9783 0.0068 0.0071 
     CX.10L0  9 0.0084 0.0028 0.7229 0.0088 0.2571 
     CX.10L6  9 0.0038 0.0040 0.9789 0.0060 0.0072 
     CX.10L7  9 0.0038 0.0044 0.9780 0.0092 0.0046 
     CX.10L8  9 0.0193 0.0180 0.9051 0.0247 0.0329 
     CX.10LA  9 0.0028 0.0091 0.9543 0.0105 0.0233 
     CX.10LE  9 0.0034 0.0041 0.9831 0.0061 0.0033 
     CX.10LH  9 0.0036 0.0028 0.9845 0.0060 0.0030 
     CX.10LK  9 0.0031 0.0111 0.9663 0.0109 0.0087 
     CX.10LL  9 0.0025 0.0017 0.9850 0.0066 0.0042 
     CX.10LP  9 0.0274 0.0088 0.9494 0.0081 0.0063 
     CX.10LT  9 0.0090 0.0033 0.9781 0.0024 0.0073 
     CX.10LU  9 0.0027 0.0062 0.9776 0.0064 0.0071 
     CX.10M1  9 0.0038 0.0021 0.9882 0.0030 0.0029 
     CX.10M2  9 0.0019 0.0022 0.9877 0.0031 0.0051 
     CX.10M3  9 0.0076 0.0050 0.9660 0.0097 0.0117 
     CX.10M5  9 0.0041 0.0045 0.9693 0.0095 0.0125 
     CX.10M6  9 0.0031 0.0024 0.9799 0.0061 0.0085 
     CX.10M7  9 0.0071 0.0163 0.9297 0.0229 0.0240 
     CX.10M8  9 0.0030 0.0034 0.9696 0.0037 0.0204 
     CX.10P3  9 0.0024 0.0208 0.9142 0.0119 0.0507 
     CX.10P7  9 0.0028 0.0051 0.9258 0.0043 0.0620 
     CX.10PC  9 0.0018 0.0051 0.9729 0.0113 0.0089 
     CX.10PE  9 0.0021 0.0020 0.9869 0.0033 0.0057 
     CX.10PU  9 0.0033 0.0101 0.9678 0.0071 0.0117 
     CX.10PX  9 0.0028 0.0026 0.9814 0.0078 0.0054 
     CX.10T0  9 0.0071 0.0028 0.9761 0.0038 0.0102 
     CX.10T2  9 0.0016 0.0036 0.9814 0.0066 0.0068 
     CX.10JT  9 0.0582 0.0045 0.9174 0.0051 0.0148 
     CX.10JY  9 0.0024 0.0057 0.9836 0.0029 0.0055 
     CX.10K4  9 0.0043 0.0041 0.9814 0.0065 0.0036 
     CX.10KE  9 0.0026 0.0026 0.9887 0.0031 0.0029 
     CX.10KY  9 0.0021 0.0025 0.9890 0.0032 0.0033 
     CX.10L2  9 0.0045 0.0061 0.9772 0.0035 0.0086 
     CX.10L3  9 0.0048 0.0035 0.9472 0.0313 0.0132 
     CX.10LF  9 0.0029 0.0057 0.9805 0.0043 0.0066 
     CX.10LM  9 0.0032 0.0039 0.8878 0.0606 0.0446 
     CX.10LY  9 0.0069 0.0072 0.9244 0.0466 0.0149 
     CX.10M0  9 0.0032 0.0031 0.9810 0.0039 0.0088 
     CX.10MA  9 0.0041 0.0208 0.8505 0.1030 0.0217 
     CK.0PLA 10 0.0035 0.9811 0.0043 0.0056 0.0055 
     CK.0PLC 10 0.0086 0.9267 0.0223 0.0189 0.0236 
     CK.0PLE 10 0.0019 0.9876 0.0042 0.0030 0.0033 
     CK.0PLF 10 0.0142 0.7676 0.0193 0.1952 0.0036 
     CK.0PLH 10 0.0027 0.9851 0.0025 0.0056 0.0041 
     CK.0PLJ 10 0.0037 0.9531 0.0280 0.0075 0.0076 
     CK.0PLK 10 0.0015 0.9900 0.0022 0.0031 0.0032 
     CK.0PLL 10 0.0050 0.9838 0.0040 0.0030 0.0042 
     CK.0PLM 10 0.0090 0.9771 0.0074 0.0030 0.0035 
     CK.0PLP 10 0.0044 0.9724 0.0070 0.0073 0.0090 
     CK.0PLT 10 0.0014 0.9929 0.0018 0.0019 0.0020 
     CK.0PLU 10 0.0021 0.9897 0.0025 0.0029 0.0028 
     CK.0PLX 10 0.0091 0.9609 0.0102 0.0076 0.0122 
     CK.0PLY 10 0.0014 0.9923 0.0018 0.0021 0.0023 
     CK.0PM0 10 0.0064 0.9718 0.0032 0.0024 0.0161 
     CK.0PM1 10 0.0017 0.9916 0.0020 0.0023 0.0023 
     CK.0PM2 10 0.0041 0.9763 0.0083 0.0045 0.0067 
     CK.0PM3 10 0.0045 0.9865 0.0026 0.0026 0.0038 
     CK.0PM4 10 0.0089 0.9729 0.0106 0.0033 0.0043 
     CK.0PM7 10 0.0019 0.9912 0.0023 0.0025 0.0022 
     CK.0PM8 10 0.0017 0.9912 0.0031 0.0020 0.0019 
     CK.0PMA 10 0.0040 0.9834 0.0056 0.0029 0.0041 
       M2C06 10 0.0017 0.9915 0.0023 0.0020 0.0024 
       M2C07 10 0.0013 0.9938 0.0016 0.0016 0.0016 
       M2C08 10 0.0013 0.9939 0.0014 0.0018 0.0016 
       M2C0A 10 0.0020 0.9897 0.0027 0.0023 0.0033 
       M2C0C 10 0.0026 0.9900 0.0023 0.0031 0.0021 
       M2C0E 10 0.0017 0.9922 0.0017 0.0021 0.0023 
     EF.15EU 11 0.0042 0.0043 0.9847 0.0035 0.0034 
     EF.15EE 11 0.0085 0.0021 0.9829 0.0025 0.0040 
     EF.15EF 11 0.0034 0.0035 0.9864 0.0039 0.0028 
     EF.15EH 11 0.0031 0.0017 0.9892 0.0029 0.0031 
     EF.15EJ 11 0.0034 0.0021 0.9878 0.0031 0.0036 
     EF.15EK 11 0.0086 0.0042 0.9799 0.0033 0.0040 
     EF.15EL 11 0.0516 0.0038 0.9340 0.0047 0.0060 
     EF.15EM 11 0.0048 0.0023 0.9835 0.0037 0.0057 
     EF.15EP 11 0.0113 0.0048 0.9767 0.0037 0.0035 
     EF.15ET 11 0.1979 0.0050 0.7910 0.0025 0.0036 
     EF.15EX 11 0.0032 0.0019 0.9889 0.0027 0.0033 
     EF.15F0 11 0.0177 0.0025 0.9756 0.0019 0.0024 
     EF.15F1 11 0.0123 0.0023 0.9754 0.0036 0.0064 
     EF.15F2 11 0.0084 0.0055 0.9781 0.0046 0.0033 
     EF.15F3 11 0.0040 0.0022 0.9859 0.0035 0.0043 
     EF.15F4 11 0.0027 0.0023 0.9893 0.0033 0.0023 
     EF.15F5 11 0.0307 0.0025 0.9605 0.0031 0.0032 
     EF.15F6 11 0.0032 0.0074 0.9852 0.0022 0.0019 
     EF.15FC 11 0.0053 0.0072 0.9732 0.0064 0.0079 
     EF.15FE 11 0.0318 0.0026 0.9581 0.0047 0.0029 
     EF.15FF 11 0.0037 0.0020 0.9848 0.0050 0.0045 
     EF.15FH 11 0.0022 0.0026 0.9870 0.0040 0.0042 
     EF.15FJ 11 0.0043 0.0036 0.9821 0.0051 0.0049 
     EF.15FK 11 0.0364 0.0048 0.9529 0.0032 0.0028 
     EF.15FL 11 0.0028 0.0031 0.9879 0.0028 0.0035 
     EF.15FM 11 0.0042 0.0030 0.9871 0.0027 0.0030 
     EF.15FP 11 0.0043 0.0032 0.9855 0.0032 0.0039 
      CC00K0 12 0.0021 0.0023 0.9882 0.0037 0.0037 
      CC01AY 12 0.0026 0.0059 0.9817 0.0047 0.0051 
      CC01EE 12 0.0038 0.0057 0.9718 0.0096 0.0091 
      CC03KH 12 0.0030 0.0025 0.9846 0.0059 0.0040 
      CC04FK 12 0.0094 0.0053 0.9523 0.0080 0.0250 
      CC04H8 12 0.0049 0.0395 0.9296 0.0080 0.0180 
      CC05EL 12 0.0055 0.0070 0.9656 0.0031 0.0189 
      CC05EM 12 0.0018 0.0028 0.9862 0.0055 0.0038 
      CC05EX 12 0.0020 0.0028 0.9851 0.0049 0.0051 
      CC05H2 12 0.0017 0.0182 0.9616 0.0115 0.0070 
      CC05HP 12 0.0023 0.0050 0.9592 0.0169 0.0165 
      CC05X0 12 0.0038 0.0023 0.9858 0.0036 0.0046 
      CC05X7 12 0.0030 0.0062 0.9772 0.0082 0.0054 
      CC0637 12 0.0022 0.0080 0.9746 0.0088 0.0064 
      CC0640 12 0.0032 0.0046 0.9785 0.0066 0.0071 
      FCC01M 12 0.0022 0.0129 0.9736 0.0071 0.0042 
      FCC2JC 12 0.0451 0.0035 0.9386 0.0071 0.0057 
      CC00JM 12 0.0204 0.0097 0.9504 0.0107 0.0088 
      CC00T6 12 0.0067 0.0809 0.8302 0.0172 0.0650 
      CC00T7 12 0.0027 0.0029 0.9615 0.0199 0.0130 
      CC00TC 12 0.0062 0.0728 0.9124 0.0052 0.0034 
      CC01CJ 12 0.0093 0.0988 0.8487 0.0364 0.0068 
      CC01CY 12 0.0033 0.0222 0.9573 0.0100 0.0072 
      CC01EC 12 0.0037 0.0030 0.9829 0.0055 0.0050 
      CC01EH 12 0.0091 0.0232 0.9589 0.0036 0.0053 
      CC01F2 12 0.0046 0.0047 0.9531 0.0155 0.0222 
      CC01FL 12 0.0031 0.1156 0.8667 0.0083 0.0063 
      CC025E 12 0.0069 0.0058 0.9772 0.0053 0.0049 
      CC03E3 12 0.0025 0.2166 0.7726 0.0046 0.0038 
      CC04AU 12 0.0024 0.0023 0.9845 0.0069 0.0040 
      CC04EK 12 0.0028 0.0038 0.9767 0.0112 0.0055 
      CC05FX 12 0.0024 0.0066 0.9790 0.0068 0.0052 
      CC05H7 12 0.0047 0.0121 0.9665 0.0074 0.0092 
      CC05M5 12 0.0029 0.0023 0.9847 0.0054 0.0047 
      CC05YK 12 0.0051 0.1535 0.8316 0.0038 0.0059 
      CC0630 12 0.0040 0.0037 0.9676 0.0170 0.0078 
      CC066E 12 0.0052 0.0050 0.9706 0.0081 0.0111 
      CC01ET 12 0.0069 0.0459 0.9348 0.0060 0.0064 
      CC01F1 12 0.0062 0.0088 0.9684 0.0096 0.0070 
      CC063M 12 0.0097 0.0099 0.9660 0.0060 0.0083 
