       M1EL5  1 0.9757 0.0045 0.0072 0.0025 0.0028 0.0048 0.0026 
       W26T6  1 0.9358 0.0128 0.0042 0.0039 0.0295 0.0062 0.0075 
       W26XX  1 0.9849 0.0024 0.0034 0.0026 0.0018 0.0029 0.0021 
       M013P  1 0.9849 0.0018 0.0034 0.0015 0.0026 0.0028 0.0030 
       M1ELA  1 0.9034 0.0044 0.0429 0.0115 0.0091 0.0153 0.0134 
       M2C73  1 0.9800 0.0037 0.0044 0.0019 0.0042 0.0033 0.0026 
       W23P4  1 0.8859 0.0311 0.0029 0.0612 0.0070 0.0065 0.0054 
       W247C  1 0.9862 0.0019 0.0027 0.0019 0.0026 0.0022 0.0025 
       W24K1  1 0.9882 0.0020 0.0021 0.0021 0.0019 0.0016 0.0021 
       W24ME  1 0.9540 0.0202 0.0028 0.0066 0.0064 0.0046 0.0053 
       W2514  1 0.9759 0.0043 0.0025 0.0054 0.0055 0.0035 0.0029 
       W26MA  1 0.9716 0.0060 0.0028 0.0060 0.0028 0.0041 0.0065 
       W26MM  1 0.9831 0.0026 0.0017 0.0023 0.0019 0.0030 0.0053 
       W26MU  1 0.9794 0.0051 0.0032 0.0023 0.0033 0.0040 0.0026 
       W26P0  1 0.9812 0.0037 0.0022 0.0025 0.0027 0.0052 0.0025 
       W26P3  1 0.9868 0.0015 0.0039 0.0018 0.0016 0.0025 0.0019 
       W26T5  1 0.9891 0.0021 0.0016 0.0019 0.0017 0.0019 0.0017 
       W26TE  1 0.9678 0.0051 0.0057 0.0044 0.0023 0.0103 0.0044 
       W26TF  1 0.9703 0.0018 0.0081 0.0020 0.0023 0.0021 0.0134 
       W26U8  1 0.9426 0.0158 0.0076 0.0127 0.0028 0.0121 0.0063 
       W26UJ  1 0.9868 0.0022 0.0016 0.0015 0.0031 0.0018 0.0030 
       W26UK  1 0.9882 0.0017 0.0031 0.0015 0.0020 0.0020 0.0015 
       W26UT  1 0.9842 0.0016 0.0060 0.0020 0.0025 0.0016 0.0021 
       W26XT  1 0.9735 0.0020 0.0106 0.0021 0.0034 0.0027 0.0057 
      CC06H2  1 0.9540 0.0095 0.0031 0.0190 0.0026 0.0039 0.0080 
      CC06H4  1 0.9814 0.0029 0.0029 0.0025 0.0021 0.0024 0.0057 
      CC06H5  1 0.9496 0.0081 0.0061 0.0121 0.0071 0.0129 0.0041 
      CC06H6  1 0.9754 0.0033 0.0051 0.0039 0.0028 0.0080 0.0016 
      CC06HE  1 0.9850 0.0021 0.0037 0.0018 0.0025 0.0027 0.0021 
      CC06HF  1 0.9489 0.0081 0.0124 0.0068 0.0107 0.0042 0.0090 
      CC06HH  1 0.9836 0.0020 0.0054 0.0028 0.0020 0.0023 0.0019 
      CC06HJ  1 0.9460 0.0032 0.0030 0.0024 0.0053 0.0305 0.0095 
      CC06HL  1 0.9878 0.0015 0.0029 0.0016 0.0016 0.0025 0.0021 
      CC06HP  1 0.9821 0.0017 0.0077 0.0016 0.0035 0.0018 0.0018 
      CC06HT  1 0.9362 0.0032 0.0259 0.0058 0.0182 0.0061 0.0047 
      CC06HU  1 0.9697 0.0017 0.0040 0.0026 0.0021 0.0171 0.0028 
      CC06HY  1 0.9641 0.0042 0.0035 0.0102 0.0064 0.0040 0.0076 
      CC06J0  1 0.9749 0.0035 0.0025 0.0028 0.0063 0.0028 0.0072 
      CC06J1  1 0.9678 0.0076 0.0029 0.0031 0.0073 0.0065 0.0048 
      CC06J2  1 0.9794 0.0031 0.0068 0.0022 0.0017 0.0035 0.0034 
     CT.0YCY  1 0.9829 0.0029 0.0031 0.0032 0.0023 0.0029 0.0026 
     CT.0YEC  1 0.9887 0.0016 0.0024 0.0015 0.0017 0.0016 0.0026 
     CT.0YEF  1 0.9838 0.0029 0.0024 0.0031 0.0027 0.0031 0.0020 
     CT.0YEU  1 0.9895 0.0018 0.0016 0.0019 0.0019 0.0019 0.0014 
     CT.0YF2  1 0.9743 0.0069 0.0026 0.0028 0.0028 0.0058 0.0048 
     CT.0YF8  1 0.9871 0.0020 0.0042 0.0015 0.0020 0.0020 0.0013 
     CT.0YFA  1 0.9785 0.0051 0.0037 0.0030 0.0025 0.0056 0.0015 
     CT.0YFE  1 0.9763 0.0047 0.0066 0.0032 0.0031 0.0035 0.0026 
     CT.0YFP  1 0.9733 0.0073 0.0017 0.0021 0.0036 0.0035 0.0084 
     CT.0YFU  1 0.9839 0.0032 0.0030 0.0027 0.0024 0.0025 0.0023 
     CT.0YK7  1 0.9775 0.0047 0.0031 0.0040 0.0023 0.0023 0.0061 
     CX.10PT  1 0.9447 0.0083 0.0074 0.0126 0.0029 0.0047 0.0194 
      DAM021  1 0.9372 0.0028 0.0264 0.0084 0.0200 0.0026 0.0026 
      DAM034  1 0.9798 0.0045 0.0030 0.0035 0.0041 0.0035 0.0015 
      DAM07X  1 0.9826 0.0039 0.0026 0.0039 0.0024 0.0028 0.0020 
     EF.15J6  1 0.9854 0.0021 0.0031 0.0023 0.0019 0.0031 0.0021 
      HRV010  1 0.9804 0.0023 0.0027 0.0024 0.0022 0.0058 0.0043 
      HRV02J  1 0.9759 0.0065 0.0041 0.0026 0.0023 0.0056 0.0029 
      HRV078  1 0.9683 0.0030 0.0043 0.0031 0.0153 0.0024 0.0036 
      HRV0FH  1 0.9862 0.0038 0.0018 0.0018 0.0018 0.0026 0.0021 
      HRV0H5  1 0.9789 0.0031 0.0050 0.0038 0.0034 0.0031 0.0028 
      HRV0JF  1 0.9530 0.0072 0.0027 0.0029 0.0270 0.0048 0.0024 
      HRV0JJ  1 0.9774 0.0049 0.0026 0.0042 0.0043 0.0040 0.0026 
      HRV0JM  1 0.9821 0.0044 0.0037 0.0022 0.0029 0.0027 0.0019 
      HRV0K6  1 0.9433 0.0117 0.0028 0.0054 0.0037 0.0174 0.0157 
      HRV0K7  1 0.9767 0.0025 0.0061 0.0018 0.0014 0.0092 0.0023 
      HRV0KP  1 0.9616 0.0032 0.0070 0.0039 0.0086 0.0054 0.0104 
      HRV1AX  1 0.9595 0.0084 0.0118 0.0070 0.0057 0.0044 0.0032 
      HRV1C4  1 0.9747 0.0052 0.0020 0.0103 0.0037 0.0024 0.0018 
      HRV1CH  1 0.9771 0.0058 0.0028 0.0029 0.0025 0.0060 0.0028 
      HRV1FA  1 0.9694 0.0035 0.0081 0.0050 0.0027 0.0080 0.0033 
      HRV1FK  1 0.9752 0.0040 0.0028 0.0045 0.0024 0.0034 0.0076 
      HRV1H8  1 0.9791 0.0028 0.0082 0.0029 0.0020 0.0031 0.0019 
      HRV1HT  1 0.9732 0.0052 0.0041 0.0045 0.0040 0.0045 0.0045 
      HRV1XU  1 0.9671 0.0027 0.0044 0.0033 0.0061 0.0021 0.0143 
      HRV4TF  1 0.9201 0.0019 0.0657 0.0025 0.0022 0.0050 0.0028 
      HRV6F0  1 0.9735 0.0026 0.0104 0.0024 0.0052 0.0026 0.0033 
      HRVE6L  1 0.9311 0.0035 0.0380 0.0030 0.0145 0.0041 0.0058 
       M27HM  1 0.9741 0.0042 0.0047 0.0027 0.0091 0.0030 0.0021 
       M27HP  1 0.9878 0.0019 0.0022 0.0021 0.0019 0.0021 0.0019 
       M2AK4  1 0.9862 0.0020 0.0024 0.0021 0.0029 0.0020 0.0024 
       M2ALA  1 0.9872 0.0019 0.0022 0.0021 0.0024 0.0020 0.0023 
       M2C56  1 0.9616 0.0040 0.0127 0.0032 0.0109 0.0044 0.0031 
       M2CUX  1 0.9726 0.0084 0.0026 0.0024 0.0024 0.0054 0.0060 
       M2E24  1 0.9879 0.0026 0.0018 0.0020 0.0018 0.0021 0.0019 
       M2EA7  1 0.9850 0.0025 0.0024 0.0025 0.0029 0.0020 0.0027 
       M2EH6  1 0.9851 0.0022 0.0024 0.0029 0.0018 0.0035 0.0022 
       M2EKC  1 0.8160 0.0053 0.1504 0.0034 0.0040 0.0145 0.0064 
      MSV083  1 0.9639 0.0027 0.0053 0.0022 0.0029 0.0066 0.0163 
      MSV084  1 0.9703 0.0046 0.0055 0.0041 0.0020 0.0111 0.0023 
      MSV0LJ  1 0.9780 0.0046 0.0046 0.0024 0.0045 0.0031 0.0029 
      MSV1H5  1 0.9667 0.0045 0.0040 0.0080 0.0039 0.0106 0.0024 
      MSV1KM  1 0.9880 0.0022 0.0024 0.0018 0.0019 0.0018 0.0018 
      MSV23F  1 0.9639 0.0023 0.0131 0.0027 0.0040 0.0040 0.0100 
      MSV2L8  1 0.9798 0.0038 0.0027 0.0017 0.0067 0.0021 0.0031 
      MSV2P7  1 0.9842 0.0023 0.0017 0.0024 0.0052 0.0018 0.0025 
      MSV2TJ  1 0.9763 0.0073 0.0040 0.0036 0.0025 0.0046 0.0016 
      MSV2XM  1 0.9785 0.0036 0.0045 0.0032 0.0026 0.0035 0.0041 
      MSV327  1 0.9841 0.0024 0.0022 0.0024 0.0025 0.0033 0.0031 
      MSV33L  1 0.9889 0.0018 0.0019 0.0020 0.0014 0.0022 0.0017 
      MSV1TX  2 0.5910 0.0129 0.0028 0.3591 0.0263 0.0039 0.0040 
      MSV025  2 0.0036 0.0033 0.0038 0.0102 0.9704 0.0032 0.0055 
      MSV02C  2 0.0092 0.0040 0.0087 0.0094 0.9522 0.0035 0.0130 
      MSV02E  2 0.0060 0.0051 0.0055 0.0051 0.9697 0.0020 0.0066 
      MSV0TF  2 0.0053 0.0060 0.0019 0.0050 0.9752 0.0020 0.0046 
       M2EL8  2 0.0055 0.0045 0.0056 0.0165 0.9293 0.0027 0.0357 
      MSV21T  3 0.0016 0.0049 0.0027 0.0068 0.9791 0.0022 0.0028 
       M2E71  3 0.0022 0.0024 0.0035 0.0146 0.9719 0.0034 0.0020 
       W23CA  4 0.0034 0.0806 0.0047 0.0109 0.8838 0.0148 0.0019 
     AP.085Y  4 0.0035 0.7251 0.0074 0.0131 0.2348 0.0081 0.0079 
     CH.0LLY  4 0.0022 0.0033 0.0034 0.0021 0.9837 0.0029 0.0025 
       M0LEC  4 0.0018 0.9749 0.0026 0.0049 0.0050 0.0090 0.0018 
       M2C3H  4 0.0014 0.0025 0.0028 0.0022 0.9866 0.0021 0.0024 
       M2CHL  4 0.0016 0.0017 0.0020 0.0014 0.9895 0.0019 0.0018 
       W26P7  4 0.0018 0.0056 0.0029 0.0020 0.9830 0.0027 0.0019 
     AP.07M5  4 0.0052 0.8466 0.0049 0.0076 0.0057 0.0092 0.1209 
     AP.080U  4 0.0030 0.2149 0.0076 0.0058 0.7431 0.0215 0.0041 
     AP.082A  4 0.0019 0.9767 0.0024 0.0052 0.0064 0.0037 0.0037 
     AP.0843  4 0.0138 0.8378 0.0025 0.0036 0.1142 0.0231 0.0049 
     AP.0844  4 0.0587 0.7801 0.0097 0.0036 0.1404 0.0054 0.0020 
     AP.084X  4 0.0021 0.0261 0.0017 0.0081 0.9555 0.0031 0.0033 
     AP.086Y  4 0.0014 0.0030 0.0021 0.0020 0.9876 0.0020 0.0021 
     AP.0870  4 0.0053 0.0962 0.0508 0.0204 0.7992 0.0257 0.0024 
     AP.0878  4 0.0023 0.0052 0.0049 0.0024 0.9784 0.0049 0.0020 
     AP.087F  4 0.0016 0.0064 0.0021 0.0019 0.9832 0.0030 0.0018 
     AP.087Y  4 0.0015 0.0019 0.0019 0.0014 0.9898 0.0018 0.0016 
     AP.088P  4 0.0050 0.9442 0.0042 0.0136 0.0215 0.0067 0.0048 
     AP.08AK  4 0.0063 0.9567 0.0022 0.0090 0.0047 0.0028 0.0183 
     CH.0LLM  4 0.0017 0.0049 0.0023 0.0083 0.9770 0.0020 0.0038 
     CH.0LLU  4 0.0169 0.0085 0.0038 0.0228 0.9339 0.0066 0.0075 
     CH.0LM0  4 0.0048 0.0108 0.0022 0.0031 0.9683 0.0062 0.0046 
     CH.0LM3  4 0.0045 0.9780 0.0021 0.0040 0.0024 0.0039 0.0051 
       W26MY  4 0.1243 0.7301 0.0325 0.0039 0.0606 0.0079 0.0407 
       W26P6  4 0.0448 0.9222 0.0031 0.0058 0.0085 0.0102 0.0054 
      HRV07U  4 0.0081 0.9101 0.0329 0.0046 0.0072 0.0341 0.0030 
      HRV1CT  4 0.0026 0.9765 0.0031 0.0056 0.0056 0.0035 0.0032 
      HRV1CU  4 0.0020 0.9364 0.0041 0.0441 0.0047 0.0038 0.0050 
      HRV1E6  4 0.0018 0.9717 0.0036 0.0063 0.0069 0.0060 0.0036 
      HRV081  4 0.0015 0.9570 0.0020 0.0237 0.0058 0.0027 0.0073 
      HRV1E3  4 0.0036 0.9670 0.0039 0.0044 0.0037 0.0155 0.0020 
      MSV21E  4 0.0018 0.0067 0.0036 0.0146 0.9675 0.0026 0.0031 
      MSV216  4 0.0019 0.0049 0.0099 0.0059 0.9715 0.0026 0.0033 
       M0TYK  4 0.0123 0.9556 0.0047 0.0040 0.0166 0.0036 0.0034 
      MSV2AA  4 0.0023 0.0048 0.0029 0.0155 0.9696 0.0024 0.0025 
     CK.0PET  4 0.0021 0.0022 0.0036 0.0027 0.9852 0.0018 0.0023 
       M2E8C  4 0.0026 0.0193 0.0030 0.9627 0.0052 0.0032 0.0041 
      MSV23X  4 0.0017 0.0056 0.0034 0.0130 0.9710 0.0025 0.0028 
      MSV32A  4 0.0015 0.0061 0.0029 0.0121 0.9725 0.0030 0.0019 
     AP.0838  4 0.0065 0.7907 0.0579 0.0073 0.1267 0.0094 0.0015 
     AP.088F  4 0.0038 0.2064 0.0189 0.1077 0.4912 0.1696 0.0024 
      DAM2HL  5 0.0019 0.9636 0.0045 0.0102 0.0060 0.0114 0.0024 
       M2ALK  5 0.0037 0.0211 0.1547 0.6317 0.1790 0.0070 0.0028 
       M2E2J  5 0.0241 0.9323 0.0023 0.0071 0.0043 0.0025 0.0274 
       M2E73  5 0.0020 0.9737 0.0035 0.0110 0.0028 0.0037 0.0033 
       M2E74  5 0.0033 0.0090 0.2076 0.7620 0.0079 0.0079 0.0023 
       M2EUJ  5 0.0028 0.0263 0.2469 0.1813 0.4336 0.1061 0.0029 
      DAM1XK  5 0.0021 0.9571 0.0035 0.0174 0.0047 0.0126 0.0026 
       M2057  5 0.0025 0.9759 0.0035 0.0090 0.0036 0.0039 0.0015 
       M2271  5 0.0015 0.0037 0.0033 0.9707 0.0027 0.0033 0.0148 
       M27YK  5 0.0302 0.7443 0.1053 0.0064 0.0072 0.1048 0.0017 
       M2A1H  5 0.0018 0.0039 0.0046 0.5214 0.0037 0.0024 0.4621 
       M2E0P  5 0.0021 0.3216 0.0031 0.6615 0.0039 0.0034 0.0044 
       M2E75  5 0.0017 0.0264 0.0028 0.9294 0.0080 0.0236 0.0081 
       M2E76  5 0.0029 0.0088 0.0081 0.9695 0.0040 0.0047 0.0018 
      MSV0T5  5 0.0073 0.3269 0.0028 0.6358 0.0140 0.0084 0.0048 
      MSV241  5 0.0032 0.0281 0.0027 0.9529 0.0038 0.0062 0.0031 
      MSV2A0  5 0.0038 0.0065 0.0037 0.9707 0.0048 0.0041 0.0065 
      MSV2A1  5 0.0015 0.0028 0.0022 0.9864 0.0024 0.0023 0.0024 
      MSV2A8  5 0.0023 0.0179 0.0085 0.9554 0.0095 0.0041 0.0024 
      DAM1P5  5 0.0013 0.0052 0.0016 0.9841 0.0044 0.0019 0.0016 
       M1084  5 0.0020 0.9706 0.0052 0.0107 0.0039 0.0049 0.0026 
      MSV2M4  5 0.0027 0.0099 0.0043 0.9631 0.0069 0.0079 0.0051 
      MSV2T6  5 0.0032 0.0045 0.0033 0.9464 0.0079 0.0059 0.0288 
       M1UM1  5 0.0058 0.8321 0.0164 0.0534 0.0158 0.0711 0.0054 
       M2ECL  5 0.0152 0.1921 0.0279 0.6759 0.0596 0.0274 0.0019 
       M2EJ0  5 0.0018 0.8098 0.0032 0.1281 0.0038 0.0512 0.0021 
      MSV20J  5 0.0020 0.0196 0.0066 0.9440 0.0151 0.0082 0.0044 
      MSV2TK  5 0.0128 0.2001 0.0245 0.6821 0.0648 0.0139 0.0019 
      MSV2TX  5 0.0017 0.0462 0.0046 0.9304 0.0108 0.0037 0.0026 
      MSV310  5 0.0036 0.0082 0.0030 0.9745 0.0041 0.0028 0.0038 
      MSV33F  5 0.0033 0.0067 0.0029 0.9707 0.0047 0.0034 0.0084 
      DAM35L  5 0.0019 0.0082 0.0024 0.9587 0.0081 0.0076 0.0131 
       M2E4C  5 0.0021 0.0310 0.0079 0.9398 0.0130 0.0039 0.0025 
       M2E4H  5 0.0080 0.8729 0.0046 0.0329 0.0485 0.0281 0.0049 
       M2E65  5 0.0031 0.0041 0.0184 0.9558 0.0063 0.0100 0.0023 
       M2EEJ  5 0.0022 0.0041 0.0022 0.9831 0.0029 0.0019 0.0036 
       M2EEP  5 0.0035 0.0215 0.0076 0.9401 0.0104 0.0071 0.0098 
      MSV1TU  5 0.0027 0.0162 0.0027 0.0948 0.8771 0.0030 0.0035 
      MSV20M  5 0.0019 0.0232 0.0061 0.9524 0.0063 0.0064 0.0036 
      MSV223  5 0.0027 0.9770 0.0023 0.0073 0.0035 0.0041 0.0029 
      MSV22E  5 0.0026 0.0182 0.0044 0.9590 0.0057 0.0060 0.0040 
      MSV23J  5 0.0022 0.9810 0.0020 0.0048 0.0036 0.0035 0.0027 
      MSV2K6  5 0.0020 0.0058 0.0025 0.9773 0.0063 0.0026 0.0035 
      DAM23U  5 0.0064 0.5679 0.0188 0.3892 0.0067 0.0051 0.0058 
       M2E8A  5 0.0020 0.0083 0.0044 0.9734 0.0032 0.0032 0.0055 
      MSV2L2  5 0.0026 0.0067 0.0030 0.9723 0.0044 0.0027 0.0084 
       M1YMH  5 0.0092 0.5593 0.0037 0.4012 0.0105 0.0068 0.0093 
       M2A84  5 0.0034 0.0179 0.0032 0.1871 0.7811 0.0031 0.0042 
      MSV23M  5 0.0033 0.8856 0.0082 0.0081 0.0051 0.0868 0.0030 
     AP.085T  5 0.0018 0.0601 0.0036 0.9180 0.0073 0.0041 0.0051 
     AP.086J  5 0.0027 0.0152 0.0252 0.0379 0.0670 0.8450 0.0070 
     AP.08C2  5 0.0146 0.4925 0.0502 0.0094 0.0225 0.3844 0.0265 
     AP.08CF  5 0.0020 0.3657 0.0048 0.5990 0.0038 0.0127 0.0119 
     AP.08CX  5 0.0014 0.0048 0.0024 0.9807 0.0057 0.0030 0.0019 
     AP.08CY  5 0.0085 0.0352 0.0633 0.8677 0.0027 0.0199 0.0027 
      DAM0JX  5 0.0022 0.8394 0.0033 0.1102 0.0228 0.0139 0.0082 
      DAM0P4  5 0.0020 0.9729 0.0025 0.0114 0.0033 0.0031 0.0048 
      DAM0UK  5 0.0046 0.2890 0.0066 0.5896 0.0057 0.1011 0.0033 
       M2030  5 0.0018 0.0049 0.0028 0.9728 0.0021 0.0075 0.0081 
      MSV24M  5 0.0029 0.0407 0.0034 0.9262 0.0105 0.0135 0.0029 
       M20AM  5 0.0022 0.0384 0.0518 0.1251 0.6363 0.1438 0.0024 
       M21YP  5 0.0021 0.0026 0.9864 0.0024 0.0021 0.0023 0.0020 
       M2205  5 0.0013 0.0060 0.0028 0.9783 0.0035 0.0043 0.0037 
       M2206  5 0.0018 0.0117 0.0040 0.9697 0.0030 0.0072 0.0025 
      MSV267  5 0.0022 0.0225 0.0027 0.9442 0.0052 0.0200 0.0033 
       M2757  5 0.0029 0.0515 0.0651 0.1347 0.6536 0.0883 0.0039 
       M27TH  5 0.0019 0.9703 0.0057 0.0104 0.0053 0.0047 0.0017 
      MSV2JA  5 0.0063 0.1432 0.0897 0.4577 0.0107 0.0061 0.2864 
      MSV2KU  5 0.0028 0.0046 0.0074 0.9699 0.0033 0.0048 0.0071 
      MSV2MF  5 0.0027 0.0271 0.0452 0.8091 0.1004 0.0090 0.0065 
      MSV2TA  5 0.0015 0.0035 0.0026 0.9836 0.0046 0.0024 0.0018 
      MSV2TE  5 0.0015 0.0191 0.0028 0.9681 0.0034 0.0025 0.0027 
      MSV2TU  5 0.0118 0.1820 0.0038 0.7531 0.0062 0.0397 0.0033 
      MSV2UT  5 0.0037 0.0898 0.0834 0.7566 0.0501 0.0134 0.0031 
      MSV306  5 0.0025 0.0083 0.0053 0.9699 0.0038 0.0080 0.0022 
      MSV311  5 0.0016 0.0056 0.0034 0.9630 0.0064 0.0178 0.0023 
      MSV31M  5 0.0033 0.5474 0.0078 0.3950 0.0043 0.0388 0.0034 
      MSV325  5 0.0026 0.0839 0.0036 0.8891 0.0059 0.0037 0.0112 
      MSV32H  5 0.0047 0.0199 0.0058 0.9452 0.0058 0.0080 0.0106 
     CX.112U  5 0.0029 0.0185 0.0067 0.9463 0.0034 0.0196 0.0026 
      DAM2PC  5 0.0015 0.0075 0.0022 0.2300 0.0052 0.0016 0.7519 
       M2E48  5 0.0022 0.0203 0.0044 0.9611 0.0051 0.0037 0.0032 
       M2E7K  5 0.0024 0.0513 0.0060 0.9285 0.0038 0.0046 0.0035 
       M2E80  5 0.0021 0.0080 0.0042 0.9756 0.0025 0.0034 0.0041 
       M2EAM  5 0.0013 0.0065 0.0031 0.9787 0.0053 0.0027 0.0023 
       M2EFF  5 0.0032 0.0030 0.0057 0.9719 0.0113 0.0025 0.0025 
       M2EFY  5 0.0023 0.5976 0.0078 0.3816 0.0050 0.0041 0.0017 
       M2EHM  5 0.0018 0.0081 0.0028 0.9711 0.0025 0.0088 0.0049 
       M2EK0  5 0.0020 0.9482 0.0036 0.0239 0.0036 0.0120 0.0066 
       M2EK1  5 0.0017 0.6171 0.0081 0.3502 0.0094 0.0090 0.0045 
      MSV22F  5 0.0024 0.0757 0.0047 0.8856 0.0128 0.0114 0.0073 
      MSV273  5 0.0030 0.0033 0.0036 0.9805 0.0054 0.0023 0.0020 
      MSV0TL  5 0.0048 0.1114 0.0081 0.1186 0.0340 0.0138 0.7092 
      MSV0TT  5 0.0020 0.0033 0.0033 0.9839 0.0025 0.0022 0.0029 
      MSV12H  5 0.0018 0.9730 0.0038 0.0075 0.0079 0.0030 0.0030 
      MSV1TH  5 0.0027 0.0051 0.0282 0.9348 0.0101 0.0117 0.0074 
      MSV275  5 0.0025 0.0025 0.0032 0.9809 0.0022 0.0023 0.0064 
      MSV286  5 0.0048 0.0052 0.0160 0.9560 0.0074 0.0076 0.0030 
      MSV2H4  5 0.0016 0.0052 0.0034 0.9810 0.0039 0.0029 0.0021 
      MSV2K8  5 0.0024 0.0099 0.0191 0.8727 0.0148 0.0775 0.0036 
      MSV2PM  5 0.0012 0.0052 0.0016 0.9839 0.0046 0.0019 0.0016 
      MSV2X3  5 0.0013 0.0666 0.0021 0.9162 0.0070 0.0030 0.0038 
      MSV2X4  5 0.0046 0.0077 0.0044 0.9607 0.0058 0.0078 0.0091 
      MSV30U  5 0.0014 0.1018 0.0026 0.8834 0.0043 0.0028 0.0036 
     CX.111C  5 0.0017 0.8247 0.0026 0.1536 0.0087 0.0029 0.0057 
     AP.07M2  6 0.0126 0.9538 0.0034 0.0041 0.0083 0.0105 0.0074 
      HRV05C  6 0.0047 0.9609 0.0021 0.0054 0.0126 0.0046 0.0096 
      HRV077  6 0.0061 0.1293 0.0161 0.0291 0.7447 0.0539 0.0207 
      HRV0A0  6 0.0052 0.0407 0.0029 0.9307 0.0137 0.0039 0.0030 
      HRV0MC  6 0.0022 0.9625 0.0026 0.0065 0.0133 0.0032 0.0096 
      HRV00P  6 0.0014 0.0029 0.0030 0.9837 0.0026 0.0033 0.0031 
      HRV01J  6 0.0021 0.0034 0.0033 0.9813 0.0036 0.0024 0.0040 
      HRV026  6 0.0019 0.0036 0.0020 0.9830 0.0019 0.0027 0.0049 
      HRV02C  6 0.0015 0.0112 0.0022 0.9752 0.0042 0.0028 0.0029 
      HRV031  6 0.0018 0.1878 0.0026 0.7916 0.0049 0.0077 0.0036 
      HRV033  6 0.0018 0.1890 0.0026 0.7903 0.0049 0.0076 0.0037 
      HRV05L  6 0.0019 0.3779 0.0052 0.3275 0.0192 0.2631 0.0052 
      HRV06A  6 0.0019 0.0110 0.0037 0.9714 0.0052 0.0036 0.0033 
      HRV07P  6 0.0016 0.9762 0.0031 0.0086 0.0036 0.0037 0.0032 
      HRV0HC  6 0.0083 0.9210 0.0047 0.0049 0.0543 0.0035 0.0033 
      HRV0HU  6 0.0041 0.5678 0.0035 0.2524 0.0087 0.1569 0.0066 
      HRV0K1  6 0.0018 0.0089 0.0031 0.9634 0.0098 0.0087 0.0043 
      HRV0M6  6 0.0048 0.0031 0.0042 0.9635 0.0026 0.0169 0.0048 
      HRV0M7  6 0.0021 0.9750 0.0050 0.0060 0.0051 0.0047 0.0020 
      HRV0MK  6 0.0014 0.0036 0.0033 0.9831 0.0021 0.0044 0.0019 
      HRV1C7  6 0.0019 0.0221 0.0034 0.9103 0.0032 0.0543 0.0047 
      HRV1EA  6 0.0043 0.9567 0.0101 0.0109 0.0117 0.0044 0.0019 
       M147K  6 0.0013 0.0075 0.0030 0.9769 0.0047 0.0021 0.0044 
      HRV008  6 0.0019 0.9569 0.0021 0.0135 0.0108 0.0045 0.0103 
      HRV015  6 0.0026 0.0043 0.0022 0.9801 0.0025 0.0022 0.0061 
      HRV01F  6 0.0034 0.0049 0.0033 0.9791 0.0029 0.0031 0.0033 
      HRV01L  6 0.0018 0.0030 0.0021 0.9847 0.0021 0.0030 0.0034 
      HRV01M  6 0.0025 0.8873 0.0070 0.0675 0.0079 0.0186 0.0092 
      HRV020  6 0.0025 0.0024 0.0026 0.9839 0.0016 0.0020 0.0050 
      HRV022  6 0.0041 0.0047 0.0029 0.9788 0.0023 0.0024 0.0047 
      HRV02A  6 0.0025 0.0030 0.0025 0.9856 0.0020 0.0022 0.0022 
      HRV02K  6 0.0040 0.0024 0.0032 0.9779 0.0017 0.0030 0.0077 
      HRV04C  6 0.0017 0.0067 0.0028 0.9796 0.0033 0.0023 0.0035 
      HRV05H  6 0.0035 0.9341 0.0104 0.0155 0.0112 0.0222 0.0031 
      HRV076  6 0.0043 0.9635 0.0059 0.0119 0.0040 0.0055 0.0050 
      HRV07H  6 0.0013 0.9753 0.0022 0.0061 0.0083 0.0039 0.0029 
      HRV07X  6 0.0038 0.9642 0.0030 0.0182 0.0032 0.0060 0.0016 
      HRV080  6 0.0016 0.9789 0.0020 0.0082 0.0043 0.0028 0.0022 
      HRV086  6 0.0062 0.4295 0.0067 0.5341 0.0071 0.0110 0.0055 
      HRV0H3  6 0.0023 0.0033 0.0037 0.9797 0.0037 0.0033 0.0040 
      HRV0J3  6 0.0022 0.9741 0.0041 0.0072 0.0065 0.0039 0.0019 
      HRV0JX  6 0.0039 0.9709 0.0056 0.0048 0.0045 0.0047 0.0055 
      HRV0ML  6 0.0015 0.0171 0.0023 0.9641 0.0049 0.0036 0.0064 
      HRV1E8  6 0.0019 0.9591 0.0042 0.0187 0.0069 0.0062 0.0030 
      HRV007  6 0.0031 0.9272 0.0117 0.0274 0.0067 0.0187 0.0053 
      HRV005  6 0.0031 0.5767 0.0255 0.3723 0.0042 0.0127 0.0055 
      HRV05U  6 0.0019 0.9299 0.0028 0.0036 0.0075 0.0491 0.0053 
      HRV01U  6 0.0019 0.9777 0.0048 0.0040 0.0058 0.0040 0.0018 
     AP.07M1  6 0.0018 0.0035 0.0031 0.9819 0.0024 0.0039 0.0034 
     AP.07ME  6 0.0031 0.9294 0.0264 0.0187 0.0044 0.0127 0.0052 
     AP.0817  6 0.0023 0.9648 0.0048 0.0052 0.0029 0.0179 0.0021 
     AP.0863  6 0.0096 0.9074 0.0097 0.0154 0.0088 0.0365 0.0126 
     AP.087T  6 0.0071 0.9257 0.0022 0.0053 0.0387 0.0158 0.0051 
     AP.088T  6 0.0015 0.9798 0.0022 0.0056 0.0033 0.0046 0.0030 
     CH.0LM1  6 0.0025 0.9600 0.0031 0.0067 0.0108 0.0117 0.0053 
       M05X5  6 0.0182 0.7569 0.0254 0.0363 0.0085 0.1370 0.0177 
       M06JH  6 0.0052 0.0545 0.0238 0.0641 0.8124 0.0170 0.0230 
       M0A6K  6 0.0034 0.3026 0.0059 0.0838 0.5679 0.0337 0.0027 
       M0ETF  6 0.0017 0.0039 0.0024 0.9824 0.0023 0.0028 0.0044 
       M0LUP  6 0.0034 0.6049 0.0038 0.3627 0.0097 0.0115 0.0040 
       M16F1  6 0.0023 0.0230 0.0027 0.9328 0.0033 0.0055 0.0304 
       M182M  6 0.0023 0.9774 0.0046 0.0067 0.0027 0.0045 0.0018 
       M1CFL  6 0.0022 0.0233 0.0035 0.9361 0.0039 0.0186 0.0124 
       M2AXY  6 0.0026 0.9290 0.0170 0.0342 0.0052 0.0090 0.0030 
       M2AY2  6 0.0089 0.9658 0.0038 0.0043 0.0085 0.0058 0.0029 
       M2CHP  6 0.0137 0.9273 0.0100 0.0081 0.0067 0.0241 0.0101 
       W26LK  6 0.0020 0.0401 0.0058 0.0213 0.9193 0.0080 0.0033 
       W26ME  6 0.0027 0.1072 0.1024 0.0252 0.7451 0.0109 0.0065 
     AM.07FM  6 0.0013 0.0082 0.0030 0.9735 0.0034 0.0027 0.0078 
     AM.07FP  6 0.0019 0.0069 0.0025 0.9800 0.0019 0.0025 0.0042 
     AP.07M4  6 0.0015 0.9809 0.0022 0.0061 0.0027 0.0036 0.0029 
     AP.07M7  6 0.0013 0.8919 0.0015 0.0917 0.0076 0.0022 0.0038 
     AP.07M8  6 0.0055 0.8844 0.0027 0.0062 0.0908 0.0072 0.0033 
     AP.07MA  6 0.0065 0.9201 0.0030 0.0426 0.0207 0.0025 0.0046 
     AP.07MC  6 0.0018 0.9602 0.0111 0.0042 0.0127 0.0079 0.0021 
     AP.07P8  6 0.0084 0.8412 0.0024 0.1253 0.0034 0.0024 0.0169 
     AP.07U8  6 0.0031 0.9421 0.0033 0.0060 0.0037 0.0107 0.0312 
     AP.081F  6 0.0029 0.5256 0.0024 0.0343 0.4241 0.0038 0.0070 
     AP.081H  6 0.0088 0.0177 0.0105 0.0132 0.0035 0.9407 0.0056 
     AP.0820  6 0.0160 0.9128 0.0028 0.0035 0.0050 0.0546 0.0052 
     AP.0841  6 0.0561 0.5036 0.0287 0.0633 0.0117 0.3314 0.0054 
     AP.0858  6 0.0024 0.2951 0.0039 0.0200 0.6366 0.0303 0.0118 
     AP.085U  6 0.0142 0.9393 0.0058 0.0056 0.0062 0.0239 0.0051 
     AP.085X  6 0.0018 0.0260 0.0070 0.9415 0.0031 0.0085 0.0121 
     AP.0861  6 0.0059 0.1053 0.0080 0.7017 0.1593 0.0074 0.0124 
     AP.0864  6 0.0016 0.9780 0.0026 0.0072 0.0025 0.0037 0.0045 
     AP.086X  6 0.0018 0.9486 0.0022 0.0385 0.0028 0.0040 0.0022 
     AP.0872  6 0.0024 0.8847 0.0046 0.0198 0.0783 0.0054 0.0047 
     AP.0875  6 0.0230 0.0825 0.0079 0.0070 0.0226 0.8524 0.0045 
     AP.087A  6 0.0018 0.9477 0.0034 0.0387 0.0022 0.0043 0.0020 
     AP.087C  6 0.0042 0.1660 0.0088 0.5819 0.0246 0.2091 0.0055 
     AP.087E  6 0.0020 0.0516 0.0032 0.9277 0.0084 0.0042 0.0030 
     AP.087H  6 0.0017 0.0231 0.0068 0.9407 0.0083 0.0045 0.0149 
     AP.087K  6 0.0036 0.3930 0.0071 0.0093 0.4476 0.1279 0.0116 
     AP.087L  6 0.0020 0.0299 0.0026 0.9374 0.0045 0.0096 0.0141 
     AP.087M  6 0.0022 0.9417 0.0046 0.0041 0.0352 0.0091 0.0030 
     AP.087P  6 0.0023 0.9774 0.0040 0.0062 0.0026 0.0054 0.0021 
     AP.087U  6 0.0095 0.1519 0.0096 0.0408 0.0155 0.7135 0.0592 
     AP.087X  6 0.0069 0.3139 0.0534 0.0104 0.0311 0.5743 0.0100 
     AP.0881  6 0.0081 0.1326 0.0804 0.0134 0.0047 0.7467 0.0142 
     AP.0882  6 0.0025 0.0116 0.0404 0.9280 0.0052 0.0070 0.0052 
     AP.0883  6 0.0087 0.9374 0.0043 0.0060 0.0173 0.0131 0.0132 
     AP.0884  6 0.0017 0.8672 0.0022 0.0049 0.1172 0.0033 0.0035 
     AP.0885  6 0.0038 0.9552 0.0079 0.0083 0.0123 0.0065 0.0060 
     AP.0887  6 0.0026 0.0816 0.0116 0.7950 0.0168 0.0877 0.0047 
     AP.0888  6 0.2690 0.1182 0.0098 0.0065 0.0086 0.5840 0.0040 
     AP.088A  6 0.0025 0.6642 0.0428 0.2469 0.0277 0.0125 0.0034 
     AP.088C  6 0.0065 0.0436 0.0078 0.5146 0.0078 0.3620 0.0578 
     AP.088J  6 0.0043 0.4785 0.0157 0.0177 0.4272 0.0526 0.0040 
     AP.088K  6 0.0042 0.8685 0.0134 0.0091 0.0027 0.0960 0.0061 
     AP.088L  6 0.0018 0.0291 0.0030 0.9528 0.0035 0.0059 0.0040 
     AP.088U  6 0.0023 0.0415 0.0100 0.9169 0.0185 0.0038 0.0069 
     AP.088X  6 0.0060 0.9391 0.0145 0.0065 0.0036 0.0173 0.0130 
     AP.08A0  6 0.0014 0.9856 0.0016 0.0031 0.0022 0.0043 0.0018 
     AP.08A1  6 0.0033 0.2464 0.0057 0.6862 0.0069 0.0485 0.0032 
     AP.08A3  6 0.0023 0.4303 0.0024 0.5448 0.0045 0.0128 0.0028 
     AP.08A4  6 0.0056 0.1447 0.0142 0.1999 0.0096 0.5435 0.0826 
     AP.08A5  6 0.0019 0.2015 0.0044 0.7772 0.0063 0.0052 0.0035 
     AP.08A6  6 0.0028 0.9781 0.0031 0.0047 0.0032 0.0059 0.0021 
     AP.08A8  6 0.0022 0.9559 0.0030 0.0094 0.0093 0.0162 0.0041 
     AP.08AC  6 0.0056 0.9571 0.0030 0.0092 0.0036 0.0112 0.0102 
     AP.08AH  6 0.0033 0.9082 0.0320 0.0069 0.0127 0.0313 0.0056 
     AP.08AJ  6 0.0026 0.9730 0.0027 0.0105 0.0053 0.0030 0.0028 
     AP.08AM  6 0.0021 0.9664 0.0031 0.0097 0.0052 0.0074 0.0061 
     AP.08AT  6 0.0018 0.9741 0.0018 0.0042 0.0126 0.0030 0.0024 
     AP.08AX  6 0.0018 0.1845 0.0019 0.7918 0.0025 0.0145 0.0030 
     CH.0LLP  6 0.0040 0.8092 0.0019 0.0094 0.1615 0.0092 0.0047 
     CH.0LM2  6 0.0029 0.9455 0.0127 0.0181 0.0025 0.0125 0.0058 
     CH.0LM4  6 0.0016 0.9162 0.0054 0.0027 0.0392 0.0318 0.0032 
     CH.0LM5  6 0.0019 0.9500 0.0048 0.0093 0.0238 0.0058 0.0045 
       M0102  6 0.0025 0.9001 0.0028 0.0826 0.0045 0.0044 0.0032 
       M023A  6 0.0014 0.0442 0.0025 0.9395 0.0071 0.0029 0.0024 
       M03MM  6 0.0046 0.6062 0.0119 0.2438 0.0982 0.0315 0.0038 
       M04PF  6 0.0017 0.9779 0.0023 0.0074 0.0037 0.0029 0.0041 
       M04XH  6 0.0083 0.8528 0.0306 0.0379 0.0621 0.0047 0.0035 
       M04XM  6 0.0022 0.0098 0.0027 0.9686 0.0041 0.0072 0.0055 
       M0557  6 0.0055 0.9516 0.0147 0.0033 0.0197 0.0031 0.0020 
       M055C  6 0.0137 0.9477 0.0066 0.0105 0.0038 0.0098 0.0079 
       M05JC  6 0.0021 0.0722 0.0209 0.1038 0.7910 0.0074 0.0026 
       M05PH  6 0.0036 0.0706 0.0209 0.0377 0.8485 0.0122 0.0066 
       M05X6  6 0.0032 0.4208 0.0078 0.4986 0.0607 0.0039 0.0050 
       M07TC  6 0.0073 0.5982 0.0036 0.3748 0.0095 0.0042 0.0024 
       M0A66  6 0.0017 0.5496 0.0039 0.4258 0.0052 0.0045 0.0093 
       M0EYT  6 0.0015 0.0029 0.0021 0.9862 0.0024 0.0021 0.0029 
       M0FF2  6 0.0013 0.0036 0.0018 0.9837 0.0029 0.0029 0.0038 
       M0HJ6  6 0.0054 0.8485 0.0239 0.0517 0.0037 0.0630 0.0038 
      HRV0JL  6 0.0013 0.0065 0.0019 0.9812 0.0034 0.0032 0.0025 
      HRV0JP  6 0.0065 0.0455 0.0138 0.8510 0.0284 0.0039 0.0508 
      HRV0KA  6 0.0017 0.9829 0.0032 0.0037 0.0035 0.0030 0.0020 
      HRV0LJ  6 0.0058 0.9242 0.0091 0.0125 0.0159 0.0152 0.0173 
      HRV0LM  6 0.0023 0.9607 0.0036 0.0108 0.0136 0.0046 0.0044 
      HRV0LP  6 0.0101 0.8326 0.0712 0.0180 0.0078 0.0473 0.0129 
       M0HJ8  6 0.0017 0.0036 0.0038 0.9835 0.0028 0.0022 0.0024 
       M0HM3  6 0.0020 0.0622 0.0091 0.5636 0.1424 0.2098 0.0109 
       M0J1X  6 0.0025 0.5729 0.0039 0.4084 0.0034 0.0060 0.0029 
       M0L32  6 0.0036 0.7539 0.0110 0.1776 0.0147 0.0036 0.0355 
       M0L8F  6 0.0052 0.9712 0.0043 0.0040 0.0071 0.0055 0.0026 
       M0LUH  6 0.0017 0.9733 0.0022 0.0131 0.0036 0.0029 0.0031 
       M0XPJ  6 0.0019 0.0052 0.0049 0.9752 0.0045 0.0038 0.0045 
       M0XTE  6 0.0208 0.8889 0.0167 0.0209 0.0119 0.0358 0.0050 
       M157H  6 0.0021 0.1390 0.0035 0.7617 0.0036 0.0315 0.0586 
       M16YU  6 0.0014 0.0190 0.0022 0.9671 0.0042 0.0026 0.0035 
       M1751  6 0.0023 0.9681 0.0028 0.0161 0.0021 0.0061 0.0025 
       M1C2H  6 0.0016 0.0046 0.0024 0.9847 0.0022 0.0026 0.0020 
       M1E60  6 0.0014 0.9572 0.0020 0.0055 0.0268 0.0044 0.0027 
       M1EKX  6 0.0015 0.0176 0.0023 0.9682 0.0049 0.0027 0.0029 
       M1EKY  6 0.0016 0.9456 0.0055 0.0219 0.0183 0.0039 0.0032 
       M1EL3  6 0.0037 0.9766 0.0039 0.0051 0.0039 0.0038 0.0031 
       M1ELC  6 0.0028 0.9149 0.0026 0.0708 0.0026 0.0028 0.0034 
       M1ELE  6 0.0016 0.9675 0.0019 0.0221 0.0029 0.0023 0.0018 
       M2AY0  6 0.0040 0.3026 0.0045 0.6325 0.0250 0.0251 0.0063 
       M2AY4  6 0.0020 0.4839 0.3005 0.1439 0.0072 0.0500 0.0125 
       M2AY5  6 0.0024 0.9645 0.0034 0.0117 0.0091 0.0050 0.0037 
       M2AY8  6 0.1186 0.8249 0.0218 0.0058 0.0049 0.0097 0.0143 
       M2C3A  6 0.0021 0.0931 0.0049 0.8811 0.0037 0.0050 0.0099 
       M2C3F  6 0.0023 0.9379 0.0063 0.0073 0.0054 0.0034 0.0375 
      HRV0ME  6 0.0026 0.0033 0.0041 0.9811 0.0027 0.0027 0.0035 
       M2CHJ  6 0.0072 0.8791 0.0118 0.0519 0.0365 0.0065 0.0070 
       M2CHM  6 0.0115 0.9204 0.0238 0.0150 0.0089 0.0156 0.0049 
       M2CHY  6 0.0028 0.9571 0.0051 0.0083 0.0155 0.0028 0.0085 
       W23E8  6 0.0018 0.0056 0.0026 0.9793 0.0028 0.0032 0.0048 
       W23EM  6 0.0029 0.9452 0.0024 0.0414 0.0019 0.0031 0.0031 
       W23EX  6 0.0020 0.9786 0.0024 0.0101 0.0020 0.0023 0.0026 
       W23F0  6 0.0025 0.5857 0.0021 0.4008 0.0021 0.0045 0.0023 
       W26L5  6 0.0079 0.9203 0.0032 0.0071 0.0060 0.0054 0.0501 
       W26LM  6 0.0422 0.6190 0.0464 0.0060 0.0029 0.2816 0.0019 
       W26MJ  6 0.0177 0.9587 0.0030 0.0090 0.0033 0.0035 0.0048 
       W26ML  6 0.0017 0.9627 0.0039 0.0206 0.0034 0.0058 0.0020 
       W26MT  6 0.0016 0.9344 0.0090 0.0295 0.0192 0.0043 0.0018 
       W26PE  6 0.0071 0.0821 0.0116 0.0142 0.0254 0.8556 0.0040 
       W26PJ  6 0.0104 0.0520 0.0552 0.0045 0.0192 0.8476 0.0112 
       W26PT  6 0.0019 0.9134 0.0075 0.0061 0.0045 0.0601 0.0065 
       W26PX  6 0.0059 0.5464 0.0036 0.0088 0.0085 0.4199 0.0070 
       W26T0  6 0.0033 0.9591 0.0032 0.0091 0.0035 0.0120 0.0098 
       W26TC  6 0.0015 0.9696 0.0026 0.0094 0.0087 0.0057 0.0025 
       W26TJ  6 0.0043 0.0141 0.0060 0.0060 0.0032 0.9600 0.0064 
       W26UE  6 0.0031 0.8344 0.0105 0.0920 0.0389 0.0084 0.0127 
       W26UF  6 0.0018 0.9027 0.0045 0.0148 0.0620 0.0043 0.0099 
       W26UL  6 0.0213 0.8542 0.0041 0.1030 0.0065 0.0049 0.0060 
       W26X2  6 0.0032 0.9634 0.0061 0.0090 0.0086 0.0056 0.0041 
       W2716  6 0.0036 0.3617 0.0092 0.0239 0.0090 0.5898 0.0028 
      HRV1C6  6 0.0016 0.2099 0.0030 0.6489 0.0034 0.1211 0.0121 
      HRV1CX  6 0.0051 0.9566 0.0032 0.0082 0.0121 0.0079 0.0069 
      HRV1E2  6 0.0017 0.9788 0.0027 0.0076 0.0040 0.0026 0.0027 
      HRV1E4  6 0.0015 0.0328 0.0255 0.9104 0.0168 0.0097 0.0033 
      HRV1E5  6 0.0015 0.9697 0.0031 0.0158 0.0038 0.0038 0.0024 
      HRV1EC  6 0.0023 0.9598 0.0037 0.0229 0.0045 0.0036 0.0033 
      HRV1EK  6 0.0035 0.0061 0.0029 0.9786 0.0026 0.0027 0.0036 
      HRV001  6 0.0020 0.6483 0.0184 0.3189 0.0056 0.0030 0.0038 
      HRV00H  6 0.0025 0.5944 0.0137 0.3719 0.0053 0.0102 0.0020 
      HRV00K  6 0.0024 0.3739 0.0068 0.6061 0.0034 0.0057 0.0018 
      HRV01X  6 0.0020 0.0039 0.0020 0.9831 0.0022 0.0021 0.0048 
      HRV025  6 0.0031 0.0062 0.0050 0.9753 0.0037 0.0029 0.0038 
      HRV028  6 0.0020 0.0038 0.0020 0.9831 0.0022 0.0021 0.0049 
      HRV041  6 0.0018 0.0117 0.0032 0.9745 0.0037 0.0027 0.0024 
      HRV04F  6 0.0017 0.0035 0.0024 0.9857 0.0028 0.0020 0.0019 
      HRV04L  6 0.0015 0.0043 0.0025 0.9847 0.0024 0.0022 0.0024 
      HRV055  6 0.0015 0.0212 0.0027 0.9663 0.0035 0.0025 0.0024 
      HRV05J  6 0.0019 0.8840 0.0030 0.0239 0.0081 0.0403 0.0388 
      HRV07J  6 0.0016 0.0119 0.0022 0.9412 0.0024 0.0361 0.0046 
      HRV07K  6 0.0039 0.9333 0.0026 0.0114 0.0271 0.0025 0.0190 
      HRV07L  6 0.0152 0.8925 0.0045 0.0037 0.0727 0.0075 0.0039 
      HRV07M  6 0.0017 0.0270 0.0029 0.9564 0.0056 0.0032 0.0032 
      HRV0HM  6 0.0046 0.0035 0.0062 0.9715 0.0023 0.0082 0.0037 
      HRV0J2  6 0.0017 0.9251 0.0020 0.0575 0.0024 0.0045 0.0069 
      HRV0K3  6 0.0017 0.0044 0.0054 0.9787 0.0024 0.0047 0.0028 
      HRV0KE  6 0.0018 0.0105 0.0037 0.9668 0.0043 0.0099 0.0029 
      HRV0KF  6 0.0038 0.6212 0.0074 0.2738 0.0047 0.0831 0.0060 
      HRV0KU  6 0.0056 0.9500 0.0049 0.0140 0.0045 0.0119 0.0091 
      HRV0L6  6 0.0016 0.9697 0.0031 0.0101 0.0083 0.0049 0.0024 
      HRV0M2  6 0.0041 0.8981 0.0071 0.0144 0.0623 0.0059 0.0081 
      HRV0MF  6 0.0015 0.0023 0.0018 0.9879 0.0022 0.0019 0.0024 
      HRV0MJ  6 0.0055 0.8940 0.0054 0.0045 0.0044 0.0069 0.0794 
      HRV1AT  6 0.0021 0.6539 0.0022 0.3337 0.0026 0.0035 0.0020 
      HRV1C1  6 0.0020 0.9583 0.0021 0.0122 0.0175 0.0049 0.0030 
      HRV1CL  6 0.0031 0.5706 0.0049 0.0352 0.2620 0.1186 0.0057 
      HRV1E1  6 0.0027 0.9200 0.0054 0.0592 0.0046 0.0052 0.0028 
      HRV1E7  6 0.0020 0.9568 0.0043 0.0235 0.0033 0.0053 0.0047 
      HRV1EE  6 0.0018 0.9463 0.0046 0.0081 0.0067 0.0287 0.0038 
      HRV1ET  6 0.0016 0.0045 0.0025 0.9842 0.0025 0.0027 0.0020 
         148  7 0.0176 0.3759 0.0254 0.0570 0.0455 0.4747 0.0038 
         149  7 0.0026 0.0851 0.0115 0.0081 0.0074 0.8809 0.0043 
         213  7 0.0048 0.0677 0.0030 0.0141 0.0092 0.8843 0.0169 
         215  7 0.0021 0.0167 0.0029 0.0044 0.0062 0.9623 0.0053 
         218  7 0.0026 0.7707 0.0047 0.0075 0.0089 0.1966 0.0090 
         219  7 0.0782 0.0955 0.0058 0.0034 0.3678 0.4447 0.0046 
         222  7 0.0050 0.1082 0.0159 0.0255 0.3059 0.5298 0.0096 
         224  7 0.0279 0.7491 0.0497 0.0147 0.0176 0.1012 0.0399 
         225  7 0.0022 0.0099 0.0092 0.0417 0.0146 0.9034 0.0189 
         229  7 0.0020 0.8058 0.0022 0.1804 0.0053 0.0025 0.0018 
         231  7 0.0053 0.2237 0.0036 0.0291 0.3832 0.3502 0.0049 
      HRV1CP  7 0.0037 0.5200 0.0094 0.0567 0.0090 0.3889 0.0123 
         239  7 0.0030 0.9295 0.0050 0.0231 0.0153 0.0100 0.0140 
         240  7 0.0023 0.0406 0.0044 0.0239 0.0110 0.9132 0.0045 
         243  7 0.0029 0.0403 0.0045 0.0252 0.0984 0.7496 0.0792 
         248  7 0.0014 0.7179 0.0028 0.2553 0.0155 0.0029 0.0041 
         250  7 0.0021 0.2759 0.0063 0.0911 0.0088 0.6125 0.0034 
         251  7 0.0089 0.3502 0.0050 0.0431 0.0335 0.5567 0.0026 
         256  7 0.0022 0.9671 0.0053 0.0099 0.0044 0.0089 0.0022 
         260  7 0.0082 0.7351 0.1536 0.0245 0.0078 0.0686 0.0022 
         261  7 0.0096 0.6242 0.0093 0.2296 0.0097 0.0167 0.1009 
         263  7 0.0045 0.4459 0.2084 0.1232 0.0604 0.1541 0.0035 
         284  7 0.0029 0.0876 0.0105 0.0121 0.0055 0.8688 0.0126 
         285  7 0.0035 0.0643 0.0094 0.0138 0.0050 0.8799 0.0242 
         286  7 0.0346 0.9322 0.0037 0.0103 0.0075 0.0095 0.0022 
         289  7 0.0037 0.2631 0.0463 0.2568 0.0141 0.4099 0.0061 
         291  7 0.0026 0.2150 0.0289 0.0858 0.0094 0.6424 0.0159 
         292  7 0.0032 0.0068 0.0062 0.0030 0.0022 0.9750 0.0035 
         293  7 0.0039 0.2911 0.0029 0.0184 0.0069 0.6645 0.0123 
      BF0001  7 0.0054 0.2607 0.0086 0.1059 0.0060 0.6113 0.0022 
      BF0002  7 0.0355 0.9111 0.0038 0.0049 0.0107 0.0210 0.0129 
       M2AY6  7 0.0023 0.9019 0.0070 0.0428 0.0379 0.0035 0.0047 
     Slov472  7 0.0034 0.0512 0.0033 0.3303 0.0333 0.5588 0.0197 
      BF0026  7 0.0044 0.0041 0.3733 0.0041 0.0024 0.6097 0.0019 
      BF0028  7 0.0031 0.0116 0.0042 0.0047 0.0048 0.9701 0.0015 
     CK.0PP5  7 0.0048 0.0195 0.0057 0.0042 0.0089 0.9456 0.0114 
     CK.0PP8  7 0.0042 0.0205 0.0062 0.0090 0.0070 0.9495 0.0037 
     CK.0PPC  7 0.0068 0.0109 0.0164 0.0035 0.0076 0.9508 0.0040 
     Slov166  7 0.0018 0.0179 0.0053 0.0045 0.0042 0.9643 0.0020 
     Slov189  7 0.0059 0.0405 0.0044 0.0053 0.0047 0.9339 0.0053 
     Slov196  7 0.0047 0.0477 0.0069 0.0034 0.0037 0.9313 0.0024 
     Slov204  7 0.0016 0.0057 0.0038 0.0065 0.0095 0.9697 0.0031 
      Slov24  7 0.0057 0.1015 0.0600 0.1053 0.0307 0.6935 0.0032 
      Slov26  7 0.0041 0.0055 0.0377 0.0024 0.0117 0.9225 0.0162 
      Slov33  7 0.0017 0.0890 0.0156 0.0246 0.0891 0.7762 0.0037 
     Slov447  7 0.0043 0.2003 0.1372 0.0171 0.0056 0.6318 0.0037 
     Slov449  7 0.0125 0.2373 0.0165 0.0612 0.0576 0.6082 0.0068 
     Slov492  7 0.0020 0.0149 0.0241 0.0034 0.0050 0.9485 0.0022 
      Slov56  7 0.0021 0.0469 0.8194 0.0751 0.0414 0.0065 0.0087 
       Slov7  7 0.0068 0.0261 0.0151 0.0087 0.0119 0.9247 0.0066 
      Slov70  7 0.0023 0.0033 0.0040 0.0068 0.0043 0.9684 0.0108 
      Slov75  7 0.0019 0.0025 0.0052 0.0023 0.0133 0.9725 0.0023 
      Slov78  7 0.0033 0.0056 0.0101 0.0096 0.0062 0.9595 0.0056 
      Slov85  7 0.0021 0.9391 0.0038 0.0167 0.0204 0.0104 0.0076 
      BF0003  7 0.0024 0.0944 0.0046 0.0161 0.4296 0.4432 0.0098 
      BF0004  7 0.0031 0.1240 0.0068 0.0336 0.0200 0.8042 0.0082 
      BF0005  7 0.0031 0.0048 0.0404 0.0070 0.0064 0.9357 0.0025 
      BF0006  7 0.0024 0.0105 0.0030 0.0127 0.0092 0.9596 0.0026 
      BF0007  7 0.0021 0.0063 0.0220 0.0048 0.0239 0.9363 0.0045 
      BF0008  7 0.0140 0.0086 0.0260 0.0467 0.0086 0.8935 0.0025 
      BF000A  7 0.0018 0.0305 0.0036 0.0071 0.0096 0.9445 0.0029 
      BF000C  7 0.0059 0.1413 0.0159 0.4217 0.0050 0.4036 0.0066 
      BF000E  7 0.0099 0.0198 0.0096 0.0069 0.0075 0.9391 0.0072 
      BF000F  7 0.0037 0.1533 0.0078 0.0876 0.0114 0.7328 0.0034 
      BF000H  7 0.0017 0.2442 0.0476 0.0758 0.0125 0.6126 0.0056 
      BF000J  7 0.0024 0.0384 0.0581 0.1252 0.0563 0.7089 0.0106 
      BF000K  7 0.0023 0.0401 0.0051 0.0211 0.0165 0.9113 0.0036 
      BF000L  7 0.0054 0.5482 0.1947 0.0172 0.0348 0.1966 0.0031 
      BF000M  8 0.0025 0.0266 0.0023 0.0509 0.0038 0.9086 0.0054 
      BF000P  8 0.0026 0.0107 0.0028 0.0231 0.0078 0.9478 0.0052 
      BF000T  8 0.0051 0.0872 0.0029 0.0087 0.0829 0.8086 0.0047 
      BF000U  8 0.0039 0.0086 0.0035 0.0081 0.0202 0.9484 0.0073 
      BF000X  8 0.0024 0.0068 0.0054 0.0125 0.0058 0.9638 0.0032 
      BF0010  8 0.0014 0.0053 0.0034 0.0040 0.0078 0.9760 0.0022 
      BF0011  8 0.0021 0.0132 0.0027 0.0132 0.0032 0.9606 0.0051 
      BF0012  8 0.0132 0.0104 0.0401 0.0067 0.0233 0.9035 0.0028 
      BF0013  8 0.0165 0.0180 0.0186 0.0094 0.0068 0.9191 0.0116 
      BF0014  8 0.0037 0.0200 0.0122 0.0609 0.0126 0.8804 0.0102 
      BF0015  8 0.0020 0.0073 0.0031 0.0045 0.0020 0.9778 0.0034 
      BF0016  8 0.0038 0.0033 0.0049 0.0050 0.0067 0.9725 0.0038 
      BF0017  8 0.0034 0.0291 0.0032 0.0044 0.0739 0.8844 0.0017 
      BF0018  8 0.0024 0.0354 0.0041 0.0079 0.0053 0.9342 0.0107 
      BF001A  8 0.0039 0.0036 0.0030 0.0042 0.0043 0.9787 0.0023 
      BF001C  8 0.0018 0.0075 0.0030 0.0068 0.0030 0.9747 0.0031 
      BF001E  8 0.0020 0.0030 0.0048 0.0028 0.0027 0.9805 0.0041 
      BF001F  8 0.0045 0.0248 0.0083 0.0071 0.0152 0.9355 0.0047 
      BF001H  8 0.0022 0.0053 0.0026 0.0038 0.0079 0.9760 0.0022 
      BF001J  8 0.0016 0.0041 0.0039 0.0030 0.0036 0.9800 0.0038 
      BF001K  8 0.0040 0.0078 0.0247 0.0453 0.0067 0.9041 0.0073 
      BF001L  8 0.0029 0.0033 0.0106 0.0034 0.0038 0.9670 0.0091 
      BF001M  8 0.0021 0.0042 0.0037 0.0040 0.0026 0.9728 0.0107 
      BF001P  8 0.0018 0.0047 0.0067 0.0039 0.0041 0.9582 0.0205 
      BF001T  8 0.0020 0.0042 0.0056 0.0027 0.0048 0.9774 0.0033 
      BF001U  8 0.0048 0.0050 0.0041 0.0058 0.0129 0.9651 0.0022 
      BF001X  8 0.0032 0.0222 0.0063 0.0046 0.0075 0.9544 0.0019 
      BF0020  8 0.0047 0.0054 0.0034 0.0080 0.0196 0.9554 0.0035 
      BF0022  8 0.0356 0.0024 0.0039 0.0020 0.0095 0.9437 0.0029 
      BF0023  8 0.0035 0.0042 0.0077 0.0060 0.0022 0.9653 0.0110 
      BF0025  8 0.0037 0.0087 0.0036 0.0050 0.0073 0.9648 0.0068 
     CX.10JP  9 0.0029 0.0051 0.0037 0.0043 0.0052 0.9751 0.0036 
     CX.10JX  9 0.0056 0.0043 0.0093 0.0106 0.0017 0.9652 0.0034 
     CX.10K0  9 0.0035 0.0046 0.0078 0.0068 0.0025 0.9681 0.0067 
     CX.10K5  9 0.0021 0.0092 0.0197 0.0117 0.0038 0.9458 0.0078 
     CX.10K6  9 0.0019 0.0026 0.0030 0.0030 0.0038 0.9825 0.0032 
     CX.10K7  9 0.0105 0.0047 0.0084 0.0055 0.0188 0.9481 0.0039 
     CX.10KA  9 0.0102 0.0036 0.0054 0.0054 0.0016 0.9723 0.0015 
     CX.10KC  9 0.0163 0.0044 0.0042 0.0035 0.0024 0.9667 0.0024 
     CX.10KH  9 0.0129 0.0067 0.0113 0.0050 0.0027 0.9582 0.0032 
     CX.10KL  9 0.0059 0.0040 0.0205 0.0023 0.0069 0.9014 0.0590 
     CX.10KM  9 0.0023 0.0038 0.0031 0.0019 0.0015 0.9856 0.0019 
     CX.10KT  9 0.0024 0.0026 0.0188 0.0041 0.0025 0.9665 0.0031 
     CX.10KU  9 0.0020 0.0092 0.0060 0.0057 0.0035 0.9713 0.0023 
     CX.10KX  9 0.0025 0.0039 0.0031 0.0038 0.0058 0.9777 0.0031 
     CX.10L0  9 0.0062 0.0800 0.0062 0.0088 0.0331 0.8629 0.0027 
     CX.10L6  9 0.0026 0.0047 0.0039 0.0033 0.0035 0.9792 0.0029 
     CX.10L7  9 0.0039 0.0058 0.0250 0.0088 0.0021 0.9498 0.0046 
     CX.10L8  9 0.0326 0.0326 0.0179 0.0184 0.0159 0.8688 0.0137 
     CX.10LA  9 0.0023 0.0083 0.0047 0.0062 0.0171 0.9558 0.0055 
     CX.10LE  9 0.0041 0.0034 0.0764 0.0075 0.0021 0.9020 0.0044 
     CX.10LH  9 0.0036 0.0027 0.0040 0.0056 0.0022 0.9790 0.0030 
     CX.10LK  9 0.0028 0.0065 0.0036 0.0047 0.0025 0.9736 0.0063 
     CX.10LL  9 0.0022 0.0030 0.0051 0.0045 0.0037 0.9800 0.0016 
     CX.10LP  9 0.0289 0.0057 0.0178 0.0081 0.0021 0.9295 0.0079 
     CX.10LT  9 0.0069 0.0032 0.0029 0.0018 0.0021 0.9809 0.0022 
     CX.10LU  9 0.0021 0.0048 0.0034 0.0043 0.0028 0.9781 0.0045 
     CX.10M1  9 0.0031 0.0028 0.0173 0.0036 0.0043 0.9669 0.0021 
     CX.10M2  9 0.0018 0.0032 0.0054 0.0025 0.0088 0.9763 0.0019 
     CX.10M3  9 0.0050 0.0075 0.0048 0.0112 0.0071 0.9611 0.0034 
     CX.10M5  9 0.0030 0.0071 0.0035 0.0067 0.0040 0.9726 0.0032 
     CX.10M6  9 0.0031 0.0050 0.0055 0.0038 0.0018 0.9782 0.0025 
     CX.10M7  9 0.0085 0.0073 0.0090 0.0197 0.0053 0.9389 0.0113 
     CX.10M8  9 0.0028 0.0053 0.0076 0.0027 0.0120 0.9649 0.0046 
     CX.10P3  9 0.0021 0.0172 0.0116 0.0082 0.0078 0.9385 0.0146 
     CX.10P7  9 0.0021 0.0116 0.0047 0.0031 0.0037 0.9713 0.0035 
     CX.10PC  9 0.0016 0.0057 0.0033 0.0051 0.0037 0.9766 0.0039 
     CX.10PE  9 0.0019 0.0048 0.0065 0.0032 0.0044 0.9774 0.0018 
     CX.10PU  9 0.0027 0.0045 0.0033 0.0043 0.0034 0.9751 0.0068 
     CX.10PX  9 0.0029 0.0056 0.0179 0.0070 0.0029 0.9611 0.0025 
     CX.10T0  9 0.0043 0.0073 0.0134 0.0027 0.0177 0.9520 0.0026 
     CX.10T2  9 0.0016 0.0046 0.0051 0.0054 0.0044 0.9761 0.0029 
     CX.10JT  9 0.0396 0.0051 0.0034 0.0039 0.0045 0.9401 0.0034 
     CX.10JY  9 0.0024 0.0054 0.0324 0.0022 0.0041 0.9488 0.0047 
     CX.10K4  9 0.0036 0.0035 0.0062 0.0054 0.0021 0.9759 0.0033 
     CX.10KE  9 0.0026 0.0028 0.0168 0.0027 0.0031 0.9694 0.0025 
     CX.10KY  9 0.0018 0.0029 0.0034 0.0027 0.0019 0.9852 0.0020 
     CX.10L2  9 0.0033 0.0054 0.0037 0.0030 0.0024 0.9780 0.0042 
     CX.10L3  9 0.0044 0.0156 0.0843 0.0145 0.0036 0.8747 0.0029 
     CX.10LF  9 0.0027 0.0045 0.0049 0.0031 0.0017 0.9788 0.0043 
     CX.10LM  9 0.0032 0.0402 0.0088 0.0397 0.0571 0.8477 0.0033 
     CX.10LY  9 0.0084 0.0301 0.0433 0.0623 0.0042 0.8453 0.0064 
     CX.10M0  9 0.0025 0.0042 0.0026 0.0022 0.0063 0.9792 0.0030 
     CX.10MA  9 0.0043 0.0245 0.0331 0.0876 0.0064 0.8266 0.0176 
     CK.0PLA 10 0.0037 0.0062 0.0052 0.0057 0.0031 0.0038 0.9723 
     CK.0PLC 10 0.0077 0.0289 0.0167 0.0266 0.0024 0.0180 0.8997 
     CK.0PLE 10 0.0019 0.0030 0.0036 0.0030 0.0026 0.0043 0.9818 
     CK.0PLF 10 0.0136 0.0068 0.0146 0.1676 0.0021 0.0169 0.7784 
     CK.0PLH 10 0.0026 0.0039 0.0031 0.0056 0.0041 0.0018 0.9791 
     CK.0PLJ 10 0.0035 0.0073 0.0028 0.0066 0.0037 0.0569 0.9192 
     CK.0PLK 10 0.0015 0.0028 0.0027 0.0033 0.0035 0.0020 0.9842 
     CK.0PLL 10 0.0050 0.0044 0.0030 0.0029 0.0018 0.0044 0.9784 
     CK.0PLM 10 0.0072 0.0031 0.0048 0.0030 0.0106 0.0064 0.9649 
     CK.0PLP 10 0.0040 0.0063 0.0039 0.0065 0.0043 0.0063 0.9686 
     CK.0PLT 10 0.0013 0.0018 0.0016 0.0019 0.0020 0.0017 0.9896 
     CK.0PLU 10 0.0021 0.0029 0.0023 0.0027 0.0023 0.0024 0.9854 
     CK.0PLX 10 0.0069 0.0102 0.0131 0.0051 0.0038 0.0056 0.9553 
     CK.0PLY 10 0.0013 0.0022 0.0017 0.0020 0.0019 0.0017 0.9892 
     CK.0PM0 10 0.0047 0.0032 0.0027 0.0024 0.0409 0.0031 0.9430 
     CK.0PM1 10 0.0017 0.0022 0.0022 0.0023 0.0019 0.0019 0.9878 
     CK.0PM2 10 0.0033 0.0031 0.0130 0.0044 0.0194 0.0035 0.9534 
     CK.0PM3 10 0.0043 0.0035 0.0022 0.0024 0.0024 0.0027 0.9826 
     CK.0PM4 10 0.0091 0.0052 0.0035 0.0025 0.0025 0.0181 0.9590 
     CK.0PM7 10 0.0018 0.0022 0.0019 0.0025 0.0019 0.0023 0.9874 
     CK.0PM8 10 0.0016 0.0018 0.0025 0.0020 0.0019 0.0031 0.9871 
     CK.0PMA 10 0.0038 0.0040 0.0053 0.0026 0.0027 0.0051 0.9766 
       M2C06 10 0.0017 0.0025 0.0017 0.0019 0.0015 0.0026 0.9882 
       M2C07 10 0.0012 0.0015 0.0015 0.0016 0.0016 0.0015 0.9910 
       M2C08 10 0.0012 0.0015 0.0013 0.0018 0.0015 0.0013 0.9914 
       M2C0A 10 0.0019 0.0029 0.0025 0.0021 0.0027 0.0025 0.9853 
       M2C0C 10 0.0025 0.0019 0.0020 0.0032 0.0022 0.0023 0.9859 
       M2C0E 10 0.0016 0.0021 0.0015 0.0019 0.0023 0.0017 0.9888 
     EF.15EU 11 0.0025 0.0023 0.9835 0.0023 0.0023 0.0036 0.0036 
     EF.15EE 11 0.0021 0.0018 0.9824 0.0016 0.0072 0.0029 0.0020 
     EF.15EF 11 0.0023 0.0024 0.9762 0.0078 0.0020 0.0066 0.0026 
     EF.15EH 11 0.0027 0.0026 0.9843 0.0020 0.0022 0.0047 0.0016 
     EF.15EJ 11 0.0031 0.0029 0.9839 0.0024 0.0024 0.0035 0.0018 
     EF.15EK 11 0.0024 0.0022 0.9873 0.0017 0.0022 0.0021 0.0021 
     EF.15EL 11 0.0097 0.0028 0.9762 0.0026 0.0036 0.0027 0.0025 
     EF.15EM 11 0.0030 0.0029 0.9836 0.0022 0.0032 0.0031 0.0019 
     EF.15EP 11 0.0034 0.0020 0.9856 0.0020 0.0021 0.0021 0.0029 
     EF.15ET 11 0.0056 0.0020 0.9840 0.0015 0.0025 0.0022 0.0023 
     EF.15EX 11 0.0027 0.0026 0.9846 0.0019 0.0022 0.0044 0.0017 
     EF.15F0 11 0.0083 0.0018 0.9801 0.0016 0.0027 0.0037 0.0019 
     EF.15F1 11 0.0072 0.0049 0.9743 0.0024 0.0036 0.0056 0.0021 
     EF.15F2 11 0.0023 0.0020 0.9873 0.0020 0.0022 0.0019 0.0024 
     EF.15F3 11 0.0028 0.0022 0.9866 0.0018 0.0023 0.0023 0.0020 
     EF.15F4 11 0.0017 0.0016 0.9892 0.0018 0.0020 0.0020 0.0018 
     EF.15F5 11 0.0136 0.0032 0.9695 0.0030 0.0036 0.0053 0.0018 
     EF.15F6 11 0.0016 0.0016 0.9893 0.0015 0.0016 0.0022 0.0022 
     EF.15FC 11 0.0028 0.0039 0.9796 0.0033 0.0028 0.0028 0.0049 
     EF.15FE 11 0.0492 0.0030 0.9160 0.0057 0.0028 0.0205 0.0028 
     EF.15FF 11 0.0025 0.0023 0.9875 0.0021 0.0021 0.0020 0.0016 
     EF.15FH 11 0.0018 0.0026 0.9842 0.0024 0.0029 0.0038 0.0023 
     EF.15FJ 11 0.0045 0.0045 0.9650 0.0043 0.0029 0.0149 0.0039 
     EF.15FK 11 0.0852 0.0026 0.8933 0.0030 0.0021 0.0105 0.0033 
     EF.15FL 11 0.0021 0.0024 0.9866 0.0017 0.0022 0.0026 0.0024 
     EF.15FM 11 0.0022 0.0019 0.9854 0.0023 0.0026 0.0029 0.0027 
     EF.15FP 11 0.0026 0.0020 0.9859 0.0017 0.0026 0.0025 0.0026 
      CC00K0 12 0.0022 0.0039 0.9456 0.0055 0.0255 0.0146 0.0027 
      CC01AY 12 0.0025 0.0081 0.8956 0.0072 0.0169 0.0550 0.0147 
      CC01EE 12 0.0042 0.0261 0.9138 0.0177 0.0057 0.0252 0.0074 
      CC03KH 12 0.0044 0.0235 0.7958 0.0060 0.0046 0.1628 0.0029 
      CC04FK 12 0.0152 0.0665 0.6067 0.0083 0.0114 0.2858 0.0062 
      CC04H8 12 0.0051 0.0265 0.8565 0.0079 0.0187 0.0657 0.0196 
      CC05EL 12 0.0109 0.0690 0.6709 0.0031 0.0178 0.2202 0.0079 
      CC05EM 12 0.0019 0.0072 0.8739 0.0176 0.0101 0.0856 0.0038 
      CC05EX 12 0.0022 0.0073 0.8722 0.0070 0.0192 0.0873 0.0047 
      CC05H2 12 0.0020 0.0173 0.7864 0.0460 0.0076 0.1177 0.0230 
      CC05HP 12 0.0015 0.0066 0.9602 0.0086 0.0164 0.0036 0.0032 
      CC05X0 12 0.0024 0.0104 0.9656 0.0062 0.0042 0.0092 0.0020 
      CC05X7 12 0.0024 0.0062 0.9629 0.0087 0.0104 0.0045 0.0048 
      CC0637 12 0.0021 0.0064 0.9263 0.0166 0.0080 0.0300 0.0106 
      CC0640 12 0.0023 0.0075 0.9598 0.0068 0.0092 0.0078 0.0067 
      FCC01M 12 0.0017 0.0029 0.9676 0.0069 0.0035 0.0064 0.0110 
      FCC2JC 12 0.0358 0.0148 0.7874 0.0215 0.0700 0.0652 0.0052 
      CC00JM 12 0.0106 0.0064 0.9488 0.0134 0.0083 0.0042 0.0082 
      CC00T6 12 0.0053 0.1118 0.7956 0.0214 0.0072 0.0199 0.0388 
      CC00T7 12 0.0021 0.0163 0.9478 0.0178 0.0068 0.0066 0.0027 
      CC00TC 12 0.0021 0.0025 0.9786 0.0032 0.0028 0.0026 0.0082 
      CC01CJ 12 0.0069 0.0048 0.9164 0.0405 0.0046 0.0031 0.0237 
      CC01CY 12 0.0019 0.0090 0.9432 0.0123 0.0091 0.0058 0.0185 
      CC01EC 12 0.0027 0.0049 0.9800 0.0039 0.0022 0.0038 0.0026 
      CC01EH 12 0.0036 0.0040 0.9732 0.0028 0.0028 0.0032 0.0105 
      CC01F2 12 0.0035 0.0296 0.9275 0.0155 0.0084 0.0120 0.0035 
      CC01FL 12 0.0020 0.0057 0.9485 0.0069 0.0038 0.0040 0.0292 
      CC025E 12 0.0048 0.0052 0.9697 0.0060 0.0044 0.0043 0.0056 
      CC03E3 12 0.0029 0.0072 0.7207 0.0108 0.0126 0.0305 0.2154 
      CC04AU 12 0.0015 0.0028 0.9830 0.0045 0.0035 0.0030 0.0016 
      CC04EK 12 0.0019 0.0039 0.9727 0.0086 0.0047 0.0044 0.0036 
      CC05FX 12 0.0016 0.0030 0.9822 0.0036 0.0031 0.0028 0.0037 
      CC05H7 12 0.0067 0.0342 0.7258 0.0232 0.0598 0.1179 0.0324 
      CC05M5 12 0.0022 0.0034 0.9785 0.0049 0.0052 0.0041 0.0017 
      CC05YK 12 0.0074 0.0154 0.8270 0.0044 0.0056 0.0389 0.1013 
      CC0630 12 0.0066 0.0232 0.5416 0.0357 0.0129 0.3758 0.0042 
      CC066E 12 0.0087 0.0369 0.7064 0.0305 0.0302 0.1813 0.0060 
      CC01ET 12 0.0098 0.0065 0.8923 0.0057 0.0044 0.0422 0.0390 
      CC01F1 12 0.0030 0.0050 0.9669 0.0061 0.0028 0.0104 0.0058 
      CC063M 12 0.0070 0.0110 0.8630 0.0106 0.0842 0.0089 0.0152 
