       M1EL5  1 0.9790 0.0056 0.0076 0.0029 0.0049 
       W26T6  1 0.9611 0.0210 0.0047 0.0052 0.0080 
       W26XX  1 0.9875 0.0025 0.0038 0.0030 0.0032 
       M013P  1 0.9888 0.0022 0.0039 0.0017 0.0033 
       M1ELA  1 0.9053 0.0060 0.0503 0.0121 0.0262 
       M2C73  1 0.9849 0.0046 0.0047 0.0023 0.0036 
       W23P4  1 0.8915 0.0351 0.0033 0.0617 0.0083 
       W247C  1 0.9902 0.0023 0.0029 0.0021 0.0025 
       W24K1  1 0.9911 0.0023 0.0024 0.0023 0.0019 
       W24ME  1 0.9585 0.0243 0.0032 0.0082 0.0058 
       W2514  1 0.9817 0.0057 0.0029 0.0058 0.0039 
       W26MA  1 0.9781 0.0062 0.0031 0.0069 0.0057 
       W26MM  1 0.9890 0.0030 0.0019 0.0025 0.0036 
       W26MU  1 0.9834 0.0060 0.0034 0.0030 0.0043 
       W26P0  1 0.9847 0.0043 0.0025 0.0028 0.0058 
       W26P3  1 0.9894 0.0018 0.0040 0.0020 0.0028 
       W26T5  1 0.9916 0.0023 0.0018 0.0022 0.0021 
       W26TE  1 0.9707 0.0056 0.0068 0.0051 0.0119 
       W26TF  1 0.9839 0.0021 0.0085 0.0022 0.0033 
       W26U8  1 0.9515 0.0119 0.0080 0.0160 0.0126 
       W26UJ  1 0.9916 0.0027 0.0018 0.0018 0.0022 
       W26UK  1 0.9909 0.0019 0.0033 0.0018 0.0022 
       W26UT  1 0.9876 0.0020 0.0063 0.0021 0.0019 
       W26XT  1 0.9789 0.0023 0.0127 0.0025 0.0036 
      CC06H2  1 0.9601 0.0076 0.0034 0.0237 0.0052 
      CC06H4  1 0.9877 0.0033 0.0031 0.0027 0.0032 
      CC06H5  1 0.9556 0.0099 0.0075 0.0141 0.0129 
      CC06H6  1 0.9797 0.0037 0.0056 0.0044 0.0066 
      CC06HE  1 0.9884 0.0025 0.0042 0.0020 0.0029 
      CC06HF  1 0.9608 0.0113 0.0138 0.0083 0.0058 
      CC06HH  1 0.9865 0.0022 0.0056 0.0031 0.0025 
      CC06HJ  1 0.9411 0.0039 0.0034 0.0028 0.0487 
      CC06HL  1 0.9906 0.0017 0.0030 0.0018 0.0028 
      CC06HP  1 0.9870 0.0021 0.0071 0.0018 0.0019 
      CC06HT  1 0.9502 0.0054 0.0300 0.0064 0.0079 
      CC06HU  1 0.9731 0.0021 0.0048 0.0030 0.0170 
      CC06HY  1 0.9743 0.0048 0.0043 0.0106 0.0059 
      CC06J0  1 0.9856 0.0046 0.0028 0.0032 0.0037 
      CC06J1  1 0.9716 0.0127 0.0034 0.0040 0.0083 
      CC06J2  1 0.9826 0.0030 0.0074 0.0027 0.0043 
     CT.0YCY  1 0.9869 0.0031 0.0032 0.0035 0.0034 
     CT.0YEC  1 0.9918 0.0018 0.0026 0.0017 0.0021 
     CT.0YEF  1 0.9873 0.0038 0.0026 0.0032 0.0031 
     CT.0YEU  1 0.9921 0.0020 0.0017 0.0021 0.0020 
     CT.0YF2  1 0.9798 0.0061 0.0029 0.0045 0.0067 
     CT.0YF8  1 0.9896 0.0023 0.0043 0.0018 0.0020 
     CT.0YFA  1 0.9823 0.0052 0.0040 0.0039 0.0046 
     CT.0YFE  1 0.9805 0.0051 0.0068 0.0038 0.0038 
     CT.0YFP  1 0.9801 0.0093 0.0019 0.0026 0.0060 
     CT.0YFU  1 0.9871 0.0037 0.0032 0.0032 0.0028 
     CT.0YK7  1 0.9838 0.0050 0.0035 0.0046 0.0031 
     CX.10PT  1 0.9609 0.0094 0.0083 0.0133 0.0080 
      DAM021  1 0.9553 0.0037 0.0283 0.0097 0.0030 
      DAM034  1 0.9838 0.0056 0.0032 0.0040 0.0033 
      DAM07X  1 0.9857 0.0035 0.0028 0.0051 0.0030 
     EF.15J6  1 0.9885 0.0023 0.0033 0.0026 0.0034 
      HRV010  1 0.9848 0.0025 0.0029 0.0027 0.0070 
      HRV02J  1 0.9805 0.0059 0.0045 0.0033 0.0059 
      HRV078  1 0.9836 0.0048 0.0052 0.0033 0.0030 
      HRV0FH  1 0.9892 0.0035 0.0019 0.0026 0.0028 
      HRV0H5  1 0.9834 0.0035 0.0054 0.0042 0.0035 
      HRV0JF  1 0.9603 0.0287 0.0029 0.0033 0.0047 
      HRV0JJ  1 0.9817 0.0056 0.0030 0.0051 0.0046 
      HRV0JM  1 0.9854 0.0050 0.0042 0.0026 0.0028 
      HRV0K6  1 0.9530 0.0118 0.0031 0.0062 0.0259 
      HRV0K7  1 0.9803 0.0026 0.0065 0.0020 0.0086 
      HRV0KP  1 0.9754 0.0041 0.0080 0.0046 0.0080 
      HRV1AX  1 0.9642 0.0085 0.0128 0.0095 0.0050 
      HRV1C4  1 0.9790 0.0059 0.0022 0.0105 0.0025 
      HRV1CH  1 0.9817 0.0055 0.0031 0.0035 0.0062 
      HRV1FA  1 0.9736 0.0037 0.0091 0.0053 0.0082 
      HRV1FK  1 0.9821 0.0047 0.0032 0.0052 0.0049 
      HRV1H8  1 0.9819 0.0030 0.0086 0.0033 0.0033 
      HRV1HT  1 0.9782 0.0068 0.0046 0.0052 0.0053 
      HRV1XU  1 0.9841 0.0035 0.0052 0.0037 0.0035 
      HRV4TF  1 0.9184 0.0022 0.0712 0.0026 0.0056 
      HRV6F0  1 0.9796 0.0032 0.0113 0.0027 0.0032 
      HRVE6L  1 0.9427 0.0050 0.0425 0.0039 0.0060 
       M27HM  1 0.9817 0.0055 0.0057 0.0038 0.0034 
       M27HP  1 0.9907 0.0022 0.0025 0.0023 0.0023 
       M2AK4  1 0.9903 0.0023 0.0026 0.0024 0.0023 
       M2ALA  1 0.9908 0.0022 0.0023 0.0023 0.0023 
       M2C56  1 0.9706 0.0047 0.0160 0.0043 0.0044 
       M2CUX  1 0.9760 0.0116 0.0029 0.0028 0.0067 
       M2E24  1 0.9905 0.0027 0.0020 0.0023 0.0024 
       M2EA7  1 0.9892 0.0028 0.0027 0.0029 0.0024 
       M2EH6  1 0.9882 0.0025 0.0025 0.0029 0.0038 
       M2EKC  1 0.8226 0.0063 0.1476 0.0037 0.0198 
      MSV083  1 0.9769 0.0035 0.0059 0.0026 0.0111 
      MSV084  1 0.9750 0.0047 0.0059 0.0046 0.0098 
      MSV0LJ  1 0.9830 0.0058 0.0048 0.0028 0.0035 
      MSV1H5  1 0.9699 0.0057 0.0047 0.0088 0.0109 
      MSV1KM  1 0.9906 0.0024 0.0027 0.0022 0.0021 
      MSV23F  1 0.9728 0.0032 0.0148 0.0028 0.0063 
      MSV2L8  1 0.9876 0.0047 0.0030 0.0021 0.0026 
      MSV2P7  1 0.9901 0.0030 0.0020 0.0028 0.0021 
      MSV2TJ  1 0.9802 0.0054 0.0045 0.0059 0.0040 
      MSV2XM  1 0.9833 0.0037 0.0050 0.0038 0.0042 
      MSV327  1 0.9881 0.0029 0.0025 0.0027 0.0038 
      MSV33L  1 0.9912 0.0020 0.0021 0.0023 0.0024 
      MSV1TX  2 0.5923 0.0107 0.0030 0.3896 0.0044 
      MSV025  2 0.4077 0.3388 0.0410 0.1657 0.0467 
      MSV02C  2 0.5754 0.0537 0.0187 0.3459 0.0063 
      MSV02E  2 0.5111 0.4038 0.0562 0.0243 0.0046 
      MSV0TF  2 0.4102 0.5750 0.0026 0.0075 0.0047 
       M2EL8  2 0.4222 0.1577 0.0951 0.3131 0.0119 
      MSV21T  3 0.0085 0.7779 0.1644 0.0414 0.0078 
       M2E71  3 0.1036 0.0955 0.4047 0.3873 0.0089 
       W23CA  4 0.0024 0.9802 0.0078 0.0043 0.0052 
     AP.085Y  4 0.0034 0.9788 0.0064 0.0064 0.0051 
     CH.0LLY  4 0.0095 0.9760 0.0079 0.0023 0.0044 
       M0LEC  4 0.0020 0.9826 0.0025 0.0072 0.0057 
       M2C3H  4 0.0035 0.9767 0.0121 0.0032 0.0045 
       M2CHL  4 0.0151 0.9711 0.0083 0.0018 0.0036 
       W26P7  4 0.0031 0.9849 0.0065 0.0026 0.0029 
     AP.07M5  4 0.0074 0.8814 0.0057 0.0259 0.0796 
     AP.080U  4 0.0055 0.9786 0.0085 0.0041 0.0033 
     AP.082A  4 0.0022 0.9854 0.0027 0.0059 0.0040 
     AP.0843  4 0.0081 0.9751 0.0024 0.0039 0.0106 
     AP.0844  4 0.0336 0.9488 0.0105 0.0034 0.0037 
     AP.084X  4 0.0032 0.9859 0.0027 0.0045 0.0037 
     AP.086Y  4 0.0028 0.9846 0.0066 0.0027 0.0032 
     AP.0870  4 0.0036 0.9569 0.0300 0.0049 0.0046 
     AP.0878  4 0.0039 0.9767 0.0125 0.0025 0.0044 
     AP.087F  4 0.0033 0.9871 0.0040 0.0023 0.0034 
     AP.087Y  4 0.0108 0.9775 0.0065 0.0020 0.0032 
     AP.088P  4 0.0065 0.9663 0.0042 0.0159 0.0071 
     AP.08AK  4 0.0081 0.9697 0.0025 0.0150 0.0046 
     CH.0LLM  4 0.0031 0.9679 0.0094 0.0163 0.0033 
     CH.0LLU  4 0.0295 0.9330 0.0113 0.0169 0.0093 
     CH.0LM0  4 0.0123 0.9743 0.0032 0.0031 0.0071 
     CH.0LM3  4 0.0068 0.9732 0.0028 0.0105 0.0068 
       W26MY  4 0.1064 0.8368 0.0178 0.0044 0.0346 
       W26P6  4 0.0423 0.9391 0.0032 0.0074 0.0079 
      HRV07U  4 0.0095 0.9068 0.0435 0.0080 0.0321 
      HRV1CT  4 0.0028 0.9814 0.0033 0.0089 0.0036 
      HRV1CU  4 0.0022 0.8184 0.0051 0.1691 0.0051 
      HRV1E6  4 0.0023 0.9772 0.0048 0.0103 0.0055 
      HRV081  4 0.0018 0.9326 0.0024 0.0594 0.0039 
      HRV1E3  4 0.0043 0.9739 0.0047 0.0058 0.0113 
      MSV21E  4 0.0102 0.9481 0.0166 0.0178 0.0074 
      MSV216  4 0.0027 0.4804 0.4838 0.0277 0.0054 
       M0TYK  4 0.0092 0.9730 0.0050 0.0085 0.0043 
      MSV2AA  4 0.1083 0.3213 0.0611 0.5015 0.0078 
     CK.0PET  4 0.1052 0.2058 0.6649 0.0134 0.0108 
       M2E8C  4 0.0031 0.0296 0.0036 0.9597 0.0040 
      MSV23X  4 0.0207 0.8342 0.0246 0.1137 0.0068 
      MSV32A  4 0.0522 0.3543 0.3145 0.2644 0.0146 
     AP.0838  4 0.0028 0.9247 0.0602 0.0079 0.0044 
     AP.088F  4 0.0038 0.9464 0.0202 0.0114 0.0183 
      DAM2HL  5 0.0025 0.9594 0.0047 0.0206 0.0128 
       M2ALK  5 0.0034 0.0222 0.2925 0.6773 0.0046 
       M2E2J  5 0.0263 0.9398 0.0026 0.0263 0.0052 
       M2E73  5 0.0031 0.8620 0.0055 0.1231 0.0064 
       M2E74  5 0.0031 0.0073 0.2823 0.7020 0.0053 
       M2EUJ  5 0.0030 0.1633 0.5244 0.2898 0.0196 
      DAM1XK  5 0.0025 0.9514 0.0039 0.0287 0.0135 
       M2057  5 0.0043 0.3079 0.0049 0.6776 0.0052 
       M2271  5 0.0017 0.0035 0.0039 0.9854 0.0055 
       M27YK  5 0.0291 0.8134 0.1119 0.0087 0.0368 
       M2A1H  5 0.0034 0.0061 0.0077 0.7761 0.2068 
       M2E0P  5 0.0023 0.0932 0.0034 0.8971 0.0040 
       M2E75  5 0.0019 0.0188 0.0031 0.9557 0.0204 
       M2E76  5 0.0031 0.0058 0.0087 0.9785 0.0039 
      MSV0T5  5 0.0072 0.0986 0.0041 0.8787 0.0114 
      MSV241  5 0.0036 0.0393 0.0030 0.9483 0.0059 
      MSV2A0  5 0.0041 0.0070 0.0045 0.9793 0.0052 
      MSV2A1  5 0.0018 0.0030 0.0026 0.9898 0.0028 
      MSV2A8  5 0.0026 0.0436 0.0112 0.9384 0.0041 
      DAM1P5  5 0.0014 0.0048 0.0018 0.9900 0.0020 
       M1084  5 0.0027 0.5966 0.0058 0.3880 0.0069 
      MSV2M4  5 0.0031 0.0127 0.0051 0.9703 0.0089 
      MSV2T6  5 0.0041 0.0061 0.0041 0.9747 0.0110 
       M1UM1  5 0.0060 0.8521 0.0137 0.0819 0.0462 
       M2ECL  5 0.0199 0.1452 0.0443 0.7786 0.0120 
       M2EJ0  5 0.0022 0.7167 0.0039 0.2291 0.0481 
      MSV20J  5 0.0024 0.0673 0.0077 0.9133 0.0094 
      MSV2TK  5 0.0171 0.1341 0.0413 0.7986 0.0088 
      MSV2TX  5 0.0019 0.0731 0.0051 0.9164 0.0035 
      MSV310  5 0.0041 0.0078 0.0034 0.9814 0.0033 
      MSV33F  5 0.0036 0.0050 0.0031 0.9837 0.0045 
      DAM35L  5 0.0020 0.0094 0.0027 0.9790 0.0068 
       M2E4C  5 0.0024 0.0884 0.0092 0.8961 0.0038 
       M2E4H  5 0.0031 0.9297 0.0046 0.0448 0.0178 
       M2E65  5 0.0038 0.0052 0.0387 0.9428 0.0095 
       M2EEJ  5 0.0024 0.0040 0.0025 0.9888 0.0023 
       M2EEP  5 0.0040 0.0224 0.0106 0.9521 0.0109 
      MSV1TU  5 0.0060 0.7540 0.0052 0.2300 0.0048 
      MSV20M  5 0.0022 0.0492 0.0067 0.9351 0.0068 
      MSV223  5 0.0031 0.9736 0.0026 0.0162 0.0045 
      MSV22E  5 0.0028 0.0127 0.0045 0.9742 0.0058 
      MSV23J  5 0.0024 0.9810 0.0024 0.0102 0.0040 
      MSV2K6  5 0.0021 0.0056 0.0028 0.9866 0.0029 
      DAM23U  5 0.0077 0.5007 0.0214 0.4636 0.0065 
       M2E8A  5 0.0023 0.0075 0.0054 0.9807 0.0041 
      MSV2L2  5 0.0030 0.0085 0.0036 0.9810 0.0039 
       M1YMH  5 0.0071 0.2740 0.0043 0.7050 0.0096 
       M2A84  5 0.0137 0.5401 0.0058 0.4342 0.0063 
      MSV23M  5 0.0037 0.9044 0.0088 0.0139 0.0691 
     AP.085T  5 0.0020 0.0316 0.0041 0.9577 0.0046 
     AP.086J  5 0.0030 0.0480 0.0445 0.0440 0.8606 
     AP.08C2  5 0.0163 0.6307 0.0553 0.0066 0.2910 
     AP.08CF  5 0.0021 0.0471 0.0048 0.9363 0.0097 
     AP.08CX  5 0.0016 0.0062 0.0030 0.9859 0.0033 
     AP.08CY  5 0.0036 0.0060 0.0139 0.9557 0.0209 
      DAM0JX  5 0.0025 0.8380 0.0039 0.1421 0.0135 
      DAM0P4  5 0.0024 0.9261 0.0030 0.0634 0.0052 
      DAM0UK  5 0.0059 0.1323 0.0087 0.7786 0.0745 
       M2030  5 0.0020 0.0042 0.0034 0.9751 0.0153 
      MSV24M  5 0.0033 0.1004 0.0038 0.8808 0.0118 
       M20AM  5 0.0026 0.3346 0.3127 0.3270 0.0231 
       M21YP  5 0.0025 0.0027 0.9892 0.0029 0.0028 
       M2205  5 0.0015 0.0049 0.0031 0.9854 0.0050 
       M2206  5 0.0020 0.0074 0.0047 0.9780 0.0079 
      MSV267  5 0.0026 0.0796 0.0035 0.8928 0.0215 
       M2757  5 0.0033 0.4227 0.2070 0.3392 0.0278 
       M27TH  5 0.0027 0.4120 0.0073 0.5719 0.0062 
      MSV2JA  5 0.0156 0.2341 0.1216 0.5997 0.0289 
      MSV2KU  5 0.0031 0.0046 0.0103 0.9752 0.0069 
      MSV2MF  5 0.0032 0.0713 0.1373 0.7762 0.0120 
      MSV2TA  5 0.0017 0.0038 0.0030 0.9889 0.0025 
      MSV2TE  5 0.0016 0.0076 0.0030 0.9852 0.0026 
      MSV2TU  5 0.0187 0.1065 0.0046 0.8423 0.0279 
      MSV2UT  5 0.0035 0.0458 0.1392 0.8010 0.0105 
      MSV306  5 0.0027 0.0066 0.0052 0.9793 0.0062 
      MSV311  5 0.0018 0.0079 0.0044 0.9670 0.0189 
      MSV31M  5 0.0047 0.2630 0.0083 0.6762 0.0478 
      MSV325  5 0.0030 0.0785 0.0040 0.9094 0.0052 
      MSV32H  5 0.0048 0.0150 0.0060 0.9651 0.0092 
     CX.112U  5 0.0035 0.0296 0.0078 0.9420 0.0171 
      DAM2PC  5 0.0031 0.0053 0.0057 0.4542 0.5317 
       M2E48  5 0.0025 0.0134 0.0051 0.9749 0.0041 
       M2E7K  5 0.0027 0.0300 0.0070 0.9552 0.0050 
       M2E80  5 0.0025 0.0074 0.0050 0.9811 0.0040 
       M2EAM  5 0.0015 0.0070 0.0036 0.9848 0.0030 
       M2EFF  5 0.0041 0.0039 0.0100 0.9790 0.0029 
       M2EFY  5 0.0034 0.0654 0.0069 0.9191 0.0052 
       M2EHM  5 0.0021 0.0079 0.0033 0.9753 0.0114 
       M2EK0  5 0.0024 0.8888 0.0046 0.0841 0.0201 
       M2EK1  5 0.0020 0.4460 0.0078 0.5345 0.0097 
      MSV22F  5 0.0026 0.1492 0.0053 0.8274 0.0154 
      MSV273  5 0.0038 0.0036 0.0054 0.9846 0.0026 
      MSV0TL  5 0.0055 0.0725 0.0072 0.3110 0.6038 
      MSV0TT  5 0.0023 0.0032 0.0035 0.9883 0.0027 
      MSV12H  5 0.0021 0.9742 0.0042 0.0159 0.0036 
      MSV1TH  5 0.0031 0.0055 0.0530 0.9232 0.0152 
      MSV275  5 0.0031 0.0029 0.0040 0.9866 0.0035 
      MSV286  5 0.0057 0.0054 0.0258 0.9552 0.0079 
      MSV2H4  5 0.0018 0.0055 0.0041 0.9854 0.0032 
      MSV2K8  5 0.0025 0.0113 0.0281 0.8825 0.0756 
      MSV2PM  5 0.0014 0.0048 0.0018 0.9900 0.0020 
      MSV2X3  5 0.0015 0.0173 0.0022 0.9759 0.0031 
      MSV2X4  5 0.0045 0.0066 0.0046 0.9757 0.0086 
      MSV30U  5 0.0015 0.0183 0.0029 0.9742 0.0030 
     CX.111C  5 0.0018 0.1570 0.0023 0.8350 0.0039 
     AP.07M2  6 0.0115 0.9704 0.0033 0.0050 0.0098 
      HRV05C  6 0.0046 0.9809 0.0024 0.0069 0.0052 
      HRV077  6 0.0041 0.8781 0.0682 0.0331 0.0165 
      HRV0A0  6 0.0025 0.0113 0.0029 0.9799 0.0033 
      HRV0MC  6 0.0025 0.9623 0.0030 0.0279 0.0044 
      HRV00P  6 0.0016 0.0031 0.0037 0.9873 0.0043 
      HRV01J  6 0.0022 0.0038 0.0038 0.9872 0.0030 
      HRV026  6 0.0022 0.0036 0.0023 0.9881 0.0038 
      HRV02C  6 0.0016 0.0115 0.0024 0.9812 0.0033 
      HRV031  6 0.0019 0.0314 0.0027 0.9582 0.0058 
      HRV033  6 0.0019 0.0313 0.0027 0.9583 0.0058 
      HRV05L  6 0.0021 0.4666 0.0056 0.2616 0.2641 
      HRV06A  6 0.0021 0.0078 0.0043 0.9818 0.0040 
      HRV07P  6 0.0019 0.9706 0.0034 0.0190 0.0051 
      HRV0HC  6 0.0062 0.9768 0.0048 0.0086 0.0036 
      HRV0HU  6 0.0047 0.5765 0.0042 0.3007 0.1140 
      HRV0K1  6 0.0020 0.0110 0.0039 0.9723 0.0107 
      HRV0M6  6 0.0057 0.0033 0.0050 0.9642 0.0218 
      HRV0M7  6 0.0028 0.8484 0.0071 0.1361 0.0056 
      HRV0MK  6 0.0016 0.0037 0.0043 0.9855 0.0049 
      HRV1C7  6 0.0022 0.0137 0.0037 0.9238 0.0567 
      HRV1EA  6 0.0099 0.9116 0.0177 0.0561 0.0047 
       M147K  6 0.0015 0.0065 0.0036 0.9858 0.0027 
      HRV008  6 0.0023 0.8576 0.0028 0.1299 0.0074 
      HRV015  6 0.0027 0.0037 0.0024 0.9885 0.0027 
      HRV01F  6 0.0035 0.0040 0.0037 0.9853 0.0034 
      HRV01L  6 0.0019 0.0031 0.0025 0.9885 0.0040 
      HRV01M  6 0.0035 0.6484 0.0136 0.2957 0.0387 
      HRV020  6 0.0030 0.0025 0.0032 0.9887 0.0027 
      HRV022  6 0.0046 0.0044 0.0033 0.9847 0.0030 
      HRV02A  6 0.0030 0.0030 0.0031 0.9882 0.0027 
      HRV02K  6 0.0052 0.0028 0.0042 0.9824 0.0055 
      HRV04C  6 0.0020 0.0057 0.0032 0.9863 0.0028 
      HRV05H  6 0.0037 0.9217 0.0120 0.0429 0.0196 
      HRV076  6 0.0046 0.9649 0.0066 0.0173 0.0066 
      HRV07H  6 0.0016 0.9826 0.0026 0.0098 0.0035 
      HRV07X  6 0.0077 0.8845 0.0046 0.0963 0.0069 
      HRV080  6 0.0017 0.9822 0.0022 0.0110 0.0029 
      HRV086  6 0.0051 0.0458 0.0048 0.9359 0.0084 
      HRV0H3  6 0.0025 0.0037 0.0043 0.9854 0.0041 
      HRV0J3  6 0.0035 0.4984 0.0068 0.4865 0.0049 
      HRV0JX  6 0.0049 0.9695 0.0069 0.0125 0.0062 
      HRV0ML  6 0.0017 0.0151 0.0027 0.9758 0.0048 
      HRV1E8  6 0.0022 0.9581 0.0049 0.0283 0.0065 
      HRV007  6 0.0033 0.9222 0.0127 0.0436 0.0181 
      HRV005  6 0.0028 0.0228 0.0092 0.9588 0.0064 
      HRV05U  6 0.0021 0.9652 0.0031 0.0051 0.0244 
      HRV01U  6 0.0022 0.9837 0.0051 0.0055 0.0036 
     AP.07M1  6 0.0020 0.0034 0.0036 0.9862 0.0048 
     AP.07ME  6 0.0040 0.7563 0.0413 0.1707 0.0276 
     AP.0817  6 0.0026 0.9733 0.0060 0.0061 0.0121 
     AP.0863  6 0.0098 0.9274 0.0096 0.0187 0.0345 
     AP.087T  6 0.0088 0.9659 0.0026 0.0071 0.0156 
     AP.088T  6 0.0018 0.9795 0.0028 0.0100 0.0060 
     CH.0LM1  6 0.0027 0.9753 0.0037 0.0078 0.0105 
       M05X5  6 0.0140 0.8604 0.0179 0.0289 0.0788 
       M06JH  6 0.0421 0.8457 0.0769 0.0238 0.0116 
       M0A6K  6 0.0028 0.9214 0.0074 0.0576 0.0108 
       M0ETF  6 0.0019 0.0031 0.0026 0.9889 0.0035 
       M0LUP  6 0.0031 0.0414 0.0037 0.9447 0.0070 
       M16F1  6 0.0027 0.0104 0.0031 0.9728 0.0110 
       M182M  6 0.0033 0.3693 0.0058 0.6145 0.0072 
       M1CFL  6 0.0025 0.0113 0.0040 0.9425 0.0397 
       M2AXY  6 0.0029 0.9300 0.0179 0.0413 0.0079 
       M2AY2  6 0.0074 0.9718 0.0043 0.0098 0.0067 
       M2CHP  6 0.0142 0.9296 0.0112 0.0110 0.0340 
       W26LK  6 0.0022 0.8944 0.0173 0.0751 0.0111 
       W26ME  6 0.0030 0.9041 0.0757 0.0116 0.0055 
     AM.07FM  6 0.0015 0.0072 0.0035 0.9843 0.0035 
     AM.07FP  6 0.0021 0.0061 0.0028 0.9858 0.0031 
     AP.07M4  6 0.0017 0.9711 0.0028 0.0193 0.0051 
     AP.07M7  6 0.0015 0.8316 0.0017 0.1627 0.0025 
     AP.07M8  6 0.0021 0.9831 0.0028 0.0070 0.0051 
     AP.07MA  6 0.0059 0.8560 0.0032 0.1317 0.0032 
     AP.07MC  6 0.0019 0.9750 0.0116 0.0053 0.0061 
     AP.07P8  6 0.0133 0.6570 0.0028 0.3191 0.0078 
     AP.07U8  6 0.0033 0.9652 0.0039 0.0119 0.0158 
     AP.081F  6 0.0020 0.9847 0.0026 0.0076 0.0031 
     AP.081H  6 0.0077 0.0168 0.0103 0.0132 0.9519 
     AP.0820  6 0.0148 0.9439 0.0028 0.0043 0.0341 
     AP.0841  6 0.0581 0.5557 0.0386 0.0679 0.2796 
     AP.0858  6 0.0024 0.9812 0.0048 0.0052 0.0063 
     AP.085U  6 0.0189 0.9386 0.0053 0.0105 0.0266 
     AP.085X  6 0.0020 0.0138 0.0068 0.9661 0.0113 
     AP.0861  6 0.0061 0.2865 0.0081 0.6902 0.0091 
     AP.0864  6 0.0018 0.9667 0.0030 0.0228 0.0056 
     AP.086X  6 0.0033 0.2871 0.0031 0.6885 0.0180 
     AP.0872  6 0.0021 0.9559 0.0042 0.0325 0.0054 
     AP.0875  6 0.0394 0.3391 0.0097 0.0063 0.6055 
     AP.087A  6 0.0040 0.1215 0.0090 0.8571 0.0084 
     AP.087C  6 0.0048 0.2200 0.0121 0.6242 0.1389 
     AP.087E  6 0.0022 0.0270 0.0033 0.9634 0.0041 
     AP.087H  6 0.0019 0.0179 0.0079 0.9659 0.0064 
     AP.087K  6 0.0033 0.9402 0.0085 0.0101 0.0378 
     AP.087L  6 0.0022 0.0165 0.0028 0.9645 0.0140 
     AP.087M  6 0.0023 0.9848 0.0032 0.0040 0.0057 
     AP.087P  6 0.0025 0.9784 0.0049 0.0094 0.0048 
     AP.087U  6 0.0073 0.1211 0.0091 0.0272 0.8354 
     AP.087X  6 0.0059 0.3000 0.0718 0.0132 0.6091 
     AP.0881  6 0.0074 0.0703 0.0770 0.0278 0.8175 
     AP.0882  6 0.0026 0.0063 0.0332 0.9512 0.0067 
     AP.0883  6 0.0072 0.9719 0.0040 0.0063 0.0105 
     AP.0884  6 0.0018 0.9808 0.0022 0.0117 0.0035 
     AP.0885  6 0.0044 0.9666 0.0064 0.0138 0.0088 
     AP.0887  6 0.0028 0.0719 0.0131 0.8330 0.0793 
     AP.0888  6 0.2812 0.3230 0.0079 0.0093 0.3786 
     AP.088A  6 0.0029 0.5356 0.0267 0.4266 0.0083 
     AP.088C  6 0.0049 0.0168 0.0058 0.5149 0.4576 
     AP.088J  6 0.0042 0.9461 0.0206 0.0053 0.0239 
     AP.088K  6 0.0046 0.7332 0.0135 0.0910 0.1577 
     AP.088L  6 0.0020 0.0121 0.0031 0.9768 0.0060 
     AP.088U  6 0.0024 0.0265 0.0095 0.9574 0.0042 
     AP.088X  6 0.0062 0.9324 0.0145 0.0231 0.0238 
     AP.08A0  6 0.0017 0.9849 0.0019 0.0055 0.0060 
     AP.08A1  6 0.0037 0.0960 0.0062 0.8706 0.0235 
     AP.08A3  6 0.0027 0.1193 0.0030 0.8611 0.0139 
     AP.08A4  6 0.0050 0.0848 0.0133 0.2226 0.6743 
     AP.08A5  6 0.0020 0.0227 0.0044 0.9660 0.0048 
     AP.08A6  6 0.0032 0.9808 0.0039 0.0068 0.0054 
     AP.08A8  6 0.0024 0.9725 0.0030 0.0102 0.0118 
     AP.08AC  6 0.0085 0.9314 0.0038 0.0298 0.0264 
     AP.08AH  6 0.0033 0.9258 0.0291 0.0128 0.0289 
     AP.08AJ  6 0.0032 0.9643 0.0032 0.0257 0.0037 
     AP.08AM  6 0.0024 0.9279 0.0034 0.0521 0.0142 
     AP.08AT  6 0.0020 0.9878 0.0021 0.0051 0.0031 
     AP.08AX  6 0.0019 0.0379 0.0021 0.9479 0.0102 
     CH.0LLP  6 0.0018 0.9806 0.0021 0.0089 0.0067 
     CH.0LM2  6 0.0037 0.8667 0.0196 0.0857 0.0243 
     CH.0LM4  6 0.0017 0.9792 0.0049 0.0032 0.0109 
     CH.0LM5  6 0.0020 0.9795 0.0046 0.0093 0.0047 
       M0102  6 0.0033 0.2686 0.0031 0.7190 0.0060 
       M023A  6 0.0016 0.0204 0.0029 0.9720 0.0031 
       M03MM  6 0.0038 0.5418 0.0121 0.4293 0.0129 
       M04PF  6 0.0020 0.9588 0.0029 0.0320 0.0042 
       M04XH  6 0.0039 0.9627 0.0113 0.0177 0.0044 
       M04XM  6 0.0025 0.0103 0.0032 0.9743 0.0097 
       M0557  6 0.0040 0.9807 0.0088 0.0037 0.0027 
       M055C  6 0.0227 0.9305 0.0077 0.0217 0.0175 
       M05JC  6 0.0023 0.8297 0.0728 0.0873 0.0079 
       M05PH  6 0.0033 0.9248 0.0360 0.0268 0.0091 
       M05X6  6 0.0043 0.1772 0.0086 0.8050 0.0049 
       M07TC  6 0.0059 0.3057 0.0036 0.6809 0.0038 
       M0A66  6 0.0020 0.0956 0.0113 0.8821 0.0090 
       M0EYT  6 0.0017 0.0030 0.0025 0.9902 0.0026 
       M0FF2  6 0.0016 0.0038 0.0022 0.9889 0.0036 
       M0HJ6  6 0.0063 0.8891 0.0220 0.0559 0.0267 
      HRV0JL  6 0.0015 0.0058 0.0021 0.9870 0.0036 
      HRV0JP  6 0.0077 0.0603 0.0149 0.9109 0.0062 
      HRV0KA  6 0.0023 0.8490 0.0051 0.1393 0.0043 
      HRV0LJ  6 0.0058 0.9585 0.0077 0.0126 0.0153 
      HRV0LM  6 0.0023 0.9773 0.0029 0.0128 0.0048 
      HRV0LP  6 0.0121 0.8543 0.0586 0.0280 0.0470 
       M0HJ8  6 0.0019 0.0034 0.0041 0.9880 0.0026 
       M0HM3  6 0.0022 0.2000 0.0122 0.5955 0.1900 
       M0J1X  6 0.0043 0.0276 0.0084 0.9527 0.0069 
       M0L32  6 0.0038 0.3281 0.0087 0.6537 0.0057 
       M0L8F  6 0.0078 0.9742 0.0041 0.0070 0.0070 
       M0LUH  6 0.0026 0.4523 0.0027 0.5381 0.0043 
       M0XPJ  6 0.0021 0.0049 0.0047 0.9840 0.0044 
       M0XTE  6 0.0207 0.8703 0.0158 0.0627 0.0304 
       M157H  6 0.0024 0.0476 0.0038 0.8344 0.1117 
       M16YU  6 0.0015 0.0116 0.0026 0.9812 0.0032 
       M1751  6 0.0030 0.3849 0.0037 0.5940 0.0144 
       M1C2H  6 0.0018 0.0045 0.0028 0.9880 0.0029 
       M1E60  6 0.0015 0.9879 0.0021 0.0053 0.0032 
       M1EKX  6 0.0017 0.0095 0.0028 0.9829 0.0031 
       M1EKY  6 0.0018 0.9489 0.0061 0.0386 0.0046 
       M1EL3  6 0.0039 0.9823 0.0038 0.0062 0.0038 
       M1ELC  6 0.0026 0.0293 0.0035 0.9607 0.0039 
       M1ELE  6 0.0020 0.0892 0.0025 0.9033 0.0031 
       M2AY0  6 0.0043 0.2204 0.0047 0.7546 0.0159 
       M2AY4  6 0.0023 0.2714 0.3336 0.3331 0.0596 
       M2AY5  6 0.0026 0.9741 0.0038 0.0146 0.0049 
       M2AY8  6 0.1081 0.8381 0.0237 0.0107 0.0195 
       M2C3A  6 0.0023 0.0138 0.0039 0.9744 0.0057 
       M2C3F  6 0.0025 0.9768 0.0061 0.0087 0.0059 
      HRV0ME  6 0.0029 0.0034 0.0049 0.9856 0.0033 
       M2CHJ  6 0.0059 0.7125 0.0127 0.2610 0.0079 
       M2CHM  6 0.0182 0.9035 0.0296 0.0302 0.0185 
       M2CHY  6 0.0030 0.9706 0.0045 0.0181 0.0037 
       W23E8  6 0.0021 0.0050 0.0030 0.9856 0.0044 
       W23EM  6 0.0029 0.0380 0.0029 0.9516 0.0046 
       W23EX  6 0.0024 0.1163 0.0030 0.8754 0.0030 
       W23F0  6 0.0021 0.0094 0.0021 0.9833 0.0031 
       W26L5  6 0.0092 0.9681 0.0037 0.0084 0.0105 
       W26LM  6 0.0570 0.6917 0.0657 0.0064 0.1792 
       W26MJ  6 0.0253 0.9547 0.0035 0.0119 0.0045 
       W26ML  6 0.0024 0.6825 0.0062 0.3012 0.0077 
       W26MT  6 0.0018 0.9687 0.0064 0.0195 0.0037 
       W26PE  6 0.0082 0.2296 0.0156 0.0119 0.7347 
       W26PJ  6 0.0080 0.1821 0.0447 0.0043 0.7609 
       W26PT  6 0.0026 0.8412 0.0066 0.0158 0.1338 
       W26PX  6 0.0085 0.6420 0.0036 0.0109 0.3350 
       W26T0  6 0.0052 0.9020 0.0041 0.0283 0.0604 
       W26TC  6 0.0016 0.9762 0.0026 0.0144 0.0052 
       W26TJ  6 0.0050 0.0136 0.0076 0.0073 0.9664 
       W26UE  6 0.0028 0.9266 0.0089 0.0532 0.0085 
       W26UF  6 0.0020 0.9669 0.0051 0.0215 0.0046 
       W26UL  6 0.0322 0.7065 0.0040 0.2507 0.0066 
       W26X2  6 0.0031 0.9281 0.0058 0.0569 0.0061 
       W2716  6 0.0065 0.6844 0.0159 0.0106 0.2827 
      HRV1C6  6 0.0018 0.1182 0.0033 0.7483 0.1284 
      HRV1CX  6 0.0039 0.9712 0.0039 0.0112 0.0099 
      HRV1E2  6 0.0019 0.9799 0.0031 0.0122 0.0029 
      HRV1E4  6 0.0017 0.0201 0.0198 0.9513 0.0072 
      HRV1E5  6 0.0017 0.9588 0.0036 0.0316 0.0043 
      HRV1EC  6 0.0026 0.9447 0.0040 0.0447 0.0040 
      HRV1EK  6 0.0043 0.0055 0.0036 0.9831 0.0035 
      HRV001  6 0.0022 0.0529 0.0117 0.9296 0.0035 
      HRV00H  6 0.0037 0.0837 0.0126 0.8895 0.0106 
      HRV00K  6 0.0021 0.0090 0.0049 0.9802 0.0037 
      HRV01X  6 0.0021 0.0032 0.0022 0.9900 0.0025 
      HRV025  6 0.0032 0.0057 0.0060 0.9817 0.0033 
      HRV028  6 0.0021 0.0032 0.0022 0.9900 0.0025 
      HRV041  6 0.0021 0.0092 0.0037 0.9820 0.0030 
      HRV04F  6 0.0020 0.0036 0.0029 0.9893 0.0023 
      HRV04L  6 0.0017 0.0044 0.0030 0.9882 0.0028 
      HRV055  6 0.0017 0.0109 0.0029 0.9817 0.0028 
      HRV05J  6 0.0021 0.8616 0.0033 0.0568 0.0761 
      HRV07J  6 0.0018 0.0092 0.0026 0.9462 0.0403 
      HRV07K  6 0.0042 0.9708 0.0026 0.0185 0.0039 
      HRV07L  6 0.0054 0.9814 0.0030 0.0042 0.0059 
      HRV07M  6 0.0019 0.0434 0.0034 0.9475 0.0038 
      HRV0HM  6 0.0052 0.0034 0.0077 0.9742 0.0095 
      HRV0J2  6 0.0020 0.0367 0.0023 0.9514 0.0076 
      HRV0K3  6 0.0019 0.0036 0.0055 0.9840 0.0050 
      HRV0KE  6 0.0021 0.0090 0.0041 0.9746 0.0102 
      HRV0KF  6 0.0041 0.6181 0.0078 0.2977 0.0723 
      HRV0KU  6 0.0060 0.9407 0.0051 0.0302 0.0181 
      HRV0L6  6 0.0018 0.9779 0.0033 0.0124 0.0047 
      HRV0M2  6 0.0037 0.9697 0.0047 0.0166 0.0053 
      HRV0MF  6 0.0018 0.0024 0.0021 0.9913 0.0023 
      HRV0MJ  6 0.0071 0.9624 0.0070 0.0075 0.0160 
      HRV1AT  6 0.0037 0.0455 0.0029 0.9425 0.0055 
      HRV1C1  6 0.0022 0.9787 0.0023 0.0130 0.0039 
      HRV1CL  6 0.0029 0.9518 0.0062 0.0141 0.0250 
      HRV1E1  6 0.0042 0.6164 0.0087 0.3627 0.0080 
      HRV1E7  6 0.0023 0.9385 0.0043 0.0481 0.0068 
      HRV1EE  6 0.0019 0.9589 0.0044 0.0104 0.0244 
      HRV1ET  6 0.0018 0.0043 0.0029 0.9880 0.0030 
         148  7 0.0270 0.6731 0.0413 0.0663 0.1924 
         149  7 0.0027 0.2435 0.0162 0.0103 0.7272 
         213  7 0.0033 0.0722 0.0039 0.0070 0.9135 
         215  7 0.0021 0.0151 0.0037 0.0044 0.9748 
         218  7 0.0032 0.7890 0.0062 0.0133 0.1884 
         219  7 0.0645 0.6029 0.0103 0.0041 0.3182 
         222  7 0.0038 0.4731 0.0313 0.0370 0.4548 
         224  7 0.0177 0.6931 0.0192 0.0193 0.2507 
         225  7 0.0031 0.0529 0.0103 0.0219 0.9119 
         229  7 0.0027 0.2403 0.0026 0.7513 0.0030 
         231  7 0.0066 0.8622 0.0046 0.0113 0.1154 
      HRV1CP  7 0.0040 0.5184 0.0073 0.0776 0.3927 
         239  7 0.0038 0.9362 0.0058 0.0397 0.0145 
         240  7 0.0027 0.1319 0.0051 0.0196 0.8407 
         243  7 0.0028 0.0857 0.0075 0.0341 0.8699 
         248  7 0.0016 0.3936 0.0029 0.5985 0.0035 
         250  7 0.0025 0.4083 0.0072 0.1044 0.4776 
         251  7 0.0221 0.5691 0.0081 0.0466 0.3542 
         256  7 0.0024 0.9722 0.0054 0.0133 0.0066 
         260  7 0.0094 0.8094 0.1123 0.0344 0.0345 
         261  7 0.0109 0.5037 0.0082 0.3420 0.1351 
         263  7 0.0044 0.5736 0.2848 0.1014 0.0358 
         284  7 0.0029 0.0453 0.0105 0.0138 0.9275 
         285  7 0.0032 0.0249 0.0087 0.0135 0.9497 
         286  7 0.0376 0.9404 0.0046 0.0110 0.0064 
         289  7 0.0045 0.2615 0.0602 0.3263 0.3475 
         291  7 0.0027 0.1205 0.0245 0.1206 0.7316 
         292  7 0.0043 0.0080 0.0067 0.0036 0.9773 
         293  7 0.0042 0.2239 0.0030 0.0253 0.7436 
      BF0001  7 0.0135 0.6538 0.0120 0.0463 0.2744 
      BF0002  7 0.0337 0.9337 0.0033 0.0052 0.0242 
       M2AY6  7 0.0028 0.8832 0.0069 0.1030 0.0041 
     Slov472  7 0.0048 0.0380 0.0038 0.3653 0.5881 
      BF0026  7 0.0052 0.0057 0.4016 0.0052 0.5822 
      BF0028  7 0.0048 0.0525 0.0072 0.0076 0.9279 
     CK.0PP5  7 0.0063 0.0250 0.0070 0.0049 0.9568 
     CK.0PP8  7 0.0050 0.0324 0.0084 0.0106 0.9436 
     CK.0PPC  7 0.0098 0.0234 0.0360 0.0041 0.9266 
     Slov166  7 0.0022 0.0784 0.0112 0.0064 0.9018 
     Slov189  7 0.0087 0.0445 0.0056 0.0084 0.9328 
     Slov196  7 0.0080 0.1372 0.0134 0.0053 0.8361 
     Slov204  7 0.0019 0.0105 0.0050 0.0083 0.9743 
      Slov24  7 0.0077 0.2543 0.0833 0.1329 0.5219 
      Slov26  7 0.0031 0.0062 0.0317 0.0026 0.9564 
      Slov33  7 0.0019 0.3310 0.0208 0.0279 0.6184 
     Slov447  7 0.0041 0.2030 0.1638 0.0245 0.6046 
     Slov449  7 0.0173 0.2436 0.0244 0.1118 0.6029 
     Slov492  7 0.0025 0.1323 0.1258 0.0045 0.7349 
      Slov56  7 0.0023 0.0593 0.8299 0.0980 0.0105 
       Slov7  7 0.0088 0.0518 0.0227 0.0079 0.9088 
      Slov70  7 0.0024 0.0043 0.0048 0.0071 0.9814 
      Slov75  7 0.0023 0.0048 0.0084 0.0027 0.9818 
      Slov78  7 0.0036 0.0084 0.0125 0.0078 0.9678 
      Slov85  7 0.0026 0.9526 0.0044 0.0295 0.0110 
      BF0003  7 0.0025 0.6882 0.0102 0.0164 0.2827 
      BF0004  7 0.0039 0.1732 0.0093 0.0458 0.7680 
      BF0005  7 0.0035 0.0080 0.0809 0.0082 0.8993 
      BF0006  7 0.0031 0.0194 0.0038 0.0237 0.9500 
      BF0007  7 0.0027 0.0202 0.0450 0.0057 0.9263 
      BF0008  7 0.0205 0.0203 0.0585 0.0587 0.8419 
      BF000A  7 0.0020 0.0440 0.0052 0.0109 0.9378 
      BF000C  7 0.0096 0.1752 0.0326 0.4970 0.2855 
      BF000E  7 0.0079 0.0232 0.0114 0.0085 0.9490 
      BF000F  7 0.0052 0.2364 0.0152 0.0988 0.6444 
      BF000H  7 0.0017 0.3372 0.0444 0.0652 0.5515 
      BF000J  7 0.0026 0.0585 0.1115 0.1012 0.7261 
      BF000K  7 0.0027 0.1353 0.0060 0.0334 0.8226 
      BF000L  7 0.0051 0.6714 0.2332 0.0140 0.0763 
      BF000M  8 0.0027 0.0164 0.0028 0.1183 0.8598 
      BF000P  8 0.0030 0.0181 0.0035 0.0338 0.9416 
      BF000T  8 0.0103 0.3885 0.0039 0.0100 0.5872 
      BF000U  8 0.0053 0.0201 0.0036 0.0102 0.9607 
      BF000X  8 0.0030 0.0103 0.0083 0.0284 0.9500 
      BF0010  8 0.0017 0.0118 0.0053 0.0062 0.9750 
      BF0011  8 0.0023 0.0115 0.0029 0.0190 0.9643 
      BF0012  8 0.0222 0.0583 0.1070 0.0111 0.8014 
      BF0013  8 0.0120 0.0177 0.0182 0.0089 0.9432 
      BF0014  8 0.0046 0.0209 0.0135 0.0666 0.8944 
      BF0015  8 0.0022 0.0082 0.0034 0.0063 0.9800 
      BF0016  8 0.0053 0.0049 0.0064 0.0065 0.9769 
      BF0017  8 0.0050 0.2207 0.0061 0.0051 0.7631 
      BF0018  8 0.0022 0.0298 0.0043 0.0094 0.9543 
      BF001A  8 0.0051 0.0046 0.0048 0.0054 0.9801 
      BF001C  8 0.0020 0.0111 0.0038 0.0086 0.9745 
      BF001E  8 0.0022 0.0036 0.0050 0.0042 0.9849 
      BF001F  8 0.0044 0.0250 0.0133 0.0070 0.9503 
      BF001H  8 0.0028 0.0106 0.0036 0.0050 0.9780 
      BF001J  8 0.0019 0.0053 0.0047 0.0032 0.9848 
      BF001K  8 0.0029 0.0072 0.0202 0.0324 0.9373 
      BF001L  8 0.0032 0.0033 0.0111 0.0029 0.9795 
      BF001M  8 0.0022 0.0040 0.0038 0.0032 0.9869 
      BF001P  8 0.0019 0.0045 0.0070 0.0031 0.9834 
      BF001T  8 0.0023 0.0060 0.0082 0.0029 0.9806 
      BF001U  8 0.0068 0.0115 0.0064 0.0097 0.9655 
      BF001X  8 0.0044 0.0913 0.0111 0.0074 0.8857 
      BF0020  8 0.0060 0.0122 0.0048 0.0131 0.9639 
      BF0022  8 0.0350 0.0037 0.0048 0.0020 0.9545 
      BF0023  8 0.0035 0.0035 0.0075 0.0046 0.9808 
      BF0025  8 0.0054 0.0120 0.0048 0.0065 0.9713 
     CX.10JP  9 0.0033 0.0070 0.0042 0.0054 0.9800 
     CX.10JX  9 0.0074 0.0033 0.0103 0.0133 0.9657 
     CX.10K0  9 0.0040 0.0039 0.0079 0.0067 0.9776 
     CX.10K5  9 0.0023 0.0077 0.0175 0.0163 0.9561 
     CX.10K6  9 0.0022 0.0032 0.0038 0.0032 0.9877 
     CX.10K7  9 0.0135 0.0117 0.0128 0.0056 0.9565 
     CX.10KA  9 0.0205 0.0043 0.0080 0.0074 0.9598 
     CX.10KC  9 0.0168 0.0051 0.0068 0.0049 0.9664 
     CX.10KH  9 0.0230 0.0076 0.0168 0.0057 0.9469 
     CX.10KL  9 0.0035 0.0045 0.0125 0.0026 0.9769 
     CX.10KM  9 0.0032 0.0036 0.0043 0.0025 0.9864 
     CX.10KT  9 0.0027 0.0030 0.0204 0.0048 0.9690 
     CX.10KU  9 0.0025 0.0123 0.0096 0.0092 0.9665 
     CX.10KX  9 0.0032 0.0048 0.0041 0.0049 0.9831 
     CX.10L0  9 0.0099 0.2147 0.0101 0.0082 0.7570 
     CX.10L6  9 0.0035 0.0050 0.0057 0.0046 0.9812 
     CX.10L7  9 0.0054 0.0058 0.0325 0.0117 0.9446 
     CX.10L8  9 0.0353 0.0451 0.0207 0.0205 0.8784 
     CX.10LA  9 0.0029 0.0102 0.0065 0.0075 0.9729 
     CX.10LE  9 0.0048 0.0040 0.0790 0.0080 0.9042 
     CX.10LH  9 0.0044 0.0030 0.0045 0.0056 0.9824 
     CX.10LK  9 0.0031 0.0050 0.0040 0.0060 0.9820 
     CX.10LL  9 0.0028 0.0045 0.0088 0.0076 0.9763 
     CX.10LP  9 0.0271 0.0052 0.0160 0.0090 0.9427 
     CX.10LT  9 0.0119 0.0046 0.0040 0.0023 0.9771 
     CX.10LU  9 0.0025 0.0051 0.0041 0.0051 0.9832 
     CX.10M1  9 0.0044 0.0034 0.0418 0.0041 0.9463 
     CX.10M2  9 0.0022 0.0067 0.0083 0.0031 0.9798 
     CX.10M3  9 0.0040 0.0109 0.0107 0.0190 0.9554 
     CX.10M5  9 0.0039 0.0088 0.0047 0.0080 0.9745 
     CX.10M6  9 0.0042 0.0069 0.0066 0.0056 0.9767 
     CX.10M7  9 0.0105 0.0211 0.0100 0.0217 0.9367 
     CX.10M8  9 0.0031 0.0112 0.0070 0.0035 0.9752 
     CX.10P3  9 0.0023 0.0267 0.0124 0.0084 0.9501 
     CX.10P7  9 0.0026 0.0245 0.0066 0.0033 0.9629 
     CX.10PC  9 0.0018 0.0061 0.0041 0.0066 0.9814 
     CX.10PE  9 0.0023 0.0067 0.0155 0.0043 0.9712 
     CX.10PU  9 0.0031 0.0061 0.0036 0.0044 0.9829 
     CX.10PX  9 0.0036 0.0067 0.0286 0.0101 0.9511 
     CX.10T0  9 0.0079 0.0184 0.0218 0.0036 0.9483 
     CX.10T2  9 0.0019 0.0061 0.0083 0.0068 0.9770 
     CX.10JT  9 0.0588 0.0089 0.0044 0.0044 0.9235 
     CX.10JY  9 0.0027 0.0053 0.0515 0.0025 0.9381 
     CX.10K4  9 0.0052 0.0031 0.0077 0.0069 0.9772 
     CX.10KE  9 0.0033 0.0038 0.0323 0.0034 0.9573 
     CX.10KY  9 0.0021 0.0036 0.0045 0.0037 0.9860 
     CX.10L2  9 0.0037 0.0064 0.0045 0.0036 0.9817 
     CX.10L3  9 0.0060 0.0174 0.1281 0.0300 0.8186 
     CX.10LF  9 0.0031 0.0047 0.0055 0.0035 0.9833 
     CX.10LM  9 0.0042 0.0717 0.0122 0.1260 0.7859 
     CX.10LY  9 0.0129 0.0221 0.0696 0.0565 0.8389 
     CX.10M0  9 0.0033 0.0060 0.0044 0.0030 0.9834 
     CX.10MA  9 0.0051 0.0162 0.0289 0.1010 0.8488 
     CK.0PLA 10 0.0067 0.0104 0.0093 0.0565 0.9171 
     CK.0PLC 10 0.0068 0.0152 0.0071 0.0580 0.9129 
     CK.0PLE 10 0.0038 0.0227 0.0063 0.0141 0.9531 
     CK.0PLF 10 0.0026 0.0056 0.0034 0.5153 0.4730 
     CK.0PLH 10 0.0228 0.0218 0.0038 0.4851 0.4665 
     CK.0PLJ 10 0.0028 0.0131 0.0028 0.0159 0.9654 
     CK.0PLK 10 0.0026 0.0133 0.0090 0.0670 0.9081 
     CK.0PLL 10 0.0186 0.0130 0.0024 0.0059 0.9601 
     CK.0PLM 10 0.0088 0.0036 0.0459 0.0107 0.9310 
     CK.0PLP 10 0.0205 0.0089 0.0026 0.0074 0.9607 
     CK.0PLT 10 0.0029 0.0045 0.0046 0.0067 0.9814 
     CK.0PLU 10 0.0038 0.0132 0.0061 0.0475 0.9294 
     CK.0PLX 10 0.0635 0.0137 0.0089 0.0084 0.9055 
     CK.0PLY 10 0.0029 0.0048 0.0044 0.0156 0.9723 
     CK.0PM0 10 0.0140 0.1371 0.0085 0.0087 0.8317 
     CK.0PM1 10 0.0065 0.0076 0.0276 0.0282 0.9300 
     CK.0PM2 10 0.0109 0.0264 0.0089 0.1713 0.7825 
     CK.0PM3 10 0.0145 0.0099 0.0046 0.0062 0.9648 
     CK.0PM4 10 0.0031 0.0027 0.0034 0.0035 0.9873 
     CK.0PM7 10 0.0071 0.0045 0.0047 0.0169 0.9668 
     CK.0PM8 10 0.0030 0.0044 0.0029 0.0050 0.9847 
     CK.0PMA 10 0.0069 0.0058 0.0047 0.0057 0.9768 
       M2C06 10 0.0033 0.0037 0.0028 0.0059 0.9842 
       M2C07 10 0.0025 0.0036 0.0035 0.0082 0.9823 
       M2C08 10 0.0028 0.0045 0.0024 0.0271 0.9633 
       M2C0A 10 0.0035 0.0067 0.0026 0.0077 0.9796 
       M2C0C 10 0.0072 0.0071 0.0060 0.0995 0.8802 
       M2C0E 10 0.0062 0.0102 0.0038 0.0119 0.9680 
     EF.15EU 11 0.0028 0.0027 0.9875 0.0025 0.0044 
     EF.15EE 11 0.0024 0.0025 0.9906 0.0018 0.0027 
     EF.15EF 11 0.0027 0.0024 0.9789 0.0084 0.0076 
     EF.15EH 11 0.0030 0.0029 0.9876 0.0024 0.0041 
     EF.15EJ 11 0.0037 0.0032 0.9867 0.0029 0.0036 
     EF.15EK 11 0.0029 0.0025 0.9902 0.0021 0.0024 
     EF.15EL 11 0.0117 0.0036 0.9788 0.0030 0.0030 
     EF.15EM 11 0.0035 0.0037 0.9868 0.0026 0.0034 
     EF.15EP 11 0.0040 0.0023 0.9889 0.0023 0.0025 
     EF.15ET 11 0.0065 0.0024 0.9868 0.0018 0.0026 
     EF.15EX 11 0.0030 0.0029 0.9877 0.0023 0.0041 
     EF.15F0 11 0.0092 0.0023 0.9830 0.0018 0.0038 
     EF.15F1 11 0.0084 0.0052 0.9784 0.0030 0.0050 
     EF.15F2 11 0.0027 0.0022 0.9905 0.0024 0.0023 
     EF.15F3 11 0.0033 0.0025 0.9895 0.0021 0.0026 
     EF.15F4 11 0.0019 0.0018 0.9920 0.0020 0.0023 
     EF.15F5 11 0.0151 0.0036 0.9729 0.0034 0.0049 
     EF.15F6 11 0.0018 0.0017 0.9920 0.0018 0.0027 
     EF.15FC 11 0.0032 0.0044 0.9849 0.0039 0.0037 
     EF.15FE 11 0.0511 0.0035 0.9221 0.0054 0.0179 
     EF.15FF 11 0.0028 0.0026 0.9899 0.0024 0.0022 
     EF.15FH 11 0.0021 0.0032 0.9882 0.0027 0.0039 
     EF.15FJ 11 0.0050 0.0048 0.9684 0.0050 0.0168 
     EF.15FK 11 0.0891 0.0029 0.8945 0.0034 0.0101 
     EF.15FL 11 0.0024 0.0027 0.9898 0.0021 0.0030 
     EF.15FM 11 0.0024 0.0024 0.9892 0.0025 0.0035 
     EF.15FP 11 0.0030 0.0025 0.9894 0.0022 0.0029 
      CC00K0 12 0.0024 0.0053 0.9777 0.0054 0.0091 
      CC01AY 12 0.0027 0.0094 0.9377 0.0070 0.0431 
      CC01EE 12 0.0046 0.0185 0.9315 0.0206 0.0247 
      CC03KH 12 0.0054 0.0235 0.8742 0.0222 0.0747 
      CC04FK 12 0.0184 0.0948 0.6524 0.0121 0.2223 
      CC04H8 12 0.0056 0.0200 0.8499 0.0091 0.1154 
      CC05EL 12 0.0126 0.1315 0.6792 0.0038 0.1729 
      CC05EM 12 0.0022 0.0083 0.9287 0.0156 0.0451 
      CC05EX 12 0.0026 0.0101 0.9400 0.0079 0.0394 
      CC05H2 12 0.0022 0.0207 0.7712 0.0364 0.1695 
      CC05HP 12 0.0017 0.0081 0.9790 0.0075 0.0037 
      CC05X0 12 0.0028 0.0125 0.9691 0.0077 0.0079 
      CC05X7 12 0.0028 0.0064 0.9770 0.0086 0.0052 
      CC0637 12 0.0024 0.0087 0.9424 0.0157 0.0308 
      CC0640 12 0.0025 0.0067 0.9761 0.0067 0.0079 
      FCC01M 12 0.0020 0.0035 0.9775 0.0067 0.0103 
      FCC2JC 12 0.0667 0.0218 0.8201 0.0342 0.0571 
      CC00JM 12 0.0121 0.0054 0.9649 0.0123 0.0053 
      CC00T6 12 0.0058 0.0868 0.8170 0.0272 0.0632 
      CC00T7 12 0.0023 0.0147 0.9596 0.0176 0.0058 
      CC00TC 12 0.0023 0.0028 0.9876 0.0033 0.0039 
      CC01CJ 12 0.0076 0.0051 0.9451 0.0369 0.0054 
      CC01CY 12 0.0022 0.0097 0.9673 0.0119 0.0089 
      CC01EC 12 0.0030 0.0047 0.9836 0.0047 0.0041 
      CC01EH 12 0.0039 0.0045 0.9834 0.0033 0.0049 
      CC01F2 12 0.0041 0.0299 0.9385 0.0161 0.0114 
      CC01FL 12 0.0023 0.0064 0.9761 0.0075 0.0077 
      CC025E 12 0.0053 0.0048 0.9790 0.0061 0.0048 
      CC03E3 12 0.0034 0.0104 0.7522 0.0115 0.2225 
      CC04AU 12 0.0017 0.0030 0.9879 0.0044 0.0029 
      CC04EK 12 0.0022 0.0045 0.9807 0.0077 0.0049 
      CC05FX 12 0.0019 0.0035 0.9872 0.0039 0.0036 
      CC05H7 12 0.0077 0.0620 0.7328 0.0232 0.1742 
      CC05M5 12 0.0025 0.0039 0.9852 0.0048 0.0036 
      CC05YK 12 0.0073 0.0175 0.8606 0.0063 0.1083 
      CC0630 12 0.0088 0.0222 0.6686 0.0550 0.2454 
      CC066E 12 0.0093 0.0572 0.7106 0.0347 0.1882 
      CC01ET 12 0.0089 0.0062 0.8819 0.0063 0.0967 
      CC01F1 12 0.0037 0.0053 0.9595 0.0064 0.0251 
      CC063M 12 0.0090 0.0179 0.9469 0.0121 0.0140 
