

----------------------------------------------------
STRUCTURE by Pritchard, Stephens and Donnelly (2000)
     and Falush, Stephens and Pritchard (2003)
       Code by Pritchard, Falush and Hubisz
             Version 2.3.4 (Jul 2012)
----------------------------------------------------



Command line arguments:   /home/eva.pavlovic/Structure/structure -m parameter_job_Z116 
Input File:    /home/eva.pavlovic/data_job_Z116

Run parameters:
   742 individuals
   20 loci
   7 populations assumed
   300000 Burn-in period
   3000000 Reps


--------------------------------------------
Proportion of membership of each pre-defined
 population in each of the 7 clusters

Given    Inferred Clusters                                   Number of
 Pop       1      2      3      4      5      6      7      Individuals

  1:     0.005  0.969  0.008  0.005  0.004  0.004  0.005      100
  2:     0.005  0.245  0.020  0.087  0.014  0.013  0.617        6
  3:     0.005  0.006  0.022  0.036  0.003  0.005  0.923        2
  4:     0.011  0.008  0.013  0.037  0.008  0.150  0.774       42
  5:     0.026  0.004  0.032  0.631  0.027  0.202  0.078      105
  6:     0.059  0.006  0.009  0.314  0.008  0.329  0.276      240
  7:     0.609  0.007  0.040  0.044  0.010  0.179  0.111       68
  8:     0.930  0.005  0.007  0.011  0.006  0.011  0.029       31
  9:     0.947  0.006  0.013  0.009  0.006  0.008  0.011       53
 10:     0.007  0.004  0.004  0.009  0.966  0.004  0.006       28
 11:     0.005  0.009  0.976  0.002  0.003  0.003  0.003       27
 12:     0.052  0.006  0.883  0.013  0.018  0.012  0.017       40
--------------------------------------------

Allele-freq. divergence among pops (Net nucleotide distance),
computed using point estimates of P.

      1       2       3       4       5       6       7      
 1      -    0.0738  0.0546  0.0696  0.1040  0.0604  0.0499  
 2   0.0738     -    0.0816  0.1180  0.1245  0.1114  0.1037  
 3   0.0546  0.0816     -    0.0914  0.1242  0.0950  0.0860  
 4   0.0696  0.1180  0.0914     -    0.1027  0.0478  0.0462  
 5   0.1040  0.1245  0.1242  0.1027     -    0.1027  0.0967  
 6   0.0604  0.1114  0.0950  0.0478  0.1027     -    0.0344  
 7   0.0499  0.1037  0.0860  0.0462  0.0967  0.0344     -    

Average distances (expected heterozygosity) between individuals in same cluster:
cluster  1  : 0.7638 
cluster  2  : 0.7960 
cluster  3  : 0.7522 
cluster  4  : 0.6996 
cluster  5  : 0.6507 
cluster  6  : 0.6942 
cluster  7  : 0.7215 

--------------------------------------------
Estimated Ln Prob of Data   = -49354.7
Mean value of ln likelihood = -48676.8
Variance of ln likelihood   = 1355.6
Mean value of alpha         = 0.0336

Mean value of Fst_1         = 0.0831
Mean value of Fst_2         = 0.0499
Mean value of Fst_3         = 0.1466
Mean value of Fst_4         = 0.2657
Mean value of Fst_5         = 0.2946
Mean value of Fst_6         = 0.1990
Mean value of Fst_7         = 0.1551


Inferred ancestry of individuals:
        Label (%Miss) Pop:  Inferred clusters
  1    M1EL5    (5)    1 :  0.005 0.974 0.007 0.003 0.003 0.003 0.005 
  2    W26T6    (5)    1 :  0.007 0.948 0.004 0.004 0.008 0.010 0.019 
  3    W26XX    (5)    1 :  0.003 0.984 0.003 0.003 0.002 0.003 0.002 
  4    M013P    (0)    1 :  0.003 0.985 0.003 0.002 0.003 0.002 0.002 
  5    M1ELA    (0)    1 :  0.017 0.898 0.047 0.013 0.014 0.004 0.007 
  6    M2C73    (0)    1 :  0.003 0.980 0.004 0.002 0.003 0.003 0.005 
  7    W23P4    (0)    1 :  0.006 0.874 0.003 0.069 0.005 0.009 0.035 
  8    W247C    (5)    1 :  0.002 0.986 0.003 0.002 0.003 0.002 0.002 
  9    W24K1    (0)    1 :  0.002 0.988 0.002 0.002 0.002 0.002 0.002 
 10    W24ME    (0)    1 :  0.005 0.947 0.003 0.006 0.005 0.018 0.016 
 11    W2514    (0)    1 :  0.004 0.975 0.003 0.006 0.003 0.004 0.006 
 12    W26MA    (0)    1 :  0.004 0.968 0.003 0.006 0.007 0.008 0.004 
 13    W26MM    (0)    1 :  0.004 0.982 0.002 0.003 0.005 0.003 0.002 
 14    W26MU    (0)    1 :  0.004 0.978 0.003 0.002 0.003 0.005 0.005 
 15    W26P0    (0)    1 :  0.005 0.978 0.002 0.002 0.003 0.006 0.004 
 16    W26P3    (0)    1 :  0.003 0.987 0.004 0.002 0.002 0.002 0.002 
 17    W26T5    (0)    1 :  0.002 0.988 0.002 0.002 0.002 0.002 0.002 
 18    W26TE    (0)    1 :  0.011 0.965 0.006 0.005 0.004 0.003 0.006 
 19    W26TF    (0)    1 :  0.002 0.971 0.008 0.002 0.013 0.002 0.002 
 20    W26U8    (0)    1 :  0.012 0.941 0.007 0.014 0.006 0.013 0.007 
 21    W26UJ    (0)    1 :  0.002 0.987 0.002 0.002 0.003 0.002 0.003 
 22    W26UK    (0)    1 :  0.002 0.988 0.003 0.002 0.002 0.002 0.002 
 23    W26UT    (0)    1 :  0.002 0.984 0.006 0.002 0.002 0.002 0.002 
 24    W26XT    (0)    1 :  0.003 0.974 0.011 0.002 0.006 0.002 0.002 
 25   CC06H2    (0)    1 :  0.004 0.950 0.003 0.020 0.008 0.010 0.005 
 26   CC06H4    (0)    1 :  0.002 0.981 0.003 0.003 0.006 0.002 0.004 
 27   CC06H5    (5)    1 :  0.013 0.947 0.006 0.012 0.004 0.008 0.010 
 28   CC06H6    (0)    1 :  0.009 0.974 0.005 0.004 0.002 0.003 0.004 
 29   CC06HE    (0)    1 :  0.003 0.985 0.004 0.002 0.002 0.002 0.002 
 30   CC06HF    (0)    1 :  0.004 0.947 0.012 0.008 0.009 0.004 0.016 
 31   CC06HH    (0)    1 :  0.002 0.983 0.005 0.003 0.002 0.002 0.002 
 32   CC06HJ    (0)    1 :  0.032 0.946 0.003 0.002 0.010 0.003 0.004 
 33   CC06HL    (0)    1 :  0.003 0.988 0.003 0.002 0.002 0.002 0.002 
 34   CC06HP    (0)    1 :  0.002 0.983 0.008 0.002 0.002 0.002 0.002 
 35   CC06HT    (0)    1 :  0.007 0.943 0.029 0.006 0.005 0.005 0.005 
 36   CC06HU    (0)    1 :  0.018 0.969 0.004 0.003 0.003 0.002 0.002 
 37   CC06HY    (0)    1 :  0.004 0.964 0.004 0.011 0.008 0.004 0.005 
 38   CC06J0    (0)    1 :  0.003 0.976 0.002 0.003 0.007 0.004 0.004 
 39   CC06J1    (0)    1 :  0.007 0.966 0.003 0.003 0.005 0.006 0.011 
 40   CC06J2    (0)    1 :  0.004 0.978 0.007 0.002 0.004 0.003 0.003 
 41  CT.0YCY    (0)    1 :  0.003 0.982 0.003 0.003 0.003 0.003 0.003 
 42  CT.0YEC    (0)    1 :  0.002 0.988 0.002 0.002 0.003 0.002 0.002 
 43  CT.0YEF    (0)    1 :  0.003 0.983 0.002 0.003 0.002 0.003 0.003 
 44  CT.0YEU    (0)    1 :  0.002 0.989 0.002 0.002 0.002 0.002 0.002 
 45  CT.0YF2    (5)    1 :  0.006 0.972 0.003 0.003 0.005 0.007 0.004 
 46  CT.0YF8    (0)    1 :  0.002 0.987 0.004 0.002 0.001 0.002 0.002 
 47  CT.0YFA    (0)    1 :  0.006 0.976 0.004 0.003 0.002 0.007 0.003 
 48  CT.0YFE    (0)    1 :  0.004 0.975 0.006 0.003 0.003 0.005 0.004 
 49  CT.0YFP    (0)    1 :  0.003 0.963 0.002 0.002 0.009 0.017 0.004 
 50  CT.0YFU    (0)    1 :  0.003 0.983 0.003 0.003 0.002 0.004 0.003 
 51  CT.0YK7    (0)    1 :  0.002 0.976 0.003 0.004 0.006 0.004 0.004 
 52  CX.10PT    (0)    1 :  0.005 0.941 0.008 0.014 0.020 0.006 0.007 
 53   DAM021    (0)    1 :  0.003 0.950 0.025 0.010 0.003 0.003 0.006 
 54   DAM034    (0)    1 :  0.004 0.978 0.003 0.004 0.002 0.003 0.006 
 55   DAM07X    (0)    1 :  0.003 0.980 0.003 0.004 0.002 0.006 0.003 
 56  EF.15J6    (0)    1 :  0.003 0.985 0.003 0.002 0.002 0.002 0.002 
 57   HRV010   (10)    1 :  0.006 0.980 0.003 0.002 0.004 0.002 0.002 
 58   HRV02J    (5)    1 :  0.006 0.974 0.004 0.003 0.003 0.006 0.005 
 59   HRV078    (0)    1 :  0.003 0.977 0.004 0.003 0.004 0.003 0.005 
 60   HRV0FH    (0)    1 :  0.003 0.985 0.002 0.002 0.002 0.004 0.002 
 61   HRV0H5    (0)    1 :  0.003 0.979 0.005 0.004 0.003 0.003 0.004 
 62   HRV0JF    (0)    1 :  0.005 0.946 0.003 0.003 0.002 0.005 0.035 
 63   HRV0JJ    (0)    1 :  0.004 0.977 0.003 0.004 0.003 0.004 0.006 
 64   HRV0JM    (0)    1 :  0.003 0.981 0.004 0.002 0.002 0.003 0.005 
 65   HRV0K6    (0)    1 :  0.018 0.943 0.003 0.006 0.015 0.008 0.008 
 66   HRV0K7    (0)    1 :  0.010 0.975 0.006 0.002 0.002 0.003 0.002 
 67   HRV0KP    (5)    1 :  0.006 0.965 0.007 0.004 0.010 0.003 0.004 
 68   HRV1AX    (0)    1 :  0.005 0.956 0.012 0.007 0.003 0.006 0.011 
 69   HRV1C4    (0)    1 :  0.002 0.972 0.002 0.012 0.002 0.004 0.005 
 70   HRV1CH    (0)    1 :  0.006 0.976 0.003 0.003 0.003 0.005 0.005 
 71   HRV1FA    (5)    1 :  0.008 0.968 0.008 0.005 0.003 0.004 0.003 
 72   HRV1FK    (0)    1 :  0.004 0.973 0.003 0.005 0.008 0.003 0.005 
 73   HRV1H8    (5)    1 :  0.003 0.978 0.008 0.003 0.002 0.003 0.002 
 74   HRV1HT   (10)    1 :  0.004 0.972 0.004 0.005 0.005 0.004 0.006 
 75   HRV1XU   (10)    1 :  0.002 0.968 0.005 0.003 0.015 0.004 0.003 
 76   HRV4TF    (0)    1 :  0.005 0.915 0.070 0.002 0.003 0.002 0.002 
 77   HRV6F0   (10)    1 :  0.003 0.975 0.010 0.003 0.003 0.003 0.003 
 78   HRVE6L    (0)    1 :  0.004 0.938 0.039 0.003 0.006 0.004 0.005 
 79    M27HM    (5)    1 :  0.003 0.977 0.005 0.003 0.002 0.005 0.005 
 80    M27HP    (0)    1 :  0.002 0.987 0.002 0.002 0.002 0.002 0.002 
 81    M2AK4    (0)    1 :  0.002 0.986 0.002 0.002 0.002 0.002 0.002 
 82    M2ALA    (0)    1 :  0.002 0.987 0.002 0.002 0.002 0.002 0.002 
 83    M2C56    (0)    1 :  0.005 0.965 0.013 0.004 0.003 0.005 0.005 
 84    M2CUX    (0)    1 :  0.005 0.972 0.003 0.003 0.005 0.006 0.007 
 85    M2E24    (0)    1 :  0.002 0.987 0.002 0.002 0.002 0.003 0.002 
 86    M2EA7    (5)    1 :  0.002 0.985 0.002 0.003 0.003 0.003 0.003 
 87    M2EH6    (0)    1 :  0.004 0.984 0.002 0.003 0.002 0.002 0.002 
 88    M2EKC    (0)    1 :  0.016 0.814 0.148 0.004 0.007 0.003 0.009 
 89   MSV083    (0)    1 :  0.007 0.962 0.005 0.002 0.017 0.003 0.003 
 90   MSV084    (0)    1 :  0.012 0.967 0.006 0.003 0.002 0.006 0.004 
 91   MSV0LJ    (0)    1 :  0.003 0.977 0.005 0.002 0.003 0.004 0.006 
 92   MSV1H5    (0)    1 :  0.011 0.964 0.004 0.009 0.002 0.004 0.005 
 93   MSV1KM    (0)    1 :  0.002 0.987 0.002 0.002 0.002 0.002 0.002 
 94   MSV23F    (5)    1 :  0.004 0.964 0.013 0.003 0.010 0.002 0.003 
 95   MSV2L8    (0)    1 :  0.002 0.982 0.003 0.002 0.003 0.003 0.005 
 96   MSV2P7    (5)    1 :  0.002 0.986 0.002 0.003 0.003 0.003 0.003 
 97   MSV2TJ    (0)    1 :  0.004 0.973 0.004 0.004 0.002 0.009 0.004 
 98   MSV2XM    (0)    1 :  0.004 0.978 0.005 0.003 0.004 0.004 0.003 
 99   MSV327    (5)    1 :  0.003 0.983 0.002 0.003 0.003 0.002 0.003 
100   MSV33L    (5)    1 :  0.002 0.988 0.002 0.002 0.002 0.002 0.002 
101   MSV1TX    (5)    2 :  0.004 0.591 0.003 0.366 0.004 0.021 0.011 
102   MSV025    (0)    2 :  0.008 0.126 0.022 0.027 0.010 0.008 0.799 
103   MSV02C    (0)    2 :  0.005 0.297 0.023 0.069 0.013 0.016 0.578 
104   MSV02E    (5)    2 :  0.003 0.206 0.044 0.008 0.008 0.016 0.714 
105   MSV0TF    (5)    2 :  0.003 0.125 0.002 0.005 0.004 0.005 0.857 
106    M2EL8    (0)    2 :  0.004 0.122 0.025 0.048 0.045 0.014 0.742 
107   MSV21T    (0)    3 :  0.003 0.003 0.007 0.011 0.003 0.007 0.966 
108    M2E71    (0)    3 :  0.008 0.009 0.037 0.060 0.002 0.003 0.880 
109    W23CA   (10)    4 :  0.006 0.002 0.005 0.004 0.002 0.007 0.974 
110  AP.085Y    (5)    4 :  0.004 0.003 0.004 0.006 0.005 0.007 0.971 
111  CH.0LLY    (5)    4 :  0.003 0.004 0.005 0.002 0.003 0.003 0.980 
112    M0LEC    (5)    4 :  0.010 0.002 0.002 0.007 0.002 0.028 0.950 
113    M2C3H   (10)    4 :  0.003 0.002 0.006 0.003 0.003 0.003 0.981 
114    M2CHL    (5)    4 :  0.003 0.004 0.004 0.002 0.002 0.002 0.984 
115    W26P7   (10)    4 :  0.003 0.002 0.005 0.002 0.002 0.005 0.980 
116  AP.07M5    (0)    4 :  0.018 0.006 0.005 0.021 0.100 0.543 0.306 
117  AP.080U    (0)    4 :  0.004 0.003 0.004 0.003 0.002 0.006 0.979 
118  AP.082A    (0)    4 :  0.004 0.002 0.002 0.005 0.004 0.023 0.959 
119  AP.0843    (0)    4 :  0.006 0.004 0.002 0.003 0.004 0.006 0.975 
120  AP.0844    (0)    4 :  0.003 0.010 0.004 0.003 0.002 0.006 0.971 
121  AP.084X    (0)    4 :  0.003 0.002 0.002 0.003 0.003 0.003 0.985 
122  AP.086Y    (0)    4 :  0.002 0.002 0.003 0.002 0.002 0.003 0.985 
123  AP.0870    (0)    4 :  0.006 0.004 0.024 0.006 0.002 0.008 0.951 
124  AP.0878    (0)    4 :  0.003 0.003 0.006 0.002 0.002 0.003 0.981 
125  AP.087F    (0)    4 :  0.003 0.002 0.003 0.002 0.002 0.004 0.985 
126  AP.087Y    (0)    4 :  0.002 0.003 0.004 0.002 0.002 0.002 0.985 
127  AP.088P    (0)    4 :  0.013 0.007 0.005 0.025 0.007 0.637 0.306 
128  AP.08AK    (5)    4 :  0.003 0.006 0.002 0.020 0.020 0.024 0.925 
129  CH.0LLM    (0)    4 :  0.002 0.002 0.005 0.013 0.005 0.003 0.970 
130  CH.0LLU    (0)    4 :  0.004 0.009 0.005 0.015 0.006 0.003 0.958 
131  CH.0LM0    (5)    4 :  0.005 0.008 0.003 0.003 0.006 0.004 0.971 
132  CH.0LM3    (5)    4 :  0.006 0.005 0.002 0.006 0.009 0.960 0.011 
133    W26MY    (0)    4 :  0.009 0.092 0.018 0.004 0.053 0.075 0.749 
134    W26P6    (0)    4 :  0.048 0.049 0.003 0.008 0.006 0.571 0.315 
135   HRV07U    (0)    4 :  0.089 0.014 0.080 0.011 0.004 0.589 0.212 
136   HRV1CT    (0)    4 :  0.003 0.002 0.003 0.005 0.003 0.012 0.971 
137   HRV1CU    (0)    4 :  0.006 0.002 0.007 0.133 0.005 0.295 0.552 
138   HRV1E6    (0)    4 :  0.013 0.002 0.009 0.020 0.004 0.051 0.900 
139   HRV081    (0)    4 :  0.003 0.002 0.002 0.044 0.011 0.462 0.477 
140   HRV1E3    (0)    4 :  0.011 0.004 0.004 0.007 0.002 0.946 0.026 
141   MSV21E    (0)    4 :  0.003 0.003 0.005 0.014 0.005 0.007 0.964 
142   MSV216    (0)    4 :  0.003 0.003 0.131 0.008 0.007 0.007 0.841 
143    M0TYK    (0)    4 :  0.005 0.029 0.005 0.006 0.005 0.911 0.039 
144   MSV2AA    (0)    4 :  0.003 0.006 0.004 0.062 0.003 0.007 0.916 
145  CK.0PET    (0)    4 :  0.003 0.010 0.019 0.005 0.005 0.003 0.956 
146    M2E8C    (0)    4 :  0.003 0.002 0.003 0.958 0.004 0.004 0.025 
147   MSV23X    (0)    4 :  0.002 0.003 0.005 0.022 0.005 0.006 0.957 
148   MSV32A    (0)    4 :  0.009 0.004 0.018 0.040 0.002 0.019 0.909 
149  AP.0838    (0)    4 :  0.012 0.003 0.078 0.010 0.002 0.020 0.877 
150  AP.088F    (0)    4 :  0.104 0.004 0.021 0.019 0.003 0.036 0.814 
151   DAM2HL   (10)    5 :  0.025 0.003 0.006 0.041 0.003 0.040 0.881 
152    M2ALK    (0)    5 :  0.006 0.003 0.299 0.436 0.003 0.242 0.011 
153    M2E2J    (0)    5 :  0.003 0.023 0.002 0.008 0.022 0.933 0.009 
154    M2E73    (0)    5 :  0.004 0.002 0.004 0.015 0.004 0.957 0.013 
155    M2E74    (0)    5 :  0.008 0.003 0.249 0.717 0.002 0.016 0.005 
156    M2EUJ    (5)    5 :  0.130 0.003 0.400 0.090 0.003 0.323 0.051 
157   DAM1XK    (0)    5 :  0.028 0.003 0.005 0.064 0.003 0.052 0.844 
158    M2057    (0)    5 :  0.003 0.002 0.003 0.004 0.001 0.984 0.003 
159    M2271    (0)    5 :  0.004 0.002 0.006 0.824 0.127 0.033 0.003 
160    M27YK    (0)    5 :  0.071 0.040 0.102 0.005 0.002 0.766 0.015 
161    M2A1H    (0)    5 :  0.002 0.002 0.005 0.539 0.445 0.003 0.004 
162    M2E0P    (0)    5 :  0.003 0.002 0.003 0.924 0.005 0.038 0.024 
163    M2E75    (0)    5 :  0.018 0.002 0.003 0.950 0.006 0.009 0.013 
164    M2E76    (0)    5 :  0.005 0.003 0.009 0.956 0.002 0.020 0.005 
165   MSV0T5    (5)    5 :  0.004 0.002 0.002 0.174 0.004 0.805 0.008 
166   MSV241    (0)    5 :  0.007 0.003 0.003 0.960 0.003 0.010 0.014 
167   MSV2A0    (0)    5 :  0.004 0.004 0.004 0.971 0.006 0.006 0.006 
168   MSV2A1    (0)    5 :  0.002 0.002 0.002 0.985 0.002 0.004 0.002 
169   MSV2A8    (0)    5 :  0.004 0.002 0.009 0.940 0.003 0.006 0.035 
170   DAM1P5    (0)    5 :  0.002 0.001 0.002 0.980 0.002 0.008 0.005 
171    M1084    (0)    5 :  0.005 0.002 0.005 0.007 0.003 0.954 0.024 
172   MSV2M4    (5)    5 :  0.007 0.003 0.004 0.965 0.005 0.006 0.011 
173   MSV2T6    (5)    5 :  0.006 0.003 0.003 0.951 0.026 0.005 0.005 
174    M1UM1    (5)    5 :  0.024 0.006 0.009 0.019 0.005 0.927 0.011 
175    M2ECL    (0)    5 :  0.027 0.016 0.028 0.680 0.002 0.119 0.127 
176    M2EJ0    (0)    5 :  0.069 0.002 0.004 0.309 0.002 0.011 0.603 
177   MSV20J    (0)    5 :  0.009 0.002 0.008 0.922 0.005 0.007 0.048 
178   MSV2TK    (0)    5 :  0.013 0.012 0.024 0.658 0.002 0.178 0.112 
179   MSV2TX    (0)    5 :  0.004 0.002 0.005 0.931 0.003 0.012 0.044 
180   MSV310    (0)    5 :  0.003 0.003 0.003 0.974 0.004 0.008 0.006 
181   MSV33F    (0)    5 :  0.004 0.003 0.003 0.968 0.008 0.010 0.004 
182   DAM35L    (0)    5 :  0.006 0.002 0.002 0.966 0.008 0.005 0.010 
183    M2E4C    (0)    5 :  0.004 0.002 0.009 0.889 0.003 0.009 0.085 
184    M2E4H    (0)    5 :  0.010 0.008 0.003 0.023 0.004 0.885 0.066 
185    M2E65    (0)    5 :  0.011 0.003 0.021 0.952 0.002 0.006 0.004 
186    M2EEJ    (0)    5 :  0.002 0.002 0.002 0.983 0.004 0.004 0.003 
187    M2EEP    (5)    5 :  0.007 0.004 0.009 0.920 0.010 0.009 0.041 
188   MSV1TU    (0)    5 :  0.003 0.004 0.003 0.172 0.004 0.018 0.795 
189   MSV20M    (0)    5 :  0.007 0.002 0.007 0.941 0.004 0.010 0.030 
190   MSV223    (0)    5 :  0.004 0.003 0.002 0.006 0.003 0.973 0.008 
191   MSV22E    (0)    5 :  0.007 0.003 0.005 0.923 0.004 0.050 0.008 
192   MSV23J    (0)    5 :  0.004 0.002 0.002 0.005 0.003 0.972 0.012 
193   MSV2K6    (5)    5 :  0.003 0.002 0.003 0.977 0.003 0.006 0.006 
194   DAM23U    (5)    5 :  0.005 0.009 0.016 0.704 0.007 0.069 0.191 
195    M2E8A    (5)    5 :  0.003 0.002 0.004 0.974 0.005 0.004 0.007 
196   MSV2L2    (5)    5 :  0.003 0.003 0.003 0.972 0.008 0.004 0.007 
197    M1YMH    (5)    5 :  0.010 0.007 0.004 0.631 0.014 0.271 0.062 
198    M2A84    (5)    5 :  0.004 0.006 0.004 0.340 0.006 0.020 0.620 
199   MSV23M    (0)    5 :  0.038 0.003 0.005 0.012 0.003 0.922 0.016 
200  AP.085T    (5)    5 :  0.004 0.002 0.004 0.897 0.005 0.075 0.014 
201  AP.086J    (0)    5 :  0.861 0.003 0.029 0.043 0.007 0.013 0.044 
202  AP.08C2    (0)    5 :  0.364 0.020 0.039 0.007 0.031 0.014 0.525 
203  AP.08CF    (0)    5 :  0.013 0.002 0.005 0.857 0.007 0.099 0.016 
204  AP.08CX    (0)    5 :  0.003 0.001 0.002 0.981 0.002 0.005 0.005 
205  AP.08CY    (0)    5 :  0.024 0.007 0.047 0.826 0.003 0.087 0.006 
206   DAM0JX    (0)    5 :  0.010 0.003 0.004 0.208 0.010 0.011 0.754 
207   DAM0P4    (0)    5 :  0.003 0.002 0.002 0.007 0.004 0.976 0.006 
208   DAM0UK    (0)    5 :  0.056 0.004 0.006 0.465 0.003 0.456 0.009 
209    M2030    (0)    5 :  0.015 0.002 0.004 0.469 0.025 0.481 0.003 
210   MSV24M    (0)    5 :  0.016 0.003 0.004 0.926 0.003 0.024 0.024 
211    M20AM    (0)    5 :  0.188 0.003 0.161 0.114 0.002 0.438 0.094 
212    M21YP    (0)    5 :  0.002 0.002 0.986 0.003 0.002 0.003 0.002 
213    M2205    (0)    5 :  0.004 0.001 0.003 0.977 0.004 0.006 0.005 
214    M2206    (0)    5 :  0.018 0.002 0.006 0.550 0.006 0.412 0.006 
215   MSV267    (0)    5 :  0.019 0.002 0.003 0.950 0.003 0.007 0.015 
216    M2757    (0)    5 :  0.038 0.003 0.179 0.146 0.003 0.574 0.056 
217    M27TH    (0)    5 :  0.004 0.002 0.004 0.005 0.002 0.980 0.004 
218   MSV2JA    (0)    5 :  0.006 0.006 0.088 0.399 0.266 0.008 0.229 
219   MSV2KU    (0)    5 :  0.009 0.004 0.027 0.892 0.020 0.044 0.003 
220   MSV2MF    (0)    5 :  0.012 0.003 0.085 0.797 0.006 0.016 0.080 
221   MSV2TA    (0)    5 :  0.003 0.002 0.003 0.983 0.002 0.005 0.004 
222   MSV2TE    (0)    5 :  0.002 0.002 0.003 0.919 0.003 0.066 0.005 
223   MSV2TU    (0)    5 :  0.032 0.010 0.004 0.720 0.003 0.199 0.032 
224   MSV2UT    (0)    5 :  0.011 0.005 0.123 0.290 0.003 0.562 0.007 
225   MSV306    (0)    5 :  0.008 0.003 0.005 0.968 0.002 0.007 0.007 
226   MSV311    (0)    5 :  0.017 0.002 0.003 0.964 0.002 0.004 0.008 
227   MSV31M    (0)    5 :  0.062 0.004 0.008 0.758 0.003 0.019 0.145 
228   MSV325    (0)    5 :  0.003 0.003 0.003 0.939 0.010 0.012 0.030 
229   MSV32H    (0)    5 :  0.008 0.004 0.006 0.947 0.010 0.013 0.012 
230  CX.112U    (0)    5 :  0.024 0.003 0.007 0.941 0.003 0.010 0.012 
231   DAM2PC    (0)    5 :  0.002 0.001 0.002 0.231 0.751 0.003 0.011 
232    M2E48    (0)    5 :  0.004 0.002 0.004 0.962 0.003 0.016 0.009 
233    M2E7K    (0)    5 :  0.004 0.002 0.006 0.952 0.003 0.018 0.015 
234    M2E80    (0)    5 :  0.003 0.002 0.004 0.975 0.004 0.006 0.005 
235    M2EAM    (0)    5 :  0.007 0.002 0.009 0.734 0.003 0.234 0.012 
236    M2EFF    (0)    5 :  0.003 0.003 0.006 0.978 0.003 0.003 0.004 
237    M2EFY    (0)    5 :  0.003 0.002 0.005 0.020 0.002 0.963 0.006 
238    M2EHM    (0)    5 :  0.010 0.002 0.003 0.968 0.005 0.007 0.005 
239    M2EK0    (0)    5 :  0.064 0.003 0.005 0.144 0.011 0.272 0.502 
240    M2EK1    (0)    5 :  0.010 0.002 0.006 0.651 0.005 0.113 0.213 
241   MSV22F    (0)    5 :  0.012 0.002 0.005 0.870 0.007 0.023 0.081 
242   MSV273    (0)    5 :  0.002 0.003 0.004 0.982 0.002 0.003 0.004 
243   MSV0TL   (10)    5 :  0.012 0.005 0.008 0.123 0.706 0.089 0.056 
244   MSV0TT    (0)    5 :  0.002 0.002 0.003 0.983 0.003 0.004 0.003 
245   MSV12H    (0)    5 :  0.006 0.002 0.010 0.009 0.003 0.883 0.087 
246   MSV1TH    (0)    5 :  0.015 0.003 0.060 0.727 0.035 0.156 0.003 
247   MSV275    (0)    5 :  0.002 0.003 0.003 0.980 0.007 0.003 0.002 
248   MSV286    (0)    5 :  0.008 0.005 0.018 0.954 0.003 0.007 0.006 
249   MSV2H4    (0)    5 :  0.003 0.002 0.004 0.980 0.002 0.005 0.005 
250   MSV2K8    (0)    5 :  0.029 0.002 0.010 0.481 0.005 0.469 0.005 
251   MSV2PM    (0)    5 :  0.002 0.001 0.002 0.981 0.002 0.008 0.005 
252   MSV2X3    (0)    5 :  0.003 0.001 0.002 0.922 0.004 0.053 0.014 
253   MSV2X4    (0)    5 :  0.008 0.005 0.005 0.962 0.008 0.005 0.008 
254   MSV30U    (0)    5 :  0.003 0.001 0.003 0.928 0.004 0.050 0.012 
255  CX.111C    (0)    5 :  0.003 0.002 0.002 0.434 0.006 0.503 0.049 
256  AP.07M2    (0)    6 :  0.016 0.031 0.004 0.006 0.010 0.520 0.414 
257   HRV05C   (10)    6 :  0.005 0.005 0.002 0.007 0.011 0.898 0.073 
258   HRV077   (10)    6 :  0.016 0.006 0.085 0.035 0.016 0.752 0.089 
259   HRV0A0    (5)    6 :  0.004 0.006 0.003 0.898 0.003 0.054 0.031 
260   HRV0MC    (5)    6 :  0.003 0.002 0.002 0.004 0.007 0.974 0.007 
261   HRV00P    (0)    6 :  0.003 0.001 0.003 0.983 0.003 0.003 0.003 
262   HRV01J    (5)    6 :  0.002 0.002 0.003 0.982 0.004 0.003 0.004 
263   HRV026    (5)    6 :  0.003 0.002 0.002 0.983 0.004 0.003 0.003 
264   HRV02C    (0)    6 :  0.003 0.002 0.002 0.971 0.003 0.006 0.014 
265   HRV031    (0)    6 :  0.007 0.002 0.003 0.741 0.004 0.233 0.011 
266   HRV033    (0)    6 :  0.007 0.002 0.003 0.740 0.004 0.235 0.011 
267   HRV05L    (0)    6 :  0.254 0.002 0.005 0.218 0.005 0.036 0.480 
268   HRV06A    (0)    6 :  0.004 0.002 0.004 0.968 0.003 0.013 0.007 
269   HRV07P    (5)    6 :  0.005 0.002 0.003 0.012 0.004 0.059 0.914 
270   HRV0HC    (5)    6 :  0.004 0.009 0.005 0.012 0.004 0.562 0.403 
271   HRV0HU   (10)    6 :  0.252 0.004 0.004 0.376 0.007 0.306 0.050 
272   HRV0K1    (0)    6 :  0.009 0.002 0.003 0.964 0.004 0.007 0.012 
273   HRV0M6    (5)    6 :  0.016 0.005 0.004 0.965 0.004 0.003 0.003 
274   HRV0M7    (5)    6 :  0.005 0.002 0.004 0.006 0.002 0.972 0.009 
275   HRV0MK    (0)    6 :  0.005 0.001 0.003 0.981 0.002 0.004 0.003 
276   HRV1C7    (5)    6 :  0.047 0.002 0.004 0.922 0.005 0.009 0.011 
277   HRV1EA    (0)    6 :  0.004 0.005 0.009 0.043 0.002 0.024 0.913 
278    M147K    (5)    6 :  0.002 0.001 0.003 0.951 0.005 0.031 0.006 
279   HRV008    (0)    6 :  0.003 0.002 0.002 0.006 0.006 0.976 0.006 
280   HRV015    (0)    6 :  0.002 0.003 0.002 0.979 0.006 0.004 0.003 
281   HRV01F    (0)    6 :  0.003 0.003 0.003 0.978 0.004 0.005 0.004 
282   HRV01L    (0)    6 :  0.003 0.002 0.002 0.984 0.003 0.003 0.002 
283   HRV01M    (0)    6 :  0.010 0.002 0.006 0.014 0.007 0.953 0.007 
284   HRV020    (0)    6 :  0.002 0.002 0.003 0.984 0.005 0.002 0.002 
285   HRV022    (0)    6 :  0.002 0.004 0.003 0.979 0.005 0.003 0.003 
286   HRV02A    (0)    6 :  0.002 0.003 0.003 0.984 0.002 0.003 0.002 
287   HRV02K    (0)    6 :  0.003 0.003 0.003 0.981 0.006 0.002 0.002 
288   HRV04C    (0)    6 :  0.002 0.002 0.003 0.973 0.004 0.012 0.004 
289   HRV05H    (0)    6 :  0.015 0.003 0.010 0.007 0.002 0.956 0.006 
290   HRV076    (0)    6 :  0.009 0.007 0.010 0.017 0.006 0.904 0.046 
291   HRV07H    (0)    6 :  0.003 0.001 0.002 0.006 0.002 0.011 0.973 
292   HRV07X    (0)    6 :  0.013 0.007 0.005 0.074 0.002 0.194 0.704 
293   HRV080    (0)    6 :  0.002 0.001 0.002 0.007 0.002 0.004 0.981 
294   HRV086    (5)    6 :  0.008 0.002 0.005 0.066 0.007 0.904 0.008 
295   HRV0H3    (5)    6 :  0.004 0.002 0.004 0.980 0.004 0.003 0.004 
296   HRV0J3    (0)    6 :  0.003 0.002 0.003 0.004 0.002 0.981 0.004 
297   HRV0JX   (15)    6 :  0.004 0.004 0.005 0.004 0.006 0.970 0.007 
298   HRV0ML   (10)    6 :  0.004 0.002 0.002 0.962 0.006 0.009 0.015 
299   HRV1E8   (10)    6 :  0.006 0.002 0.005 0.019 0.003 0.015 0.950 
300   HRV007   (10)    6 :  0.025 0.003 0.015 0.056 0.005 0.830 0.065 
301   HRV005    (5)    6 :  0.005 0.002 0.008 0.011 0.004 0.966 0.005 
302   HRV05U    (5)    6 :  0.059 0.002 0.003 0.005 0.006 0.904 0.021 
303   HRV01U    (5)    6 :  0.004 0.002 0.006 0.004 0.002 0.967 0.014 
304  AP.07M1    (5)    6 :  0.004 0.002 0.003 0.980 0.003 0.005 0.003 
305  AP.07ME    (5)    6 :  0.009 0.003 0.016 0.013 0.004 0.949 0.007 
306  AP.0817    (5)    6 :  0.018 0.003 0.006 0.005 0.002 0.033 0.933 
307  AP.0863   (15)    6 :  0.199 0.012 0.012 0.066 0.019 0.521 0.171 
308  AP.087T    (5)    6 :  0.013 0.007 0.002 0.006 0.006 0.879 0.086 
309  AP.088T    (5)    6 :  0.009 0.002 0.003 0.010 0.004 0.560 0.412 
310  CH.0LM1   (15)    6 :  0.010 0.003 0.003 0.008 0.007 0.034 0.935 
311    M05X5    (5)    6 :  0.147 0.022 0.022 0.051 0.018 0.655 0.086 
312    M06JH    (5)    6 :  0.018 0.023 0.064 0.046 0.022 0.062 0.765 
313    M0A6K    (5)    6 :  0.027 0.003 0.007 0.050 0.003 0.166 0.745 
314    M0ETF    (5)    6 :  0.003 0.002 0.003 0.977 0.005 0.007 0.003 
315    M0LUP   (10)    6 :  0.006 0.003 0.004 0.113 0.005 0.858 0.011 
316    M16F1    (5)    6 :  0.009 0.002 0.005 0.186 0.030 0.760 0.008 
317    M182M    (5)    6 :  0.003 0.002 0.003 0.003 0.002 0.984 0.002 
318    M1CFL   (10)    6 :  0.019 0.002 0.004 0.132 0.010 0.825 0.008 
319    M2AXY   (10)    6 :  0.011 0.003 0.019 0.067 0.004 0.063 0.833 
320    M2AY2   (10)    6 :  0.006 0.018 0.004 0.005 0.003 0.937 0.026 
321    M2CHP   (10)    6 :  0.018 0.007 0.008 0.006 0.005 0.007 0.948 
322    W26LK    (5)    6 :  0.011 0.002 0.012 0.058 0.004 0.035 0.877 
323    W26ME   (10)    6 :  0.004 0.003 0.026 0.009 0.006 0.009 0.943 
324  AM.07FM    (0)    6 :  0.003 0.001 0.003 0.961 0.008 0.017 0.006 
325  AM.07FP    (5)    6 :  0.002 0.002 0.002 0.980 0.004 0.004 0.005 
326  AP.07M4    (0)    6 :  0.005 0.002 0.003 0.007 0.005 0.967 0.012 
327  AP.07M7    (0)    6 :  0.002 0.001 0.002 0.100 0.004 0.869 0.022 
328  AP.07M8    (0)    6 :  0.007 0.002 0.003 0.008 0.004 0.016 0.960 
329  AP.07MA    (0)    6 :  0.003 0.005 0.003 0.064 0.006 0.231 0.689 
330  AP.07MC    (0)    6 :  0.006 0.002 0.006 0.004 0.002 0.062 0.918 
331  AP.07P8    (0)    6 :  0.004 0.013 0.003 0.353 0.027 0.314 0.287 
332  AP.07U8    (0)    6 :  0.005 0.002 0.003 0.005 0.016 0.964 0.005 
333  AP.081F   (10)    6 :  0.003 0.002 0.002 0.006 0.003 0.005 0.979 
334  AP.081H   (10)    6 :  0.936 0.009 0.011 0.015 0.006 0.008 0.016 
335  AP.0820    (0)    6 :  0.039 0.014 0.003 0.004 0.005 0.010 0.924 
336  AP.0841    (5)    6 :  0.351 0.045 0.022 0.085 0.005 0.035 0.456 
337  AP.0858    (0)    6 :  0.013 0.002 0.004 0.007 0.006 0.059 0.908 
338  AP.085U    (5)    6 :  0.008 0.007 0.005 0.004 0.004 0.966 0.006 
339  AP.085X    (5)    6 :  0.008 0.002 0.006 0.954 0.010 0.008 0.012 
340  AP.0861    (5)    6 :  0.006 0.004 0.006 0.480 0.021 0.016 0.467 
341  AP.0864   (10)    6 :  0.004 0.002 0.003 0.008 0.010 0.959 0.013 
342  AP.086X    (0)    6 :  0.004 0.002 0.002 0.029 0.002 0.953 0.007 
343  AP.0872    (0)    6 :  0.006 0.002 0.004 0.032 0.005 0.570 0.380 
344  AP.0875    (0)    6 :  0.707 0.024 0.008 0.006 0.005 0.022 0.228 
345  AP.087A    (0)    6 :  0.004 0.002 0.003 0.013 0.002 0.972 0.004 
346  AP.087C    (0)    6 :  0.232 0.004 0.009 0.614 0.006 0.040 0.095 
347  AP.087E    (0)    6 :  0.005 0.002 0.004 0.908 0.003 0.042 0.036 
348  AP.087H    (0)    6 :  0.005 0.002 0.007 0.935 0.014 0.031 0.008 
349  AP.087K    (0)    6 :  0.076 0.003 0.010 0.013 0.015 0.843 0.040 
350  AP.087L    (0)    6 :  0.011 0.002 0.003 0.808 0.016 0.150 0.009 
351  AP.087M    (0)    6 :  0.007 0.002 0.002 0.004 0.003 0.016 0.965 
352  AP.087P    (0)    6 :  0.007 0.003 0.005 0.012 0.003 0.030 0.941 
353  AP.087U    (0)    6 :  0.718 0.010 0.009 0.044 0.058 0.071 0.091 
354  AP.087X    (0)    6 :  0.527 0.008 0.041 0.008 0.009 0.391 0.016 
355  AP.0881    (0)    6 :  0.773 0.008 0.071 0.014 0.016 0.087 0.032 
356  AP.0882    (0)    6 :  0.007 0.003 0.036 0.928 0.005 0.014 0.007 
357  AP.0883    (0)    6 :  0.018 0.020 0.005 0.010 0.018 0.494 0.435 
358  AP.0884    (0)    6 :  0.005 0.002 0.002 0.010 0.004 0.154 0.824 
359  AP.0885    (5)    6 :  0.007 0.003 0.008 0.012 0.006 0.935 0.029 
360  AP.0887    (0)    6 :  0.040 0.002 0.012 0.121 0.005 0.801 0.019 
361  AP.0888    (5)    6 :  0.543 0.265 0.009 0.007 0.004 0.032 0.140 
362  AP.088A    (0)    6 :  0.013 0.002 0.063 0.107 0.003 0.783 0.028 
363  AP.088C    (0)    6 :  0.373 0.006 0.008 0.408 0.063 0.135 0.008 
364  AP.088J    (0)    6 :  0.020 0.004 0.014 0.005 0.004 0.008 0.945 
365  AP.088K    (0)    6 :  0.123 0.004 0.015 0.015 0.006 0.824 0.013 
366  AP.088L    (0)    6 :  0.006 0.002 0.003 0.954 0.004 0.022 0.009 
367  AP.088U    (0)    6 :  0.004 0.002 0.010 0.911 0.007 0.040 0.026 
368  AP.088X    (0)    6 :  0.013 0.005 0.012 0.005 0.009 0.951 0.006 
369  AP.08A0    (0)    6 :  0.004 0.001 0.002 0.003 0.002 0.979 0.008 
370  AP.08A1    (0)    6 :  0.039 0.003 0.005 0.632 0.003 0.308 0.009 
371  AP.08A3    (0)    6 :  0.011 0.002 0.002 0.479 0.003 0.494 0.008 
372  AP.08A4    (0)    6 :  0.552 0.006 0.014 0.158 0.085 0.171 0.015 
373  AP.08A5    (0)    6 :  0.005 0.002 0.004 0.845 0.004 0.118 0.022 
374  AP.08A6    (0)    6 :  0.010 0.004 0.005 0.006 0.002 0.047 0.925 
375  AP.08A8    (5)    6 :  0.011 0.002 0.002 0.008 0.004 0.005 0.968 
376  AP.08AC    (0)    6 :  0.007 0.003 0.003 0.007 0.006 0.969 0.005 
377  AP.08AH    (0)    6 :  0.017 0.003 0.023 0.005 0.005 0.941 0.005 
378  AP.08AJ    (0)    6 :  0.004 0.003 0.003 0.017 0.003 0.241 0.729 
379  AP.08AM   (10)    6 :  0.006 0.002 0.003 0.013 0.006 0.940 0.030 
380  AP.08AT    (0)    6 :  0.004 0.002 0.002 0.005 0.003 0.387 0.597 
381  AP.08AX    (0)    6 :  0.015 0.002 0.002 0.752 0.003 0.221 0.005 
382  CH.0LLP    (0)    6 :  0.025 0.002 0.002 0.014 0.004 0.133 0.821 
383  CH.0LM2   (10)    6 :  0.011 0.003 0.008 0.077 0.005 0.861 0.035 
384  CH.0LM4    (5)    6 :  0.042 0.002 0.008 0.004 0.002 0.037 0.905 
385  CH.0LM5    (0)    6 :  0.004 0.002 0.004 0.007 0.003 0.007 0.972 
386    M0102    (5)    6 :  0.004 0.002 0.002 0.019 0.003 0.965 0.005 
387    M023A    (5)    6 :  0.003 0.002 0.003 0.938 0.003 0.038 0.014 
388    M03MM   (10)    6 :  0.029 0.005 0.014 0.166 0.004 0.026 0.757 
389    M04PF    (0)    6 :  0.003 0.002 0.002 0.005 0.004 0.980 0.005 
390    M04XH    (5)    6 :  0.005 0.005 0.010 0.031 0.004 0.018 0.927 
391    M04XM   (10)    6 :  0.010 0.002 0.003 0.928 0.006 0.045 0.005 
392    M0557    (0)    6 :  0.002 0.002 0.003 0.003 0.002 0.007 0.979 
393    M055C    (0)    6 :  0.055 0.044 0.020 0.052 0.032 0.623 0.174 
394    M05JC    (0)    6 :  0.012 0.002 0.051 0.124 0.003 0.033 0.774 
395    M05PH    (0)    6 :  0.009 0.003 0.024 0.031 0.006 0.017 0.909 
396    M05X6    (0)    6 :  0.004 0.002 0.011 0.249 0.004 0.698 0.032 
397    M07TC    (0)    6 :  0.005 0.005 0.003 0.625 0.002 0.205 0.154 
398    M0A66    (0)    6 :  0.008 0.002 0.009 0.399 0.028 0.467 0.088 
399    M0EYT    (0)    6 :  0.002 0.002 0.002 0.985 0.003 0.004 0.003 
400    M0FF2    (0)    6 :  0.003 0.001 0.002 0.982 0.004 0.006 0.003 
401    M0HJ6    (5)    6 :  0.118 0.008 0.026 0.183 0.003 0.328 0.334 
402   HRV0JL    (0)    6 :  0.003 0.001 0.002 0.980 0.003 0.005 0.005 
403   HRV0JP    (0)    6 :  0.004 0.007 0.013 0.851 0.039 0.019 0.068 
404   HRV0KA    (0)    6 :  0.003 0.002 0.003 0.003 0.002 0.984 0.004 
405   HRV0LJ    (5)    6 :  0.024 0.008 0.010 0.017 0.022 0.275 0.645 
406   HRV0LM    (0)    6 :  0.004 0.002 0.003 0.010 0.005 0.034 0.943 
407   HRV0LP    (0)    6 :  0.136 0.017 0.102 0.060 0.017 0.165 0.504 
408    M0HJ8    (0)    6 :  0.002 0.002 0.004 0.982 0.003 0.004 0.003 
409    M0HM3    (0)    6 :  0.239 0.002 0.010 0.586 0.011 0.050 0.102 
410    M0J1X    (0)    6 :  0.004 0.002 0.003 0.137 0.003 0.844 0.008 
411    M0L32    (0)    6 :  0.004 0.004 0.012 0.239 0.046 0.676 0.019 
412    M0L8F    (0)    6 :  0.005 0.006 0.006 0.004 0.003 0.965 0.010 
413    M0LUH    (0)    6 :  0.003 0.002 0.002 0.008 0.003 0.979 0.004 
414    M0XPJ    (0)    6 :  0.004 0.002 0.005 0.972 0.005 0.007 0.005 
415    M0XTE    (0)    6 :  0.042 0.025 0.019 0.040 0.005 0.793 0.077 
416    M157H    (0)    6 :  0.027 0.002 0.005 0.043 0.026 0.889 0.009 
417    M16YU    (0)    6 :  0.003 0.001 0.002 0.966 0.004 0.016 0.009 
418    M1751    (0)    6 :  0.005 0.002 0.003 0.006 0.002 0.979 0.003 
419    M1C2H    (0)    6 :  0.003 0.002 0.003 0.975 0.002 0.013 0.003 
420    M1E60    (0)    6 :  0.003 0.001 0.002 0.005 0.002 0.015 0.971 
421    M1EKX    (0)    6 :  0.003 0.002 0.002 0.962 0.003 0.022 0.006 
422    M1EKY    (0)    6 :  0.004 0.002 0.005 0.019 0.004 0.017 0.950 
423    M1EL3    (0)    6 :  0.004 0.004 0.004 0.006 0.003 0.027 0.953 
424    M1ELC    (0)    6 :  0.003 0.003 0.002 0.027 0.003 0.958 0.004 
425    M1ELE    (0)    6 :  0.002 0.002 0.002 0.008 0.002 0.981 0.004 
426    M2AY0   (10)    6 :  0.022 0.004 0.004 0.815 0.005 0.049 0.102 
427    M2AY4    (5)    6 :  0.054 0.002 0.208 0.065 0.012 0.650 0.008 
428    M2AY5   (10)    6 :  0.004 0.002 0.003 0.009 0.004 0.006 0.971 
429    M2AY8    (5)    6 :  0.005 0.098 0.016 0.005 0.009 0.862 0.005 
430    M2C3A   (10)    6 :  0.005 0.002 0.005 0.937 0.009 0.029 0.012 
431    M2C3F   (10)    6 :  0.006 0.005 0.007 0.013 0.086 0.012 0.870 
432   HRV0ME    (0)    6 :  0.003 0.003 0.004 0.981 0.003 0.003 0.003 
433    M2CHJ    (5)    6 :  0.004 0.007 0.011 0.011 0.004 0.954 0.008 
434    M2CHM    (5)    6 :  0.010 0.008 0.013 0.016 0.004 0.006 0.943 
435    M2CHY   (10)    6 :  0.003 0.003 0.005 0.020 0.012 0.210 0.746 
436    W23E8    (0)    6 :  0.004 0.002 0.003 0.974 0.005 0.008 0.004 
437    W23EM    (0)    6 :  0.003 0.003 0.002 0.014 0.003 0.973 0.003 
438    W23EX    (0)    6 :  0.002 0.002 0.002 0.005 0.002 0.983 0.003 
439    W23F0    (0)    6 :  0.003 0.002 0.002 0.169 0.002 0.817 0.004 
440    W26L5    (0)    6 :  0.005 0.004 0.003 0.008 0.026 0.005 0.949 
441    W26LM    (0)    6 :  0.508 0.039 0.030 0.022 0.002 0.235 0.163 
442    W26MJ    (0)    6 :  0.004 0.023 0.003 0.009 0.004 0.007 0.949 
443    W26ML    (0)    6 :  0.011 0.002 0.005 0.073 0.002 0.099 0.808 
444    W26MT    (0)    6 :  0.004 0.002 0.005 0.018 0.002 0.007 0.963 
445    W26PE    (5)    6 :  0.818 0.007 0.009 0.011 0.004 0.013 0.138 
446    W26PJ    (0)    6 :  0.878 0.011 0.045 0.005 0.011 0.013 0.037 
447    W26PT    (0)    6 :  0.013 0.002 0.004 0.004 0.003 0.968 0.007 
448    W26PX   (10)    6 :  0.580 0.004 0.004 0.010 0.007 0.320 0.075 
449    W26T0    (5)    6 :  0.005 0.002 0.003 0.004 0.004 0.977 0.005 
450    W26TC    (0)    6 :  0.010 0.001 0.003 0.024 0.003 0.365 0.594 
451    W26TJ    (5)    6 :  0.952 0.004 0.006 0.006 0.007 0.018 0.006 
452    W26UE    (5)    6 :  0.005 0.002 0.005 0.029 0.007 0.005 0.946 
453    W26UF    (0)    6 :  0.004 0.002 0.005 0.022 0.008 0.012 0.946 
454    W26UL    (0)    6 :  0.006 0.024 0.004 0.354 0.005 0.018 0.590 
455    W26X2    (0)    6 :  0.011 0.004 0.015 0.012 0.004 0.882 0.072 
456    W2716    (0)    6 :  0.724 0.003 0.009 0.039 0.003 0.034 0.188 
457   HRV1C6    (0)    6 :  0.168 0.002 0.003 0.761 0.008 0.042 0.016 
458   HRV1CX    (0)    6 :  0.007 0.003 0.004 0.010 0.007 0.006 0.964 
459   HRV1E2    (0)    6 :  0.003 0.002 0.003 0.009 0.003 0.013 0.968 
460   HRV1E4    (0)    6 :  0.010 0.002 0.023 0.911 0.003 0.010 0.041 
461   HRV1E5    (0)    6 :  0.006 0.002 0.004 0.028 0.003 0.054 0.905 
462   HRV1EC    (0)    6 :  0.005 0.002 0.004 0.101 0.004 0.070 0.815 
463   HRV1EK    (0)    6 :  0.003 0.004 0.003 0.977 0.004 0.006 0.004 
464   HRV001    (0)    6 :  0.002 0.002 0.010 0.018 0.003 0.956 0.009 
465   HRV00H    (0)    6 :  0.005 0.002 0.007 0.011 0.002 0.965 0.007 
466   HRV00K    (0)    6 :  0.003 0.002 0.004 0.023 0.002 0.962 0.004 
467   HRV01X    (0)    6 :  0.002 0.002 0.002 0.982 0.005 0.004 0.003 
468   HRV025    (0)    6 :  0.003 0.003 0.005 0.974 0.004 0.005 0.006 
469   HRV028    (0)    6 :  0.002 0.002 0.002 0.982 0.005 0.004 0.003 
470   HRV041    (0)    6 :  0.003 0.002 0.003 0.967 0.003 0.015 0.007 
471   HRV04F    (0)    6 :  0.002 0.002 0.003 0.984 0.002 0.005 0.003 
472   HRV04L    (0)    6 :  0.002 0.001 0.003 0.984 0.002 0.004 0.003 
473   HRV055    (0)    6 :  0.003 0.002 0.003 0.970 0.002 0.012 0.009 
474   HRV05J    (0)    6 :  0.052 0.002 0.003 0.043 0.038 0.652 0.210 
475   HRV07J    (0)    6 :  0.030 0.002 0.002 0.948 0.005 0.006 0.007 
476   HRV07K    (0)    6 :  0.003 0.002 0.002 0.011 0.008 0.010 0.963 
477   HRV07L    (0)    6 :  0.009 0.009 0.003 0.007 0.005 0.087 0.879 
478   HRV07M    (0)    6 :  0.003 0.002 0.003 0.958 0.003 0.018 0.013 
479   HRV0HM    (0)    6 :  0.009 0.005 0.007 0.969 0.004 0.004 0.003 
480   HRV0J2    (0)    6 :  0.003 0.001 0.002 0.006 0.003 0.982 0.003 
481   HRV0K3    (0)    6 :  0.006 0.002 0.006 0.972 0.003 0.009 0.003 
482   HRV0KE    (0)    6 :  0.011 0.002 0.004 0.957 0.003 0.015 0.009 
483   HRV0KF    (0)    6 :  0.190 0.005 0.013 0.521 0.008 0.146 0.118 
484   HRV0KU    (0)    6 :  0.031 0.011 0.006 0.052 0.018 0.203 0.679 
485   HRV0L6    (0)    6 :  0.006 0.002 0.003 0.008 0.003 0.037 0.941 
486   HRV0M2    (0)    6 :  0.005 0.004 0.004 0.018 0.008 0.077 0.883 
487   HRV0MF    (0)    6 :  0.002 0.002 0.002 0.987 0.002 0.003 0.002 
488   HRV0MJ    (0)    6 :  0.008 0.007 0.006 0.004 0.129 0.832 0.014 
489   HRV1AT    (0)    6 :  0.002 0.002 0.002 0.012 0.002 0.976 0.004 
490   HRV1C1    (0)    6 :  0.003 0.002 0.002 0.012 0.002 0.006 0.972 
491   HRV1CL    (0)    6 :  0.129 0.004 0.008 0.018 0.007 0.326 0.508 
492   HRV1E1    (0)    6 :  0.006 0.004 0.008 0.052 0.002 0.915 0.013 
493   HRV1E7    (0)    6 :  0.008 0.002 0.005 0.053 0.005 0.068 0.859 
494   HRV1EE    (0)    6 :  0.073 0.002 0.005 0.010 0.004 0.225 0.681 
495   HRV1ET    (0)    6 :  0.003 0.002 0.003 0.977 0.002 0.009 0.004 
496      148    (5)    7 :  0.150 0.029 0.045 0.028 0.004 0.734 0.011 
497      149    (0)    7 :  0.905 0.003 0.011 0.008 0.004 0.034 0.034 
498      213    (0)    7 :  0.795 0.004 0.003 0.005 0.012 0.166 0.014 
499      215    (0)    7 :  0.952 0.002 0.003 0.005 0.006 0.023 0.010 
500      218    (0)    7 :  0.325 0.003 0.004 0.014 0.014 0.238 0.402 
501      219    (0)    7 :  0.487 0.085 0.010 0.004 0.006 0.240 0.166 
502      222    (0)    7 :  0.432 0.004 0.018 0.021 0.008 0.012 0.506 
503      224    (0)    7 :  0.114 0.030 0.077 0.011 0.045 0.589 0.134 
504      225    (0)    7 :  0.891 0.002 0.009 0.043 0.019 0.005 0.030 
505      229    (0)    7 :  0.002 0.002 0.002 0.279 0.002 0.704 0.009 
506      231    (0)    7 :  0.385 0.005 0.004 0.026 0.005 0.087 0.488 
507   HRV1CP    (0)    7 :  0.450 0.004 0.011 0.049 0.021 0.411 0.054 
508      239    (0)    7 :  0.014 0.004 0.005 0.041 0.014 0.820 0.101 
509      240    (0)    7 :  0.913 0.002 0.005 0.025 0.005 0.021 0.029 
510      243    (0)    7 :  0.781 0.003 0.005 0.028 0.072 0.059 0.053 
511      248    (0)    7 :  0.003 0.002 0.003 0.386 0.004 0.516 0.086 
512      250    (0)    7 :  0.566 0.002 0.006 0.085 0.004 0.042 0.295 
513      251    (0)    7 :  0.527 0.010 0.005 0.042 0.003 0.360 0.053 
514      256    (0)    7 :  0.008 0.002 0.005 0.012 0.002 0.011 0.960 
515      260    (0)    7 :  0.038 0.008 0.141 0.011 0.002 0.789 0.012 
516      261    (0)    7 :  0.011 0.008 0.009 0.061 0.083 0.818 0.010 
517      263    (0)    7 :  0.061 0.005 0.239 0.052 0.003 0.626 0.014 
518      284    (0)    7 :  0.872 0.003 0.010 0.011 0.013 0.052 0.038 
519      285    (0)    7 :  0.868 0.004 0.009 0.012 0.025 0.062 0.020 
520      286    (0)    7 :  0.016 0.050 0.006 0.025 0.002 0.393 0.508 
521      289    (0)    7 :  0.442 0.004 0.037 0.193 0.007 0.162 0.155 
522      291    (0)    7 :  0.690 0.003 0.022 0.112 0.017 0.122 0.034 
523      292    (0)    7 :  0.972 0.003 0.006 0.003 0.004 0.007 0.005 
524      293    (0)    7 :  0.727 0.004 0.003 0.020 0.014 0.188 0.045 
525   BF0001    (0)    7 :  0.605 0.005 0.008 0.126 0.002 0.013 0.240 
526   BF0002    (0)    7 :  0.012 0.021 0.003 0.005 0.012 0.004 0.943 
527    M2AY6   (10)    7 :  0.006 0.005 0.006 0.028 0.005 0.769 0.181 
528  Slov472    (5)    7 :  0.431 0.004 0.004 0.082 0.017 0.442 0.020 
529   BF0026    (0)    7 :  0.608 0.005 0.374 0.004 0.002 0.004 0.004 
530   BF0028    (0)    7 :  0.963 0.003 0.004 0.004 0.002 0.015 0.009 
531  CK.0PP5    (0)    7 :  0.933 0.005 0.006 0.004 0.012 0.028 0.012 
532  CK.0PP8    (0)    7 :  0.937 0.004 0.006 0.009 0.004 0.024 0.015 
533  CK.0PPC    (0)    7 :  0.945 0.007 0.016 0.004 0.004 0.016 0.007 
534  Slov166    (0)    7 :  0.960 0.002 0.005 0.005 0.002 0.016 0.010 
535  Slov189    (0)    7 :  0.916 0.006 0.004 0.005 0.005 0.049 0.014 
536  Slov196    (0)    7 :  0.953 0.004 0.006 0.003 0.003 0.016 0.014 
537  Slov204    (0)    7 :  0.971 0.002 0.004 0.007 0.003 0.005 0.008 
538   Slov24    (5)    7 :  0.579 0.005 0.071 0.047 0.003 0.246 0.048 
539   Slov26    (0)    7 :  0.924 0.004 0.038 0.002 0.016 0.003 0.012 
540   Slov33    (0)    7 :  0.681 0.002 0.014 0.021 0.003 0.021 0.259 
541  Slov447    (0)    7 :  0.690 0.004 0.153 0.021 0.004 0.105 0.022 
542  Slov449    (0)    7 :  0.574 0.013 0.019 0.060 0.006 0.063 0.265 
543  Slov492    (0)    7 :  0.947 0.002 0.023 0.003 0.002 0.012 0.010 
544   Slov56    (5)    7 :  0.006 0.002 0.818 0.059 0.009 0.093 0.012 
545    Slov7    (0)    7 :  0.915 0.007 0.017 0.010 0.007 0.017 0.027 
546   Slov70    (0)    7 :  0.968 0.002 0.004 0.007 0.011 0.003 0.004 
547   Slov75    (0)    7 :  0.981 0.002 0.006 0.002 0.002 0.002 0.004 
548   Slov78    (0)    7 :  0.957 0.003 0.011 0.010 0.006 0.008 0.005 
549   Slov85    (0)    7 :  0.026 0.002 0.005 0.015 0.020 0.845 0.086 
550   BF0003    (0)    7 :  0.345 0.003 0.008 0.020 0.021 0.085 0.520 
551   BF0004    (5)    7 :  0.809 0.003 0.007 0.031 0.009 0.057 0.084 
552   BF0005    (5)    7 :  0.941 0.003 0.035 0.007 0.003 0.006 0.005 
553   BF0006    (0)    7 :  0.952 0.003 0.003 0.012 0.003 0.019 0.009 
554   BF0007    (0)    7 :  0.940 0.002 0.022 0.004 0.005 0.006 0.021 
555   BF0008    (0)    7 :  0.899 0.015 0.026 0.033 0.003 0.009 0.014 
556   BF000A    (0)    7 :  0.933 0.002 0.004 0.007 0.003 0.028 0.023 
557   BF000C    (0)    7 :  0.446 0.006 0.014 0.400 0.006 0.105 0.023 
558   BF000E    (0)    7 :  0.929 0.010 0.010 0.007 0.007 0.011 0.025 
559   BF000F    (0)    7 :  0.716 0.004 0.008 0.070 0.003 0.155 0.044 
560   BF000H    (0)    7 :  0.606 0.002 0.055 0.075 0.006 0.233 0.024 
561   BF000J    (0)    7 :  0.695 0.003 0.073 0.130 0.011 0.026 0.063 
562   BF000K    (0)    7 :  0.904 0.002 0.005 0.021 0.004 0.037 0.027 
563   BF000L    (0)    7 :  0.402 0.007 0.112 0.029 0.004 0.288 0.158 
564   BF000M    (0)    8 :  0.892 0.003 0.002 0.055 0.005 0.036 0.007 
565   BF000P    (0)    8 :  0.942 0.003 0.003 0.024 0.005 0.011 0.012 
566   BF000T    (0)    8 :  0.561 0.005 0.003 0.007 0.004 0.014 0.406 
567   BF000U    (0)    8 :  0.950 0.004 0.004 0.010 0.008 0.006 0.018 
568   BF000X    (0)    8 :  0.961 0.003 0.005 0.013 0.003 0.008 0.007 
569   BF0010    (0)    8 :  0.977 0.001 0.004 0.004 0.002 0.005 0.006 
570   BF0011    (0)    8 :  0.950 0.002 0.003 0.013 0.005 0.022 0.005 
571   BF0012    (0)    8 :  0.905 0.014 0.045 0.008 0.003 0.010 0.016 
572   BF0013    (0)    8 :  0.918 0.016 0.018 0.009 0.012 0.012 0.015 
573   BF0014    (0)    8 :  0.876 0.004 0.013 0.058 0.011 0.029 0.011 
574   BF0015    (0)    8 :  0.974 0.002 0.003 0.005 0.003 0.010 0.003 
575   BF0016    (0)    8 :  0.973 0.004 0.005 0.005 0.004 0.004 0.004 
576   BF0017    (0)    8 :  0.739 0.003 0.003 0.004 0.002 0.005 0.244 
577   BF0018    (0)    8 :  0.921 0.002 0.004 0.007 0.010 0.045 0.010 
578   BF001A    (0)    8 :  0.978 0.004 0.003 0.004 0.002 0.004 0.004 
579   BF001C    (0)    8 :  0.972 0.002 0.003 0.007 0.003 0.008 0.005 
580   BF001E    (0)    8 :  0.979 0.002 0.005 0.003 0.004 0.004 0.002 
581   BF001F    (0)    8 :  0.913 0.005 0.009 0.007 0.005 0.031 0.030 
582   BF001H    (0)    8 :  0.974 0.002 0.003 0.004 0.002 0.005 0.010 
583   BF001J    (0)    8 :  0.978 0.002 0.004 0.003 0.004 0.003 0.005 
584   BF001K    (0)    8 :  0.899 0.004 0.026 0.046 0.007 0.009 0.008 
585   BF001L    (0)    8 :  0.966 0.003 0.011 0.004 0.010 0.003 0.004 
586   BF001M    (0)    8 :  0.972 0.002 0.004 0.004 0.011 0.003 0.005 
587   BF001P    (0)    8 :  0.957 0.002 0.007 0.004 0.021 0.004 0.006 
588   BF001T    (0)    8 :  0.977 0.002 0.006 0.003 0.003 0.003 0.006 
589   BF001U    (0)    8 :  0.967 0.005 0.004 0.007 0.002 0.004 0.010 
590   BF001X    (0)    8 :  0.941 0.003 0.007 0.004 0.002 0.028 0.016 
591   BF0020    (0)    8 :  0.962 0.005 0.004 0.009 0.004 0.005 0.012 
592   BF0022    (0)    8 :  0.945 0.038 0.004 0.002 0.003 0.002 0.006 
593   BF0023    (0)    8 :  0.963 0.004 0.008 0.006 0.011 0.005 0.003 
594   BF0025    (0)    8 :  0.961 0.004 0.004 0.005 0.008 0.009 0.010 
595  CX.10JP    (0)    9 :  0.974 0.003 0.004 0.004 0.004 0.004 0.007 
596  CX.10JX    (0)    9 :  0.962 0.006 0.009 0.010 0.004 0.007 0.002 
597  CX.10K0    (0)    9 :  0.964 0.003 0.008 0.006 0.007 0.009 0.003 
598  CX.10K5    (0)    9 :  0.935 0.002 0.022 0.012 0.008 0.016 0.005 
599  CX.10K6    (0)    9 :  0.983 0.002 0.003 0.003 0.003 0.002 0.004 
600  CX.10K7    (0)    9 :  0.954 0.011 0.009 0.006 0.004 0.004 0.012 
601  CX.10KA    (0)    9 :  0.969 0.012 0.006 0.005 0.002 0.003 0.003 
602  CX.10KC    (0)    9 :  0.966 0.016 0.004 0.004 0.002 0.004 0.004 
603  CX.10KH    (0)    9 :  0.956 0.013 0.011 0.005 0.003 0.003 0.009 
604  CX.10KL    (0)    9 :  0.899 0.006 0.020 0.002 0.063 0.004 0.006 
605  CX.10KM    (0)    9 :  0.984 0.002 0.003 0.002 0.002 0.004 0.002 
606  CX.10KT    (0)    9 :  0.964 0.002 0.020 0.004 0.003 0.004 0.002 
607  CX.10KU    (0)    9 :  0.968 0.002 0.007 0.006 0.002 0.007 0.008 
608  CX.10KX    (0)    9 :  0.977 0.003 0.003 0.004 0.003 0.003 0.006 
609  CX.10L0    (0)    9 :  0.761 0.006 0.006 0.008 0.003 0.006 0.211 
610  CX.10L6   (10)    9 :  0.978 0.003 0.004 0.003 0.003 0.006 0.004 
611  CX.10L7    (0)    9 :  0.946 0.004 0.026 0.009 0.005 0.006 0.004 
612  CX.10L8    (0)    9 :  0.854 0.031 0.018 0.020 0.014 0.043 0.020 
613  CX.10LA    (0)    9 :  0.958 0.002 0.005 0.006 0.006 0.008 0.014 
614  CX.10LE    (0)    9 :  0.910 0.004 0.068 0.007 0.005 0.003 0.003 
615  CX.10LH    (5)    9 :  0.978 0.004 0.004 0.006 0.003 0.003 0.003 
616  CX.10LK    (0)    9 :  0.968 0.003 0.004 0.005 0.007 0.010 0.003 
617  CX.10LL    (0)    9 :  0.979 0.002 0.005 0.005 0.002 0.003 0.003 
618  CX.10LP    (0)    9 :  0.926 0.029 0.018 0.008 0.009 0.006 0.004 
619  CX.10LT    (0)    9 :  0.979 0.008 0.003 0.002 0.002 0.003 0.004 
620  CX.10LU    (0)    9 :  0.976 0.002 0.003 0.005 0.005 0.005 0.004 
621  CX.10M1    (0)    9 :  0.966 0.003 0.019 0.004 0.002 0.003 0.003 
622  CX.10M2    (5)    9 :  0.979 0.002 0.006 0.003 0.002 0.003 0.007 
623  CX.10M3    (0)    9 :  0.958 0.005 0.005 0.012 0.004 0.006 0.011 
624  CX.10M5    (0)    9 :  0.968 0.003 0.004 0.007 0.003 0.004 0.011 
625  CX.10M6    (0)    9 :  0.978 0.003 0.005 0.004 0.003 0.004 0.004 
626  CX.10M7    (0)    9 :  0.938 0.008 0.009 0.021 0.012 0.006 0.005 
627  CX.10M8    (0)    9 :  0.966 0.003 0.008 0.003 0.005 0.010 0.005 
628  CX.10P3    (0)    9 :  0.925 0.002 0.013 0.006 0.015 0.012 0.027 
629  CX.10P7    (0)    9 :  0.965 0.002 0.005 0.003 0.004 0.005 0.016 
630  CX.10PC    (0)    9 :  0.972 0.002 0.003 0.004 0.004 0.010 0.004 
631  CX.10PE    (0)    9 :  0.976 0.002 0.007 0.003 0.002 0.004 0.006 
632  CX.10PU    (5)    9 :  0.973 0.003 0.003 0.005 0.007 0.004 0.006 
633  CX.10PX    (0)    9 :  0.959 0.003 0.018 0.008 0.003 0.006 0.004 
634  CX.10T0    (0)    9 :  0.947 0.005 0.015 0.003 0.003 0.023 0.004 
635  CX.10T2    (0)    9 :  0.975 0.002 0.005 0.006 0.003 0.004 0.005 
636  CX.10JT    (5)    9 :  0.937 0.040 0.004 0.004 0.004 0.004 0.007 
637  CX.10JY    (5)    9 :  0.943 0.002 0.035 0.002 0.005 0.009 0.004 
638  CX.10K4   (10)    9 :  0.973 0.004 0.006 0.004 0.003 0.006 0.003 
639  CX.10KE    (5)    9 :  0.968 0.003 0.017 0.003 0.003 0.003 0.003 
640  CX.10KY    (5)    9 :  0.984 0.002 0.003 0.003 0.002 0.003 0.003 
641  CX.10L2    (5)    9 :  0.976 0.003 0.004 0.003 0.004 0.004 0.005 
642  CX.10L3    (5)    9 :  0.864 0.004 0.090 0.017 0.003 0.013 0.009 
643  CX.10LF    (5)    9 :  0.977 0.003 0.005 0.003 0.005 0.004 0.003 
644  CX.10LM   (10)    9 :  0.843 0.003 0.009 0.040 0.004 0.042 0.060 
645  CX.10LY    (5)    9 :  0.835 0.009 0.046 0.061 0.007 0.028 0.015 
646  CX.10M0    (5)    9 :  0.979 0.003 0.003 0.002 0.003 0.005 0.004 
647  CX.10MA    (5)    9 :  0.815 0.004 0.037 0.072 0.019 0.046 0.007 
648  CK.0PLA    (5)   10 :  0.004 0.004 0.005 0.006 0.970 0.006 0.005 
649  CK.0PLC    (0)   10 :  0.017 0.007 0.015 0.021 0.908 0.006 0.026 
650  CK.0PLE    (0)   10 :  0.004 0.002 0.003 0.003 0.981 0.004 0.003 
651  CK.0PLF    (0)   10 :  0.017 0.013 0.015 0.157 0.782 0.013 0.003 
652  CK.0PLH    (0)   10 :  0.002 0.003 0.003 0.007 0.977 0.004 0.004 
653  CK.0PLJ    (0)   10 :  0.057 0.004 0.003 0.007 0.917 0.007 0.006 
654  CK.0PLK    (0)   10 :  0.002 0.002 0.003 0.004 0.984 0.002 0.004 
655  CK.0PLL    (0)   10 :  0.005 0.005 0.003 0.003 0.976 0.004 0.004 
656  CK.0PLM    (0)   10 :  0.007 0.010 0.005 0.003 0.962 0.002 0.011 
657  CK.0PLP    (0)   10 :  0.006 0.004 0.004 0.006 0.967 0.005 0.007 
658  CK.0PLT    (0)   10 :  0.002 0.001 0.002 0.002 0.989 0.002 0.002 
659  CK.0PLU    (0)   10 :  0.002 0.002 0.002 0.003 0.985 0.003 0.003 
660  CK.0PLX    (0)   10 :  0.006 0.007 0.013 0.005 0.952 0.011 0.005 
661  CK.0PLY    (5)   10 :  0.002 0.001 0.002 0.002 0.989 0.002 0.002 
662  CK.0PM0    (0)   10 :  0.003 0.006 0.003 0.003 0.948 0.002 0.036 
663  CK.0PM1    (0)   10 :  0.002 0.002 0.002 0.002 0.987 0.002 0.002 
664  CK.0PM2    (0)   10 :  0.004 0.004 0.015 0.005 0.961 0.003 0.008 
665  CK.0PM3    (0)   10 :  0.003 0.004 0.002 0.002 0.982 0.004 0.003 
666  CK.0PM4    (0)   10 :  0.017 0.009 0.004 0.003 0.958 0.006 0.004 
667  CK.0PM7    (0)   10 :  0.002 0.002 0.002 0.003 0.987 0.002 0.002 
668  CK.0PM8    (0)   10 :  0.003 0.002 0.003 0.002 0.987 0.002 0.002 
669  CK.0PMA    (0)   10 :  0.005 0.004 0.005 0.003 0.976 0.004 0.003 
670    M2C06    (0)   10 :  0.003 0.002 0.002 0.002 0.987 0.002 0.002 
671    M2C07    (0)   10 :  0.002 0.001 0.002 0.002 0.991 0.002 0.002 
672    M2C08    (0)   10 :  0.001 0.001 0.001 0.002 0.991 0.002 0.002 
673    M2C0A    (0)   10 :  0.003 0.002 0.003 0.002 0.985 0.003 0.003 
674    M2C0C    (0)   10 :  0.002 0.003 0.002 0.003 0.986 0.002 0.002 
675    M2C0E    (0)   10 :  0.002 0.002 0.002 0.002 0.989 0.002 0.002 
676  EF.15EU    (5)   11 :  0.004 0.003 0.983 0.002 0.004 0.002 0.002 
677  EF.15EE    (0)   11 :  0.003 0.002 0.986 0.002 0.002 0.002 0.003 
678  EF.15EF    (0)   11 :  0.007 0.002 0.975 0.003 0.003 0.007 0.002 
679  EF.15EH    (0)   11 :  0.005 0.003 0.983 0.002 0.002 0.003 0.002 
680  EF.15EJ    (5)   11 :  0.004 0.003 0.983 0.003 0.002 0.003 0.002 
681  EF.15EK    (0)   11 :  0.002 0.003 0.987 0.002 0.002 0.002 0.002 
682  EF.15EL    (0)   11 :  0.003 0.010 0.976 0.003 0.003 0.003 0.003 
683  EF.15EM    (0)   11 :  0.003 0.003 0.983 0.002 0.002 0.003 0.003 
684  EF.15EP    (0)   11 :  0.002 0.003 0.985 0.002 0.003 0.002 0.002 
685  EF.15ET    (0)   11 :  0.002 0.006 0.984 0.002 0.003 0.002 0.002 
686  EF.15EX    (0)   11 :  0.005 0.003 0.984 0.002 0.002 0.003 0.002 
687  EF.15F0    (0)   11 :  0.004 0.009 0.980 0.002 0.002 0.002 0.002 
688  EF.15F1    (5)   11 :  0.006 0.008 0.972 0.002 0.002 0.004 0.005 
689  EF.15F2    (0)   11 :  0.002 0.002 0.987 0.002 0.003 0.002 0.002 
690  EF.15F3    (0)   11 :  0.002 0.003 0.986 0.002 0.002 0.002 0.002 
691  EF.15F4    (0)   11 :  0.002 0.002 0.989 0.002 0.002 0.002 0.002 
692  EF.15F5    (0)   11 :  0.006 0.015 0.967 0.003 0.002 0.003 0.004 
693  EF.15F6    (0)   11 :  0.002 0.002 0.989 0.002 0.002 0.002 0.001 
694  EF.15FC    (0)   11 :  0.003 0.003 0.978 0.003 0.005 0.004 0.003 
695  EF.15FE    (0)   11 :  0.021 0.051 0.913 0.006 0.003 0.003 0.003 
696  EF.15FF    (0)   11 :  0.002 0.003 0.987 0.002 0.002 0.003 0.002 
697  EF.15FH    (0)   11 :  0.004 0.002 0.984 0.002 0.002 0.003 0.003 
698  EF.15FJ    (0)   11 :  0.015 0.005 0.963 0.004 0.004 0.004 0.005 
699  EF.15FK    (0)   11 :  0.011 0.088 0.889 0.003 0.003 0.003 0.002 
700  EF.15FL    (0)   11 :  0.003 0.002 0.986 0.002 0.003 0.003 0.002 
701  EF.15FM    (0)   11 :  0.003 0.002 0.985 0.002 0.003 0.002 0.002 
702  EF.15FP    (0)   11 :  0.003 0.003 0.986 0.002 0.003 0.002 0.002 
703   CC00K0    (0)   12 :  0.015 0.002 0.962 0.006 0.003 0.003 0.009 
704   CC01AY    (0)   12 :  0.059 0.003 0.896 0.006 0.015 0.014 0.008 
705   CC01EE    (0)   12 :  0.024 0.004 0.913 0.018 0.008 0.019 0.013 
706   CC03KH    (0)   12 :  0.144 0.004 0.808 0.006 0.003 0.022 0.011 
707   CC04FK    (0)   12 :  0.246 0.015 0.600 0.007 0.006 0.017 0.110 
708   CC04H8    (0)   12 :  0.073 0.006 0.852 0.008 0.020 0.022 0.020 
709   CC05EL    (0)   12 :  0.196 0.012 0.682 0.003 0.009 0.033 0.065 
710   CC05EM    (0)   12 :  0.092 0.002 0.872 0.015 0.004 0.009 0.007 
711   CC05EX    (0)   12 :  0.092 0.002 0.875 0.006 0.005 0.008 0.011 
712   CC05H2    (0)   12 :  0.110 0.002 0.782 0.052 0.024 0.009 0.021 
713   CC05HP    (0)   12 :  0.004 0.002 0.966 0.009 0.003 0.005 0.011 
714   CC05X0    (0)   12 :  0.010 0.002 0.958 0.006 0.002 0.018 0.003 
715   CC05X7    (0)   12 :  0.005 0.003 0.967 0.008 0.005 0.007 0.007 
716   CC0637    (0)   12 :  0.031 0.002 0.923 0.019 0.011 0.005 0.008 
717   CC0640    (0)   12 :  0.008 0.002 0.961 0.006 0.007 0.009 0.006 
718   FCC01M    (0)   12 :  0.007 0.002 0.966 0.008 0.011 0.003 0.003 
719   FCC2JC    (0)   12 :  0.075 0.051 0.788 0.022 0.006 0.016 0.043 
720   CC00JM    (0)   12 :  0.004 0.011 0.951 0.013 0.008 0.005 0.008 
721   CC00T6    (0)   12 :  0.021 0.006 0.805 0.023 0.038 0.070 0.038 
722   CC00T7    (0)   12 :  0.007 0.002 0.944 0.018 0.003 0.010 0.017 
723   CC00TC    (0)   12 :  0.003 0.002 0.978 0.003 0.009 0.002 0.003 
724   CC01CJ    (0)   12 :  0.003 0.007 0.913 0.044 0.023 0.004 0.005 
725   CC01CY    (5)   12 :  0.006 0.002 0.943 0.013 0.019 0.007 0.011 
726   CC01EC    (0)   12 :  0.004 0.003 0.978 0.004 0.003 0.004 0.004 
727   CC01EH    (0)   12 :  0.003 0.004 0.972 0.003 0.010 0.003 0.005 
728   CC01F2    (0)   12 :  0.012 0.004 0.925 0.015 0.004 0.017 0.024 
729   CC01FL    (0)   12 :  0.004 0.002 0.946 0.007 0.030 0.005 0.005 
730   CC025E    (0)   12 :  0.004 0.005 0.969 0.005 0.006 0.007 0.004 
731   CC03E3    (0)   12 :  0.035 0.003 0.721 0.012 0.213 0.006 0.010 
732   CC04AU    (0)   12 :  0.003 0.002 0.983 0.005 0.002 0.003 0.003 
733   CC04EK    (5)   12 :  0.005 0.002 0.972 0.009 0.004 0.003 0.005 
734   CC05FX    (0)   12 :  0.003 0.002 0.981 0.004 0.004 0.003 0.003 
735   CC05H7    (0)   12 :  0.127 0.007 0.724 0.024 0.035 0.028 0.056 
736   CC05M5    (0)   12 :  0.004 0.002 0.980 0.005 0.002 0.003 0.004 
737   CC05YK    (0)   12 :  0.035 0.007 0.826 0.005 0.104 0.011 0.012 
738   CC0630    (0)   12 :  0.348 0.007 0.560 0.033 0.004 0.035 0.013 
739   CC066E    (5)   12 :  0.174 0.009 0.703 0.028 0.006 0.019 0.061 
740   CC01ET    (5)   12 :  0.046 0.010 0.889 0.006 0.038 0.005 0.007 
741   CC01F1    (5)   12 :  0.012 0.003 0.964 0.006 0.006 0.004 0.005 
742   CC063M    (5)   12 :  0.010 0.008 0.915 0.012 0.018 0.013 0.025 


Estimated Allele Frequencies in each cluster
First column gives estimated ancestral frequencies


Locus 1 : Cl147 
25 alleles
0.0% missing data
  45   (0.036) 0.001 0.158 0.001 0.000 0.001 0.008 0.051 
  69   (0.132) 0.162 0.099 0.011 0.269 0.203 0.298 0.265 
  73   (0.156) 0.119 0.175 0.174 0.044 0.078 0.119 0.202 
  77   (0.068) 0.066 0.109 0.058 0.001 0.101 0.008 0.004 
  56   (0.036) 0.002 0.053 0.002 0.001 0.002 0.037 0.078 
  65   (0.080) 0.083 0.021 0.003 0.214 0.480 0.166 0.124 
  41   (0.029) 0.001 0.143 0.001 0.000 0.031 0.002 0.001 
  52   (0.055) 0.005 0.104 0.026 0.002 0.003 0.014 0.046 
  48   (0.038) 0.160 0.021 0.002 0.009 0.010 0.001 0.001 
  81   (0.034) 0.010 0.011 0.110 0.000 0.046 0.001 0.001 
  49   (0.014) 0.001 0.037 0.001 0.000 0.000 0.000 0.000 
  60   (0.031) 0.007 0.026 0.001 0.000 0.001 0.003 0.018 
  84   (0.017) 0.011 0.006 0.001 0.000 0.001 0.000 0.000 
  89   (0.018) 0.001 0.010 0.015 0.000 0.001 0.000 0.000 
  61   (0.033) 0.109 0.007 0.002 0.001 0.001 0.025 0.002 
  44   (0.037) 0.007 0.003 0.002 0.359 0.002 0.293 0.072 
  85   (0.018) 0.001 0.002 0.073 0.000 0.001 0.000 0.008 
  72   (0.019) 0.044 0.002 0.001 0.000 0.001 0.002 0.003 
  68   (0.059) 0.083 0.005 0.145 0.096 0.003 0.019 0.119 
  80   (0.015) 0.002 0.001 0.203 0.000 0.001 0.000 0.001 
 801   (0.014) 0.073 0.001 0.001 0.000 0.000 0.000 0.000 
  40   (0.022) 0.029 0.002 0.001 0.000 0.033 0.002 0.001 
  64   (0.012) 0.001 0.001 0.080 0.000 0.000 0.000 0.000 
  76   (0.020) 0.020 0.002 0.084 0.000 0.001 0.000 0.000 
  88   (0.011) 0.004 0.001 0.001 0.000 0.000 0.000 0.000 

Locus 2 : Cl233 
34 alleles
0.0% missing data
  63   (0.164) 0.176 0.186 0.212 0.136 0.234 0.164 0.154 
  85   (0.022) 0.001 0.056 0.001 0.000 0.001 0.000 0.037 
  73   (0.014) 0.001 0.037 0.001 0.000 0.001 0.000 0.000 
  79   (0.013) 0.000 0.042 0.001 0.000 0.000 0.000 0.000 
  71   (0.087) 0.081 0.130 0.059 0.035 0.004 0.058 0.017 
  77   (0.013) 0.000 0.028 0.001 0.000 0.000 0.000 0.000 
  75   (0.031) 0.004 0.059 0.001 0.000 0.001 0.003 0.029 
  67   (0.123) 0.209 0.104 0.102 0.152 0.005 0.279 0.133 
  55   (0.136) 0.199 0.036 0.268 0.541 0.476 0.241 0.368 
  59   (0.095) 0.072 0.040 0.198 0.131 0.004 0.244 0.252 
  81   (0.015) 0.001 0.087 0.001 0.000 0.001 0.000 0.000 
  83   (0.013) 0.000 0.028 0.000 0.000 0.000 0.000 0.000 
  93   (0.011) 0.000 0.010 0.000 0.000 0.000 0.000 0.000 
 101   (0.010) 0.000 0.005 0.000 0.000 0.000 0.000 0.000 
  69   (0.011) 0.000 0.010 0.000 0.000 0.000 0.000 0.000 
  51   (0.043) 0.167 0.026 0.147 0.000 0.002 0.003 0.002 
 100   (0.012) 0.000 0.015 0.000 0.000 0.000 0.000 0.000 
  92   (0.010) 0.000 0.005 0.000 0.000 0.000 0.000 0.000 
1121   (0.010) 0.000 0.005 0.000 0.000 0.000 0.000 0.000 
1001   (0.010) 0.000 0.005 0.000 0.000 0.000 0.000 0.000 
  89   (0.012) 0.000 0.019 0.000 0.000 0.000 0.000 0.000 
 711   (0.010) 0.000 0.005 0.000 0.000 0.000 0.000 0.000 
 116   (0.010) 0.000 0.005 0.000 0.000 0.000 0.000 0.000 
  80   (0.010) 0.000 0.005 0.000 0.000 0.000 0.000 0.000 
  43   (0.011) 0.000 0.005 0.000 0.000 0.000 0.000 0.000 
  84   (0.010) 0.000 0.005 0.000 0.000 0.000 0.000 0.000 
  88   (0.012) 0.000 0.015 0.000 0.000 0.000 0.000 0.000 
 104   (0.011) 0.000 0.010 0.000 0.000 0.000 0.000 0.000 
  97   (0.010) 0.000 0.005 0.000 0.000 0.000 0.000 0.000 
 791   (0.010) 0.000 0.005 0.000 0.000 0.000 0.000 0.000 
  35   (0.017) 0.079 0.002 0.001 0.000 0.001 0.003 0.001 
  74   (0.011) 0.000 0.001 0.000 0.000 0.131 0.000 0.000 
  78   (0.011) 0.000 0.001 0.000 0.000 0.044 0.000 0.000 
  70   (0.011) 0.000 0.001 0.000 0.000 0.088 0.000 0.000 

Locus 3 : Cl264 
30 alleles
0.5% missing data
  65   (0.130) 0.269 0.100 0.260 0.070 0.258 0.092 0.167 
 651   (0.080) 0.023 0.192 0.026 0.039 0.029 0.082 0.020 
 691   (0.054) 0.014 0.146 0.007 0.002 0.002 0.077 0.099 
  57   (0.041) 0.042 0.006 0.178 0.082 0.009 0.005 0.006 
  61   (0.070) 0.237 0.012 0.064 0.276 0.004 0.108 0.194 
 731   (0.023) 0.001 0.093 0.005 0.000 0.001 0.000 0.017 
 811   (0.012) 0.000 0.028 0.000 0.000 0.000 0.000 0.000 
 611   (0.061) 0.040 0.041 0.014 0.051 0.004 0.048 0.076 
  69   (0.130) 0.108 0.121 0.262 0.362 0.159 0.172 0.183 
  77   (0.029) 0.002 0.019 0.001 0.004 0.213 0.045 0.001 
  49   (0.012) 0.000 0.050 0.001 0.000 0.000 0.000 0.000 
  45   (0.010) 0.000 0.005 0.000 0.000 0.000 0.000 0.000 
 491   (0.015) 0.001 0.006 0.001 0.000 0.001 0.000 0.017 
 571   (0.022) 0.039 0.010 0.006 0.000 0.001 0.000 0.001 
 771   (0.013) 0.000 0.050 0.001 0.000 0.000 0.000 0.000 
  89   (0.012) 0.000 0.023 0.000 0.000 0.000 0.000 0.000 
 652   (0.015) 0.001 0.006 0.001 0.000 0.015 0.000 0.000 
  53   (0.044) 0.088 0.017 0.004 0.001 0.002 0.313 0.062 
  73   (0.071) 0.046 0.033 0.050 0.096 0.193 0.047 0.018 
  80   (0.010) 0.000 0.010 0.000 0.000 0.000 0.000 0.000 
 531   (0.024) 0.038 0.005 0.001 0.000 0.001 0.000 0.059 
 693   (0.009) 0.000 0.005 0.000 0.000 0.000 0.000 0.000 
  93   (0.010) 0.000 0.005 0.000 0.000 0.000 0.000 0.000 
  85   (0.010) 0.000 0.010 0.000 0.000 0.000 0.000 0.000 
  37   (0.036) 0.044 0.003 0.100 0.003 0.002 0.006 0.077 
 732   (0.010) 0.000 0.001 0.000 0.003 0.001 0.000 0.000 
  81   (0.014) 0.002 0.001 0.001 0.000 0.089 0.002 0.000 
 612   (0.010) 0.000 0.001 0.000 0.003 0.001 0.000 0.000 
 692   (0.015) 0.001 0.001 0.015 0.007 0.001 0.000 0.000 
 812   (0.009) 0.000 0.001 0.000 0.000 0.014 0.000 0.000 

Locus 4 : Cl274 
8 alleles
0.0% missing data
  61   (0.437) 0.581 0.488 0.375 0.354 0.437 0.305 0.394 
  57   (0.276) 0.208 0.159 0.301 0.451 0.473 0.586 0.455 
  65   (0.100) 0.118 0.155 0.013 0.001 0.019 0.059 0.040 
  53   (0.069) 0.048 0.057 0.201 0.001 0.064 0.008 0.002 
  69   (0.022) 0.001 0.075 0.005 0.000 0.001 0.000 0.001 
  73   (0.015) 0.001 0.028 0.001 0.000 0.001 0.000 0.000 
  49   (0.047) 0.040 0.035 0.103 0.000 0.002 0.003 0.001 
  45   (0.034) 0.002 0.003 0.001 0.192 0.004 0.038 0.108 

Locus 5 : Cl285 
40 alleles
0.4% missing data
  75   (0.087) 0.126 0.120 0.004 0.160 0.098 0.204 0.236 
  71   (0.113) 0.145 0.176 0.051 0.299 0.197 0.110 0.242 
 631   (0.016) 0.001 0.047 0.006 0.000 0.001 0.000 0.000 
  67   (0.128) 0.170 0.120 0.339 0.416 0.529 0.220 0.219 
  63   (0.061) 0.144 0.092 0.170 0.041 0.031 0.004 0.002 
  79   (0.057) 0.053 0.083 0.074 0.001 0.002 0.076 0.048 
 792   (0.015) 0.001 0.048 0.001 0.000 0.001 0.001 0.001 
 671   (0.040) 0.003 0.053 0.072 0.001 0.002 0.131 0.038 
 831   (0.038) 0.012 0.040 0.003 0.001 0.008 0.042 0.052 
 752   (0.020) 0.001 0.060 0.001 0.000 0.001 0.000 0.061 
  55   (0.021) 0.045 0.005 0.001 0.000 0.062 0.000 0.000 
1401   (0.014) 0.001 0.005 0.021 0.000 0.000 0.000 0.000 
  59   (0.046) 0.027 0.020 0.143 0.009 0.057 0.044 0.001 
 712   (0.016) 0.001 0.033 0.006 0.000 0.001 0.000 0.000 
 833   (0.010) 0.000 0.019 0.000 0.000 0.000 0.000 0.000 
1322   (0.009) 0.000 0.005 0.000 0.000 0.000 0.000 0.000 
 136   (0.021) 0.001 0.016 0.014 0.000 0.001 0.000 0.008 
 164   (0.009) 0.000 0.005 0.000 0.000 0.000 0.000 0.000 
 872   (0.009) 0.000 0.005 0.000 0.000 0.000 0.000 0.000 
1282   (0.009) 0.000 0.005 0.000 0.000 0.000 0.000 0.000 
 148   (0.009) 0.000 0.005 0.000 0.000 0.000 0.000 0.000 
 144   (0.013) 0.003 0.006 0.003 0.000 0.000 0.000 0.000 
 119   (0.009) 0.000 0.005 0.001 0.000 0.000 0.000 0.000 
1402   (0.009) 0.000 0.005 0.000 0.000 0.000 0.000 0.000 
1281   (0.009) 0.000 0.001 0.000 0.000 0.000 0.000 0.020 
1361   (0.023) 0.032 0.002 0.001 0.000 0.001 0.020 0.022 
 124   (0.009) 0.000 0.001 0.000 0.000 0.000 0.000 0.004 
 751   (0.020) 0.030 0.002 0.001 0.004 0.001 0.087 0.002 
 132   (0.023) 0.005 0.002 0.001 0.032 0.001 0.012 0.034 
1321   (0.010) 0.001 0.001 0.000 0.033 0.000 0.001 0.000 
 791   (0.025) 0.052 0.002 0.030 0.001 0.001 0.038 0.001 
  87   (0.013) 0.004 0.001 0.001 0.000 0.001 0.004 0.001 
 832   (0.018) 0.098 0.002 0.017 0.000 0.001 0.000 0.001 
1441   (0.010) 0.006 0.002 0.000 0.000 0.000 0.000 0.001 
 140   (0.009) 0.003 0.001 0.000 0.000 0.000 0.000 0.001 
 711   (0.010) 0.007 0.001 0.000 0.000 0.000 0.000 0.000 
1363   (0.010) 0.007 0.001 0.000 0.000 0.000 0.000 0.001 
  91   (0.009) 0.011 0.001 0.000 0.000 0.000 0.000 0.000 
 871   (0.010) 0.011 0.001 0.000 0.000 0.000 0.000 0.000 
1362   (0.010) 0.000 0.001 0.033 0.000 0.000 0.000 0.000 

Locus 6 : Cl291 
24 alleles
0.5% missing data
 641   (0.036) 0.010 0.067 0.001 0.000 0.001 0.001 0.034 
  72   (0.152) 0.115 0.099 0.100 0.081 0.255 0.394 0.143 
 682   (0.014) 0.001 0.037 0.001 0.000 0.001 0.000 0.000 
 801   (0.014) 0.001 0.046 0.001 0.000 0.001 0.000 0.000 
 681   (0.032) 0.001 0.210 0.001 0.000 0.001 0.027 0.003 
  76   (0.123) 0.069 0.128 0.158 0.142 0.183 0.026 0.033 
 722   (0.026) 0.001 0.129 0.001 0.000 0.001 0.000 0.012 
 601   (0.012) 0.000 0.010 0.001 0.000 0.000 0.000 0.000 
  80   (0.066) 0.047 0.053 0.273 0.001 0.013 0.001 0.048 
 761   (0.052) 0.037 0.013 0.002 0.032 0.002 0.082 0.060 
 762   (0.023) 0.001 0.060 0.001 0.000 0.044 0.000 0.001 
 721   (0.076) 0.041 0.052 0.011 0.164 0.004 0.033 0.112 
  84   (0.024) 0.017 0.038 0.001 0.000 0.001 0.001 0.001 
  64   (0.094) 0.109 0.015 0.109 0.296 0.004 0.324 0.420 
  68   (0.109) 0.267 0.014 0.236 0.282 0.242 0.081 0.092 
 843   (0.011) 0.000 0.005 0.000 0.000 0.000 0.000 0.000 
 881   (0.011) 0.000 0.005 0.000 0.000 0.000 0.000 0.000 
 803   (0.013) 0.000 0.006 0.001 0.000 0.001 0.000 0.016 
 763   (0.023) 0.074 0.002 0.001 0.000 0.001 0.001 0.022 
  60   (0.035) 0.110 0.003 0.098 0.000 0.001 0.027 0.001 
 841   (0.011) 0.000 0.001 0.000 0.000 0.228 0.000 0.000 
 802   (0.014) 0.078 0.001 0.001 0.000 0.001 0.000 0.000 
  88   (0.016) 0.004 0.001 0.001 0.000 0.015 0.000 0.000 
  56   (0.012) 0.014 0.001 0.001 0.000 0.000 0.000 0.000 

Locus 7 : Cl308 
60 alleles
0.0% missing data
  72   (0.112) 0.218 0.146 0.392 0.102 0.034 0.132 0.159 
  64   (0.087) 0.166 0.048 0.095 0.132 0.409 0.091 0.231 
  68   (0.126) 0.298 0.099 0.259 0.545 0.523 0.619 0.277 
 103   (0.010) 0.000 0.024 0.000 0.000 0.000 0.000 0.000 
  80   (0.040) 0.022 0.041 0.048 0.000 0.002 0.015 0.013 
  76   (0.064) 0.135 0.103 0.004 0.214 0.003 0.129 0.126 
1151   (0.009) 0.000 0.014 0.000 0.000 0.000 0.000 0.000 
 123   (0.010) 0.000 0.019 0.000 0.000 0.000 0.000 0.000 
 115   (0.011) 0.000 0.033 0.000 0.000 0.000 0.000 0.000 
  83   (0.014) 0.001 0.020 0.001 0.000 0.001 0.000 0.004 
1231   (0.009) 0.000 0.010 0.000 0.000 0.000 0.000 0.000 
1192   (0.009) 0.000 0.005 0.000 0.000 0.000 0.000 0.000 
 131   (0.010) 0.000 0.019 0.000 0.000 0.000 0.000 0.000 
1191   (0.009) 0.000 0.010 0.000 0.000 0.000 0.000 0.000 
 752   (0.010) 0.000 0.010 0.000 0.000 0.000 0.000 0.000 
 143   (0.010) 0.000 0.015 0.000 0.000 0.000 0.000 0.000 
  79   (0.011) 0.000 0.037 0.000 0.000 0.000 0.000 0.000 
 119   (0.010) 0.000 0.015 0.000 0.000 0.000 0.000 0.000 
1431   (0.011) 0.000 0.028 0.000 0.000 0.000 0.000 0.000 
1112   (0.011) 0.000 0.042 0.000 0.000 0.000 0.000 0.000 
1193   (0.010) 0.000 0.010 0.000 0.000 0.000 0.000 0.000 
1591   (0.009) 0.000 0.005 0.000 0.000 0.000 0.000 0.000 
1232   (0.009) 0.000 0.005 0.000 0.000 0.000 0.000 0.000 
 139   (0.009) 0.000 0.010 0.000 0.000 0.000 0.000 0.000 
1111   (0.009) 0.000 0.010 0.000 0.000 0.000 0.000 0.000 
 127   (0.009) 0.000 0.005 0.000 0.000 0.000 0.000 0.000 
1391   (0.010) 0.000 0.019 0.000 0.000 0.000 0.000 0.000 
 121   (0.009) 0.000 0.005 0.000 0.000 0.000 0.000 0.000 
1313   (0.009) 0.000 0.005 0.000 0.000 0.000 0.000 0.000 
1113   (0.009) 0.000 0.005 0.000 0.000 0.000 0.000 0.000 
  87   (0.011) 0.000 0.051 0.000 0.000 0.000 0.000 0.000 
1031   (0.009) 0.000 0.005 0.000 0.000 0.000 0.000 0.000 
 155   (0.009) 0.000 0.010 0.000 0.000 0.000 0.000 0.000 
1312   (0.009) 0.000 0.005 0.000 0.000 0.000 0.000 0.000 
1272   (0.009) 0.000 0.005 0.000 0.000 0.000 0.000 0.000 
 151   (0.009) 0.000 0.005 0.000 0.000 0.000 0.000 0.000 
1351   (0.009) 0.000 0.010 0.000 0.000 0.000 0.000 0.000 
 135   (0.009) 0.000 0.005 0.000 0.000 0.000 0.000 0.000 
1432   (0.009) 0.000 0.005 0.000 0.000 0.000 0.000 0.000 
1152   (0.010) 0.000 0.010 0.000 0.000 0.000 0.000 0.000 
1271   (0.009) 0.000 0.010 0.000 0.000 0.000 0.000 0.000 
1311   (0.009) 0.000 0.005 0.000 0.000 0.000 0.000 0.000 
1472   (0.009) 0.000 0.005 0.000 0.000 0.000 0.000 0.000 
 137   (0.008) 0.000 0.005 0.000 0.000 0.000 0.000 0.000 
  88   (0.009) 0.000 0.005 0.000 0.000 0.000 0.000 0.000 
  60   (0.028) 0.023 0.005 0.025 0.000 0.010 0.001 0.042 
 712   (0.010) 0.000 0.010 0.000 0.000 0.000 0.000 0.000 
1071   (0.009) 0.000 0.005 0.000 0.000 0.000 0.000 0.000 
 107   (0.010) 0.000 0.005 0.000 0.000 0.000 0.000 0.009 
  71   (0.020) 0.036 0.002 0.005 0.000 0.001 0.002 0.034 
 751   (0.024) 0.017 0.002 0.093 0.000 0.001 0.001 0.093 
  67   (0.010) 0.009 0.002 0.000 0.000 0.000 0.000 0.001 
  84   (0.014) 0.005 0.001 0.015 0.000 0.001 0.002 0.000 
 791   (0.010) 0.021 0.001 0.000 0.000 0.000 0.000 0.000 
  69   (0.012) 0.002 0.001 0.030 0.000 0.000 0.001 0.000 
  65   (0.008) 0.003 0.001 0.000 0.000 0.000 0.000 0.000 
  81   (0.010) 0.017 0.001 0.000 0.000 0.000 0.000 0.000 
 792   (0.010) 0.007 0.001 0.000 0.000 0.001 0.000 0.000 
 753   (0.009) 0.003 0.001 0.001 0.000 0.001 0.000 0.000 
 711   (0.009) 0.000 0.001 0.014 0.000 0.000 0.000 0.000 

Locus 8 : Cl330 
33 alleles
3.2% missing data
  52   (0.089) 0.144 0.288 0.042 0.001 0.232 0.042 0.003 
 601   (0.059) 0.011 0.127 0.029 0.001 0.122 0.002 0.052 
  40   (0.066) 0.021 0.081 0.022 0.150 0.006 0.048 0.008 
  72   (0.023) 0.007 0.021 0.001 0.000 0.002 0.004 0.001 
  56   (0.064) 0.059 0.138 0.143 0.039 0.007 0.002 0.002 
 481   (0.113) 0.055 0.050 0.337 0.197 0.054 0.145 0.254 
  61   (0.014) 0.001 0.046 0.001 0.000 0.001 0.000 0.000 
  80   (0.011) 0.000 0.005 0.000 0.000 0.000 0.000 0.000 
 681   (0.027) 0.016 0.028 0.001 0.000 0.001 0.001 0.005 
  64   (0.046) 0.004 0.062 0.034 0.000 0.399 0.001 0.024 
  57   (0.012) 0.000 0.010 0.000 0.000 0.000 0.000 0.000 
  75   (0.012) 0.000 0.010 0.001 0.000 0.000 0.000 0.000 
  71   (0.021) 0.002 0.011 0.066 0.000 0.001 0.000 0.001 
  28   (0.096) 0.305 0.020 0.066 0.213 0.004 0.198 0.314 
  65   (0.012) 0.000 0.015 0.001 0.000 0.000 0.000 0.000 
 441   (0.044) 0.005 0.026 0.002 0.022 0.002 0.032 0.166 
  36   (0.013) 0.001 0.024 0.001 0.000 0.000 0.000 0.000 
  79   (0.011) 0.000 0.005 0.000 0.000 0.000 0.000 0.000 
  73   (0.011) 0.000 0.005 0.000 0.000 0.001 0.000 0.000 
 602   (0.011) 0.000 0.005 0.000 0.000 0.000 0.000 0.000 
  44   (0.041) 0.002 0.004 0.112 0.258 0.002 0.167 0.098 
  67   (0.033) 0.270 0.003 0.002 0.009 0.002 0.003 0.047 
  48   (0.045) 0.047 0.004 0.010 0.102 0.002 0.299 0.018 
 711   (0.011) 0.000 0.001 0.000 0.000 0.000 0.009 0.000 
 641   (0.010) 0.000 0.001 0.000 0.000 0.046 0.000 0.000 
  60   (0.013) 0.001 0.001 0.017 0.001 0.004 0.000 0.001 
  68   (0.010) 0.000 0.001 0.000 0.000 0.091 0.000 0.000 
 521   (0.019) 0.020 0.002 0.001 0.000 0.001 0.041 0.001 
  62   (0.020) 0.025 0.002 0.001 0.006 0.001 0.004 0.002 
  83   (0.010) 0.000 0.001 0.000 0.000 0.015 0.000 0.000 
  59   (0.011) 0.000 0.001 0.041 0.000 0.000 0.000 0.000 
  51   (0.011) 0.000 0.001 0.034 0.000 0.000 0.000 0.000 
 561   (0.011) 0.001 0.001 0.033 0.000 0.000 0.000 0.000 

Locus 9 : Cl344 
17 alleles
8.2% missing data
  56   (0.174) 0.217 0.423 0.329 0.003 0.007 0.052 0.182 
  60   (0.199) 0.201 0.250 0.225 0.066 0.347 0.077 0.112 
  48   (0.022) 0.015 0.007 0.007 0.000 0.001 0.000 0.001 
  76   (0.019) 0.001 0.010 0.001 0.000 0.088 0.000 0.000 
  64   (0.216) 0.256 0.114 0.200 0.271 0.376 0.504 0.345 
  72   (0.046) 0.012 0.077 0.002 0.001 0.020 0.001 0.035 
 761   (0.011) 0.000 0.006 0.000 0.000 0.000 0.000 0.000 
 641   (0.022) 0.011 0.022 0.001 0.000 0.001 0.000 0.001 
  68   (0.068) 0.070 0.039 0.003 0.035 0.151 0.003 0.056 
 601   (0.022) 0.011 0.021 0.001 0.000 0.001 0.000 0.001 
  52   (0.101) 0.189 0.013 0.194 0.525 0.004 0.238 0.260 
 681   (0.011) 0.000 0.006 0.000 0.000 0.000 0.000 0.000 
 721   (0.011) 0.000 0.006 0.000 0.000 0.000 0.000 0.000 
 561   (0.033) 0.014 0.003 0.001 0.032 0.001 0.090 0.006 
 521   (0.020) 0.001 0.002 0.001 0.067 0.001 0.032 0.001 
  44   (0.012) 0.000 0.001 0.027 0.000 0.000 0.000 0.000 
 562   (0.011) 0.000 0.002 0.006 0.000 0.000 0.000 0.000 

Locus 10 : Cl366 
9 alleles
0.1% missing data
  80   (0.335) 0.255 0.321 0.338 0.151 0.502 0.500 0.521 
  92   (0.016) 0.001 0.042 0.001 0.000 0.001 0.000 0.000 
  76   (0.299) 0.440 0.235 0.377 0.311 0.483 0.168 0.180 
  88   (0.018) 0.001 0.102 0.001 0.000 0.001 0.000 0.000 
  84   (0.044) 0.007 0.114 0.006 0.143 0.002 0.001 0.001 
  72   (0.216) 0.239 0.174 0.212 0.394 0.009 0.328 0.267 
  64   (0.037) 0.023 0.007 0.064 0.000 0.002 0.001 0.018 
  68   (0.022) 0.016 0.004 0.001 0.000 0.001 0.001 0.012 
  56   (0.013) 0.018 0.001 0.001 0.000 0.000 0.000 0.000 

Locus 11 : Cl375 
16 alleles
0.0% missing data
 491   (0.098) 0.011 0.098 0.236 0.118 0.025 0.066 0.139 
  53   (0.227) 0.399 0.270 0.246 0.304 0.009 0.425 0.399 
 612   (0.041) 0.011 0.026 0.042 0.000 0.002 0.001 0.077 
  57   (0.150) 0.165 0.259 0.146 0.107 0.485 0.154 0.008 
  45   (0.059) 0.011 0.045 0.003 0.160 0.002 0.139 0.098 
  61   (0.140) 0.068 0.151 0.057 0.273 0.362 0.142 0.114 
 651   (0.029) 0.019 0.026 0.012 0.000 0.001 0.001 0.001 
  69   (0.013) 0.001 0.024 0.001 0.000 0.000 0.000 0.000 
 571   (0.055) 0.066 0.042 0.230 0.001 0.002 0.002 0.025 
  65   (0.039) 0.033 0.034 0.002 0.000 0.013 0.001 0.022 
  37   (0.011) 0.000 0.005 0.000 0.000 0.000 0.000 0.000 
 691   (0.023) 0.006 0.006 0.001 0.000 0.001 0.001 0.018 
 531   (0.047) 0.047 0.008 0.002 0.000 0.046 0.065 0.097 
  49   (0.044) 0.150 0.004 0.022 0.034 0.049 0.005 0.002 
 532   (0.013) 0.010 0.001 0.001 0.000 0.000 0.000 0.001 
 492   (0.011) 0.004 0.001 0.001 0.000 0.000 0.000 0.000 

Locus 12 : Cl408 
14 alleles
0.4% missing data
  62   (0.193) 0.239 0.307 0.117 0.111 0.051 0.130 0.025 
  74   (0.015) 0.001 0.050 0.001 0.000 0.001 0.000 0.000 
  50   (0.132) 0.231 0.033 0.019 0.131 0.433 0.261 0.447 
  58   (0.128) 0.082 0.101 0.174 0.179 0.465 0.042 0.011 
  66   (0.093) 0.010 0.210 0.242 0.025 0.004 0.010 0.046 
  70   (0.019) 0.001 0.071 0.003 0.000 0.001 0.000 0.000 
  54   (0.162) 0.068 0.166 0.094 0.130 0.035 0.199 0.189 
  78   (0.013) 0.000 0.010 0.001 0.000 0.000 0.000 0.000 
  79   (0.023) 0.017 0.006 0.009 0.000 0.001 0.000 0.001 
  75   (0.115) 0.195 0.031 0.290 0.051 0.005 0.122 0.112 
  82   (0.012) 0.000 0.005 0.000 0.000 0.000 0.000 0.000 
  46   (0.059) 0.121 0.005 0.003 0.371 0.003 0.234 0.137 
  34   (0.023) 0.034 0.002 0.001 0.000 0.001 0.001 0.030 
 541   (0.013) 0.000 0.001 0.048 0.000 0.000 0.000 0.000 

Locus 13 : Cl507 
33 alleles
0.3% missing data
  70   (0.084) 0.076 0.074 0.139 0.106 0.015 0.071 0.014 
  94   (0.016) 0.002 0.030 0.001 0.000 0.001 0.001 0.001 
  74   (0.027) 0.001 0.068 0.001 0.000 0.010 0.000 0.067 
  54   (0.077) 0.143 0.037 0.133 0.110 0.036 0.061 0.004 
  82   (0.039) 0.036 0.202 0.002 0.000 0.001 0.001 0.012 
  90   (0.031) 0.001 0.055 0.039 0.000 0.001 0.001 0.023 
  86   (0.023) 0.021 0.083 0.001 0.000 0.001 0.000 0.001 
 701   (0.011) 0.000 0.010 0.000 0.000 0.000 0.000 0.000 
  78   (0.027) 0.042 0.072 0.001 0.000 0.002 0.001 0.002 
  62   (0.127) 0.103 0.091 0.066 0.337 0.567 0.350 0.301 
 741   (0.023) 0.024 0.048 0.001 0.000 0.001 0.000 0.001 
  66   (0.140) 0.218 0.111 0.089 0.251 0.086 0.280 0.328 
 661   (0.019) 0.001 0.014 0.154 0.000 0.001 0.000 0.000 
  58   (0.087) 0.175 0.024 0.115 0.188 0.015 0.085 0.161 
  98   (0.015) 0.002 0.021 0.001 0.000 0.001 0.000 0.001 
 781   (0.011) 0.000 0.014 0.000 0.000 0.000 0.000 0.000 
 141   (0.011) 0.000 0.014 0.000 0.000 0.000 0.000 0.000 
 102   (0.010) 0.000 0.005 0.000 0.000 0.000 0.000 0.000 
 106   (0.010) 0.000 0.005 0.001 0.000 0.000 0.000 0.000 
  50   (0.029) 0.004 0.005 0.071 0.000 0.001 0.038 0.009 
 621   (0.031) 0.037 0.003 0.002 0.003 0.001 0.107 0.065 
 702   (0.022) 0.021 0.002 0.030 0.000 0.001 0.000 0.004 
 501   (0.026) 0.038 0.002 0.076 0.000 0.079 0.000 0.001 
 662   (0.011) 0.014 0.001 0.000 0.000 0.000 0.000 0.000 
 152   (0.011) 0.011 0.001 0.000 0.000 0.000 0.000 0.000 
 156   (0.011) 0.014 0.001 0.000 0.000 0.000 0.000 0.000 
 581   (0.011) 0.007 0.001 0.000 0.000 0.000 0.000 0.000 
1521   (0.010) 0.004 0.001 0.000 0.000 0.000 0.000 0.000 
 622   (0.010) 0.000 0.001 0.000 0.000 0.174 0.000 0.000 
 137   (0.011) 0.000 0.001 0.041 0.000 0.000 0.000 0.000 
 150   (0.010) 0.001 0.001 0.005 0.000 0.000 0.000 0.000 
 146   (0.010) 0.001 0.001 0.006 0.000 0.001 0.000 0.000 
 153   (0.010) 0.000 0.001 0.021 0.000 0.000 0.000 0.000 

Locus 14 : Cl527 
31 alleles
0.3% missing data
  62   (0.051) 0.023 0.105 0.002 0.001 0.002 0.037 0.057 
 622   (0.010) 0.000 0.005 0.000 0.000 0.000 0.000 0.000 
 461   (0.027) 0.036 0.011 0.001 0.000 0.001 0.017 0.001 
  82   (0.010) 0.000 0.005 0.000 0.000 0.000 0.000 0.000 
 661   (0.023) 0.003 0.127 0.001 0.000 0.001 0.001 0.001 
  70   (0.015) 0.001 0.077 0.001 0.000 0.001 0.000 0.000 
 581   (0.052) 0.020 0.046 0.004 0.026 0.002 0.037 0.023 
 701   (0.014) 0.001 0.077 0.001 0.000 0.000 0.000 0.000 
 501   (0.024) 0.045 0.029 0.001 0.000 0.001 0.001 0.001 
  66   (0.104) 0.061 0.116 0.119 0.162 0.004 0.063 0.305 
 741   (0.012) 0.000 0.028 0.000 0.000 0.000 0.000 0.000 
  58   (0.053) 0.056 0.104 0.004 0.036 0.002 0.063 0.002 
 541   (0.026) 0.060 0.060 0.001 0.000 0.001 0.000 0.001 
  74   (0.025) 0.025 0.007 0.001 0.012 0.001 0.001 0.002 
 621   (0.028) 0.029 0.095 0.003 0.000 0.001 0.000 0.001 
  78   (0.011) 0.000 0.010 0.000 0.000 0.000 0.000 0.000 
 781   (0.010) 0.000 0.005 0.000 0.000 0.000 0.000 0.000 
 462   (0.011) 0.000 0.010 0.000 0.000 0.000 0.000 0.000 
  67   (0.016) 0.001 0.019 0.001 0.000 0.001 0.000 0.004 
  54   (0.094) 0.319 0.012 0.101 0.117 0.397 0.225 0.172 
  50   (0.099) 0.088 0.023 0.314 0.314 0.057 0.161 0.249 
  63   (0.010) 0.000 0.005 0.000 0.000 0.000 0.000 0.000 
  26   (0.021) 0.011 0.002 0.001 0.021 0.001 0.000 0.003 
  61   (0.046) 0.013 0.004 0.159 0.019 0.002 0.031 0.107 
  53   (0.026) 0.021 0.002 0.001 0.012 0.037 0.001 0.001 
  46   (0.069) 0.117 0.006 0.137 0.077 0.079 0.110 0.064 
  42   (0.020) 0.002 0.002 0.001 0.179 0.001 0.203 0.001 
  65   (0.026) 0.020 0.002 0.007 0.004 0.001 0.043 0.001 
 582   (0.029) 0.034 0.003 0.075 0.000 0.363 0.001 0.001 
  57   (0.029) 0.014 0.003 0.058 0.018 0.001 0.001 0.003 
 623   (0.011) 0.000 0.001 0.002 0.000 0.040 0.000 0.000 

Locus 15 : Cl380 
25 alleles
9.6% missing data
 671   (0.151) 0.286 0.123 0.340 0.163 0.008 0.081 0.136 
 672   (0.104) 0.030 0.105 0.047 0.316 0.024 0.090 0.114 
 751   (0.020) 0.004 0.036 0.001 0.000 0.001 0.000 0.001 
  71   (0.035) 0.001 0.061 0.041 0.000 0.403 0.001 0.001 
  79   (0.132) 0.027 0.239 0.006 0.327 0.358 0.688 0.379 
  75   (0.076) 0.031 0.123 0.094 0.064 0.004 0.024 0.007 
 711   (0.041) 0.019 0.132 0.041 0.000 0.002 0.001 0.001 
  67   (0.037) 0.076 0.018 0.020 0.000 0.002 0.005 0.001 
 791   (0.011) 0.000 0.006 0.000 0.000 0.000 0.000 0.000 
 591   (0.051) 0.089 0.019 0.024 0.002 0.003 0.019 0.010 
 552   (0.014) 0.001 0.040 0.001 0.000 0.001 0.000 0.000 
 792   (0.012) 0.000 0.011 0.001 0.000 0.000 0.000 0.000 
 593   (0.013) 0.001 0.016 0.001 0.000 0.001 0.000 0.000 
  59   (0.035) 0.081 0.017 0.002 0.002 0.002 0.001 0.013 
 631   (0.038) 0.033 0.008 0.003 0.000 0.002 0.064 0.023 
 833   (0.026) 0.001 0.011 0.001 0.059 0.001 0.001 0.017 
 712   (0.012) 0.000 0.011 0.001 0.000 0.000 0.000 0.000 
  63   (0.054) 0.160 0.009 0.311 0.061 0.003 0.014 0.002 
 551   (0.052) 0.130 0.005 0.038 0.001 0.180 0.004 0.261 
 592   (0.017) 0.001 0.002 0.001 0.000 0.001 0.005 0.014 
 632   (0.019) 0.008 0.002 0.001 0.000 0.001 0.001 0.017 
 118   (0.011) 0.004 0.001 0.000 0.000 0.001 0.000 0.000 
 673   (0.018) 0.012 0.002 0.008 0.000 0.001 0.000 0.000 
  82   (0.012) 0.001 0.001 0.014 0.000 0.001 0.000 0.000 
 834   (0.011) 0.002 0.001 0.005 0.000 0.001 0.000 0.000 

Locus 16 : Lup02 
6 alleles
0.8% missing data
  56   (0.558) 0.702 0.516 0.374 0.706 0.529 0.612 0.687 
  60   (0.143) 0.089 0.184 0.222 0.003 0.051 0.052 0.053 
  52   (0.205) 0.196 0.119 0.399 0.086 0.018 0.332 0.245 
  48   (0.059) 0.012 0.169 0.003 0.001 0.051 0.003 0.013 
 561   (0.013) 0.001 0.010 0.001 0.000 0.000 0.000 0.000 
  64   (0.021) 0.001 0.002 0.001 0.204 0.351 0.001 0.001 

Locus 17 : Lup13 
5 alleles
0.3% missing data
  57   (0.344) 0.283 0.252 0.187 0.729 0.544 0.531 0.598 
  61   (0.363) 0.542 0.449 0.302 0.089 0.088 0.371 0.217 
  65   (0.063) 0.061 0.131 0.049 0.001 0.002 0.001 0.009 
  53   (0.217) 0.113 0.166 0.462 0.181 0.365 0.096 0.160 
  69   (0.013) 0.000 0.001 0.001 0.000 0.001 0.000 0.016 

Locus 18 : Lup20 
9 alleles
2.0% missing data
  56   (0.355) 0.337 0.627 0.186 0.184 0.332 0.226 0.138 
 601   (0.031) 0.001 0.103 0.001 0.000 0.001 0.001 0.070 
  60   (0.327) 0.462 0.132 0.758 0.396 0.520 0.569 0.388 
  68   (0.078) 0.042 0.032 0.003 0.303 0.004 0.057 0.260 
  64   (0.115) 0.114 0.068 0.027 0.106 0.139 0.017 0.046 
  72   (0.025) 0.002 0.012 0.022 0.000 0.001 0.000 0.002 
 681   (0.012) 0.000 0.006 0.000 0.000 0.000 0.000 0.000 
 641   (0.014) 0.001 0.015 0.001 0.000 0.000 0.000 0.000 
  52   (0.044) 0.042 0.004 0.002 0.010 0.002 0.130 0.095 

Locus 19 : Lup21 
11 alleles
0.5% missing data
  41   (0.211) 0.129 0.375 0.289 0.105 0.138 0.040 0.083 
  57   (0.192) 0.147 0.289 0.163 0.164 0.011 0.181 0.107 
  53   (0.276) 0.424 0.134 0.314 0.281 0.436 0.389 0.541 
  37   (0.013) 0.001 0.015 0.001 0.000 0.000 0.000 0.000 
  45   (0.044) 0.018 0.150 0.026 0.000 0.002 0.001 0.001 
 531   (0.011) 0.000 0.005 0.000 0.000 0.000 0.000 0.000 
 611   (0.063) 0.033 0.010 0.078 0.014 0.184 0.003 0.057 
 491   (0.011) 0.000 0.005 0.000 0.000 0.000 0.000 0.000 
  49   (0.103) 0.123 0.010 0.124 0.189 0.166 0.302 0.190 
  61   (0.031) 0.003 0.003 0.001 0.214 0.061 0.002 0.009 
 612   (0.043) 0.122 0.004 0.002 0.033 0.002 0.081 0.011 

Locus 20 : Lup23 
6 alleles
0.1% missing data
  59   (0.367) 0.413 0.210 0.576 0.444 0.017 0.345 0.148 
  63   (0.340) 0.035 0.747 0.271 0.196 0.506 0.122 0.147 
  67   (0.016) 0.001 0.019 0.001 0.000 0.001 0.000 0.000 
  55   (0.214) 0.513 0.019 0.100 0.354 0.473 0.528 0.689 
  51   (0.040) 0.018 0.003 0.051 0.006 0.002 0.005 0.006 
 671   (0.024) 0.020 0.002 0.001 0.000 0.001 0.001 0.010 

Values of parameters used in structure:
DATAFILE=/home/eva.pavlovic/data_job_Z116,	OUTFILE=/home/eva.pavlovic/ParallelStructure/26_results_20MS/2a_Empirical_samples_no_sim/results_job_Z116,	NUMINDS=742,	NUMLOCI=20,	MISSING=-9,	LABEL=1,	POPDATA=1,	POPFLAG=0,	PHENOTYPE=0,	EXTRACOLS=0,	MAXPOPS=7,	BURNIN=300000,	NUMREPS=3000000,	USEPOPINFO=0,	INFERALPHA=1,	INFERLAMBDA=0,	POPSPECIFICLAMBDA=0,	POPALPHAS=0,	COMPUTEPROB=1,	NOADMIX=0,	ADMBURNIN=2500,	UPDATEFREQ=1,	PRINTLIKES=0,	INTERMEDSAVE=0,	PRINTKLD=0,	PRINTNET=0,	PRINTLAMBDA=0,	ANCESTDIST=0,	NUMBOXES=1000,	ANCESTPINT=0.90000,	GENSBACK=2,	MIGRPRIOR=0.05000,	PRINTQHAT=1,	PRINTQSUM=0,	ALPHA=1.0000,	FREQSCORR=1,	FPRIORMEAN=0.0100,	FPRIORSD=0.0500,	ONEFST=0,	LAMBDA=1.0000,	UNIFPRIORALPHA=1,	ALPHAMAX=10.0000,	ALPHAPRIORA=1.0000,	ALPHAPRIORB=2.0000,	ALPHAPROPSD=0.0250,	STARTATPOPINFO=0,	RANDOMIZE=1,	LINKAGE=0,	METROFREQ=10,	REPORTHITRATE=0,	MARKOVPHASE=-1,	PHASED=0,	PLOIDY=2,	PHASEINFO=0	LOCPRIOR=0, 	LOCPRIORINIT=1.000000, 	LOCDATA=0, 	LOCISPOP=0, 	LOCPRIORSTEP=0.100000, 	MAXLOCPRIOR=20.000000, 	SEED=1770320129,	
[STRAT parameters]:    NUMSIMSTATS=1000,	PHENOTYPECOL=-9,	POOLFREQ=10,	LOCUSxONLY=0,	EMERROR=0.00100,	MISSINGPHENO=-9,	