

----------------------------------------------------
STRUCTURE by Pritchard, Stephens and Donnelly (2000)
     and Falush, Stephens and Pritchard (2003)
       Code by Pritchard, Falush and Hubisz
             Version 2.3.4 (Jul 2012)
----------------------------------------------------



Command line arguments:   /home/eva.pavlovic/Structure/structure -m parameter_job_Z110 
Input File:    /home/eva.pavlovic/data_job_Z110

Run parameters:
   742 individuals
   20 loci
   5 populations assumed
   300000 Burn-in period
   3000000 Reps


--------------------------------------------
Proportion of membership of each pre-defined
 population in each of the 5 clusters

Given    Inferred Clusters                     Number of
 Pop       1      2      3      4      5      Individuals

  1:     0.005  0.005  0.979  0.006  0.005      100
  2:     0.017  0.179  0.477  0.014  0.312        6
  3:     0.003  0.138  0.067  0.132  0.661        2
  4:     0.008  0.050  0.015  0.021  0.906       42
  5:     0.028  0.731  0.004  0.044  0.194      105
  6:     0.008  0.440  0.006  0.047  0.499      240
  7:     0.011  0.083  0.007  0.580  0.319       68
  8:     0.008  0.032  0.005  0.898  0.056       31
  9:     0.006  0.011  0.007  0.960  0.016       53
 10:     0.974  0.011  0.004  0.006  0.005       28
 11:     0.003  0.004  0.018  0.972  0.004       27
 12:     0.026  0.009  0.006  0.950  0.009       40
--------------------------------------------

Allele-freq. divergence among pops (Net nucleotide distance),
computed using point estimates of P.

      1       2       3       4       5      
 1      -    0.0994  0.1226  0.0995  0.0906  
 2   0.0994     -    0.1125  0.0589  0.0342  
 3   0.1226  0.1125     -    0.0649  0.0982  
 4   0.0995  0.0589  0.0649     -    0.0480  
 5   0.0906  0.0342  0.0982  0.0480     -    

Average distances (expected heterozygosity) between individuals in same cluster:
cluster  1  : 0.6523 
cluster  2  : 0.7089 
cluster  3  : 0.7975 
cluster  4  : 0.7833 
cluster  5  : 0.7247 

--------------------------------------------
Estimated Ln Prob of Data   = -50713.8
Mean value of ln likelihood = -50195.7
Variance of ln likelihood   = 1036.2
Mean value of alpha         = 0.0340

Mean value of Fst_1         = 0.2950
Mean value of Fst_2         = 0.2515
Mean value of Fst_3         = 0.0455
Mean value of Fst_4         = 0.0743
Mean value of Fst_5         = 0.1478


Inferred ancestry of individuals:
        Label (%Miss) Pop:  Inferred clusters
  1    M1EL5    (5)    1 :  0.003 0.003 0.983 0.006 0.005 
  2    W26T6    (5)    1 :  0.008 0.005 0.962 0.006 0.019 
  3    W26XX    (5)    1 :  0.002 0.003 0.989 0.003 0.002 
  4    M013P    (0)    1 :  0.003 0.002 0.990 0.003 0.002 
  5    M1ELA    (0)    1 :  0.016 0.014 0.918 0.046 0.006 
  6    M2C73    (0)    1 :  0.003 0.002 0.987 0.004 0.004 
  7    W23P4    (0)    1 :  0.006 0.059 0.895 0.006 0.035 
  8    W247C    (5)    1 :  0.003 0.002 0.991 0.002 0.002 
  9    W24K1    (0)    1 :  0.002 0.002 0.992 0.002 0.002 
 10    W24ME    (0)    1 :  0.006 0.008 0.960 0.004 0.022 
 11    W2514    (0)    1 :  0.003 0.005 0.983 0.003 0.006 
 12    W26MA    (0)    1 :  0.007 0.006 0.978 0.004 0.005 
 13    W26MM    (0)    1 :  0.005 0.002 0.987 0.002 0.003 
 14    W26MU    (0)    1 :  0.003 0.003 0.985 0.004 0.005 
 15    W26P0    (0)    1 :  0.003 0.003 0.987 0.004 0.004 
 16    W26P3    (0)    1 :  0.002 0.002 0.991 0.003 0.002 
 17    W26T5    (0)    1 :  0.002 0.002 0.992 0.002 0.002 
 18    W26TE    (0)    1 :  0.005 0.005 0.974 0.011 0.005 
 19    W26TF    (0)    1 :  0.014 0.002 0.978 0.004 0.002 
 20    W26U8    (0)    1 :  0.007 0.015 0.955 0.012 0.011 
 21    W26UJ    (0)    1 :  0.003 0.002 0.991 0.002 0.002 
 22    W26UK    (0)    1 :  0.002 0.002 0.993 0.002 0.002 
 23    W26UT    (0)    1 :  0.002 0.002 0.991 0.003 0.002 
 24    W26XT    (0)    1 :  0.006 0.002 0.985 0.005 0.002 
 25   CC06H2    (0)    1 :  0.008 0.022 0.959 0.004 0.007 
 26   CC06H4    (0)    1 :  0.006 0.002 0.986 0.003 0.003 
 27   CC06H5    (5)    1 :  0.004 0.014 0.958 0.014 0.010 
 28   CC06H6    (0)    1 :  0.002 0.004 0.983 0.008 0.003 
 29   CC06HE    (0)    1 :  0.002 0.002 0.990 0.003 0.002 
 30   CC06HF    (0)    1 :  0.009 0.007 0.966 0.007 0.011 
 31   CC06HH    (0)    1 :  0.002 0.003 0.990 0.003 0.002 
 32   CC06HJ    (0)    1 :  0.009 0.003 0.963 0.021 0.004 
 33   CC06HL    (0)    1 :  0.002 0.002 0.992 0.003 0.002 
 34   CC06HP    (0)    1 :  0.002 0.002 0.991 0.003 0.002 
 35   CC06HT    (0)    1 :  0.005 0.007 0.964 0.017 0.007 
 36   CC06HU    (0)    1 :  0.003 0.003 0.978 0.014 0.002 
 37   CC06HY    (0)    1 :  0.008 0.010 0.974 0.004 0.005 
 38   CC06J0    (0)    1 :  0.008 0.003 0.982 0.003 0.004 
 39   CC06J1    (0)    1 :  0.006 0.004 0.973 0.006 0.012 
 40   CC06J2    (0)    1 :  0.004 0.003 0.986 0.005 0.003 
 41  CT.0YCY    (0)    1 :  0.003 0.003 0.988 0.003 0.003 
 42  CT.0YEC    (0)    1 :  0.003 0.002 0.992 0.002 0.002 
 43  CT.0YEF    (0)    1 :  0.002 0.003 0.988 0.003 0.004 
 44  CT.0YEU    (0)    1 :  0.002 0.002 0.993 0.002 0.002 
 45  CT.0YF2    (5)    1 :  0.005 0.005 0.980 0.004 0.006 
 46  CT.0YF8    (0)    1 :  0.001 0.002 0.992 0.003 0.002 
 47  CT.0YFA    (0)    1 :  0.002 0.004 0.984 0.005 0.005 
 48  CT.0YFE    (0)    1 :  0.003 0.004 0.984 0.005 0.005 
 49  CT.0YFP    (0)    1 :  0.009 0.003 0.977 0.003 0.009 
 50  CT.0YFU    (0)    1 :  0.002 0.003 0.988 0.003 0.003 
 51  CT.0YK7    (0)    1 :  0.006 0.004 0.982 0.003 0.004 
 52  CX.10PT    (0)    1 :  0.023 0.011 0.951 0.006 0.009 
 53   DAM021    (0)    1 :  0.003 0.008 0.980 0.006 0.004 
 54   DAM034    (0)    1 :  0.002 0.004 0.986 0.004 0.005 
 55   DAM07X    (0)    1 :  0.002 0.005 0.987 0.003 0.003 
 56  EF.15J6    (0)    1 :  0.002 0.002 0.990 0.003 0.002 
 57   HRV010   (10)    1 :  0.005 0.003 0.986 0.005 0.002 
 58   HRV02J    (5)    1 :  0.003 0.003 0.983 0.005 0.006 
 59   HRV078    (0)    1 :  0.004 0.003 0.985 0.003 0.005 
 60   HRV0FH    (0)    1 :  0.002 0.002 0.990 0.002 0.003 
 61   HRV0H5    (0)    1 :  0.003 0.004 0.986 0.004 0.003 
 62   HRV0JF    (0)    1 :  0.002 0.003 0.963 0.004 0.027 
 63   HRV0JJ    (0)    1 :  0.003 0.005 0.983 0.004 0.005 
 64   HRV0JM    (0)    1 :  0.002 0.002 0.988 0.003 0.005 
 65   HRV0K6    (0)    1 :  0.016 0.006 0.958 0.009 0.011 
 66   HRV0K7    (0)    1 :  0.002 0.002 0.983 0.010 0.003 
 67   HRV0KP    (5)    1 :  0.011 0.004 0.975 0.007 0.004 
 68   HRV1AX    (0)    1 :  0.003 0.009 0.973 0.007 0.008 
 69   HRV1C4    (0)    1 :  0.002 0.010 0.981 0.002 0.005 
 70   HRV1CH    (0)    1 :  0.003 0.003 0.984 0.005 0.005 
 71   HRV1FA    (5)    1 :  0.004 0.005 0.978 0.009 0.004 
 72   HRV1FK    (0)    1 :  0.009 0.005 0.979 0.004 0.004 
 73   HRV1H8    (5)    1 :  0.002 0.003 0.987 0.005 0.003 
 74   HRV1HT   (10)    1 :  0.005 0.005 0.979 0.005 0.006 
 75   HRV1XU   (10)    1 :  0.015 0.003 0.976 0.003 0.003 
 76   HRV4TF    (0)    1 :  0.003 0.003 0.975 0.017 0.002 
 77   HRV6F0   (10)    1 :  0.003 0.003 0.986 0.005 0.003 
 78   HRVE6L    (0)    1 :  0.006 0.004 0.973 0.012 0.005 
 79    M27HM    (5)    1 :  0.002 0.004 0.984 0.004 0.006 
 80    M27HP    (0)    1 :  0.002 0.002 0.991 0.002 0.002 
 81    M2AK4    (0)    1 :  0.003 0.002 0.991 0.002 0.002 
 82    M2ALA    (0)    1 :  0.002 0.002 0.991 0.002 0.002 
 83    M2C56    (0)    1 :  0.003 0.004 0.982 0.007 0.004 
 84    M2CUX    (0)    1 :  0.006 0.003 0.978 0.004 0.009 
 85    M2E24    (0)    1 :  0.002 0.002 0.991 0.002 0.003 
 86    M2EA7    (5)    1 :  0.003 0.003 0.990 0.002 0.003 
 87    M2EH6    (0)    1 :  0.002 0.003 0.989 0.003 0.002 
 88    M2EKC    (0)    1 :  0.008 0.005 0.896 0.083 0.009 
 89   MSV083    (0)    1 :  0.017 0.002 0.969 0.008 0.003 
 90   MSV084    (0)    1 :  0.002 0.004 0.977 0.012 0.004 
 91   MSV0LJ    (0)    1 :  0.003 0.003 0.985 0.004 0.005 
 92   MSV1H5    (0)    1 :  0.003 0.009 0.972 0.010 0.006 
 93   MSV1KM    (0)    1 :  0.002 0.002 0.992 0.002 0.002 
 94   MSV23F    (5)    1 :  0.011 0.003 0.977 0.006 0.003 
 95   MSV2L8    (0)    1 :  0.003 0.002 0.988 0.002 0.004 
 96   MSV2P7    (5)    1 :  0.003 0.003 0.990 0.002 0.003 
 97   MSV2TJ    (0)    1 :  0.002 0.006 0.984 0.004 0.005 
 98   MSV2XM    (0)    1 :  0.004 0.004 0.985 0.004 0.004 
 99   MSV327    (5)    1 :  0.003 0.002 0.988 0.003 0.003 
100   MSV33L    (5)    1 :  0.002 0.002 0.992 0.002 0.002 
101   MSV1TX    (5)    2 :  0.004 0.388 0.594 0.004 0.010 
102   MSV025    (0)    2 :  0.027 0.123 0.389 0.039 0.422 
103   MSV02C    (0)    2 :  0.012 0.328 0.577 0.009 0.074 
104   MSV02E    (5)    2 :  0.007 0.014 0.503 0.013 0.462 
105   MSV0TF    (5)    2 :  0.005 0.007 0.388 0.003 0.597 
106    M2EL8    (0)    2 :  0.049 0.213 0.411 0.017 0.309 
107   MSV21T    (0)    3 :  0.003 0.035 0.011 0.038 0.913 
108    M2E71    (0)    3 :  0.003 0.241 0.123 0.225 0.408 
109    W23CA   (10)    4 :  0.002 0.004 0.002 0.007 0.984 
110  AP.085Y    (5)    4 :  0.005 0.006 0.003 0.005 0.981 
111  CH.0LLY    (5)    4 :  0.003 0.002 0.009 0.005 0.980 
112    M0LEC    (5)    4 :  0.002 0.007 0.002 0.005 0.985 
113    M2C3H   (10)    4 :  0.005 0.003 0.003 0.006 0.983 
114    M2CHL    (5)    4 :  0.003 0.002 0.013 0.005 0.977 
115    W26P7   (10)    4 :  0.002 0.002 0.003 0.004 0.989 
116  AP.07M5    (0)    4 :  0.071 0.021 0.006 0.012 0.890 
117  AP.080U    (0)    4 :  0.002 0.004 0.004 0.005 0.985 
118  AP.082A    (0)    4 :  0.004 0.005 0.002 0.003 0.986 
119  AP.0843    (0)    4 :  0.004 0.004 0.007 0.005 0.980 
120  AP.0844    (0)    4 :  0.002 0.003 0.024 0.006 0.965 
121  AP.084X    (0)    4 :  0.003 0.004 0.003 0.003 0.987 
122  AP.086Y    (0)    4 :  0.003 0.003 0.003 0.004 0.988 
123  AP.0870    (0)    4 :  0.002 0.005 0.003 0.010 0.979 
124  AP.0878    (0)    4 :  0.003 0.002 0.004 0.007 0.984 
125  AP.087F    (0)    4 :  0.002 0.002 0.003 0.004 0.989 
126  AP.087Y    (0)    4 :  0.002 0.002 0.010 0.004 0.982 
127  AP.088P    (0)    4 :  0.004 0.013 0.006 0.005 0.971 
128  AP.08AK    (5)    4 :  0.023 0.014 0.008 0.003 0.952 
129  CH.0LLM    (0)    4 :  0.006 0.013 0.003 0.004 0.975 
130  CH.0LLU    (0)    4 :  0.007 0.014 0.024 0.009 0.946 
131  CH.0LM0    (5)    4 :  0.006 0.003 0.011 0.004 0.976 
132  CH.0LM3    (5)    4 :  0.008 0.012 0.007 0.004 0.969 
133    W26MY    (0)    4 :  0.049 0.004 0.094 0.013 0.840 
134    W26P6    (0)    4 :  0.004 0.007 0.039 0.005 0.945 
135   HRV07U    (0)    4 :  0.004 0.008 0.009 0.059 0.920 
136   HRV1CT    (0)    4 :  0.003 0.010 0.003 0.003 0.981 
137   HRV1CU    (0)    4 :  0.005 0.202 0.002 0.006 0.785 
138   HRV1E6    (0)    4 :  0.003 0.010 0.002 0.005 0.980 
139   HRV081    (0)    4 :  0.010 0.067 0.002 0.003 0.919 
140   HRV1E3    (0)    4 :  0.002 0.006 0.004 0.011 0.977 
141   MSV21E    (0)    4 :  0.012 0.015 0.007 0.004 0.961 
142   MSV216    (0)    4 :  0.016 0.029 0.007 0.205 0.742 
143    M0TYK    (0)    4 :  0.004 0.009 0.008 0.004 0.974 
144   MSV2AA    (0)    4 :  0.006 0.335 0.086 0.007 0.566 
145  CK.0PET    (0)    4 :  0.013 0.025 0.145 0.166 0.651 
146    M2E8C    (0)    4 :  0.005 0.961 0.003 0.003 0.028 
147   MSV23X    (0)    4 :  0.010 0.069 0.013 0.005 0.903 
148   MSV32A    (0)    4 :  0.003 0.174 0.041 0.137 0.644 
149  AP.0838    (0)    4 :  0.002 0.008 0.003 0.067 0.920 
150  AP.088F    (0)    4 :  0.002 0.011 0.003 0.038 0.945 
151   DAM2HL   (10)    5 :  0.003 0.027 0.002 0.012 0.956 
152    M2ALK    (0)    5 :  0.003 0.836 0.010 0.122 0.029 
153    M2E2J    (0)    5 :  0.034 0.027 0.020 0.002 0.917 
154    M2E73    (0)    5 :  0.004 0.180 0.003 0.007 0.805 
155    M2E74    (0)    5 :  0.002 0.951 0.004 0.038 0.005 
156    M2EUJ    (5)    5 :  0.004 0.319 0.003 0.602 0.072 
157   DAM1XK    (0)    5 :  0.003 0.036 0.002 0.011 0.948 
158    M2057    (0)    5 :  0.002 0.937 0.004 0.006 0.051 
159    M2271    (0)    5 :  0.018 0.974 0.002 0.004 0.003 
160    M27YK    (0)    5 :  0.002 0.010 0.023 0.207 0.758 
161    M2A1H    (0)    5 :  0.494 0.495 0.002 0.003 0.006 
162    M2E0P    (0)    5 :  0.005 0.911 0.002 0.003 0.079 
163    M2E75    (0)    5 :  0.005 0.961 0.002 0.012 0.019 
164    M2E76    (0)    5 :  0.002 0.985 0.003 0.005 0.005 
165   MSV0T5    (5)    5 :  0.004 0.895 0.007 0.007 0.086 
166   MSV241    (0)    5 :  0.003 0.946 0.003 0.005 0.042 
167   MSV2A0    (0)    5 :  0.007 0.979 0.004 0.004 0.007 
168   MSV2A1    (0)    5 :  0.003 0.990 0.002 0.003 0.003 
169   MSV2A8    (0)    5 :  0.003 0.942 0.002 0.007 0.046 
170   DAM1P5    (0)    5 :  0.002 0.991 0.001 0.002 0.005 
171    M1084    (0)    5 :  0.003 0.661 0.003 0.008 0.326 
172   MSV2M4    (5)    5 :  0.006 0.971 0.003 0.007 0.013 
173   MSV2T6    (5)    5 :  0.055 0.930 0.004 0.006 0.006 
174    M1UM1    (5)    5 :  0.005 0.076 0.005 0.025 0.889 
175    M2ECL    (0)    5 :  0.002 0.802 0.020 0.036 0.140 
176    M2EJ0    (0)    5 :  0.002 0.282 0.002 0.038 0.676 
177   MSV20J    (0)    5 :  0.005 0.905 0.002 0.011 0.076 
178   MSV2TK    (0)    5 :  0.002 0.828 0.018 0.025 0.127 
179   MSV2TX    (0)    5 :  0.002 0.917 0.002 0.004 0.075 
180   MSV310    (0)    5 :  0.004 0.982 0.004 0.003 0.007 
181   MSV33F    (0)    5 :  0.010 0.979 0.004 0.003 0.005 
182   DAM35L    (0)    5 :  0.010 0.975 0.002 0.004 0.009 
183    M2E4C    (0)    5 :  0.003 0.897 0.002 0.006 0.093 
184    M2E4H    (0)    5 :  0.005 0.041 0.003 0.007 0.944 
185    M2E65    (0)    5 :  0.003 0.968 0.003 0.022 0.004 
186    M2EEJ    (0)    5 :  0.004 0.988 0.002 0.002 0.004 
187    M2EEP    (5)    5 :  0.012 0.953 0.004 0.010 0.021 
188   MSV1TU    (0)    5 :  0.005 0.197 0.005 0.004 0.789 
189   MSV20M    (0)    5 :  0.004 0.932 0.002 0.008 0.054 
190   MSV223    (0)    5 :  0.003 0.018 0.003 0.004 0.972 
191   MSV22E    (0)    5 :  0.004 0.976 0.003 0.005 0.012 
192   MSV23J    (0)    5 :  0.003 0.011 0.002 0.003 0.981 
193   MSV2K6    (5)    5 :  0.004 0.986 0.002 0.003 0.005 
194   DAM23U    (5)    5 :  0.007 0.503 0.008 0.009 0.473 
195    M2E8A    (5)    5 :  0.007 0.980 0.002 0.004 0.007 
196   MSV2L2    (5)    5 :  0.011 0.975 0.003 0.003 0.008 
197    M1YMH    (5)    5 :  0.012 0.739 0.006 0.006 0.237 
198    M2A84    (5)    5 :  0.009 0.392 0.012 0.005 0.583 
199   MSV23M    (0)    5 :  0.003 0.013 0.004 0.042 0.937 
200  AP.085T    (5)    5 :  0.005 0.963 0.002 0.004 0.026 
201  AP.086J    (0)    5 :  0.008 0.045 0.003 0.919 0.025 
202  AP.08C2    (0)    5 :  0.024 0.006 0.021 0.234 0.715 
203  AP.08CF    (0)    5 :  0.006 0.959 0.002 0.007 0.026 
204  AP.08CX    (0)    5 :  0.002 0.987 0.002 0.003 0.006 
205  AP.08CY    (0)    5 :  0.003 0.961 0.003 0.028 0.005 
206   DAM0JX    (0)    5 :  0.008 0.153 0.002 0.008 0.829 
207   DAM0P4    (0)    5 :  0.007 0.069 0.002 0.004 0.918 
208   DAM0UK    (0)    5 :  0.003 0.829 0.005 0.058 0.104 
209    M2030    (0)    5 :  0.009 0.979 0.002 0.006 0.004 
210   MSV24M    (0)    5 :  0.004 0.876 0.003 0.008 0.110 
211    M20AM    (0)    5 :  0.002 0.363 0.003 0.334 0.298 
212    M21YP    (0)    5 :  0.003 0.006 0.004 0.983 0.004 
213    M2205    (0)    5 :  0.004 0.986 0.001 0.004 0.004 
214    M2206    (0)    5 :  0.003 0.983 0.002 0.006 0.007 
215   MSV267    (0)    5 :  0.004 0.880 0.003 0.013 0.100 
216    M2757    (0)    5 :  0.003 0.537 0.004 0.163 0.293 
217    M27TH    (0)    5 :  0.002 0.884 0.003 0.010 0.101 
218   MSV2JA    (0)    5 :  0.343 0.431 0.007 0.039 0.181 
219   MSV2KU    (0)    5 :  0.008 0.978 0.003 0.007 0.004 
220   MSV2MF    (0)    5 :  0.007 0.924 0.003 0.021 0.045 
221   MSV2TA    (0)    5 :  0.002 0.990 0.002 0.003 0.004 
222   MSV2TE    (0)    5 :  0.002 0.987 0.002 0.002 0.007 
223   MSV2TU    (0)    5 :  0.004 0.868 0.020 0.015 0.093 
224   MSV2UT    (0)    5 :  0.003 0.955 0.003 0.017 0.022 
225   MSV306    (0)    5 :  0.002 0.983 0.002 0.006 0.006 
226   MSV311    (0)    5 :  0.003 0.972 0.002 0.016 0.008 
227   MSV31M    (0)    5 :  0.003 0.753 0.004 0.050 0.189 
228   MSV325    (0)    5 :  0.014 0.894 0.003 0.004 0.085 
229   MSV32H    (0)    5 :  0.011 0.964 0.005 0.006 0.014 
230  CX.112U    (0)    5 :  0.003 0.943 0.003 0.020 0.030 
231   DAM2PC    (0)    5 :  0.768 0.215 0.002 0.002 0.014 
232    M2E48    (0)    5 :  0.003 0.978 0.002 0.004 0.012 
233    M2E7K    (0)    5 :  0.004 0.959 0.003 0.006 0.029 
234    M2E80    (0)    5 :  0.005 0.982 0.002 0.004 0.007 
235    M2EAM    (0)    5 :  0.002 0.986 0.001 0.003 0.007 
236    M2EFF    (0)    5 :  0.003 0.986 0.003 0.004 0.004 
237    M2EFY    (0)    5 :  0.002 0.973 0.003 0.006 0.017 
238    M2EHM    (0)    5 :  0.006 0.977 0.002 0.007 0.007 
239    M2EK0    (0)    5 :  0.007 0.100 0.002 0.011 0.879 
240    M2EK1    (0)    5 :  0.005 0.634 0.002 0.007 0.352 
241   MSV22F    (0)    5 :  0.009 0.834 0.002 0.011 0.143 
242   MSV273    (0)    5 :  0.002 0.989 0.003 0.003 0.003 
243   MSV0TL   (10)    5 :  0.708 0.122 0.005 0.012 0.153 
244   MSV0TT    (0)    5 :  0.003 0.989 0.002 0.003 0.003 
245   MSV12H    (0)    5 :  0.004 0.016 0.002 0.004 0.975 
246   MSV1TH    (0)    5 :  0.008 0.968 0.003 0.017 0.005 
247   MSV275    (0)    5 :  0.010 0.981 0.003 0.003 0.003 
248   MSV286    (0)    5 :  0.003 0.975 0.005 0.012 0.005 
249   MSV2H4    (0)    5 :  0.002 0.987 0.002 0.003 0.005 
250   MSV2K8    (0)    5 :  0.004 0.918 0.002 0.061 0.015 
251   MSV2PM    (0)    5 :  0.002 0.991 0.001 0.002 0.005 
252   MSV2X3    (0)    5 :  0.003 0.977 0.001 0.003 0.015 
253   MSV2X4    (0)    5 :  0.011 0.973 0.004 0.006 0.006 
254   MSV30U    (0)    5 :  0.004 0.976 0.001 0.003 0.016 
255  CX.111C    (0)    5 :  0.007 0.864 0.002 0.003 0.125 
256  AP.07M2    (0)    6 :  0.007 0.005 0.011 0.006 0.972 
257   HRV05C   (10)    6 :  0.008 0.007 0.004 0.003 0.978 
258   HRV077   (10)    6 :  0.018 0.032 0.004 0.036 0.910 
259   HRV0A0    (5)    6 :  0.003 0.984 0.002 0.003 0.008 
260   HRV0MC    (5)    6 :  0.010 0.036 0.002 0.003 0.948 
261   HRV00P    (0)    6 :  0.004 0.988 0.002 0.004 0.003 
262   HRV01J    (5)    6 :  0.005 0.986 0.002 0.003 0.004 
263   HRV026    (5)    6 :  0.007 0.985 0.002 0.003 0.003 
264   HRV02C    (0)    6 :  0.003 0.982 0.002 0.003 0.010 
265   HRV031    (0)    6 :  0.003 0.973 0.002 0.004 0.018 
266   HRV033    (0)    6 :  0.003 0.973 0.002 0.004 0.019 
267   HRV05L    (0)    6 :  0.005 0.340 0.003 0.145 0.507 
268   HRV06A    (0)    6 :  0.003 0.984 0.002 0.004 0.007 
269   HRV07P    (5)    6 :  0.004 0.022 0.002 0.005 0.967 
270   HRV0HC    (5)    6 :  0.003 0.009 0.005 0.004 0.978 
271   HRV0HU   (10)    6 :  0.006 0.316 0.004 0.027 0.646 
272   HRV0K1    (0)    6 :  0.005 0.975 0.002 0.007 0.011 
273   HRV0M6    (5)    6 :  0.006 0.970 0.005 0.015 0.003 
274   HRV0M7    (5)    6 :  0.002 0.305 0.003 0.008 0.682 
275   HRV0MK    (0)    6 :  0.002 0.988 0.002 0.005 0.003 
276   HRV1C7    (5)    6 :  0.006 0.957 0.002 0.024 0.012 
277   HRV1EA    (0)    6 :  0.002 0.062 0.009 0.008 0.919 
278    M147K    (5)    6 :  0.005 0.985 0.001 0.003 0.006 
279   HRV008    (0)    6 :  0.017 0.162 0.002 0.004 0.814 
280   HRV015    (0)    6 :  0.008 0.984 0.003 0.002 0.003 
281   HRV01F    (0)    6 :  0.004 0.986 0.003 0.003 0.004 
282   HRV01L    (0)    6 :  0.004 0.988 0.002 0.003 0.003 
283   HRV01M    (0)    6 :  0.014 0.343 0.004 0.027 0.612 
284   HRV020    (0)    6 :  0.007 0.985 0.003 0.003 0.002 
285   HRV022    (0)    6 :  0.006 0.983 0.005 0.003 0.004 
286   HRV02A    (0)    6 :  0.002 0.989 0.003 0.003 0.003 
287   HRV02K    (0)    6 :  0.015 0.972 0.005 0.005 0.003 
288   HRV04C    (0)    6 :  0.004 0.986 0.002 0.003 0.005 
289   HRV05H    (0)    6 :  0.004 0.053 0.004 0.017 0.923 
290   HRV076    (0)    6 :  0.006 0.016 0.004 0.006 0.968 
291   HRV07H    (0)    6 :  0.003 0.010 0.001 0.003 0.983 
292   HRV07X    (0)    6 :  0.002 0.106 0.007 0.008 0.877 
293   HRV080    (0)    6 :  0.002 0.011 0.002 0.002 0.983 
294   HRV086    (5)    6 :  0.005 0.963 0.004 0.006 0.022 
295   HRV0H3    (5)    6 :  0.005 0.985 0.002 0.004 0.004 
296   HRV0J3    (0)    6 :  0.002 0.801 0.004 0.006 0.186 
297   HRV0JX   (15)    6 :  0.006 0.014 0.005 0.007 0.968 
298   HRV0ML   (10)    6 :  0.007 0.974 0.002 0.003 0.013 
299   HRV1E8   (10)    6 :  0.003 0.030 0.002 0.006 0.959 
300   HRV007   (10)    6 :  0.005 0.042 0.003 0.017 0.933 
301   HRV005    (5)    6 :  0.004 0.976 0.002 0.007 0.011 
302   HRV05U    (5)    6 :  0.006 0.005 0.002 0.008 0.979 
303   HRV01U    (5)    6 :  0.002 0.006 0.002 0.005 0.986 
304  AP.07M1    (5)    6 :  0.004 0.987 0.002 0.004 0.003 
305  AP.07ME    (5)    6 :  0.011 0.257 0.004 0.052 0.676 
306  AP.0817    (5)    6 :  0.002 0.006 0.002 0.009 0.981 
307  AP.0863   (15)    6 :  0.013 0.016 0.009 0.024 0.938 
308  AP.087T    (5)    6 :  0.005 0.007 0.008 0.007 0.974 
309  AP.088T    (5)    6 :  0.003 0.010 0.002 0.004 0.981 
310  CH.0LM1   (15)    6 :  0.006 0.008 0.002 0.006 0.978 
311    M05X5    (5)    6 :  0.013 0.028 0.013 0.066 0.881 
312    M06JH    (5)    6 :  0.011 0.017 0.043 0.027 0.903 
313    M0A6K    (5)    6 :  0.003 0.064 0.003 0.012 0.919 
314    M0ETF    (5)    6 :  0.005 0.987 0.002 0.003 0.003 
315    M0LUP   (10)    6 :  0.004 0.960 0.003 0.005 0.027 
316    M16F1    (5)    6 :  0.031 0.952 0.002 0.004 0.010 
317    M182M    (5)    6 :  0.002 0.915 0.003 0.010 0.070 
318    M1CFL   (10)    6 :  0.013 0.964 0.002 0.010 0.011 
319    M2AXY   (10)    6 :  0.003 0.060 0.003 0.018 0.915 
320    M2AY2   (10)    6 :  0.003 0.012 0.007 0.006 0.973 
321    M2CHP   (10)    6 :  0.010 0.010 0.012 0.019 0.949 
322    W26LK    (5)    6 :  0.005 0.069 0.002 0.014 0.911 
323    W26ME   (10)    6 :  0.007 0.010 0.003 0.013 0.967 
324  AM.07FM    (0)    6 :  0.009 0.980 0.001 0.003 0.007 
325  AM.07FP    (5)    6 :  0.005 0.985 0.002 0.003 0.006 
326  AP.07M4    (0)    6 :  0.003 0.022 0.002 0.004 0.970 
327  AP.07M7    (0)    6 :  0.002 0.213 0.001 0.002 0.781 
328  AP.07M8    (0)    6 :  0.003 0.007 0.002 0.004 0.984 
329  AP.07MA    (0)    6 :  0.005 0.147 0.006 0.003 0.839 
330  AP.07MC    (0)    6 :  0.002 0.005 0.002 0.007 0.984 
331  AP.07P8    (0)    6 :  0.026 0.310 0.011 0.004 0.649 
332  AP.07U8    (0)    6 :  0.040 0.011 0.003 0.007 0.939 
333  AP.081F   (10)    6 :  0.003 0.007 0.002 0.003 0.985 
334  AP.081H   (10)    6 :  0.005 0.011 0.008 0.963 0.013 
335  AP.0820    (0)    6 :  0.006 0.004 0.012 0.012 0.966 
336  AP.0841    (5)    6 :  0.005 0.044 0.039 0.316 0.596 
337  AP.0858    (0)    6 :  0.005 0.005 0.002 0.005 0.982 
338  AP.085U    (5)    6 :  0.006 0.011 0.017 0.018 0.948 
339  AP.085X    (5)    6 :  0.014 0.959 0.002 0.009 0.016 
340  AP.0861    (5)    6 :  0.022 0.631 0.006 0.007 0.334 
341  AP.0864   (10)    6 :  0.005 0.027 0.002 0.004 0.962 
342  AP.086X    (0)    6 :  0.003 0.834 0.003 0.015 0.144 
343  AP.0872    (0)    6 :  0.005 0.033 0.002 0.005 0.956 
344  AP.0875    (0)    6 :  0.004 0.005 0.052 0.422 0.517 
345  AP.087A    (0)    6 :  0.003 0.940 0.004 0.009 0.044 
346  AP.087C    (0)    6 :  0.007 0.642 0.005 0.105 0.241 
347  AP.087E    (0)    6 :  0.003 0.968 0.002 0.004 0.024 
348  AP.087H    (0)    6 :  0.018 0.956 0.002 0.006 0.018 
349  AP.087K    (0)    6 :  0.010 0.010 0.003 0.028 0.949 
350  AP.087L    (0)    6 :  0.013 0.963 0.002 0.005 0.017 
351  AP.087M    (0)    6 :  0.003 0.004 0.002 0.005 0.986 
352  AP.087P    (0)    6 :  0.002 0.010 0.002 0.006 0.980 
353  AP.087U    (0)    6 :  0.066 0.042 0.011 0.468 0.412 
354  AP.087X    (0)    6 :  0.013 0.016 0.005 0.759 0.207 
355  AP.0881    (0)    6 :  0.016 0.020 0.006 0.900 0.058 
356  AP.0882    (0)    6 :  0.005 0.976 0.002 0.011 0.005 
357  AP.0883    (0)    6 :  0.010 0.006 0.007 0.006 0.971 
358  AP.0884    (0)    6 :  0.003 0.020 0.002 0.003 0.972 
359  AP.0885    (5)    6 :  0.006 0.014 0.004 0.009 0.967 
360  AP.0887    (0)    6 :  0.005 0.853 0.003 0.080 0.060 
361  AP.0888    (5)    6 :  0.004 0.008 0.244 0.289 0.456 
362  AP.088A    (0)    6 :  0.003 0.475 0.003 0.018 0.502 
363  AP.088C    (0)    6 :  0.063 0.580 0.009 0.330 0.018 
364  AP.088J    (0)    6 :  0.003 0.005 0.004 0.030 0.958 
365  AP.088K    (0)    6 :  0.007 0.077 0.004 0.069 0.842 
366  AP.088L    (0)    6 :  0.004 0.980 0.002 0.004 0.010 
367  AP.088U    (0)    6 :  0.007 0.965 0.002 0.004 0.021 
368  AP.088X    (0)    6 :  0.016 0.026 0.007 0.023 0.928 
369  AP.08A0    (0)    6 :  0.002 0.006 0.002 0.004 0.987 
370  AP.08A1    (0)    6 :  0.003 0.929 0.003 0.014 0.050 
371  AP.08A3    (0)    6 :  0.003 0.929 0.002 0.006 0.060 
372  AP.08A4    (0)    6 :  0.094 0.259 0.005 0.595 0.047 
373  AP.08A5    (0)    6 :  0.003 0.975 0.002 0.004 0.015 
374  AP.08A6    (0)    6 :  0.002 0.007 0.003 0.005 0.983 
375  AP.08A8    (5)    6 :  0.005 0.010 0.002 0.007 0.976 
376  AP.08AC    (0)    6 :  0.014 0.033 0.008 0.010 0.935 
377  AP.08AH    (0)    6 :  0.006 0.015 0.003 0.036 0.940 
378  AP.08AJ    (0)    6 :  0.003 0.028 0.003 0.003 0.962 
379  AP.08AM   (10)    6 :  0.007 0.074 0.002 0.008 0.909 
380  AP.08AT    (0)    6 :  0.002 0.005 0.002 0.003 0.988 
381  AP.08AX    (0)    6 :  0.003 0.971 0.002 0.004 0.021 
382  CH.0LLP    (0)    6 :  0.004 0.008 0.002 0.004 0.983 
383  CH.0LM2   (10)    6 :  0.009 0.106 0.004 0.029 0.853 
384  CH.0LM4    (5)    6 :  0.002 0.003 0.002 0.011 0.982 
385  CH.0LM5    (0)    6 :  0.003 0.009 0.002 0.004 0.981 
386    M0102    (5)    6 :  0.004 0.830 0.003 0.004 0.159 
387    M023A    (5)    6 :  0.003 0.976 0.001 0.003 0.017 
388    M03MM   (10)    6 :  0.003 0.549 0.004 0.016 0.428 
389    M04PF    (0)    6 :  0.006 0.035 0.002 0.003 0.954 
390    M04XH    (5)    6 :  0.004 0.017 0.004 0.006 0.970 
391    M04XM   (10)    6 :  0.007 0.976 0.002 0.006 0.010 
392    M0557    (0)    6 :  0.002 0.004 0.003 0.004 0.988 
393    M055C    (0)    6 :  0.008 0.020 0.022 0.014 0.936 
394    M05JC    (0)    6 :  0.003 0.091 0.002 0.030 0.873 
395    M05PH    (0)    6 :  0.006 0.020 0.003 0.017 0.955 
396    M05X6    (0)    6 :  0.004 0.821 0.004 0.006 0.165 
397    M07TC    (0)    6 :  0.002 0.810 0.005 0.004 0.180 
398    M0A66    (0)    6 :  0.008 0.891 0.002 0.011 0.088 
399    M0EYT    (0)    6 :  0.003 0.990 0.002 0.002 0.003 
400    M0FF2    (0)    6 :  0.004 0.988 0.001 0.003 0.004 
401    M0HJ6    (5)    6 :  0.003 0.058 0.006 0.049 0.885 
402   HRV0JL    (0)    6 :  0.003 0.988 0.001 0.003 0.005 
403   HRV0JP    (0)    6 :  0.057 0.853 0.008 0.007 0.074 
404   HRV0KA    (0)    6 :  0.003 0.298 0.003 0.006 0.691 
405   HRV0LJ    (5)    6 :  0.014 0.012 0.005 0.011 0.958 
406   HRV0LM    (0)    6 :  0.004 0.012 0.002 0.004 0.978 
407   HRV0LP    (0)    6 :  0.014 0.028 0.012 0.081 0.865 
408    M0HJ8    (0)    6 :  0.003 0.990 0.002 0.003 0.003 
409    M0HM3    (0)    6 :  0.014 0.580 0.002 0.127 0.277 
410    M0J1X    (0)    6 :  0.004 0.969 0.004 0.007 0.017 
411    M0L32    (0)    6 :  0.024 0.738 0.004 0.005 0.230 
412    M0L8F    (0)    6 :  0.003 0.007 0.007 0.007 0.976 
413    M0LUH    (0)    6 :  0.003 0.785 0.003 0.003 0.206 
414    M0XPJ    (0)    6 :  0.005 0.984 0.002 0.004 0.004 
415    M0XTE    (0)    6 :  0.005 0.069 0.015 0.024 0.887 
416    M157H    (0)    6 :  0.055 0.883 0.002 0.014 0.046 
417    M16YU    (0)    6 :  0.004 0.981 0.001 0.003 0.011 
418    M1751    (0)    6 :  0.004 0.784 0.003 0.008 0.202 
419    M1C2H    (0)    6 :  0.002 0.989 0.002 0.003 0.004 
420    M1E60    (0)    6 :  0.002 0.005 0.001 0.003 0.989 
421    M1EKX    (0)    6 :  0.003 0.984 0.002 0.003 0.009 
422    M1EKY    (0)    6 :  0.004 0.038 0.002 0.005 0.952 
423    M1EL3    (0)    6 :  0.003 0.006 0.004 0.004 0.984 
424    M1ELC    (0)    6 :  0.003 0.979 0.002 0.003 0.012 
425    M1ELE    (0)    6 :  0.002 0.967 0.002 0.003 0.026 
426    M2AY0   (10)    6 :  0.006 0.829 0.004 0.010 0.151 
427    M2AY4    (5)    6 :  0.012 0.315 0.002 0.417 0.253 
428    M2AY5   (10)    6 :  0.004 0.013 0.002 0.004 0.976 
429    M2AY8    (5)    6 :  0.018 0.011 0.098 0.026 0.846 
430    M2C3A   (10)    6 :  0.012 0.967 0.002 0.005 0.015 
431    M2C3F   (10)    6 :  0.039 0.007 0.002 0.004 0.948 
432   HRV0ME    (0)    6 :  0.004 0.987 0.003 0.003 0.003 
433    M2CHJ    (5)    6 :  0.009 0.357 0.005 0.008 0.622 
434    M2CHM    (5)    6 :  0.005 0.035 0.019 0.027 0.913 
435    M2CHY   (10)    6 :  0.011 0.019 0.003 0.003 0.964 
436    W23E8    (0)    6 :  0.006 0.984 0.002 0.003 0.005 
437    W23EM    (0)    6 :  0.003 0.976 0.003 0.003 0.014 
438    W23EX    (0)    6 :  0.003 0.969 0.002 0.003 0.023 
439    W23F0    (0)    6 :  0.002 0.988 0.002 0.002 0.006 
440    W26L5    (0)    6 :  0.051 0.008 0.008 0.005 0.928 
441    W26LM    (0)    6 :  0.002 0.006 0.038 0.349 0.605 
442    W26MJ    (0)    6 :  0.006 0.012 0.024 0.004 0.955 
443    W26ML    (0)    6 :  0.003 0.566 0.002 0.013 0.417 
444    W26MT    (0)    6 :  0.002 0.019 0.002 0.005 0.973 
445    W26PE    (5)    6 :  0.006 0.017 0.009 0.750 0.219 
446    W26PJ    (0)    6 :  0.009 0.005 0.007 0.814 0.165 
447    W26PT    (0)    6 :  0.011 0.018 0.002 0.023 0.946 
448    W26PX   (10)    6 :  0.009 0.011 0.013 0.150 0.817 
449    W26T0    (5)    6 :  0.019 0.020 0.004 0.008 0.950 
450    W26TC    (0)    6 :  0.003 0.015 0.001 0.004 0.977 
451    W26TJ    (5)    6 :  0.011 0.008 0.006 0.959 0.017 
452    W26UE    (5)    6 :  0.009 0.045 0.003 0.008 0.935 
453    W26UF    (0)    6 :  0.007 0.019 0.002 0.004 0.968 
454    W26UL    (0)    6 :  0.007 0.249 0.033 0.005 0.706 
455    W26X2    (0)    6 :  0.004 0.109 0.003 0.007 0.877 
456    W2716    (0)    6 :  0.003 0.011 0.006 0.298 0.681 
457   HRV1C6    (0)    6 :  0.014 0.830 0.002 0.033 0.121 
458   HRV1CX    (0)    6 :  0.008 0.010 0.004 0.006 0.973 
459   HRV1E2    (0)    6 :  0.003 0.014 0.002 0.003 0.979 
460   HRV1E4    (0)    6 :  0.004 0.953 0.002 0.016 0.026 
461   HRV1E5    (0)    6 :  0.002 0.031 0.002 0.004 0.960 
462   HRV1EC    (0)    6 :  0.004 0.046 0.002 0.004 0.944 
463   HRV1EK    (0)    6 :  0.004 0.984 0.004 0.003 0.005 
464   HRV001    (0)    6 :  0.003 0.970 0.002 0.004 0.020 
465   HRV00H    (0)    6 :  0.002 0.958 0.003 0.013 0.024 
466   HRV00K    (0)    6 :  0.002 0.987 0.002 0.004 0.005 
467   HRV01X    (0)    6 :  0.006 0.987 0.002 0.002 0.003 
468   HRV025    (0)    6 :  0.004 0.984 0.003 0.003 0.005 
469   HRV028    (0)    6 :  0.006 0.987 0.002 0.002 0.003 
470   HRV041    (0)    6 :  0.003 0.984 0.002 0.003 0.008 
471   HRV04F    (0)    6 :  0.002 0.990 0.002 0.002 0.003 
472   HRV04L    (0)    6 :  0.003 0.989 0.002 0.003 0.004 
473   HRV055    (0)    6 :  0.003 0.984 0.002 0.003 0.010 
474   HRV05J    (0)    6 :  0.046 0.048 0.002 0.021 0.883 
475   HRV07J    (0)    6 :  0.005 0.970 0.002 0.016 0.008 
476   HRV07K    (0)    6 :  0.021 0.016 0.004 0.003 0.956 
477   HRV07L    (0)    6 :  0.003 0.004 0.005 0.004 0.984 
478   HRV07M    (0)    6 :  0.004 0.943 0.002 0.003 0.048 
479   HRV0HM    (0)    6 :  0.004 0.979 0.005 0.009 0.003 
480   HRV0J2    (0)    6 :  0.004 0.974 0.002 0.004 0.016 
481   HRV0K3    (0)    6 :  0.003 0.987 0.002 0.005 0.003 
482   HRV0KE    (0)    6 :  0.003 0.979 0.002 0.008 0.008 
483   HRV0KF    (0)    6 :  0.006 0.251 0.004 0.038 0.700 
484   HRV0KU    (0)    6 :  0.011 0.028 0.005 0.009 0.947 
485   HRV0L6    (0)    6 :  0.003 0.012 0.002 0.004 0.980 
486   HRV0M2    (0)    6 :  0.006 0.015 0.003 0.004 0.971 
487   HRV0MF    (0)    6 :  0.003 0.991 0.002 0.002 0.002 
488   HRV0MJ    (0)    6 :  0.069 0.007 0.006 0.007 0.912 
489   HRV1AT    (0)    6 :  0.002 0.981 0.003 0.004 0.011 
490   HRV1C1    (0)    6 :  0.002 0.013 0.002 0.003 0.980 
491   HRV1CL    (0)    6 :  0.005 0.014 0.003 0.013 0.964 
492   HRV1E1    (0)    6 :  0.003 0.425 0.004 0.010 0.557 
493   HRV1E7    (0)    6 :  0.005 0.048 0.002 0.006 0.939 
494   HRV1EE    (0)    6 :  0.003 0.010 0.002 0.021 0.963 
495   HRV1ET    (0)    6 :  0.002 0.989 0.002 0.003 0.004 
496      148    (5)    7 :  0.004 0.065 0.025 0.262 0.644 
497      149    (0)    7 :  0.004 0.008 0.003 0.743 0.241 
498      213    (0)    7 :  0.017 0.019 0.005 0.685 0.274 
499      215    (0)    7 :  0.009 0.010 0.003 0.884 0.095 
500      218    (0)    7 :  0.007 0.010 0.003 0.049 0.930 
501      219    (0)    7 :  0.005 0.004 0.086 0.261 0.644 
502      222    (0)    7 :  0.009 0.023 0.005 0.484 0.479 
503      224    (0)    7 :  0.064 0.018 0.021 0.088 0.808 
504      225    (0)    7 :  0.016 0.048 0.003 0.807 0.126 
505      229    (0)    7 :  0.002 0.880 0.003 0.003 0.112 
506      231    (0)    7 :  0.004 0.009 0.006 0.033 0.948 
507   HRV1CP    (0)    7 :  0.011 0.079 0.004 0.310 0.596 
508      239    (0)    7 :  0.013 0.036 0.004 0.009 0.938 
509      240    (0)    7 :  0.005 0.029 0.004 0.748 0.215 
510      243    (0)    7 :  0.066 0.033 0.006 0.610 0.286 
511      248    (0)    7 :  0.004 0.652 0.001 0.003 0.340 
512      250    (0)    7 :  0.003 0.157 0.002 0.420 0.418 
513      251    (0)    7 :  0.003 0.058 0.023 0.334 0.583 
514      256    (0)    7 :  0.002 0.015 0.002 0.008 0.973 
515      260    (0)    7 :  0.002 0.044 0.009 0.160 0.785 
516      261    (0)    7 :  0.085 0.375 0.009 0.012 0.519 
517      263    (0)    7 :  0.004 0.214 0.005 0.312 0.465 
518      284    (0)    7 :  0.015 0.020 0.004 0.850 0.111 
519      285    (0)    7 :  0.033 0.023 0.004 0.861 0.079 
520      286    (0)    7 :  0.002 0.011 0.034 0.006 0.946 
521      289    (0)    7 :  0.007 0.318 0.004 0.425 0.246 
522      291    (0)    7 :  0.018 0.144 0.003 0.644 0.192 
523      292    (0)    7 :  0.004 0.004 0.004 0.971 0.017 
524      293    (0)    7 :  0.014 0.018 0.005 0.373 0.590 
525   BF0001    (0)    7 :  0.002 0.035 0.011 0.320 0.631 
526   BF0002    (0)    7 :  0.016 0.005 0.028 0.008 0.943 
527    M2AY6   (10)    7 :  0.004 0.124 0.003 0.005 0.864 
528  Slov472    (5)    7 :  0.029 0.472 0.013 0.420 0.066 
529   BF0026    (0)    7 :  0.002 0.004 0.005 0.985 0.004 
530   BF0028    (0)    7 :  0.002 0.007 0.004 0.930 0.058 
531  CK.0PP5    (0)    7 :  0.015 0.006 0.005 0.921 0.052 
532  CK.0PP8    (0)    7 :  0.004 0.015 0.004 0.921 0.056 
533  CK.0PPC    (0)    7 :  0.005 0.004 0.007 0.956 0.028 
534  Slov166    (0)    7 :  0.002 0.006 0.002 0.910 0.080 
535  Slov189    (0)    7 :  0.008 0.014 0.008 0.886 0.085 
536  Slov196    (0)    7 :  0.003 0.007 0.006 0.777 0.208 
537  Slov204    (0)    7 :  0.004 0.008 0.002 0.972 0.015 
538   Slov24    (5)    7 :  0.004 0.138 0.006 0.644 0.209 
539   Slov26    (0)    7 :  0.013 0.002 0.003 0.975 0.006 
540   Slov33    (0)    7 :  0.003 0.018 0.002 0.638 0.339 
541  Slov447    (0)    7 :  0.004 0.036 0.003 0.798 0.160 
542  Slov449    (0)    7 :  0.007 0.109 0.016 0.574 0.293 
543  Slov492    (0)    7 :  0.003 0.004 0.002 0.930 0.061 
544   Slov56    (5)    7 :  0.014 0.071 0.003 0.883 0.029 
545    Slov7    (0)    7 :  0.008 0.009 0.010 0.886 0.088 
546   Slov70    (0)    7 :  0.017 0.007 0.003 0.968 0.005 
547   Slov75    (0)    7 :  0.003 0.003 0.002 0.985 0.007 
548   Slov78    (0)    7 :  0.005 0.010 0.003 0.972 0.010 
549   Slov85    (0)    7 :  0.007 0.032 0.002 0.007 0.952 
550   BF0003    (0)    7 :  0.040 0.009 0.002 0.091 0.857 
551   BF0004    (5)    7 :  0.009 0.090 0.005 0.550 0.347 
552   BF0005    (5)    7 :  0.002 0.007 0.003 0.981 0.006 
553   BF0006    (0)    7 :  0.003 0.036 0.003 0.905 0.052 
554   BF0007    (0)    7 :  0.007 0.006 0.002 0.966 0.019 
555   BF0008    (0)    7 :  0.003 0.047 0.005 0.929 0.016 
556   BF000A    (0)    7 :  0.004 0.017 0.002 0.908 0.070 
557   BF000C    (0)    7 :  0.006 0.545 0.010 0.279 0.160 
558   BF000E    (0)    7 :  0.006 0.012 0.007 0.919 0.055 
559   BF000F    (0)    7 :  0.003 0.136 0.004 0.563 0.295 
560   BF000H    (0)    7 :  0.004 0.069 0.002 0.648 0.277 
561   BF000J    (0)    7 :  0.010 0.100 0.002 0.835 0.052 
562   BF000K    (0)    7 :  0.004 0.025 0.002 0.780 0.190 
563   BF000L    (0)    7 :  0.003 0.046 0.004 0.477 0.469 
564   BF000M    (0)    8 :  0.009 0.436 0.004 0.533 0.019 
565   BF000P    (0)    8 :  0.009 0.088 0.003 0.865 0.034 
566   BF000T    (0)    8 :  0.004 0.011 0.018 0.232 0.734 
567   BF000U    (0)    8 :  0.008 0.019 0.006 0.908 0.059 
568   BF000X    (0)    8 :  0.005 0.042 0.003 0.935 0.014 
569   BF0010    (0)    8 :  0.003 0.007 0.002 0.970 0.018 
570   BF0011    (0)    8 :  0.007 0.069 0.003 0.891 0.030 
571   BF0012    (0)    8 :  0.003 0.011 0.012 0.948 0.026 
572   BF0013    (0)    8 :  0.009 0.011 0.004 0.949 0.028 
573   BF0014    (0)    8 :  0.012 0.109 0.004 0.839 0.036 
574   BF0015    (0)    8 :  0.003 0.009 0.002 0.973 0.012 
575   BF0016    (0)    8 :  0.007 0.012 0.006 0.966 0.009 
576   BF0017    (0)    8 :  0.002 0.004 0.003 0.695 0.296 
577   BF0018    (0)    8 :  0.014 0.023 0.003 0.867 0.094 
578   BF001A    (0)    8 :  0.003 0.007 0.006 0.978 0.007 
579   BF001C    (0)    8 :  0.003 0.013 0.002 0.964 0.018 
580   BF001E    (0)    8 :  0.004 0.006 0.002 0.984 0.004 
581   BF001F    (0)    8 :  0.007 0.014 0.007 0.879 0.093 
582   BF001H    (0)    8 :  0.003 0.005 0.003 0.961 0.028 
583   BF001J    (0)    8 :  0.005 0.004 0.002 0.980 0.009 
584   BF001K    (0)    8 :  0.005 0.030 0.003 0.952 0.009 
585   BF001L    (0)    8 :  0.011 0.004 0.003 0.978 0.005 
586   BF001M    (0)    8 :  0.021 0.005 0.002 0.964 0.008 
587   BF001P    (0)    8 :  0.040 0.005 0.002 0.945 0.009 
588   BF001T    (0)    8 :  0.005 0.004 0.002 0.981 0.009 
589   BF001U    (0)    8 :  0.003 0.008 0.008 0.971 0.010 
590   BF001X    (0)    8 :  0.002 0.006 0.004 0.902 0.086 
591   BF0020    (0)    8 :  0.006 0.012 0.008 0.960 0.014 
592   BF0022    (0)    8 :  0.003 0.002 0.036 0.955 0.005 
593   BF0023    (0)    8 :  0.016 0.009 0.004 0.965 0.005 
594   BF0025    (0)    8 :  0.011 0.010 0.004 0.953 0.021 
595  CX.10JP    (0)    9 :  0.005 0.005 0.004 0.975 0.011 
596  CX.10JX    (0)    9 :  0.003 0.011 0.005 0.978 0.003 
597  CX.10K0    (0)    9 :  0.008 0.009 0.003 0.974 0.005 
598  CX.10K5    (0)    9 :  0.007 0.022 0.002 0.957 0.012 
599  CX.10K6    (0)    9 :  0.004 0.004 0.002 0.985 0.004 
600  CX.10K7    (0)    9 :  0.005 0.007 0.011 0.967 0.011 
601  CX.10KA    (0)    9 :  0.002 0.006 0.012 0.977 0.004 
602  CX.10KC    (0)    9 :  0.003 0.005 0.037 0.950 0.005 
603  CX.10KH    (0)    9 :  0.004 0.007 0.017 0.963 0.010 
604  CX.10KL    (0)    9 :  0.030 0.002 0.003 0.959 0.005 
605  CX.10KM    (0)    9 :  0.002 0.002 0.003 0.988 0.004 
606  CX.10KT    (0)    9 :  0.003 0.004 0.003 0.988 0.003 
607  CX.10KU    (0)    9 :  0.003 0.013 0.002 0.970 0.012 
608  CX.10KX    (0)    9 :  0.004 0.007 0.004 0.979 0.007 
609  CX.10L0    (0)    9 :  0.003 0.009 0.008 0.724 0.256 
610  CX.10L6   (10)    9 :  0.004 0.006 0.004 0.979 0.007 
611  CX.10L7    (0)    9 :  0.004 0.009 0.004 0.978 0.005 
612  CX.10L8    (0)    9 :  0.017 0.025 0.019 0.906 0.033 
613  CX.10LA    (0)    9 :  0.009 0.010 0.003 0.954 0.024 
614  CX.10LE    (0)    9 :  0.004 0.006 0.003 0.983 0.003 
615  CX.10LH    (5)    9 :  0.003 0.006 0.004 0.985 0.003 
616  CX.10LK    (0)    9 :  0.011 0.011 0.003 0.966 0.008 
617  CX.10LL    (0)    9 :  0.002 0.007 0.003 0.985 0.004 
618  CX.10LP    (0)    9 :  0.009 0.008 0.027 0.950 0.006 
619  CX.10LT    (0)    9 :  0.003 0.002 0.009 0.978 0.007 
620  CX.10LU    (0)    9 :  0.006 0.006 0.003 0.978 0.007 
621  CX.10M1    (0)    9 :  0.002 0.003 0.004 0.988 0.003 
622  CX.10M2    (5)    9 :  0.002 0.003 0.002 0.988 0.005 
623  CX.10M3    (0)    9 :  0.005 0.010 0.007 0.966 0.012 
624  CX.10M5    (0)    9 :  0.005 0.010 0.004 0.969 0.012 
625  CX.10M6    (0)    9 :  0.002 0.006 0.003 0.980 0.009 
626  CX.10M7    (0)    9 :  0.016 0.023 0.007 0.931 0.023 
627  CX.10M8    (0)    9 :  0.003 0.004 0.003 0.969 0.021 
628  CX.10P3    (0)    9 :  0.021 0.012 0.002 0.914 0.051 
629  CX.10P7    (0)    9 :  0.005 0.004 0.003 0.926 0.062 
630  CX.10PC    (0)    9 :  0.005 0.011 0.002 0.973 0.009 
631  CX.10PE    (0)    9 :  0.002 0.003 0.002 0.987 0.006 
632  CX.10PU    (5)    9 :  0.010 0.007 0.003 0.968 0.012 
633  CX.10PX    (0)    9 :  0.003 0.008 0.003 0.981 0.006 
634  CX.10T0    (0)    9 :  0.003 0.004 0.007 0.976 0.010 
635  CX.10T2    (0)    9 :  0.004 0.007 0.002 0.981 0.007 
636  CX.10JT    (5)    9 :  0.005 0.005 0.059 0.917 0.014 
637  CX.10JY    (5)    9 :  0.006 0.003 0.002 0.983 0.006 
638  CX.10K4   (10)    9 :  0.004 0.007 0.004 0.981 0.004 
639  CX.10KE    (5)    9 :  0.003 0.003 0.003 0.989 0.003 
640  CX.10KY    (5)    9 :  0.002 0.003 0.002 0.989 0.003 
641  CX.10L2    (5)    9 :  0.006 0.004 0.005 0.977 0.009 
642  CX.10L3    (5)    9 :  0.003 0.032 0.005 0.947 0.013 
643  CX.10LF    (5)    9 :  0.006 0.004 0.003 0.981 0.007 
644  CX.10LM   (10)    9 :  0.004 0.062 0.003 0.886 0.044 
645  CX.10LY    (5)    9 :  0.007 0.048 0.007 0.923 0.015 
646  CX.10M0    (5)    9 :  0.003 0.004 0.003 0.981 0.009 
647  CX.10MA    (5)    9 :  0.020 0.104 0.004 0.850 0.022 
648  CK.0PLA    (5)   10 :  0.981 0.006 0.004 0.004 0.005 
649  CK.0PLC    (0)   10 :  0.926 0.019 0.009 0.023 0.024 
650  CK.0PLE    (0)   10 :  0.988 0.003 0.002 0.004 0.003 
651  CK.0PLF    (0)   10 :  0.769 0.194 0.014 0.020 0.004 
652  CK.0PLH    (0)   10 :  0.985 0.006 0.003 0.003 0.004 
653  CK.0PLJ    (0)   10 :  0.953 0.007 0.004 0.028 0.008 
654  CK.0PLK    (0)   10 :  0.990 0.003 0.002 0.002 0.003 
655  CK.0PLL    (0)   10 :  0.984 0.003 0.005 0.004 0.004 
656  CK.0PLM    (0)   10 :  0.977 0.003 0.009 0.007 0.003 
657  CK.0PLP    (0)   10 :  0.973 0.007 0.004 0.007 0.009 
658  CK.0PLT    (0)   10 :  0.993 0.002 0.001 0.002 0.002 
659  CK.0PLU    (0)   10 :  0.990 0.003 0.002 0.002 0.003 
660  CK.0PLX    (0)   10 :  0.961 0.008 0.009 0.010 0.012 
661  CK.0PLY    (5)   10 :  0.992 0.002 0.001 0.002 0.002 
662  CK.0PM0    (0)   10 :  0.972 0.002 0.006 0.003 0.016 
663  CK.0PM1    (0)   10 :  0.992 0.002 0.002 0.002 0.002 
664  CK.0PM2    (0)   10 :  0.976 0.005 0.004 0.008 0.007 
665  CK.0PM3    (0)   10 :  0.987 0.003 0.004 0.003 0.004 
666  CK.0PM4    (0)   10 :  0.973 0.003 0.009 0.011 0.004 
667  CK.0PM7    (0)   10 :  0.991 0.002 0.002 0.002 0.002 
668  CK.0PM8    (0)   10 :  0.991 0.002 0.002 0.003 0.002 
669  CK.0PMA    (0)   10 :  0.984 0.003 0.004 0.006 0.004 
670    M2C06    (0)   10 :  0.991 0.002 0.002 0.002 0.002 
671    M2C07    (0)   10 :  0.994 0.002 0.001 0.002 0.002 
672    M2C08    (0)   10 :  0.994 0.002 0.001 0.001 0.002 
673    M2C0A    (0)   10 :  0.990 0.002 0.002 0.003 0.003 
674    M2C0C    (0)   10 :  0.990 0.003 0.003 0.002 0.002 
675    M2C0E    (0)   10 :  0.992 0.002 0.002 0.002 0.002 
676  EF.15EU    (5)   11 :  0.004 0.003 0.004 0.985 0.003 
677  EF.15EE    (0)   11 :  0.002 0.002 0.008 0.983 0.004 
678  EF.15EF    (0)   11 :  0.004 0.004 0.003 0.986 0.003 
679  EF.15EH    (0)   11 :  0.002 0.003 0.003 0.989 0.003 
680  EF.15EJ    (5)   11 :  0.002 0.003 0.003 0.988 0.004 
681  EF.15EK    (0)   11 :  0.004 0.003 0.009 0.980 0.004 
682  EF.15EL    (0)   11 :  0.004 0.005 0.052 0.934 0.006 
683  EF.15EM    (0)   11 :  0.002 0.004 0.005 0.984 0.006 
684  EF.15EP    (0)   11 :  0.005 0.004 0.011 0.977 0.004 
685  EF.15ET    (0)   11 :  0.005 0.002 0.196 0.792 0.004 
686  EF.15EX    (0)   11 :  0.002 0.003 0.003 0.989 0.003 
687  EF.15F0    (0)   11 :  0.002 0.002 0.018 0.975 0.002 
688  EF.15F1    (5)   11 :  0.002 0.004 0.012 0.975 0.006 
689  EF.15F2    (0)   11 :  0.005 0.005 0.008 0.978 0.003 
690  EF.15F3    (0)   11 :  0.002 0.004 0.004 0.986 0.004 
691  EF.15F4    (0)   11 :  0.002 0.003 0.003 0.989 0.002 
692  EF.15F5    (0)   11 :  0.003 0.003 0.031 0.960 0.003 
693  EF.15F6    (0)   11 :  0.008 0.002 0.003 0.985 0.002 
694  EF.15FC    (0)   11 :  0.007 0.006 0.005 0.973 0.008 
695  EF.15FE    (0)   11 :  0.003 0.005 0.032 0.958 0.003 
696  EF.15FF    (0)   11 :  0.002 0.005 0.004 0.985 0.005 
697  EF.15FH    (0)   11 :  0.003 0.004 0.002 0.987 0.004 
698  EF.15FJ    (0)   11 :  0.004 0.005 0.004 0.982 0.005 
699  EF.15FK    (0)   11 :  0.005 0.003 0.036 0.953 0.003 
700  EF.15FL    (0)   11 :  0.003 0.003 0.003 0.988 0.004 
701  EF.15FM    (0)   11 :  0.003 0.003 0.004 0.987 0.003 
702  EF.15FP    (0)   11 :  0.003 0.003 0.004 0.986 0.004 
703   CC00K0    (0)   12 :  0.002 0.004 0.002 0.988 0.004 
704   CC01AY    (0)   12 :  0.006 0.005 0.003 0.982 0.005 
705   CC01EE    (0)   12 :  0.006 0.010 0.004 0.972 0.009 
706   CC03KH    (0)   12 :  0.002 0.006 0.003 0.984 0.004 
707   CC04FK    (0)   12 :  0.005 0.008 0.009 0.952 0.025 
708   CC04H8    (0)   12 :  0.039 0.008 0.005 0.930 0.018 
709   CC05EL    (0)   12 :  0.007 0.003 0.005 0.965 0.019 
710   CC05EM    (0)   12 :  0.003 0.006 0.002 0.986 0.004 
711   CC05EX    (0)   12 :  0.003 0.005 0.002 0.985 0.005 
712   CC05H2    (0)   12 :  0.018 0.011 0.002 0.962 0.007 
713   CC05HP    (0)   12 :  0.005 0.017 0.002 0.959 0.016 
714   CC05X0    (0)   12 :  0.002 0.004 0.004 0.986 0.005 
715   CC05X7    (0)   12 :  0.006 0.008 0.003 0.977 0.005 
716   CC0637    (0)   12 :  0.008 0.009 0.002 0.975 0.006 
717   CC0640    (0)   12 :  0.004 0.007 0.003 0.978 0.007 
718   FCC01M    (0)   12 :  0.013 0.007 0.002 0.973 0.004 
719   FCC2JC    (0)   12 :  0.004 0.007 0.045 0.939 0.006 
720   CC00JM    (0)   12 :  0.010 0.011 0.020 0.951 0.009 
721   CC00T6    (0)   12 :  0.081 0.017 0.007 0.832 0.064 
722   CC00T7    (0)   12 :  0.003 0.020 0.003 0.961 0.013 
723   CC00TC    (0)   12 :  0.073 0.005 0.006 0.912 0.003 
724   CC01CJ    (0)   12 :  0.100 0.036 0.009 0.848 0.007 
725   CC01CY    (5)   12 :  0.022 0.010 0.003 0.957 0.007 
726   CC01EC    (0)   12 :  0.003 0.005 0.004 0.983 0.005 
727   CC01EH    (0)   12 :  0.023 0.004 0.009 0.959 0.005 
728   CC01F2    (0)   12 :  0.005 0.016 0.005 0.953 0.022 
729   CC01FL    (0)   12 :  0.116 0.008 0.003 0.867 0.006 
730   CC025E    (0)   12 :  0.006 0.005 0.007 0.977 0.005 
731   CC03E3    (0)   12 :  0.216 0.004 0.002 0.773 0.004 
732   CC04AU    (0)   12 :  0.002 0.007 0.002 0.984 0.004 
733   CC04EK    (5)   12 :  0.004 0.011 0.003 0.977 0.005 
734   CC05FX    (0)   12 :  0.007 0.007 0.002 0.979 0.005 
735   CC05H7    (0)   12 :  0.012 0.007 0.005 0.967 0.009 
736   CC05M5    (0)   12 :  0.002 0.005 0.003 0.985 0.005 
737   CC05YK    (0)   12 :  0.154 0.004 0.005 0.831 0.006 
738   CC0630    (0)   12 :  0.004 0.017 0.004 0.968 0.008 
739   CC066E    (5)   12 :  0.005 0.008 0.005 0.971 0.011 
740   CC01ET    (5)   12 :  0.046 0.006 0.007 0.935 0.006 
741   CC01F1    (5)   12 :  0.009 0.009 0.006 0.968 0.007 
742   CC063M    (5)   12 :  0.010 0.006 0.010 0.966 0.008 


Estimated Allele Frequencies in each cluster
First column gives estimated ancestral frequencies


Locus 1 : Cl147 
25 alleles
0.0% missing data
  45   (0.036) 0.001 0.001 0.164 0.001 0.028 
  69   (0.126) 0.198 0.258 0.097 0.098 0.303 
  73   (0.136) 0.077 0.061 0.173 0.139 0.167 
  77   (0.070) 0.095 0.001 0.107 0.063 0.011 
  56   (0.030) 0.001 0.001 0.051 0.001 0.069 
  65   (0.078) 0.481 0.208 0.023 0.052 0.133 
  41   (0.034) 0.031 0.000 0.139 0.001 0.002 
  52   (0.055) 0.003 0.003 0.101 0.012 0.035 
  48   (0.050) 0.014 0.008 0.022 0.110 0.002 
  81   (0.033) 0.050 0.000 0.011 0.046 0.000 
  49   (0.016) 0.001 0.000 0.036 0.000 0.000 
  60   (0.032) 0.001 0.000 0.026 0.005 0.013 
  84   (0.020) 0.001 0.000 0.006 0.007 0.001 
  89   (0.020) 0.001 0.000 0.011 0.005 0.000 
  61   (0.041) 0.002 0.005 0.008 0.074 0.014 
  44   (0.030) 0.001 0.374 0.003 0.004 0.124 
  85   (0.023) 0.001 0.000 0.005 0.028 0.003 
  72   (0.022) 0.001 0.000 0.002 0.030 0.005 
  68   (0.043) 0.002 0.079 0.004 0.101 0.086 
  80   (0.019) 0.001 0.000 0.002 0.075 0.001 
 801   (0.017) 0.001 0.000 0.002 0.051 0.001 
  40   (0.025) 0.034 0.000 0.002 0.020 0.002 
  64   (0.015) 0.001 0.000 0.001 0.029 0.000 
  76   (0.016) 0.001 0.000 0.001 0.044 0.000 
  88   (0.012) 0.000 0.000 0.001 0.003 0.000 

Locus 2 : Cl233 
34 alleles
0.0% missing data
  63   (0.157) 0.229 0.150 0.185 0.191 0.150 
  85   (0.028) 0.001 0.000 0.055 0.001 0.022 
  73   (0.016) 0.001 0.000 0.036 0.000 0.000 
  79   (0.016) 0.001 0.000 0.041 0.000 0.000 
  71   (0.084) 0.004 0.038 0.126 0.073 0.039 
  77   (0.015) 0.001 0.000 0.028 0.000 0.000 
  75   (0.034) 0.001 0.000 0.065 0.003 0.015 
  67   (0.108) 0.005 0.198 0.105 0.168 0.178 
  55   (0.114) 0.486 0.473 0.036 0.225 0.312 
  59   (0.083) 0.004 0.138 0.042 0.115 0.262 
  81   (0.018) 0.001 0.000 0.085 0.001 0.000 
  83   (0.015) 0.001 0.000 0.028 0.000 0.000 
  93   (0.013) 0.000 0.000 0.010 0.000 0.000 
 101   (0.012) 0.000 0.000 0.005 0.000 0.000 
  69   (0.013) 0.000 0.000 0.010 0.000 0.000 
  51   (0.045) 0.003 0.000 0.027 0.166 0.007 
 100   (0.013) 0.000 0.000 0.014 0.000 0.000 
  92   (0.012) 0.000 0.000 0.005 0.000 0.000 
1121   (0.011) 0.000 0.000 0.005 0.000 0.000 
1001   (0.012) 0.000 0.000 0.005 0.000 0.000 
  89   (0.014) 0.000 0.000 0.019 0.000 0.000 
 711   (0.011) 0.000 0.000 0.005 0.000 0.000 
 116   (0.012) 0.000 0.000 0.005 0.000 0.000 
  80   (0.012) 0.000 0.000 0.005 0.000 0.000 
  43   (0.012) 0.000 0.000 0.005 0.000 0.000 
  84   (0.012) 0.000 0.000 0.005 0.000 0.000 
  88   (0.014) 0.000 0.000 0.014 0.000 0.000 
 104   (0.013) 0.000 0.000 0.010 0.000 0.000 
  97   (0.012) 0.000 0.000 0.005 0.000 0.000 
 791   (0.011) 0.000 0.000 0.005 0.000 0.000 
  35   (0.025) 0.001 0.000 0.002 0.048 0.010 
  74   (0.012) 0.129 0.000 0.001 0.000 0.000 
  78   (0.012) 0.043 0.000 0.001 0.000 0.000 
  70   (0.012) 0.086 0.000 0.001 0.000 0.000 

Locus 3 : Cl264 
30 alleles
0.5% missing data
  65   (0.116) 0.255 0.062 0.097 0.262 0.165 
 651   (0.080) 0.027 0.033 0.185 0.022 0.059 
 691   (0.062) 0.003 0.021 0.146 0.013 0.082 
  57   (0.039) 0.015 0.070 0.007 0.086 0.006 
  61   (0.055) 0.003 0.235 0.011 0.180 0.169 
 731   (0.026) 0.001 0.000 0.104 0.002 0.002 
 811   (0.014) 0.000 0.000 0.027 0.000 0.000 
 611   (0.055) 0.003 0.042 0.040 0.032 0.071 
  69   (0.119) 0.161 0.327 0.121 0.164 0.165 
  77   (0.038) 0.209 0.025 0.020 0.002 0.007 
  49   (0.015) 0.001 0.000 0.049 0.000 0.000 
  45   (0.011) 0.000 0.000 0.005 0.000 0.000 
 491   (0.017) 0.001 0.000 0.006 0.001 0.010 
 571   (0.022) 0.001 0.000 0.010 0.030 0.000 
 771   (0.015) 0.001 0.000 0.049 0.000 0.000 
  89   (0.013) 0.000 0.000 0.023 0.000 0.000 
 652   (0.016) 0.015 0.000 0.006 0.001 0.000 
  53   (0.052) 0.002 0.084 0.018 0.060 0.143 
  73   (0.065) 0.194 0.083 0.031 0.046 0.032 
  80   (0.011) 0.000 0.000 0.010 0.000 0.000 
 531   (0.028) 0.001 0.000 0.006 0.025 0.037 
 693   (0.011) 0.000 0.000 0.005 0.000 0.000 
  93   (0.011) 0.000 0.000 0.005 0.000 0.000 
  85   (0.012) 0.000 0.000 0.010 0.000 0.000 
  37   (0.031) 0.001 0.004 0.003 0.064 0.049 
 732   (0.011) 0.002 0.002 0.001 0.000 0.000 
  81   (0.015) 0.088 0.000 0.001 0.001 0.001 
 612   (0.011) 0.001 0.002 0.001 0.000 0.000 
 692   (0.018) 0.001 0.005 0.002 0.005 0.000 
 812   (0.011) 0.014 0.000 0.001 0.000 0.000 

Locus 4 : Cl274 
8 alleles
0.0% missing data
  61   (0.432) 0.436 0.348 0.491 0.507 0.363 
  57   (0.252) 0.470 0.483 0.161 0.234 0.499 
  65   (0.125) 0.019 0.021 0.153 0.084 0.042 
  53   (0.073) 0.068 0.001 0.058 0.104 0.004 
  69   (0.028) 0.001 0.000 0.072 0.003 0.000 
  73   (0.017) 0.001 0.000 0.027 0.001 0.000 
  49   (0.046) 0.002 0.000 0.035 0.065 0.002 
  45   (0.027) 0.003 0.146 0.003 0.001 0.089 

Locus 5 : Cl285 
40 alleles
0.4% missing data
  75   (0.088) 0.098 0.174 0.117 0.081 0.220 
  71   (0.101) 0.193 0.268 0.183 0.106 0.178 
 631   (0.018) 0.001 0.000 0.046 0.002 0.000 
  67   (0.109) 0.540 0.358 0.119 0.231 0.228 
  63   (0.060) 0.031 0.035 0.091 0.161 0.002 
  79   (0.052) 0.002 0.004 0.080 0.059 0.073 
 792   (0.017) 0.001 0.000 0.047 0.001 0.002 
 671   (0.049) 0.002 0.055 0.054 0.027 0.048 
 831   (0.033) 0.007 0.000 0.038 0.008 0.056 
 752   (0.023) 0.001 0.000 0.059 0.001 0.036 
  55   (0.024) 0.062 0.000 0.006 0.031 0.000 
1401   (0.016) 0.001 0.000 0.006 0.008 0.000 
  59   (0.041) 0.047 0.036 0.020 0.069 0.001 
 712   (0.017) 0.001 0.000 0.033 0.002 0.000 
 833   (0.012) 0.000 0.000 0.018 0.000 0.000 
1322   (0.010) 0.000 0.000 0.005 0.000 0.000 
 136   (0.024) 0.001 0.000 0.016 0.005 0.005 
 164   (0.010) 0.000 0.000 0.005 0.000 0.000 
 872   (0.010) 0.000 0.000 0.005 0.000 0.000 
1282   (0.010) 0.000 0.000 0.005 0.000 0.000 
 148   (0.010) 0.000 0.000 0.005 0.000 0.000 
 144   (0.015) 0.001 0.000 0.006 0.003 0.000 
 119   (0.010) 0.000 0.000 0.005 0.000 0.000 
1402   (0.010) 0.000 0.000 0.005 0.000 0.000 
1281   (0.010) 0.000 0.000 0.001 0.000 0.012 
1361   (0.020) 0.001 0.000 0.002 0.022 0.025 
 124   (0.010) 0.000 0.000 0.001 0.000 0.002 
 751   (0.025) 0.001 0.010 0.002 0.011 0.055 
 132   (0.019) 0.001 0.022 0.002 0.002 0.031 
1321   (0.013) 0.001 0.024 0.001 0.000 0.002 
 791   (0.027) 0.001 0.011 0.003 0.047 0.014 
  87   (0.014) 0.001 0.000 0.001 0.002 0.003 
 832   (0.014) 0.001 0.000 0.001 0.076 0.000 
1441   (0.011) 0.000 0.000 0.003 0.002 0.002 
 140   (0.010) 0.000 0.000 0.001 0.002 0.000 
 711   (0.011) 0.001 0.000 0.001 0.005 0.000 
1363   (0.011) 0.001 0.000 0.001 0.005 0.001 
  91   (0.011) 0.000 0.000 0.001 0.008 0.000 
 871   (0.011) 0.000 0.000 0.001 0.008 0.000 
1362   (0.011) 0.000 0.000 0.001 0.013 0.000 

Locus 6 : Cl291 
24 alleles
0.5% missing data
 641   (0.044) 0.002 0.000 0.067 0.007 0.020 
  72   (0.139) 0.255 0.120 0.098 0.109 0.264 
 682   (0.017) 0.001 0.000 0.036 0.001 0.000 
 801   (0.017) 0.001 0.000 0.045 0.001 0.000 
 681   (0.039) 0.001 0.000 0.201 0.001 0.019 
  76   (0.125) 0.183 0.110 0.124 0.097 0.040 
 722   (0.027) 0.001 0.000 0.132 0.001 0.003 
 601   (0.014) 0.000 0.000 0.010 0.000 0.000 
  80   (0.072) 0.015 0.001 0.056 0.128 0.029 
 761   (0.051) 0.002 0.042 0.013 0.022 0.071 
 762   (0.028) 0.043 0.000 0.059 0.001 0.000 
 721   (0.072) 0.003 0.130 0.050 0.026 0.089 
  84   (0.031) 0.002 0.000 0.038 0.012 0.000 
  64   (0.072) 0.003 0.337 0.014 0.107 0.346 
  68   (0.087) 0.244 0.255 0.013 0.260 0.078 
 843   (0.012) 0.000 0.000 0.005 0.000 0.000 
 881   (0.012) 0.000 0.000 0.005 0.000 0.000 
 803   (0.016) 0.001 0.000 0.022 0.001 0.001 
 763   (0.027) 0.001 0.000 0.003 0.046 0.020 
  60   (0.035) 0.001 0.002 0.003 0.110 0.017 
 841   (0.013) 0.223 0.000 0.001 0.000 0.000 
 802   (0.017) 0.001 0.000 0.002 0.056 0.000 
  88   (0.018) 0.015 0.000 0.002 0.003 0.000 
  56   (0.014) 0.001 0.000 0.001 0.010 0.000 

Locus 7 : Cl308 
60 alleles
0.0% missing data
  72   (0.094) 0.036 0.100 0.145 0.274 0.169 
  64   (0.074) 0.403 0.116 0.047 0.138 0.188 
  68   (0.105) 0.524 0.587 0.098 0.287 0.381 
 103   (0.012) 0.000 0.000 0.023 0.000 0.000 
  80   (0.033) 0.001 0.000 0.039 0.031 0.018 
  76   (0.064) 0.003 0.190 0.105 0.085 0.134 
1151   (0.011) 0.000 0.000 0.014 0.000 0.000 
 123   (0.012) 0.000 0.000 0.019 0.000 0.000 
 115   (0.012) 0.000 0.000 0.032 0.000 0.000 
  83   (0.016) 0.001 0.000 0.020 0.001 0.002 
1231   (0.010) 0.000 0.000 0.010 0.000 0.000 
1192   (0.010) 0.000 0.000 0.005 0.000 0.000 
 131   (0.012) 0.000 0.000 0.019 0.000 0.000 
1191   (0.011) 0.000 0.000 0.010 0.000 0.000 
 752   (0.011) 0.000 0.000 0.010 0.000 0.000 
 143   (0.011) 0.000 0.000 0.014 0.000 0.000 
  79   (0.013) 0.000 0.000 0.036 0.000 0.000 
 119   (0.011) 0.000 0.000 0.014 0.000 0.000 
1431   (0.012) 0.000 0.000 0.027 0.000 0.000 
1112   (0.013) 0.000 0.000 0.041 0.000 0.000 
1193   (0.011) 0.000 0.000 0.010 0.000 0.000 
1591   (0.010) 0.000 0.000 0.005 0.000 0.000 
1232   (0.010) 0.000 0.000 0.005 0.000 0.000 
 139   (0.011) 0.000 0.000 0.010 0.000 0.000 
1111   (0.011) 0.000 0.000 0.010 0.000 0.000 
 127   (0.010) 0.000 0.000 0.005 0.000 0.000 
1391   (0.012) 0.000 0.000 0.019 0.000 0.000 
 121   (0.010) 0.000 0.000 0.005 0.000 0.000 
1313   (0.010) 0.000 0.000 0.005 0.000 0.000 
1113   (0.010) 0.000 0.000 0.005 0.000 0.000 
  87   (0.013) 0.000 0.000 0.050 0.000 0.000 
1031   (0.010) 0.000 0.000 0.005 0.000 0.000 
 155   (0.011) 0.000 0.000 0.010 0.000 0.000 
1312   (0.010) 0.000 0.000 0.005 0.000 0.000 
1272   (0.010) 0.000 0.000 0.005 0.000 0.000 
 151   (0.010) 0.000 0.000 0.005 0.000 0.000 
1351   (0.011) 0.000 0.000 0.010 0.000 0.000 
 135   (0.010) 0.000 0.000 0.005 0.000 0.000 
1432   (0.010) 0.000 0.000 0.005 0.000 0.000 
1152   (0.011) 0.000 0.000 0.010 0.000 0.000 
1271   (0.011) 0.000 0.000 0.010 0.000 0.000 
1311   (0.010) 0.000 0.000 0.005 0.000 0.000 
1472   (0.010) 0.000 0.000 0.005 0.000 0.000 
 137   (0.010) 0.000 0.000 0.005 0.000 0.000 
  88   (0.010) 0.000 0.000 0.005 0.000 0.000 
  60   (0.028) 0.011 0.000 0.006 0.024 0.027 
 712   (0.011) 0.000 0.000 0.010 0.000 0.000 
1071   (0.010) 0.000 0.000 0.005 0.000 0.000 
 107   (0.011) 0.000 0.000 0.014 0.000 0.000 
  71   (0.019) 0.001 0.001 0.003 0.034 0.013 
 751   (0.020) 0.001 0.000 0.002 0.044 0.057 
  67   (0.013) 0.000 0.000 0.003 0.005 0.002 
  84   (0.013) 0.001 0.000 0.001 0.009 0.001 
 791   (0.011) 0.000 0.000 0.001 0.015 0.000 
  69   (0.011) 0.000 0.000 0.001 0.012 0.000 
  65   (0.010) 0.000 0.000 0.001 0.003 0.000 
  81   (0.011) 0.000 0.000 0.001 0.012 0.000 
 792   (0.010) 0.001 0.000 0.001 0.005 0.000 
 753   (0.010) 0.001 0.000 0.001 0.003 0.000 
 711   (0.010) 0.000 0.000 0.001 0.005 0.000 

Locus 8 : Cl330 
33 alleles
3.2% missing data
  52   (0.098) 0.232 0.001 0.281 0.110 0.029 
 601   (0.062) 0.122 0.001 0.132 0.017 0.026 
  40   (0.055) 0.004 0.145 0.079 0.021 0.006 
  72   (0.026) 0.002 0.000 0.021 0.004 0.004 
  56   (0.061) 0.006 0.033 0.135 0.088 0.001 
 481   (0.100) 0.061 0.197 0.053 0.156 0.191 
  61   (0.016) 0.001 0.000 0.045 0.000 0.000 
  80   (0.012) 0.000 0.000 0.005 0.000 0.000 
 681   (0.031) 0.001 0.000 0.028 0.010 0.004 
  64   (0.052) 0.395 0.000 0.066 0.015 0.010 
  57   (0.013) 0.000 0.000 0.010 0.000 0.000 
  75   (0.013) 0.000 0.000 0.010 0.000 0.000 
  71   (0.023) 0.001 0.000 0.011 0.025 0.000 
  28   (0.074) 0.003 0.230 0.019 0.221 0.255 
  65   (0.014) 0.001 0.000 0.014 0.000 0.000 
 441   (0.038) 0.002 0.018 0.025 0.003 0.117 
  36   (0.014) 0.001 0.000 0.023 0.000 0.000 
  79   (0.012) 0.000 0.000 0.005 0.000 0.000 
  73   (0.012) 0.001 0.000 0.005 0.000 0.000 
 602   (0.012) 0.000 0.000 0.005 0.000 0.000 
  44   (0.040) 0.003 0.226 0.004 0.043 0.130 
  67   (0.039) 0.002 0.008 0.004 0.172 0.048 
  48   (0.037) 0.002 0.128 0.004 0.034 0.143 
 711   (0.012) 0.001 0.000 0.001 0.000 0.005 
 641   (0.012) 0.044 0.000 0.001 0.000 0.000 
  60   (0.017) 0.008 0.001 0.002 0.006 0.001 
  68   (0.012) 0.089 0.000 0.001 0.000 0.000 
 521   (0.022) 0.001 0.000 0.002 0.015 0.024 
  62   (0.022) 0.001 0.009 0.002 0.014 0.003 
  83   (0.011) 0.015 0.000 0.001 0.000 0.000 
  59   (0.013) 0.000 0.000 0.001 0.015 0.000 
  51   (0.013) 0.000 0.000 0.001 0.013 0.000 
 561   (0.012) 0.000 0.000 0.001 0.013 0.000 

Locus 9 : Cl344 
17 alleles
8.2% missing data
  56   (0.178) 0.007 0.004 0.426 0.264 0.137 
  60   (0.201) 0.338 0.056 0.247 0.205 0.123 
  48   (0.021) 0.001 0.000 0.006 0.013 0.000 
  76   (0.022) 0.086 0.000 0.011 0.001 0.000 
  64   (0.195) 0.377 0.314 0.113 0.239 0.405 
  72   (0.058) 0.026 0.001 0.077 0.008 0.021 
 761   (0.013) 0.000 0.000 0.006 0.000 0.000 
 641   (0.026) 0.001 0.000 0.022 0.008 0.000 
  68   (0.083) 0.156 0.026 0.040 0.039 0.047 
 601   (0.027) 0.001 0.000 0.021 0.008 0.001 
  52   (0.075) 0.003 0.459 0.012 0.192 0.251 
 681   (0.013) 0.000 0.000 0.006 0.000 0.000 
 721   (0.013) 0.000 0.000 0.006 0.000 0.000 
 561   (0.032) 0.001 0.069 0.003 0.008 0.013 
 521   (0.016) 0.001 0.069 0.002 0.001 0.000 
  44   (0.015) 0.001 0.000 0.001 0.010 0.000 
 562   (0.013) 0.001 0.000 0.002 0.003 0.000 

Locus 10 : Cl366 
9 alleles
0.1% missing data
  80   (0.333) 0.502 0.214 0.323 0.280 0.523 
  92   (0.019) 0.001 0.000 0.041 0.001 0.000 
  76   (0.291) 0.482 0.304 0.233 0.426 0.157 
  88   (0.022) 0.001 0.000 0.098 0.001 0.000 
  84   (0.055) 0.003 0.109 0.111 0.007 0.001 
  72   (0.199) 0.008 0.372 0.173 0.223 0.303 
  64   (0.037) 0.002 0.000 0.007 0.038 0.012 
  68   (0.030) 0.001 0.000 0.012 0.011 0.004 
  56   (0.016) 0.001 0.000 0.001 0.013 0.000 

Locus 11 : Cl375 
16 alleles
0.0% missing data
 491   (0.109) 0.030 0.106 0.099 0.093 0.104 
  53   (0.198) 0.008 0.319 0.262 0.339 0.434 
 612   (0.042) 0.002 0.000 0.026 0.023 0.046 
  57   (0.166) 0.478 0.132 0.253 0.161 0.054 
  45   (0.054) 0.002 0.184 0.045 0.006 0.084 
  61   (0.131) 0.364 0.231 0.146 0.059 0.137 
 651   (0.027) 0.001 0.000 0.025 0.017 0.001 
  69   (0.015) 0.001 0.000 0.023 0.000 0.000 
 571   (0.057) 0.002 0.001 0.048 0.125 0.014 
  65   (0.045) 0.015 0.000 0.046 0.025 0.004 
  37   (0.012) 0.000 0.000 0.005 0.000 0.000 
 691   (0.025) 0.001 0.000 0.007 0.003 0.012 
 531   (0.043) 0.047 0.000 0.008 0.028 0.101 
  49   (0.047) 0.048 0.025 0.004 0.111 0.007 
 532   (0.016) 0.001 0.000 0.001 0.006 0.002 
 492   (0.012) 0.000 0.000 0.001 0.003 0.000 

Locus 12 : Cl408 
14 alleles
0.4% missing data
  62   (0.198) 0.052 0.124 0.301 0.199 0.061 
  74   (0.019) 0.001 0.000 0.049 0.001 0.000 
  50   (0.124) 0.431 0.126 0.034 0.158 0.406 
  58   (0.133) 0.461 0.140 0.104 0.116 0.029 
  66   (0.115) 0.004 0.027 0.221 0.089 0.023 
  70   (0.026) 0.001 0.000 0.069 0.002 0.000 
  54   (0.148) 0.039 0.129 0.162 0.072 0.208 
  78   (0.014) 0.000 0.000 0.010 0.000 0.000 
  79   (0.022) 0.001 0.000 0.006 0.015 0.000 
  75   (0.092) 0.004 0.070 0.030 0.231 0.118 
  82   (0.013) 0.000 0.000 0.005 0.000 0.000 
  46   (0.054) 0.003 0.383 0.005 0.076 0.135 
  34   (0.026) 0.001 0.000 0.002 0.022 0.020 
 541   (0.015) 0.001 0.000 0.002 0.017 0.000 

Locus 13 : Cl507 
33 alleles
0.3% missing data
  70   (0.078) 0.015 0.091 0.073 0.094 0.048 
  94   (0.018) 0.001 0.000 0.029 0.001 0.001 
  74   (0.034) 0.013 0.000 0.073 0.001 0.036 
  54   (0.074) 0.040 0.091 0.037 0.146 0.032 
  82   (0.049) 0.002 0.000 0.199 0.025 0.007 
  90   (0.038) 0.001 0.000 0.058 0.012 0.015 
  86   (0.029) 0.001 0.000 0.082 0.015 0.001 
 701   (0.012) 0.000 0.000 0.010 0.000 0.000 
  78   (0.033) 0.002 0.000 0.071 0.030 0.001 
  62   (0.110) 0.557 0.368 0.093 0.089 0.286 
 741   (0.030) 0.001 0.000 0.048 0.015 0.002 
  66   (0.117) 0.086 0.259 0.107 0.166 0.316 
 661   (0.025) 0.001 0.000 0.015 0.055 0.000 
  58   (0.072) 0.015 0.167 0.023 0.155 0.133 
  98   (0.017) 0.001 0.000 0.020 0.001 0.001 
 781   (0.012) 0.000 0.000 0.014 0.000 0.000 
 141   (0.013) 0.000 0.000 0.014 0.000 0.000 
 102   (0.011) 0.000 0.000 0.005 0.000 0.000 
 106   (0.011) 0.000 0.000 0.005 0.000 0.000 
  50   (0.027) 0.002 0.000 0.006 0.029 0.025 
 621   (0.031) 0.001 0.020 0.003 0.022 0.089 
 702   (0.019) 0.001 0.000 0.002 0.024 0.003 
 501   (0.022) 0.084 0.000 0.002 0.052 0.000 
 662   (0.013) 0.000 0.000 0.001 0.010 0.000 
 152   (0.012) 0.000 0.000 0.001 0.008 0.000 
 156   (0.012) 0.000 0.000 0.001 0.010 0.000 
 581   (0.012) 0.000 0.000 0.001 0.005 0.000 
1521   (0.011) 0.000 0.000 0.002 0.002 0.000 
 622   (0.011) 0.170 0.000 0.001 0.000 0.000 
 137   (0.013) 0.001 0.000 0.001 0.015 0.000 
 150   (0.011) 0.000 0.000 0.001 0.003 0.000 
 146   (0.011) 0.001 0.000 0.001 0.003 0.000 
 153   (0.012) 0.001 0.000 0.001 0.008 0.000 

Locus 14 : Cl527 
31 alleles
0.3% missing data
  62   (0.050) 0.002 0.001 0.103 0.012 0.059 
 622   (0.011) 0.000 0.000 0.005 0.000 0.000 
 461   (0.035) 0.001 0.002 0.012 0.025 0.009 
  82   (0.011) 0.000 0.000 0.005 0.000 0.000 
 661   (0.027) 0.001 0.000 0.124 0.002 0.002 
  70   (0.017) 0.001 0.000 0.076 0.001 0.000 
 581   (0.047) 0.002 0.028 0.045 0.007 0.035 
 701   (0.018) 0.001 0.000 0.076 0.001 0.000 
 501   (0.028) 0.001 0.000 0.030 0.032 0.001 
  66   (0.095) 0.004 0.127 0.117 0.081 0.218 
 741   (0.015) 0.000 0.000 0.027 0.000 0.000 
  58   (0.068) 0.003 0.048 0.104 0.039 0.019 
 541   (0.032) 0.001 0.000 0.060 0.042 0.000 
  74   (0.033) 0.001 0.006 0.008 0.012 0.010 
 621   (0.033) 0.001 0.000 0.091 0.022 0.000 
  78   (0.012) 0.000 0.000 0.010 0.000 0.000 
 781   (0.011) 0.000 0.000 0.005 0.000 0.000 
 462   (0.012) 0.000 0.000 0.010 0.000 0.000 
  67   (0.015) 0.001 0.000 0.023 0.000 0.000 
  54   (0.076) 0.390 0.116 0.011 0.242 0.226 
  50   (0.088) 0.061 0.291 0.028 0.167 0.199 
  63   (0.012) 0.000 0.000 0.005 0.000 0.000 
  26   (0.022) 0.001 0.017 0.002 0.009 0.001 
  61   (0.037) 0.002 0.016 0.004 0.066 0.081 
  53   (0.030) 0.035 0.011 0.003 0.012 0.002 
  46   (0.055) 0.083 0.070 0.005 0.128 0.093 
  42   (0.023) 0.001 0.222 0.002 0.001 0.038 
  65   (0.021) 0.001 0.030 0.002 0.016 0.000 
 582   (0.025) 0.365 0.000 0.002 0.049 0.001 
  57   (0.027) 0.001 0.014 0.003 0.030 0.002 
 623   (0.013) 0.039 0.000 0.001 0.001 0.000 

Locus 15 : Cl380 
25 alleles
9.6% missing data
 671   (0.132) 0.007 0.145 0.121 0.307 0.127 
 672   (0.096) 0.027 0.274 0.103 0.037 0.090 
 751   (0.023) 0.001 0.000 0.036 0.003 0.000 
  71   (0.043) 0.412 0.000 0.063 0.010 0.001 
  79   (0.131) 0.348 0.409 0.239 0.014 0.475 
  75   (0.080) 0.004 0.052 0.121 0.052 0.018 
 711   (0.040) 0.002 0.000 0.129 0.028 0.001 
  67   (0.035) 0.002 0.000 0.018 0.061 0.003 
 791   (0.012) 0.000 0.000 0.006 0.000 0.000 
 591   (0.052) 0.003 0.012 0.019 0.067 0.011 
 552   (0.017) 0.001 0.000 0.039 0.001 0.000 
 792   (0.014) 0.001 0.000 0.011 0.000 0.000 
 593   (0.014) 0.001 0.000 0.015 0.000 0.000 
  59   (0.043) 0.002 0.002 0.018 0.056 0.010 
 631   (0.033) 0.002 0.000 0.008 0.019 0.056 
 833   (0.028) 0.001 0.048 0.013 0.001 0.007 
 712   (0.014) 0.001 0.000 0.011 0.000 0.000 
  63   (0.054) 0.003 0.052 0.013 0.219 0.009 
 551   (0.052) 0.180 0.001 0.009 0.098 0.167 
 592   (0.016) 0.001 0.002 0.002 0.001 0.010 
 632   (0.019) 0.001 0.000 0.002 0.004 0.013 
 118   (0.012) 0.001 0.000 0.001 0.003 0.000 
 673   (0.014) 0.001 0.000 0.001 0.011 0.000 
  82   (0.013) 0.002 0.000 0.001 0.005 0.000 
 834   (0.012) 0.001 0.000 0.001 0.003 0.000 

Locus 16 : Lup02 
6 alleles
0.8% missing data
  56   (0.545) 0.530 0.676 0.518 0.588 0.666 
  60   (0.155) 0.051 0.011 0.183 0.133 0.061 
  52   (0.189) 0.019 0.157 0.121 0.269 0.263 
  48   (0.072) 0.052 0.001 0.166 0.009 0.010 
 561   (0.015) 0.001 0.000 0.010 0.000 0.000 
  64   (0.024) 0.348 0.155 0.002 0.001 0.000 

Locus 17 : Lup13 
5 alleles
0.3% missing data
  57   (0.327) 0.544 0.668 0.247 0.242 0.582 
  61   (0.373) 0.090 0.154 0.439 0.456 0.296 
  65   (0.057) 0.002 0.000 0.134 0.060 0.001 
  53   (0.225) 0.363 0.177 0.171 0.242 0.116 
  69   (0.019) 0.001 0.001 0.009 0.001 0.005 

Locus 18 : Lup20 
9 alleles
2.0% missing data
  56   (0.378) 0.333 0.170 0.618 0.279 0.204 
 601   (0.041) 0.001 0.000 0.111 0.001 0.036 
  60   (0.288) 0.519 0.469 0.131 0.582 0.419 
  68   (0.078) 0.004 0.250 0.035 0.024 0.176 
  64   (0.117) 0.139 0.083 0.066 0.085 0.038 
  72   (0.027) 0.001 0.000 0.014 0.009 0.001 
 681   (0.013) 0.000 0.000 0.006 0.000 0.000 
 641   (0.016) 0.001 0.000 0.015 0.000 0.000 
  52   (0.043) 0.002 0.028 0.004 0.019 0.125 

Locus 19 : Lup21 
11 alleles
0.5% missing data
  41   (0.234) 0.145 0.085 0.379 0.187 0.069 
  57   (0.192) 0.010 0.196 0.286 0.157 0.105 
  53   (0.255) 0.430 0.293 0.135 0.375 0.507 
  37   (0.015) 0.001 0.000 0.015 0.000 0.000 
  45   (0.047) 0.002 0.000 0.146 0.023 0.001 
 531   (0.013) 0.000 0.000 0.006 0.000 0.000 
 611   (0.064) 0.183 0.012 0.010 0.046 0.040 
 491   (0.013) 0.000 0.000 0.006 0.000 0.000 
  49   (0.084) 0.167 0.208 0.009 0.128 0.230 
  61   (0.034) 0.060 0.163 0.003 0.002 0.007 
 612   (0.048) 0.002 0.043 0.005 0.082 0.040 

Locus 20 : Lup23 
6 alleles
0.1% missing data
  59   (0.329) 0.015 0.473 0.208 0.485 0.172 
  63   (0.429) 0.525 0.158 0.752 0.112 0.144 
  67   (0.018) 0.001 0.000 0.019 0.001 0.000 
  55   (0.160) 0.457 0.357 0.015 0.363 0.674 
  51   (0.035) 0.001 0.012 0.003 0.026 0.003 
 671   (0.028) 0.001 0.000 0.003 0.013 0.007 

Values of parameters used in structure:
DATAFILE=/home/eva.pavlovic/data_job_Z110,	OUTFILE=/home/eva.pavlovic/ParallelStructure/26_results_20MS/2a_Empirical_samples_no_sim/results_job_Z110,	NUMINDS=742,	NUMLOCI=20,	MISSING=-9,	LABEL=1,	POPDATA=1,	POPFLAG=0,	PHENOTYPE=0,	EXTRACOLS=0,	MAXPOPS=5,	BURNIN=300000,	NUMREPS=3000000,	USEPOPINFO=0,	INFERALPHA=1,	INFERLAMBDA=0,	POPSPECIFICLAMBDA=0,	POPALPHAS=0,	COMPUTEPROB=1,	NOADMIX=0,	ADMBURNIN=2500,	UPDATEFREQ=1,	PRINTLIKES=0,	INTERMEDSAVE=0,	PRINTKLD=0,	PRINTNET=0,	PRINTLAMBDA=0,	ANCESTDIST=0,	NUMBOXES=1000,	ANCESTPINT=0.90000,	GENSBACK=2,	MIGRPRIOR=0.05000,	PRINTQHAT=1,	PRINTQSUM=0,	ALPHA=1.0000,	FREQSCORR=1,	FPRIORMEAN=0.0100,	FPRIORSD=0.0500,	ONEFST=0,	LAMBDA=1.0000,	UNIFPRIORALPHA=1,	ALPHAMAX=10.0000,	ALPHAPRIORA=1.0000,	ALPHAPRIORB=2.0000,	ALPHAPROPSD=0.0250,	STARTATPOPINFO=0,	RANDOMIZE=1,	LINKAGE=0,	METROFREQ=10,	REPORTHITRATE=0,	MARKOVPHASE=-1,	PHASED=0,	PLOIDY=2,	PHASEINFO=0	LOCPRIOR=0, 	LOCPRIORINIT=1.000000, 	LOCDATA=0, 	LOCISPOP=0, 	LOCPRIORSTEP=0.100000, 	MAXLOCPRIOR=20.000000, 	SEED=1770288279,	
[STRAT parameters]:    NUMSIMSTATS=1000,	PHENOTYPECOL=-9,	POOLFREQ=10,	LOCUSxONLY=0,	EMERROR=0.00100,	MISSINGPHENO=-9,	