

----------------------------------------------------
STRUCTURE by Pritchard, Stephens and Donnelly (2000)
     and Falush, Stephens and Pritchard (2003)
       Code by Pritchard, Falush and Hubisz
             Version 2.3.4 (Jul 2012)
----------------------------------------------------



Command line arguments:   /home/eva.pavlovic/Structure/structure -m parameter_job_Z119 
Input File:    /home/eva.pavlovic/data_job_Z119

Run parameters:
   742 individuals
   20 loci
   7 populations assumed
   300000 Burn-in period
   3000000 Reps


--------------------------------------------
Proportion of membership of each pre-defined
 population in each of the 7 clusters

Given    Inferred Clusters                                   Number of
 Pop       1      2      3      4      5      6      7      Individuals

  1:     0.005  0.005  0.004  0.004  0.005  0.969  0.008      100
  2:     0.604  0.005  0.014  0.014  0.089  0.254  0.020        6
  3:     0.921  0.005  0.005  0.003  0.036  0.006  0.023        2
  4:     0.777  0.011  0.148  0.008  0.037  0.008  0.013       42
  5:     0.079  0.026  0.203  0.027  0.630  0.004  0.032      105
  6:     0.279  0.059  0.326  0.008  0.313  0.006  0.009      240
  7:     0.113  0.609  0.177  0.010  0.044  0.007  0.040       68
  8:     0.029  0.931  0.011  0.006  0.011  0.005  0.007       31
  9:     0.011  0.947  0.008  0.006  0.009  0.006  0.013       53
 10:     0.006  0.007  0.004  0.966  0.009  0.004  0.004       28
 11:     0.003  0.005  0.003  0.003  0.002  0.009  0.976       27
 12:     0.017  0.051  0.012  0.018  0.013  0.006  0.883       40
--------------------------------------------

Allele-freq. divergence among pops (Net nucleotide distance),
computed using point estimates of P.

      1       2       3       4       5       6       7      
 1      -    0.0499  0.0345  0.0967  0.0462  0.1037  0.0861  
 2   0.0499     -    0.0605  0.1040  0.0696  0.0738  0.0546  
 3   0.0345  0.0605     -    0.1028  0.0479  0.1116  0.0950  
 4   0.0967  0.1040  0.1028     -    0.1027  0.1245  0.1242  
 5   0.0462  0.0696  0.0479  0.1027     -    0.1181  0.0914  
 6   0.1037  0.0738  0.1116  0.1245  0.1181     -    0.0816  
 7   0.0861  0.0546  0.0950  0.1242  0.0914  0.0816     -    

Average distances (expected heterozygosity) between individuals in same cluster:
cluster  1  : 0.7214 
cluster  2  : 0.7638 
cluster  3  : 0.6940 
cluster  4  : 0.6506 
cluster  5  : 0.6995 
cluster  6  : 0.7960 
cluster  7  : 0.7522 

--------------------------------------------
Estimated Ln Prob of Data   = -49359.9
Mean value of ln likelihood = -48676.9
Variance of ln likelihood   = 1366.0
Mean value of alpha         = 0.0336

Mean value of Fst_1         = 0.1553
Mean value of Fst_2         = 0.0831
Mean value of Fst_3         = 0.1997
Mean value of Fst_4         = 0.2951
Mean value of Fst_5         = 0.2660
Mean value of Fst_6         = 0.0500
Mean value of Fst_7         = 0.1466


Inferred ancestry of individuals:
        Label (%Miss) Pop:  Inferred clusters
  1    M1EL5    (5)    1 :  0.005 0.005 0.004 0.003 0.003 0.974 0.007 
  2    W26T6    (5)    1 :  0.019 0.007 0.010 0.008 0.004 0.948 0.004 
  3    W26XX    (5)    1 :  0.002 0.003 0.003 0.002 0.003 0.984 0.003 
  4    M013P    (0)    1 :  0.002 0.003 0.002 0.003 0.002 0.985 0.003 
  5    M1ELA    (0)    1 :  0.007 0.017 0.004 0.014 0.013 0.898 0.047 
  6    M2C73    (0)    1 :  0.005 0.003 0.003 0.003 0.002 0.980 0.004 
  7    W23P4    (0)    1 :  0.035 0.006 0.009 0.005 0.070 0.873 0.003 
  8    W247C    (5)    1 :  0.002 0.002 0.002 0.003 0.002 0.986 0.003 
  9    W24K1    (0)    1 :  0.002 0.002 0.002 0.002 0.002 0.988 0.002 
 10    W24ME    (0)    1 :  0.015 0.005 0.019 0.006 0.006 0.947 0.003 
 11    W2514    (0)    1 :  0.006 0.004 0.004 0.003 0.006 0.975 0.003 
 12    W26MA    (0)    1 :  0.004 0.004 0.008 0.007 0.006 0.968 0.003 
 13    W26MM    (0)    1 :  0.002 0.003 0.003 0.005 0.003 0.982 0.002 
 14    W26MU    (0)    1 :  0.005 0.004 0.005 0.003 0.002 0.978 0.003 
 15    W26P0    (0)    1 :  0.004 0.005 0.006 0.003 0.002 0.978 0.002 
 16    W26P3    (0)    1 :  0.002 0.003 0.002 0.002 0.002 0.986 0.004 
 17    W26T5    (0)    1 :  0.002 0.002 0.002 0.002 0.002 0.988 0.002 
 18    W26TE    (0)    1 :  0.006 0.011 0.003 0.005 0.005 0.965 0.006 
 19    W26TF    (0)    1 :  0.002 0.002 0.002 0.013 0.002 0.971 0.008 
 20    W26U8    (0)    1 :  0.007 0.012 0.013 0.007 0.014 0.940 0.007 
 21    W26UJ    (0)    1 :  0.003 0.002 0.002 0.003 0.002 0.987 0.002 
 22    W26UK    (0)    1 :  0.002 0.002 0.002 0.002 0.002 0.988 0.003 
 23    W26UT    (0)    1 :  0.002 0.002 0.002 0.002 0.002 0.984 0.006 
 24    W26XT    (0)    1 :  0.002 0.003 0.002 0.006 0.002 0.974 0.011 
 25   CC06H2    (0)    1 :  0.005 0.004 0.010 0.008 0.020 0.949 0.003 
 26   CC06H4    (0)    1 :  0.004 0.002 0.002 0.006 0.003 0.981 0.003 
 27   CC06H5    (5)    1 :  0.010 0.013 0.008 0.004 0.012 0.947 0.006 
 28   CC06H6    (0)    1 :  0.004 0.009 0.003 0.002 0.004 0.974 0.005 
 29   CC06HE    (0)    1 :  0.002 0.003 0.002 0.002 0.002 0.985 0.004 
 30   CC06HF    (0)    1 :  0.016 0.004 0.004 0.009 0.008 0.947 0.012 
 31   CC06HH    (0)    1 :  0.002 0.002 0.002 0.002 0.003 0.983 0.005 
 32   CC06HJ    (0)    1 :  0.004 0.031 0.003 0.010 0.002 0.947 0.003 
 33   CC06HL    (0)    1 :  0.002 0.003 0.002 0.002 0.002 0.988 0.003 
 34   CC06HP    (0)    1 :  0.002 0.002 0.002 0.002 0.002 0.983 0.008 
 35   CC06HT    (0)    1 :  0.006 0.007 0.005 0.005 0.006 0.943 0.029 
 36   CC06HU    (0)    1 :  0.002 0.018 0.002 0.003 0.003 0.969 0.004 
 37   CC06HY    (0)    1 :  0.005 0.004 0.004 0.008 0.011 0.964 0.004 
 38   CC06J0    (0)    1 :  0.004 0.003 0.004 0.007 0.003 0.976 0.003 
 39   CC06J1    (0)    1 :  0.011 0.006 0.006 0.005 0.003 0.966 0.003 
 40   CC06J2    (0)    1 :  0.003 0.004 0.003 0.004 0.002 0.978 0.007 
 41  CT.0YCY    (0)    1 :  0.003 0.003 0.003 0.003 0.003 0.982 0.003 
 42  CT.0YEC    (0)    1 :  0.002 0.002 0.002 0.003 0.002 0.988 0.002 
 43  CT.0YEF    (0)    1 :  0.003 0.003 0.003 0.002 0.003 0.983 0.002 
 44  CT.0YEU    (0)    1 :  0.002 0.002 0.002 0.001 0.002 0.989 0.002 
 45  CT.0YF2    (5)    1 :  0.004 0.006 0.008 0.005 0.003 0.972 0.003 
 46  CT.0YF8    (0)    1 :  0.002 0.002 0.002 0.001 0.002 0.987 0.004 
 47  CT.0YFA    (0)    1 :  0.003 0.006 0.007 0.002 0.003 0.976 0.004 
 48  CT.0YFE    (0)    1 :  0.004 0.004 0.005 0.003 0.003 0.975 0.007 
 49  CT.0YFP    (0)    1 :  0.004 0.003 0.017 0.010 0.002 0.962 0.002 
 50  CT.0YFU    (0)    1 :  0.003 0.003 0.004 0.002 0.003 0.983 0.003 
 51  CT.0YK7    (0)    1 :  0.004 0.002 0.004 0.006 0.004 0.976 0.003 
 52  CX.10PT    (0)    1 :  0.007 0.005 0.006 0.020 0.014 0.940 0.008 
 53   DAM021    (0)    1 :  0.006 0.003 0.003 0.003 0.010 0.950 0.026 
 54   DAM034    (0)    1 :  0.006 0.004 0.003 0.002 0.004 0.979 0.003 
 55   DAM07X    (0)    1 :  0.003 0.003 0.006 0.002 0.004 0.980 0.003 
 56  EF.15J6    (0)    1 :  0.002 0.003 0.002 0.002 0.002 0.985 0.003 
 57   HRV010   (10)    1 :  0.002 0.006 0.002 0.004 0.002 0.980 0.003 
 58   HRV02J    (5)    1 :  0.005 0.006 0.006 0.003 0.003 0.974 0.004 
 59   HRV078    (0)    1 :  0.005 0.002 0.003 0.004 0.003 0.977 0.004 
 60   HRV0FH    (0)    1 :  0.003 0.003 0.004 0.002 0.002 0.985 0.002 
 61   HRV0H5    (0)    1 :  0.004 0.003 0.003 0.003 0.004 0.978 0.005 
 62   HRV0JF    (0)    1 :  0.035 0.005 0.005 0.002 0.003 0.947 0.003 
 63   HRV0JJ    (0)    1 :  0.006 0.004 0.004 0.003 0.004 0.977 0.003 
 64   HRV0JM    (0)    1 :  0.005 0.003 0.003 0.002 0.002 0.981 0.004 
 65   HRV0K6    (0)    1 :  0.008 0.018 0.007 0.016 0.006 0.943 0.003 
 66   HRV0K7    (0)    1 :  0.002 0.010 0.003 0.002 0.002 0.975 0.006 
 67   HRV0KP    (5)    1 :  0.004 0.005 0.003 0.010 0.004 0.965 0.007 
 68   HRV1AX    (0)    1 :  0.011 0.005 0.006 0.003 0.007 0.957 0.012 
 69   HRV1C4    (0)    1 :  0.005 0.002 0.004 0.002 0.012 0.972 0.002 
 70   HRV1CH    (0)    1 :  0.005 0.006 0.005 0.003 0.003 0.975 0.003 
 71   HRV1FA    (5)    1 :  0.003 0.008 0.004 0.003 0.005 0.968 0.008 
 72   HRV1FK    (0)    1 :  0.005 0.004 0.003 0.008 0.005 0.973 0.003 
 73   HRV1H8    (5)    1 :  0.003 0.003 0.003 0.002 0.003 0.978 0.008 
 74   HRV1HT   (10)    1 :  0.006 0.004 0.004 0.005 0.005 0.971 0.004 
 75   HRV1XU   (10)    1 :  0.003 0.002 0.004 0.016 0.003 0.968 0.005 
 76   HRV4TF    (0)    1 :  0.002 0.005 0.002 0.003 0.002 0.915 0.070 
 77   HRV6F0   (10)    1 :  0.003 0.003 0.003 0.003 0.003 0.975 0.011 
 78   HRVE6L    (0)    1 :  0.005 0.004 0.004 0.006 0.003 0.938 0.040 
 79    M27HM    (5)    1 :  0.005 0.003 0.005 0.002 0.003 0.977 0.005 
 80    M27HP    (0)    1 :  0.002 0.002 0.002 0.002 0.002 0.987 0.002 
 81    M2AK4    (0)    1 :  0.002 0.002 0.002 0.002 0.002 0.986 0.002 
 82    M2ALA    (0)    1 :  0.002 0.002 0.002 0.002 0.002 0.987 0.002 
 83    M2C56    (0)    1 :  0.005 0.004 0.005 0.003 0.003 0.965 0.013 
 84    M2CUX    (0)    1 :  0.007 0.005 0.005 0.005 0.003 0.972 0.003 
 85    M2E24    (0)    1 :  0.002 0.002 0.003 0.002 0.002 0.987 0.002 
 86    M2EA7    (5)    1 :  0.003 0.002 0.003 0.003 0.003 0.985 0.002 
 87    M2EH6    (0)    1 :  0.002 0.004 0.002 0.002 0.003 0.984 0.002 
 88    M2EKC    (0)    1 :  0.009 0.016 0.003 0.007 0.004 0.815 0.147 
 89   MSV083    (0)    1 :  0.003 0.007 0.003 0.018 0.002 0.962 0.005 
 90   MSV084    (0)    1 :  0.004 0.012 0.006 0.002 0.003 0.967 0.006 
 91   MSV0LJ    (0)    1 :  0.006 0.003 0.004 0.003 0.002 0.977 0.005 
 92   MSV1H5    (0)    1 :  0.005 0.011 0.004 0.002 0.009 0.964 0.004 
 93   MSV1KM    (0)    1 :  0.002 0.002 0.002 0.002 0.002 0.987 0.002 
 94   MSV23F    (5)    1 :  0.003 0.004 0.002 0.010 0.003 0.964 0.013 
 95   MSV2L8    (0)    1 :  0.005 0.002 0.003 0.003 0.002 0.982 0.003 
 96   MSV2P7    (5)    1 :  0.003 0.002 0.003 0.003 0.003 0.986 0.002 
 97   MSV2TJ    (0)    1 :  0.004 0.004 0.009 0.002 0.004 0.973 0.004 
 98   MSV2XM    (0)    1 :  0.003 0.004 0.004 0.004 0.003 0.978 0.004 
 99   MSV327    (5)    1 :  0.003 0.003 0.002 0.003 0.002 0.983 0.002 
100   MSV33L    (5)    1 :  0.002 0.002 0.002 0.002 0.002 0.988 0.002 
101   MSV1TX    (5)    2 :  0.011 0.004 0.021 0.004 0.368 0.589 0.003 
102   MSV025    (0)    2 :  0.786 0.008 0.008 0.010 0.029 0.137 0.022 
103   MSV02C    (0)    2 :  0.559 0.005 0.016 0.013 0.074 0.311 0.023 
104   MSV02E    (5)    2 :  0.699 0.003 0.016 0.008 0.009 0.220 0.044 
105   MSV0TF    (5)    2 :  0.847 0.003 0.005 0.004 0.005 0.135 0.002 
106    M2EL8    (0)    2 :  0.726 0.004 0.015 0.045 0.052 0.133 0.026 
107   MSV21T    (0)    3 :  0.966 0.003 0.007 0.003 0.011 0.003 0.008 
108    M2E71    (0)    3 :  0.877 0.008 0.003 0.002 0.061 0.009 0.039 
109    W23CA   (10)    4 :  0.975 0.006 0.007 0.002 0.004 0.002 0.005 
110  AP.085Y    (5)    4 :  0.971 0.004 0.007 0.005 0.006 0.003 0.004 
111  CH.0LLY    (5)    4 :  0.980 0.003 0.003 0.003 0.002 0.004 0.005 
112    M0LEC    (5)    4 :  0.952 0.010 0.026 0.002 0.007 0.002 0.002 
113    M2C3H   (10)    4 :  0.981 0.003 0.003 0.003 0.003 0.002 0.006 
114    M2CHL    (5)    4 :  0.984 0.003 0.002 0.002 0.002 0.003 0.004 
115    W26P7   (10)    4 :  0.980 0.003 0.005 0.002 0.002 0.002 0.005 
116  AP.07M5    (0)    4 :  0.338 0.019 0.513 0.097 0.022 0.006 0.005 
117  AP.080U    (0)    4 :  0.979 0.004 0.006 0.002 0.003 0.003 0.004 
118  AP.082A    (0)    4 :  0.961 0.004 0.022 0.004 0.005 0.002 0.002 
119  AP.0843    (0)    4 :  0.975 0.006 0.006 0.004 0.003 0.004 0.002 
120  AP.0844    (0)    4 :  0.971 0.003 0.006 0.002 0.003 0.011 0.004 
121  AP.084X    (0)    4 :  0.985 0.003 0.003 0.003 0.003 0.002 0.002 
122  AP.086Y    (0)    4 :  0.985 0.002 0.003 0.002 0.002 0.002 0.003 
123  AP.0870    (0)    4 :  0.952 0.006 0.008 0.002 0.006 0.004 0.023 
124  AP.0878    (0)    4 :  0.981 0.003 0.003 0.002 0.002 0.003 0.006 
125  AP.087F    (0)    4 :  0.985 0.003 0.004 0.002 0.002 0.002 0.003 
126  AP.087Y    (0)    4 :  0.985 0.002 0.002 0.002 0.002 0.003 0.004 
127  AP.088P    (0)    4 :  0.316 0.013 0.627 0.006 0.025 0.007 0.005 
128  AP.08AK    (5)    4 :  0.926 0.003 0.023 0.020 0.020 0.006 0.002 
129  CH.0LLM    (0)    4 :  0.971 0.002 0.003 0.005 0.013 0.002 0.005 
130  CH.0LLU    (0)    4 :  0.958 0.004 0.003 0.006 0.015 0.009 0.005 
131  CH.0LM0    (5)    4 :  0.972 0.005 0.004 0.006 0.003 0.008 0.003 
132  CH.0LM3    (5)    4 :  0.012 0.006 0.958 0.010 0.006 0.005 0.002 
133    W26MY    (0)    4 :  0.755 0.008 0.070 0.053 0.004 0.091 0.018 
134    W26P6    (0)    4 :  0.326 0.048 0.558 0.006 0.008 0.050 0.003 
135   HRV07U    (0)    4 :  0.221 0.089 0.579 0.004 0.011 0.015 0.081 
136   HRV1CT    (0)    4 :  0.972 0.003 0.011 0.003 0.005 0.002 0.003 
137   HRV1CU    (0)    4 :  0.562 0.006 0.282 0.005 0.134 0.002 0.008 
138   HRV1E6    (0)    4 :  0.901 0.013 0.050 0.004 0.020 0.002 0.009 
139   HRV081    (0)    4 :  0.495 0.003 0.443 0.010 0.044 0.002 0.002 
140   HRV1E3    (0)    4 :  0.027 0.011 0.945 0.002 0.007 0.004 0.004 
141   MSV21E    (0)    4 :  0.964 0.003 0.007 0.005 0.014 0.003 0.005 
142   MSV216    (0)    4 :  0.836 0.003 0.007 0.007 0.008 0.003 0.136 
143    M0TYK    (0)    4 :  0.040 0.005 0.907 0.005 0.006 0.031 0.005 
144   MSV2AA    (0)    4 :  0.915 0.003 0.007 0.003 0.063 0.006 0.004 
145  CK.0PET    (0)    4 :  0.955 0.003 0.003 0.005 0.004 0.010 0.019 
146    M2E8C    (0)    4 :  0.026 0.003 0.004 0.004 0.957 0.002 0.003 
147   MSV23X    (0)    4 :  0.957 0.002 0.006 0.005 0.022 0.003 0.005 
148   MSV32A    (0)    4 :  0.908 0.009 0.019 0.002 0.040 0.004 0.018 
149  AP.0838    (0)    4 :  0.878 0.011 0.019 0.002 0.009 0.003 0.078 
150  AP.088F    (0)    4 :  0.816 0.104 0.035 0.003 0.018 0.004 0.020 
151   DAM2HL   (10)    5 :  0.886 0.025 0.035 0.003 0.041 0.003 0.006 
152    M2ALK    (0)    5 :  0.011 0.006 0.238 0.003 0.440 0.003 0.299 
153    M2E2J    (0)    5 :  0.009 0.003 0.932 0.022 0.008 0.023 0.002 
154    M2E73    (0)    5 :  0.013 0.004 0.957 0.004 0.015 0.002 0.005 
155    M2E74    (0)    5 :  0.005 0.008 0.017 0.002 0.716 0.003 0.249 
156    M2EUJ    (5)    5 :  0.050 0.132 0.326 0.003 0.090 0.003 0.396 
157   DAM1XK    (0)    5 :  0.850 0.028 0.047 0.003 0.064 0.003 0.005 
158    M2057    (0)    5 :  0.003 0.003 0.984 0.001 0.004 0.002 0.003 
159    M2271    (0)    5 :  0.003 0.004 0.034 0.130 0.820 0.002 0.006 
160    M27YK    (0)    5 :  0.015 0.072 0.766 0.002 0.005 0.040 0.101 
161    M2A1H    (0)    5 :  0.004 0.002 0.003 0.446 0.538 0.002 0.005 
162    M2E0P    (0)    5 :  0.025 0.003 0.039 0.005 0.922 0.002 0.003 
163    M2E75    (0)    5 :  0.013 0.018 0.009 0.006 0.950 0.002 0.003 
164    M2E76    (0)    5 :  0.005 0.005 0.020 0.002 0.956 0.003 0.009 
165   MSV0T5    (5)    5 :  0.008 0.004 0.814 0.004 0.165 0.002 0.002 
166   MSV241    (0)    5 :  0.013 0.007 0.010 0.003 0.961 0.003 0.003 
167   MSV2A0    (0)    5 :  0.006 0.004 0.006 0.006 0.971 0.004 0.004 
168   MSV2A1    (0)    5 :  0.002 0.002 0.004 0.002 0.985 0.002 0.002 
169   MSV2A8    (0)    5 :  0.034 0.004 0.006 0.003 0.942 0.002 0.009 
170   DAM1P5    (0)    5 :  0.005 0.002 0.008 0.002 0.981 0.001 0.002 
171    M1084    (0)    5 :  0.024 0.005 0.954 0.003 0.007 0.002 0.005 
172   MSV2M4    (5)    5 :  0.011 0.007 0.006 0.005 0.965 0.003 0.004 
173   MSV2T6    (5)    5 :  0.005 0.006 0.005 0.026 0.951 0.003 0.003 
174    M1UM1    (5)    5 :  0.011 0.025 0.927 0.005 0.019 0.006 0.009 
175    M2ECL    (0)    5 :  0.129 0.027 0.122 0.002 0.677 0.015 0.028 
176    M2EJ0    (0)    5 :  0.613 0.069 0.011 0.002 0.301 0.002 0.004 
177   MSV20J    (0)    5 :  0.046 0.009 0.007 0.005 0.924 0.002 0.008 
178   MSV2TK    (0)    5 :  0.115 0.012 0.178 0.002 0.656 0.012 0.024 
179   MSV2TX    (0)    5 :  0.041 0.004 0.012 0.003 0.933 0.002 0.005 
180   MSV310    (0)    5 :  0.006 0.003 0.007 0.004 0.974 0.003 0.003 
181   MSV33F    (0)    5 :  0.004 0.003 0.011 0.008 0.967 0.003 0.003 
182   DAM35L    (0)    5 :  0.010 0.006 0.005 0.008 0.966 0.002 0.003 
183    M2E4C    (0)    5 :  0.083 0.004 0.009 0.003 0.891 0.002 0.008 
184    M2E4H    (0)    5 :  0.066 0.010 0.885 0.004 0.023 0.008 0.003 
185    M2E65    (0)    5 :  0.004 0.011 0.005 0.002 0.953 0.003 0.021 
186    M2EEJ    (0)    5 :  0.004 0.002 0.004 0.004 0.983 0.002 0.002 
187    M2EEP    (5)    5 :  0.043 0.007 0.009 0.010 0.918 0.003 0.009 
188   MSV1TU    (0)    5 :  0.798 0.003 0.018 0.004 0.169 0.004 0.003 
189   MSV20M    (0)    5 :  0.027 0.007 0.009 0.004 0.944 0.002 0.007 
190   MSV223    (0)    5 :  0.009 0.004 0.973 0.003 0.007 0.003 0.002 
191   MSV22E    (0)    5 :  0.007 0.007 0.050 0.004 0.924 0.003 0.005 
192   MSV23J    (0)    5 :  0.012 0.003 0.972 0.003 0.005 0.002 0.002 
193   MSV2K6    (5)    5 :  0.006 0.003 0.006 0.004 0.976 0.002 0.003 
194   DAM23U    (5)    5 :  0.196 0.005 0.066 0.007 0.703 0.008 0.016 
195    M2E8A    (5)    5 :  0.007 0.003 0.005 0.005 0.974 0.002 0.004 
196   MSV2L2    (5)    5 :  0.007 0.003 0.004 0.008 0.972 0.003 0.003 
197    M1YMH    (5)    5 :  0.062 0.009 0.278 0.014 0.625 0.007 0.004 
198    M2A84    (5)    5 :  0.623 0.004 0.020 0.006 0.337 0.006 0.003 
199   MSV23M    (0)    5 :  0.017 0.038 0.922 0.003 0.012 0.003 0.005 
200  AP.085T    (5)    5 :  0.014 0.004 0.075 0.005 0.896 0.002 0.004 
201  AP.086J    (0)    5 :  0.044 0.862 0.013 0.007 0.043 0.003 0.028 
202  AP.08C2    (0)    5 :  0.526 0.362 0.013 0.032 0.007 0.019 0.039 
203  AP.08CF    (0)    5 :  0.017 0.013 0.093 0.008 0.863 0.002 0.005 
204  AP.08CX    (0)    5 :  0.005 0.003 0.005 0.002 0.981 0.002 0.003 
205  AP.08CY    (0)    5 :  0.005 0.024 0.089 0.003 0.825 0.007 0.046 
206   DAM0JX    (0)    5 :  0.758 0.010 0.011 0.010 0.205 0.003 0.004 
207   DAM0P4    (0)    5 :  0.006 0.003 0.976 0.004 0.007 0.002 0.002 
208   DAM0UK    (0)    5 :  0.009 0.055 0.457 0.003 0.465 0.004 0.006 
209    M2030    (0)    5 :  0.003 0.015 0.497 0.025 0.453 0.002 0.004 
210   MSV24M    (0)    5 :  0.023 0.016 0.023 0.003 0.929 0.003 0.004 
211    M20AM    (0)    5 :  0.093 0.191 0.439 0.002 0.114 0.003 0.159 
212    M21YP    (0)    5 :  0.002 0.002 0.003 0.002 0.003 0.002 0.985 
213    M2205    (0)    5 :  0.005 0.004 0.006 0.004 0.977 0.001 0.003 
214    M2206    (0)    5 :  0.006 0.017 0.420 0.006 0.543 0.002 0.006 
215   MSV267    (0)    5 :  0.013 0.020 0.007 0.003 0.952 0.002 0.003 
216    M2757    (0)    5 :  0.061 0.039 0.569 0.003 0.148 0.003 0.177 
217    M27TH    (0)    5 :  0.004 0.004 0.980 0.002 0.005 0.002 0.004 
218   MSV2JA    (0)    5 :  0.232 0.006 0.009 0.260 0.399 0.006 0.089 
219   MSV2KU    (0)    5 :  0.003 0.009 0.047 0.021 0.889 0.004 0.028 
220   MSV2MF    (0)    5 :  0.082 0.012 0.016 0.007 0.798 0.003 0.083 
221   MSV2TA    (0)    5 :  0.004 0.003 0.005 0.002 0.983 0.002 0.003 
222   MSV2TE    (0)    5 :  0.005 0.003 0.067 0.003 0.918 0.002 0.003 
223   MSV2TU    (0)    5 :  0.033 0.032 0.203 0.003 0.716 0.010 0.004 
224   MSV2UT    (0)    5 :  0.007 0.012 0.565 0.003 0.290 0.004 0.120 
225   MSV306    (0)    5 :  0.007 0.008 0.007 0.002 0.968 0.003 0.005 
226   MSV311    (0)    5 :  0.008 0.016 0.004 0.002 0.964 0.002 0.003 
227   MSV31M    (0)    5 :  0.148 0.062 0.019 0.003 0.756 0.004 0.008 
228   MSV325    (0)    5 :  0.030 0.003 0.012 0.010 0.939 0.003 0.003 
229   MSV32H    (0)    5 :  0.012 0.007 0.013 0.010 0.947 0.004 0.006 
230  CX.112U    (0)    5 :  0.011 0.024 0.010 0.003 0.943 0.003 0.007 
231   DAM2PC    (0)    5 :  0.011 0.002 0.003 0.751 0.230 0.001 0.002 
232    M2E48    (0)    5 :  0.009 0.004 0.017 0.003 0.961 0.002 0.004 
233    M2E7K    (0)    5 :  0.015 0.005 0.018 0.004 0.951 0.002 0.006 
234    M2E80    (0)    5 :  0.005 0.003 0.006 0.004 0.975 0.002 0.004 
235    M2EAM    (0)    5 :  0.011 0.007 0.242 0.003 0.726 0.002 0.009 
236    M2EFF    (0)    5 :  0.004 0.003 0.003 0.003 0.978 0.003 0.006 
237    M2EFY    (0)    5 :  0.006 0.003 0.963 0.002 0.020 0.002 0.005 
238    M2EHM    (0)    5 :  0.005 0.010 0.008 0.005 0.968 0.002 0.003 
239    M2EK0    (0)    5 :  0.508 0.064 0.270 0.011 0.140 0.003 0.005 
240    M2EK1    (0)    5 :  0.219 0.010 0.114 0.005 0.644 0.002 0.006 
241   MSV22F    (0)    5 :  0.079 0.012 0.022 0.007 0.873 0.002 0.005 
242   MSV273    (0)    5 :  0.004 0.002 0.003 0.002 0.982 0.003 0.004 
243   MSV0TL   (10)    5 :  0.057 0.012 0.088 0.707 0.123 0.005 0.009 
244   MSV0TT    (0)    5 :  0.003 0.002 0.004 0.003 0.983 0.002 0.003 
245   MSV12H    (0)    5 :  0.088 0.006 0.882 0.003 0.009 0.002 0.010 
246   MSV1TH    (0)    5 :  0.003 0.015 0.161 0.037 0.722 0.004 0.059 
247   MSV275    (0)    5 :  0.002 0.002 0.003 0.007 0.980 0.003 0.003 
248   MSV286    (0)    5 :  0.005 0.008 0.007 0.003 0.954 0.005 0.017 
249   MSV2H4    (0)    5 :  0.005 0.003 0.005 0.002 0.980 0.002 0.003 
250   MSV2K8    (0)    5 :  0.005 0.027 0.480 0.005 0.472 0.002 0.009 
251   MSV2PM    (0)    5 :  0.005 0.002 0.008 0.002 0.981 0.001 0.002 
252   MSV2X3    (0)    5 :  0.014 0.003 0.055 0.004 0.921 0.001 0.002 
253   MSV2X4    (0)    5 :  0.008 0.008 0.005 0.008 0.961 0.005 0.005 
254   MSV30U    (0)    5 :  0.012 0.003 0.050 0.004 0.928 0.001 0.003 
255  CX.111C    (0)    5 :  0.050 0.003 0.501 0.006 0.435 0.002 0.002 
256  AP.07M2    (0)    6 :  0.445 0.016 0.487 0.010 0.006 0.031 0.004 
257   HRV05C   (10)    6 :  0.079 0.005 0.892 0.011 0.007 0.005 0.002 
258   HRV077   (10)    6 :  0.092 0.017 0.749 0.016 0.036 0.006 0.085 
259   HRV0A0    (5)    6 :  0.032 0.004 0.054 0.003 0.898 0.006 0.003 
260   HRV0MC    (5)    6 :  0.008 0.003 0.974 0.007 0.004 0.002 0.002 
261   HRV00P    (0)    6 :  0.003 0.003 0.003 0.003 0.982 0.001 0.003 
262   HRV01J    (5)    6 :  0.004 0.002 0.003 0.004 0.982 0.002 0.003 
263   HRV026    (5)    6 :  0.003 0.003 0.003 0.005 0.983 0.002 0.002 
264   HRV02C    (0)    6 :  0.014 0.003 0.005 0.003 0.972 0.001 0.002 
265   HRV031    (0)    6 :  0.011 0.007 0.240 0.004 0.734 0.002 0.003 
266   HRV033    (0)    6 :  0.011 0.007 0.241 0.004 0.733 0.002 0.002 
267   HRV05L    (0)    6 :  0.484 0.255 0.036 0.005 0.214 0.002 0.005 
268   HRV06A    (0)    6 :  0.007 0.004 0.013 0.003 0.968 0.002 0.004 
269   HRV07P    (5)    6 :  0.917 0.005 0.056 0.004 0.012 0.002 0.003 
270   HRV0HC    (5)    6 :  0.414 0.004 0.551 0.004 0.013 0.009 0.005 
271   HRV0HU   (10)    6 :  0.054 0.257 0.293 0.007 0.381 0.004 0.004 
272   HRV0K1    (0)    6 :  0.012 0.008 0.007 0.004 0.963 0.002 0.003 
273   HRV0M6    (5)    6 :  0.003 0.016 0.003 0.005 0.965 0.005 0.004 
274   HRV0M7    (5)    6 :  0.009 0.005 0.972 0.002 0.006 0.002 0.004 
275   HRV0MK    (0)    6 :  0.003 0.004 0.004 0.002 0.981 0.001 0.003 
276   HRV1C7    (5)    6 :  0.011 0.049 0.010 0.005 0.920 0.002 0.004 
277   HRV1EA    (0)    6 :  0.913 0.004 0.025 0.002 0.042 0.005 0.009 
278    M147K    (5)    6 :  0.006 0.002 0.030 0.005 0.952 0.001 0.003 
279   HRV008    (0)    6 :  0.006 0.003 0.976 0.006 0.006 0.002 0.002 
280   HRV015    (0)    6 :  0.003 0.002 0.004 0.006 0.979 0.003 0.002 
281   HRV01F    (0)    6 :  0.004 0.003 0.005 0.003 0.977 0.003 0.003 
282   HRV01L    (0)    6 :  0.002 0.003 0.003 0.003 0.984 0.002 0.002 
283   HRV01M    (0)    6 :  0.007 0.010 0.954 0.007 0.014 0.002 0.006 
284   HRV020    (0)    6 :  0.002 0.002 0.002 0.005 0.984 0.002 0.003 
285   HRV022    (0)    6 :  0.003 0.002 0.003 0.005 0.979 0.004 0.003 
286   HRV02A    (0)    6 :  0.002 0.002 0.003 0.002 0.984 0.003 0.003 
287   HRV02K    (0)    6 :  0.002 0.003 0.002 0.006 0.981 0.003 0.003 
288   HRV04C    (0)    6 :  0.004 0.002 0.011 0.004 0.973 0.002 0.003 
289   HRV05H    (0)    6 :  0.006 0.015 0.957 0.003 0.007 0.003 0.010 
290   HRV076    (0)    6 :  0.049 0.009 0.902 0.006 0.017 0.007 0.010 
291   HRV07H    (0)    6 :  0.973 0.003 0.011 0.002 0.006 0.001 0.002 
292   HRV07X    (0)    6 :  0.710 0.013 0.188 0.002 0.076 0.007 0.005 
293   HRV080    (0)    6 :  0.981 0.002 0.004 0.002 0.007 0.001 0.002 
294   HRV086    (5)    6 :  0.008 0.007 0.907 0.007 0.064 0.002 0.005 
295   HRV0H3    (5)    6 :  0.004 0.003 0.003 0.004 0.980 0.002 0.004 
296   HRV0J3    (0)    6 :  0.004 0.003 0.981 0.002 0.004 0.002 0.003 
297   HRV0JX   (15)    6 :  0.007 0.004 0.970 0.006 0.004 0.005 0.004 
298   HRV0ML   (10)    6 :  0.015 0.004 0.009 0.006 0.962 0.002 0.002 
299   HRV1E8   (10)    6 :  0.951 0.006 0.015 0.003 0.019 0.002 0.005 
300   HRV007   (10)    6 :  0.066 0.025 0.830 0.006 0.055 0.003 0.015 
301   HRV005    (5)    6 :  0.005 0.005 0.966 0.004 0.011 0.002 0.008 
302   HRV05U    (5)    6 :  0.023 0.060 0.901 0.006 0.005 0.002 0.003 
303   HRV01U    (5)    6 :  0.015 0.004 0.966 0.002 0.004 0.002 0.006 
304  AP.07M1    (5)    6 :  0.003 0.004 0.005 0.003 0.980 0.002 0.003 
305  AP.07ME    (5)    6 :  0.007 0.009 0.949 0.004 0.013 0.003 0.015 
306  AP.0817    (5)    6 :  0.942 0.018 0.024 0.002 0.005 0.003 0.006 
307  AP.0863   (15)    6 :  0.180 0.205 0.505 0.019 0.067 0.012 0.012 
308  AP.087T    (5)    6 :  0.098 0.014 0.866 0.006 0.006 0.007 0.002 
309  AP.088T    (5)    6 :  0.439 0.009 0.532 0.004 0.010 0.002 0.003 
310  CH.0LM1   (15)    6 :  0.940 0.010 0.029 0.007 0.008 0.003 0.003 
311    M05X5    (5)    6 :  0.094 0.150 0.643 0.017 0.052 0.022 0.022 
312    M06JH    (5)    6 :  0.765 0.018 0.060 0.021 0.045 0.024 0.066 
313    M0A6K    (5)    6 :  0.751 0.026 0.162 0.003 0.048 0.003 0.007 
314    M0ETF    (5)    6 :  0.003 0.003 0.008 0.005 0.977 0.002 0.003 
315    M0LUP   (10)    6 :  0.011 0.006 0.859 0.005 0.113 0.003 0.004 
316    M16F1    (5)    6 :  0.008 0.009 0.772 0.031 0.174 0.002 0.005 
317    M182M    (5)    6 :  0.002 0.003 0.984 0.002 0.003 0.002 0.003 
318    M1CFL   (10)    6 :  0.008 0.019 0.837 0.010 0.121 0.002 0.004 
319    M2AXY   (10)    6 :  0.839 0.011 0.058 0.004 0.066 0.003 0.019 
320    M2AY2   (10)    6 :  0.027 0.006 0.935 0.003 0.005 0.019 0.004 
321    M2CHP   (10)    6 :  0.949 0.018 0.007 0.005 0.006 0.007 0.008 
322    W26LK    (5)    6 :  0.878 0.011 0.034 0.004 0.058 0.002 0.012 
323    W26ME   (10)    6 :  0.944 0.004 0.009 0.006 0.009 0.003 0.026 
324  AM.07FM    (0)    6 :  0.006 0.003 0.017 0.008 0.962 0.001 0.003 
325  AM.07FP    (5)    6 :  0.005 0.002 0.004 0.004 0.980 0.002 0.002 
326  AP.07M4    (0)    6 :  0.012 0.005 0.966 0.006 0.007 0.002 0.003 
327  AP.07M7    (0)    6 :  0.022 0.002 0.870 0.004 0.098 0.001 0.002 
328  AP.07M8    (0)    6 :  0.961 0.007 0.015 0.004 0.008 0.002 0.003 
329  AP.07MA    (0)    6 :  0.693 0.003 0.226 0.006 0.065 0.005 0.003 
330  AP.07MC    (0)    6 :  0.928 0.006 0.052 0.002 0.004 0.002 0.006 
331  AP.07P8    (0)    6 :  0.303 0.004 0.300 0.026 0.351 0.013 0.003 
332  AP.07U8    (0)    6 :  0.005 0.005 0.964 0.016 0.005 0.002 0.003 
333  AP.081F   (10)    6 :  0.980 0.003 0.004 0.003 0.006 0.002 0.002 
334  AP.081H   (10)    6 :  0.016 0.937 0.008 0.006 0.015 0.009 0.011 
335  AP.0820    (0)    6 :  0.925 0.039 0.010 0.006 0.004 0.014 0.003 
336  AP.0841    (5)    6 :  0.460 0.350 0.034 0.005 0.085 0.045 0.021 
337  AP.0858    (0)    6 :  0.913 0.013 0.054 0.005 0.007 0.002 0.004 
338  AP.085U    (5)    6 :  0.007 0.008 0.966 0.004 0.004 0.007 0.005 
339  AP.085X    (5)    6 :  0.012 0.008 0.008 0.010 0.954 0.002 0.006 
340  AP.0861    (5)    6 :  0.470 0.006 0.015 0.020 0.478 0.004 0.006 
341  AP.0864   (10)    6 :  0.014 0.005 0.958 0.011 0.008 0.002 0.003 
342  AP.086X    (0)    6 :  0.007 0.004 0.954 0.002 0.029 0.002 0.002 
343  AP.0872    (0)    6 :  0.390 0.006 0.561 0.005 0.031 0.002 0.004 
344  AP.0875    (0)    6 :  0.223 0.713 0.021 0.005 0.006 0.024 0.008 
345  AP.087A    (0)    6 :  0.004 0.004 0.972 0.002 0.013 0.002 0.003 
346  AP.087C    (0)    6 :  0.098 0.232 0.039 0.006 0.612 0.004 0.009 
347  AP.087E    (0)    6 :  0.037 0.005 0.041 0.004 0.908 0.002 0.004 
348  AP.087H    (0)    6 :  0.008 0.005 0.029 0.014 0.936 0.002 0.006 
349  AP.087K    (0)    6 :  0.044 0.077 0.837 0.015 0.013 0.003 0.010 
350  AP.087L    (0)    6 :  0.009 0.011 0.150 0.017 0.808 0.002 0.003 
351  AP.087M    (0)    6 :  0.965 0.007 0.016 0.003 0.004 0.002 0.002 
352  AP.087P    (0)    6 :  0.951 0.007 0.020 0.003 0.012 0.003 0.005 
353  AP.087U    (0)    6 :  0.093 0.719 0.067 0.058 0.044 0.009 0.010 
354  AP.087X    (0)    6 :  0.017 0.531 0.386 0.009 0.008 0.008 0.041 
355  AP.0881    (0)    6 :  0.032 0.774 0.084 0.015 0.014 0.008 0.072 
356  AP.0882    (0)    6 :  0.007 0.007 0.015 0.005 0.926 0.003 0.037 
357  AP.0883    (0)    6 :  0.468 0.018 0.461 0.017 0.010 0.021 0.005 
358  AP.0884    (0)    6 :  0.829 0.005 0.149 0.004 0.010 0.002 0.002 
359  AP.0885    (5)    6 :  0.031 0.007 0.933 0.006 0.012 0.003 0.008 
360  AP.0887    (0)    6 :  0.020 0.040 0.811 0.005 0.111 0.002 0.012 
361  AP.0888    (5)    6 :  0.136 0.549 0.032 0.004 0.007 0.263 0.010 
362  AP.088A    (0)    6 :  0.028 0.013 0.782 0.003 0.107 0.002 0.065 
363  AP.088C    (0)    6 :  0.008 0.372 0.135 0.063 0.408 0.006 0.008 
364  AP.088J    (0)    6 :  0.946 0.020 0.008 0.004 0.005 0.004 0.015 
365  AP.088K    (0)    6 :  0.013 0.124 0.822 0.006 0.015 0.004 0.015 
366  AP.088L    (0)    6 :  0.009 0.006 0.023 0.004 0.953 0.002 0.003 
367  AP.088U    (0)    6 :  0.026 0.004 0.040 0.007 0.911 0.002 0.010 
368  AP.088X    (0)    6 :  0.006 0.013 0.951 0.009 0.005 0.004 0.012 
369  AP.08A0    (0)    6 :  0.009 0.004 0.979 0.002 0.003 0.001 0.002 
370  AP.08A1    (0)    6 :  0.010 0.041 0.308 0.003 0.629 0.003 0.005 
371  AP.08A3    (0)    6 :  0.008 0.012 0.498 0.003 0.475 0.002 0.002 
372  AP.08A4    (0)    6 :  0.015 0.552 0.172 0.085 0.156 0.006 0.014 
373  AP.08A5    (0)    6 :  0.021 0.005 0.117 0.004 0.846 0.002 0.004 
374  AP.08A6    (0)    6 :  0.935 0.010 0.037 0.002 0.006 0.004 0.005 
375  AP.08A8    (5)    6 :  0.968 0.011 0.005 0.004 0.008 0.002 0.002 
376  AP.08AC    (0)    6 :  0.005 0.007 0.968 0.006 0.007 0.003 0.003 
377  AP.08AH    (0)    6 :  0.005 0.017 0.941 0.005 0.005 0.003 0.023 
378  AP.08AJ    (0)    6 :  0.748 0.004 0.222 0.003 0.017 0.003 0.003 
379  AP.08AM   (10)    6 :  0.030 0.007 0.940 0.006 0.012 0.002 0.003 
380  AP.08AT    (0)    6 :  0.627 0.004 0.357 0.003 0.005 0.002 0.002 
381  AP.08AX    (0)    6 :  0.005 0.015 0.224 0.003 0.749 0.002 0.002 
382  CH.0LLP    (0)    6 :  0.830 0.024 0.125 0.004 0.014 0.002 0.002 
383  CH.0LM2   (10)    6 :  0.035 0.011 0.861 0.005 0.077 0.003 0.008 
384  CH.0LM4    (5)    6 :  0.909 0.041 0.034 0.002 0.004 0.002 0.008 
385  CH.0LM5    (0)    6 :  0.973 0.004 0.007 0.003 0.007 0.002 0.004 
386    M0102    (5)    6 :  0.005 0.003 0.966 0.003 0.019 0.002 0.002 
387    M023A    (5)    6 :  0.014 0.003 0.037 0.003 0.939 0.001 0.003 
388    M03MM   (10)    6 :  0.755 0.029 0.026 0.004 0.169 0.005 0.014 
389    M04PF    (0)    6 :  0.005 0.003 0.980 0.004 0.005 0.002 0.002 
390    M04XH    (5)    6 :  0.930 0.005 0.017 0.004 0.030 0.005 0.010 
391    M04XM   (10)    6 :  0.005 0.010 0.047 0.006 0.927 0.002 0.003 
392    M0557    (0)    6 :  0.980 0.002 0.007 0.002 0.003 0.002 0.003 
393    M055C    (0)    6 :  0.182 0.056 0.615 0.032 0.052 0.043 0.020 
394    M05JC    (0)    6 :  0.778 0.011 0.032 0.003 0.123 0.002 0.051 
395    M05PH    (0)    6 :  0.909 0.009 0.017 0.006 0.032 0.003 0.024 
396    M05X6    (0)    6 :  0.031 0.004 0.704 0.004 0.244 0.002 0.011 
397    M07TC    (0)    6 :  0.162 0.005 0.197 0.002 0.626 0.005 0.003 
398    M0A66    (0)    6 :  0.087 0.008 0.472 0.028 0.393 0.002 0.009 
399    M0EYT    (0)    6 :  0.003 0.002 0.004 0.003 0.985 0.002 0.002 
400    M0FF2    (0)    6 :  0.003 0.003 0.006 0.004 0.981 0.001 0.002 
401    M0HJ6    (5)    6 :  0.346 0.119 0.314 0.003 0.184 0.008 0.025 
402   HRV0JL    (0)    6 :  0.005 0.003 0.005 0.003 0.980 0.001 0.002 
403   HRV0JP    (0)    6 :  0.069 0.004 0.019 0.038 0.850 0.007 0.013 
404   HRV0KA    (0)    6 :  0.004 0.003 0.984 0.002 0.003 0.002 0.003 
405   HRV0LJ    (5)    6 :  0.669 0.024 0.250 0.022 0.017 0.008 0.010 
406   HRV0LM    (0)    6 :  0.946 0.004 0.031 0.005 0.010 0.002 0.003 
407   HRV0LP    (0)    6 :  0.520 0.134 0.148 0.017 0.061 0.018 0.102 
408    M0HJ8    (0)    6 :  0.003 0.002 0.004 0.002 0.982 0.002 0.004 
409    M0HM3    (0)    6 :  0.106 0.236 0.049 0.011 0.585 0.002 0.010 
410    M0J1X    (0)    6 :  0.007 0.004 0.849 0.003 0.132 0.002 0.003 
411    M0L32    (0)    6 :  0.020 0.004 0.671 0.047 0.242 0.004 0.012 
412    M0L8F    (0)    6 :  0.011 0.005 0.964 0.003 0.004 0.006 0.006 
413    M0LUH    (0)    6 :  0.004 0.002 0.979 0.003 0.008 0.002 0.002 
414    M0XPJ    (0)    6 :  0.005 0.004 0.007 0.005 0.972 0.002 0.005 
415    M0XTE    (0)    6 :  0.083 0.044 0.784 0.005 0.040 0.025 0.019 
416    M157H    (0)    6 :  0.009 0.026 0.894 0.025 0.039 0.002 0.005 
417    M16YU    (0)    6 :  0.008 0.003 0.016 0.003 0.966 0.001 0.002 
418    M1751    (0)    6 :  0.003 0.005 0.979 0.002 0.006 0.002 0.003 
419    M1C2H    (0)    6 :  0.003 0.003 0.013 0.002 0.975 0.002 0.003 
420    M1E60    (0)    6 :  0.972 0.003 0.014 0.002 0.005 0.001 0.002 
421    M1EKX    (0)    6 :  0.006 0.003 0.022 0.003 0.963 0.002 0.002 
422    M1EKY    (0)    6 :  0.950 0.004 0.017 0.004 0.019 0.002 0.005 
423    M1EL3    (0)    6 :  0.958 0.004 0.022 0.003 0.006 0.004 0.004 
424    M1ELC    (0)    6 :  0.004 0.003 0.957 0.003 0.028 0.003 0.002 
425    M1ELE    (0)    6 :  0.004 0.002 0.981 0.002 0.008 0.002 0.002 
426    M2AY0   (10)    6 :  0.104 0.022 0.047 0.005 0.814 0.004 0.004 
427    M2AY4    (5)    6 :  0.008 0.055 0.654 0.011 0.062 0.002 0.207 
428    M2AY5   (10)    6 :  0.972 0.004 0.006 0.004 0.009 0.002 0.003 
429    M2AY8    (5)    6 :  0.005 0.005 0.859 0.009 0.005 0.100 0.016 
430    M2C3A   (10)    6 :  0.012 0.006 0.029 0.009 0.937 0.002 0.005 
431    M2C3F   (10)    6 :  0.873 0.006 0.011 0.085 0.013 0.005 0.007 
432   HRV0ME    (0)    6 :  0.003 0.003 0.003 0.003 0.981 0.003 0.004 
433    M2CHJ    (5)    6 :  0.009 0.004 0.955 0.004 0.010 0.007 0.011 
434    M2CHM    (5)    6 :  0.943 0.010 0.006 0.004 0.016 0.008 0.013 
435    M2CHY   (10)    6 :  0.748 0.003 0.209 0.012 0.019 0.003 0.006 
436    W23E8    (0)    6 :  0.004 0.004 0.008 0.005 0.974 0.002 0.003 
437    W23EM    (0)    6 :  0.003 0.003 0.973 0.003 0.013 0.003 0.002 
438    W23EX    (0)    6 :  0.003 0.002 0.983 0.002 0.005 0.002 0.002 
439    W23F0    (0)    6 :  0.004 0.003 0.815 0.002 0.171 0.002 0.002 
440    W26L5    (0)    6 :  0.949 0.005 0.005 0.026 0.008 0.004 0.003 
441    W26LM    (0)    6 :  0.169 0.509 0.227 0.002 0.022 0.039 0.032 
442    W26MJ    (0)    6 :  0.950 0.004 0.007 0.004 0.009 0.023 0.003 
443    W26ML    (0)    6 :  0.809 0.011 0.098 0.002 0.072 0.002 0.005 
444    W26MT    (0)    6 :  0.963 0.004 0.007 0.002 0.017 0.002 0.005 
445    W26PE    (5)    6 :  0.138 0.818 0.013 0.004 0.011 0.007 0.009 
446    W26PJ    (0)    6 :  0.036 0.879 0.013 0.011 0.005 0.011 0.046 
447    W26PT    (0)    6 :  0.007 0.013 0.968 0.003 0.004 0.002 0.004 
448    W26PX   (10)    6 :  0.080 0.584 0.311 0.008 0.010 0.004 0.004 
449    W26T0    (5)    6 :  0.005 0.005 0.977 0.004 0.004 0.002 0.003 
450    W26TC    (0)    6 :  0.604 0.010 0.356 0.003 0.023 0.001 0.003 
451    W26TJ    (5)    6 :  0.006 0.953 0.018 0.007 0.006 0.004 0.006 
452    W26UE    (5)    6 :  0.946 0.005 0.005 0.007 0.029 0.002 0.005 
453    W26UF    (0)    6 :  0.947 0.004 0.012 0.008 0.022 0.002 0.005 
454    W26UL    (0)    6 :  0.593 0.006 0.017 0.005 0.352 0.024 0.004 
455    W26X2    (0)    6 :  0.076 0.011 0.878 0.004 0.012 0.004 0.015 
456    W2716    (0)    6 :  0.188 0.725 0.034 0.003 0.038 0.003 0.008 
457   HRV1C6    (0)    6 :  0.015 0.177 0.040 0.009 0.755 0.002 0.003 
458   HRV1CX    (0)    6 :  0.964 0.007 0.006 0.007 0.009 0.003 0.004 
459   HRV1E2    (0)    6 :  0.969 0.003 0.012 0.003 0.008 0.002 0.003 
460   HRV1E4    (0)    6 :  0.041 0.010 0.010 0.003 0.911 0.002 0.024 
461   HRV1E5    (0)    6 :  0.914 0.006 0.046 0.003 0.028 0.002 0.003 
462   HRV1EC    (0)    6 :  0.821 0.005 0.065 0.004 0.099 0.002 0.004 
463   HRV1EK    (0)    6 :  0.004 0.003 0.006 0.004 0.977 0.004 0.003 
464   HRV001    (0)    6 :  0.009 0.002 0.957 0.003 0.017 0.002 0.010 
465   HRV00H    (0)    6 :  0.007 0.005 0.966 0.002 0.011 0.002 0.007 
466   HRV00K    (0)    6 :  0.004 0.003 0.963 0.002 0.022 0.002 0.004 
467   HRV01X    (0)    6 :  0.003 0.002 0.004 0.005 0.982 0.002 0.002 
468   HRV025    (0)    6 :  0.006 0.003 0.005 0.004 0.975 0.003 0.005 
469   HRV028    (0)    6 :  0.003 0.002 0.004 0.005 0.982 0.002 0.002 
470   HRV041    (0)    6 :  0.008 0.003 0.014 0.003 0.967 0.002 0.003 
471   HRV04F    (0)    6 :  0.003 0.002 0.005 0.002 0.984 0.002 0.003 
472   HRV04L    (0)    6 :  0.003 0.002 0.004 0.002 0.983 0.001 0.003 
473   HRV055    (0)    6 :  0.009 0.003 0.012 0.002 0.970 0.002 0.003 
474   HRV05J    (0)    6 :  0.211 0.051 0.651 0.039 0.042 0.002 0.003 
475   HRV07J    (0)    6 :  0.007 0.031 0.006 0.005 0.947 0.002 0.002 
476   HRV07K    (0)    6 :  0.964 0.003 0.009 0.008 0.012 0.002 0.002 
477   HRV07L    (0)    6 :  0.887 0.009 0.079 0.005 0.007 0.009 0.003 
478   HRV07M    (0)    6 :  0.012 0.003 0.018 0.003 0.959 0.002 0.003 
479   HRV0HM    (0)    6 :  0.003 0.009 0.004 0.004 0.969 0.005 0.006 
480   HRV0J2    (0)    6 :  0.003 0.003 0.982 0.003 0.006 0.001 0.002 
481   HRV0K3    (0)    6 :  0.003 0.006 0.009 0.003 0.972 0.002 0.006 
482   HRV0KE    (0)    6 :  0.009 0.011 0.015 0.003 0.957 0.002 0.004 
483   HRV0KF    (0)    6 :  0.119 0.190 0.143 0.008 0.521 0.005 0.013 
484   HRV0KU    (0)    6 :  0.689 0.031 0.193 0.018 0.053 0.010 0.007 
485   HRV0L6    (0)    6 :  0.951 0.006 0.027 0.003 0.008 0.002 0.003 
486   HRV0M2    (0)    6 :  0.895 0.005 0.065 0.008 0.018 0.004 0.004 
487   HRV0MF    (0)    6 :  0.002 0.002 0.003 0.002 0.987 0.002 0.002 
488   HRV0MJ    (0)    6 :  0.016 0.008 0.828 0.132 0.004 0.007 0.006 
489   HRV1AT    (0)    6 :  0.004 0.002 0.976 0.002 0.012 0.002 0.002 
490   HRV1C1    (0)    6 :  0.972 0.003 0.006 0.002 0.012 0.002 0.002 
491   HRV1CL    (0)    6 :  0.517 0.131 0.316 0.007 0.018 0.004 0.008 
492   HRV1E1    (0)    6 :  0.013 0.006 0.914 0.002 0.052 0.004 0.008 
493   HRV1E7    (0)    6 :  0.870 0.008 0.059 0.005 0.051 0.002 0.004 
494   HRV1EE    (0)    6 :  0.696 0.074 0.210 0.004 0.010 0.002 0.005 
495   HRV1ET    (0)    6 :  0.004 0.003 0.009 0.002 0.978 0.002 0.003 
496      148    (5)    7 :  0.011 0.152 0.732 0.004 0.028 0.029 0.045 
497      149    (0)    7 :  0.034 0.905 0.034 0.004 0.009 0.003 0.011 
498      213    (0)    7 :  0.014 0.795 0.166 0.012 0.005 0.004 0.003 
499      215    (0)    7 :  0.010 0.953 0.022 0.006 0.005 0.002 0.003 
500      218    (0)    7 :  0.420 0.321 0.223 0.014 0.014 0.003 0.004 
501      219    (0)    7 :  0.172 0.489 0.230 0.006 0.004 0.087 0.011 
502      222    (0)    7 :  0.506 0.432 0.011 0.008 0.021 0.004 0.018 
503      224    (0)    7 :  0.141 0.116 0.580 0.045 0.011 0.031 0.076 
504      225    (0)    7 :  0.031 0.890 0.005 0.020 0.043 0.002 0.009 
505      229    (0)    7 :  0.009 0.002 0.704 0.002 0.279 0.002 0.002 
506      231    (0)    7 :  0.493 0.383 0.085 0.005 0.025 0.005 0.004 
507   HRV1CP    (0)    7 :  0.053 0.451 0.413 0.020 0.048 0.004 0.011 
508      239    (0)    7 :  0.114 0.015 0.804 0.014 0.043 0.004 0.006 
509      240    (0)    7 :  0.029 0.914 0.020 0.005 0.025 0.002 0.005 
510      243    (0)    7 :  0.054 0.784 0.056 0.070 0.028 0.003 0.005 
511      248    (0)    7 :  0.088 0.003 0.512 0.004 0.388 0.002 0.003 
512      250    (0)    7 :  0.300 0.563 0.040 0.003 0.086 0.002 0.006 
513      251    (0)    7 :  0.054 0.533 0.355 0.003 0.042 0.010 0.005 
514      256    (0)    7 :  0.961 0.008 0.010 0.002 0.012 0.002 0.005 
515      260    (0)    7 :  0.013 0.039 0.785 0.002 0.010 0.007 0.143 
516      261    (0)    7 :  0.010 0.011 0.817 0.083 0.062 0.008 0.009 
517      263    (0)    7 :  0.014 0.060 0.626 0.003 0.052 0.005 0.239 
518      284    (0)    7 :  0.037 0.874 0.052 0.013 0.011 0.003 0.010 
519      285    (0)    7 :  0.020 0.871 0.059 0.025 0.011 0.004 0.009 
520      286    (0)    7 :  0.526 0.016 0.374 0.002 0.025 0.051 0.006 
521      289    (0)    7 :  0.157 0.443 0.160 0.007 0.193 0.004 0.037 
522      291    (0)    7 :  0.034 0.693 0.122 0.017 0.110 0.003 0.022 
523      292    (0)    7 :  0.005 0.972 0.007 0.004 0.003 0.003 0.006 
524      293    (0)    7 :  0.046 0.730 0.183 0.014 0.020 0.004 0.003 
525   BF0001    (0)    7 :  0.242 0.604 0.011 0.002 0.126 0.005 0.008 
526   BF0002    (0)    7 :  0.944 0.012 0.004 0.011 0.005 0.021 0.003 
527    M2AY6   (10)    7 :  0.186 0.006 0.764 0.005 0.027 0.005 0.006 
528  Slov472    (5)    7 :  0.020 0.430 0.444 0.017 0.082 0.004 0.004 
529   BF0026    (0)    7 :  0.004 0.609 0.004 0.002 0.004 0.005 0.372 
530   BF0028    (0)    7 :  0.009 0.962 0.015 0.002 0.004 0.003 0.004 
531  CK.0PP5    (0)    7 :  0.012 0.934 0.027 0.012 0.004 0.005 0.006 
532  CK.0PP8    (0)    7 :  0.015 0.938 0.024 0.004 0.009 0.004 0.006 
533  CK.0PPC    (0)    7 :  0.008 0.946 0.016 0.004 0.004 0.007 0.016 
534  Slov166    (0)    7 :  0.010 0.961 0.016 0.002 0.005 0.002 0.005 
535  Slov189    (0)    7 :  0.014 0.917 0.049 0.005 0.005 0.006 0.004 
536  Slov196    (0)    7 :  0.015 0.953 0.016 0.003 0.003 0.004 0.006 
537  Slov204    (0)    7 :  0.008 0.971 0.005 0.003 0.007 0.002 0.004 
538   Slov24    (5)    7 :  0.049 0.578 0.244 0.003 0.048 0.005 0.073 
539   Slov26    (0)    7 :  0.012 0.924 0.003 0.016 0.002 0.004 0.038 
540   Slov33    (0)    7 :  0.258 0.684 0.019 0.003 0.021 0.002 0.014 
541  Slov447    (0)    7 :  0.023 0.687 0.102 0.004 0.021 0.004 0.159 
542  Slov449    (0)    7 :  0.266 0.574 0.062 0.006 0.060 0.013 0.019 
543  Slov492    (0)    7 :  0.010 0.947 0.012 0.002 0.003 0.002 0.023 
544   Slov56    (5)    7 :  0.012 0.006 0.094 0.009 0.058 0.002 0.818 
545    Slov7    (0)    7 :  0.029 0.915 0.017 0.007 0.009 0.007 0.016 
546   Slov70    (0)    7 :  0.004 0.968 0.003 0.011 0.007 0.002 0.004 
547   Slov75    (0)    7 :  0.004 0.981 0.002 0.002 0.002 0.002 0.006 
548   Slov78    (0)    7 :  0.005 0.958 0.007 0.006 0.010 0.003 0.011 
549   Slov85    (0)    7 :  0.088 0.026 0.843 0.020 0.015 0.002 0.006 
550   BF0003    (0)    7 :  0.535 0.335 0.079 0.021 0.019 0.003 0.008 
551   BF0004    (5)    7 :  0.085 0.810 0.056 0.008 0.031 0.003 0.007 
552   BF0005    (5)    7 :  0.005 0.941 0.006 0.003 0.007 0.003 0.035 
553   BF0006    (0)    7 :  0.009 0.952 0.019 0.003 0.011 0.003 0.003 
554   BF0007    (0)    7 :  0.021 0.940 0.006 0.005 0.004 0.002 0.022 
555   BF0008    (0)    7 :  0.014 0.899 0.009 0.003 0.033 0.015 0.026 
556   BF000A    (0)    7 :  0.023 0.933 0.028 0.003 0.007 0.002 0.004 
557   BF000C    (0)    7 :  0.023 0.447 0.103 0.006 0.401 0.006 0.014 
558   BF000E    (0)    7 :  0.026 0.928 0.011 0.007 0.006 0.010 0.010 
559   BF000F    (0)    7 :  0.044 0.717 0.153 0.003 0.071 0.004 0.008 
560   BF000H    (0)    7 :  0.024 0.607 0.231 0.006 0.076 0.002 0.055 
561   BF000J    (0)    7 :  0.062 0.696 0.027 0.011 0.129 0.003 0.073 
562   BF000K    (0)    7 :  0.028 0.904 0.036 0.004 0.020 0.002 0.005 
563   BF000L    (0)    7 :  0.165 0.402 0.280 0.004 0.029 0.007 0.113 
564   BF000M    (0)    8 :  0.007 0.893 0.035 0.005 0.054 0.003 0.002 
565   BF000P    (0)    8 :  0.012 0.942 0.011 0.005 0.024 0.003 0.003 
566   BF000T    (0)    8 :  0.405 0.561 0.014 0.004 0.007 0.005 0.003 
567   BF000U    (0)    8 :  0.018 0.950 0.006 0.008 0.009 0.004 0.004 
568   BF000X    (0)    8 :  0.006 0.961 0.008 0.003 0.014 0.003 0.005 
569   BF0010    (0)    8 :  0.007 0.977 0.005 0.002 0.004 0.001 0.004 
570   BF0011    (0)    8 :  0.005 0.950 0.022 0.005 0.013 0.002 0.003 
571   BF0012    (0)    8 :  0.016 0.905 0.009 0.003 0.008 0.014 0.045 
572   BF0013    (0)    8 :  0.016 0.917 0.011 0.012 0.009 0.016 0.018 
573   BF0014    (0)    8 :  0.011 0.877 0.029 0.011 0.058 0.004 0.012 
574   BF0015    (0)    8 :  0.003 0.974 0.010 0.003 0.004 0.002 0.003 
575   BF0016    (0)    8 :  0.004 0.973 0.004 0.004 0.005 0.004 0.005 
576   BF0017    (0)    8 :  0.244 0.739 0.005 0.002 0.004 0.003 0.003 
577   BF0018    (0)    8 :  0.010 0.922 0.044 0.010 0.007 0.002 0.004 
578   BF001A    (0)    8 :  0.004 0.978 0.004 0.002 0.004 0.004 0.003 
579   BF001C    (0)    8 :  0.005 0.972 0.007 0.003 0.007 0.002 0.003 
580   BF001E    (0)    8 :  0.002 0.979 0.004 0.004 0.003 0.002 0.005 
581   BF001F    (0)    8 :  0.030 0.914 0.031 0.005 0.007 0.005 0.009 
582   BF001H    (0)    8 :  0.011 0.974 0.005 0.002 0.004 0.002 0.003 
583   BF001J    (0)    8 :  0.005 0.978 0.003 0.004 0.003 0.002 0.004 
584   BF001K    (0)    8 :  0.008 0.899 0.009 0.007 0.047 0.004 0.026 
585   BF001L    (0)    8 :  0.004 0.966 0.003 0.010 0.004 0.003 0.011 
586   BF001M    (0)    8 :  0.005 0.971 0.003 0.011 0.004 0.002 0.004 
587   BF001P    (0)    8 :  0.006 0.957 0.004 0.021 0.004 0.002 0.007 
588   BF001T    (0)    8 :  0.006 0.977 0.003 0.003 0.003 0.002 0.006 
589   BF001U    (0)    8 :  0.010 0.967 0.004 0.002 0.007 0.005 0.004 
590   BF001X    (0)    8 :  0.016 0.941 0.028 0.002 0.004 0.003 0.006 
591   BF0020    (0)    8 :  0.012 0.962 0.005 0.004 0.009 0.005 0.004 
592   BF0022    (0)    8 :  0.006 0.944 0.002 0.003 0.002 0.038 0.004 
593   BF0023    (0)    8 :  0.003 0.963 0.005 0.012 0.006 0.004 0.008 
594   BF0025    (0)    8 :  0.010 0.961 0.009 0.008 0.005 0.004 0.004 
595  CX.10JP    (0)    9 :  0.007 0.974 0.004 0.004 0.004 0.003 0.004 
596  CX.10JX    (0)    9 :  0.002 0.962 0.007 0.004 0.010 0.006 0.009 
597  CX.10K0    (0)    9 :  0.003 0.964 0.009 0.007 0.006 0.004 0.008 
598  CX.10K5    (0)    9 :  0.005 0.935 0.016 0.009 0.013 0.002 0.022 
599  CX.10K6    (0)    9 :  0.003 0.983 0.002 0.003 0.003 0.002 0.003 
600  CX.10K7    (0)    9 :  0.012 0.954 0.004 0.004 0.006 0.011 0.009 
601  CX.10KA    (0)    9 :  0.003 0.969 0.003 0.002 0.005 0.012 0.006 
602  CX.10KC    (0)    9 :  0.004 0.966 0.004 0.003 0.004 0.017 0.004 
603  CX.10KH    (0)    9 :  0.009 0.956 0.003 0.003 0.005 0.013 0.011 
604  CX.10KL    (0)    9 :  0.006 0.899 0.003 0.061 0.002 0.006 0.021 
605  CX.10KM    (0)    9 :  0.002 0.984 0.004 0.002 0.002 0.002 0.003 
606  CX.10KT    (0)    9 :  0.002 0.965 0.004 0.003 0.004 0.002 0.020 
607  CX.10KU    (0)    9 :  0.008 0.968 0.007 0.002 0.006 0.002 0.007 
608  CX.10KX    (0)    9 :  0.006 0.977 0.003 0.003 0.004 0.003 0.003 
609  CX.10L0    (0)    9 :  0.210 0.762 0.006 0.003 0.008 0.006 0.006 
610  CX.10L6   (10)    9 :  0.004 0.978 0.006 0.003 0.003 0.003 0.004 
611  CX.10L7    (0)    9 :  0.004 0.946 0.006 0.005 0.009 0.004 0.027 
612  CX.10L8    (0)    9 :  0.021 0.855 0.041 0.014 0.020 0.032 0.018 
613  CX.10LA    (0)    9 :  0.014 0.958 0.008 0.006 0.006 0.002 0.005 
614  CX.10LE    (0)    9 :  0.003 0.908 0.003 0.005 0.007 0.004 0.069 
615  CX.10LH    (5)    9 :  0.003 0.978 0.003 0.003 0.006 0.004 0.004 
616  CX.10LK    (0)    9 :  0.003 0.968 0.010 0.007 0.005 0.003 0.004 
617  CX.10LL    (0)    9 :  0.003 0.979 0.003 0.002 0.005 0.002 0.005 
618  CX.10LP    (0)    9 :  0.004 0.925 0.006 0.009 0.008 0.030 0.018 
619  CX.10LT    (0)    9 :  0.004 0.979 0.003 0.002 0.002 0.008 0.003 
620  CX.10LU    (0)    9 :  0.004 0.977 0.005 0.005 0.005 0.002 0.003 
621  CX.10M1    (0)    9 :  0.003 0.965 0.003 0.002 0.004 0.003 0.020 
622  CX.10M2    (5)    9 :  0.007 0.979 0.003 0.002 0.003 0.002 0.006 
623  CX.10M3    (0)    9 :  0.011 0.958 0.006 0.004 0.012 0.005 0.005 
624  CX.10M5    (0)    9 :  0.010 0.968 0.004 0.003 0.007 0.003 0.004 
625  CX.10M6    (0)    9 :  0.004 0.978 0.003 0.003 0.004 0.003 0.005 
626  CX.10M7    (0)    9 :  0.005 0.938 0.006 0.012 0.021 0.009 0.009 
627  CX.10M8    (0)    9 :  0.005 0.966 0.009 0.005 0.003 0.003 0.008 
628  CX.10P3    (0)    9 :  0.028 0.923 0.011 0.016 0.006 0.002 0.013 
629  CX.10P7    (0)    9 :  0.016 0.965 0.005 0.004 0.003 0.002 0.005 
630  CX.10PC    (0)    9 :  0.004 0.972 0.010 0.004 0.004 0.002 0.003 
631  CX.10PE    (0)    9 :  0.006 0.976 0.004 0.002 0.003 0.002 0.007 
632  CX.10PU    (5)    9 :  0.006 0.973 0.004 0.007 0.005 0.003 0.003 
633  CX.10PX    (0)    9 :  0.004 0.959 0.006 0.003 0.008 0.003 0.018 
634  CX.10T0    (0)    9 :  0.004 0.948 0.022 0.003 0.003 0.005 0.015 
635  CX.10T2    (0)    9 :  0.005 0.975 0.004 0.003 0.006 0.002 0.005 
636  CX.10JT    (5)    9 :  0.007 0.938 0.004 0.004 0.004 0.040 0.004 
637  CX.10JY    (5)    9 :  0.004 0.941 0.009 0.005 0.002 0.002 0.036 
638  CX.10K4   (10)    9 :  0.003 0.973 0.006 0.004 0.005 0.004 0.006 
639  CX.10KE    (5)    9 :  0.003 0.968 0.003 0.003 0.003 0.003 0.018 
640  CX.10KY    (5)    9 :  0.003 0.984 0.003 0.002 0.003 0.002 0.003 
641  CX.10L2    (5)    9 :  0.005 0.976 0.004 0.004 0.003 0.003 0.004 
642  CX.10L3    (5)    9 :  0.009 0.864 0.013 0.003 0.017 0.005 0.091 
643  CX.10LF    (5)    9 :  0.003 0.977 0.004 0.005 0.003 0.003 0.005 
644  CX.10LM   (10)    9 :  0.059 0.843 0.040 0.004 0.041 0.003 0.009 
645  CX.10LY    (5)    9 :  0.015 0.835 0.027 0.007 0.061 0.009 0.046 
646  CX.10M0    (5)    9 :  0.004 0.980 0.005 0.003 0.002 0.003 0.003 
647  CX.10MA    (5)    9 :  0.007 0.817 0.045 0.019 0.071 0.004 0.036 
648  CK.0PLA    (5)   10 :  0.005 0.004 0.006 0.970 0.006 0.004 0.005 
649  CK.0PLC    (0)   10 :  0.026 0.018 0.006 0.907 0.021 0.007 0.014 
650  CK.0PLE    (0)   10 :  0.003 0.004 0.004 0.981 0.003 0.002 0.004 
651  CK.0PLF    (0)   10 :  0.003 0.017 0.013 0.783 0.156 0.013 0.015 
652  CK.0PLH    (0)   10 :  0.004 0.002 0.004 0.977 0.007 0.003 0.003 
653  CK.0PLJ    (0)   10 :  0.006 0.056 0.007 0.917 0.007 0.004 0.003 
654  CK.0PLK    (0)   10 :  0.004 0.002 0.002 0.984 0.004 0.002 0.003 
655  CK.0PLL    (0)   10 :  0.004 0.005 0.004 0.976 0.003 0.006 0.003 
656  CK.0PLM    (0)   10 :  0.011 0.007 0.002 0.962 0.003 0.010 0.005 
657  CK.0PLP    (0)   10 :  0.007 0.006 0.005 0.967 0.006 0.004 0.004 
658  CK.0PLT    (0)   10 :  0.002 0.002 0.002 0.989 0.002 0.001 0.002 
659  CK.0PLU    (0)   10 :  0.003 0.002 0.003 0.985 0.003 0.002 0.002 
660  CK.0PLX    (0)   10 :  0.005 0.006 0.011 0.951 0.005 0.007 0.013 
661  CK.0PLY    (5)   10 :  0.002 0.002 0.002 0.989 0.002 0.001 0.002 
662  CK.0PM0    (0)   10 :  0.036 0.003 0.002 0.947 0.003 0.006 0.003 
663  CK.0PM1    (0)   10 :  0.002 0.002 0.002 0.987 0.002 0.002 0.002 
664  CK.0PM2    (0)   10 :  0.008 0.004 0.004 0.962 0.005 0.004 0.015 
665  CK.0PM3    (0)   10 :  0.003 0.003 0.004 0.982 0.002 0.004 0.002 
666  CK.0PM4    (0)   10 :  0.004 0.018 0.006 0.958 0.003 0.009 0.004 
667  CK.0PM7    (0)   10 :  0.002 0.002 0.002 0.987 0.003 0.002 0.002 
668  CK.0PM8    (0)   10 :  0.002 0.003 0.002 0.987 0.002 0.002 0.003 
669  CK.0PMA    (0)   10 :  0.003 0.005 0.004 0.975 0.003 0.004 0.005 
670    M2C06    (0)   10 :  0.002 0.003 0.002 0.987 0.002 0.002 0.002 
671    M2C07    (0)   10 :  0.002 0.002 0.002 0.991 0.002 0.001 0.002 
672    M2C08    (0)   10 :  0.002 0.001 0.002 0.991 0.002 0.001 0.001 
673    M2C0A    (0)   10 :  0.003 0.003 0.003 0.984 0.002 0.002 0.003 
674    M2C0C    (0)   10 :  0.002 0.002 0.002 0.986 0.003 0.003 0.002 
675    M2C0E    (0)   10 :  0.002 0.002 0.002 0.989 0.002 0.002 0.002 
676  EF.15EU    (5)   11 :  0.002 0.004 0.002 0.004 0.002 0.003 0.983 
677  EF.15EE    (0)   11 :  0.003 0.003 0.002 0.002 0.002 0.002 0.986 
678  EF.15EF    (0)   11 :  0.002 0.007 0.007 0.003 0.003 0.002 0.976 
679  EF.15EH    (0)   11 :  0.002 0.005 0.003 0.002 0.002 0.003 0.983 
680  EF.15EJ    (5)   11 :  0.002 0.004 0.003 0.002 0.003 0.003 0.983 
681  EF.15EK    (0)   11 :  0.002 0.002 0.002 0.002 0.002 0.003 0.987 
682  EF.15EL    (0)   11 :  0.003 0.003 0.003 0.003 0.003 0.010 0.976 
683  EF.15EM    (0)   11 :  0.003 0.003 0.003 0.002 0.002 0.003 0.983 
684  EF.15EP    (0)   11 :  0.002 0.002 0.002 0.003 0.002 0.004 0.985 
685  EF.15ET    (0)   11 :  0.002 0.002 0.002 0.002 0.002 0.006 0.984 
686  EF.15EX    (0)   11 :  0.002 0.005 0.003 0.002 0.002 0.003 0.984 
687  EF.15F0    (0)   11 :  0.002 0.004 0.002 0.002 0.002 0.009 0.980 
688  EF.15F1    (5)   11 :  0.005 0.006 0.004 0.002 0.002 0.008 0.973 
689  EF.15F2    (0)   11 :  0.002 0.002 0.002 0.003 0.002 0.002 0.987 
690  EF.15F3    (0)   11 :  0.002 0.003 0.002 0.002 0.002 0.003 0.986 
691  EF.15F4    (0)   11 :  0.002 0.002 0.002 0.002 0.002 0.002 0.989 
692  EF.15F5    (0)   11 :  0.004 0.006 0.003 0.002 0.003 0.014 0.969 
693  EF.15F6    (0)   11 :  0.001 0.002 0.002 0.002 0.002 0.002 0.989 
694  EF.15FC    (0)   11 :  0.003 0.003 0.004 0.005 0.003 0.003 0.978 
695  EF.15FE    (0)   11 :  0.003 0.021 0.003 0.003 0.006 0.051 0.913 
696  EF.15FF    (0)   11 :  0.002 0.002 0.003 0.002 0.002 0.003 0.987 
697  EF.15FH    (0)   11 :  0.003 0.004 0.003 0.002 0.002 0.002 0.984 
698  EF.15FJ    (0)   11 :  0.005 0.016 0.004 0.004 0.005 0.005 0.963 
699  EF.15FK    (0)   11 :  0.002 0.011 0.003 0.003 0.003 0.089 0.889 
700  EF.15FL    (0)   11 :  0.002 0.003 0.003 0.002 0.002 0.002 0.986 
701  EF.15FM    (0)   11 :  0.002 0.003 0.002 0.003 0.002 0.002 0.985 
702  EF.15FP    (0)   11 :  0.002 0.003 0.002 0.003 0.002 0.003 0.986 
703   CC00K0    (0)   12 :  0.008 0.015 0.003 0.003 0.006 0.002 0.962 
704   CC01AY    (0)   12 :  0.008 0.058 0.014 0.015 0.006 0.003 0.897 
705   CC01EE    (0)   12 :  0.013 0.024 0.019 0.008 0.019 0.004 0.913 
706   CC03KH    (0)   12 :  0.012 0.141 0.023 0.003 0.006 0.004 0.811 
707   CC04FK    (0)   12 :  0.110 0.243 0.016 0.006 0.008 0.015 0.603 
708   CC04H8    (0)   12 :  0.020 0.073 0.022 0.020 0.008 0.006 0.852 
709   CC05EL    (0)   12 :  0.067 0.194 0.032 0.009 0.004 0.012 0.684 
710   CC05EM    (0)   12 :  0.007 0.088 0.009 0.004 0.015 0.002 0.875 
711   CC05EX    (0)   12 :  0.011 0.089 0.008 0.005 0.006 0.002 0.879 
712   CC05H2    (0)   12 :  0.022 0.107 0.009 0.024 0.054 0.002 0.783 
713   CC05HP    (0)   12 :  0.011 0.004 0.006 0.003 0.009 0.002 0.966 
714   CC05X0    (0)   12 :  0.003 0.010 0.018 0.002 0.006 0.002 0.958 
715   CC05X7    (0)   12 :  0.007 0.005 0.006 0.005 0.008 0.003 0.967 
716   CC0637    (0)   12 :  0.008 0.031 0.005 0.011 0.019 0.002 0.924 
717   CC0640    (0)   12 :  0.006 0.008 0.009 0.007 0.006 0.002 0.961 
718   FCC01M    (0)   12 :  0.003 0.007 0.003 0.011 0.008 0.002 0.966 
719   FCC2JC    (0)   12 :  0.041 0.072 0.017 0.006 0.023 0.052 0.790 
720   CC00JM    (0)   12 :  0.008 0.004 0.005 0.008 0.013 0.011 0.951 
721   CC00T6    (0)   12 :  0.040 0.021 0.069 0.038 0.023 0.006 0.804 
722   CC00T7    (0)   12 :  0.017 0.007 0.010 0.003 0.018 0.002 0.943 
723   CC00TC    (0)   12 :  0.003 0.003 0.003 0.008 0.003 0.002 0.978 
724   CC01CJ    (0)   12 :  0.005 0.003 0.004 0.024 0.045 0.007 0.912 
725   CC01CY    (5)   12 :  0.011 0.006 0.007 0.019 0.013 0.002 0.943 
726   CC01EC    (0)   12 :  0.004 0.004 0.004 0.003 0.004 0.003 0.978 
727   CC01EH    (0)   12 :  0.005 0.003 0.003 0.010 0.003 0.004 0.972 
728   CC01F2    (0)   12 :  0.023 0.012 0.017 0.004 0.015 0.004 0.925 
729   CC01FL    (0)   12 :  0.005 0.004 0.005 0.030 0.007 0.002 0.946 
730   CC025E    (0)   12 :  0.004 0.004 0.007 0.006 0.005 0.005 0.968 
731   CC03E3    (0)   12 :  0.009 0.034 0.006 0.214 0.013 0.003 0.721 
732   CC04AU    (0)   12 :  0.003 0.003 0.003 0.002 0.005 0.002 0.983 
733   CC04EK    (5)   12 :  0.005 0.005 0.003 0.004 0.010 0.002 0.972 
734   CC05FX    (0)   12 :  0.003 0.003 0.003 0.004 0.004 0.002 0.982 
735   CC05H7    (0)   12 :  0.055 0.126 0.027 0.034 0.025 0.007 0.725 
736   CC05M5    (0)   12 :  0.004 0.004 0.003 0.002 0.005 0.002 0.980 
737   CC05YK    (0)   12 :  0.012 0.034 0.011 0.104 0.005 0.007 0.828 
738   CC0630    (0)   12 :  0.012 0.343 0.035 0.004 0.035 0.006 0.564 
739   CC066E    (5)   12 :  0.061 0.174 0.018 0.006 0.028 0.009 0.703 
740   CC01ET    (5)   12 :  0.006 0.046 0.005 0.038 0.006 0.010 0.889 
741   CC01F1    (5)   12 :  0.005 0.011 0.004 0.006 0.006 0.003 0.964 
742   CC063M    (5)   12 :  0.024 0.010 0.013 0.018 0.012 0.008 0.915 


Estimated Allele Frequencies in each cluster
First column gives estimated ancestral frequencies


Locus 1 : Cl147 
25 alleles
0.0% missing data
  45   (0.035) 0.050 0.001 0.008 0.001 0.000 0.158 0.001 
  69   (0.132) 0.265 0.162 0.298 0.203 0.269 0.099 0.011 
  73   (0.153) 0.202 0.119 0.119 0.078 0.044 0.174 0.174 
  77   (0.068) 0.005 0.066 0.007 0.101 0.001 0.109 0.058 
  56   (0.036) 0.078 0.002 0.037 0.002 0.001 0.053 0.002 
  65   (0.081) 0.123 0.083 0.167 0.481 0.214 0.021 0.003 
  41   (0.028) 0.001 0.001 0.002 0.031 0.000 0.143 0.001 
  52   (0.055) 0.046 0.005 0.014 0.003 0.002 0.104 0.026 
  48   (0.038) 0.001 0.160 0.001 0.010 0.009 0.021 0.002 
  81   (0.035) 0.001 0.010 0.001 0.046 0.000 0.011 0.110 
  49   (0.013) 0.000 0.001 0.000 0.000 0.000 0.037 0.001 
  60   (0.032) 0.018 0.007 0.003 0.001 0.000 0.026 0.001 
  84   (0.017) 0.000 0.011 0.000 0.001 0.000 0.006 0.001 
  89   (0.018) 0.000 0.001 0.000 0.001 0.000 0.010 0.015 
  61   (0.033) 0.002 0.109 0.025 0.001 0.001 0.007 0.002 
  44   (0.037) 0.073 0.007 0.295 0.002 0.359 0.003 0.002 
  85   (0.018) 0.008 0.001 0.000 0.001 0.000 0.002 0.073 
  72   (0.019) 0.003 0.044 0.002 0.001 0.000 0.002 0.001 
  68   (0.059) 0.119 0.082 0.019 0.003 0.096 0.005 0.145 
  80   (0.015) 0.001 0.002 0.000 0.001 0.000 0.001 0.203 
 801   (0.013) 0.000 0.073 0.000 0.000 0.000 0.001 0.001 
  40   (0.022) 0.001 0.029 0.002 0.033 0.000 0.002 0.001 
  64   (0.012) 0.000 0.001 0.000 0.000 0.000 0.001 0.080 
  76   (0.020) 0.000 0.020 0.000 0.001 0.000 0.002 0.084 
  88   (0.011) 0.000 0.004 0.000 0.000 0.000 0.001 0.001 

Locus 2 : Cl233 
34 alleles
0.0% missing data
  63   (0.162) 0.153 0.176 0.165 0.234 0.136 0.186 0.212 
  85   (0.022) 0.036 0.001 0.000 0.001 0.000 0.056 0.001 
  73   (0.013) 0.000 0.000 0.000 0.000 0.000 0.037 0.001 
  79   (0.014) 0.000 0.001 0.000 0.000 0.000 0.042 0.001 
  71   (0.088) 0.017 0.082 0.058 0.004 0.035 0.130 0.059 
  77   (0.012) 0.000 0.000 0.000 0.000 0.000 0.028 0.000 
  75   (0.031) 0.029 0.004 0.003 0.001 0.000 0.059 0.001 
  67   (0.125) 0.134 0.209 0.280 0.005 0.152 0.104 0.102 
  55   (0.134) 0.368 0.199 0.241 0.475 0.542 0.036 0.267 
  59   (0.097) 0.253 0.073 0.243 0.004 0.131 0.040 0.198 
  81   (0.014) 0.000 0.001 0.000 0.001 0.000 0.087 0.001 
  83   (0.013) 0.000 0.000 0.000 0.000 0.000 0.028 0.001 
  93   (0.011) 0.000 0.000 0.000 0.000 0.000 0.010 0.000 
 101   (0.011) 0.000 0.000 0.000 0.000 0.000 0.005 0.000 
  69   (0.011) 0.000 0.000 0.000 0.000 0.000 0.010 0.000 
  51   (0.043) 0.002 0.167 0.003 0.002 0.000 0.026 0.147 
 100   (0.012) 0.000 0.000 0.000 0.000 0.000 0.015 0.000 
  92   (0.010) 0.000 0.000 0.000 0.000 0.000 0.005 0.001 
1121   (0.011) 0.000 0.000 0.000 0.000 0.000 0.005 0.000 
1001   (0.010) 0.000 0.000 0.000 0.000 0.000 0.005 0.000 
  89   (0.012) 0.000 0.000 0.000 0.000 0.000 0.019 0.000 
 711   (0.010) 0.000 0.000 0.000 0.000 0.000 0.005 0.000 
 116   (0.010) 0.000 0.000 0.000 0.000 0.000 0.005 0.000 
  80   (0.010) 0.000 0.000 0.000 0.000 0.000 0.005 0.000 
  43   (0.010) 0.000 0.000 0.000 0.000 0.000 0.005 0.000 
  84   (0.010) 0.000 0.000 0.000 0.000 0.000 0.005 0.000 
  88   (0.012) 0.000 0.000 0.000 0.000 0.000 0.015 0.000 
 104   (0.011) 0.000 0.000 0.000 0.000 0.000 0.010 0.000 
  97   (0.010) 0.000 0.000 0.000 0.000 0.000 0.005 0.000 
 791   (0.010) 0.000 0.000 0.000 0.000 0.000 0.005 0.000 
  35   (0.017) 0.001 0.079 0.003 0.001 0.000 0.002 0.001 
  74   (0.011) 0.000 0.000 0.000 0.131 0.000 0.001 0.000 
  78   (0.010) 0.000 0.000 0.000 0.044 0.000 0.001 0.000 
  70   (0.011) 0.000 0.000 0.000 0.088 0.000 0.001 0.000 

Locus 3 : Cl264 
30 alleles
0.5% missing data
  65   (0.129) 0.167 0.269 0.091 0.258 0.070 0.099 0.260 
 651   (0.080) 0.020 0.023 0.081 0.028 0.039 0.192 0.026 
 691   (0.054) 0.099 0.014 0.077 0.002 0.002 0.146 0.007 
  57   (0.041) 0.006 0.042 0.006 0.009 0.082 0.006 0.178 
  61   (0.070) 0.194 0.237 0.108 0.004 0.276 0.012 0.064 
 731   (0.023) 0.016 0.001 0.000 0.001 0.000 0.093 0.005 
 811   (0.012) 0.000 0.000 0.000 0.000 0.000 0.028 0.000 
 611   (0.061) 0.076 0.040 0.047 0.004 0.051 0.041 0.014 
  69   (0.131) 0.183 0.108 0.172 0.159 0.362 0.121 0.262 
  77   (0.028) 0.001 0.002 0.046 0.213 0.004 0.019 0.001 
  49   (0.013) 0.000 0.000 0.000 0.000 0.000 0.050 0.001 
  45   (0.010) 0.000 0.000 0.000 0.000 0.000 0.005 0.000 
 491   (0.015) 0.016 0.001 0.000 0.001 0.000 0.006 0.001 
 571   (0.022) 0.001 0.039 0.000 0.001 0.000 0.010 0.006 
 771   (0.012) 0.000 0.000 0.000 0.000 0.000 0.050 0.001 
  89   (0.012) 0.000 0.000 0.000 0.000 0.000 0.023 0.000 
 652   (0.014) 0.000 0.001 0.000 0.015 0.000 0.006 0.001 
  53   (0.044) 0.064 0.088 0.313 0.002 0.001 0.016 0.004 
  73   (0.072) 0.019 0.046 0.047 0.193 0.096 0.033 0.050 
  80   (0.010) 0.000 0.000 0.000 0.000 0.000 0.010 0.000 
 531   (0.023) 0.058 0.037 0.000 0.001 0.000 0.005 0.001 
 693   (0.010) 0.000 0.000 0.000 0.000 0.000 0.005 0.000 
  93   (0.010) 0.000 0.000 0.000 0.000 0.000 0.005 0.000 
  85   (0.010) 0.000 0.000 0.000 0.000 0.000 0.010 0.000 
  37   (0.036) 0.077 0.044 0.005 0.002 0.003 0.003 0.100 
 732   (0.009) 0.000 0.000 0.000 0.001 0.003 0.001 0.000 
  81   (0.014) 0.000 0.002 0.002 0.089 0.000 0.001 0.001 
 612   (0.010) 0.000 0.000 0.000 0.001 0.003 0.001 0.000 
 692   (0.015) 0.000 0.001 0.000 0.001 0.007 0.001 0.015 
 812   (0.009) 0.000 0.000 0.000 0.014 0.000 0.001 0.000 

Locus 4 : Cl274 
8 alleles
0.0% missing data
  61   (0.436) 0.394 0.581 0.305 0.437 0.355 0.488 0.375 
  57   (0.276) 0.455 0.208 0.586 0.473 0.451 0.159 0.301 
  65   (0.100) 0.040 0.119 0.059 0.019 0.001 0.155 0.013 
  53   (0.069) 0.002 0.048 0.008 0.064 0.001 0.057 0.201 
  69   (0.022) 0.001 0.001 0.000 0.001 0.000 0.075 0.005 
  73   (0.015) 0.000 0.001 0.000 0.001 0.000 0.028 0.001 
  49   (0.047) 0.001 0.040 0.003 0.002 0.000 0.035 0.103 
  45   (0.034) 0.108 0.003 0.038 0.004 0.192 0.003 0.001 

Locus 5 : Cl285 
40 alleles
0.4% missing data
  75   (0.084) 0.237 0.126 0.204 0.098 0.160 0.120 0.004 
  71   (0.115) 0.241 0.145 0.109 0.196 0.299 0.177 0.051 
 631   (0.017) 0.000 0.001 0.000 0.001 0.000 0.047 0.006 
  67   (0.129) 0.219 0.170 0.220 0.529 0.417 0.120 0.339 
  63   (0.061) 0.002 0.144 0.004 0.031 0.041 0.092 0.170 
  79   (0.058) 0.048 0.053 0.076 0.002 0.001 0.083 0.074 
 792   (0.014) 0.001 0.001 0.001 0.001 0.000 0.048 0.001 
 671   (0.040) 0.038 0.003 0.132 0.002 0.001 0.053 0.072 
 831   (0.038) 0.052 0.012 0.042 0.008 0.001 0.040 0.003 
 752   (0.019) 0.060 0.001 0.000 0.001 0.000 0.060 0.001 
  55   (0.021) 0.000 0.045 0.000 0.062 0.000 0.005 0.001 
1401   (0.014) 0.000 0.001 0.000 0.000 0.000 0.005 0.021 
  59   (0.047) 0.001 0.027 0.044 0.057 0.008 0.020 0.143 
 712   (0.016) 0.000 0.001 0.000 0.001 0.000 0.033 0.006 
 833   (0.011) 0.000 0.000 0.000 0.000 0.000 0.019 0.000 
1322   (0.009) 0.000 0.000 0.000 0.000 0.000 0.005 0.000 
 136   (0.021) 0.008 0.001 0.000 0.001 0.000 0.015 0.014 
 164   (0.009) 0.000 0.000 0.000 0.000 0.000 0.005 0.000 
 872   (0.009) 0.000 0.000 0.000 0.000 0.000 0.005 0.000 
1282   (0.009) 0.000 0.000 0.000 0.000 0.000 0.005 0.000 
 148   (0.009) 0.000 0.000 0.000 0.000 0.000 0.005 0.001 
 144   (0.013) 0.000 0.003 0.000 0.000 0.000 0.006 0.003 
 119   (0.009) 0.000 0.000 0.000 0.000 0.000 0.005 0.001 
1402   (0.009) 0.000 0.000 0.000 0.000 0.000 0.005 0.000 
1281   (0.010) 0.020 0.000 0.000 0.000 0.000 0.001 0.000 
1361   (0.023) 0.022 0.032 0.019 0.001 0.000 0.002 0.001 
 124   (0.009) 0.004 0.000 0.000 0.000 0.000 0.001 0.000 
 751   (0.020) 0.002 0.030 0.087 0.001 0.003 0.002 0.001 
 132   (0.023) 0.034 0.005 0.012 0.001 0.033 0.002 0.001 
1321   (0.010) 0.001 0.001 0.001 0.000 0.033 0.001 0.000 
 791   (0.026) 0.001 0.052 0.039 0.001 0.001 0.002 0.030 
  87   (0.013) 0.001 0.004 0.004 0.001 0.000 0.001 0.001 
 832   (0.018) 0.001 0.098 0.000 0.001 0.000 0.002 0.017 
1441   (0.010) 0.001 0.006 0.000 0.000 0.000 0.002 0.000 
 140   (0.009) 0.001 0.003 0.000 0.000 0.000 0.001 0.000 
 711   (0.010) 0.000 0.007 0.000 0.000 0.000 0.001 0.000 
1363   (0.009) 0.001 0.007 0.000 0.000 0.000 0.001 0.000 
  91   (0.010) 0.000 0.011 0.000 0.000 0.000 0.001 0.000 
 871   (0.010) 0.000 0.011 0.000 0.000 0.000 0.001 0.000 
1362   (0.009) 0.000 0.000 0.000 0.000 0.000 0.001 0.033 

Locus 6 : Cl291 
24 alleles
0.5% missing data
 641   (0.036) 0.034 0.010 0.001 0.001 0.000 0.067 0.001 
  72   (0.151) 0.143 0.115 0.395 0.255 0.080 0.099 0.100 
 682   (0.014) 0.000 0.001 0.000 0.000 0.000 0.037 0.001 
 801   (0.015) 0.000 0.001 0.000 0.001 0.000 0.046 0.001 
 681   (0.032) 0.003 0.001 0.027 0.001 0.000 0.210 0.001 
  76   (0.123) 0.034 0.069 0.025 0.183 0.142 0.127 0.158 
 722   (0.026) 0.012 0.001 0.000 0.001 0.000 0.129 0.001 
 601   (0.012) 0.000 0.000 0.000 0.000 0.000 0.010 0.001 
  80   (0.066) 0.048 0.047 0.001 0.013 0.001 0.053 0.273 
 761   (0.053) 0.060 0.037 0.082 0.002 0.031 0.013 0.002 
 762   (0.023) 0.001 0.001 0.000 0.044 0.000 0.060 0.001 
 721   (0.075) 0.113 0.041 0.031 0.004 0.165 0.052 0.011 
  84   (0.025) 0.001 0.017 0.001 0.001 0.000 0.038 0.001 
  64   (0.094) 0.420 0.109 0.325 0.004 0.296 0.015 0.109 
  68   (0.108) 0.092 0.267 0.082 0.242 0.282 0.014 0.237 
 843   (0.011) 0.000 0.000 0.000 0.000 0.000 0.005 0.000 
 881   (0.011) 0.000 0.000 0.000 0.000 0.000 0.005 0.000 
 803   (0.013) 0.016 0.000 0.000 0.001 0.000 0.006 0.001 
 763   (0.023) 0.022 0.074 0.001 0.001 0.000 0.002 0.001 
  60   (0.035) 0.001 0.110 0.027 0.001 0.000 0.003 0.098 
 841   (0.011) 0.000 0.000 0.000 0.228 0.000 0.001 0.000 
 802   (0.014) 0.000 0.078 0.000 0.001 0.000 0.001 0.001 
  88   (0.016) 0.000 0.004 0.000 0.014 0.000 0.001 0.001 
  56   (0.013) 0.000 0.014 0.000 0.000 0.000 0.001 0.001 

Locus 7 : Cl308 
60 alleles
0.0% missing data
  72   (0.106) 0.160 0.218 0.131 0.034 0.102 0.145 0.392 
  64   (0.086) 0.230 0.165 0.090 0.409 0.132 0.048 0.096 
  68   (0.126) 0.278 0.298 0.621 0.523 0.545 0.099 0.259 
 103   (0.010) 0.000 0.000 0.000 0.000 0.000 0.024 0.000 
  80   (0.040) 0.014 0.021 0.015 0.002 0.000 0.041 0.048 
  76   (0.063) 0.126 0.135 0.128 0.003 0.214 0.103 0.004 
1151   (0.010) 0.000 0.000 0.000 0.000 0.000 0.015 0.000 
 123   (0.010) 0.000 0.000 0.000 0.000 0.000 0.019 0.000 
 115   (0.010) 0.000 0.000 0.000 0.000 0.000 0.033 0.000 
  83   (0.015) 0.004 0.001 0.000 0.001 0.000 0.020 0.001 
1231   (0.010) 0.000 0.000 0.000 0.000 0.000 0.010 0.000 
1192   (0.009) 0.000 0.000 0.000 0.000 0.000 0.005 0.000 
 131   (0.010) 0.000 0.000 0.000 0.000 0.000 0.019 0.000 
1191   (0.010) 0.000 0.000 0.000 0.000 0.000 0.010 0.000 
 752   (0.010) 0.000 0.000 0.000 0.000 0.000 0.010 0.000 
 143   (0.010) 0.000 0.000 0.000 0.000 0.000 0.015 0.000 
  79   (0.011) 0.000 0.000 0.000 0.000 0.000 0.037 0.000 
 119   (0.010) 0.000 0.000 0.000 0.000 0.000 0.015 0.000 
1431   (0.011) 0.000 0.000 0.000 0.000 0.000 0.028 0.000 
1112   (0.011) 0.000 0.000 0.000 0.000 0.000 0.042 0.000 
1193   (0.009) 0.000 0.000 0.000 0.000 0.000 0.010 0.000 
1591   (0.009) 0.000 0.000 0.000 0.000 0.000 0.005 0.000 
1232   (0.009) 0.000 0.000 0.000 0.000 0.000 0.005 0.000 
 139   (0.010) 0.000 0.000 0.000 0.000 0.000 0.010 0.000 
1111   (0.009) 0.000 0.000 0.000 0.000 0.000 0.010 0.000 
 127   (0.009) 0.000 0.000 0.000 0.000 0.000 0.005 0.000 
1391   (0.010) 0.000 0.000 0.000 0.000 0.000 0.019 0.000 
 121   (0.009) 0.000 0.000 0.000 0.000 0.000 0.005 0.000 
1313   (0.009) 0.000 0.000 0.000 0.000 0.000 0.005 0.000 
1113   (0.009) 0.000 0.000 0.000 0.000 0.000 0.005 0.000 
  87   (0.011) 0.000 0.000 0.000 0.000 0.000 0.051 0.000 
1031   (0.009) 0.000 0.000 0.000 0.000 0.000 0.005 0.000 
 155   (0.009) 0.000 0.000 0.000 0.000 0.000 0.010 0.000 
1312   (0.009) 0.000 0.000 0.000 0.000 0.000 0.005 0.000 
1272   (0.009) 0.000 0.000 0.000 0.000 0.000 0.005 0.000 
 151   (0.009) 0.000 0.000 0.000 0.000 0.000 0.005 0.000 
1351   (0.010) 0.000 0.000 0.000 0.000 0.000 0.010 0.000 
 135   (0.009) 0.000 0.000 0.000 0.000 0.000 0.005 0.000 
1432   (0.009) 0.000 0.000 0.000 0.000 0.000 0.005 0.000 
1152   (0.010) 0.000 0.000 0.000 0.000 0.000 0.010 0.000 
1271   (0.009) 0.000 0.000 0.000 0.000 0.000 0.010 0.000 
1311   (0.009) 0.000 0.000 0.000 0.000 0.000 0.005 0.000 
1472   (0.009) 0.000 0.000 0.000 0.000 0.000 0.005 0.000 
 137   (0.009) 0.000 0.000 0.000 0.000 0.000 0.005 0.000 
  88   (0.009) 0.000 0.000 0.000 0.000 0.000 0.005 0.000 
  60   (0.029) 0.042 0.023 0.001 0.010 0.000 0.005 0.025 
 712   (0.009) 0.000 0.000 0.000 0.000 0.000 0.010 0.000 
1071   (0.009) 0.000 0.000 0.000 0.000 0.000 0.005 0.000 
 107   (0.009) 0.008 0.000 0.000 0.000 0.000 0.005 0.000 
  71   (0.020) 0.034 0.036 0.002 0.001 0.000 0.002 0.005 
 751   (0.023) 0.092 0.017 0.001 0.001 0.000 0.002 0.093 
  67   (0.010) 0.001 0.010 0.000 0.000 0.000 0.001 0.000 
  84   (0.014) 0.000 0.005 0.002 0.001 0.000 0.001 0.015 
 791   (0.010) 0.000 0.021 0.000 0.000 0.000 0.001 0.000 
  69   (0.012) 0.000 0.002 0.000 0.000 0.000 0.001 0.030 
  65   (0.009) 0.000 0.003 0.000 0.000 0.000 0.001 0.000 
  81   (0.010) 0.000 0.017 0.000 0.000 0.000 0.001 0.000 
 792   (0.010) 0.000 0.007 0.000 0.001 0.000 0.001 0.000 
 753   (0.009) 0.000 0.003 0.000 0.001 0.000 0.001 0.001 
 711   (0.009) 0.000 0.000 0.000 0.000 0.000 0.001 0.014 

Locus 8 : Cl330 
33 alleles
3.2% missing data
  52   (0.091) 0.003 0.144 0.042 0.232 0.001 0.288 0.042 
 601   (0.058) 0.051 0.011 0.002 0.122 0.001 0.127 0.029 
  40   (0.067) 0.008 0.021 0.049 0.007 0.150 0.081 0.022 
  72   (0.023) 0.001 0.007 0.004 0.002 0.000 0.021 0.001 
  56   (0.063) 0.002 0.059 0.002 0.007 0.039 0.138 0.142 
 481   (0.113) 0.254 0.055 0.144 0.054 0.198 0.050 0.337 
  61   (0.014) 0.000 0.001 0.000 0.001 0.000 0.046 0.001 
  80   (0.010) 0.000 0.000 0.000 0.000 0.000 0.005 0.000 
 681   (0.027) 0.005 0.016 0.001 0.001 0.000 0.028 0.001 
  64   (0.047) 0.024 0.004 0.001 0.399 0.000 0.062 0.034 
  57   (0.012) 0.000 0.000 0.000 0.000 0.000 0.010 0.000 
  75   (0.012) 0.000 0.000 0.000 0.000 0.000 0.010 0.001 
  71   (0.021) 0.001 0.002 0.000 0.001 0.000 0.011 0.066 
  28   (0.097) 0.315 0.305 0.197 0.004 0.212 0.020 0.066 
  65   (0.012) 0.000 0.000 0.000 0.000 0.000 0.015 0.001 
 441   (0.044) 0.167 0.005 0.031 0.002 0.022 0.026 0.002 
  36   (0.013) 0.000 0.000 0.000 0.000 0.000 0.024 0.001 
  79   (0.010) 0.000 0.000 0.000 0.000 0.000 0.005 0.000 
  73   (0.011) 0.000 0.000 0.000 0.001 0.000 0.005 0.000 
 602   (0.010) 0.000 0.000 0.000 0.000 0.000 0.005 0.000 
  44   (0.041) 0.098 0.002 0.168 0.002 0.258 0.004 0.112 
  67   (0.033) 0.047 0.270 0.003 0.002 0.009 0.003 0.002 
  48   (0.045) 0.019 0.047 0.301 0.002 0.101 0.004 0.010 
 711   (0.011) 0.000 0.000 0.009 0.000 0.000 0.001 0.000 
 641   (0.011) 0.000 0.000 0.000 0.046 0.000 0.001 0.000 
  60   (0.013) 0.001 0.001 0.000 0.004 0.001 0.001 0.017 
  68   (0.010) 0.000 0.000 0.000 0.091 0.000 0.001 0.000 
 521   (0.019) 0.001 0.020 0.041 0.001 0.000 0.002 0.001 
  62   (0.019) 0.002 0.025 0.004 0.001 0.006 0.002 0.001 
  83   (0.011) 0.000 0.000 0.000 0.015 0.000 0.001 0.000 
  59   (0.011) 0.000 0.000 0.000 0.000 0.000 0.001 0.041 
  51   (0.011) 0.000 0.000 0.000 0.000 0.000 0.001 0.034 
 561   (0.011) 0.000 0.001 0.000 0.000 0.000 0.001 0.033 

Locus 9 : Cl344 
17 alleles
8.2% missing data
  56   (0.172) 0.180 0.216 0.052 0.007 0.003 0.423 0.329 
  60   (0.198) 0.113 0.201 0.076 0.347 0.066 0.250 0.225 
  48   (0.023) 0.001 0.015 0.000 0.001 0.000 0.007 0.007 
  76   (0.019) 0.000 0.001 0.000 0.088 0.000 0.010 0.001 
  64   (0.216) 0.345 0.256 0.505 0.376 0.271 0.114 0.200 
  72   (0.046) 0.035 0.012 0.001 0.020 0.001 0.077 0.002 
 761   (0.012) 0.000 0.000 0.000 0.000 0.000 0.006 0.000 
 641   (0.022) 0.001 0.011 0.000 0.001 0.000 0.022 0.001 
  68   (0.068) 0.056 0.070 0.003 0.151 0.035 0.039 0.003 
 601   (0.022) 0.001 0.011 0.000 0.001 0.000 0.021 0.001 
  52   (0.102) 0.260 0.189 0.237 0.004 0.525 0.013 0.194 
 681   (0.011) 0.000 0.000 0.000 0.000 0.000 0.006 0.000 
 721   (0.011) 0.000 0.000 0.000 0.000 0.000 0.006 0.000 
 561   (0.034) 0.006 0.014 0.091 0.001 0.032 0.003 0.001 
 521   (0.020) 0.001 0.001 0.032 0.001 0.067 0.002 0.001 
  44   (0.012) 0.000 0.000 0.000 0.000 0.000 0.001 0.027 
 562   (0.011) 0.000 0.000 0.000 0.000 0.000 0.002 0.006 

Locus 10 : Cl366 
9 alleles
0.1% missing data
  80   (0.337) 0.522 0.255 0.499 0.502 0.151 0.321 0.338 
  92   (0.015) 0.000 0.001 0.000 0.001 0.000 0.042 0.001 
  76   (0.299) 0.180 0.440 0.168 0.484 0.311 0.234 0.377 
  88   (0.017) 0.000 0.001 0.000 0.001 0.000 0.102 0.001 
  84   (0.044) 0.001 0.007 0.001 0.002 0.144 0.114 0.006 
  72   (0.215) 0.267 0.240 0.329 0.009 0.394 0.174 0.212 
  64   (0.037) 0.018 0.023 0.001 0.002 0.000 0.007 0.064 
  68   (0.022) 0.012 0.016 0.001 0.001 0.000 0.004 0.001 
  56   (0.013) 0.000 0.018 0.000 0.000 0.000 0.001 0.001 

Locus 11 : Cl375 
16 alleles
0.0% missing data
 491   (0.097) 0.138 0.011 0.066 0.025 0.118 0.098 0.235 
  53   (0.228) 0.399 0.399 0.425 0.009 0.304 0.270 0.246 
 612   (0.042) 0.077 0.011 0.001 0.002 0.000 0.026 0.042 
  57   (0.150) 0.008 0.165 0.155 0.486 0.107 0.259 0.146 
  45   (0.059) 0.097 0.011 0.140 0.002 0.160 0.045 0.003 
  61   (0.140) 0.114 0.068 0.141 0.362 0.273 0.151 0.057 
 651   (0.029) 0.001 0.019 0.001 0.001 0.000 0.026 0.012 
  69   (0.013) 0.000 0.000 0.000 0.000 0.000 0.024 0.001 
 571   (0.055) 0.025 0.066 0.002 0.002 0.001 0.042 0.230 
  65   (0.040) 0.022 0.033 0.001 0.013 0.000 0.034 0.002 
  37   (0.011) 0.000 0.000 0.000 0.000 0.000 0.005 0.000 
 691   (0.023) 0.018 0.006 0.000 0.001 0.000 0.006 0.001 
 531   (0.047) 0.097 0.047 0.064 0.046 0.000 0.008 0.002 
  49   (0.044) 0.002 0.150 0.005 0.049 0.034 0.004 0.022 
 532   (0.013) 0.001 0.010 0.000 0.000 0.000 0.001 0.001 
 492   (0.011) 0.000 0.004 0.000 0.000 0.000 0.001 0.001 

Locus 12 : Cl408 
14 alleles
0.4% missing data
  62   (0.194) 0.025 0.238 0.130 0.051 0.111 0.307 0.117 
  74   (0.015) 0.000 0.001 0.000 0.001 0.000 0.050 0.001 
  50   (0.132) 0.448 0.231 0.259 0.433 0.131 0.033 0.019 
  58   (0.129) 0.011 0.082 0.042 0.465 0.179 0.102 0.174 
  66   (0.092) 0.046 0.010 0.010 0.004 0.025 0.210 0.241 
  70   (0.019) 0.000 0.001 0.000 0.001 0.000 0.071 0.003 
  54   (0.161) 0.190 0.068 0.199 0.035 0.130 0.166 0.094 
  78   (0.013) 0.000 0.000 0.000 0.000 0.000 0.010 0.001 
  79   (0.023) 0.001 0.017 0.000 0.001 0.000 0.006 0.009 
  75   (0.115) 0.112 0.196 0.122 0.005 0.051 0.031 0.290 
  82   (0.011) 0.000 0.000 0.000 0.000 0.000 0.005 0.000 
  46   (0.060) 0.136 0.121 0.236 0.003 0.371 0.005 0.003 
  34   (0.023) 0.030 0.034 0.000 0.001 0.000 0.002 0.001 
 541   (0.013) 0.000 0.000 0.000 0.000 0.000 0.001 0.048 

Locus 13 : Cl507 
33 alleles
0.3% missing data
  70   (0.084) 0.014 0.076 0.071 0.015 0.106 0.074 0.139 
  94   (0.016) 0.001 0.002 0.001 0.001 0.000 0.030 0.001 
  74   (0.027) 0.067 0.001 0.000 0.010 0.000 0.068 0.001 
  54   (0.076) 0.004 0.143 0.062 0.036 0.110 0.037 0.133 
  82   (0.039) 0.012 0.036 0.001 0.001 0.000 0.202 0.002 
  90   (0.030) 0.023 0.001 0.001 0.001 0.000 0.055 0.039 
  86   (0.023) 0.001 0.021 0.000 0.001 0.000 0.083 0.001 
 701   (0.011) 0.000 0.000 0.000 0.000 0.000 0.010 0.000 
  78   (0.027) 0.002 0.042 0.001 0.002 0.000 0.072 0.001 
  62   (0.127) 0.301 0.103 0.351 0.567 0.337 0.091 0.066 
 741   (0.022) 0.001 0.024 0.000 0.001 0.000 0.048 0.001 
  66   (0.139) 0.329 0.218 0.279 0.086 0.251 0.111 0.089 
 661   (0.019) 0.000 0.001 0.000 0.001 0.000 0.014 0.154 
  58   (0.088) 0.161 0.175 0.085 0.015 0.188 0.024 0.116 
  98   (0.016) 0.001 0.002 0.000 0.001 0.000 0.021 0.001 
 781   (0.011) 0.000 0.000 0.000 0.000 0.000 0.014 0.000 
 141   (0.011) 0.000 0.000 0.000 0.000 0.000 0.014 0.000 
 102   (0.010) 0.000 0.000 0.000 0.000 0.000 0.005 0.000 
 106   (0.010) 0.000 0.000 0.000 0.000 0.000 0.005 0.001 
  50   (0.029) 0.008 0.004 0.038 0.001 0.000 0.005 0.071 
 621   (0.031) 0.066 0.037 0.106 0.001 0.003 0.003 0.002 
 702   (0.022) 0.004 0.021 0.000 0.001 0.000 0.002 0.030 
 501   (0.026) 0.001 0.038 0.000 0.080 0.000 0.002 0.076 
 662   (0.011) 0.000 0.014 0.000 0.000 0.000 0.001 0.000 
 152   (0.011) 0.000 0.011 0.000 0.000 0.000 0.001 0.000 
 156   (0.011) 0.000 0.014 0.000 0.000 0.000 0.001 0.000 
 581   (0.011) 0.000 0.007 0.000 0.000 0.000 0.001 0.000 
1521   (0.010) 0.000 0.004 0.000 0.000 0.000 0.001 0.000 
 622   (0.011) 0.000 0.000 0.000 0.174 0.000 0.001 0.000 
 137   (0.011) 0.000 0.000 0.000 0.000 0.000 0.001 0.041 
 150   (0.010) 0.001 0.001 0.000 0.000 0.000 0.001 0.005 
 146   (0.010) 0.000 0.001 0.000 0.001 0.000 0.001 0.006 
 153   (0.010) 0.000 0.000 0.000 0.001 0.000 0.001 0.021 

Locus 14 : Cl527 
31 alleles
0.3% missing data
  62   (0.050) 0.057 0.023 0.037 0.002 0.001 0.105 0.002 
 622   (0.010) 0.000 0.000 0.000 0.000 0.000 0.005 0.000 
 461   (0.026) 0.001 0.036 0.017 0.001 0.000 0.011 0.001 
  82   (0.010) 0.000 0.000 0.000 0.000 0.000 0.005 0.000 
 661   (0.022) 0.001 0.003 0.001 0.001 0.000 0.127 0.001 
  70   (0.014) 0.000 0.001 0.000 0.000 0.000 0.077 0.001 
 581   (0.052) 0.023 0.020 0.037 0.002 0.026 0.046 0.004 
 701   (0.014) 0.000 0.001 0.000 0.000 0.000 0.077 0.001 
 501   (0.023) 0.001 0.045 0.001 0.001 0.000 0.029 0.001 
  66   (0.104) 0.304 0.061 0.062 0.004 0.162 0.116 0.119 
 741   (0.012) 0.000 0.000 0.000 0.000 0.000 0.028 0.000 
  58   (0.053) 0.002 0.056 0.063 0.002 0.036 0.104 0.004 
 541   (0.026) 0.001 0.060 0.000 0.001 0.000 0.060 0.001 
  74   (0.025) 0.002 0.025 0.001 0.001 0.012 0.007 0.001 
 621   (0.029) 0.001 0.029 0.000 0.001 0.000 0.095 0.003 
  78   (0.011) 0.000 0.000 0.000 0.000 0.000 0.010 0.000 
 781   (0.010) 0.000 0.000 0.000 0.000 0.000 0.005 0.000 
 462   (0.011) 0.000 0.000 0.000 0.000 0.000 0.010 0.000 
  67   (0.015) 0.004 0.001 0.000 0.001 0.000 0.019 0.001 
  54   (0.097) 0.174 0.319 0.223 0.397 0.117 0.012 0.101 
  50   (0.098) 0.248 0.088 0.162 0.057 0.314 0.023 0.314 
  63   (0.010) 0.000 0.000 0.000 0.000 0.000 0.005 0.000 
  26   (0.021) 0.003 0.011 0.000 0.001 0.021 0.002 0.001 
  61   (0.045) 0.107 0.013 0.031 0.002 0.019 0.004 0.159 
  53   (0.026) 0.001 0.021 0.001 0.037 0.012 0.002 0.001 
  46   (0.070) 0.065 0.117 0.110 0.079 0.077 0.006 0.137 
  42   (0.020) 0.001 0.002 0.204 0.001 0.179 0.002 0.001 
  65   (0.026) 0.001 0.020 0.044 0.001 0.003 0.002 0.007 
 582   (0.029) 0.001 0.033 0.001 0.363 0.000 0.002 0.075 
  57   (0.028) 0.003 0.013 0.001 0.001 0.018 0.003 0.058 
 623   (0.011) 0.000 0.000 0.000 0.040 0.000 0.001 0.002 

Locus 15 : Cl380 
25 alleles
9.6% missing data
 671   (0.150) 0.135 0.286 0.082 0.008 0.163 0.123 0.340 
 672   (0.104) 0.114 0.030 0.090 0.024 0.317 0.105 0.047 
 751   (0.020) 0.001 0.004 0.000 0.001 0.000 0.036 0.001 
  71   (0.035) 0.001 0.001 0.001 0.403 0.000 0.061 0.041 
  79   (0.133) 0.381 0.027 0.687 0.358 0.327 0.240 0.006 
  75   (0.076) 0.007 0.031 0.024 0.004 0.064 0.123 0.093 
 711   (0.041) 0.001 0.019 0.001 0.002 0.000 0.132 0.040 
  67   (0.037) 0.001 0.076 0.005 0.002 0.000 0.018 0.021 
 791   (0.011) 0.000 0.000 0.000 0.000 0.000 0.006 0.000 
 591   (0.052) 0.010 0.089 0.019 0.003 0.002 0.019 0.024 
 552   (0.014) 0.000 0.001 0.000 0.001 0.000 0.040 0.001 
 792   (0.012) 0.000 0.000 0.000 0.000 0.000 0.011 0.001 
 593   (0.013) 0.000 0.001 0.000 0.001 0.000 0.016 0.001 
  59   (0.035) 0.013 0.081 0.001 0.002 0.002 0.017 0.002 
 631   (0.037) 0.023 0.033 0.064 0.002 0.000 0.008 0.003 
 833   (0.026) 0.017 0.001 0.001 0.001 0.059 0.011 0.001 
 712   (0.012) 0.000 0.000 0.000 0.000 0.000 0.011 0.001 
  63   (0.055) 0.002 0.160 0.014 0.003 0.061 0.010 0.311 
 551   (0.052) 0.260 0.129 0.004 0.180 0.001 0.005 0.038 
 592   (0.017) 0.014 0.001 0.005 0.001 0.000 0.002 0.001 
 632   (0.019) 0.017 0.008 0.001 0.001 0.000 0.002 0.001 
 118   (0.011) 0.000 0.004 0.000 0.001 0.000 0.001 0.000 
 673   (0.017) 0.000 0.012 0.000 0.001 0.000 0.002 0.008 
  82   (0.012) 0.000 0.001 0.000 0.001 0.000 0.001 0.014 
 834   (0.011) 0.000 0.002 0.000 0.001 0.000 0.001 0.005 

Locus 16 : Lup02 
6 alleles
0.8% missing data
  56   (0.559) 0.687 0.702 0.611 0.529 0.706 0.516 0.374 
  60   (0.143) 0.053 0.089 0.052 0.051 0.003 0.184 0.222 
  52   (0.205) 0.245 0.196 0.333 0.018 0.086 0.119 0.400 
  48   (0.059) 0.013 0.012 0.003 0.051 0.001 0.169 0.003 
 561   (0.013) 0.000 0.001 0.000 0.000 0.000 0.010 0.001 
  64   (0.021) 0.001 0.001 0.001 0.351 0.204 0.002 0.001 

Locus 17 : Lup13 
5 alleles
0.3% missing data
  57   (0.344) 0.598 0.283 0.531 0.544 0.729 0.252 0.188 
  61   (0.364) 0.218 0.542 0.371 0.088 0.089 0.449 0.302 
  65   (0.063) 0.008 0.061 0.001 0.002 0.001 0.131 0.049 
  53   (0.217) 0.160 0.113 0.096 0.365 0.181 0.167 0.461 
  69   (0.013) 0.016 0.001 0.000 0.001 0.000 0.001 0.001 

Locus 18 : Lup20 
9 alleles
2.0% missing data
  56   (0.356) 0.139 0.337 0.226 0.332 0.184 0.627 0.186 
 601   (0.031) 0.069 0.001 0.001 0.001 0.000 0.103 0.001 
  60   (0.327) 0.388 0.462 0.569 0.520 0.396 0.132 0.758 
  68   (0.078) 0.259 0.042 0.057 0.004 0.303 0.032 0.003 
  64   (0.114) 0.046 0.114 0.016 0.139 0.106 0.068 0.027 
  72   (0.025) 0.002 0.002 0.000 0.001 0.000 0.012 0.022 
 681   (0.012) 0.000 0.000 0.000 0.000 0.000 0.006 0.000 
 641   (0.014) 0.000 0.001 0.000 0.000 0.000 0.015 0.001 
  52   (0.044) 0.096 0.041 0.130 0.002 0.010 0.004 0.002 

Locus 19 : Lup21 
11 alleles
0.5% missing data
  41   (0.210) 0.083 0.129 0.040 0.138 0.105 0.375 0.289 
  57   (0.192) 0.107 0.147 0.181 0.011 0.164 0.289 0.163 
  53   (0.277) 0.541 0.424 0.389 0.437 0.281 0.134 0.314 
  37   (0.013) 0.000 0.001 0.000 0.000 0.000 0.015 0.001 
  45   (0.044) 0.001 0.018 0.001 0.002 0.000 0.150 0.026 
 531   (0.012) 0.000 0.000 0.000 0.000 0.000 0.005 0.000 
 611   (0.064) 0.057 0.033 0.003 0.184 0.014 0.010 0.078 
 491   (0.011) 0.000 0.000 0.000 0.000 0.000 0.005 0.000 
  49   (0.103) 0.190 0.123 0.303 0.166 0.189 0.010 0.124 
  61   (0.031) 0.009 0.003 0.002 0.061 0.214 0.003 0.001 
 612   (0.044) 0.011 0.122 0.081 0.002 0.033 0.004 0.002 

Locus 20 : Lup23 
6 alleles
0.1% missing data
  59   (0.368) 0.149 0.413 0.346 0.017 0.444 0.210 0.576 
  63   (0.339) 0.147 0.035 0.121 0.506 0.196 0.747 0.271 
  67   (0.016) 0.000 0.001 0.000 0.001 0.000 0.019 0.001 
  55   (0.214) 0.689 0.513 0.527 0.474 0.353 0.019 0.100 
  51   (0.040) 0.005 0.018 0.005 0.002 0.006 0.003 0.051 
 671   (0.024) 0.010 0.020 0.001 0.001 0.000 0.002 0.001 

Values of parameters used in structure:
DATAFILE=/home/eva.pavlovic/data_job_Z119,	OUTFILE=/home/eva.pavlovic/ParallelStructure/26_results_20MS/2a_Empirical_samples_no_sim/results_job_Z119,	NUMINDS=742,	NUMLOCI=20,	MISSING=-9,	LABEL=1,	POPDATA=1,	POPFLAG=0,	PHENOTYPE=0,	EXTRACOLS=0,	MAXPOPS=7,	BURNIN=300000,	NUMREPS=3000000,	USEPOPINFO=0,	INFERALPHA=1,	INFERLAMBDA=0,	POPSPECIFICLAMBDA=0,	POPALPHAS=0,	COMPUTEPROB=1,	NOADMIX=0,	ADMBURNIN=2500,	UPDATEFREQ=1,	PRINTLIKES=0,	INTERMEDSAVE=0,	PRINTKLD=0,	PRINTNET=0,	PRINTLAMBDA=0,	ANCESTDIST=0,	NUMBOXES=1000,	ANCESTPINT=0.90000,	GENSBACK=2,	MIGRPRIOR=0.05000,	PRINTQHAT=1,	PRINTQSUM=0,	ALPHA=1.0000,	FREQSCORR=1,	FPRIORMEAN=0.0100,	FPRIORSD=0.0500,	ONEFST=0,	LAMBDA=1.0000,	UNIFPRIORALPHA=1,	ALPHAMAX=10.0000,	ALPHAPRIORA=1.0000,	ALPHAPRIORB=2.0000,	ALPHAPROPSD=0.0250,	STARTATPOPINFO=0,	RANDOMIZE=1,	LINKAGE=0,	METROFREQ=10,	REPORTHITRATE=0,	MARKOVPHASE=-1,	PHASED=0,	PLOIDY=2,	PHASEINFO=0	LOCPRIOR=0, 	LOCPRIORINIT=1.000000, 	LOCDATA=0, 	LOCISPOP=0, 	LOCPRIORSTEP=0.100000, 	MAXLOCPRIOR=20.000000, 	SEED=1770319283,	
[STRAT parameters]:    NUMSIMSTATS=1000,	PHENOTYPECOL=-9,	POOLFREQ=10,	LOCUSxONLY=0,	EMERROR=0.00100,	MISSINGPHENO=-9,	