1:	0.9859 0.0064 0.0041 0.0036 	100
2:	0.9864 0.0058 0.0040 0.0038 	250
3:	0.4510 0.0049 0.5274 0.0167 	6
4:	0.0638 0.0050 0.9277 0.0035 	2
5:	0.0803 0.0069 0.9022 0.0106 	42
6:	0.0030 0.0135 0.9475 0.0360 	105
7:	0.0078 0.0055 0.9687 0.0180 	240
8:	0.0065 0.0089 0.9756 0.0090 	68
9:	0.0046 0.0071 0.9840 0.0043 	31
10:	0.0044 0.0049 0.9860 0.0047 	125
11:	0.0068 0.0127 0.9765 0.0040 	53
12:	0.0074 0.0102 0.9784 0.0040 	125
13:	0.0018 0.0022 0.0026 0.9934 	28
14:	0.0016 0.0023 0.0022 0.9940 	300
15:	0.0017 0.9936 0.0027 0.0020 	27
16:	0.0017 0.9939 0.0023 0.0021 	300
17:	0.0029 0.0131 0.9758 0.0082 	40
18:	0.0027 0.0151 0.9759 0.0063 	300
