       M1EL5  1 0.9824 0.0176 
       W26T6  1 0.9619 0.0381 
       W26XX  1 0.9900 0.0100 
       M013P  1 0.9930 0.0070 
       M1ELA  1 0.9676 0.0324 
       M2C73  1 0.9877 0.0123 
       W23P4  1 0.9011 0.0989 
       W247C  1 0.9914 0.0086 
       W24K1  1 0.9921 0.0079 
       W24ME  1 0.9671 0.0329 
       W2514  1 0.9833 0.0167 
       W26MA  1 0.9794 0.0206 
       W26MM  1 0.9909 0.0091 
       W26MU  1 0.9860 0.0140 
       W26P0  1 0.9874 0.0126 
       W26P3  1 0.9934 0.0066 
       W26T5  1 0.9920 0.0080 
       W26TE  1 0.9783 0.0217 
       W26TF  1 0.9922 0.0078 
       W26U8  1 0.9464 0.0536 
       W26UJ  1 0.9917 0.0083 
       W26UK  1 0.9932 0.0068 
       W26UT  1 0.9926 0.0074 
       W26XT  1 0.9911 0.0089 
      CC06H2  1 0.9636 0.0364 
      CC06H4  1 0.9910 0.0090 
      CC06H5  1 0.9692 0.0308 
      CC06H6  1 0.9827 0.0173 
      CC06HE  1 0.9915 0.0085 
      CC06HF  1 0.9675 0.0325 
      CC06HH  1 0.9904 0.0096 
      CC06HJ  1 0.9865 0.0135 
      CC06HL  1 0.9935 0.0065 
      CC06HP  1 0.9930 0.0070 
      CC06HT  1 0.9753 0.0247 
      CC06HU  1 0.9763 0.0237 
      CC06HY  1 0.9787 0.0213 
      CC06J0  1 0.9864 0.0136 
      CC06J1  1 0.9623 0.0377 
      CC06J2  1 0.9881 0.0119 
     CT.0YCY  1 0.9877 0.0123 
     CT.0YEC  1 0.9938 0.0062 
     CT.0YEF  1 0.9878 0.0122 
     CT.0YEU  1 0.9923 0.0077 
     CT.0YF2  1 0.9781 0.0219 
     CT.0YF8  1 0.9927 0.0073 
     CT.0YFA  1 0.9853 0.0147 
     CT.0YFE  1 0.9861 0.0139 
     CT.0YFP  1 0.9839 0.0161 
     CT.0YFU  1 0.9882 0.0118 
     CT.0YK7  1 0.9863 0.0137 
     CX.10PT  1 0.9636 0.0364 
      DAM021  1 0.9888 0.0112 
      DAM034  1 0.9856 0.0144 
      DAM07X  1 0.9855 0.0145 
     EF.15J6  1 0.9904 0.0096 
      HRV010  1 0.9899 0.0101 
      HRV02J  1 0.9825 0.0175 
      HRV078  1 0.9874 0.0126 
      HRV0FH  1 0.9890 0.0110 
      HRV0H5  1 0.9842 0.0158 
      HRV0JF  1 0.9799 0.0201 
      HRV0JJ  1 0.9841 0.0159 
      HRV0JM  1 0.9866 0.0134 
      HRV0K6  1 0.9596 0.0404 
      HRV0K7  1 0.9908 0.0092 
      HRV0KP  1 0.9860 0.0140 
      HRV1AX  1 0.9672 0.0328 
      HRV1C4  1 0.9795 0.0205 
      HRV1CH  1 0.9846 0.0154 
      HRV1FA  1 0.9816 0.0184 
      HRV1FK  1 0.9856 0.0144 
      HRV1H8  1 0.9871 0.0129 
      HRV1HT  1 0.9799 0.0201 
      HRV1XU  1 0.9879 0.0121 
      HRV4TF  1 0.9912 0.0088 
      HRV6F0  1 0.9884 0.0116 
      HRVE6L  1 0.9879 0.0121 
       M27HM  1 0.9874 0.0126 
       M27HP  1 0.9914 0.0086 
       M2AK4  1 0.9917 0.0083 
       M2ALA  1 0.9921 0.0079 
       M2C56  1 0.9746 0.0254 
       M2CUX  1 0.9785 0.0215 
       M2E24  1 0.9911 0.0089 
       M2EA7  1 0.9900 0.0100 
       M2EH6  1 0.9895 0.0105 
       M2EKC  1 0.9465 0.0535 
      MSV083  1 0.9884 0.0116 
      MSV084  1 0.9826 0.0174 
      MSV0LJ  1 0.9842 0.0158 
      MSV1H5  1 0.9790 0.0210 
      MSV1KM  1 0.9917 0.0083 
      MSV23F  1 0.9889 0.0111 
      MSV2L8  1 0.9886 0.0114 
      MSV2P7  1 0.9905 0.0095 
      MSV2TJ  1 0.9714 0.0286 
      MSV2XM  1 0.9847 0.0153 
      MSV327  1 0.9896 0.0104 
      MSV33L  1 0.9922 0.0078 
       h0015  2 0.9901 0.0099 
       h0025  2 0.9876 0.0124 
       h0035  2 0.9938 0.0062 
       h0045  2 0.9892 0.0108 
       h0055  2 0.9862 0.0138 
       h0065  2 0.9899 0.0101 
       h0075  2 0.9897 0.0103 
       h0085  2 0.9892 0.0108 
       h0095  2 0.9899 0.0101 
       h0105  2 0.9775 0.0225 
       h0115  2 0.9783 0.0217 
       h0125  2 0.9898 0.0102 
       h0135  2 0.9917 0.0083 
       h0145  2 0.9872 0.0128 
       h0155  2 0.9879 0.0121 
       h0165  2 0.9905 0.0095 
       h0175  2 0.9932 0.0068 
       h0185  2 0.9898 0.0102 
       h0195  2 0.9874 0.0126 
       h0205  2 0.9845 0.0155 
       h0215  2 0.9845 0.0155 
       h0225  2 0.9907 0.0093 
       h0235  2 0.9851 0.0149 
       h0245  2 0.9934 0.0066 
       h0255  2 0.9850 0.0150 
       h0265  2 0.9699 0.0301 
       h0275  2 0.9916 0.0084 
       h0285  2 0.9843 0.0157 
       h0295  2 0.9647 0.0353 
       h0305  2 0.9820 0.0180 
       h0315  2 0.9791 0.0209 
       h0325  2 0.9898 0.0102 
       h0335  2 0.9871 0.0129 
       h0345  2 0.9826 0.0174 
       h0355  2 0.9837 0.0163 
       h0365  2 0.9918 0.0082 
       h0375  2 0.9921 0.0079 
       h0385  2 0.9908 0.0092 
       h0395  2 0.9866 0.0134 
       h0405  2 0.9875 0.0125 
       h0415  2 0.9800 0.0200 
       h0425  2 0.9787 0.0213 
       h0435  2 0.9481 0.0519 
       h0445  2 0.9728 0.0272 
       h0455  2 0.9806 0.0194 
       h0465  2 0.9578 0.0422 
       h0475  2 0.9810 0.0190 
       h0485  2 0.9887 0.0113 
       h0495  2 0.9433 0.0567 
       h0505  2 0.9197 0.0803 
       h0515  2 0.9883 0.0117 
       h0525  2 0.9879 0.0121 
       h0535  2 0.9923 0.0077 
       h0545  2 0.9905 0.0095 
       h0555  2 0.9929 0.0071 
       h0565  2 0.9887 0.0113 
       h0575  2 0.9743 0.0257 
       h0585  2 0.9888 0.0112 
       h0595  2 0.9896 0.0104 
       h0605  2 0.9840 0.0160 
       h0615  2 0.9779 0.0221 
       h0625  2 0.9670 0.0330 
       h0635  2 0.9876 0.0124 
       h0645  2 0.9931 0.0069 
       h0655  2 0.9892 0.0108 
       h0665  2 0.9805 0.0195 
       h0675  2 0.9930 0.0070 
       h0685  2 0.9792 0.0208 
       h0695  2 0.9835 0.0165 
       h0705  2 0.9799 0.0201 
       h0715  2 0.9915 0.0085 
       h0725  2 0.9888 0.0112 
       h0735  2 0.9872 0.0128 
       h0745  2 0.9824 0.0176 
       h0755  2 0.9893 0.0107 
       h0765  2 0.9842 0.0158 
       h0775  2 0.9863 0.0137 
       h0785  2 0.9725 0.0275 
       h0795  2 0.9863 0.0137 
       h0805  2 0.9889 0.0111 
       h0815  2 0.9886 0.0114 
       h0825  2 0.9886 0.0114 
       h0835  2 0.9926 0.0074 
       h0845  2 0.9804 0.0196 
       h0855  2 0.9871 0.0129 
       h0865  2 0.9803 0.0197 
       h0875  2 0.9946 0.0054 
       h0885  2 0.9910 0.0090 
       h0895  2 0.9925 0.0075 
       h0905  2 0.9908 0.0092 
       h0915  2 0.9779 0.0221 
       h0925  2 0.9892 0.0108 
       h0935  2 0.9944 0.0056 
       h0945  2 0.9803 0.0197 
       h0955  2 0.9582 0.0418 
       h0965  2 0.9888 0.0112 
       h0975  2 0.9874 0.0126 
       h0985  2 0.9853 0.0147 
       h0995  2 0.9770 0.0230 
       h1005  2 0.9943 0.0057 
        h101  2 0.9874 0.0126 
        h102  2 0.9936 0.0064 
        h103  2 0.9888 0.0112 
        h104  2 0.9895 0.0105 
        h105  2 0.9883 0.0117 
        h106  2 0.9945 0.0055 
        h107  2 0.9901 0.0099 
        h108  2 0.9940 0.0060 
        h109  2 0.9893 0.0107 
        h110  2 0.9703 0.0297 
        h111  2 0.9933 0.0067 
        h112  2 0.9834 0.0166 
        h113  2 0.9825 0.0175 
        h114  2 0.9898 0.0102 
        h115  2 0.9917 0.0083 
        h116  2 0.9906 0.0094 
        h117  2 0.9918 0.0082 
        h118  2 0.9860 0.0140 
        h119  2 0.9867 0.0133 
        h120  2 0.9921 0.0079 
        h121  2 0.9907 0.0093 
        h122  2 0.9914 0.0086 
        h123  2 0.9879 0.0121 
        h124  2 0.9930 0.0070 
        h125  2 0.9837 0.0163 
        h126  2 0.9914 0.0086 
        h127  2 0.9920 0.0080 
        h128  2 0.9851 0.0149 
        h129  2 0.9871 0.0129 
        h130  2 0.9911 0.0089 
        h131  2 0.9890 0.0110 
        h132  2 0.9849 0.0151 
        h133  2 0.9836 0.0164 
        h134  2 0.9910 0.0090 
        h135  2 0.9927 0.0073 
        h136  2 0.9895 0.0105 
        h137  2 0.9917 0.0083 
        h138  2 0.9727 0.0273 
        h139  2 0.9782 0.0218 
        h140  2 0.9752 0.0248 
        h141  2 0.9938 0.0062 
        h142  2 0.9918 0.0082 
        h143  2 0.9892 0.0108 
        h144  2 0.9914 0.0086 
        h145  2 0.9900 0.0100 
        h146  2 0.9849 0.0151 
        h147  2 0.9924 0.0076 
        h148  2 0.9919 0.0081 
        h149  2 0.9722 0.0278 
        h150  2 0.9683 0.0317 
        h151  2 0.9933 0.0067 
        h152  2 0.9815 0.0185 
        h153  2 0.9926 0.0074 
        h154  2 0.9752 0.0248 
        h155  2 0.9878 0.0122 
        h156  2 0.9872 0.0128 
        h157  2 0.9905 0.0095 
        h158  2 0.9888 0.0112 
        h159  2 0.9811 0.0189 
        h160  2 0.9811 0.0189 
        h161  2 0.9905 0.0095 
        h162  2 0.9900 0.0100 
        h163  2 0.9812 0.0188 
        h164  2 0.9880 0.0120 
        h165  2 0.9897 0.0103 
        h166  2 0.9789 0.0211 
        h167  2 0.9893 0.0107 
        h168  2 0.9172 0.0828 
        h169  2 0.8928 0.1072 
        h170  2 0.9894 0.0106 
        h171  2 0.9887 0.0113 
        h172  2 0.9798 0.0202 
        h173  2 0.9933 0.0067 
        h174  2 0.9915 0.0085 
        h175  2 0.9881 0.0119 
        h176  2 0.9860 0.0140 
        h177  2 0.9713 0.0287 
        h178  2 0.9837 0.0163 
        h179  2 0.9869 0.0131 
        h180  2 0.9921 0.0079 
        h181  2 0.9911 0.0089 
        h182  2 0.9796 0.0204 
        h183  2 0.9928 0.0072 
        h184  2 0.9899 0.0101 
        h185  2 0.9857 0.0143 
        h186  2 0.9910 0.0090 
        h187  2 0.9886 0.0114 
        h188  2 0.9834 0.0166 
        h189  2 0.9924 0.0076 
        h190  2 0.9875 0.0125 
        h191  2 0.9823 0.0177 
        h192  2 0.9941 0.0059 
        h193  2 0.9786 0.0214 
        h194  2 0.9869 0.0131 
        h195  2 0.9858 0.0142 
        h196  2 0.9918 0.0082 
        h197  2 0.9912 0.0088 
        h198  2 0.9911 0.0089 
        h199  2 0.9868 0.0132 
        h200  2 0.9894 0.0106 
        h201  2 0.9896 0.0104 
        h202  2 0.9882 0.0118 
        h203  2 0.9750 0.0250 
        h204  2 0.9878 0.0122 
        h205  2 0.9874 0.0126 
        h206  2 0.9897 0.0103 
        h207  2 0.8810 0.1190 
        h208  2 0.9898 0.0102 
        h209  2 0.9921 0.0079 
        h210  2 0.9898 0.0102 
        h211  2 0.9827 0.0173 
        h212  2 0.9862 0.0138 
        h213  2 0.9788 0.0212 
        h214  2 0.9890 0.0110 
        h215  2 0.9888 0.0112 
        h216  2 0.9933 0.0067 
        h217  2 0.9854 0.0146 
        h218  2 0.9621 0.0379 
        h219  2 0.9778 0.0222 
        h220  2 0.9851 0.0149 
        h221  2 0.9927 0.0073 
        h222  2 0.9454 0.0546 
        h223  2 0.9771 0.0229 
        h224  2 0.9911 0.0089 
        h225  2 0.9750 0.0250 
        h226  2 0.9788 0.0212 
        h227  2 0.9872 0.0128 
        h228  2 0.9928 0.0072 
        h229  2 0.9816 0.0184 
        h230  2 0.9757 0.0243 
        h231  2 0.9901 0.0099 
        h232  2 0.9866 0.0134 
        h233  2 0.9919 0.0081 
        h234  2 0.9910 0.0090 
        h235  2 0.9783 0.0217 
        h236  2 0.9896 0.0104 
        h237  2 0.9943 0.0057 
        h238  2 0.9871 0.0129 
        h239  2 0.9916 0.0084 
        h240  2 0.9926 0.0074 
        h241  2 0.9934 0.0066 
        h242  2 0.9914 0.0086 
        h243  2 0.9714 0.0286 
        h244  2 0.9940 0.0060 
        h245  2 0.9911 0.0089 
        h246  2 0.9828 0.0172 
        h247  2 0.9909 0.0091 
        h248  2 0.9872 0.0128 
        h249  2 0.9851 0.0149 
        h250  2 0.9862 0.0138 
        h251  2 0.9918 0.0082 
        h252  2 0.9905 0.0095 
        h253  2 0.9531 0.0469 
        h254  2 0.9714 0.0286 
        h255  2 0.9840 0.0160 
        h256  2 0.9897 0.0103 
        h257  2 0.9825 0.0175 
        h258  2 0.9861 0.0139 
        h259  2 0.9408 0.0592 
        h260  2 0.9782 0.0218 
        h261  2 0.9822 0.0178 
        h262  2 0.9843 0.0157 
        h263  2 0.9922 0.0078 
        h264  2 0.9899 0.0101 
        h265  2 0.9812 0.0188 
        h266  2 0.9845 0.0155 
        h267  2 0.9828 0.0172 
        h268  2 0.9906 0.0094 
        h269  2 0.9877 0.0123 
        h270  2 0.9834 0.0166 
        h271  2 0.9873 0.0127 
        h272  2 0.9919 0.0081 
        h273  2 0.9636 0.0364 
        h274  2 0.9921 0.0079 
        h275  2 0.9906 0.0094 
        h276  2 0.9860 0.0140 
        h277  2 0.9921 0.0079 
        h278  2 0.9921 0.0079 
        h279  2 0.9896 0.0104 
        h280  2 0.9654 0.0346 
        h281  2 0.9934 0.0066 
        h282  2 0.9903 0.0097 
        h283  2 0.9909 0.0091 
        h284  2 0.9900 0.0100 
        h285  2 0.7393 0.2607 
        h286  2 0.9937 0.0063 
        h287  2 0.9826 0.0174 
        h288  2 0.9755 0.0245 
        h289  2 0.9894 0.0106 
        h290  2 0.9861 0.0139 
        h291  2 0.9922 0.0078 
        h292  2 0.9678 0.0322 
        h293  2 0.9554 0.0446 
        h294  2 0.9908 0.0092 
        h295  2 0.9828 0.0172 
        h296  2 0.9881 0.0119 
        h297  2 0.9817 0.0183 
        h298  2 0.9815 0.0185 
        h299  2 0.9920 0.0080 
        h300  2 0.9912 0.0088 
        h301  2 0.9658 0.0342 
        h302  2 0.9885 0.0115 
        h303  2 0.9906 0.0094 
        h304  2 0.9847 0.0153 
        h305  2 0.9838 0.0162 
        h306  2 0.9917 0.0083 
        h307  2 0.9943 0.0057 
        h308  2 0.9716 0.0284 
        h309  2 0.9870 0.0130 
        h310  2 0.9520 0.0480 
        h311  2 0.9862 0.0138 
        h312  2 0.9926 0.0074 
        h313  2 0.9823 0.0177 
        h314  2 0.9840 0.0160 
        h315  2 0.9751 0.0249 
        h316  2 0.9642 0.0358 
        h317  2 0.9839 0.0161 
        h318  2 0.9924 0.0076 
        h319  2 0.9769 0.0231 
        h320  2 0.9934 0.0066 
        h321  2 0.9923 0.0077 
        h322  2 0.9936 0.0064 
        h323  2 0.9371 0.0629 
        h324  2 0.9887 0.0113 
        h325  2 0.9860 0.0140 
        h326  2 0.9925 0.0075 
        h327  2 0.9882 0.0118 
        h328  2 0.9879 0.0121 
        h329  2 0.9702 0.0298 
        h330  2 0.9861 0.0139 
        h331  2 0.9927 0.0073 
        h332  2 0.9900 0.0100 
        h333  2 0.9883 0.0117 
        h334  2 0.9925 0.0075 
        h335  2 0.9749 0.0251 
        h336  2 0.9783 0.0217 
        h337  2 0.9896 0.0104 
        h338  2 0.9914 0.0086 
        h339  2 0.9905 0.0095 
        h340  2 0.9864 0.0136 
        h341  2 0.9915 0.0085 
        h342  2 0.9804 0.0196 
        h343  2 0.9503 0.0497 
        h344  2 0.9800 0.0200 
        h345  2 0.9857 0.0143 
        h346  2 0.9913 0.0087 
        h347  2 0.9859 0.0141 
        h348  2 0.9933 0.0067 
        h349  2 0.9919 0.0081 
        h350  2 0.9861 0.0139 
        h351  2 0.9813 0.0187 
        h352  2 0.9930 0.0070 
        h353  2 0.9894 0.0106 
        h354  2 0.9419 0.0581 
        h355  2 0.9937 0.0063 
        h356  2 0.9864 0.0136 
        h357  2 0.9669 0.0331 
        h358  2 0.9919 0.0081 
        h359  2 0.9673 0.0327 
        h360  2 0.9905 0.0095 
        h361  2 0.9905 0.0095 
        h362  2 0.9909 0.0091 
        h363  2 0.9910 0.0090 
        h364  2 0.9801 0.0199 
        h365  2 0.9916 0.0084 
        h366  2 0.9784 0.0216 
        h367  2 0.9796 0.0204 
        h368  2 0.9456 0.0544 
        h369  2 0.9689 0.0311 
        h370  2 0.9750 0.0250 
        h371  2 0.9758 0.0242 
        h372  2 0.9949 0.0051 
        h373  2 0.9784 0.0216 
        h374  2 0.9854 0.0146 
        h375  2 0.9909 0.0091 
        h376  2 0.9900 0.0100 
        h377  2 0.9943 0.0057 
        h378  2 0.9900 0.0100 
        h379  2 0.9853 0.0147 
        h380  2 0.9916 0.0084 
        h381  2 0.9853 0.0147 
        h382  2 0.9935 0.0065 
        h383  2 0.9873 0.0127 
        h384  2 0.9926 0.0074 
        h385  2 0.9875 0.0125 
        h386  2 0.9902 0.0098 
        h387  2 0.9890 0.0110 
        h388  2 0.9914 0.0086 
        h389  2 0.9871 0.0129 
        h390  2 0.9872 0.0128 
        h391  2 0.9895 0.0105 
        h392  2 0.9907 0.0093 
        h393  2 0.9864 0.0136 
        h394  2 0.9888 0.0112 
        h395  2 0.9834 0.0166 
        h396  2 0.9802 0.0198 
        h397  2 0.9905 0.0095 
        h398  2 0.9536 0.0464 
        h399  2 0.9906 0.0094 
        h400  2 0.9869 0.0131 
        h001  3 0.8306 0.1694 
        h002  3 0.9193 0.0807 
        h003  3 0.8260 0.1740 
        h004  3 0.8077 0.1923 
        h005  3 0.8844 0.1156 
        h006  3 0.8818 0.1182 
        h007  3 0.8269 0.1731 
        h008  3 0.9790 0.0210 
        h009  3 0.9273 0.0727 
        h010  3 0.7676 0.2324 
        h011  3 0.8115 0.1885 
        h012  3 0.8466 0.1534 
        h013  3 0.9196 0.0804 
        h014  3 0.9564 0.0436 
        h015  3 0.8429 0.1571 
        h016  3 0.9865 0.0135 
        h017  3 0.9721 0.0279 
        h018  3 0.9854 0.0146 
        h019  3 0.8444 0.1556 
        h020  3 0.6588 0.3412 
        h021  3 0.9756 0.0244 
        h022  3 0.9096 0.0904 
        h023  3 0.9547 0.0453 
        h024  3 0.9019 0.0981 
        h025  3 0.9146 0.0854 
        h026  3 0.9402 0.0598 
        h027  3 0.8946 0.1054 
        h028  3 0.8481 0.1519 
        h029  3 0.8581 0.1419 
        h030  3 0.9840 0.0160 
        h031  3 0.9289 0.0711 
        h032  3 0.9326 0.0674 
        h033  3 0.7793 0.2207 
        h034  3 0.9623 0.0377 
        h035  3 0.9215 0.0785 
        h036  3 0.9845 0.0155 
        h037  3 0.9786 0.0214 
        h038  3 0.5970 0.4030 
        h039  3 0.8956 0.1044 
        h040  3 0.9868 0.0132 
        h041  3 0.9687 0.0313 
        h042  3 0.7235 0.2765 
        h043  3 0.7325 0.2675 
        h044  3 0.9401 0.0599 
        h045  3 0.9831 0.0169 
        h046  3 0.6662 0.3338 
        h047  3 0.9887 0.0113 
        h048  3 0.8497 0.1503 
        h049  3 0.9452 0.0548 
        h050  3 0.9767 0.0233 
        h051  3 0.9675 0.0325 
        h052  3 0.9822 0.0178 
        h053  3 0.9339 0.0661 
        h054  3 0.8135 0.1865 
        h055  3 0.9244 0.0756 
        h056  3 0.8015 0.1985 
        h057  3 0.9026 0.0974 
        h058  3 0.8878 0.1122 
        h059  3 0.7649 0.2351 
        h060  3 0.9506 0.0494 
        h061  3 0.9420 0.0580 
        h062  3 0.8746 0.1254 
        h063  3 0.8005 0.1995 
        h064  3 0.9108 0.0892 
        h065  3 0.7305 0.2695 
        h066  3 0.9031 0.0969 
        h067  3 0.8529 0.1471 
        h068  3 0.9268 0.0732 
        h069  3 0.9821 0.0179 
        h070  3 0.9922 0.0078 
        h071  3 0.8746 0.1254 
        h072  3 0.8430 0.1570 
        h073  3 0.9610 0.0390 
        h074  3 0.9040 0.0960 
        h075  3 0.9284 0.0716 
        h076  3 0.8815 0.1185 
        h077  3 0.9888 0.0112 
        h078  3 0.9792 0.0208 
        h079  3 0.9232 0.0768 
        h080  3 0.9575 0.0425 
        h081  3 0.7395 0.2605 
        h082  3 0.9583 0.0417 
        h083  3 0.9711 0.0289 
        h084  3 0.7014 0.2986 
        h085  3 0.8682 0.1318 
        h086  3 0.8568 0.1432 
        h087  3 0.9767 0.0233 
        h088  3 0.8758 0.1242 
        h089  3 0.9855 0.0145 
        h090  3 0.8642 0.1358 
        h091  3 0.7740 0.2260 
        h092  3 0.8006 0.1994 
        h093  3 0.7711 0.2289 
        h094  3 0.9897 0.0103 
        h095  3 0.9570 0.0430 
        h096  3 0.9905 0.0095 
        h097  3 0.7362 0.2638 
        h098  3 0.7334 0.2666 
        h099  3 0.9863 0.0137 
        h100  3 0.8880 0.1120 
       h0011  4 0.8985 0.1015 
       h0021  4 0.9519 0.0481 
       h0031  4 0.5124 0.4876 
       h0041  4 0.5413 0.4587 
       h0051  4 0.6388 0.3612 
       h0061  4 0.7690 0.2310 
       h0071  4 0.6880 0.3120 
       h0081  4 0.7522 0.2478 
       h0091  4 0.7462 0.2538 
       h0101  4 0.7456 0.2544 
       h0111  4 0.7498 0.2502 
       h0121  4 0.9609 0.0391 
       h0131  4 0.4715 0.5285 
       h0141  4 0.5729 0.4271 
       h0151  4 0.8823 0.1177 
       h0161  4 0.9488 0.0512 
       h0171  4 0.5580 0.4420 
       h0181  4 0.7491 0.2509 
       h0191  4 0.7662 0.2338 
       h0201  4 0.9583 0.0417 
       h0211  4 0.8979 0.1021 
       h0221  4 0.3985 0.6015 
       h0231  4 0.6155 0.3845 
       h0241  4 0.6042 0.3958 
       h0251  4 0.7925 0.2075 
       h0261  4 0.8617 0.1383 
       h0271  4 0.7030 0.2970 
       h0281  4 0.7453 0.2547 
       h0291  4 0.8081 0.1919 
       h0301  4 0.8607 0.1393 
       h0311  4 0.8009 0.1991 
       h0321  4 0.8646 0.1354 
       h0331  4 0.7613 0.2387 
       h0341  4 0.6747 0.3253 
       h0351  4 0.9506 0.0494 
       h0361  4 0.7814 0.2186 
       h0371  4 0.7656 0.2344 
       h0381  4 0.7398 0.2602 
       h0391  4 0.6918 0.3082 
       h0401  4 0.7275 0.2725 
       h0411  4 0.8884 0.1116 
       h0421  4 0.6040 0.3960 
       h0431  4 0.7103 0.2897 
       h0441  4 0.9774 0.0226 
       h0451  4 0.7399 0.2601 
       h0461  4 0.6847 0.3153 
       h0471  4 0.7738 0.2262 
       h0481  4 0.8393 0.1607 
       h0491  4 0.7843 0.2157 
       h0501  4 0.8972 0.1028 
       h0511  4 0.7048 0.2952 
       h0521  4 0.8565 0.1435 
       h0531  4 0.7437 0.2563 
       h0541  4 0.7201 0.2799 
       h0551  4 0.9126 0.0874 
       h0561  4 0.8803 0.1197 
       h0571  4 0.8783 0.1217 
       h0581  4 0.7320 0.2680 
       h0591  4 0.9850 0.0150 
       h0601  4 0.6809 0.3191 
       h0611  4 0.6399 0.3601 
       h0621  4 0.7773 0.2227 
       h0631  4 0.8779 0.1221 
       h0641  4 0.8311 0.1689 
       h0651  4 0.4113 0.5887 
       h0661  4 0.7441 0.2559 
       h0671  4 0.6753 0.3247 
       h0681  4 0.6066 0.3934 
       h0691  4 0.7977 0.2023 
       h0701  4 0.7724 0.2276 
       h0711  4 0.7652 0.2348 
       h0721  4 0.7953 0.2047 
       h0731  4 0.8345 0.1655 
       h0741  4 0.7384 0.2616 
       h0751  4 0.6967 0.3033 
       h0761  4 0.7494 0.2506 
       h0771  4 0.6568 0.3432 
       h0781  4 0.9257 0.0743 
       h0791  4 0.7874 0.2126 
       h0801  4 0.7409 0.2591 
       h0811  4 0.6685 0.3315 
       h0821  4 0.7912 0.2088 
       h0831  4 0.9270 0.0730 
       h0841  4 0.7752 0.2248 
       h0851  4 0.6933 0.3067 
       h0861  4 0.6940 0.3060 
       h0871  4 0.8225 0.1775 
       h0881  4 0.4005 0.5995 
       h0891  4 0.7849 0.2151 
       h0901  4 0.7409 0.2591 
       h0911  4 0.9679 0.0321 
       h0921  4 0.7738 0.2262 
       h0931  4 0.6677 0.3323 
       h0941  4 0.7343 0.2657 
       h0951  4 0.8669 0.1331 
       h0961  4 0.7826 0.2174 
       h0971  4 0.7733 0.2267 
       h0981  4 0.6114 0.3886 
       h0991  4 0.9545 0.0455 
       h1001  4 0.8008 0.1992 
      MSV1TX  5 0.6002 0.3998 
      MSV025  5 0.3696 0.6304 
      MSV02C  5 0.4966 0.5034 
      MSV02E  5 0.4480 0.5520 
      MSV0TF  5 0.4160 0.5840 
       M2EL8  5 0.3057 0.6943 
       h0012  6 0.4596 0.5404 
       h0022  6 0.5609 0.4391 
       h0032  6 0.4505 0.5495 
       h0042  6 0.4984 0.5016 
       h0052  6 0.5938 0.4062 
       h0062  6 0.3140 0.6860 
       h0072  6 0.4721 0.5279 
       h0082  6 0.5616 0.4384 
       h0092  6 0.2100 0.7900 
       h0102  6 0.4004 0.5996 
       h0112  6 0.6280 0.3720 
       h0122  6 0.5518 0.4482 
       h0132  6 0.6389 0.3611 
       h0142  6 0.5726 0.4274 
       h0152  6 0.4841 0.5159 
       h0162  6 0.6002 0.3998 
       h0172  6 0.5059 0.4941 
       h0182  6 0.3433 0.6567 
       h0192  6 0.4674 0.5326 
       h0202  6 0.6038 0.3962 
       h0212  6 0.4008 0.5992 
       h0222  6 0.5046 0.4954 
       h0232  6 0.5593 0.4407 
       h0242  6 0.5194 0.4806 
       h0252  6 0.5788 0.4212 
       h0262  6 0.6014 0.3986 
       h0272  6 0.6036 0.3964 
       h0282  6 0.4196 0.5804 
       h0292  6 0.4701 0.5299 
       h0302  6 0.1596 0.8404 
       h0312  6 0.4016 0.5984 
       h0322  6 0.5084 0.4916 
       h0332  6 0.5114 0.4886 
       h0342  6 0.5404 0.4596 
       h0352  6 0.3226 0.6774 
       h0362  6 0.3941 0.6059 
       h0372  6 0.5548 0.4452 
       h0382  6 0.6125 0.3875 
       h0392  6 0.4786 0.5214 
       h0402  6 0.5307 0.4693 
       h0412  6 0.5652 0.4348 
       h0422  6 0.4776 0.5224 
       h0432  6 0.6942 0.3058 
       h0442  6 0.7510 0.2490 
       h0452  6 0.4086 0.5914 
       h0462  6 0.4674 0.5326 
       h0472  6 0.4690 0.5310 
       h0482  6 0.3907 0.6093 
       h0492  6 0.4980 0.5020 
       h0502  6 0.4706 0.5294 
       h0512  6 0.4132 0.5868 
       h0522  6 0.3885 0.6115 
       h0532  6 0.0987 0.9013 
       h0542  6 0.5168 0.4832 
       h0552  6 0.5886 0.4114 
       h0562  6 0.3702 0.6298 
       h0572  6 0.4017 0.5983 
       h0582  6 0.5412 0.4588 
       h0592  6 0.2244 0.7756 
       h0602  6 0.4139 0.5861 
       h0612  6 0.5450 0.4550 
       h0622  6 0.4904 0.5096 
       h0632  6 0.4663 0.5337 
       h0642  6 0.5734 0.4266 
       h0652  6 0.6429 0.3571 
       h0662  6 0.5959 0.4041 
       h0672  6 0.6585 0.3415 
       h0682  6 0.3944 0.6056 
       h0692  6 0.6191 0.3809 
       h0702  6 0.2703 0.7297 
       h0712  6 0.5783 0.4217 
       h0722  6 0.4927 0.5073 
       h0732  6 0.4959 0.5041 
       h0742  6 0.5674 0.4326 
       h0752  6 0.4236 0.5764 
       h0762  6 0.4949 0.5051 
       h0772  6 0.4621 0.5379 
       h0782  6 0.3530 0.6470 
       h0792  6 0.6451 0.3549 
       h0802  6 0.4877 0.5123 
       h0812  6 0.3476 0.6524 
       h0822  6 0.5471 0.4529 
       h0832  6 0.6031 0.3969 
       h0842  6 0.5025 0.4975 
       h0852  6 0.6295 0.3705 
       h0862  6 0.4569 0.5431 
       h0872  6 0.5573 0.4427 
       h0882  6 0.5355 0.4645 
       h0892  6 0.4797 0.5203 
       h0902  6 0.5287 0.4713 
       h0912  6 0.5288 0.4712 
       h0922  6 0.5869 0.4131 
       h0932  6 0.5875 0.4125 
       h0942  6 0.4621 0.5379 
       h0952  6 0.6263 0.3737 
       h0962  6 0.5744 0.4256 
       h0972  6 0.4483 0.5517 
       h0982  6 0.5088 0.4912 
       h0992  6 0.5761 0.4239 
       h1002  6 0.4189 0.5811 
      MSV21T  7 0.1133 0.8867 
       M2E71  7 0.2135 0.7865 
       h0013  8 0.1722 0.8278 
       h0023  8 0.1803 0.8197 
       h0033  8 0.3203 0.6797 
       h0043  8 0.1790 0.8210 
       h0053  8 0.1931 0.8069 
       h0063  8 0.0751 0.9249 
       h0073  8 0.2872 0.7128 
       h0083  8 0.0089 0.9911 
       h0093  8 0.3626 0.6374 
       h0103  8 0.2728 0.7272 
       h0113  8 0.1130 0.8870 
       h0123  8 0.1104 0.8896 
       h0133  8 0.0133 0.9867 
       h0143  8 0.0675 0.9325 
       h0153  8 0.3713 0.6287 
       h0163  8 0.1888 0.8112 
       h0173  8 0.2188 0.7812 
       h0183  8 0.0279 0.9721 
       h0193  8 0.1109 0.8891 
       h0203  8 0.0290 0.9710 
       h0213  8 0.2876 0.7124 
       h0223  8 0.2912 0.7088 
       h0233  8 0.1431 0.8569 
       h0243  8 0.3225 0.6775 
       h0253  8 0.2354 0.7646 
       h0263  8 0.1448 0.8552 
       h0273  8 0.2892 0.7108 
       h0283  8 0.2040 0.7960 
       h0293  8 0.0690 0.9310 
       h0303  8 0.3330 0.6670 
       h0313  8 0.2805 0.7195 
       h0323  8 0.0391 0.9609 
       h0333  8 0.1910 0.8090 
       h0343  8 0.3073 0.6927 
       h0353  8 0.2369 0.7631 
       h0363  8 0.4001 0.5999 
       h0373  8 0.1499 0.8501 
       h0383  8 0.3166 0.6834 
       h0393  8 0.2124 0.7876 
       h0403  8 0.1148 0.8852 
       h0413  8 0.2157 0.7843 
       h0423  8 0.3564 0.6436 
       h0433  8 0.1424 0.8576 
       h0443  8 0.2966 0.7034 
       h0453  8 0.1895 0.8105 
       h0463  8 0.0225 0.9775 
       h0473  8 0.3220 0.6780 
       h0483  8 0.1828 0.8172 
       h0493  8 0.1714 0.8286 
       h0503  8 0.3904 0.6096 
       h0513  8 0.0383 0.9617 
       h0523  8 0.2208 0.7792 
       h0533  8 0.2317 0.7683 
       h0543  8 0.2012 0.7988 
       h0553  8 0.2852 0.7148 
       h0563  8 0.0756 0.9244 
       h0573  8 0.2509 0.7491 
       h0583  8 0.0916 0.9084 
       h0593  8 0.1757 0.8243 
       h0603  8 0.3683 0.6317 
       h0613  8 0.1359 0.8641 
       h0623  8 0.2366 0.7634 
       h0633  8 0.3351 0.6649 
       h0643  8 0.2926 0.7074 
       h0653  8 0.1913 0.8087 
       h0663  8 0.2115 0.7885 
       h0673  8 0.1408 0.8592 
       h0683  8 0.2401 0.7599 
       h0693  8 0.2875 0.7125 
       h0703  8 0.1462 0.8538 
       h0713  8 0.0937 0.9063 
       h0723  8 0.0877 0.9123 
       h0733  8 0.0676 0.9324 
       h0743  8 0.2831 0.7169 
       h0753  8 0.1780 0.8220 
       h0763  8 0.4745 0.5255 
       h0773  8 0.0414 0.9586 
       h0783  8 0.0214 0.9786 
       h0793  8 0.0769 0.9231 
       h0803  8 0.3087 0.6913 
       h0813  8 0.1530 0.8470 
       h0823  8 0.2129 0.7871 
       h0833  8 0.2610 0.7390 
       h0843  8 0.1273 0.8727 
       h0853  8 0.1962 0.8038 
       h0863  8 0.2168 0.7832 
       h0873  8 0.2958 0.7042 
       h0883  8 0.2565 0.7435 
       h0893  8 0.2714 0.7286 
       h0903  8 0.2310 0.7690 
       h0913  8 0.1846 0.8154 
       h0923  8 0.1000 0.9000 
       h0933  8 0.1217 0.8783 
       h0943  8 0.1521 0.8479 
       h0953  8 0.2135 0.7865 
       h0963  8 0.2061 0.7939 
       h0973  8 0.3062 0.6938 
       h0983  8 0.0769 0.9231 
       h0993  8 0.3214 0.6786 
       h1003  8 0.1258 0.8742 
       W23CA  9 0.0571 0.9429 
     AP.085Y  9 0.0152 0.9848 
     CH.0LLY  9 0.4030 0.5970 
       M0LEC  9 0.0084 0.9916 
       M2C3H  9 0.2133 0.7867 
       M2CHL  9 0.4570 0.5430 
       W26P7  9 0.0796 0.9204 
     AP.07M5  9 0.0854 0.9146 
     AP.080U  9 0.0445 0.9555 
     AP.082A  9 0.0084 0.9916 
     AP.0843  9 0.0599 0.9401 
     AP.0844  9 0.1549 0.8451 
     AP.084X  9 0.0174 0.9826 
     AP.086Y  9 0.1061 0.8939 
     AP.0870  9 0.1041 0.8959 
     AP.0878  9 0.1645 0.8355 
     AP.087F  9 0.1910 0.8090 
     AP.087Y  9 0.4019 0.5981 
     AP.088P  9 0.0215 0.9785 
     AP.08AK  9 0.0243 0.9757 
     CH.0LLM  9 0.1302 0.8698 
     CH.0LLU  9 0.2275 0.7725 
     CH.0LM0  9 0.0307 0.9693 
     CH.0LM3  9 0.0255 0.9745 
       W26MY  9 0.1998 0.8002 
       W26P6  9 0.0365 0.9635 
      HRV07U  9 0.0401 0.9599 
      HRV1CT  9 0.0105 0.9895 
      HRV1CU  9 0.0072 0.9928 
      HRV1E6  9 0.0075 0.9925 
      HRV081  9 0.0061 0.9939 
      HRV1E3  9 0.0176 0.9824 
      MSV21E  9 0.1562 0.8438 
      MSV216  9 0.0827 0.9173 
       M0TYK  9 0.0351 0.9649 
      MSV2AA  9 0.0633 0.9367 
     CK.0PET  9 0.2192 0.7808 
       M2E8C  9 0.0125 0.9875 
      MSV23X  9 0.1642 0.8358 
      MSV32A  9 0.1588 0.8412 
     AP.0838  9 0.0144 0.9856 
     AP.088F  9 0.0928 0.9072 
       h0014 10 0.0782 0.9218 
       h0024 10 0.0060 0.9940 
       h0034 10 0.0255 0.9745 
       h0044 10 0.1819 0.8181 
       h0054 10 0.1245 0.8755 
       h0064 10 0.0116 0.9884 
       h0074 10 0.1263 0.8737 
       h0084 10 0.1644 0.8356 
       h0094 10 0.2157 0.7843 
       h0104 10 0.0242 0.9758 
       h0114 10 0.0136 0.9864 
       h0124 10 0.0769 0.9231 
       h0134 10 0.3788 0.6212 
       h0144 10 0.1341 0.8659 
       h0154 10 0.1131 0.8869 
       h0164 10 0.0780 0.9220 
       h0174 10 0.0508 0.9492 
       h0184 10 0.0975 0.9025 
       h0194 10 0.2348 0.7652 
       h0204 10 0.0498 0.9502 
       h0214 10 0.0202 0.9798 
       h0224 10 0.0121 0.9879 
       h0234 10 0.0100 0.9900 
       h0244 10 0.0270 0.9730 
       h0254 10 0.1745 0.8255 
       h0264 10 0.0108 0.9892 
       h0274 10 0.1287 0.8713 
       h0284 10 0.0626 0.9374 
       h0294 10 0.0785 0.9215 
       h0304 10 0.1021 0.8979 
       h0314 10 0.0613 0.9387 
       h0324 10 0.0290 0.9710 
       h0334 10 0.0332 0.9668 
       h0344 10 0.0669 0.9331 
       h0354 10 0.0148 0.9852 
       h0364 10 0.2341 0.7659 
       h0374 10 0.1169 0.8831 
       h0384 10 0.1730 0.8270 
       h0394 10 0.0096 0.9904 
       h0404 10 0.0178 0.9822 
       h0414 10 0.0803 0.9197 
       h0424 10 0.1094 0.8906 
       h0434 10 0.0501 0.9499 
       h0444 10 0.1770 0.8230 
       h0454 10 0.0385 0.9615 
       h0464 10 0.0122 0.9878 
       h0474 10 0.1166 0.8834 
       h0484 10 0.0544 0.9456 
       h0494 10 0.0441 0.9559 
       h0504 10 0.1932 0.8068 
       h0514 10 0.2542 0.7458 
       h0524 10 0.0408 0.9592 
       h0534 10 0.0110 0.9890 
       h0544 10 0.0720 0.9280 
       h0554 10 0.0242 0.9758 
       h0564 10 0.0267 0.9733 
       h0574 10 0.2453 0.7547 
       h0584 10 0.0162 0.9838 
       h0594 10 0.0253 0.9747 
       h0604 10 0.0086 0.9914 
       h0614 10 0.0078 0.9922 
       h0624 10 0.0553 0.9447 
       h0634 10 0.0200 0.9800 
       h0644 10 0.0159 0.9841 
       h0654 10 0.1752 0.8248 
       h0664 10 0.0543 0.9457 
       h0674 10 0.0448 0.9552 
       h0684 10 0.0477 0.9523 
       h0694 10 0.0074 0.9926 
       h0704 10 0.0774 0.9226 
       h0714 10 0.0167 0.9833 
       h0724 10 0.0367 0.9633 
       h0734 10 0.0079 0.9921 
       h0744 10 0.0079 0.9921 
       h0754 10 0.1375 0.8625 
       h0764 10 0.3248 0.6752 
       h0774 10 0.0651 0.9349 
       h0784 10 0.0656 0.9344 
       h0794 10 0.0272 0.9728 
       h0804 10 0.0189 0.9811 
       h0814 10 0.1300 0.8700 
       h0824 10 0.0604 0.9396 
       h0834 10 0.2333 0.7667 
       h0844 10 0.2038 0.7962 
       h0854 10 0.0128 0.9872 
       h0864 10 0.1248 0.8752 
       h0874 10 0.1419 0.8581 
       h0884 10 0.1675 0.8325 
       h0894 10 0.0709 0.9291 
       h0904 10 0.0358 0.9642 
       h0914 10 0.0545 0.9455 
       h0924 10 0.2930 0.7070 
       h0934 10 0.0237 0.9763 
       h0944 10 0.0085 0.9915 
       h0954 10 0.0261 0.9739 
       h0964 10 0.0851 0.9149 
       h0974 10 0.0103 0.9897 
       h0984 10 0.0269 0.9731 
       h0994 10 0.0543 0.9457 
       h1004 10 0.2179 0.7821 
     AP.07M2 11 0.0321 0.9679 
      HRV05C 11 0.0148 0.9852 
      HRV077 11 0.0143 0.9857 
      HRV0A0 11 0.0065 0.9935 
      HRV0MC 11 0.0087 0.9913 
      HRV00P 11 0.0063 0.9937 
      HRV01J 11 0.0087 0.9913 
      HRV026 11 0.0099 0.9901 
      HRV02C 11 0.0057 0.9943 
      HRV031 11 0.0067 0.9933 
      HRV033 11 0.0067 0.9933 
      HRV05L 11 0.0062 0.9938 
      HRV06A 11 0.0076 0.9924 
      HRV07P 11 0.0064 0.9936 
      HRV0HC 11 0.0276 0.9724 
      HRV0HU 11 0.0203 0.9797 
      HRV0K1 11 0.0069 0.9931 
      HRV0M6 11 0.0334 0.9666 
      HRV0M7 11 0.0103 0.9897 
      HRV0MK 11 0.0060 0.9940 
      HRV1C7 11 0.0080 0.9920 
      HRV1EA 11 0.0137 0.9863 
       M147K 11 0.0053 0.9947 
      HRV008 11 0.0082 0.9918 
      HRV015 11 0.0121 0.9879 
      HRV01F 11 0.0241 0.9759 
      HRV01L 11 0.0075 0.9925 
      HRV01M 11 0.0091 0.9909 
      HRV020 11 0.0133 0.9867 
      HRV022 11 0.0238 0.9762 
      HRV02A 11 0.0178 0.9822 
      HRV02K 11 0.0238 0.9762 
      HRV04C 11 0.0072 0.9928 
      HRV05H 11 0.0154 0.9846 
      HRV076 11 0.0160 0.9840 
      HRV07H 11 0.0057 0.9943 
      HRV07X 11 0.0144 0.9856 
      HRV080 11 0.0071 0.9929 
      HRV086 11 0.0096 0.9904 
      HRV0H3 11 0.0098 0.9902 
      HRV0J3 11 0.0109 0.9891 
      HRV0JX 11 0.0171 0.9829 
      HRV0ML 11 0.0061 0.9939 
      HRV1E8 11 0.0082 0.9918 
      HRV007 11 0.0110 0.9890 
      HRV005 11 0.0140 0.9860 
      HRV05U 11 0.0071 0.9929 
      HRV01U 11 0.0083 0.9917 
     AP.07M1 11 0.0072 0.9928 
     AP.07ME 11 0.0146 0.9854 
     AP.0817 11 0.0096 0.9904 
     AP.0863 11 0.0232 0.9768 
     AP.087T 11 0.0199 0.9801 
     AP.088T 11 0.0060 0.9940 
     CH.0LM1 11 0.0100 0.9900 
       M05X5 11 0.0496 0.9504 
       M06JH 11 0.0527 0.9473 
       M0A6K 11 0.0092 0.9908 
       M0ETF 11 0.0072 0.9928 
       M0LUP 11 0.0124 0.9876 
       M16F1 11 0.0085 0.9915 
       M182M 11 0.0115 0.9885 
       M1CFL 11 0.0082 0.9918 
       M2AXY 11 0.0097 0.9903 
       M2AY2 11 0.0277 0.9723 
       M2CHP 11 0.0378 0.9622 
       W26LK 11 0.0073 0.9927 
       W26ME 11 0.0145 0.9855 
     AM.07FM 11 0.0056 0.9944 
     AM.07FP 11 0.0080 0.9920 
     AP.07M4 11 0.0058 0.9942 
     AP.07M7 11 0.0054 0.9946 
     AP.07M8 11 0.0124 0.9876 
     AP.07MA 11 0.0172 0.9828 
     AP.07MC 11 0.0069 0.9931 
     AP.07P8 11 0.0318 0.9682 
     AP.07U8 11 0.0109 0.9891 
     AP.081F 11 0.0131 0.9869 
     AP.081H 11 0.3121 0.6879 
     AP.0820 11 0.0166 0.9834 
     AP.0841 11 0.1237 0.8763 
     AP.0858 11 0.0117 0.9883 
     AP.085U 11 0.0346 0.9654 
     AP.085X 11 0.0072 0.9928 
     AP.0861 11 0.0093 0.9907 
     AP.0864 11 0.0062 0.9938 
     AP.086X 11 0.0067 0.9933 
     AP.0872 11 0.0073 0.9927 
     AP.0875 11 0.0531 0.9469 
     AP.087A 11 0.0079 0.9921 
     AP.087C 11 0.0130 0.9870 
     AP.087E 11 0.0072 0.9928 
     AP.087H 11 0.0071 0.9929 
     AP.087K 11 0.0115 0.9885 
     AP.087L 11 0.0080 0.9920 
     AP.087M 11 0.0099 0.9901 
     AP.087P 11 0.0103 0.9897 
     AP.087U 11 0.0449 0.9551 
     AP.087X 11 0.0254 0.9746 
     AP.0881 11 0.0152 0.9848 
     AP.0882 11 0.0091 0.9909 
     AP.0883 11 0.0205 0.9795 
     AP.0884 11 0.0068 0.9932 
     AP.0885 11 0.0111 0.9889 
     AP.0887 11 0.0094 0.9906 
     AP.0888 11 0.2683 0.7317 
     AP.088A 11 0.0083 0.9917 
     AP.088C 11 0.0307 0.9693 
     AP.088J 11 0.0133 0.9867 
     AP.088K 11 0.0121 0.9879 
     AP.088L 11 0.0073 0.9927 
     AP.088U 11 0.0074 0.9926 
     AP.088X 11 0.0317 0.9683 
     AP.08A0 11 0.0060 0.9940 
     AP.08A1 11 0.0106 0.9894 
     AP.08A3 11 0.0064 0.9936 
     AP.08A4 11 0.0658 0.9342 
     AP.08A5 11 0.0064 0.9936 
     AP.08A6 11 0.0159 0.9841 
     AP.08A8 11 0.0081 0.9919 
     AP.08AC 11 0.0166 0.9834 
     AP.08AH 11 0.0117 0.9883 
     AP.08AJ 11 0.0140 0.9860 
     AP.08AM 11 0.0074 0.9926 
     AP.08AT 11 0.0076 0.9924 
     AP.08AX 11 0.0076 0.9924 
     CH.0LLP 11 0.0084 0.9916 
     CH.0LM2 11 0.0130 0.9870 
     CH.0LM4 11 0.0063 0.9937 
     CH.0LM5 11 0.0088 0.9912 
       M0102 11 0.0083 0.9917 
       M023A 11 0.0060 0.9940 
       M03MM 11 0.0123 0.9877 
       M04PF 11 0.0070 0.9930 
       M04XH 11 0.0129 0.9871 
       M04XM 11 0.0078 0.9922 
       M0557 11 0.0187 0.9813 
       M055C 11 0.0441 0.9559 
       M05JC 11 0.0076 0.9924 
       M05PH 11 0.0117 0.9883 
       M05X6 11 0.0067 0.9933 
       M07TC 11 0.0155 0.9845 
       M0A66 11 0.0063 0.9937 
       M0EYT 11 0.0069 0.9931 
       M0FF2 11 0.0066 0.9934 
       M0HJ6 11 0.0154 0.9846 
      HRV0JL 11 0.0056 0.9944 
      HRV0JP 11 0.0076 0.9924 
      HRV0KA 11 0.0077 0.9923 
      HRV0LJ 11 0.0195 0.9805 
      HRV0LM 11 0.0093 0.9907 
      HRV0LP 11 0.0278 0.9722 
       M0HJ8 11 0.0073 0.9927 
       M0HM3 11 0.0074 0.9926 
       M0J1X 11 0.0077 0.9923 
       M0L32 11 0.0128 0.9872 
       M0L8F 11 0.0271 0.9729 
       M0LUH 11 0.0075 0.9925 
       M0XPJ 11 0.0077 0.9923 
       M0XTE 11 0.0140 0.9860 
       M157H 11 0.0080 0.9920 
       M16YU 11 0.0058 0.9942 
       M1751 11 0.0083 0.9917 
       M1C2H 11 0.0062 0.9938 
       M1E60 11 0.0061 0.9939 
       M1EKX 11 0.0064 0.9936 
       M1EKY 11 0.0070 0.9930 
       M1EL3 11 0.0140 0.9860 
       M1ELC 11 0.0117 0.9883 
       M1ELE 11 0.0073 0.9927 
       M2AY0 11 0.0178 0.9822 
       M2AY4 11 0.0087 0.9913 
       M2AY5 11 0.0094 0.9906 
       M2AY8 11 0.1091 0.8909 
       M2C3A 11 0.0082 0.9918 
       M2C3F 11 0.0086 0.9914 
      HRV0ME 11 0.0140 0.9860 
       M2CHJ 11 0.0216 0.9784 
       M2CHM 11 0.0334 0.9666 
       M2CHY 11 0.0124 0.9876 
       W23E8 11 0.0072 0.9928 
       W23EM 11 0.0118 0.9882 
       W23EX 11 0.0096 0.9904 
       W23F0 11 0.0121 0.9879 
       W26L5 11 0.0286 0.9714 
       W26LM 11 0.1053 0.8947 
       W26MJ 11 0.0664 0.9336 
       W26ML 11 0.0075 0.9925 
       W26MT 11 0.0063 0.9937 
       W26PE 11 0.0998 0.9002 
       W26PJ 11 0.1041 0.8959 
       W26PT 11 0.0068 0.9932 
       W26PX 11 0.0278 0.9722 
       W26T0 11 0.0125 0.9875 
       W26TC 11 0.0059 0.9941 
       W26TJ 11 0.0524 0.9476 
       W26UE 11 0.0109 0.9891 
       W26UF 11 0.0076 0.9924 
       W26UL 11 0.0294 0.9706 
       W26X2 11 0.0108 0.9892 
       W2716 11 0.0407 0.9593 
      HRV1C6 11 0.0065 0.9935 
      HRV1CX 11 0.0138 0.9862 
      HRV1E2 11 0.0063 0.9937 
      HRV1E4 11 0.0057 0.9943 
      HRV1E5 11 0.0060 0.9940 
      HRV1EC 11 0.0089 0.9911 
      HRV1EK 11 0.0234 0.9766 
      HRV001 11 0.0085 0.9915 
      HRV00H 11 0.0088 0.9912 
      HRV00K 11 0.0099 0.9901 
      HRV01X 11 0.0093 0.9907 
      HRV025 11 0.0145 0.9855 
      HRV028 11 0.0092 0.9908 
      HRV041 11 0.0072 0.9928 
      HRV04F 11 0.0070 0.9930 
      HRV04L 11 0.0065 0.9935 
      HRV055 11 0.0060 0.9940 
      HRV05J 11 0.0069 0.9931 
      HRV07J 11 0.0065 0.9935 
      HRV07K 11 0.0160 0.9840 
      HRV07L 11 0.0249 0.9751 
      HRV07M 11 0.0066 0.9934 
      HRV0HM 11 0.0477 0.9523 
      HRV0J2 11 0.0064 0.9936 
      HRV0K3 11 0.0073 0.9927 
      HRV0KE 11 0.0072 0.9928 
      HRV0KF 11 0.0213 0.9787 
      HRV0KU 11 0.0237 0.9763 
      HRV0L6 11 0.0065 0.9935 
      HRV0M2 11 0.0135 0.9865 
      HRV0MF 11 0.0074 0.9926 
      HRV0MJ 11 0.0216 0.9784 
      HRV1AT 11 0.0082 0.9918 
      HRV1C1 11 0.0080 0.9920 
      HRV1CL 11 0.0112 0.9888 
      HRV1E1 11 0.0095 0.9905 
      HRV1E7 11 0.0072 0.9928 
      HRV1EE 11 0.0064 0.9936 
      HRV1ET 11 0.0063 0.9937 
      h00111 12 0.0119 0.9881 
      h00211 12 0.0094 0.9906 
      h00311 12 0.0071 0.9929 
      h00411 12 0.0287 0.9713 
      h00511 12 0.0061 0.9939 
      h00611 12 0.0083 0.9917 
      h00711 12 0.0054 0.9946 
      h00811 12 0.0066 0.9934 
      h00911 12 0.0227 0.9773 
      h01011 12 0.0074 0.9926 
      h01111 12 0.0227 0.9773 
      h01211 12 0.0098 0.9902 
      h01311 12 0.0072 0.9928 
      h01411 12 0.0073 0.9927 
      h01511 12 0.0075 0.9925 
      h01611 12 0.0414 0.9586 
      h01711 12 0.0084 0.9916 
      h01811 12 0.0074 0.9926 
      h01911 12 0.0148 0.9852 
      h02011 12 0.0150 0.9850 
      h02111 12 0.0193 0.9807 
      h02211 12 0.0247 0.9753 
      h02311 12 0.0059 0.9941 
      h02411 12 0.0103 0.9897 
      h02511 12 0.0156 0.9844 
      h02611 12 0.0150 0.9850 
      h02711 12 0.0104 0.9896 
      h02811 12 0.0108 0.9892 
      h02911 12 0.0145 0.9855 
      h03011 12 0.0368 0.9632 
      h03111 12 0.0100 0.9900 
      h03211 12 0.0085 0.9915 
      h03311 12 0.0089 0.9911 
      h03411 12 0.0104 0.9896 
      h03511 12 0.0109 0.9891 
      h03611 12 0.0083 0.9917 
      h03711 12 0.0109 0.9891 
      h03811 12 0.0135 0.9865 
      h03911 12 0.0247 0.9753 
      h04011 12 0.0139 0.9861 
      h04111 12 0.0195 0.9805 
      h04211 12 0.0115 0.9885 
      h04311 12 0.0128 0.9872 
      h04411 12 0.0132 0.9868 
      h04511 12 0.0089 0.9911 
      h04611 12 0.0067 0.9933 
      h04711 12 0.0104 0.9896 
      h04811 12 0.0141 0.9859 
      h04911 12 0.0476 0.9524 
      h05011 12 0.0153 0.9847 
      h05111 12 0.0100 0.9900 
      h05211 12 0.0090 0.9910 
      h05311 12 0.0082 0.9918 
      h05411 12 0.0083 0.9917 
      h05511 12 0.0071 0.9929 
      h05611 12 0.0105 0.9895 
      h05711 12 0.0126 0.9874 
      h05811 12 0.0271 0.9729 
      h05911 12 0.0093 0.9907 
      h06011 12 0.0222 0.9778 
      h06111 12 0.0105 0.9895 
      h06211 12 0.0074 0.9926 
      h06311 12 0.0123 0.9877 
      h06411 12 0.0077 0.9923 
      h06511 12 0.0164 0.9836 
      h06611 12 0.0159 0.9841 
      h06711 12 0.0071 0.9929 
      h06811 12 0.0064 0.9936 
      h06911 12 0.0230 0.9770 
      h07011 12 0.0080 0.9920 
      h07111 12 0.0124 0.9876 
      h07211 12 0.0121 0.9879 
      h07311 12 0.0112 0.9888 
      h07411 12 0.0056 0.9944 
      h07511 12 0.0100 0.9900 
      h07611 12 0.0077 0.9923 
      h07711 12 0.0173 0.9827 
      h07811 12 0.0092 0.9908 
      h07911 12 0.0119 0.9881 
      h08011 12 0.0067 0.9933 
      h08111 12 0.0084 0.9916 
      h08211 12 0.0055 0.9945 
      h08311 12 0.0157 0.9843 
      h08411 12 0.0087 0.9913 
      h08511 12 0.0229 0.9771 
      h08611 12 0.0085 0.9915 
      h08711 12 0.0103 0.9897 
      h08811 12 0.0140 0.9860 
      h08911 12 0.0105 0.9895 
      h09011 12 0.0496 0.9504 
      h09111 12 0.0081 0.9919 
      h09211 12 0.0123 0.9877 
      h09311 12 0.0688 0.9312 
      h09411 12 0.0112 0.9888 
      h09511 12 0.0079 0.9921 
      h09611 12 0.0074 0.9926 
      h09711 12 0.0383 0.9617 
      h09811 12 0.0150 0.9850 
      h09911 12 0.0105 0.9895 
      h10011 12 0.0095 0.9905 
       h1011 12 0.0080 0.9920 
       h1021 12 0.0078 0.9922 
       h1031 12 0.0109 0.9891 
       h1041 12 0.0116 0.9884 
       h1051 12 0.0143 0.9857 
       h1061 12 0.0597 0.9403 
       h1071 12 0.0090 0.9910 
       h1081 12 0.0067 0.9933 
       h1091 12 0.0084 0.9916 
       h1101 12 0.0079 0.9921 
       h1111 12 0.0099 0.9901 
       h1121 12 0.0232 0.9768 
       h1131 12 0.0164 0.9836 
       h1141 12 0.0067 0.9933 
       h1151 12 0.0326 0.9674 
       h1161 12 0.0193 0.9807 
       h1171 12 0.0161 0.9839 
       h1181 12 0.0082 0.9918 
       h1191 12 0.0211 0.9789 
       h1201 12 0.0088 0.9912 
       h1211 12 0.0271 0.9729 
       h1221 12 0.0077 0.9923 
       h1231 12 0.0073 0.9927 
       h1241 12 0.0091 0.9909 
       h1251 12 0.0111 0.9889 
       h1261 12 0.0131 0.9869 
       h1271 12 0.0080 0.9920 
       h1281 12 0.0177 0.9823 
       h1291 12 0.0087 0.9913 
       h1301 12 0.0096 0.9904 
       h1311 12 0.0063 0.9937 
       h1321 12 0.0146 0.9854 
       h1331 12 0.1096 0.8904 
       h1341 12 0.0576 0.9424 
       h1351 12 0.0078 0.9922 
       h1361 12 0.0095 0.9905 
       h1371 12 0.0196 0.9804 
       h1381 12 0.0101 0.9899 
       h1391 12 0.0123 0.9877 
       h1401 12 0.0138 0.9862 
       h1411 12 0.0120 0.9880 
       h1421 12 0.0317 0.9683 
       h1431 12 0.0087 0.9913 
       h1441 12 0.0079 0.9921 
       h1451 12 0.0071 0.9929 
       h1461 12 0.0093 0.9907 
       h1471 12 0.0093 0.9907 
       h1481 12 0.0156 0.9844 
       h1491 12 0.0097 0.9903 
       h1501 12 0.0112 0.9888 
       h1511 12 0.0111 0.9889 
       h1521 12 0.0108 0.9892 
       h1531 12 0.0118 0.9882 
       h1541 12 0.0130 0.9870 
       h1551 12 0.0087 0.9913 
       h1561 12 0.0080 0.9920 
       h1571 12 0.0090 0.9910 
       h1581 12 0.0095 0.9905 
       h1591 12 0.0064 0.9936 
       h1601 12 0.0084 0.9916 
       h1611 12 0.0363 0.9637 
       h1621 12 0.0076 0.9924 
       h1631 12 0.0077 0.9923 
       h1641 12 0.0083 0.9917 
       h1651 12 0.0052 0.9948 
       h1661 12 0.0144 0.9856 
       h1671 12 0.0170 0.9830 
       h1681 12 0.0100 0.9900 
       h1691 12 0.0127 0.9873 
       h1701 12 0.0085 0.9915 
       h1711 12 0.0712 0.9288 
       h1721 12 0.0207 0.9793 
       h1731 12 0.0133 0.9867 
       h1741 12 0.0115 0.9885 
       h1751 12 0.0089 0.9911 
       h1761 12 0.0107 0.9893 
       h1771 12 0.0071 0.9929 
       h1781 12 0.0146 0.9854 
       h1791 12 0.0112 0.9888 
       h1801 12 0.0080 0.9920 
       h1811 12 0.0062 0.9938 
       h1821 12 0.0066 0.9934 
       h1831 12 0.0159 0.9841 
       h1841 12 0.0120 0.9880 
       h1851 12 0.0087 0.9913 
       h1861 12 0.0102 0.9898 
       h1871 12 0.0058 0.9942 
       h1881 12 0.0082 0.9918 
       h1891 12 0.0093 0.9907 
       h1901 12 0.0070 0.9930 
       h1911 12 0.0092 0.9908 
       h1921 12 0.0123 0.9877 
       h1931 12 0.0185 0.9815 
       h1941 12 0.0052 0.9948 
       h1951 12 0.0136 0.9864 
       h1961 12 0.0121 0.9879 
       h1971 12 0.0069 0.9931 
       h1981 12 0.0109 0.9891 
       h1991 12 0.0095 0.9905 
       h2001 12 0.0167 0.9833 
       h2011 12 0.0122 0.9878 
       h2021 12 0.0108 0.9892 
       h2031 12 0.0166 0.9834 
       h2041 12 0.0057 0.9943 
       h2051 12 0.0115 0.9885 
       h2061 12 0.0086 0.9914 
       h2071 12 0.0090 0.9910 
       h2081 12 0.0075 0.9925 
       h2091 12 0.0158 0.9842 
       h2101 12 0.0293 0.9707 
       h2111 12 0.0111 0.9889 
       h2121 12 0.0143 0.9857 
       h2131 12 0.0065 0.9935 
       h2141 12 0.0375 0.9625 
       h2151 12 0.0055 0.9945 
       h2161 12 0.0105 0.9895 
       h2171 12 0.0101 0.9899 
       h2181 12 0.0131 0.9869 
       h2191 12 0.0098 0.9902 
       h2201 12 0.0104 0.9896 
       h2211 12 0.0152 0.9848 
       h2221 12 0.0190 0.9810 
       h2231 12 0.0179 0.9821 
       h2241 12 0.0079 0.9921 
       h2251 12 0.0086 0.9914 
       h2261 12 0.0105 0.9895 
       h2271 12 0.0058 0.9942 
       h2281 12 0.0060 0.9940 
       h2291 12 0.0071 0.9929 
       h2301 12 0.0068 0.9932 
       h2311 12 0.0076 0.9924 
       h2321 12 0.0066 0.9934 
       h2331 12 0.0086 0.9914 
       h2341 12 0.0114 0.9886 
       h2351 12 0.0718 0.9282 
       h2361 12 0.0103 0.9897 
       h2371 12 0.0079 0.9921 
       h2381 12 0.0207 0.9793 
       h2391 12 0.0078 0.9922 
       h2401 12 0.0092 0.9908 
       h2411 12 0.0057 0.9943 
       h2421 12 0.0077 0.9923 
       h2431 12 0.0121 0.9879 
       h2441 12 0.0119 0.9881 
       h2451 12 0.0079 0.9921 
       h2461 12 0.0086 0.9914 
       h2471 12 0.0216 0.9784 
       h2481 12 0.0080 0.9920 
       h2491 12 0.0059 0.9941 
       h2501 12 0.0150 0.9850 
       h2511 12 0.0103 0.9897 
       h2521 12 0.0309 0.9691 
       h2531 12 0.0078 0.9922 
       h2541 12 0.0116 0.9884 
       h2551 12 0.0062 0.9938 
       h2561 12 0.0552 0.9448 
       h2571 12 0.0077 0.9923 
       h2581 12 0.0349 0.9651 
       h2591 12 0.0079 0.9921 
       h2601 12 0.0063 0.9937 
