Cl147 Cl233 Cl264 Cl274 Cl285 Cl291 Cl308 Cl330 Cl344 Cl366 Cl375 Cl408 Cl507 Cl527 Cl380 Lup02 Lup13 Lup20 Lup21 Lup23 
M1EL5 1 45 45 63 85 65 65 61 61 75 75 641 72 72 72 52 601 56 60 80 80 491 53 62 74 70 94 62 622 671 672 56 60 57 61 -9 -9 41 41 59 63
W26T6 1 69 73 73 79 651 651 57 65 71 71 682 801 64 68 -9 -9 56 56 80 80 491 612 50 58 70 74 461 82 672 751 52 52 61 61 56 601 41 57 63 63
W26XX 1 45 73 71 77 651 691 61 57 631 67 681 76 103 103 52 40 56 60 92 92 53 53 62 62 54 82 661 70 71 79 56 52 61 61 -9 -9 57 57 59 59
M013P 1 73 77 63 75 651 651 61 65 63 79 76 722 72 72 52 72 56 60 76 76 53 57 66 66 94 90 661 581 71 79 56 56 61 61 56 56 41 53 63 63
M1ELA 1 73 73 73 67 691 57 61 61 71 79 601 80 64 64 52 56 48 76 80 76 53 53 66 70 70 90 701 701 672 672 56 56 57 57 56 60 41 57 63 63
M2C73 1 73 77 63 71 691 691 61 57 71 792 801 80 80 80 481 61 60 64 92 88 53 57 50 66 90 86 581 501 671 75 56 60 61 65 56 601 57 37 63 67
W23P4 1 56 65 55 55 691 61 61 61 792 792 72 682 76 76 61 80 72 72 76 84 491 53 62 54 70 82 62 66 79 711 60 48 61 65 56 68 41 57 63 63
W247C 1 45 41 63 63 691 731 61 53 75 63 76 76 1151 1151 52 681 56 56 80 80 57 45 62 58 74 86 66 66 -9 -9 56 56 61 61 56 56 41 41 63 63
W24K1 1 41 52 71 71 811 811 61 53 71 67 681 681 72 123 56 61 60 72 72 72 57 57 54 54 82 86 581 741 79 79 60 60 57 57 56 56 41 41 63 63
W24ME 1 69 69 63 59 731 611 69 69 71 79 72 761 115 115 52 64 56 64 80 76 612 61 62 62 86 701 58 58 671 79 56 56 57 57 64 72 57 57 63 63
W2514 1 45 52 63 55 611 611 65 69 71 71 76 722 76 83 52 52 56 72 80 72 53 53 54 54 86 78 541 541 75 75 56 48 57 57 56 60 41 45 63 63
W26MA 1 65 52 59 81 691 69 61 65 79 79 681 681 68 68 52 57 56 56 80 72 57 57 62 62 74 86 62 70 672 67 56 48 57 53 56 56 57 45 63 63
W26MM 1 45 41 63 73 651 651 61 61 75 75 72 722 103 1231 601 601 60 60 80 88 57 57 58 66 62 741 58 74 671 79 56 561 57 61 56 56 41 41 63 63
W26MU 1 69 73 63 71 65 811 61 61 671 671 682 601 72 76 601 56 56 64 80 84 612 61 62 54 741 66 62 58 711 791 56 56 61 61 64 681 41 53 63 63
W26P0 1 69 73 63 63 691 77 61 61 75 831 722 761 72 72 52 75 56 761 92 72 57 651 66 70 74 78 62 741 79 591 56 56 61 61 56 56 41 57 59 63
W26P3 1 41 48 67 83 651 651 61 61 67 63 76 762 1192 131 40 57 56 64 88 88 61 651 70 54 74 661 661 621 671 79 56 48 65 53 56 641 57 45 63 63
W26T5 1 45 41 79 75 69 49 61 57 75 79 722 722 1191 1191 52 601 56 641 80 76 53 53 62 62 741 741 62 701 75 711 56 56 57 57 56 56 57 57 63 63
W26TE 1 41 41 73 81 691 691 53 69 75 79 722 721 64 64 52 52 60 64 76 76 53 53 62 66 82 58 701 78 672 67 60 60 57 65 56 60 45 45 59 63
W26TF 1 41 81 67 93 651 691 61 57 67 792 801 76 72 72 52 601 60 68 80 76 61 61 58 58 94 98 70 781 711 552 52 48 61 53 56 601 41 41 63 67
W26U8 1 69 69 67 67 65 811 61 61 71 63 641 681 68 68 52 481 56 60 76 72 57 57 66 54 70 70 62 66 79 711 56 60 61 61 64 64 41 57 63 63
W26UJ 1 73 49 101 69 651 651 61 61 71 671 801 681 72 752 40 64 60 72 80 84 57 69 62 50 74 82 661 66 79 75 60 48 61 61 56 601 41 41 63 63
W26UK 1 77 41 71 77 651 45 61 61 631 631 722 84 143 143 52 40 56 56 88 84 61 571 62 66 82 82 701 66 71 79 52 52 61 61 601 601 41 53 59 59
W26UT 1 77 81 81 81 69 49 61 61 63 752 681 721 79 79 52 64 641 641 80 84 491 491 70 78 74 90 62 66 672 672 52 52 61 53 56 56 57 45 63 63
W26XT 1 45 52 67 93 651 731 57 53 67 67 641 80 119 119 64 64 56 56 76 84 61 65 62 74 82 741 701 621 671 75 60 52 61 65 60 60 57 531 63 63
CC06H2 1 77 49 55 83 651 651 61 61 75 75 681 84 68 68 56 61 56 60 76 84 53 45 62 58 70 62 661 66 672 79 56 60 61 61 56 56 57 57 63 63
CC06H4 1 77 49 63 85 691 491 61 65 71 71 76 76 68 1431 601 56 56 60 80 72 53 57 58 70 54 741 581 541 71 75 60 48 57 53 56 601 57 45 63 63
CC06H5 1 45 65 63 71 691 69 65 69 63 752 84 64 72 1112 52 40 56 64 84 84 53 61 62 79 66 781 621 462 671 711 56 60 65 53 -9 -9 41 53 63 63
CC06H6 1 41 60 67 51 65 69 61 61 75 671 681 722 1193 1591 40 72 56 68 76 72 45 69 62 66 82 58 701 66 671 671 56 56 61 65 56 601 41 37 63 63
CC06HE 1 45 73 63 67 65 651 61 69 71 631 681 722 72 1112 52 56 56 601 80 76 57 61 66 54 82 741 581 66 671 552 56 56 65 53 56 72 57 53 63 63
CC06HF 1 73 52 85 81 691 691 61 57 67 67 641 72 1232 139 601 40 60 64 76 72 491 61 66 75 82 86 661 66 711 792 56 56 65 65 56 68 41 611 59 63
CC06HH 1 45 41 63 75 65 69 61 73 71 71 76 722 68 1231 681 71 56 60 84 72 53 37 66 70 70 78 661 581 79 552 48 48 61 53 56 56 57 45 59 59
CC06HJ 1 73 52 63 71 691 571 61 61 63 55 72 762 1111 1111 64 28 56 64 80 80 491 61 62 66 82 82 661 67 792 593 56 56 61 61 56 64 41 57 59 63
CC06HL 1 73 77 85 100 691 69 65 73 71 752 681 722 1431 127 681 71 60 60 76 84 53 57 58 58 82 78 62 70 79 59 56 60 61 65 56 56 57 57 59 63
CC06HP 1 77 60 63 71 731 611 61 53 752 1401 801 84 139 1391 52 52 56 60 80 84 45 571 62 66 70 86 66 621 79 79 60 48 65 53 56 56 41 53 63 63
CC06HT 1 73 41 85 92 731 731 61 57 67 59 72 762 1431 1112 56 65 60 52 80 64 53 57 62 58 82 82 62 621 75 75 56 48 61 53 56 64 41 53 63 63
CC06HU 1 73 48 85 71 691 771 65 53 63 752 722 68 1431 121 56 681 60 60 80 84 53 57 62 58 82 78 62 58 593 59 56 56 61 61 56 601 57 57 59 63
CC06HY 1 73 60 73 1121 651 731 61 61 67 63 76 84 68 68 601 61 56 76 92 84 491 57 62 74 62 58 62 67 75 552 56 56 61 61 601 68 41 57 59 63
CC06J0 1 73 41 75 83 691 691 61 57 67 712 72 722 76 1313 52 601 60 68 76 84 61 69 54 54 62 741 461 66 671 79 60 48 53 53 601 641 53 45 63 63
CC06J1 1 45 41 1001 89 731 771 61 61 79 831 641 682 79 1113 40 441 60 64 80 88 53 612 62 66 62 66 541 54 671 711 56 48 57 61 56 641 45 45 59 63
CC06J2 1 77 41 63 81 65 731 57 65 75 712 76 722 80 1431 72 56 60 64 80 76 57 61 62 66 82 66 70 741 671 711 52 48 61 53 56 60 41 41 59 63
CT.0YCY 1 45 45 63 51 89 89 61 65 71 71 681 722 68 87 52 481 56 56 72 72 53 57 54 54 82 86 701 58 71 75 56 56 57 57 56 56 41 45 63 63
CT.0YEC 1 73 41 81 711 651 652 61 57 71 631 801 76 1391 1031 52 56 56 56 88 88 53 61 66 66 82 82 70 701 75 75 56 52 61 61 601 60 57 45 63 63
CT.0YEF 1 52 52 63 59 65 89 61 69 71 63 681 681 76 76 52 52 56 60 72 72 53 53 58 54 86 78 661 621 751 751 56 56 57 57 56 56 41 41 63 63
CT.0YEU 1 45 52 67 83 651 771 61 65 71 67 681 722 103 76 40 56 56 681 80 80 53 651 62 54 78 781 62 58 75 711 56 56 57 65 56 56 41 57 63 63
CT.0YF2 1 45 41 85 67 53 73 61 61 71 67 681 681 72 123 61 64 56 60 88 88 53 65 62 58 66 66 62 501 671 79 56 60 57 61 -9 -9 41 41 63 63
CT.0YF8 1 73 52 79 77 811 80 61 53 792 792 681 681 87 87 52 52 56 56 88 72 491 571 62 75 66 141 661 58 79 711 60 52 57 57 56 56 41 57 63 63
CT.0YFA 1 52 84 59 83 69 771 65 69 792 833 72 762 68 87 52 40 56 72 72 72 491 53 62 75 78 66 70 58 751 79 56 60 61 61 56 56 57 57 63 63
CT.0YFE 1 73 52 77 55 69 80 61 53 792 1322 72 681 87 87 52 52 56 56 88 72 53 571 62 75 66 141 661 70 79 79 56 60 57 61 56 56 57 57 63 63
CT.0YFP 1 77 52 63 79 77 77 65 65 75 752 72 681 87 87 52 52 56 72 72 72 53 57 62 54 74 66 58 58 79 631 60 60 57 53 56 56 57 53 63 63
CT.0YFU 1 56 52 63 79 69 69 61 61 712 136 72 681 87 87 52 52 56 60 72 72 57 57 54 75 82 141 661 58 79 711 56 56 57 57 56 56 41 57 63 63
CT.0YK7 1 56 56 55 116 651 651 57 65 67 671 76 762 83 83 52 64 60 72 80 72 53 61 54 54 54 86 581 462 751 75 56 60 57 65 56 56 57 45 63 63
CX.10PT 1 69 56 71 71 651 73 61 49 75 67 681 681 72 72 52 56 60 64 80 76 57 61 58 66 86 98 70 66 672 672 56 56 57 57 56 60 41 53 63 63
DAM021 1 89 89 85 85 651 651 61 57 63 831 80 80 1391 155 56 481 60 64 80 80 491 53 62 58 62 66 501 541 833 833 48 48 65 65 56 56 41 57 59 63
DAM034 1 77 52 63 51 691 89 57 69 631 136 681 722 79 79 52 52 56 56 72 72 53 612 62 62 82 66 58 58 672 79 56 52 57 61 56 68 41 53 63 63
DAM07X 1 73 41 71 83 69 771 61 57 75 79 681 722 68 1193 52 40 56 64 80 92 57 45 62 74 741 741 621 67 711 712 56 52 57 61 56 56 57 57 59 59
EF.15J6 1 69 73 81 51 651 69 65 73 71 71 722 762 1112 1312 601 36 56 72 80 88 53 651 58 66 82 701 661 541 79 711 56 48 57 61 56 60 41 45 59 59
HRV010 1 73 48 71 80 65 65 61 65 752 752 681 762 68 1272 601 601 -9 -9 -9 -9 57 57 62 66 90 62 621 621 672 711 56 48 61 61 56 64 41 57 59 63
HRV02J 1 56 41 71 71 65 691 57 73 63 63 84 843 1431 151 601 56 -9 -9 80 80 53 57 62 62 78 66 66 58 79 79 56 56 61 61 56 60 53 45 59 63
HRV078 1 73 73 75 59 65 611 61 57 75 752 801 80 76 76 52 36 60 60 80 84 57 61 62 66 90 62 661 58 75 552 56 56 53 53 56 601 41 41 63 63
HRV0FH 1 45 77 63 43 69 53 61 73 75 71 641 72 155 1351 601 61 56 68 72 72 53 57 66 54 82 82 661 501 75 711 48 48 57 53 56 56 41 41 63 63
HRV0H5 1 73 73 63 84 69 771 61 65 63 164 762 721 76 131 52 481 56 72 80 80 57 45 62 58 86 66 661 701 671 711 56 56 61 53 56 60 37 45 63 63
HRV0JF 1 69 69 79 59 49 531 57 69 79 79 722 762 115 115 441 79 60 64 80 80 53 571 62 66 82 62 62 70 672 672 56 48 61 61 56 56 41 41 63 63
HRV0JJ 1 41 52 77 88 611 69 61 65 63 792 76 84 115 115 481 28 64 72 80 80 53 57 70 78 82 62 661 58 711 552 56 48 57 61 56 64 41 41 63 63
HRV0JM 1 73 56 63 85 65 651 65 69 71 831 76 721 1112 1351 56 36 64 72 80 88 53 65 54 54 70 102 66 541 671 79 52 561 61 53 601 60 41 57 63 63
HRV0K6 1 69 77 67 67 65 651 61 61 71 79 641 681 68 1112 52 64 56 56 76 76 61 61 50 54 70 70 62 66 79 59 56 56 61 65 56 64 41 57 63 63
HRV0K7 1 56 41 67 104 65 73 61 49 71 831 641 722 80 80 56 56 56 60 80 88 57 61 62 66 78 66 661 541 591 591 60 52 61 61 56 60 57 491 63 63
HRV0KP 1 77 65 75 75 651 731 61 61 71 67 80 80 72 752 52 52 56 56 76 76 491 651 62 62 62 66 62 621 -9 -9 56 56 61 65 56 60 45 45 63 63
HRV1AX 1 45 73 63 71 69 69 61 57 671 671 681 80 135 1432 481 441 56 68 76 84 53 53 74 70 62 58 58 541 672 71 56 60 61 65 56 56 57 45 59 63
HRV1C4 1 45 77 71 81 651 651 57 49 833 872 72 721 68 123 681 65 56 56 76 84 53 45 66 54 54 82 701 741 79 552 56 48 57 61 68 68 45 45 63 63
HRV1CH 1 69 52 63 100 49 571 61 61 631 1282 682 681 76 1152 601 56 64 64 72 72 57 691 66 66 86 62 741 621 79 712 56 60 61 61 56 60 41 45 59 63
HRV1FA 1 45 77 67 97 691 73 57 49 71 67 641 641 76 76 601 36 -9 -9 76 76 53 53 66 66 54 82 661 661 671 711 48 48 61 61 56 60 53 45 59 63
HRV1FK 1 69 41 73 55 691 731 61 73 75 75 722 762 64 64 601 56 56 60 76 76 53 53 62 74 86 98 70 701 672 672 60 60 61 53 56 56 41 57 63 63
HRV1H8 1 45 73 81 89 651 731 61 65 79 833 76 76 68 123 56 481 56 56 80 80 53 57 74 54 70 70 501 541 671 672 56 60 61 53 -9 -9 41 45 59 63
HRV1HT 1 41 49 73 71 69 69 61 57 63 831 72 721 64 68 56 441 56 60 76 76 53 57 70 54 74 86 741 621 -9 -9 -9 -9 61 65 56 56 41 45 59 63
HRV1XU 1 73 73 63 71 77 49 57 49 752 833 682 681 72 72 65 73 -9 -9 88 84 61 61 66 54 62 62 661 621 -9 -9 56 60 53 53 56 56 41 53 63 63
HRV4TF 1 45 69 79 59 731 49 65 53 67 59 801 762 72 72 52 64 56 601 76 76 57 61 66 66 90 781 66 621 75 63 60 60 61 61 56 56 41 57 59 63
HRV6F0 1 45 69 79 75 691 731 61 61 75 67 641 722 72 119 601 64 -9 -9 80 80 61 571 66 70 66 661 661 701 -9 -9 56 56 61 53 56 601 41 45 59 59
HRVE6L 1 52 49 77 67 651 49 57 57 752 148 76 80 72 72 601 28 56 60 76 76 57 61 62 66 74 661 58 621 71 71 52 52 57 53 56 601 41 57 63 63
M27HM 1 73 41 81 88 731 49 61 65 67 712 681 64 72 1271 52 52 56 641 76 76 57 571 74 74 90 90 62 78 79 79 52 48 61 61 -9 -9 41 53 63 63
M27HP 1 45 49 67 81 651 69 61 69 71 67 681 681 72 131 52 61 56 60 80 80 53 57 62 66 94 78 62 541 75 711 56 48 57 57 56 56 41 41 59 63
M2AK4 1 41 41 79 75 69 693 61 61 71 67 641 641 1311 1472 56 36 60 64 80 80 491 57 70 54 82 78 701 501 79 552 56 56 65 53 56 601 57 57 59 63
M2ALA 1 56 41 63 71 771 93 61 61 136 144 682 681 76 76 52 64 60 721 92 72 57 45 54 54 82 82 70 621 751 593 56 48 57 53 56 60 41 57 63 63
M2C56 1 77 77 81 104 651 691 65 53 671 671 72 72 131 137 56 602 60 68 80 76 65 65 62 62 74 86 50 50 671 711 56 56 61 61 56 56 41 41 63 63
M2CUX 1 69 77 63 88 49 73 57 65 631 831 681 76 87 88 52 52 56 60 80 76 491 531 66 54 82 66 661 581 671 751 56 56 57 61 56 601 41 41 59 63
M2E24 1 52 49 100 89 651 771 65 49 63 671 681 681 68 76 52 441 56 72 80 88 57 61 66 66 82 82 661 58 79 67 56 56 57 57 56 56 57 57 63 63
M2EA7 1 77 56 63 75 49 771 61 65 79 752 801 722 79 79 52 40 56 64 84 72 491 53 74 58 94 62 62 581 -9 -9 56 56 65 53 56 60 57 45 63 63
M2EH6 1 45 77 71 51 69 85 61 65 75 71 72 722 76 76 52 61 56 72 84 72 57 61 58 82 82 82 701 66 671 75 56 56 57 61 56 56 41 41 63 63
M2EKC 1 73 41 67 59 691 691 65 53 79 119 762 721 64 60 64 75 64 68 80 76 69 571 62 70 78 106 70 50 671 63 48 48 53 53 56 64 41 41 59 63
MSV083 1 45 48 63 81 69 771 61 53 79 59 72 762 712 712 52 56 60 60 76 76 491 57 62 50 90 66 58 621 71 711 60 48 57 61 56 56 53 45 63 63
MSV084 1 45 61 71 69 65 85 61 69 75 59 76 721 76 1112 601 56 56 601 80 84 491 57 62 62 82 66 66 66 79 79 56 60 61 53 56 60 45 45 59 63
MSV0LJ 1 41 41 63 81 65 731 61 69 752 1402 722 721 72 80 601 481 56 56 80 76 53 57 74 70 94 66 661 541 79 79 56 52 61 53 56 56 53 53 63 63
MSV1H5 1 69 60 67 81 61 611 61 57 63 831 641 80 115 1152 40 72 56 60 76 76 57 61 62 62 82 82 70 621 672 711 56 56 61 65 60 64 41 45 63 63
MSV1KM 1 45 41 71 81 651 691 57 57 631 671 801 76 143 1391 40 56 56 56 92 84 53 57 62 66 82 82 70 701 75 711 56 48 61 61 601 60 53 53 63 63
MSV23F 1 73 77 85 71 65 691 61 57 67 63 721 881 72 72 52 601 56 60 80 88 491 61 62 62 54 90 701 621 71 71 -9 -9 61 53 56 601 41 53 59 63
MSV2L8 1 45 45 81 81 731 771 65 69 712 712 681 722 72 64 52 56 56 56 80 80 491 57 62 70 74 62 62 66 79 79 52 52 61 65 56 56 53 53 63 63
MSV2P7 1 69 52 75 67 651 611 61 65 67 79 681 681 1151 1271 52 40 -9 -9 92 72 491 57 66 54 74 74 661 621 71 79 56 56 57 61 56 56 41 57 63 63
MSV2TJ 1 45 56 73 89 651 53 61 61 75 75 682 76 83 1071 56 61 56 56 80 88 61 65 62 66 54 78 58 50 79 75 60 48 57 61 56 56 57 57 59 59
MSV2XM 1 45 45 63 71 65 49 57 49 71 67 681 76 76 79 601 601 60 601 88 88 53 53 66 70 70 62 62 661 79 711 60 48 61 61 60 64 57 53 59 63
MSV327 1 69 52 63 63 811 89 61 61 71 792 681 76 80 80 52 52 56 72 80 76 57 69 62 54 82 78 541 63 -9 -9 56 56 57 57 56 56 41 53 59 67
MSV33L 1 73 49 85 67 691 73 61 61 75 712 681 84 1112 1112 40 56 56 60 76 84 57 61 62 62 66 98 70 66 671 711 60 48 61 65 -9 -9 57 57 63 67
h001 2 73 73 79 81 731 771 65 49 63 831 681 681 83 1391 52 64 60 60 76 76 45 571 62 58 82 62 741 541 79 833 56 64 61 65 56 56 57 611 63 63
h002 2 69 52 63 73 651 80 61 57 631 752 681 762 1112 155 52 52 56 60 80 64 612 57 62 54 74 90 621 54 672 75 56 56 61 61 56 56 41 57 59 63
h003 2 45 73 63 59 80 80 61 57 67 712 721 84 68 1191 40 40 64 68 80 72 61 61 66 78 82 86 661 58 79 75 48 48 61 53 56 56 41 45 59 63
h004 2 41 41 55 100 691 85 57 69 67 833 76 76 72 72 52 601 56 76 88 64 491 571 66 54 74 82 661 54 672 79 56 52 61 65 56 60 53 45 63 63
h005 2 73 41 85 55 611 611 61 61 79 59 76 80 68 76 52 72 56 601 80 80 57 45 58 58 90 86 701 58 71 79 56 60 57 65 56 56 41 53 63 55
h006 2 56 41 67 81 611 771 61 73 67 831 681 761 64 1111 52 601 56 60 80 76 61 61 62 58 70 82 62 66 79 711 56 60 61 53 56 64 57 53 59 63
h007 2 45 45 85 88 65 611 61 57 71 752 72 681 68 68 52 601 56 56 88 88 612 57 62 74 62 741 701 621 672 79 60 52 57 57 56 60 53 45 63 63
h008 2 77 52 63 71 731 77 61 69 67 67 681 84 72 80 52 601 60 72 80 88 53 45 62 54 78 501 62 58 79 75 56 56 65 53 601 60 41 57 63 63
h009 2 69 77 63 73 77 45 57 65 71 71 722 80 68 119 52 681 60 60 80 72 53 61 62 54 54 98 62 58 672 751 56 56 53 53 56 601 57 53 59 63
h010 2 45 41 71 88 651 93 61 61 71 67 681 721 1231 1472 52 601 56 64 76 84 53 57 74 66 82 62 63 46 672 551 56 52 61 53 56 60 41 41 63 63
h011 2 41 48 63 59 731 77 61 65 631 67 801 76 64 1071 61 64 60 64 92 72 53 57 54 75 86 66 581 54 671 79 56 60 61 53 56 68 57 53 59 63
h012 2 45 77 59 88 65 69 61 69 79 752 681 681 72 88 61 73 56 60 88 84 491 45 50 54 90 90 581 58 751 71 60 60 57 61 56 56 41 53 63 63
h013 2 73 77 77 100 65 69 61 57 75 136 641 641 68 1191 52 57 60 60 76 88 53 57 62 58 62 622 66 67 671 631 56 56 61 65 56 56 41 53 59 63
h014 2 45 65 73 71 65 771 57 57 71 79 72 722 80 1151 52 40 60 64 88 64 53 57 70 54 86 701 661 621 672 79 60 48 61 61 56 60 45 611 63 63
h015 2 45 69 63 73 651 73 57 53 63 752 681 68 139 127 56 68 60 641 80 76 53 61 58 66 82 78 62 54 71 711 56 48 57 53 601 60 41 41 63 55
h016 2 41 41 67 100 65 69 61 61 63 671 681 722 76 1112 52 52 60 64 80 72 491 57 62 50 94 82 701 701 751 79 56 60 57 61 56 56 41 53 63 63
h017 2 73 73 63 63 691 731 65 53 75 67 72 76 83 119 56 61 56 56 80 76 57 651 62 54 86 661 66 541 672 79 56 56 61 53 60 64 57 611 59 63
h018 2 73 41 63 79 651 771 61 53 631 792 681 762 68 76 52 72 56 56 92 76 61 61 58 66 82 78 70 541 672 71 56 56 61 65 56 601 41 53 63 63
h019 2 81 60 67 100 651 691 61 73 75 71 722 601 64 87 601 441 56 60 84 72 57 61 70 54 82 66 62 661 79 552 56 48 53 53 56 68 41 41 59 63
h020 2 45 73 73 81 691 771 61 57 75 671 722 761 72 68 52 56 60 72 76 72 53 53 62 58 78 62 66 541 671 551 56 48 57 61 60 641 53 53 63 63
h021 2 73 41 71 75 69 77 61 61 71 752 681 80 68 76 52 72 60 601 80 72 53 61 58 54 54 62 62 66 79 75 56 48 57 61 56 56 41 53 63 63
h022 2 73 89 73 67 691 89 61 61 75 71 681 681 68 76 52 56 60 72 80 76 53 571 62 62 94 78 58 54 672 63 56 56 61 65 56 56 41 41 63 63
h023 2 69 69 63 73 691 77 61 65 752 833 681 721 72 68 52 36 60 60 76 76 53 53 66 54 82 82 62 621 79 79 56 56 57 53 56 56 57 45 63 63
h024 2 69 69 67 83 651 611 61 57 67 671 681 721 83 1391 40 64 56 60 80 76 491 57 62 54 70 86 66 58 75 551 56 60 53 53 56 56 41 57 63 63
h025 2 41 52 73 77 691 73 61 69 752 59 681 722 68 1112 52 601 56 56 84 72 53 57 66 54 70 62 62 54 79 75 56 48 57 61 56 56 41 53 63 63
h026 2 69 73 63 81 691 811 61 61 71 67 801 76 64 115 52 36 56 64 72 72 53 61 62 54 82 781 82 58 751 552 56 56 65 53 601 60 57 57 63 63
h027 2 45 45 71 71 731 73 61 57 75 67 641 841 143 79 52 52 60 64 76 72 491 57 62 66 74 54 701 50 75 712 60 48 61 53 56 64 57 45 59 63
h028 2 45 77 71 88 65 771 57 53 67 63 681 681 68 1271 52 64 64 68 80 72 57 61 66 70 54 78 581 582 71 75 56 52 61 53 56 56 41 45 59 63
h029 2 77 41 63 79 65 73 57 69 71 752 641 801 64 64 52 65 56 64 80 80 57 57 62 75 82 90 661 58 672 711 56 48 61 53 56 56 57 61 63 63
h030 2 45 69 81 70 77 49 57 69 75 63 76 722 64 76 601 481 56 56 76 76 491 53 66 54 70 70 581 66 671 712 56 60 57 53 56 56 57 491 63 63
h031 2 56 41 63 71 651 69 61 57 67 63 72 72 68 1111 61 641 60 64 80 72 57 61 58 70 70 82 62 621 79 59 56 48 61 65 60 60 53 53 63 55
h032 2 52 52 85 55 691 77 61 57 63 63 681 76 76 87 61 68 64 641 80 76 57 61 58 66 86 62 70 623 71 75 56 64 61 61 601 60 57 53 63 55
h033 2 73 65 79 75 61 73 61 69 63 833 801 762 64 68 441 602 64 601 80 76 57 57 62 62 82 62 461 66 671 79 60 48 61 53 56 56 57 57 63 55
h034 2 73 56 79 67 691 57 61 57 63 752 722 80 1391 155 40 61 60 68 80 76 61 65 54 54 82 78 58 54 71 75 60 48 61 53 56 601 45 611 63 63
h035 2 77 48 63 85 65 89 57 73 71 792 722 84 64 1232 52 64 56 68 80 76 491 61 62 62 82 741 66 67 71 71 56 56 61 53 56 56 41 57 59 63
h036 2 45 49 81 81 651 731 61 57 71 831 72 841 72 76 52 56 60 68 76 76 61 651 62 62 82 741 70 621 672 59 56 60 57 53 56 56 57 53 63 63
h037 2 73 41 67 100 651 731 61 69 79 792 801 681 72 155 52 36 56 56 76 72 45 571 58 58 62 661 661 701 671 711 56 56 61 53 56 72 57 45 63 63
h038 2 41 41 59 81 771 85 61 49 631 671 722 762 72 68 601 56 56 64 88 72 57 57 50 54 94 66 62 58 751 75 56 56 65 65 56 68 41 53 63 63
h039 2 73 65 71 55 651 69 61 65 67 63 762 721 68 143 28 65 56 60 92 76 57 61 62 66 90 78 661 621 79 79 56 60 57 65 601 601 53 53 63 63
h040 2 69 77 63 83 651 89 61 69 71 752 72 762 103 76 52 52 56 56 80 88 53 57 62 58 86 66 701 58 711 833 56 56 53 53 56 64 53 45 63 63
h041 2 52 52 63 67 611 69 57 65 71 67 76 721 68 1151 40 28 56 56 80 80 61 61 66 54 82 62 541 541 75 75 56 48 57 53 56 60 41 41 63 63
h042 2 73 73 63 67 77 771 61 57 71 71 72 84 64 1193 52 601 56 60 80 92 491 57 50 54 82 58 82 621 75 67 56 48 61 61 56 56 57 45 63 55
h043 2 45 65 63 88 651 53 61 61 63 792 72 681 1112 1391 681 71 60 601 80 72 61 65 50 58 82 62 62 582 671 552 56 56 57 53 56 56 57 57 63 63
h044 2 45 73 75 89 45 771 61 49 67 833 72 762 64 123 52 52 56 64 80 80 57 57 70 70 94 62 701 582 79 552 56 48 61 61 56 56 41 41 63 63
h045 2 69 77 63 104 65 691 53 49 75 671 681 843 64 139 56 56 60 601 80 80 491 531 62 58 62 141 581 67 67 593 56 56 57 61 56 60 57 53 59 63
h046 2 77 77 79 70 691 69 57 49 71 71 72 722 68 87 52 52 56 72 76 72 491 612 62 58 82 661 66 58 79 79 56 48 57 61 56 60 41 53 63 63
h047 2 69 41 71 67 651 73 61 65 75 136 762 84 68 88 52 601 56 56 80 88 61 61 54 75 86 66 541 462 79 59 56 56 57 65 56 60 53 53 63 63
h048 2 73 89 79 711 731 77 57 65 71 792 722 762 752 79 56 61 56 60 80 72 57 57 62 58 54 86 67 54 711 552 56 48 61 53 601 68 41 53 59 63
h049 2 45 77 77 69 65 691 57 57 71 136 681 76 72 76 52 641 64 64 84 64 53 57 50 66 82 62 661 582 79 79 60 48 61 61 56 60 41 57 59 63
h050 2 45 52 71 1121 811 77 61 61 792 831 76 84 79 1431 52 601 64 72 92 76 491 57 58 54 82 622 58 621 671 79 56 64 61 65 56 64 41 41 63 63
h051 2 69 56 63 75 651 77 57 57 75 79 762 881 72 64 601 65 60 60 80 80 491 491 58 66 82 62 66 58 672 79 60 48 61 61 60 60 53 53 59 59
h052 2 69 73 71 67 77 73 61 61 67 712 72 722 64 1391 52 36 60 64 80 72 57 57 66 54 66 106 661 70 75 711 56 48 57 61 56 60 57 53 63 63
h053 2 73 65 71 81 65 65 61 53 792 671 76 76 1431 87 52 36 56 68 92 84 57 57 66 66 74 86 661 701 75 552 56 60 57 57 56 56 57 53 63 63
h054 2 73 41 63 77 61 73 61 61 67 63 80 68 115 1431 52 64 56 56 80 88 57 61 58 58 82 98 66 66 79 712 60 48 61 61 56 56 41 53 63 55
h055 2 73 77 63 63 65 651 61 57 71 67 72 76 68 1151 40 64 60 60 80 84 57 61 70 54 86 78 541 621 751 67 56 64 61 53 56 56 45 49 63 63
h056 2 56 89 55 92 731 69 57 57 75 792 72 76 68 76 52 28 56 60 80 80 57 61 62 66 82 62 66 58 79 75 56 56 57 57 60 60 41 41 63 55
h057 2 73 77 77 55 691 731 61 53 71 63 76 841 68 68 52 52 56 56 80 72 57 57 54 54 62 741 66 66 79 711 56 56 61 53 56 601 41 57 63 63
h058 2 73 48 63 73 69 80 57 69 71 79 722 722 68 143 481 36 60 64 80 80 57 57 58 54 94 90 661 701 711 712 56 56 57 53 56 68 37 611 63 63
h059 2 73 73 71 67 691 69 61 65 671 831 681 80 64 68 52 52 56 641 80 76 491 571 66 70 70 622 62 701 672 552 60 52 57 61 56 60 41 531 59 55
h060 2 73 89 63 79 49 531 61 69 71 671 72 681 72 123 52 56 56 60 80 88 61 61 62 70 70 62 70 701 672 711 56 48 57 57 60 64 41 53 59 63
h061 2 77 41 71 81 691 80 61 61 71 67 722 762 68 68 56 79 56 60 76 72 57 571 62 66 74 82 66 54 671 79 56 56 61 53 56 681 41 57 59 63
h062 2 73 73 73 75 731 53 61 69 63 712 601 762 68 76 601 56 56 60 80 84 61 69 62 62 78 66 70 621 672 552 56 60 57 61 601 60 41 57 63 63
h063 2 69 41 71 69 691 691 61 57 75 631 682 76 64 1151 52 56 64 64 76 76 53 45 62 58 90 62 70 701 672 711 56 48 57 61 601 60 41 53 63 63
h064 2 45 69 63 67 651 691 61 61 63 59 76 68 80 87 64 57 56 64 76 72 57 61 62 54 701 58 62 70 79 792 56 48 57 65 56 56 57 49 63 63
h065 2 45 48 55 81 65 651 61 61 71 67 72 681 72 1591 601 56 56 56 80 84 57 57 62 66 82 62 701 54 671 672 56 64 57 57 601 60 41 49 63 63
h066 2 52 52 63 71 691 69 57 69 71 63 761 762 68 79 52 64 56 56 80 76 53 57 62 66 74 82 501 541 79 591 56 48 57 61 56 64 53 45 63 63
h067 2 69 73 85 71 691 45 61 61 71 67 72 76 64 76 56 75 56 60 80 80 53 61 50 58 90 66 661 541 711 552 56 56 57 61 56 56 41 57 59 63
h068 2 45 41 63 81 691 731 61 73 67 63 76 68 68 80 71 73 64 68 80 72 53 57 62 62 74 66 661 661 711 591 56 56 61 65 60 60 57 57 63 67
h069 2 65 52 59 78 65 69 61 61 67 872 722 722 72 72 61 64 56 72 84 72 57 57 66 54 70 66 661 701 672 711 56 52 57 53 56 601 41 53 63 63
h070 2 65 81 63 71 65 69 57 73 59 712 681 84 115 87 40 441 60 641 76 84 53 53 62 66 82 62 661 661 71 79 56 52 57 61 56 60 41 57 63 63
h071 2 65 52 79 100 811 69 61 65 75 67 722 721 115 1591 64 71 56 64 76 84 612 45 62 70 82 62 661 701 71 71 56 56 57 61 56 56 57 57 63 63
h072 2 73 77 63 59 731 53 61 61 71 631 72 722 64 80 56 441 60 60 80 72 57 571 50 70 62 781 661 701 67 63 60 48 65 53 56 64 53 45 63 55
h073 2 69 73 55 83 65 691 61 57 79 752 76 722 72 83 52 56 56 60 76 88 53 61 50 54 78 58 701 582 75 75 56 48 57 61 56 60 41 53 63 63
h074 2 69 48 79 51 691 53 57 65 71 79 72 681 68 752 40 64 56 56 80 80 57 571 62 54 94 74 541 621 751 833 56 56 61 61 56 56 41 611 63 63
h075 2 41 52 51 1001 651 69 61 57 63 79 681 681 68 131 56 64 64 72 80 72 53 61 62 66 74 82 541 621 79 552 48 48 61 61 56 60 41 37 63 63
h076 2 69 56 63 79 89 73 61 65 71 752 681 722 72 103 72 56 60 68 84 84 53 612 58 66 82 90 661 581 71 79 56 60 61 61 56 60 53 45 63 63
h077 2 77 41 55 43 691 531 61 61 71 792 72 72 72 1391 52 601 56 60 76 84 57 61 54 54 66 58 701 58 71 79 56 56 61 53 56 56 45 45 63 63
h078 2 69 52 71 71 65 651 61 61 67 79 72 681 76 76 52 36 56 56 80 80 53 49 62 70 82 66 62 70 79 79 48 64 53 53 56 56 57 53 59 59
h079 2 73 41 67 55 651 691 61 69 71 71 72 80 1112 127 61 64 56 64 80 84 57 61 66 54 82 82 701 54 671 672 60 64 61 53 60 64 57 53 63 63
h080 2 45 73 85 100 731 771 61 69 631 63 681 601 68 87 481 441 56 72 80 88 53 57 50 58 74 661 661 501 672 79 56 56 57 53 56 64 41 41 63 63
h081 2 69 73 55 83 571 73 61 65 67 79 722 722 64 1312 52 52 60 64 88 84 491 69 66 70 70 66 661 541 75 711 56 56 61 65 56 56 37 45 63 63
h082 2 65 52 63 43 691 53 61 49 71 67 722 722 68 119 52 64 60 64 80 76 53 57 74 58 78 62 58 54 79 63 56 60 57 61 68 68 57 45 63 63
h083 2 69 77 77 711 65 611 53 73 63 79 72 841 80 752 40 64 56 56 76 88 65 49 50 66 70 62 661 58 79 833 60 48 61 61 56 56 41 531 63 55
h084 2 73 52 63 63 691 49 57 57 671 752 682 68 83 1431 52 52 60 64 80 80 57 49 62 54 74 78 58 50 671 79 56 64 61 53 56 60 41 57 63 63
h085 2 69 52 75 59 691 731 61 73 71 59 681 76 123 87 52 601 56 64 80 84 491 53 62 70 62 66 62 62 75 59 56 48 61 61 56 601 53 53 59 63
h086 2 45 73 55 51 65 691 61 61 71 79 801 76 64 76 52 40 64 641 80 88 53 45 62 74 62 98 701 50 671 79 52 48 61 65 56 56 57 57 59 67
h087 2 73 52 73 81 49 771 61 49 67 831 722 722 103 83 40 481 56 60 80 76 57 61 58 58 90 62 58 621 71 75 56 52 57 61 601 60 41 53 59 63
h088 2 69 56 79 100 69 69 61 53 67 671 601 721 79 1431 52 52 56 60 88 72 491 57 50 78 82 781 661 70 751 75 52 52 57 61 56 56 57 45 59 59
h089 2 45 49 55 55 811 611 61 69 67 671 722 601 64 87 57 36 56 56 76 76 57 691 66 78 82 78 581 621 711 711 56 60 57 53 56 601 57 57 59 63
h090 2 45 49 63 73 691 57 61 57 752 1402 72 681 68 76 601 56 60 64 92 76 53 57 62 58 98 622 67 50 79 552 56 48 61 65 56 64 611 61 59 63
h091 2 45 45 63 59 65 771 61 65 75 752 801 722 68 76 61 36 56 56 80 84 57 61 70 54 74 82 741 54 79 711 60 60 57 61 56 56 41 41 59 59
h092 2 65 65 73 59 61 611 57 69 67 831 801 762 68 131 52 441 64 72 80 88 491 57 66 54 62 58 501 621 671 71 56 64 61 61 56 60 41 45 59 63
h093 2 45 52 63 67 691 811 61 69 71 712 76 721 68 68 56 441 56 60 92 88 57 61 62 50 82 66 62 58 79 711 56 56 57 53 56 601 57 53 63 63
h094 2 73 65 63 55 731 53 57 65 71 71 681 68 68 155 56 61 60 64 76 84 53 61 62 62 54 62 701 50 671 79 52 48 57 53 56 60 45 45 59 59
h095 2 45 69 77 77 651 531 61 61 67 63 722 722 68 87 52 56 56 64 80 80 53 45 62 50 86 622 70 70 671 71 56 56 61 53 60 68 57 611 59 67
h096 2 69 52 63 73 65 73 61 61 71 71 681 761 76 76 52 61 56 72 80 80 57 45 62 54 70 66 661 501 71 75 56 48 57 53 56 56 57 57 63 63
h097 2 73 52 63 75 651 53 61 65 59 712 722 84 72 68 52 52 56 56 76 84 57 571 66 54 62 98 66 58 672 79 56 56 57 61 601 641 57 53 63 67
h098 2 73 56 59 83 731 69 61 69 75 67 762 68 72 1431 56 61 56 60 80 76 491 45 58 54 82 62 62 70 71 79 56 48 61 53 56 56 57 53 63 63
h099 2 41 52 73 71 49 45 61 61 63 792 681 76 1191 79 40 56 56 64 80 88 61 571 58 75 86 62 661 582 79 792 60 48 57 53 56 60 41 41 63 63
h100 2 45 73 67 83 651 691 61 61 71 67 682 84 72 68 52 56 60 64 88 84 61 571 62 79 66 661 58 78 671 672 56 52 57 61 60 68 53 45 63 67
h0011 3 69 89 67 78 45 73 61 69 67 671 681 722 68 1112 601 56 56 56 88 84 57 61 62 54 54 82 501 58 671 75 56 60 57 57 56 601 41 45 63 63
h0021 3 45 56 71 55 65 611 61 61 71 71 72 722 68 76 481 641 60 60 80 92 57 57 62 66 82 622 58 58 751 79 56 52 61 65 56 60 57 53 59 63
h0031 3 73 65 79 59 651 49 61 57 71 71 72 841 64 1391 64 441 56 64 76 88 57 49 58 54 74 622 70 621 71 67 56 60 57 65 56 60 41 49 63 63
h0041 3 45 65 79 71 731 77 61 57 67 79 641 881 68 1151 64 64 56 60 76 76 57 57 58 58 54 86 661 58 672 79 56 52 61 53 56 641 57 57 63 55
h0051 3 69 41 55 83 731 73 61 69 63 792 682 762 72 1472 52 601 56 64 80 88 491 57 66 54 62 781 661 54 71 551 56 56 57 61 56 68 53 45 63 63
h0061 3 65 52 55 100 651 73 61 49 63 1401 72 681 68 68 40 61 56 56 76 84 57 651 62 66 70 78 661 58 71 79 60 52 65 53 56 60 57 45 63 63
h0071 3 69 73 63 63 691 69 65 53 792 59 80 762 68 135 441 36 56 60 80 76 57 45 62 50 82 62 70 58 79 711 60 48 65 53 56 601 53 531 67 55
h0081 3 69 77 101 89 65 69 69 73 71 631 76 68 115 1112 601 64 56 64 76 72 57 65 66 54 86 62 62 701 79 75 56 48 57 65 56 60 57 611 59 55
h0091 3 45 73 63 67 651 812 61 65 67 792 72 722 1431 1391 601 83 60 64 80 76 57 61 66 54 82 90 501 582 79 79 56 48 61 53 56 64 41 53 63 55
h0101 3 45 56 63 67 651 93 61 57 71 71 681 76 68 119 56 641 56 60 80 92 57 61 54 54 78 741 66 623 79 79 56 56 57 61 56 60 41 611 63 55
h0111 3 73 56 73 79 65 731 61 61 71 671 84 68 76 752 52 601 56 60 88 72 57 61 62 58 66 622 58 582 672 79 56 48 61 53 56 60 41 41 63 67
h0121 3 45 81 71 89 651 77 61 49 71 671 72 722 103 1432 52 28 56 76 88 72 57 57 58 66 74 82 58 582 671 79 56 56 61 61 56 56 41 57 63 63
h0131 3 45 45 84 70 69 53 65 69 71 67 76 80 64 1031 52 601 56 64 80 84 491 57 58 54 62 501 701 701 672 672 56 52 65 65 56 60 57 45 63 63
h0141 3 69 65 116 88 771 73 57 69 63 59 641 68 68 80 52 40 56 64 80 84 57 65 58 66 62 62 701 621 751 79 56 48 61 61 56 56 57 49 63 55
h0151 3 45 56 75 74 77 81 57 57 71 752 801 681 72 1111 52 40 56 60 80 88 57 61 62 58 62 62 58 621 672 79 56 64 61 53 601 60 57 57 59 63
h0161 3 65 41 67 59 731 771 61 57 71 79 72 722 72 64 52 64 56 68 80 88 53 61 58 66 82 78 581 582 751 71 48 64 61 61 56 60 41 49 59 67
h0171 3 41 48 75 89 65 80 57 65 71 63 722 722 64 155 52 36 56 60 76 76 57 57 66 54 701 66 701 66 71 75 56 60 57 53 56 60 53 45 59 63
h0181 3 56 65 63 55 691 69 57 65 67 59 801 762 76 115 52 52 60 60 76 76 53 61 54 54 82 78 661 70 79 711 56 48 53 53 56 56 57 37 59 55
h0191 3 73 41 55 101 651 73 61 57 671 831 76 80 68 1391 52 40 56 60 76 72 69 65 62 66 78 66 501 582 711 711 56 60 61 53 56 60 41 57 63 55
h0201 3 41 52 79 79 691 73 61 53 75 75 681 722 72 1391 52 40 60 72 76 72 57 61 58 66 66 58 661 46 671 711 56 56 61 53 56 56 57 53 63 63
h0211 3 73 56 77 55 69 45 73 73 63 792 641 722 72 123 52 681 56 60 76 72 61 69 62 70 94 78 67 582 79 75 56 64 61 53 56 64 57 53 63 63
h0221 3 77 77 63 67 691 77 61 61 67 671 681 681 72 68 52 481 56 60 76 88 491 57 62 58 90 62 62 581 79 593 56 52 57 53 56 64 41 53 63 55
h0231 3 69 41 63 63 691 69 61 53 67 63 641 80 64 1232 72 56 56 60 80 88 53 57 62 62 90 622 741 541 751 79 56 48 57 53 56 56 57 611 63 63
h0241 3 69 73 63 70 771 81 61 65 71 63 801 601 68 60 52 36 56 56 88 84 57 61 62 62 86 78 58 621 71 79 56 48 57 57 56 56 57 61 59 55
h0251 3 69 73 63 63 691 77 61 57 71 792 72 681 72 103 40 73 56 64 80 88 53 612 58 54 74 66 62 582 79 711 56 48 53 53 56 56 41 57 63 55
h0261 3 65 41 55 100 731 812 61 69 71 752 722 841 64 115 52 52 60 60 80 76 491 571 66 70 58 501 74 582 751 71 56 56 61 61 601 60 41 57 63 63
h0271 3 89 40 55 69 651 691 61 49 67 831 681 841 72 68 52 64 56 56 76 76 53 57 58 54 62 66 54 50 672 71 56 48 61 61 60 64 41 41 59 63
h0281 3 45 60 63 89 65 77 61 61 71 67 681 84 68 68 72 64 56 60 76 76 57 57 66 66 82 86 661 66 79 75 56 56 61 61 56 56 41 49 59 63
h0291 3 45 65 81 97 57 73 61 57 71 67 762 841 72 68 56 64 60 64 88 84 491 531 62 50 82 62 62 661 711 712 60 60 61 65 56 60 57 53 63 55
h0301 3 69 69 63 75 65 89 61 57 71 79 681 681 68 76 64 65 60 641 92 76 45 61 62 50 86 62 66 621 552 59 56 60 61 61 56 60 57 53 59 63
h0311 3 73 73 71 89 731 731 61 61 671 752 681 80 68 68 52 40 60 601 76 76 61 69 70 54 82 82 661 54 79 833 60 48 61 61 56 60 57 531 63 63
h0321 3 73 65 55 51 651 771 57 65 71 67 76 721 64 1431 40 64 60 641 76 72 53 61 66 54 62 62 58 582 79 551 48 48 57 61 56 68 53 37 63 63
h0331 3 65 41 63 63 651 73 57 69 71 71 722 721 64 76 40 681 56 60 80 84 61 61 54 54 62 622 661 54 672 79 56 48 57 61 56 56 41 45 63 63
h0341 3 69 41 63 81 65 611 61 61 71 631 721 84 68 68 56 64 56 72 80 76 57 61 70 54 86 62 62 50 672 552 56 52 61 53 56 60 57 53 63 63
h0351 3 73 73 55 89 61 611 61 57 67 136 72 72 64 68 52 52 56 64 76 72 53 57 58 66 78 66 70 66 71 711 56 48 61 61 68 64 57 53 63 63
h0361 3 73 65 77 89 65 691 57 49 71 631 681 722 68 68 56 68 56 60 80 76 57 61 62 58 74 62 581 501 671 79 56 48 53 53 56 56 57 49 63 63
h0371 3 73 77 83 43 691 731 57 65 67 712 601 721 64 1152 52 56 56 60 72 72 57 57 58 54 70 622 581 582 672 71 60 60 61 61 56 56 41 49 63 63
h0381 3 69 77 73 83 731 69 61 65 67 67 641 722 68 68 52 40 56 60 76 76 57 57 62 54 78 66 661 58 672 711 56 64 57 53 56 60 57 53 59 63
h0391 3 77 65 73 71 651 77 61 61 67 831 72 721 64 1312 601 481 64 641 80 76 57 57 62 66 66 622 661 46 71 79 60 64 61 53 56 60 41 53 63 63
h0401 3 52 49 83 1121 691 73 61 65 75 792 681 722 64 68 601 56 56 60 80 76 57 61 58 66 54 62 66 67 671 79 56 60 57 57 56 60 53 611 63 63
h0411 3 69 69 63 71 691 531 57 53 71 792 681 722 68 752 52 56 60 60 80 72 612 531 58 70 82 62 62 58 671 672 56 52 61 53 56 60 41 41 59 55
h0421 3 45 77 63 83 65 89 57 49 71 671 80 881 68 115 52 441 56 56 80 84 53 61 54 75 82 86 661 54 75 67 56 56 57 53 60 60 57 53 63 63
h0431 3 77 65 75 81 691 77 57 65 67 67 76 68 64 1151 52 64 60 72 80 80 53 53 58 58 66 98 581 67 79 711 56 56 61 53 60 60 41 45 63 55
h0441 3 45 81 71 55 651 69 57 65 71 71 722 84 72 115 52 602 64 72 76 88 57 571 58 70 701 622 62 582 71 711 56 48 57 57 56 601 41 49 63 55
h0451 3 69 77 55 80 69 77 61 57 75 67 762 68 64 1151 72 64 56 48 80 76 491 65 50 66 82 141 70 58 79 711 60 48 61 53 56 60 41 611 59 63
h0461 3 65 52 63 70 611 73 61 61 71 631 681 601 64 1191 52 56 64 72 80 76 57 65 62 66 94 62 621 54 79 591 56 60 61 53 56 56 41 611 63 63
h0471 3 69 73 71 77 651 771 61 69 67 792 681 76 68 68 52 56 56 56 76 84 491 57 62 58 90 62 781 54 79 792 56 52 61 53 56 60 41 45 63 63
h0481 3 65 52 63 67 57 731 57 57 75 63 682 681 76 83 52 64 60 68 80 80 491 57 66 70 82 62 621 50 79 63 56 60 61 61 60 60 41 41 63 55
h0491 3 77 48 63 71 651 771 61 57 631 67 76 76 103 76 601 64 56 60 80 76 57 531 58 58 78 98 62 582 672 79 56 56 57 65 56 601 57 53 63 63
h0501 3 77 65 63 81 611 77 65 69 71 631 681 84 68 1311 57 73 60 60 80 92 57 571 54 54 82 82 701 58 71 552 56 52 61 65 56 60 53 45 59 63
h0511 3 73 73 63 104 77 771 57 65 67 63 76 721 139 88 52 441 60 64 76 72 53 57 58 66 86 622 70 54 79 79 56 56 57 61 56 60 57 53 63 63
h0521 3 69 73 71 55 691 812 61 65 75 59 76 722 76 1431 52 72 56 64 76 76 53 57 62 70 62 66 66 46 71 75 56 56 61 53 56 60 41 53 59 63
h0531 3 73 41 63 77 69 73 61 53 67 752 641 76 72 72 64 28 60 64 76 76 53 57 58 58 70 86 62 54 71 79 56 60 57 61 601 64 41 57 63 63
h0541 3 45 41 73 55 53 73 61 57 79 831 76 68 115 1193 40 71 56 60 80 76 45 651 50 54 62 661 58 54 711 552 52 64 61 53 60 64 41 61 59 55
h0551 3 73 52 73 59 65 731 57 57 71 67 76 722 64 68 601 64 60 68 80 64 57 61 58 58 82 82 661 582 79 711 56 56 61 61 60 64 41 41 63 63
h0561 3 56 52 63 63 651 69 61 61 75 63 801 762 68 1111 52 52 60 64 80 76 53 57 62 58 94 66 62 54 71 79 56 60 61 61 56 56 57 49 63 63
h0571 3 69 73 67 55 77 531 61 65 71 71 641 68 64 68 52 481 56 60 80 80 61 651 66 66 66 58 67 54 672 71 60 60 57 65 56 56 41 49 59 63
h0581 3 69 65 63 71 69 73 61 57 63 752 681 68 64 143 52 52 56 68 80 72 612 57 58 66 82 62 661 54 71 79 56 60 57 65 56 60 57 611 63 63
h0591 3 45 73 55 88 691 731 61 57 71 67 681 681 1151 1391 52 481 60 64 80 88 571 37 54 78 82 82 66 541 671 79 56 48 57 53 56 56 45 611 63 63
h0601 3 73 73 71 92 61 731 61 57 67 752 72 682 68 139 601 681 56 60 80 76 612 45 62 58 82 62 661 58 672 712 56 52 65 53 60 60 41 57 59 63
h0611 3 69 48 79 77 771 73 61 57 71 831 72 601 72 1191 601 56 60 60 80 76 57 61 54 54 70 66 701 701 672 71 56 60 57 53 56 56 41 53 63 63
h0621 3 73 77 79 78 77 77 61 61 71 63 72 681 68 87 52 65 60 64 88 72 651 37 62 50 70 78 66 50 672 75 56 64 61 53 60 60 57 53 63 55
h0631 3 73 56 73 711 65 611 61 61 71 67 722 84 64 87 52 64 56 72 80 88 61 61 62 66 90 66 621 78 79 79 56 56 57 61 56 601 41 45 63 63
h0641 3 73 41 73 55 731 77 61 61 71 67 641 681 1112 60 52 52 60 60 80 72 53 57 62 66 82 90 58 46 672 79 56 64 57 53 60 64 41 37 63 63
h0651 3 69 69 71 71 69 77 57 65 752 752 76 84 64 64 52 64 56 64 80 72 651 571 50 54 54 66 58 54 79 79 60 48 57 57 56 60 41 57 59 63
h0661 3 45 41 55 59 651 731 61 65 71 752 681 76 68 87 52 52 64 68 92 76 57 57 62 66 86 66 62 78 672 79 52 64 57 57 56 601 41 53 63 55
h0671 3 77 41 83 88 771 73 57 69 71 833 681 76 752 1112 64 64 64 761 80 76 57 61 62 70 82 78 66 741 71 75 56 56 61 53 56 56 53 53 59 63
h0681 3 65 60 79 1001 65 69 61 69 67 67 76 761 1112 1591 56 64 60 64 80 88 53 57 50 66 82 62 701 58 79 79 56 56 57 61 56 56 41 61 63 55
h0691 3 69 49 63 59 65 651 61 69 75 71 681 68 72 1431 52 601 56 64 80 72 612 61 58 66 82 82 62 70 671 671 56 56 61 53 56 60 41 53 63 63
h0701 3 73 73 79 81 651 53 61 61 75 71 681 722 64 76 601 36 56 64 76 88 53 61 58 79 82 82 66 582 75 551 56 48 61 61 68 64 41 57 59 63
h0711 3 45 65 55 81 65 731 61 57 71 67 722 68 1431 87 56 57 56 60 76 84 53 61 62 54 70 62 501 66 71 75 56 48 65 65 60 60 57 53 63 63
h0721 3 65 48 63 74 65 69 61 65 71 63 72 841 68 83 601 56 56 72 80 72 53 571 50 66 86 62 62 701 75 63 56 56 57 53 56 56 53 45 63 63
h0731 3 69 49 85 73 69 89 61 65 71 67 641 722 76 155 40 80 56 60 80 76 491 491 66 66 74 62 66 50 71 552 60 64 57 65 60 72 53 45 63 63
h0741 3 73 77 92 70 65 651 61 65 631 63 681 762 64 155 52 40 60 72 80 76 491 61 50 66 54 661 661 582 79 551 56 48 61 61 60 72 41 45 63 63
h0751 3 73 77 73 79 651 811 61 49 75 71 801 722 64 79 52 64 60 76 76 76 57 57 50 66 74 82 661 701 672 71 56 48 57 53 56 60 41 57 59 63
h0761 3 73 41 79 79 731 69 61 53 752 59 72 76 64 87 56 64 56 64 72 72 57 61 58 70 82 62 661 70 79 711 48 64 57 61 56 601 41 45 63 63
h0771 3 45 77 63 55 69 771 61 61 71 67 681 68 80 127 64 75 60 64 76 76 57 651 58 66 82 62 541 46 671 671 56 56 61 53 56 601 41 611 63 63
h0781 3 73 73 63 67 731 731 61 65 75 71 681 722 68 68 52 56 60 64 80 80 491 57 62 58 66 58 741 58 75 833 56 48 57 61 60 68 57 57 63 63
h0791 3 77 49 63 81 731 77 61 57 67 59 72 76 72 1351 601 64 56 64 80 76 53 57 62 58 62 66 621 54 591 591 56 64 57 53 56 56 53 611 59 63
h0801 3 41 48 79 75 691 69 61 61 71 67 80 721 64 87 52 64 60 60 92 76 491 57 62 70 66 781 701 66 71 71 56 60 57 65 56 64 57 53 59 63
h0811 3 69 69 63 63 69 69 57 53 71 67 681 841 68 1591 40 61 56 68 80 76 61 571 58 54 66 66 701 621 672 79 56 60 57 53 56 60 41 61 63 63
h0821 3 73 73 55 81 651 69 61 53 75 67 801 84 64 68 601 40 60 68 80 76 491 53 74 50 74 66 66 66 671 593 56 64 57 57 56 56 41 49 59 55
h0831 3 45 65 71 88 65 651 61 57 71 67 72 76 72 143 56 641 64 64 80 80 53 57 50 58 82 66 661 54 672 751 52 48 61 61 56 56 53 45 63 63
h0841 3 73 73 55 1121 491 531 61 61 71 71 76 722 68 1431 601 75 60 64 76 76 571 571 62 66 82 90 621 623 75 75 56 56 57 53 56 601 41 53 63 63
h0851 3 56 41 71 81 691 57 61 57 71 671 72 72 64 1113 52 56 56 64 80 72 57 57 62 50 82 62 661 701 672 71 56 56 61 61 60 68 41 41 63 55
h0861 3 73 77 63 79 77 771 61 57 67 63 72 84 127 1391 601 601 56 60 80 76 491 491 62 54 58 622 58 54 79 75 56 64 61 53 56 56 41 49 59 63
h0871 3 65 41 63 1001 65 69 61 69 75 67 72 681 64 80 601 601 60 64 76 84 612 45 50 70 82 62 62 661 671 672 56 56 61 61 56 56 41 41 63 63
h0881 3 65 49 55 55 811 49 61 57 631 752 76 76 72 68 601 36 56 56 80 72 53 57 62 66 62 141 622 582 672 71 56 561 57 65 56 601 41 53 59 63
h0891 3 48 81 63 55 77 73 61 57 631 63 76 722 64 64 56 56 56 60 76 84 53 61 50 70 82 90 701 66 672 631 56 56 57 61 60 68 41 57 63 63
h0901 3 77 77 81 81 691 73 61 53 75 71 801 722 72 64 52 36 56 60 80 76 57 61 74 50 82 622 661 661 79 711 56 60 57 57 56 60 41 57 59 63
h0911 3 56 65 63 81 651 531 57 65 67 63 72 681 64 1431 40 441 60 76 80 72 45 45 70 75 701 78 70 541 711 792 56 56 61 61 56 60 41 57 63 55
h0921 3 69 77 71 67 691 77 61 61 67 67 681 762 72 1112 601 681 68 601 80 80 491 57 62 58 86 741 70 66 79 75 56 56 65 53 56 60 57 57 59 63
h0931 3 69 73 79 55 69 69 61 57 71 67 72 801 68 83 52 481 56 56 76 72 57 57 62 66 82 66 70 581 79 79 56 56 57 53 56 56 41 45 63 63
h0941 3 65 49 63 85 65 691 61 57 63 671 76 76 64 87 52 40 56 60 92 84 61 65 58 66 70 58 70 582 71 79 56 56 53 53 56 60 53 45 63 55
h0951 3 56 65 63 55 651 85 65 53 67 67 76 762 72 64 52 52 60 64 80 80 61 61 74 54 70 86 66 582 672 552 56 56 57 53 56 60 57 53 63 63
h0961 3 73 41 77 81 811 77 61 53 75 63 76 722 64 68 52 56 56 56 76 84 61 61 62 50 86 62 501 582 67 833 56 64 57 61 60 64 41 41 63 63
h0971 3 56 65 55 81 77 89 57 65 71 792 762 841 72 1191 52 64 56 60 72 72 57 61 62 50 94 622 581 66 672 552 56 64 57 57 56 56 41 57 63 55
h0981 3 69 73 71 80 61 77 61 57 75 55 681 76 79 139 52 601 56 56 80 72 45 65 74 66 66 98 62 46 672 672 56 56 61 53 56 56 57 53 63 63
h0991 3 52 81 83 69 65 69 61 57 67 67 801 76 76 1191 64 28 56 64 80 80 491 571 62 50 54 82 70 541 79 791 56 48 61 53 56 56 41 57 59 63
h1001 3 73 41 63 85 691 69 65 69 71 63 641 72 72 1431 40 64 56 76 80 64 491 61 50 75 82 501 701 582 79 79 56 52 53 53 60 64 41 53 63 67
h0012 4 69 52 71 55 65 89 61 61 67 59 76 68 64 115 52 52 60 64 76 72 45 49 50 66 82 501 66 54 79 551 56 60 57 61 56 56 41 53 63 55
h0022 4 73 65 77 78 49 73 61 61 831 55 72 76 68 1351 52 52 56 64 80 80 57 57 58 54 82 62 58 54 71 75 60 60 57 61 56 60 41 53 63 63
h0032 4 45 69 63 74 69 812 61 57 71 71 76 722 72 60 52 481 56 60 80 76 53 57 50 75 62 501 701 582 79 59 56 64 57 61 56 60 41 611 63 63
h0042 4 73 52 89 74 65 691 61 61 71 67 641 762 64 1113 80 64 56 64 80 72 491 61 62 50 62 741 62 54 672 551 56 56 61 53 56 56 57 53 63 63
h0052 4 69 69 73 55 651 77 61 61 67 831 76 68 64 83 52 601 60 60 80 76 53 61 58 70 62 98 501 582 79 711 56 64 57 61 56 60 57 611 63 55
h0062 4 77 77 63 71 80 81 61 61 71 79 72 68 1152 60 52 601 60 64 80 76 57 61 62 50 82 501 66 582 79 79 56 48 61 53 56 64 45 49 63 63
h0072 4 65 60 71 55 651 73 61 57 71 67 72 84 68 115 52 52 56 68 80 88 491 61 50 54 90 62 621 54 71 711 56 56 57 61 56 56 41 61 63 63
h0082 4 69 65 97 74 691 812 61 61 71 671 72 762 64 68 52 64 60 76 80 76 57 57 62 54 86 58 67 582 672 79 56 56 61 53 56 64 41 41 63 55
h0092 4 56 65 63 80 731 77 61 57 71 752 76 68 68 80 601 64 56 60 76 76 53 531 62 58 82 622 58 46 79 711 56 48 57 61 56 601 41 57 63 55
h0102 4 69 52 55 81 651 812 61 57 75 67 76 762 68 1591 52 52 56 60 80 76 57 65 58 58 62 62 661 582 71 79 56 64 57 53 60 64 41 45 59 55
h0112 4 56 65 63 89 65 611 57 53 71 67 681 68 64 79 52 68 56 76 76 76 57 531 62 58 74 701 541 54 71 75 48 64 57 61 56 56 41 45 63 63
h0122 4 69 65 55 116 691 73 61 57 67 67 681 68 68 1391 52 64 60 64 76 76 53 61 50 58 62 781 621 54 751 71 56 60 57 61 60 60 45 49 63 55
h0132 4 73 73 63 55 65 73 61 61 67 136 641 841 64 80 52 64 60 64 80 76 57 691 50 66 82 62 62 582 71 67 60 64 57 61 56 60 53 611 63 63
h0142 4 45 69 63 85 65 571 57 65 67 752 72 72 64 68 52 601 56 64 76 72 491 61 58 54 82 62 58 54 672 75 56 56 57 61 56 64 41 49 63 63
h0152 4 45 65 63 73 65 651 61 73 63 752 641 68 72 64 64 64 56 64 76 84 491 57 58 58 70 622 701 54 79 79 56 56 61 53 56 56 57 53 63 55
h0162 4 73 65 67 70 65 53 61 57 71 67 722 68 72 79 52 56 56 60 80 76 57 57 58 54 62 66 58 46 71 79 56 48 61 53 56 56 41 53 63 55
h0172 4 41 40 63 63 65 77 61 61 71 71 72 80 68 76 601 40 56 64 80 72 53 57 58 79 82 501 58 582 79 75 52 64 57 53 56 60 53 45 63 55
h0182 4 77 65 75 55 77 53 61 61 67 792 72 722 68 68 601 40 60 68 80 84 53 61 58 66 62 622 66 54 671 79 56 48 53 53 601 60 41 61 63 55
h0192 4 65 52 71 55 69 45 61 57 71 71 762 68 72 64 52 52 60 60 76 76 53 61 62 58 66 622 58 582 671 79 56 64 57 61 60 64 45 61 67 55
h0202 4 45 65 63 71 69 77 61 57 71 71 681 68 64 1272 601 64 60 64 76 88 57 57 50 58 62 66 741 582 71 79 56 56 57 61 56 60 57 53 63 55
h0212 4 77 41 63 63 69 85 61 65 67 63 76 68 68 115 52 52 56 60 76 72 61 69 58 58 86 622 701 46 75 551 56 60 57 65 56 60 41 49 59 55
h0222 4 65 41 67 55 65 651 61 53 75 752 72 76 64 131 52 64 56 60 80 72 53 49 50 54 62 66 70 582 71 79 56 52 57 53 56 60 57 53 63 63
h0232 4 69 73 55 88 69 80 57 65 67 63 681 68 68 1432 64 57 56 72 80 80 491 61 50 66 78 62 701 50 671 79 56 48 65 53 56 72 41 45 59 55
h0242 4 69 89 71 74 69 77 57 73 71 63 681 841 72 64 52 72 64 641 76 88 57 61 58 54 74 622 70 54 671 71 56 56 57 53 56 60 57 49 63 63
h0252 4 77 65 85 74 65 69 61 53 792 55 76 721 64 76 601 56 60 68 80 76 61 65 58 58 62 66 661 54 79 551 56 56 57 65 601 60 53 611 63 55
h0262 4 56 65 59 74 69 812 61 57 71 67 76 762 68 1351 52 64 60 64 80 80 57 531 58 54 70 622 501 582 671 71 56 56 61 53 56 60 57 53 63 63
h0272 4 73 48 55 69 65 691 61 61 71 59 80 762 72 64 52 601 56 76 80 76 57 571 58 54 62 98 701 582 71 711 48 64 61 53 56 60 53 531 63 55
h0282 4 69 73 63 55 731 73 57 69 67 55 722 841 72 68 64 64 56 64 80 80 57 61 50 54 82 62 66 54 591 551 56 52 57 61 601 60 41 49 63 63
h0292 4 45 65 55 1001 65 651 61 65 71 67 72 72 68 68 601 36 56 68 80 72 491 57 50 70 78 62 62 54 71 79 56 52 53 53 60 60 41 53 59 55
h0302 4 69 65 55 81 77 49 57 53 75 71 72 84 1431 60 40 64 56 64 80 80 45 61 58 66 54 62 581 582 711 551 56 60 57 61 56 60 53 611 59 55
h0312 4 73 73 71 55 65 731 61 57 71 63 72 681 64 1192 72 64 56 64 80 84 57 57 62 50 78 62 661 50 671 71 56 48 57 57 56 56 41 49 63 55
h0322 4 45 65 67 70 69 77 61 57 67 67 681 76 64 60 52 601 56 64 80 72 57 61 50 70 54 62 741 54 71 79 56 56 57 61 56 68 41 61 63 55
h0332 4 65 49 55 55 77 45 61 57 71 67 76 841 68 1271 52 601 60 60 76 76 53 61 62 58 70 622 66 54 79 591 56 56 57 61 56 60 41 49 59 55
h0342 4 69 48 83 74 69 77 57 53 67 752 721 68 68 1191 72 64 76 64 76 84 612 61 62 58 82 62 621 54 833 551 56 64 57 53 56 60 57 53 63 55
h0352 4 69 41 71 55 691 69 61 57 67 833 72 76 68 1311 52 56 56 76 76 76 53 61 58 66 78 62 66 582 671 71 56 60 57 61 56 64 41 61 63 55
h0362 4 69 73 63 55 69 77 57 65 71 71 722 68 68 1071 601 64 60 64 76 72 57 61 62 50 82 62 66 623 672 79 56 64 57 61 60 60 57 49 59 63
h0372 4 69 65 63 104 65 651 61 69 67 792 76 76 64 752 73 68 56 64 80 72 491 61 62 58 741 501 581 582 711 551 60 60 57 65 60 64 53 53 59 63
h0382 4 65 41 89 74 65 611 61 65 67 67 762 68 68 83 52 56 76 72 80 92 57 57 50 70 141 622 62 582 711 551 56 60 61 53 56 60 41 49 63 63
h0392 4 73 65 67 55 65 771 61 57 67 79 722 762 72 68 64 441 60 68 76 84 53 531 50 66 82 62 621 46 71 711 56 56 57 65 56 641 57 53 63 63
h0402 4 73 65 55 55 651 77 57 57 67 63 72 681 64 1112 52 64 60 68 80 88 491 57 58 54 62 66 62 54 71 552 56 64 57 61 56 60 41 49 59 63
h0412 4 69 69 55 80 69 69 61 57 71 71 72 762 64 1431 52 481 64 64 80 76 491 531 62 50 86 622 66 582 672 551 56 48 57 57 56 60 41 53 63 55
h0422 4 73 65 77 55 69 531 57 65 631 67 76 76 64 143 52 52 60 601 80 80 53 61 50 54 62 741 701 582 79 551 56 48 57 61 56 60 41 53 63 55
h0432 4 45 65 55 55 65 691 61 57 75 752 682 68 68 119 52 681 60 64 76 72 57 57 74 50 70 70 67 582 672 551 56 64 57 57 56 601 57 61 59 55
h0442 4 65 41 63 81 651 69 57 73 67 831 72 722 64 68 481 64 64 64 76 76 61 61 50 66 78 62 78 582 71 79 56 60 57 61 56 60 45 49 59 63
h0452 4 77 40 73 74 691 81 61 57 71 631 76 68 64 1351 52 64 64 64 80 76 57 57 62 70 74 62 661 582 672 71 60 60 57 61 56 56 53 61 63 55
h0462 4 73 65 55 55 651 69 57 57 75 752 762 68 64 76 601 28 60 64 76 88 61 651 62 58 82 622 541 50 71 791 56 56 57 61 56 60 41 53 59 55
h0472 4 73 65 63 85 57 77 61 65 71 67 80 68 72 64 52 75 56 76 80 76 61 37 62 58 62 661 62 54 671 79 56 48 57 61 56 56 57 611 59 55
h0482 4 41 40 63 79 651 731 61 61 67 792 76 722 68 1591 52 52 60 64 80 76 61 65 62 58 82 622 701 582 672 79 56 52 61 53 601 60 41 53 63 63
h0492 4 69 48 63 55 65 77 61 61 71 59 681 68 64 1111 52 64 64 72 76 76 57 61 62 50 62 781 621 582 79 711 56 56 57 57 60 60 53 53 63 63
h0502 4 41 40 100 70 691 73 61 61 67 1282 722 68 68 103 52 68 60 60 80 80 53 61 58 54 66 66 461 582 672 551 56 56 57 57 56 56 53 53 63 63
h0512 4 73 65 63 67 65 571 61 61 792 55 72 801 64 1431 40 40 60 64 76 88 61 65 54 54 82 66 58 582 671 71 60 64 57 61 56 60 41 53 63 55
h0522 4 73 65 85 70 69 73 61 57 75 71 681 68 64 76 52 601 60 641 80 76 61 61 62 54 62 62 661 54 79 75 56 56 57 57 56 60 41 611 63 63
h0532 4 45 48 71 74 651 73 61 57 671 55 72 681 64 60 601 641 60 60 80 80 53 61 74 50 86 622 661 54 71 631 56 48 57 53 56 60 45 611 63 55
h0542 4 65 48 71 55 651 69 57 57 67 63 681 68 64 76 52 64 64 64 80 80 53 61 74 58 78 501 74 53 71 711 56 60 61 53 56 56 41 53 59 55
h0552 4 69 65 55 43 65 69 61 61 71 67 641 76 139 60 52 64 60 76 80 72 57 45 50 54 82 62 541 582 751 71 56 48 57 57 56 56 41 53 63 63
h0562 4 65 41 63 55 65 651 57 65 75 79 682 68 68 752 52 40 60 64 80 80 61 69 58 58 86 62 541 582 71 79 56 48 61 53 56 60 41 57 63 63
h0572 4 69 65 63 55 69 531 57 53 67 63 76 76 68 1431 56 481 56 60 80 80 57 61 62 79 86 622 621 623 79 552 56 52 57 61 601 64 41 41 63 55
h0582 4 77 81 63 81 731 73 61 57 67 67 72 801 68 68 71 83 60 68 80 76 57 57 58 66 82 62 741 582 71 79 56 64 61 53 56 60 41 49 63 55
h0592 4 73 65 71 55 69 73 57 57 67 752 762 841 64 1431 40 64 56 64 80 76 61 571 58 54 62 58 661 582 79 551 56 64 61 53 56 60 57 61 63 63
h0602 4 73 65 63 71 57 73 61 65 67 1401 681 841 64 68 601 40 60 68 80 76 57 49 62 58 94 66 58 582 71 711 56 48 61 61 56 56 41 53 63 55
h0612 4 65 49 63 78 65 69 61 53 75 75 681 841 68 79 64 28 64 52 80 76 57 45 58 66 741 66 661 54 79 792 56 56 57 65 56 56 41 53 63 63
h0622 4 56 65 55 83 49 73 61 57 75 67 72 76 72 68 56 481 60 64 80 76 57 57 58 54 62 66 661 582 79 75 48 64 57 57 56 60 45 611 63 63
h0632 4 69 77 63 70 731 77 61 57 75 71 72 76 64 127 52 56 56 60 80 80 61 65 58 54 82 622 661 582 79 75 56 48 61 53 56 60 53 37 63 55
h0642 4 73 81 63 55 69 69 61 65 71 1401 682 841 64 64 64 441 56 64 76 76 53 61 58 78 82 62 621 54 671 71 56 56 57 61 56 56 53 53 63 63
h0652 4 52 81 71 55 691 73 61 57 75 631 681 841 72 64 52 601 64 64 80 76 57 61 58 66 70 622 66 582 672 79 56 60 57 61 56 60 57 53 63 55
h0662 4 69 65 55 81 65 69 57 69 67 59 72 722 64 1152 52 52 60 64 76 76 45 61 62 50 78 501 66 54 79 79 56 56 57 57 56 60 41 53 63 55
h0672 4 45 65 77 78 65 77 61 57 67 63 72 72 64 1351 52 64 60 60 76 76 57 61 58 66 94 622 621 582 79 79 56 60 57 61 56 60 41 41 63 63
h0682 4 56 65 73 74 65 69 61 61 75 71 681 76 72 64 52 481 60 64 80 80 491 57 58 66 62 622 66 54 71 79 56 56 53 53 56 60 41 61 59 55
h0692 4 73 81 75 55 731 77 61 57 67 136 681 68 68 83 601 64 56 64 80 72 53 61 58 66 66 622 661 46 672 79 56 56 57 53 56 56 45 611 63 63
h0702 4 73 48 63 63 65 73 61 61 67 136 76 76 64 1272 52 64 60 64 80 72 57 531 50 58 70 741 661 582 71 792 56 52 57 57 56 64 53 53 59 63
h0712 4 69 77 79 55 65 77 61 61 71 67 681 762 64 1191 52 481 60 64 80 76 53 57 58 70 82 62 701 54 71 552 56 56 57 61 56 60 57 611 63 55
h0722 4 56 65 71 55 69 77 61 57 67 63 72 681 68 1031 52 64 60 76 80 88 53 57 58 58 70 66 701 54 71 79 56 56 57 57 56 60 53 45 59 55
h0732 4 77 65 63 55 691 812 61 61 67 63 762 68 68 83 481 64 56 60 76 88 57 57 62 50 78 62 63 582 79 79 60 64 61 53 56 60 57 61 59 55
h0742 4 73 77 55 89 89 73 61 57 67 67 801 841 64 123 52 64 60 72 80 84 53 61 50 58 74 62 501 623 672 71 56 56 57 61 60 60 57 49 63 63
h0752 4 69 56 55 88 691 73 61 65 71 67 72 722 64 64 52 40 56 68 80 76 61 61 50 58 82 622 661 582 71 792 56 60 57 65 56 56 41 611 63 55
h0762 4 77 65 83 74 65 811 61 61 67 752 601 68 68 127 52 40 60 60 80 76 57 57 50 70 78 622 661 50 71 593 56 56 53 53 56 64 41 45 59 63
h0772 4 73 73 85 74 651 77 53 53 71 671 72 601 68 143 52 641 64 72 80 76 57 61 58 66 82 62 66 54 79 79 60 48 61 53 56 60 41 611 59 55
h0782 4 45 65 63 79 731 81 61 65 67 752 76 841 72 64 64 75 60 76 76 76 57 61 58 54 54 622 58 54 71 79 56 52 57 57 56 601 41 57 63 55
h0792 4 69 77 85 55 65 691 61 57 71 59 72 76 72 64 80 64 64 72 80 84 57 61 50 66 62 98 62 582 71 75 56 64 53 53 56 601 45 611 63 55
h0802 4 77 65 63 63 65 65 61 61 75 671 681 841 68 1391 61 64 56 64 80 76 612 57 62 58 54 66 661 54 671 71 56 64 61 53 56 56 41 53 63 55
h0812 4 69 77 63 79 61 69 57 69 71 792 681 841 1472 60 64 68 56 64 80 76 61 49 58 66 82 66 70 54 591 551 56 64 57 61 56 60 41 53 63 55
h0822 4 69 73 55 100 77 85 61 61 71 67 722 841 64 119 52 56 56 64 80 84 53 65 58 66 74 90 701 50 71 711 48 64 57 61 56 56 41 53 63 55
h0832 4 73 41 63 79 651 77 61 57 75 71 722 841 64 1071 56 64 56 68 80 76 53 57 58 70 82 501 622 582 71 711 56 60 53 53 60 68 53 53 63 55
h0842 4 45 65 63 67 651 77 61 57 75 63 681 76 64 121 601 64 56 60 80 76 53 57 62 50 86 622 66 54 79 711 56 64 57 53 60 64 57 49 63 55
h0852 4 69 41 63 71 691 73 61 61 67 671 682 80 68 1151 56 641 56 76 80 76 61 61 58 66 66 66 66 54 672 79 56 48 61 53 601 60 53 37 63 63
h0862 4 69 69 63 79 691 77 61 57 75 71 76 841 68 76 52 40 60 60 76 88 57 49 50 82 82 62 70 582 79 79 56 64 57 65 56 60 41 53 63 63
h0872 4 69 65 73 55 611 812 61 61 63 752 72 681 68 68 40 64 64 64 80 76 57 57 58 54 74 62 621 54 672 71 56 60 61 65 601 64 57 53 63 55
h0882 4 69 73 79 70 651 69 57 65 75 59 682 76 64 68 64 71 56 60 92 76 61 65 62 58 54 62 58 582 71 79 56 60 57 57 56 60 53 37 59 55
h0892 4 41 41 63 67 731 77 57 57 67 67 76 841 64 1112 52 64 56 64 80 76 57 61 58 70 82 66 67 582 71 711 48 64 57 61 56 601 53 45 63 55
h0902 4 45 69 81 74 611 69 61 57 71 67 641 762 68 1152 52 601 56 60 76 84 53 61 58 58 78 622 541 54 79 75 56 56 61 53 56 64 57 53 63 55
h0912 4 45 65 55 69 77 531 61 61 67 63 681 80 68 1391 56 64 60 64 80 80 57 61 58 54 86 62 62 53 751 71 56 561 57 57 56 56 41 41 59 63
h0922 4 73 41 63 71 65 77 61 57 75 67 72 721 68 76 52 40 56 64 76 88 61 65 58 66 66 661 621 54 672 75 56 561 57 65 60 64 41 41 63 63
h0932 4 77 81 63 77 65 771 61 53 63 55 72 722 72 68 64 36 56 68 80 84 61 61 58 54 54 622 66 582 79 552 48 64 57 53 601 64 57 53 59 63
h0942 4 60 40 71 78 811 77 61 61 67 1402 722 68 64 68 52 65 56 60 76 76 53 531 50 66 74 622 541 582 79 79 56 56 61 53 56 56 41 611 59 63
h0952 4 56 65 55 88 691 69 61 65 67 792 681 68 68 115 601 68 56 60 80 76 57 61 58 54 66 501 701 582 79 833 48 64 57 65 56 56 53 49 63 55
h0962 4 65 41 63 70 731 73 57 57 71 752 762 841 72 68 40 64 64 64 80 84 57 571 50 66 78 58 701 54 71 71 56 64 57 61 601 60 41 53 63 63
h0972 4 77 65 63 55 691 81 61 61 67 63 72 681 72 68 52 64 60 64 80 76 57 61 62 50 62 66 58 54 71 792 56 48 57 61 56 60 41 45 63 55
h0982 4 73 73 71 74 65 691 61 53 71 71 76 80 64 76 40 40 56 64 80 76 61 571 50 66 70 82 661 54 593 551 56 48 57 53 56 64 41 53 63 55
h0992 4 69 77 89 70 69 73 57 57 631 55 72 762 68 1311 56 64 56 68 80 80 53 61 58 75 62 661 541 54 71 552 56 48 57 53 56 56 53 53 63 63
h1002 4 65 49 55 69 49 73 61 61 67 67 76 76 72 1113 40 83 56 60 80 76 57 531 50 54 78 62 74 54 71 71 56 52 57 57 56 64 41 53 59 63
h0013 5 69 73 63 79 77 77 61 61 67 55 721 88 68 68 52 601 60 60 80 80 61 531 58 58 66 622 62 46 71 711 56 64 57 61 56 64 41 41 63 63
h0023 5 69 65 55 74 65 73 61 57 71 631 72 68 64 1431 481 68 60 64 80 76 57 61 50 50 62 741 701 582 79 551 56 60 57 53 56 64 53 45 63 63
h0033 5 69 65 73 55 69 69 61 57 67 63 72 841 64 1431 52 56 60 60 80 76 57 61 50 58 62 62 54 582 71 79 56 60 57 61 56 64 53 49 63 55
h0043 5 69 81 63 55 65 73 61 57 71 67 72 762 64 1192 52 52 60 60 80 76 57 61 62 50 82 62 541 582 79 551 56 64 57 57 56 56 57 53 63 55
h0053 5 45 65 55 55 65 65 61 61 67 67 72 841 64 68 52 68 56 64 76 76 491 531 62 58 82 62 54 54 71 71 48 64 57 53 56 64 45 611 63 55
h0063 5 77 65 85 70 65 77 61 61 71 71 762 68 64 68 52 52 60 64 76 76 57 61 50 70 62 622 54 54 71 551 56 48 57 61 56 60 53 611 55 55
h0073 5 65 40 63 79 65 73 57 57 67 833 76 762 72 64 52 64 64 64 80 80 57 61 50 58 74 66 54 53 71 551 56 64 57 61 60 64 45 611 59 63
h0083 5 73 65 71 55 651 81 61 61 75 67 72 76 64 68 64 64 56 60 76 84 61 61 62 58 86 501 701 582 71 551 56 56 61 53 56 60 57 611 63 55
h0093 5 69 65 63 55 65 65 57 57 75 55 76 841 64 68 52 71 60 76 80 76 57 61 62 58 78 501 67 54 79 75 56 60 53 53 56 60 53 53 63 63
h0103 5 65 65 63 55 69 77 61 57 71 71 72 68 64 68 52 52 56 60 80 80 57 61 50 50 66 622 62 46 71 551 52 64 57 57 56 56 41 53 59 63
h0113 5 48 48 63 63 65 69 61 57 67 136 68 841 64 68 52 601 64 68 80 76 37 531 58 58 70 62 54 54 71 711 48 64 57 57 60 60 53 49 55 55
h0123 5 77 65 63 74 65 89 61 61 71 67 72 682 64 60 56 56 56 60 76 76 57 57 62 58 66 622 54 582 71 79 56 56 57 61 56 60 41 611 55 55
h0133 5 69 73 63 71 651 77 61 57 67 59 76 68 68 1351 52 56 60 64 76 76 53 61 58 58 62 501 54 582 79 79 56 64 57 61 60 64 41 611 59 63
h0143 5 65 48 55 1001 691 73 61 53 71 67 641 68 64 64 52 52 56 68 80 76 57 61 58 58 62 62 70 54 79 79 56 56 57 61 56 64 41 53 63 63
h0153 5 45 69 55 55 49 73 57 53 71 792 76 841 68 1272 52 56 60 52 76 76 65 49 50 50 62 66 54 54 75 551 56 56 57 57 56 64 41 53 63 55
h0163 5 65 41 85 55 65 73 57 65 71 63 72 88 64 68 75 641 56 64 80 80 53 57 58 66 62 622 582 582 751 71 56 60 57 61 56 60 53 61 63 55
h0173 5 73 77 71 74 65 651 61 69 71 67 72 72 64 68 52 64 60 64 80 76 57 45 62 58 82 62 62 623 71 551 48 64 61 65 56 64 53 53 63 55
h0183 5 73 65 71 55 69 73 61 73 67 1401 72 762 64 68 481 64 56 60 80 80 53 531 58 70 62 501 701 582 71 79 56 56 57 53 56 56 53 53 63 63
h0193 5 65 65 55 78 65 691 61 61 75 67 80 841 72 68 52 601 56 64 80 76 57 61 62 66 62 66 62 582 71 79 56 64 57 57 56 60 41 53 63 63
h0203 5 73 65 67 55 65 69 61 65 67 67 722 68 64 64 40 64 76 64 80 76 57 65 62 70 62 622 701 54 672 71 56 64 57 57 60 64 57 53 63 63
h0213 5 69 65 55 70 69 81 57 57 71 71 72 76 64 64 481 68 56 60 80 76 491 57 58 58 78 62 661 582 672 79 56 64 57 57 56 60 45 611 63 63
h0223 5 69 65 55 55 77 81 61 57 71 67 80 841 64 68 52 83 60 76 80 88 61 65 50 58 62 66 582 582 71 79 52 64 57 57 56 60 61 49 63 55
h0233 5 69 65 63 63 69 77 61 57 67 67 80 68 68 1431 64 641 60 64 80 72 57 61 58 54 622 622 54 46 71 71 56 48 57 57 56 60 61 49 63 63
h0243 5 73 73 63 63 65 77 57 57 67 59 722 68 64 68 64 64 60 64 76 76 61 531 50 66 62 62 54 582 71 79 56 60 57 53 56 56 53 53 63 55
h0253 5 73 41 55 78 69 77 61 61 67 55 72 762 68 68 64 68 60 60 80 76 53 57 58 66 62 741 62 582 71 79 56 56 57 53 56 60 57 611 63 63
h0263 5 65 81 63 63 731 77 61 57 71 67 72 76 64 79 64 64 56 60 76 76 57 49 50 58 70 62 74 582 672 71 56 64 57 61 56 60 53 53 63 55
h0273 5 69 41 55 70 69 73 61 57 75 136 72 72 68 1071 40 64 60 64 80 80 57 531 50 58 62 501 582 582 71 552 56 60 61 53 60 64 57 49 63 63
h0283 5 69 69 63 55 651 80 61 57 55 59 762 841 64 1272 52 40 76 64 80 72 57 57 62 58 62 622 701 54 71 711 64 64 57 57 56 56 57 49 63 63
h0293 5 65 81 63 55 65 81 61 53 75 67 72 762 64 64 40 56 60 601 80 76 612 61 50 58 82 62 58 582 79 552 56 56 65 53 60 72 57 53 63 55
h0303 5 69 77 63 73 65 77 65 53 67 55 72 76 68 68 52 601 76 64 76 76 57 49 58 54 62 622 54 582 71 71 56 56 57 61 56 64 41 53 59 59
h0313 5 73 41 43 70 69 77 61 57 67 67 841 88 64 68 36 68 56 64 80 76 57 61 50 58 66 622 54 582 672 79 56 60 61 53 56 60 53 61 63 63
h0323 5 69 69 63 55 77 73 57 57 75 71 72 801 72 72 52 64 60 60 80 80 57 61 58 58 66 622 54 582 672 71 56 48 57 65 56 56 53 61 63 63
h0333 5 69 65 55 89 77 73 57 57 71 67 841 841 68 60 52 40 60 64 76 76 45 61 62 50 62 66 582 623 75 551 56 56 57 61 56 60 53 61 63 63
h0343 5 65 65 63 78 65 69 61 57 71 67 72 76 64 68 601 64 56 64 80 76 61 49 50 54 62 66 54 582 71 711 56 60 57 53 56 56 53 45 63 55
h0353 5 69 60 63 63 65 69 57 65 71 55 76 841 68 68 40 64 56 64 80 72 57 61 50 58 62 66 54 582 71 711 56 56 57 61 56 60 57 53 55 55
h0363 5 77 65 55 74 65 69 57 65 75 63 76 762 72 127 72 64 64 64 80 76 57 57 50 58 62 62 58 582 71 79 56 56 57 53 60 64 611 49 63 55
h0373 5 73 65 55 55 69 73 57 57 71 67 681 841 64 68 52 481 76 68 80 76 61 61 62 58 74 622 501 54 71 71 56 60 57 53 60 64 41 53 63 63
h0383 5 73 60 63 63 65 77 61 57 67 59 681 76 64 1351 72 56 60 64 80 76 57 61 50 66 54 62 582 582 71 79 56 56 57 57 56 60 53 53 55 55
h0393 5 73 40 55 89 811 73 61 57 71 71 72 841 64 68 601 441 60 64 76 76 61 61 50 58 82 62 54 54 79 551 56 48 61 53 56 601 53 49 59 55
h0403 5 69 65 71 74 77 77 61 57 71 67 76 68 68 68 52 601 64 64 80 76 491 49 62 50 82 622 582 46 71 551 56 48 57 61 60 68 41 611 59 63
h0413 5 73 41 85 55 69 77 57 57 71 67 80 841 64 68 52 40 56 60 80 76 57 61 50 50 74 62 54 582 672 71 56 52 57 57 60 60 611 49 63 63
h0423 5 65 48 55 70 651 651 61 57 71 67 722 68 68 68 56 64 64 64 92 76 53 57 62 50 86 66 50 582 79 551 56 64 53 53 60 60 41 611 63 63
h0433 5 73 40 55 55 69 73 61 57 67 59 641 72 64 60 52 64 56 64 80 76 57 37 50 58 82 62 661 50 79 551 56 64 57 61 56 60 45 611 63 55
h0443 5 65 52 79 55 651 812 57 53 75 67 722 841 68 1272 64 83 56 64 80 80 53 61 58 70 86 622 66 582 71 71 56 64 57 57 60 64 53 53 55 55
h0453 5 73 89 55 55 691 77 61 61 67 63 72 681 68 68 52 52 64 64 80 76 491 57 62 58 70 62 54 582 79 79 56 60 57 53 56 60 531 49 63 55
h0463 5 73 65 85 70 69 77 61 65 55 59 762 841 72 64 52 64 56 76 76 76 57 531 50 58 62 622 54 582 71 79 56 56 53 53 56 60 611 49 63 55
h0473 5 69 48 55 78 691 77 61 57 752 55 68 68 64 64 64 64 56 60 80 76 57 57 50 58 82 62 582 582 71 552 60 64 53 53 56 60 41 41 63 55
h0483 5 45 73 63 55 651 73 61 61 71 71 682 68 64 127 52 52 60 60 80 80 57 531 50 58 94 62 701 46 79 551 48 64 57 57 56 60 61 49 63 63
h0493 5 73 65 55 55 65 81 61 57 631 67 72 681 72 64 64 64 72 72 80 76 61 65 58 70 62 622 54 50 79 551 52 48 57 65 56 56 53 61 63 55
h0503 5 65 65 63 55 65 69 65 65 71 59 72 72 72 64 64 68 60 64 76 76 57 61 50 54 66 622 54 582 71 79 56 60 53 53 56 60 53 49 63 55
h0513 5 73 77 63 73 69 73 61 57 71 63 72 76 64 1113 52 36 56 60 80 80 53 57 62 58 78 622 541 54 71 551 56 64 57 57 56 60 53 611 63 63
h0523 5 73 65 63 55 651 69 61 57 71 63 76 841 64 1351 481 481 60 64 80 76 57 69 58 58 62 62 741 623 671 71 56 64 57 57 60 64 49 49 63 63
h0533 5 69 65 55 55 65 69 61 61 75 71 641 841 68 76 52 36 56 64 80 76 61 65 58 66 62 781 54 582 71 79 56 56 57 53 56 60 57 37 63 63
h0543 5 69 73 63 63 65 73 57 65 71 67 76 841 64 68 52 481 56 64 92 76 57 61 62 58 62 622 66 582 79 711 56 64 57 57 56 60 53 61 63 55
h0553 5 69 69 55 55 69 69 61 57 67 67 76 722 68 1272 52 52 60 64 80 76 61 61 50 58 54 82 54 46 671 71 56 48 57 61 60 64 41 53 63 55
h0563 5 65 65 55 55 651 81 61 57 71 67 72 88 64 68 52 601 60 60 76 76 57 61 58 58 54 82 54 582 71 75 56 64 57 57 60 60 41 57 55 55
h0573 5 65 65 55 89 65 69 61 57 71 67 801 841 64 64 52 64 56 64 80 76 57 61 62 50 62 501 54 54 71 75 64 64 57 53 56 60 41 61 63 55
h0583 5 77 65 55 74 65 65 57 57 63 59 76 841 64 64 52 481 76 76 80 72 57 57 58 54 82 622 66 54 71 79 64 64 53 53 60 60 41 41 63 55
h0593 5 69 40 78 70 65 81 61 57 55 59 72 841 64 752 52 40 64 64 80 76 61 531 50 50 501 501 54 582 672 79 48 64 57 53 56 60 41 41 63 63
h0603 5 73 77 63 78 77 812 61 65 75 67 72 76 64 68 52 64 60 64 80 80 57 65 62 58 661 622 54 582 71 71 56 64 57 57 56 60 53 37 63 55
h0613 5 65 81 71 74 811 77 61 57 71 67 80 68 72 68 56 64 60 64 80 76 61 49 58 58 622 622 54 582 79 551 56 48 57 53 56 64 41 53 59 55
h0623 5 73 77 63 74 65 691 57 65 752 59 72 841 64 68 64 641 56 64 80 76 61 61 58 58 62 661 54 46 79 79 56 64 61 53 56 60 53 45 63 63
h0633 5 65 65 55 74 77 73 61 57 71 67 72 762 72 64 601 64 56 64 80 76 61 49 50 58 62 622 582 582 711 551 60 64 57 53 56 56 53 49 59 63
h0643 5 56 81 43 70 691 81 61 61 75 67 76 68 68 1431 601 64 64 68 80 76 491 61 58 66 70 62 621 54 671 551 56 56 53 53 56 60 45 61 63 55
h0653 5 65 41 55 55 73 73 61 61 75 792 72 72 64 68 52 601 56 64 80 80 53 57 62 58 90 622 54 582 79 79 56 56 61 53 56 60 41 49 55 55
h0663 5 65 65 55 70 65 731 61 61 67 55 68 68 68 60 52 601 64 64 80 76 61 61 58 58 62 58 54 63 71 79 56 64 57 53 56 64 41 49 63 63
h0673 5 73 40 74 70 652 73 61 57 75 71 76 841 72 68 52 68 64 72 76 76 57 57 50 58 82 62 541 54 71 551 56 48 57 53 601 60 41 61 63 55
h0683 5 69 52 63 63 73 531 61 57 71 67 76 88 64 127 601 64 60 72 80 80 53 61 58 58 62 62 582 582 671 71 56 64 61 53 56 60 53 53 63 55
h0693 5 65 65 74 70 65 69 61 57 71 67 68 841 64 68 64 68 60 60 80 76 61 61 58 58 62 501 62 582 71 71 56 56 53 53 60 64 41 611 63 55
h0703 5 56 65 63 78 65 69 61 57 71 67 76 76 64 64 601 68 76 64 76 88 57 57 58 58 62 501 581 582 71 79 56 64 57 57 56 60 45 49 63 55
h0713 5 45 65 97 74 651 73 61 61 71 67 76 68 68 1192 481 64 56 64 80 76 61 61 50 50 54 62 541 582 71 71 56 60 57 57 56 64 41 57 63 63
h0723 5 65 81 55 55 65 65 61 57 75 67 68 68 72 143 64 64 56 60 76 76 57 57 58 54 62 622 54 582 79 79 56 56 57 57 56 60 45 611 63 55
h0733 5 69 48 55 70 731 77 57 53 671 55 72 72 68 68 601 64 64 64 80 76 57 57 62 58 86 66 54 50 71 79 56 48 57 57 60 60 41 53 63 63
h0743 5 65 40 55 88 65 69 61 65 67 792 682 841 72 64 52 52 60 76 80 80 57 57 58 58 62 622 661 54 71 711 56 64 57 61 60 64 61 49 55 55
h0753 5 69 65 63 63 65 61 61 57 71 59 72 76 68 79 52 65 64 64 76 76 61 65 58 58 62 622 58 582 79 79 56 60 57 61 56 60 41 45 63 63
h0763 5 45 41 63 63 651 69 61 57 67 55 76 76 1311 60 52 40 56 72 80 76 53 57 62 50 62 622 66 54 71 551 56 64 65 53 56 60 53 53 63 63
h0773 5 65 65 63 67 77 77 57 65 71 67 72 762 68 80 52 40 56 60 80 76 57 57 58 54 62 622 582 46 79 79 56 56 57 53 56 56 57 49 63 55
h0783 5 73 65 55 100 65 611 61 53 71 63 841 841 68 76 64 64 60 64 80 76 57 61 50 50 82 62 58 54 672 672 60 64 61 61 56 60 611 611 59 55
h0793 5 77 65 71 74 77 652 61 53 67 67 762 841 68 68 52 64 60 60 80 76 45 531 62 79 62 622 582 623 79 79 60 64 57 53 60 64 41 45 63 55
h0803 5 65 40 55 74 77 73 61 57 71 67 68 68 68 1152 52 40 76 64 80 76 57 49 50 82 622 622 62 582 71 79 56 56 57 61 56 56 41 57 59 55
h0813 5 65 65 74 74 69 73 61 53 67 792 76 88 68 1351 52 481 56 64 80 76 57 49 50 66 62 501 54 46 672 79 60 64 61 53 56 56 41 611 59 55
h0823 5 77 52 74 74 69 77 61 61 67 55 72 68 64 1311 52 56 60 60 76 88 53 49 62 58 82 62 661 54 71 791 48 64 57 53 60 64 45 611 63 55
h0833 5 73 65 55 70 65 69 61 57 67 67 76 76 72 68 64 57 56 76 80 76 57 57 58 58 74 86 701 54 71 79 60 64 57 61 601 60 49 49 55 55
h0843 5 69 65 83 70 65 77 57 57 71 67 681 80 64 64 52 64 60 64 80 88 57 57 50 58 70 622 54 54 71 71 56 56 57 53 60 60 41 49 63 55
h0853 5 69 56 63 71 65 69 57 65 67 67 681 76 68 68 601 64 60 76 80 76 61 651 50 50 66 622 581 54 71 75 56 48 57 57 60 64 53 53 63 63
h0863 5 65 40 63 55 65 69 61 57 71 67 72 681 64 68 64 71 56 64 80 76 53 61 62 58 66 622 54 582 71 711 56 48 57 53 60 64 611 49 63 63
h0873 5 77 48 55 74 77 77 61 53 67 67 681 80 68 127 64 64 60 64 80 80 57 61 62 58 90 622 66 582 672 79 56 48 57 61 56 64 53 61 63 63
h0883 5 65 65 79 55 65 691 61 61 71 67 76 68 68 68 52 441 60 68 80 76 57 531 50 50 98 622 62 54 71 631 56 64 57 61 56 60 41 53 63 55
h0893 5 65 65 81 70 69 73 57 65 71 67 72 681 68 60 64 71 76 68 76 72 61 61 50 66 82 622 621 54 71 79 56 56 57 53 60 64 57 611 63 55
h0903 5 77 77 55 55 73 85 61 65 79 55 681 68 68 115 601 64 64 72 76 72 57 61 62 50 62 62 701 54 71 71 56 64 61 53 56 60 57 53 63 55
h0913 5 69 65 55 70 73 812 61 57 67 67 76 76 68 115 40 64 56 64 76 76 57 61 50 50 94 622 74 54 71 71 56 52 61 53 56 601 53 49 63 55
h0923 5 45 65 63 55 69 77 57 57 71 67 68 841 64 68 64 64 60 72 80 76 491 61 50 58 62 141 701 582 672 71 60 48 53 53 601 60 53 611 63 55
h0933 5 73 65 63 55 69 69 61 57 71 67 72 762 64 1591 601 57 60 64 80 88 57 571 58 58 70 62 621 582 71 79 56 64 57 53 56 64 41 57 55 55
h0943 5 69 65 63 85 65 651 61 57 71 67 76 68 68 1191 52 64 64 64 80 76 57 61 50 50 62 66 661 582 79 79 48 48 57 57 56 64 53 45 63 55
h0953 5 65 65 67 55 69 77 57 57 75 752 72 76 72 68 52 601 56 60 80 76 57 531 62 58 58 622 54 582 552 551 56 48 57 61 56 56 53 53 59 63
h0963 5 69 65 55 70 65 73 61 57 71 67 72 80 68 68 52 52 60 60 80 80 57 61 50 70 70 62 54 54 79 551 56 64 57 57 56 60 41 53 63 55
h0973 5 69 81 55 74 651 77 61 61 71 55 681 841 68 79 481 641 64 64 80 76 57 61 50 66 62 741 54 582 672 71 56 56 53 53 56 56 41 53 63 63
h0983 5 73 65 73 74 731 69 61 61 63 792 72 68 72 64 64 64 60 76 76 84 57 61 54 54 86 62 54 54 672 792 56 64 57 53 60 60 611 49 63 63
h0993 5 69 77 55 78 73 531 61 57 752 59 762 841 64 68 64 64 64 72 80 80 53 57 50 54 70 62 54 582 671 79 56 64 57 53 56 60 41 41 59 55
h1003 5 69 65 63 104 69 73 61 57 71 67 76 76 64 68 601 64 60 60 76 76 491 57 58 54 70 66 54 54 79 711 56 52 57 61 60 60 41 53 55 55
h0014 6 77 65 55 55 77 73 61 61 75 792 76 76 64 68 52 64 64 68 80 76 57 61 50 50 62 622 581 54 79 79 56 56 57 61 60 60 41 49 63 55
h0024 6 73 65 55 83 65 651 61 57 67 67 68 88 64 68 64 64 60 76 76 76 61 531 58 66 62 62 54 54 71 71 56 56 57 57 60 60 53 611 55 55
h0034 6 65 65 55 55 65 69 61 57 67 63 72 76 64 68 52 52 60 76 76 72 57 61 50 70 86 62 661 582 71 79 56 64 57 61 60 60 41 53 63 63
h0044 6 65 65 63 63 65 65 61 61 67 67 681 841 64 68 52 68 60 60 80 76 57 57 50 50 62 622 50 582 71 71 56 48 57 53 60 64 41 45 63 63
h0054 6 73 65 63 70 65 89 61 57 67 67 72 681 68 60 40 64 64 64 80 80 61 49 50 58 62 501 582 582 71 79 56 56 57 57 56 56 53 45 55 55
h0064 6 73 65 55 55 65 65 61 57 67 67 76 88 72 64 52 52 60 60 80 80 57 69 58 58 62 62 66 582 71 551 56 52 61 53 56 64 53 611 63 63
h0074 6 69 65 63 70 73 81 61 61 75 67 68 68 64 68 64 64 60 64 76 76 61 65 50 50 70 622 50 582 71 551 60 64 61 53 56 60 41 49 63 55
h0084 6 73 65 55 74 65 73 57 57 67 55 76 762 64 68 52 64 60 60 76 76 61 61 62 54 62 741 582 623 71 79 56 56 57 53 56 60 57 611 63 63
h0094 6 69 77 55 74 77 73 61 57 67 55 72 68 64 68 52 68 76 76 80 76 57 57 58 58 66 622 54 582 71 79 56 56 53 53 60 64 53 53 55 55
h0104 6 77 65 63 55 65 73 61 57 67 59 682 68 68 752 64 64 64 68 76 76 57 57 62 58 622 622 54 582 71 79 56 48 57 57 60 60 41 49 63 55
h0114 6 65 65 63 55 651 77 57 57 75 67 72 68 64 1113 52 68 64 64 80 76 57 61 50 58 62 62 54 582 71 711 64 64 57 53 56 56 61 49 63 55
h0124 6 65 52 63 74 69 77 61 57 75 71 72 762 64 68 52 52 60 60 80 80 57 37 58 70 62 66 582 53 79 551 48 64 57 57 56 60 611 49 63 55
h0134 6 69 65 85 55 65 651 57 57 71 55 72 72 68 68 52 83 64 68 80 76 57 57 58 58 62 66 54 582 79 75 56 48 57 53 56 60 53 53 55 55
h0144 6 73 77 63 55 65 651 61 57 67 63 72 68 68 79 52 52 60 72 76 76 57 61 58 58 70 622 54 46 79 711 52 48 57 57 60 60 53 53 55 55
h0154 6 40 40 55 55 651 73 57 65 71 67 722 80 64 68 40 56 60 64 76 76 57 65 58 58 622 501 701 582 672 79 56 60 57 57 60 60 53 53 63 55
h0164 6 65 65 55 78 69 77 61 61 71 71 72 841 64 68 40 64 60 76 76 76 57 57 50 58 622 622 582 582 79 551 56 48 57 53 56 56 41 53 63 55
h0174 6 69 77 55 70 65 69 61 57 67 67 76 722 68 68 40 68 60 64 76 76 53 57 58 58 86 622 701 582 71 551 56 48 57 57 60 60 53 49 63 63
h0184 6 69 73 55 55 65 61 57 53 71 67 762 68 64 64 64 64 76 76 80 80 57 57 50 58 62 622 54 582 71 79 64 64 57 61 56 60 61 49 63 55
h0194 6 65 89 55 74 69 81 57 57 75 75 72 76 68 68 64 64 60 60 80 76 57 61 58 58 78 622 54 582 79 79 56 56 57 57 60 60 53 611 55 55
h0204 6 69 65 55 55 69 73 61 57 71 67 762 88 64 68 481 641 60 64 80 76 57 57 58 58 62 501 54 46 71 71 56 64 57 53 601 60 53 611 63 55
h0214 6 69 65 63 78 77 73 61 65 67 67 80 762 64 1192 52 40 60 64 80 76 57 57 50 58 74 62 54 582 79 551 56 64 57 53 56 60 41 53 63 63
h0224 6 69 65 63 74 651 73 61 57 67 67 72 76 64 68 52 601 60 64 80 76 57 61 50 50 62 58 53 623 71 79 56 64 57 53 56 56 53 49 63 55
h0234 6 65 65 63 70 69 77 57 57 71 67 72 72 64 64 64 68 60 68 80 76 57 61 62 50 62 66 54 582 71 79 64 64 57 57 56 56 41 53 63 63
h0244 6 73 81 55 55 65 651 61 65 67 55 72 72 64 60 601 64 56 64 80 76 57 61 50 58 62 62 54 582 75 551 56 56 61 53 56 64 41 53 63 63
h0254 6 69 73 63 70 651 69 57 53 75 67 72 72 64 68 52 64 60 64 76 76 57 61 58 58 70 622 582 582 71 79 56 52 53 53 60 64 41 53 59 63
h0264 6 69 65 55 78 651 651 57 57 71 67 72 721 64 68 601 40 60 64 80 76 57 531 62 58 82 622 54 54 79 711 56 56 57 53 56 64 53 45 63 63
h0274 6 56 41 55 55 65 651 57 57 71 67 72 841 64 79 52 601 60 60 80 80 65 49 50 54 74 62 54 582 79 551 56 48 57 57 56 60 53 49 55 55
h0284 6 65 40 71 78 651 73 57 57 67 67 72 76 68 76 64 71 64 68 80 80 57 57 62 62 62 62 54 54 71 551 56 56 57 61 56 56 53 49 55 55
h0294 6 69 48 63 71 81 81 61 61 55 59 76 841 68 68 64 64 60 72 80 76 57 57 62 58 62 62 54 582 672 551 56 56 57 57 60 64 53 53 63 55
h0304 6 65 65 63 55 73 73 61 57 75 71 72 68 68 1351 52 68 60 64 80 76 61 531 58 54 62 62 54 54 79 79 56 56 53 53 60 60 53 611 63 63
h0314 6 69 77 63 63 69 77 57 57 67 55 681 762 64 64 52 71 60 60 80 92 57 57 62 50 622 622 54 582 71 71 56 56 57 57 56 60 61 49 59 55
h0324 6 69 77 63 74 69 73 61 57 71 71 72 68 64 64 601 641 60 64 80 76 61 49 62 50 66 501 661 54 71 79 56 56 57 57 56 60 53 53 63 55
h0334 6 73 65 55 70 65 81 61 65 67 752 72 721 64 68 40 64 60 64 80 80 53 61 58 58 70 62 66 582 71 551 56 48 57 53 60 64 53 53 63 63
h0344 6 65 65 63 55 77 77 57 53 67 63 72 72 72 72 481 64 64 64 80 80 57 57 50 50 62 501 54 46 71 71 56 56 57 57 60 60 41 53 63 63
h0354 6 65 65 63 55 77 73 61 57 67 59 76 68 68 1351 601 64 60 64 76 76 57 57 50 58 62 622 58 54 71 79 56 64 57 53 56 60 45 49 63 55
h0364 6 65 65 78 78 77 652 61 61 71 55 841 841 64 64 52 52 60 76 80 80 57 61 50 66 62 62 54 46 75 551 56 64 57 57 56 60 41 611 63 55
h0374 6 69 65 55 70 69 77 61 57 67 55 72 72 64 68 52 71 60 76 80 76 57 57 50 54 86 62 54 54 71 552 56 64 53 53 64 64 57 49 55 55
h0384 6 73 65 63 63 69 73 57 57 67 55 72 762 64 64 64 64 64 64 80 76 57 61 50 50 62 66 54 582 671 551 56 56 57 57 56 60 41 45 59 63
h0394 6 65 52 63 63 69 69 61 57 55 1401 72 841 64 68 52 64 60 64 80 76 57 531 58 58 62 62 54 582 71 79 64 64 57 57 56 60 53 611 63 55
h0404 6 69 69 67 55 69 812 57 65 67 63 68 68 68 68 52 64 60 76 80 76 61 531 50 58 82 62 54 582 672 79 64 64 57 53 60 64 53 45 63 55
h0414 6 73 65 55 55 65 611 61 53 67 136 72 72 64 68 40 68 60 64 80 76 57 61 58 58 86 622 66 582 79 551 56 56 57 57 60 64 53 49 63 55
h0424 6 73 73 63 63 65 811 61 61 67 55 72 76 64 60 601 64 60 60 80 80 57 61 50 58 141 622 501 582 71 71 56 60 53 53 56 60 53 53 55 55
h0434 6 65 40 63 55 77 89 61 57 75 75 762 68 64 68 601 64 56 60 80 80 57 49 50 58 622 501 54 54 79 551 56 56 57 57 60 60 41 53 63 55
h0444 6 81 40 63 55 77 812 61 57 71 67 72 76 64 64 481 64 56 60 80 76 57 61 50 50 622 501 54 54 79 551 56 64 57 53 56 60 57 53 63 63
h0454 6 69 69 74 70 65 65 61 61 71 67 68 841 64 68 52 64 64 68 76 76 61 61 58 58 70 62 54 54 71 711 56 60 57 57 601 60 53 61 63 63
h0464 6 73 41 63 55 65 81 57 57 71 55 80 841 68 60 52 64 64 68 80 80 57 65 58 58 62 622 582 46 71 71 56 64 57 65 60 60 41 53 63 63
h0474 6 69 65 55 55 65 77 61 65 71 67 72 72 68 68 64 64 76 64 76 76 57 57 50 58 62 62 54 54 71 79 56 56 57 65 56 56 45 49 63 63
h0484 6 69 65 63 74 69 73 61 57 71 67 76 841 64 127 40 64 64 64 80 80 61 61 58 58 62 501 582 582 551 551 56 64 57 57 60 60 611 611 63 55
h0494 6 69 52 74 70 691 77 57 65 67 55 72 68 64 68 52 64 64 72 80 80 57 531 58 66 70 62 582 582 71 79 56 56 57 53 56 60 45 611 63 55
h0504 6 73 65 71 55 65 73 61 61 71 67 681 762 64 64 52 40 60 76 76 76 491 61 58 58 622 622 50 582 71 71 56 56 53 53 56 60 53 49 55 55
h0514 6 69 65 71 55 65 73 61 57 71 67 72 762 64 68 52 68 64 68 76 72 491 61 50 58 82 62 54 582 672 71 64 64 57 53 56 56 41 53 63 55
h0524 6 65 65 55 55 65 651 61 61 71 59 762 68 64 68 52 641 60 64 80 80 57 61 50 54 62 622 582 582 71 71 56 56 57 57 60 60 53 61 63 63
h0534 6 65 48 63 55 77 652 57 53 71 63 76 841 72 68 52 64 56 64 76 76 57 57 50 50 62 62 54 582 79 79 56 52 57 61 60 60 53 49 63 63
h0544 6 65 65 63 55 77 81 57 57 63 752 72 841 68 68 52 64 64 68 80 76 61 61 62 58 622 622 50 582 71 551 60 60 57 53 60 60 53 53 63 55
h0554 6 65 65 70 70 65 77 61 61 67 67 72 76 68 68 641 641 76 64 80 80 531 49 50 58 66 622 54 623 71 71 56 56 53 53 56 60 611 49 63 55
h0564 6 40 40 55 74 69 81 57 65 71 67 762 841 68 115 601 72 64 64 76 76 57 61 58 58 62 622 54 54 71 71 56 64 53 53 56 60 53 61 63 63
h0574 6 65 40 63 63 77 81 57 57 71 67 76 841 68 68 52 64 56 64 80 76 57 57 58 58 62 622 54 50 79 551 56 60 57 61 56 60 53 61 59 55
h0584 6 77 65 55 78 77 73 61 53 75 71 76 76 64 64 52 601 60 64 76 76 61 61 58 54 62 66 54 582 551 551 48 64 57 57 60 64 41 53 63 63
h0594 6 69 73 55 55 77 77 61 61 71 136 76 762 68 1351 52 64 60 64 80 76 61 531 62 58 622 622 54 582 71 551 56 48 53 53 60 60 57 49 63 55
h0604 6 65 65 55 55 65 531 61 57 67 67 68 841 1311 60 601 40 60 64 80 76 57 61 50 58 62 58 67 582 672 71 56 64 57 61 60 60 53 49 63 63
h0614 6 69 65 79 55 77 812 61 57 75 67 76 68 64 76 601 64 60 64 80 80 61 61 50 50 62 622 54 54 79 79 56 64 61 53 56 56 53 45 63 55
h0624 6 65 41 55 70 65 77 61 57 75 67 72 762 64 64 52 64 60 64 76 76 57 57 50 58 62 66 621 582 71 79 56 56 57 61 56 64 53 49 63 55
h0634 6 65 65 74 78 77 77 61 53 71 67 76 722 68 1152 40 481 56 68 80 80 57 45 50 58 622 622 54 582 71 79 48 64 57 53 56 64 41 41 63 63
h0644 6 73 65 55 55 69 73 61 61 75 71 72 72 64 68 72 481 60 60 80 76 61 61 62 62 622 622 582 623 71 79 52 64 57 57 60 60 53 61 63 63
h0654 6 69 65 74 70 73 81 57 57 67 67 72 76 68 79 64 68 60 60 80 76 57 57 50 58 62 622 54 54 671 672 48 64 57 61 60 60 611 49 63 55
h0664 6 65 81 63 70 77 73 57 57 67 55 681 68 68 68 52 64 60 64 76 72 57 61 58 58 66 622 54 582 71 79 56 64 57 53 60 64 57 53 63 63
h0674 6 65 65 74 78 69 81 61 57 67 59 72 68 68 68 52 83 60 76 80 80 57 531 58 58 62 501 54 54 71 551 56 64 57 53 60 64 53 53 55 55
h0684 6 65 65 70 70 65 77 61 61 67 67 72 72 68 68 52 64 56 64 80 76 61 61 50 70 62 622 701 54 79 79 48 64 57 53 56 60 53 37 59 55
h0694 6 73 65 55 55 65 69 61 57 71 1401 76 762 68 68 56 64 76 64 80 76 53 57 50 58 62 62 58 582 71 71 56 64 61 53 56 60 53 49 63 63
h0704 6 77 65 55 55 69 73 61 57 67 59 68 841 64 68 52 40 60 64 80 76 491 57 50 58 62 622 62 54 79 551 56 64 57 53 60 64 53 611 63 63
h0714 6 65 65 63 55 65 651 61 57 71 67 72 76 68 1113 64 64 60 64 80 80 491 61 50 50 62 62 54 582 71 711 56 56 57 53 56 64 41 611 63 55
h0724 6 69 65 74 70 81 812 61 61 67 67 72 722 68 76 64 64 64 64 76 72 61 61 50 58 54 62 621 50 79 551 56 60 57 61 60 60 61 49 63 55
h0734 6 77 77 55 74 73 531 57 57 67 59 72 841 72 68 52 601 60 64 80 76 57 61 50 58 622 622 62 582 672 71 56 56 57 57 56 64 41 611 55 55
h0744 6 45 65 55 70 65 73 61 57 67 63 76 68 64 68 52 64 64 64 76 76 57 57 58 66 62 622 58 46 71 79 64 64 57 53 56 60 53 53 63 55
h0754 6 73 65 55 55 69 81 61 57 71 67 72 72 64 68 52 601 60 72 80 76 57 57 58 58 622 501 62 54 551 551 48 64 53 53 60 64 41 611 63 63
h0764 6 73 77 63 55 651 81 57 57 75 67 72 841 72 68 52 52 60 60 76 76 53 57 58 58 78 501 701 54 71 79 56 56 57 61 60 64 53 49 63 55
h0774 6 69 65 55 78 73 812 61 57 75 75 72 681 64 68 64 64 56 60 80 76 57 61 50 54 62 622 54 54 711 551 48 64 57 57 56 60 41 41 63 63
h0784 6 45 65 63 70 73 73 61 61 71 67 72 76 68 68 52 64 64 64 80 80 57 61 50 58 62 66 53 623 71 71 48 64 57 57 56 60 53 61 63 63
h0794 6 69 65 55 74 69 73 61 61 63 59 72 841 64 68 52 64 76 64 80 76 612 531 50 54 62 62 54 54 672 79 48 64 57 57 60 64 41 49 63 55
h0804 6 73 81 71 55 69 77 61 57 67 63 72 681 64 68 40 64 60 64 80 76 57 57 62 50 62 58 582 582 71 79 48 64 57 61 56 56 57 53 63 55
h0814 6 69 81 63 55 73 80 61 61 75 71 68 841 64 68 52 52 64 72 80 80 57 61 50 58 62 58 54 582 71 551 56 56 57 57 56 56 611 611 55 55
h0824 6 45 65 63 88 69 652 57 65 71 59 76 762 68 60 52 64 76 64 76 76 57 61 50 58 62 501 621 582 71 551 56 48 57 61 56 64 53 45 63 55
h0834 6 69 73 55 81 77 77 61 65 71 67 841 841 68 68 64 64 60 64 80 76 57 57 58 54 62 622 54 54 71 71 56 64 57 57 56 60 41 611 63 63
h0844 6 69 81 63 78 69 73 61 65 71 67 681 841 64 68 52 64 60 76 80 76 61 531 50 58 74 622 54 54 71 79 56 56 57 61 56 64 57 611 63 63
h0854 6 45 65 63 74 65 73 61 57 67 67 72 76 68 68 52 68 60 64 76 76 57 57 50 58 622 622 621 46 672 672 56 64 57 53 56 56 53 611 63 55
h0864 6 69 69 55 43 65 77 61 53 71 63 72 80 64 64 52 64 60 64 80 80 57 61 62 58 82 62 62 46 71 552 64 64 61 53 60 60 41 611 63 55
h0874 6 65 65 55 70 65 77 57 57 67 67 76 80 64 64 601 64 60 60 80 76 57 61 50 58 70 66 62 54 672 79 56 48 57 53 60 60 53 61 59 55
h0884 6 48 81 55 55 691 81 57 57 71 71 72 841 68 68 72 64 64 68 80 76 57 61 58 70 62 501 54 623 71 79 56 64 53 53 56 60 53 53 63 55
h0894 6 65 65 63 55 651 73 61 61 71 67 72 76 64 68 64 65 56 64 80 76 57 61 58 58 741 622 54 46 71 79 60 64 57 53 60 60 41 53 63 63
h0904 6 65 81 55 70 65 73 61 53 71 67 80 841 64 68 601 68 60 64 80 76 61 49 50 50 62 622 54 582 71 79 56 48 57 61 56 60 49 49 63 55
h0914 6 69 65 63 55 65 69 57 65 67 67 72 72 64 68 52 52 64 64 76 76 53 531 62 58 62 622 701 582 711 551 56 56 57 53 56 60 57 53 63 63
h0924 6 65 65 63 74 65 77 61 57 67 67 76 80 68 60 52 64 76 68 80 76 57 57 50 58 62 62 54 582 672 71 56 56 57 57 56 60 53 61 63 55
h0934 6 65 65 63 1001 77 81 57 65 71 67 80 68 64 68 52 64 60 64 80 76 57 69 50 58 54 622 54 54 71 79 60 64 57 53 56 60 41 53 63 63
h0944 6 65 48 63 74 65 65 61 57 67 67 72 68 64 68 52 64 60 64 76 76 57 531 50 50 62 62 582 582 71 75 56 56 57 53 60 64 57 53 63 55
h0954 6 77 65 63 83 69 77 61 57 67 792 682 68 68 68 52 68 60 64 80 76 57 57 50 54 54 58 74 582 71 71 56 56 57 53 56 64 49 49 63 55
h0964 6 73 65 79 55 69 73 61 57 71 63 72 681 68 60 64 641 60 64 80 80 57 57 62 50 62 622 66 582 71 551 56 60 57 53 60 60 611 611 63 63
h0974 6 45 65 63 55 73 73 61 61 67 67 72 72 64 127 52 601 64 68 76 72 57 57 62 58 62 622 54 46 79 79 56 60 65 53 56 56 53 49 63 55
h0984 6 69 65 55 74 65 65 61 53 67 67 76 841 64 1431 64 83 64 68 76 72 57 61 58 58 86 62 582 623 71 71 56 60 61 53 60 64 53 49 63 55
h0994 6 73 81 78 70 65 77 61 61 67 67 76 762 64 68 601 64 64 64 76 88 57 49 62 50 74 62 54 582 711 551 56 60 61 53 56 60 41 53 59 55
h1004 6 65 65 55 55 65 65 57 53 71 67 641 68 64 64 56 64 60 64 80 76 57 61 62 58 501 501 66 50 71 79 56 60 57 53 56 60 611 49 63 55
CK.0PLA 7 69 77 55 74 65 77 57 53 67 67 72 68 64 68 52 481 64 68 76 76 57 57 50 54 62 62 582 582 -9 -9 56 56 57 61 56 60 53 61 63 63
CK.0PLC 7 69 77 55 55 69 69 61 61 67 59 68 841 68 60 52 601 64 68 80 76 61 61 62 50 62 62 54 46 672 71 56 56 57 57 56 60 41 41 55 55
CK.0PLE 7 73 65 55 55 65 65 61 57 67 59 72 72 64 68 52 52 64 68 76 76 57 61 50 58 54 62 54 54 79 551 56 56 57 53 56 60 53 611 63 55
CK.0PLF 7 69 40 55 55 73 73 61 57 67 67 68 841 64 68 40 56 64 64 76 76 57 57 50 58 62 62 54 53 79 79 56 64 57 53 56 60 57 53 59 55
CK.0PLH 7 69 65 55 55 65 73 57 57 67 67 762 841 68 68 52 641 64 64 76 76 491 61 50 58 62 62 54 53 79 79 56 64 57 57 56 56 53 611 63 63
CK.0PLJ 7 65 48 63 63 65 69 61 61 75 55 72 72 68 68 52 64 64 68 76 76 57 61 50 50 62 66 50 582 71 79 56 64 57 61 60 64 41 53 55 55
CK.0PLK 7 69 65 55 55 69 77 61 57 67 67 76 76 64 68 481 64 60 64 80 76 57 61 50 58 62 62 582 582 551 551 56 64 57 53 56 60 41 53 55 55
CK.0PLL 7 65 41 55 74 65 69 61 57 75 63 841 841 64 68 52 601 76 64 80 76 61 61 50 50 66 622 46 623 71 79 56 60 57 57 56 56 53 53 55 55
CK.0PLM 7 73 65 55 55 65 73 61 53 67 55 76 76 68 68 64 64 64 72 76 76 57 65 58 58 66 622 54 50 71 71 56 64 53 53 60 60 611 49 63 63
CK.0PLP 7 65 41 63 78 69 77 61 57 67 55 841 841 64 68 52 601 76 64 80 76 61 61 50 58 62 58 46 623 71 79 56 60 57 57 56 56 53 53 55 55
CK.0PLT 7 65 81 55 74 65 69 61 57 71 67 68 841 64 68 64 64 60 60 80 80 57 57 50 58 62 622 54 582 71 551 56 64 57 57 56 64 53 49 63 55
CK.0PLU 7 73 65 63 55 65 69 61 57 71 67 72 76 64 68 64 641 64 64 80 76 57 61 62 50 62 622 582 582 71 79 56 64 57 53 60 60 53 611 63 55
CK.0PLX 7 69 81 55 78 73 73 57 57 67 67 762 841 64 68 601 64 60 60 80 76 61 531 50 58 70 501 54 54 71 79 52 48 57 57 56 56 53 53 63 63
CK.0PLY 7 69 65 63 74 77 77 61 57 71 71 76 68 64 68 64 64 60 64 80 80 57 531 58 58 62 501 582 582 -9 -9 64 64 57 53 60 60 53 49 63 55
CK.0PM0 7 69 65 63 55 65 65 61 57 71 67 72 68 64 68 601 481 60 60 80 80 531 49 50 58 74 62 54 582 551 551 56 64 57 53 60 64 41 611 63 55
CK.0PM1 7 77 81 55 55 69 73 57 57 75 67 76 68 64 68 64 83 60 64 80 80 57 57 58 58 62 501 54 54 71 551 56 64 57 57 56 60 53 49 63 63
CK.0PM2 7 69 65 63 55 69 77 61 57 71 71 76 80 64 64 52 68 64 68 80 76 57 57 58 58 62 622 54 50 79 79 56 56 57 53 56 60 49 49 63 63
CK.0PM3 7 69 40 55 55 651 77 57 57 55 59 72 762 68 68 64 64 60 64 80 76 57 61 50 50 62 501 54 582 71 551 56 48 57 53 56 60 41 49 55 55
CK.0PM4 7 69 65 63 74 81 812 57 65 71 67 841 88 64 68 64 64 76 76 80 76 57 57 58 54 54 62 582 582 71 71 56 64 61 53 60 60 41 611 55 55
CK.0PM7 7 65 65 63 63 65 77 61 61 71 67 68 68 68 68 52 64 64 64 76 76 61 61 58 58 62 66 582 46 551 551 48 64 57 53 60 64 53 611 63 63
CK.0PM8 7 65 65 74 74 77 77 61 57 71 63 68 841 64 64 601 64 76 64 80 80 61 49 58 58 62 622 54 54 71 79 56 56 53 53 60 60 41 53 55 55
CK.0PMA 7 65 65 63 74 65 65 61 57 75 71 72 68 72 64 601 64 64 64 80 76 57 57 62 50 62 622 54 54 71 71 60 64 57 53 60 64 53 49 63 63
M2C06 7 65 65 55 70 77 81 61 53 75 67 72 76 64 68 64 68 60 76 80 80 61 49 50 50 66 622 54 582 71 71 64 64 57 61 60 64 53 49 63 63
M2C07 7 65 65 74 70 77 73 61 53 67 67 76 841 64 68 64 64 60 60 80 76 57 61 58 58 62 622 54 582 71 79 56 64 57 53 56 60 53 49 55 55
M2C08 7 65 65 78 70 73 81 61 57 67 67 841 841 64 68 52 68 60 60 80 80 57 61 50 58 62 622 54 582 71 79 56 64 57 53 60 64 53 61 63 55
M2C0A 7 65 65 70 70 77 73 61 61 75 67 72 72 72 68 52 68 60 60 80 80 61 61 50 58 622 622 54 582 71 79 56 64 57 53 60 64 53 53 63 55
M2C0C 7 77 65 63 63 65 652 61 57 67 67 68 68 64 68 52 52 60 60 80 76 57 57 50 58 62 501 54 582 79 79 56 56 53 53 60 60 61 61 55 55
M2C0E 7 69 73 55 70 73 81 61 57 71 67 72 72 64 68 64 68 68 68 76 76 57 57 50 58 62 62 582 582 71 79 56 56 57 53 56 60 53 53 63 63
h01 8 73 73 55 70 69 812 57 53 71 71 762 68 64 64 56 64 60 72 80 76 57 57 58 58 62 622 50 50 71 79 56 64 57 57 60 60 53 53 63 63
h02 8 65 65 55 55 69 81 61 61 67 59 76 841 72 72 601 601 64 64 76 76 61 61 50 58 62 62 582 582 71 551 64 64 57 57 56 60 53 53 55 55
h03 8 69 65 55 55 65 69 57 65 67 59 72 76 68 68 52 64 60 60 76 76 57 57 58 58 62 622 54 54 71 71 56 64 61 53 56 60 41 611 63 55
h04 8 69 77 63 55 65 73 57 57 75 67 72 68 64 68 52 52 64 64 80 80 57 531 50 50 58 501 50 582 79 79 56 64 61 53 60 60 53 49 59 55
h05 8 65 65 55 78 73 73 61 57 67 67 68 841 72 68 52 52 60 64 80 76 57 49 62 58 501 501 54 53 71 79 56 56 53 53 60 60 41 53 63 55
h06 8 65 40 63 74 69 81 61 57 71 67 72 68 68 68 481 641 76 64 80 80 57 61 58 58 62 62 54 54 79 551 60 48 57 57 60 60 53 53 63 55
h07 8 69 65 63 55 651 77 61 57 67 67 68 841 64 68 52 601 68 68 80 76 57 57 50 58 74 62 54 582 79 551 64 64 57 53 60 60 53 49 63 55
h08 8 65 65 55 55 65 77 57 65 63 55 72 76 72 64 52 68 60 64 80 76 491 61 58 58 66 66 54 623 71 71 56 60 57 61 56 60 53 611 63 55
h09 8 65 81 63 74 65 69 61 61 75 67 762 68 72 64 481 64 76 64 80 76 61 531 50 58 62 62 582 46 71 71 56 64 57 53 56 60 41 53 55 55
h10 8 73 77 63 55 65 69 61 57 75 75 76 68 68 68 52 68 60 64 80 80 57 61 50 50 62 622 582 46 551 551 56 64 57 53 56 60 41 49 63 55
h11 8 77 65 55 74 65 69 61 65 67 67 76 88 64 68 64 68 60 64 80 76 57 531 58 58 66 66 54 582 79 551 60 64 57 53 60 60 53 49 55 55
h12 8 69 65 55 55 65 77 61 61 67 59 68 68 64 68 641 68 60 64 80 76 57 61 50 50 62 501 582 582 71 79 56 64 57 61 60 60 53 49 63 55
h13 8 69 65 63 55 69 77 57 57 75 59 72 68 68 68 52 601 60 60 76 76 57 61 50 58 62 62 54 582 71 79 56 56 57 53 60 60 53 53 63 55
h14 8 65 65 55 55 65 65 61 61 71 71 76 841 64 64 52 68 64 68 80 76 61 61 50 50 62 622 582 53 71 79 56 56 57 53 56 56 53 53 63 63
h15 8 69 77 74 70 73 81 57 57 71 67 76 88 64 64 64 64 60 68 80 76 57 57 50 58 622 622 54 582 71 551 56 64 57 53 60 60 53 49 63 55
h16 8 73 77 55 74 77 73 57 53 75 71 72 841 64 68 52 56 60 72 80 80 57 57 58 58 66 622 54 54 71 79 56 56 57 53 56 60 53 61 63 55
h17 8 65 81 55 74 65 73 57 57 71 55 72 68 68 68 481 64 60 76 80 76 61 61 50 58 62 622 582 46 79 79 56 56 53 53 56 60 53 611 55 55
h18 8 69 65 63 55 65 69 57 57 67 59 762 841 64 68 601 64 60 64 80 76 57 49 50 58 62 62 54 582 71 79 48 64 57 53 60 60 41 53 63 55
h19 8 69 69 63 74 65 69 61 61 67 55 68 88 64 68 481 641 64 64 80 80 57 57 50 58 62 62 54 54 71 79 56 56 57 61 60 60 53 53 55 55
h20 8 69 69 55 55 65 69 57 57 67 55 76 762 64 68 52 64 76 64 80 80 57 61 50 58 62 62 582 582 672 71 56 64 57 53 56 60 49 49 63 55
h21 8 65 65 63 74 65 65 61 57 67 59 76 68 64 64 64 64 64 68 80 76 57 65 58 58 62 62 54 54 79 551 56 64 57 53 56 60 53 49 63 55
h22 8 73 40 55 55 77 77 57 57 67 63 72 76 64 68 64 68 60 60 76 76 57 57 58 54 62 62 582 582 79 79 56 64 57 53 60 64 53 53 63 55
h23 8 69 81 63 55 77 73 61 61 67 55 72 68 64 68 481 68 60 76 80 76 57 57 58 58 74 62 54 54 551 551 56 64 53 53 64 64 611 49 63 55
h24 8 69 77 63 74 77 77 61 61 71 67 72 76 68 68 52 68 76 64 80 76 61 49 50 58 622 622 54 54 71 79 56 56 57 57 56 60 41 611 63 55
h25 8 69 65 63 74 69 69 61 53 71 55 72 76 68 68 601 64 60 72 80 76 57 61 50 50 62 66 54 582 71 79 56 48 53 53 60 60 53 611 63 55
h26 8 77 41 63 70 65 73 57 57 75 71 76 68 68 68 52 601 60 64 80 80 57 531 50 58 62 66 54 54 71 71 64 64 57 57 60 60 41 53 63 55
h27 8 69 65 55 74 73 73 61 57 67 67 72 841 64 68 64 83 64 68 76 76 57 61 58 58 62 501 54 582 71 71 56 64 57 57 56 56 41 611 63 63
h28 8 69 81 55 70 77 73 57 57 71 63 72 68 68 68 52 64 64 64 80 76 61 61 62 50 62 62 582 582 79 551 56 64 57 53 56 60 41 53 63 55
h29 8 69 65 63 55 65 77 57 57 71 67 76 68 64 64 52 68 64 64 80 76 57 61 50 58 62 62 582 46 71 79 60 64 57 57 56 56 41 611 63 63
h30 8 69 65 63 55 69 77 61 57 71 55 76 68 64 64 601 64 76 64 80 80 61 61 50 58 62 622 54 582 71 79 56 56 57 53 60 60 41 49 63 63
h31 8 65 65 55 74 69 81 61 61 67 67 72 68 64 68 56 481 64 64 80 80 61 61 50 58 62 622 54 582 71 551 56 64 57 53 60 60 41 61 63 63
h32 8 69 65 55 55 69 69 61 61 71 67 76 88 68 68 52 64 60 64 76 76 57 61 50 58 62 622 582 582 71 79 64 64 57 53 60 60 53 53 59 63
h33 8 69 65 55 55 65 73 57 53 67 67 76 841 68 68 601 64 60 60 80 76 57 61 58 58 62 622 54 53 71 79 48 48 57 53 60 60 53 49 55 55
h34 8 65 65 63 78 69 69 61 57 75 71 72 68 64 68 481 64 60 64 80 76 57 49 58 58 62 62 54 53 71 79 56 56 57 53 56 60 57 53 63 63
h35 8 69 69 63 70 77 73 57 57 71 67 68 841 64 64 52 601 60 60 80 76 57 61 58 54 62 501 54 582 71 71 64 64 57 53 60 64 53 53 55 55
h36 8 65 65 55 74 73 81 61 57 75 59 72 762 64 64 52 601 60 64 76 76 57 57 50 50 62 62 50 582 79 79 56 56 57 57 56 64 53 53 63 55
h37 8 65 65 55 78 69 652 61 57 67 67 72 841 68 68 52 601 60 76 80 76 61 531 50 58 62 62 582 582 71 71 56 64 57 57 56 60 53 53 63 63
h38 8 69 69 63 63 65 73 61 57 67 67 68 841 64 68 481 64 64 64 80 80 57 531 50 50 54 62 582 623 71 79 56 64 53 53 56 60 53 53 63 63
h39 8 65 81 55 74 77 73 61 53 75 75 76 841 64 68 52 481 64 68 80 80 61 61 50 58 62 622 54 50 71 551 56 64 57 53 56 60 53 611 63 55
h40 8 69 65 55 74 65 651 57 53 71 67 72 762 64 68 64 68 76 68 80 76 61 61 50 50 58 501 582 582 551 551 60 64 57 57 56 60 41 53 63 55
h41 8 73 65 55 78 65 73 61 61 71 67 72 88 64 68 52 64 60 76 76 76 57 61 50 58 622 622 54 54 71 79 56 64 57 53 56 56 53 49 63 55
h42 8 69 48 74 74 65 73 61 57 71 67 72 841 64 64 601 64 60 60 80 76 61 531 50 50 66 622 54 582 71 71 48 64 57 53 56 60 53 53 63 63
h43 8 69 65 63 78 65 65 61 61 71 67 72 68 68 68 64 64 64 64 76 76 57 61 58 58 54 622 54 50 71 79 56 56 57 57 60 60 41 41 63 55
h44 8 69 65 63 55 77 77 61 61 67 67 68 68 64 68 64 68 76 64 80 80 61 49 50 58 62 501 54 54 71 71 56 56 57 57 56 60 611 611 63 55
h45 8 65 65 63 63 69 77 61 57 67 59 72 68 64 68 601 83 60 64 80 76 57 57 50 58 62 622 54 582 79 79 60 60 57 61 56 56 53 611 63 55
h46 8 65 41 55 78 65 77 61 61 71 67 76 80 64 68 601 64 64 64 76 76 57 61 58 58 62 622 582 46 79 79 56 64 57 57 60 60 53 53 59 55
h47 8 69 69 63 74 65 81 57 57 67 59 841 841 72 68 64 68 76 64 80 76 57 61 50 58 62 62 54 582 71 79 56 56 57 53 60 60 53 49 63 55
h48 8 69 77 78 70 65 69 61 61 71 67 72 841 68 68 64 64 60 64 80 76 57 61 50 50 62 62 582 623 79 551 56 64 57 57 56 60 53 61 55 55
h49 8 69 65 55 78 69 73 61 57 75 67 72 76 64 68 64 64 60 64 80 80 57 57 50 50 54 62 54 54 71 79 56 64 57 53 64 64 41 53 55 55
h50 8 69 65 78 70 65 69 61 57 67 67 76 841 68 60 601 64 64 68 80 76 61 531 58 58 622 622 582 623 79 79 56 64 57 57 56 56 611 49 63 55
h51 8 65 65 63 74 77 81 61 57 71 67 72 76 64 68 52 64 60 68 80 76 57 61 58 58 62 622 582 623 79 551 56 56 57 57 56 60 611 49 63 63
h52 8 65 65 55 70 65 81 61 57 71 67 68 841 72 68 64 64 76 64 80 76 57 57 50 50 62 66 50 46 71 551 64 64 57 57 64 64 41 61 55 55
h53 8 77 65 55 78 73 81 61 61 67 63 72 72 64 68 52 68 76 68 76 76 57 49 50 50 62 622 582 623 79 79 56 60 57 57 56 60 53 611 59 63
h54 8 69 81 63 55 77 73 61 57 67 67 76 762 64 68 64 64 60 68 80 80 61 61 50 58 62 62 54 582 71 79 56 56 57 61 60 60 61 49 55 55
h55 8 69 65 55 55 65 73 61 61 75 67 72 762 64 68 52 64 60 76 80 76 57 57 50 58 66 501 582 46 79 551 56 64 57 53 60 64 53 53 63 55
h56 8 77 65 63 70 77 73 61 57 67 63 72 841 64 68 64 64 64 68 80 76 57 57 50 50 622 622 54 46 672 79 56 64 57 57 60 60 53 53 63 55
h57 8 65 65 70 70 69 77 57 57 67 55 68 841 68 68 64 64 76 64 80 76 57 61 50 58 62 622 50 582 79 79 64 64 57 57 60 60 41 53 63 63
h58 8 69 77 63 78 65 69 61 61 67 67 72 68 72 64 52 64 64 68 80 80 57 61 50 50 622 622 54 54 71 79 56 52 53 53 60 60 41 61 63 63
h59 8 69 40 63 78 65 73 57 57 75 75 76 841 68 68 481 64 60 64 76 76 57 61 62 58 70 622 54 582 79 79 56 52 57 61 60 60 41 49 63 55
h60 8 65 65 63 78 65 65 61 57 71 55 72 841 68 68 52 64 60 76 76 76 491 57 50 54 62 62 54 582 71 79 56 64 57 53 56 60 53 49 63 55
h61 8 69 73 63 55 65 69 61 61 67 67 68 841 68 68 52 68 64 64 80 76 57 61 50 50 66 501 582 623 71 79 56 64 57 57 60 60 53 53 63 63
h62 8 77 65 70 70 65 651 61 61 67 67 72 841 64 68 64 64 76 64 80 76 61 61 50 58 62 622 582 46 71 551 56 60 57 53 60 64 41 611 55 55
h63 8 69 65 55 74 65 81 57 53 71 67 68 841 68 68 52 68 60 76 80 80 57 61 50 58 74 62 582 623 71 551 60 64 53 53 60 60 41 61 63 55
h64 8 65 65 63 55 69 73 57 57 71 67 72 72 64 68 64 83 60 64 76 76 57 57 50 58 54 62 54 582 71 71 56 48 57 53 56 60 41 53 63 63
h65 8 69 77 55 74 69 73 61 53 75 67 76 841 64 68 52 56 68 68 80 80 57 57 58 58 62 62 582 46 551 551 56 60 57 57 60 60 53 611 63 55
h66 8 65 65 63 63 69 81 57 57 75 75 76 841 64 68 64 68 60 64 80 76 57 57 58 58 62 62 54 54 71 79 60 64 57 57 56 56 53 61 63 55
h67 8 65 65 55 55 65 65 61 61 71 67 76 68 64 68 52 64 60 72 80 76 57 61 62 50 62 62 582 46 71 71 56 56 57 61 60 64 53 53 63 55
h68 8 69 77 63 55 65 65 61 53 75 55 72 76 64 68 481 68 64 64 80 76 57 49 58 58 74 62 582 582 71 71 52 64 57 57 60 60 53 53 55 55
h69 8 65 81 55 78 65 69 61 57 67 67 72 68 64 64 64 641 64 64 76 76 61 531 58 58 62 622 582 46 71 71 56 48 57 57 56 56 49 49 55 55
h70 8 73 81 55 74 65 69 57 57 67 67 72 68 68 68 64 64 64 64 80 80 57 57 62 58 622 622 582 582 71 71 56 64 57 57 56 56 53 53 63 55
h71 8 69 65 55 74 65 73 61 57 71 67 68 841 68 68 52 601 60 60 76 76 57 57 50 58 62 66 54 582 71 71 56 64 57 53 56 60 53 49 63 55
h72 8 73 65 63 74 65 73 61 61 67 67 76 88 68 68 52 52 64 64 76 76 57 61 62 58 66 501 582 46 71 71 56 64 53 53 56 60 41 53 63 55
