       M1EL5  1 0.9636 0.0364 
       W26T6  1 0.9125 0.0875 
       W26XX  1 0.9770 0.0230 
       M013P  1 0.9832 0.0168 
       M1ELA  1 0.9316 0.0684 
       M2C73  1 0.9711 0.0289 
       W23P4  1 0.8855 0.1145 
       W247C  1 0.9816 0.0184 
       W24K1  1 0.9813 0.0187 
       W24ME  1 0.8895 0.1105 
       W2514  1 0.9636 0.0364 
       W26MA  1 0.9658 0.0342 
       W26MM  1 0.9785 0.0215 
       W26MU  1 0.9691 0.0309 
       W26P0  1 0.9459 0.0541 
       W26P3  1 0.9830 0.0170 
       W26T5  1 0.9807 0.0193 
       W26TE  1 0.9571 0.0429 
       W26TF  1 0.9803 0.0197 
       W26U8  1 0.9310 0.0690 
       W26UJ  1 0.9818 0.0182 
       W26UK  1 0.9837 0.0163 
       W26UT  1 0.9831 0.0169 
       W26XT  1 0.9773 0.0227 
      CC06H2  1 0.9492 0.0508 
      CC06H4  1 0.9806 0.0194 
      CC06H5  1 0.9531 0.0469 
      CC06H6  1 0.9759 0.0241 
      CC06HE  1 0.9804 0.0196 
      CC06HF  1 0.9478 0.0522 
      CC06HH  1 0.9805 0.0195 
      CC06HJ  1 0.9651 0.0349 
      CC06HL  1 0.9851 0.0149 
      CC06HP  1 0.9839 0.0161 
      CC06HT  1 0.9613 0.0387 
      CC06HU  1 0.9818 0.0182 
      CC06HY  1 0.9612 0.0388 
      CC06J0  1 0.9677 0.0323 
      CC06J1  1 0.9318 0.0682 
      CC06J2  1 0.9737 0.0263 
     CT.0YCY  1 0.9759 0.0241 
     CT.0YEC  1 0.9851 0.0149 
     CT.0YEF  1 0.9759 0.0241 
     CT.0YEU  1 0.9820 0.0180 
     CT.0YF2  1 0.9373 0.0627 
     CT.0YF8  1 0.9837 0.0163 
     CT.0YFA  1 0.9691 0.0309 
     CT.0YFE  1 0.9702 0.0298 
     CT.0YFP  1 0.9532 0.0468 
     CT.0YFU  1 0.9763 0.0237 
     CT.0YK7  1 0.9671 0.0329 
     CX.10PT  1 0.9144 0.0856 
      DAM021  1 0.9603 0.0397 
      DAM034  1 0.9687 0.0313 
      DAM07X  1 0.9702 0.0298 
     EF.15J6  1 0.9786 0.0214 
      HRV010  1 0.9782 0.0218 
      HRV02J  1 0.9600 0.0400 
      HRV078  1 0.9701 0.0299 
      HRV0FH  1 0.9685 0.0315 
      HRV0H5  1 0.9722 0.0278 
      HRV0JF  1 0.9252 0.0748 
      HRV0JJ  1 0.9568 0.0432 
      HRV0JM  1 0.9706 0.0294 
      HRV0K6  1 0.9463 0.0537 
      HRV0K7  1 0.9787 0.0213 
      HRV0KP  1 0.9734 0.0266 
      HRV1AX  1 0.9467 0.0533 
      HRV1C4  1 0.9678 0.0322 
      HRV1CH  1 0.9688 0.0312 
      HRV1FA  1 0.9623 0.0377 
      HRV1FK  1 0.9595 0.0405 
      HRV1H8  1 0.9729 0.0271 
      HRV1HT  1 0.9628 0.0372 
      HRV1XU  1 0.9752 0.0248 
      HRV4TF  1 0.9815 0.0185 
      HRV6F0  1 0.9687 0.0313 
      HRVE6L  1 0.9612 0.0388 
       M27HM  1 0.9693 0.0307 
       M27HP  1 0.9800 0.0200 
       M2AK4  1 0.9777 0.0223 
       M2ALA  1 0.9795 0.0205 
       M2C56  1 0.9655 0.0345 
       M2CUX  1 0.9537 0.0463 
       M2E24  1 0.9822 0.0178 
       M2EA7  1 0.9764 0.0236 
       M2EH6  1 0.9811 0.0189 
       M2EKC  1 0.9014 0.0986 
      MSV083  1 0.9777 0.0223 
      MSV084  1 0.9478 0.0522 
      MSV0LJ  1 0.9651 0.0349 
      MSV1H5  1 0.9511 0.0489 
      MSV1KM  1 0.9803 0.0197 
      MSV23F  1 0.9732 0.0268 
      MSV2L8  1 0.9712 0.0288 
      MSV2P7  1 0.9766 0.0234 
      MSV2TJ  1 0.9417 0.0583 
      MSV2XM  1 0.9684 0.0316 
      MSV327  1 0.9694 0.0306 
      MSV33L  1 0.9825 0.0175 
        h001  2 0.8300 0.1700 
        h002  2 0.9238 0.0762 
        h003  2 0.9397 0.0603 
        h004  2 0.9782 0.0218 
        h005  2 0.9852 0.0148 
        h006  2 0.8551 0.1449 
        h007  2 0.9154 0.0846 
        h008  2 0.9614 0.0386 
        h009  2 0.9793 0.0207 
        h010  2 0.9800 0.0200 
        h011  2 0.8844 0.1156 
        h012  2 0.9219 0.0781 
        h013  2 0.9669 0.0331 
        h014  2 0.9801 0.0199 
        h015  2 0.9038 0.0962 
        h016  2 0.9230 0.0770 
        h017  2 0.9211 0.0789 
        h018  2 0.9300 0.0700 
        h019  2 0.9537 0.0463 
        h020  2 0.8962 0.1038 
        h021  2 0.9635 0.0365 
        h022  2 0.9250 0.0750 
        h023  2 0.9786 0.0214 
        h024  2 0.9465 0.0535 
        h025  2 0.9812 0.0188 
        h026  2 0.9027 0.0973 
        h027  2 0.9798 0.0202 
        h028  2 0.9650 0.0350 
        h029  2 0.9498 0.0502 
        h030  2 0.9463 0.0537 
        h031  2 0.9502 0.0498 
        h032  2 0.9799 0.0201 
        h033  2 0.9696 0.0304 
        h034  2 0.7906 0.2094 
        h035  2 0.8843 0.1157 
        h036  2 0.9857 0.0143 
        h037  2 0.9733 0.0267 
        h038  2 0.8841 0.1159 
        h039  2 0.9101 0.0899 
        h040  2 0.9830 0.0170 
        h041  2 0.8545 0.1455 
        h042  2 0.9754 0.0246 
        h043  2 0.7357 0.2643 
        h044  2 0.8952 0.1048 
        h045  2 0.9754 0.0246 
        h046  2 0.8631 0.1369 
        h047  2 0.9602 0.0398 
        h048  2 0.9248 0.0752 
        h049  2 0.9560 0.0440 
        h050  2 0.8874 0.1126 
        h051  2 0.9839 0.0161 
        h052  2 0.9647 0.0353 
        h053  2 0.9621 0.0379 
        h054  2 0.8927 0.1073 
        h055  2 0.8942 0.1058 
        h056  2 0.9527 0.0473 
        h057  2 0.8120 0.1880 
        h058  2 0.9630 0.0370 
        h059  2 0.9214 0.0786 
        h060  2 0.9558 0.0442 
        h061  2 0.9749 0.0251 
        h062  2 0.7318 0.2682 
        h063  2 0.9530 0.0470 
        h064  2 0.9131 0.0869 
        h065  2 0.9694 0.0306 
        h066  2 0.9831 0.0169 
        h067  2 0.7857 0.2143 
        h068  2 0.9812 0.0188 
        h069  2 0.9570 0.0430 
        h070  2 0.9428 0.0572 
        h071  2 0.9020 0.0980 
        h072  2 0.8819 0.1181 
        h073  2 0.9507 0.0493 
        h074  2 0.8644 0.1356 
        h075  2 0.9357 0.0643 
        h076  2 0.9428 0.0572 
        h077  2 0.8752 0.1248 
        h078  2 0.9688 0.0312 
        h079  2 0.8904 0.1096 
        h080  2 0.9721 0.0279 
        h081  2 0.9412 0.0588 
        h082  2 0.9012 0.0988 
        h083  2 0.9724 0.0276 
        h084  2 0.9301 0.0699 
        h085  2 0.9820 0.0180 
        h086  2 0.7839 0.2161 
        h087  2 0.9634 0.0366 
        h088  2 0.9305 0.0695 
        h089  2 0.9508 0.0492 
        h090  2 0.9443 0.0557 
        h091  2 0.9388 0.0612 
        h092  2 0.9401 0.0599 
        h093  2 0.9424 0.0576 
        h094  2 0.9665 0.0335 
        h095  2 0.8976 0.1024 
        h096  2 0.9761 0.0239 
        h097  2 0.9387 0.0613 
        h098  2 0.8837 0.1163 
        h099  2 0.8286 0.1714 
        h100  2 0.9518 0.0482 
       h0011  3 0.8057 0.1943 
       h0021  3 0.7231 0.2769 
       h0031  3 0.9456 0.0544 
       h0041  3 0.9029 0.0971 
       h0051  3 0.5853 0.4147 
       h0061  3 0.8701 0.1299 
       h0071  3 0.9309 0.0691 
       h0081  3 0.5213 0.4787 
       h0091  3 0.3195 0.6805 
       h0101  3 0.8527 0.1473 
       h0111  3 0.4113 0.5887 
       h0121  3 0.9572 0.0428 
       h0131  3 0.9708 0.0292 
       h0141  3 0.6970 0.3030 
       h0151  3 0.6459 0.3541 
       h0161  3 0.8128 0.1872 
       h0171  3 0.6327 0.3673 
       h0181  3 0.8062 0.1938 
       h0191  3 0.9239 0.0761 
       h0201  3 0.6796 0.3204 
       h0211  3 0.8007 0.1993 
       h0221  3 0.9539 0.0461 
       h0231  3 0.7323 0.2677 
       h0241  3 0.9027 0.0973 
       h0251  3 0.9535 0.0465 
       h0261  3 0.6278 0.3722 
       h0271  3 0.8295 0.1705 
       h0281  3 0.9518 0.0482 
       h0291  3 0.8291 0.1709 
       h0301  3 0.9331 0.0669 
       h0311  3 0.6772 0.3228 
       h0321  3 0.6805 0.3195 
       h0331  3 0.8393 0.1607 
       h0341  3 0.8775 0.1225 
       h0351  3 0.9620 0.0380 
       h0361  3 0.8576 0.1424 
       h0371  3 0.7841 0.2159 
       h0381  3 0.8908 0.1092 
       h0391  3 0.9609 0.0391 
       h0401  3 0.9054 0.0946 
       h0411  3 0.9377 0.0623 
       h0421  3 0.6647 0.3353 
       h0431  3 0.6622 0.3378 
       h0441  3 0.9638 0.0362 
       h0451  3 0.8040 0.1960 
       h0461  3 0.9358 0.0642 
       h0471  3 0.8250 0.1750 
       h0481  3 0.8956 0.1044 
       h0491  3 0.7114 0.2886 
       h0501  3 0.7066 0.2934 
       h0511  3 0.8749 0.1251 
       h0521  3 0.8699 0.1301 
       h0531  3 0.8295 0.1705 
       h0541  3 0.9419 0.0581 
       h0551  3 0.7948 0.2052 
       h0561  3 0.8873 0.1127 
       h0571  3 0.6629 0.3371 
       h0581  3 0.8597 0.1403 
       h0591  3 0.8459 0.1541 
       h0601  3 0.7581 0.2419 
       h0611  3 0.9491 0.0509 
       h0621  3 0.6573 0.3427 
       h0631  3 0.8440 0.1560 
       h0641  3 0.8402 0.1598 
       h0651  3 0.6509 0.3491 
       h0661  3 0.7854 0.2146 
       h0671  3 0.9198 0.0802 
       h0681  3 0.5047 0.4953 
       h0691  3 0.9416 0.0584 
       h0701  3 0.8201 0.1799 
       h0711  3 0.6586 0.3414 
       h0721  3 0.8536 0.1464 
       h0731  3 0.6300 0.3700 
       h0741  3 0.9436 0.0564 
       h0751  3 0.9174 0.0826 
       h0761  3 0.7920 0.2080 
       h0771  3 0.9163 0.0837 
       h0781  3 0.7732 0.2268 
       h0791  3 0.9396 0.0604 
       h0801  3 0.7841 0.2159 
       h0811  3 0.8103 0.1897 
       h0821  3 0.8152 0.1848 
       h0831  3 0.8386 0.1614 
       h0841  3 0.9064 0.0936 
       h0851  3 0.7345 0.2655 
       h0861  3 0.8326 0.1674 
       h0871  3 0.9049 0.0951 
       h0881  3 0.8896 0.1104 
       h0891  3 0.7287 0.2713 
       h0901  3 0.5962 0.4038 
       h0911  3 0.5059 0.4941 
       h0921  3 0.7123 0.2877 
       h0931  3 0.6202 0.3798 
       h0941  3 0.8979 0.1021 
       h0951  3 0.9010 0.0990 
       h0961  3 0.7821 0.2179 
       h0971  3 0.9284 0.0716 
       h0981  3 0.8429 0.1571 
       h0991  3 0.7950 0.2050 
       h1001  3 0.7746 0.2254 
      MSV1TX  4 0.6722 0.3278 
      MSV025  4 0.3425 0.6575 
      MSV02C  4 0.4632 0.5368 
      MSV02E  4 0.4251 0.5749 
      MSV0TF  4 0.3639 0.6361 
       M2EL8  4 0.2906 0.7094 
       h0012  5 0.6808 0.3192 
       h0022  5 0.5304 0.4696 
       h0032  5 0.5669 0.4331 
       h0042  5 0.7595 0.2405 
       h0052  5 0.4954 0.5046 
       h0062  5 0.3689 0.6311 
       h0072  5 0.4198 0.5802 
       h0082  5 0.6078 0.3922 
       h0092  5 0.6051 0.3949 
       h0102  5 0.5347 0.4653 
       h0112  5 0.4626 0.5374 
       h0122  5 0.7742 0.2258 
       h0132  5 0.6187 0.3813 
       h0142  5 0.4913 0.5087 
       h0152  5 0.6001 0.3999 
       h0162  5 0.6425 0.3575 
       h0172  5 0.6678 0.3322 
       h0182  5 0.4897 0.5103 
       h0192  5 0.6100 0.3900 
       h0202  5 0.3717 0.6283 
       h0212  5 0.5604 0.4396 
       h0222  5 0.5218 0.4782 
       h0232  5 0.5407 0.4593 
       h0242  5 0.4099 0.5901 
       h0252  5 0.5120 0.4880 
       h0262  5 0.4244 0.5756 
       h0272  5 0.3117 0.6883 
       h0282  5 0.3257 0.6743 
       h0292  5 0.5407 0.4593 
       h0302  5 0.3952 0.6048 
       h0312  5 0.5122 0.4878 
       h0322  5 0.6572 0.3428 
       h0332  5 0.4403 0.5597 
       h0342  5 0.4851 0.5149 
       h0352  5 0.7732 0.2268 
       h0362  5 0.5962 0.4038 
       h0372  5 0.7437 0.2563 
       h0382  5 0.4968 0.5032 
       h0392  5 0.6030 0.3970 
       h0402  5 0.3283 0.6717 
       h0412  5 0.5703 0.4297 
       h0422  5 0.6314 0.3686 
       h0432  5 0.3449 0.6551 
       h0442  5 0.6441 0.3559 
       h0452  5 0.4561 0.5439 
       h0462  5 0.4941 0.5059 
       h0472  5 0.7369 0.2631 
       h0482  5 0.6460 0.3540 
       h0492  5 0.4286 0.5714 
       h0502  5 0.5727 0.4273 
       h0512  5 0.4134 0.5866 
       h0522  5 0.5551 0.4449 
       h0532  5 0.4952 0.5048 
       h0542  5 0.4955 0.5045 
       h0552  5 0.4476 0.5524 
       h0562  5 0.5400 0.4600 
       h0572  5 0.5444 0.4556 
       h0582  5 0.3368 0.6632 
       h0592  5 0.4211 0.5789 
       h0602  5 0.4813 0.5187 
       h0612  5 0.6386 0.3614 
       h0622  5 0.5273 0.4727 
       h0632  5 0.5290 0.4710 
       h0642  5 0.5221 0.4779 
       h0652  5 0.9289 0.0711 
       h0662  5 0.5471 0.4529 
       h0672  5 0.4616 0.5384 
       h0682  5 0.7165 0.2835 
       h0692  5 0.6219 0.3781 
       h0702  5 0.6363 0.3637 
       h0712  5 0.5341 0.4659 
       h0722  5 0.5909 0.4091 
       h0732  5 0.3958 0.6042 
       h0742  5 0.5597 0.4403 
       h0752  5 0.8334 0.1666 
       h0762  5 0.3984 0.6016 
       h0772  5 0.6645 0.3355 
       h0782  5 0.5618 0.4382 
       h0792  5 0.4310 0.5690 
       h0802  5 0.5073 0.4927 
       h0812  5 0.4483 0.5517 
       h0822  5 0.4672 0.5328 
       h0832  5 0.4281 0.5719 
       h0842  5 0.8602 0.1398 
       h0852  5 0.5828 0.4172 
       h0862  5 0.2334 0.7666 
       h0872  5 0.7547 0.2453 
       h0882  5 0.5761 0.4239 
       h0892  5 0.5073 0.4927 
       h0902  5 0.4670 0.5330 
       h0912  5 0.4938 0.5062 
       h0922  5 0.5358 0.4642 
       h0932  5 0.3737 0.6263 
       h0942  5 0.6874 0.3126 
       h0952  5 0.4676 0.5324 
       h0962  5 0.5258 0.4742 
       h0972  5 0.4122 0.5878 
       h0982  5 0.5194 0.4806 
       h0992  5 0.5400 0.4600 
       h1002  5 0.4851 0.5149 
      MSV21T  6 0.0602 0.9398 
       M2E71  6 0.0984 0.9016 
       h0013  7 0.2967 0.7033 
       h0023  7 0.3969 0.6031 
       h0033  7 0.3380 0.6620 
       h0043  7 0.2184 0.7816 
       h0053  7 0.0481 0.9519 
       h0063  7 0.4161 0.5839 
       h0073  7 0.2790 0.7210 
       h0083  7 0.1545 0.8455 
       h0093  7 0.1235 0.8765 
       h0103  7 0.4268 0.5732 
       h0113  7 0.1209 0.8791 
       h0123  7 0.1266 0.8734 
       h0133  7 0.0792 0.9208 
       h0143  7 0.2289 0.7711 
       h0153  7 0.3491 0.6509 
       h0163  7 0.3204 0.6796 
       h0173  7 0.1947 0.8053 
       h0183  7 0.2980 0.7020 
       h0193  7 0.3782 0.6218 
       h0203  7 0.3100 0.6900 
       h0213  7 0.2020 0.7980 
       h0223  7 0.3004 0.6996 
       h0233  7 0.2246 0.7754 
       h0243  7 0.1630 0.8370 
       h0253  7 0.4084 0.5916 
       h0263  7 0.0513 0.9487 
       h0273  7 0.2240 0.7760 
       h0283  7 0.3662 0.6338 
       h0293  7 0.2701 0.7299 
       h0303  7 0.2974 0.7026 
       h0313  7 0.0603 0.9397 
       h0323  7 0.1222 0.8778 
       h0333  7 0.2702 0.7298 
       h0343  7 0.0788 0.9212 
       h0353  7 0.3376 0.6624 
       h0363  7 0.3128 0.6872 
       h0373  7 0.2269 0.7731 
       h0383  7 0.4417 0.5583 
       h0393  7 0.4122 0.5878 
       h0403  7 0.0643 0.9357 
       h0413  7 0.3122 0.6878 
       h0423  7 0.1370 0.8630 
       h0433  7 0.0275 0.9725 
       h0443  7 0.2077 0.7923 
       h0453  7 0.3065 0.6935 
       h0463  7 0.1201 0.8799 
       h0473  7 0.2262 0.7738 
       h0483  7 0.2481 0.7519 
       h0493  7 0.1465 0.8535 
       h0503  7 0.1947 0.8053 
       h0513  7 0.2274 0.7726 
       h0523  7 0.5223 0.4777 
       h0533  7 0.2452 0.7548 
       h0543  7 0.2234 0.7766 
       h0553  7 0.1391 0.8609 
       h0563  7 0.3303 0.6697 
       h0573  7 0.2721 0.7279 
       h0583  7 0.0953 0.9047 
       h0593  7 0.1985 0.8015 
       h0603  7 0.1725 0.8275 
       h0613  7 0.0897 0.9103 
       h0623  7 0.1986 0.8014 
       h0633  7 0.1452 0.8548 
       h0643  7 0.3979 0.6021 
       h0653  7 0.3268 0.6732 
       h0663  7 0.3076 0.6924 
       h0673  7 0.2028 0.7972 
       h0683  7 0.0963 0.9037 
       h0693  7 0.4242 0.5758 
       h0703  7 0.3308 0.6692 
       h0713  7 0.1245 0.8755 
       h0723  7 0.2177 0.7823 
       h0733  7 0.2222 0.7778 
       h0743  7 0.2036 0.7964 
       h0753  7 0.1457 0.8543 
       h0763  7 0.1313 0.8687 
       h0773  7 0.3955 0.6045 
       h0783  7 0.1502 0.8498 
       h0793  7 0.4669 0.5331 
       h0803  7 0.2432 0.7568 
       h0813  7 0.0544 0.9456 
       h0823  7 0.4002 0.5998 
       h0833  7 0.1195 0.8805 
       h0843  7 0.2864 0.7136 
       h0853  7 0.1572 0.8428 
       h0863  7 0.3237 0.6763 
       h0873  7 0.2096 0.7904 
       h0883  7 0.1940 0.8060 
       h0893  7 0.0659 0.9341 
       h0903  7 0.2039 0.7961 
       h0913  7 0.1352 0.8648 
       h0923  7 0.2203 0.7797 
       h0933  7 0.3974 0.6026 
       h0943  7 0.2783 0.7217 
       h0953  7 0.3091 0.6909 
       h0963  7 0.2808 0.7192 
       h0973  7 0.3365 0.6635 
       h0983  7 0.0699 0.9301 
       h0993  7 0.1573 0.8427 
       h1003  7 0.4312 0.5688 
       W23CA  8 0.0202 0.9798 
     AP.085Y  8 0.0337 0.9663 
     CH.0LLY  8 0.0816 0.9184 
       M0LEC  8 0.0168 0.9832 
       M2C3H  8 0.0290 0.9710 
       M2CHL  8 0.0956 0.9044 
       W26P7  8 0.0297 0.9703 
     AP.07M5  8 0.0580 0.9420 
     AP.080U  8 0.0363 0.9637 
     AP.082A  8 0.0186 0.9814 
     AP.0843  8 0.0511 0.9489 
     AP.0844  8 0.1220 0.8780 
     AP.084X  8 0.0266 0.9734 
     AP.086Y  8 0.0246 0.9754 
     AP.0870  8 0.0322 0.9678 
     AP.0878  8 0.0355 0.9645 
     AP.087F  8 0.0316 0.9684 
     AP.087Y  8 0.0723 0.9277 
     AP.088P  8 0.0558 0.9442 
     AP.08AK  8 0.0655 0.9345 
     CH.0LLM  8 0.0287 0.9713 
     CH.0LLU  8 0.0961 0.9039 
     CH.0LM0  8 0.0534 0.9466 
     CH.0LM3  8 0.0635 0.9365 
       W26MY  8 0.1922 0.8078 
       W26P6  8 0.0994 0.9006 
      HRV07U  8 0.0645 0.9355 
      HRV1CT  8 0.0248 0.9752 
      HRV1CU  8 0.0178 0.9822 
      HRV1E6  8 0.0146 0.9854 
      HRV081  8 0.0149 0.9851 
      HRV1E3  8 0.0482 0.9518 
      MSV21E  8 0.0483 0.9517 
      MSV216  8 0.0393 0.9607 
       M0TYK  8 0.0706 0.9294 
      MSV2AA  8 0.0337 0.9663 
     CK.0PET  8 0.1120 0.8880 
       M2E8C  8 0.0300 0.9700 
      MSV23X  8 0.0482 0.9518 
      MSV32A  8 0.0812 0.9188 
     AP.0838  8 0.0291 0.9709 
     AP.088F  8 0.0269 0.9731 
       h0014  9 0.0207 0.9793 
       h0024  9 0.1026 0.8974 
       h0034  9 0.1377 0.8623 
       h0044  9 0.2968 0.7032 
       h0054  9 0.0228 0.9772 
       h0064  9 0.3267 0.6733 
       h0074  9 0.1119 0.8881 
       h0084  9 0.1168 0.8832 
       h0094  9 0.0502 0.9498 
       h0104  9 0.0405 0.9595 
       h0114  9 0.0672 0.9328 
       h0124  9 0.0211 0.9789 
       h0134  9 0.0351 0.9649 
       h0144  9 0.0272 0.9728 
       h0154  9 0.0244 0.9756 
       h0164  9 0.0161 0.9839 
       h0174  9 0.0871 0.9129 
       h0184  9 0.0523 0.9477 
       h0194  9 0.1786 0.8214 
       h0204  9 0.2961 0.7039 
       h0214  9 0.0447 0.9553 
       h0224  9 0.2238 0.7762 
       h0234  9 0.1819 0.8181 
       h0244  9 0.1119 0.8881 
       h0254  9 0.1832 0.8168 
       h0264  9 0.0316 0.9684 
       h0274  9 0.0695 0.9305 
       h0284  9 0.1347 0.8653 
       h0294  9 0.0376 0.9624 
       h0304  9 0.0518 0.9482 
       h0314  9 0.1152 0.8848 
       h0324  9 0.1212 0.8788 
       h0334  9 0.1094 0.8906 
       h0344  9 0.1401 0.8599 
       h0354  9 0.1626 0.8374 
       h0364  9 0.0535 0.9465 
       h0374  9 0.2002 0.7998 
       h0384  9 0.3490 0.6510 
       h0394  9 0.0491 0.9509 
       h0404  9 0.0249 0.9751 
       h0414  9 0.0343 0.9657 
       h0424  9 0.1425 0.8575 
       h0434  9 0.0984 0.9016 
       h0444  9 0.1165 0.8835 
       h0454  9 0.0307 0.9693 
       h0464  9 0.0730 0.9270 
       h0474  9 0.0916 0.9084 
       h0484  9 0.0235 0.9765 
       h0494  9 0.1505 0.8495 
       h0504  9 0.0384 0.9616 
       h0514  9 0.0567 0.9433 
       h0524  9 0.2029 0.7971 
       h0534  9 0.0959 0.9041 
       h0544  9 0.0615 0.9385 
       h0554  9 0.1784 0.8216 
       h0564  9 0.1396 0.8604 
       h0574  9 0.0371 0.9629 
       h0584  9 0.0406 0.9594 
       h0594  9 0.0925 0.9075 
       h0604  9 0.0763 0.9237 
       h0614  9 0.1484 0.8516 
       h0624  9 0.0392 0.9608 
       h0634  9 0.1374 0.8626 
       h0644  9 0.1237 0.8763 
       h0654  9 0.2048 0.7952 
       h0664  9 0.1682 0.8318 
       h0674  9 0.0444 0.9556 
       h0684  9 0.0998 0.9002 
       h0694  9 0.0734 0.9266 
       h0704  9 0.0909 0.9091 
       h0714  9 0.1911 0.8089 
       h0724  9 0.0378 0.9622 
       h0734  9 0.0447 0.9553 
       h0744  9 0.0960 0.9040 
       h0754  9 0.0242 0.9758 
       h0764  9 0.1100 0.8900 
       h0774  9 0.2563 0.7437 
       h0784  9 0.0991 0.9009 
       h0794  9 0.1660 0.8340 
       h0804  9 0.0150 0.9850 
       h0814  9 0.0520 0.9480 
       h0824  9 0.0912 0.9088 
       h0834  9 0.1056 0.8944 
       h0844  9 0.1757 0.8243 
       h0854  9 0.0443 0.9557 
       h0864  9 0.4020 0.5980 
       h0874  9 0.0289 0.9711 
       h0884  9 0.0462 0.9538 
       h0894  9 0.0298 0.9702 
       h0904  9 0.0373 0.9627 
       h0914  9 0.0196 0.9804 
       h0924  9 0.0640 0.9360 
       h0934  9 0.0281 0.9719 
       h0944  9 0.1582 0.8418 
       h0954  9 0.0384 0.9616 
       h0964  9 0.0784 0.9216 
       h0974  9 0.1067 0.8933 
       h0984  9 0.0405 0.9595 
       h0994  9 0.0646 0.9354 
       h1004  9 0.1156 0.8844 
      HRV0MC 10 0.0205 0.9795 
       W26LM 10 0.1293 0.8707 
       M05PH 10 0.0253 0.9747 
      HRV0M2 10 0.0287 0.9713 
      HRV07H 10 0.0139 0.9861 
      HRV1EE 10 0.0164 0.9836 
      HRV0MF 10 0.0210 0.9790 
     AP.088A 10 0.0194 0.9806 
      HRV07M 10 0.0164 0.9836 
       M04XM 10 0.0194 0.9806 
      HRV0MK 10 0.0172 0.9828 
     AP.07MA 10 0.0362 0.9638 
       W23EX 10 0.0220 0.9780 
       M1EL3 10 0.0358 0.9642 
      HRV01U 10 0.0199 0.9801 
     AP.0885 10 0.0303 0.9697 
      HRV1E1 10 0.0232 0.9768 
      HRV07X 10 0.0389 0.9611 
       W26T0 10 0.0302 0.9698 
       M0L8F 10 0.0759 0.9241 
     AP.088C 10 0.1082 0.8918 
      HRV1ET 10 0.0158 0.9842 
       M1E60 10 0.0135 0.9865 
       M0557 10 0.0265 0.9735 
      HRV04L 10 0.0159 0.9841 
     AP.08A8 10 0.0195 0.9805 
     AP.08A5 10 0.0167 0.9833 
      HRV0M6 10 0.1020 0.8980 
       M0EYT 10 0.0189 0.9811 
       M0HJ8 10 0.0208 0.9792 
      HRV05L 10 0.0338 0.9662 
      HRV0H3 10 0.0267 0.9733 
      HRV1EA 10 0.0262 0.9738 
       W26ML 10 0.0217 0.9783 
       M2CHM 10 0.0711 0.9289 
     AM.07FP 10 0.0224 0.9776 
      HRV001 10 0.0223 0.9777 
      HRV0HC 10 0.0531 0.9469 
      HRV0KU 10 0.0504 0.9496 
     AP.07MC 10 0.0143 0.9857 
      HRV020 10 0.0351 0.9649 
     AP.086X 10 0.0173 0.9827 
       M0102 10 0.0231 0.9769 
       M182M 10 0.0310 0.9690 
     CH.0LLP 10 0.0159 0.9841 
     AP.0882 10 0.0254 0.9746 
       W23EM 10 0.0277 0.9723 
      HRV0HM 10 0.0720 0.9280 
       M055C 10 0.1028 0.8972 
       W26ME 10 0.0263 0.9737 
      HRV04C 10 0.0182 0.9818 
      HRV0M7 10 0.0231 0.9769 
       M1EKX 10 0.0162 0.9838 
     AP.08A3 10 0.0171 0.9829 
       W26L5 10 0.0735 0.9265 
       M0HM3 10 0.0212 0.9788 
       M04XH 10 0.0281 0.9719 
       M2AY2 10 0.0677 0.9323 
      HRV02C 10 0.0151 0.9849 
     AP.0887 10 0.0281 0.9719 
       M2CHJ 10 0.0392 0.9608 
     CH.0LM2 10 0.0270 0.9730 
       M16F1 10 0.0232 0.9768 
     AP.087L 10 0.0188 0.9812 
       M2AY0 10 0.0430 0.9570 
      HRV1CL 10 0.0222 0.9778 
     AP.081F 10 0.0176 0.9824 
     AP.07M8 10 0.0170 0.9830 
       M023A 10 0.0153 0.9847 
     AP.07ME 10 0.0305 0.9695 
       M0FF2 10 0.0165 0.9835 
       M1C2H 10 0.0157 0.9843 
      HRV1EC 10 0.0196 0.9804 
      HRV05C 10 0.0399 0.9601 
     AP.08A4 10 0.2184 0.7816 
     CH.0LM5 10 0.0198 0.9802 
     AP.0872 10 0.0159 0.9841 
     AP.07M4 10 0.0136 0.9864 
      HRV031 10 0.0172 0.9828 
     AP.0883 10 0.0548 0.9452 
      HRV005 10 0.0415 0.9585 
       W26MT 10 0.0155 0.9845 
      HRV05U 10 0.0203 0.9797 
       W26PT 10 0.0191 0.9809 
       M2CHP 10 0.0817 0.9183 
       M0LUH 10 0.0186 0.9814 
       M05JC 10 0.0183 0.9817 
       W26UE 10 0.0299 0.9701 
      HRV0A0 10 0.0159 0.9841 
       M06JH 10 0.0717 0.9283 
      HRV0HU 10 0.0489 0.9511 
      HRV0KE 10 0.0178 0.9822 
      HRV00P 10 0.0172 0.9828 
      HRV0LJ 10 0.0432 0.9568 
     AP.087X 10 0.1367 0.8633 
       M1ELC 10 0.0325 0.9675 
      HRV1E7 10 0.0179 0.9821 
       M2AY4 10 0.0270 0.9730 
     AP.08AJ 10 0.0281 0.9719 
       W26X2 10 0.0239 0.9761 
