

----------------------------------------------------
STRUCTURE by Pritchard, Stephens and Donnelly (2000)
     and Falush, Stephens and Pritchard (2003)
       Code by Pritchard, Falush and Hubisz
             Version 2.3.4 (Jul 2012)
----------------------------------------------------



Command line arguments:   /home/eva.pavlovic/Structure/structure -m parameter_job_4a1_3_1 
Input File:    /home/eva.pavlovic/data_job_4a1_3_1

Run parameters:
   750 individuals
   20 loci
   2 populations assumed
   300000 Burn-in period
   3000000 Reps


--------------------------------------------
Proportion of membership of each pre-defined
 population in each of the 2 clusters

Given    Inferred Clusters       Number of
 Pop       1      2             Individuals

  1:     0.035  0.965             100
  2:     0.072  0.928             100
  3:     0.197  0.803             100
  4:     0.573  0.427               6
  5:     0.463  0.537             100
  6:     0.921  0.079               2
  7:     0.763  0.237             100
  8:     0.948  0.052              42
  9:     0.899  0.101             100
 10:     0.966  0.034             100
--------------------------------------------

Allele-freq. divergence among pops (Net nucleotide distance),
computed using point estimates of P.

      1       2      
 1      -    0.0891  
 2   0.0891     -    

Average distances (expected heterozygosity) between individuals in same cluster:
cluster  1  : 0.7449 
cluster  2  : 0.7936 

--------------------------------------------
Estimated Ln Prob of Data   = -58143.8
Mean value of ln likelihood = -57816.7
Variance of ln likelihood   = 654.3
Mean value of alpha         = 0.3087

Mean value of Fst_1         = 0.1329
Mean value of Fst_2         = 0.0263


Inferred ancestry of individuals:
        Label (%Miss) Pop:  Inferred clusters
  1    M1EL5    (5)    1 :  0.036 0.964 
  2    W26T6    (5)    1 :  0.087 0.913 
  3    W26XX    (5)    1 :  0.023 0.977 
  4    M013P    (0)    1 :  0.017 0.983 
  5    M1ELA    (0)    1 :  0.068 0.932 
  6    M2C73    (0)    1 :  0.029 0.971 
  7    W23P4    (0)    1 :  0.115 0.885 
  8    W247C    (5)    1 :  0.018 0.982 
  9    W24K1    (0)    1 :  0.019 0.981 
 10    W24ME    (0)    1 :  0.110 0.890 
 11    W2514    (0)    1 :  0.036 0.964 
 12    W26MA    (0)    1 :  0.034 0.966 
 13    W26MM    (0)    1 :  0.022 0.978 
 14    W26MU    (0)    1 :  0.031 0.969 
 15    W26P0    (0)    1 :  0.054 0.946 
 16    W26P3    (0)    1 :  0.017 0.983 
 17    W26T5    (0)    1 :  0.019 0.981 
 18    W26TE    (0)    1 :  0.043 0.957 
 19    W26TF    (0)    1 :  0.020 0.980 
 20    W26U8    (0)    1 :  0.069 0.931 
 21    W26UJ    (0)    1 :  0.018 0.982 
 22    W26UK    (0)    1 :  0.016 0.984 
 23    W26UT    (0)    1 :  0.017 0.983 
 24    W26XT    (0)    1 :  0.023 0.977 
 25   CC06H2    (0)    1 :  0.051 0.949 
 26   CC06H4    (0)    1 :  0.019 0.981 
 27   CC06H5    (5)    1 :  0.047 0.953 
 28   CC06H6    (0)    1 :  0.024 0.976 
 29   CC06HE    (0)    1 :  0.020 0.980 
 30   CC06HF    (0)    1 :  0.052 0.948 
 31   CC06HH    (0)    1 :  0.019 0.981 
 32   CC06HJ    (0)    1 :  0.035 0.965 
 33   CC06HL    (0)    1 :  0.015 0.985 
 34   CC06HP    (0)    1 :  0.016 0.984 
 35   CC06HT    (0)    1 :  0.039 0.961 
 36   CC06HU    (0)    1 :  0.018 0.982 
 37   CC06HY    (0)    1 :  0.039 0.961 
 38   CC06J0    (0)    1 :  0.032 0.968 
 39   CC06J1    (0)    1 :  0.068 0.932 
 40   CC06J2    (0)    1 :  0.026 0.974 
 41  CT.0YCY    (0)    1 :  0.024 0.976 
 42  CT.0YEC    (0)    1 :  0.015 0.985 
 43  CT.0YEF    (0)    1 :  0.024 0.976 
 44  CT.0YEU    (0)    1 :  0.018 0.982 
 45  CT.0YF2    (5)    1 :  0.063 0.937 
 46  CT.0YF8    (0)    1 :  0.016 0.984 
 47  CT.0YFA    (0)    1 :  0.031 0.969 
 48  CT.0YFE    (0)    1 :  0.030 0.970 
 49  CT.0YFP    (0)    1 :  0.047 0.953 
 50  CT.0YFU    (0)    1 :  0.024 0.976 
 51  CT.0YK7    (0)    1 :  0.033 0.967 
 52  CX.10PT    (0)    1 :  0.086 0.914 
 53   DAM021    (0)    1 :  0.040 0.960 
 54   DAM034    (0)    1 :  0.031 0.969 
 55   DAM07X    (0)    1 :  0.030 0.970 
 56  EF.15J6    (0)    1 :  0.021 0.979 
 57   HRV010   (10)    1 :  0.022 0.978 
 58   HRV02J    (5)    1 :  0.040 0.960 
 59   HRV078    (0)    1 :  0.030 0.970 
 60   HRV0FH    (0)    1 :  0.031 0.969 
 61   HRV0H5    (0)    1 :  0.028 0.972 
 62   HRV0JF    (0)    1 :  0.075 0.925 
 63   HRV0JJ    (0)    1 :  0.043 0.957 
 64   HRV0JM    (0)    1 :  0.029 0.971 
 65   HRV0K6    (0)    1 :  0.054 0.946 
 66   HRV0K7    (0)    1 :  0.021 0.979 
 67   HRV0KP    (5)    1 :  0.026 0.974 
 68   HRV1AX    (0)    1 :  0.053 0.947 
 69   HRV1C4    (0)    1 :  0.032 0.968 
 70   HRV1CH    (0)    1 :  0.031 0.969 
 71   HRV1FA    (5)    1 :  0.038 0.962 
 72   HRV1FK    (0)    1 :  0.040 0.960 
 73   HRV1H8    (5)    1 :  0.027 0.973 
 74   HRV1HT   (10)    1 :  0.037 0.963 
 75   HRV1XU   (10)    1 :  0.025 0.975 
 76   HRV4TF    (0)    1 :  0.018 0.982 
 77   HRV6F0   (10)    1 :  0.031 0.969 
 78   HRVE6L    (0)    1 :  0.039 0.961 
 79    M27HM    (5)    1 :  0.031 0.969 
 80    M27HP    (0)    1 :  0.020 0.980 
 81    M2AK4    (0)    1 :  0.022 0.978 
 82    M2ALA    (0)    1 :  0.020 0.980 
 83    M2C56    (0)    1 :  0.034 0.966 
 84    M2CUX    (0)    1 :  0.046 0.954 
 85    M2E24    (0)    1 :  0.018 0.982 
 86    M2EA7    (5)    1 :  0.024 0.976 
 87    M2EH6    (0)    1 :  0.019 0.981 
 88    M2EKC    (0)    1 :  0.098 0.902 
 89   MSV083    (0)    1 :  0.022 0.978 
 90   MSV084    (0)    1 :  0.052 0.948 
 91   MSV0LJ    (0)    1 :  0.035 0.965 
 92   MSV1H5    (0)    1 :  0.049 0.951 
 93   MSV1KM    (0)    1 :  0.020 0.980 
 94   MSV23F    (5)    1 :  0.027 0.973 
 95   MSV2L8    (0)    1 :  0.029 0.971 
 96   MSV2P7    (5)    1 :  0.023 0.977 
 97   MSV2TJ    (0)    1 :  0.058 0.942 
 98   MSV2XM    (0)    1 :  0.032 0.968 
 99   MSV327    (5)    1 :  0.031 0.969 
100   MSV33L    (5)    1 :  0.017 0.983 
101     h001    (0)    2 :  0.169 0.831 
102     h002    (0)    2 :  0.076 0.924 
103     h003    (0)    2 :  0.060 0.940 
104     h004    (0)    2 :  0.022 0.978 
105     h005    (0)    2 :  0.015 0.985 
106     h006    (0)    2 :  0.144 0.856 
107     h007    (0)    2 :  0.085 0.915 
108     h008    (0)    2 :  0.039 0.961 
109     h009    (0)    2 :  0.021 0.979 
110     h010    (0)    2 :  0.020 0.980 
111     h011    (0)    2 :  0.115 0.885 
112     h012    (0)    2 :  0.078 0.922 
113     h013    (0)    2 :  0.033 0.967 
114     h014    (0)    2 :  0.020 0.980 
115     h015    (0)    2 :  0.096 0.904 
116     h016    (0)    2 :  0.077 0.923 
117     h017    (0)    2 :  0.079 0.921 
118     h018    (0)    2 :  0.070 0.930 
119     h019    (0)    2 :  0.046 0.954 
120     h020    (0)    2 :  0.103 0.897 
121     h021    (0)    2 :  0.036 0.964 
122     h022    (0)    2 :  0.075 0.925 
123     h023    (0)    2 :  0.021 0.979 
124     h024    (0)    2 :  0.054 0.946 
125     h025    (0)    2 :  0.019 0.981 
126     h026    (0)    2 :  0.098 0.902 
127     h027    (0)    2 :  0.020 0.980 
128     h028    (0)    2 :  0.035 0.965 
129     h029    (0)    2 :  0.050 0.950 
130     h030    (0)    2 :  0.054 0.946 
131     h031    (0)    2 :  0.050 0.950 
132     h032    (0)    2 :  0.020 0.980 
133     h033    (0)    2 :  0.030 0.970 
134     h034    (0)    2 :  0.209 0.791 
135     h035    (0)    2 :  0.115 0.885 
136     h036    (0)    2 :  0.014 0.986 
137     h037    (0)    2 :  0.027 0.973 
138     h038    (0)    2 :  0.115 0.885 
139     h039    (0)    2 :  0.090 0.910 
140     h040    (0)    2 :  0.017 0.983 
141     h041    (0)    2 :  0.146 0.854 
142     h042    (0)    2 :  0.025 0.975 
143     h043    (0)    2 :  0.264 0.736 
144     h044    (0)    2 :  0.105 0.895 
145     h045    (0)    2 :  0.025 0.975 
146     h046    (0)    2 :  0.137 0.863 
147     h047    (0)    2 :  0.040 0.960 
148     h048    (0)    2 :  0.075 0.925 
149     h049    (0)    2 :  0.044 0.956 
150     h050    (0)    2 :  0.113 0.887 
151     h051    (0)    2 :  0.016 0.984 
152     h052    (0)    2 :  0.035 0.965 
153     h053    (0)    2 :  0.038 0.962 
154     h054    (0)    2 :  0.107 0.893 
155     h055    (0)    2 :  0.106 0.894 
156     h056    (0)    2 :  0.047 0.953 
157     h057    (0)    2 :  0.188 0.812 
158     h058    (0)    2 :  0.037 0.963 
159     h059    (0)    2 :  0.078 0.922 
160     h060    (0)    2 :  0.044 0.956 
161     h061    (0)    2 :  0.025 0.975 
162     h062    (0)    2 :  0.268 0.732 
163     h063    (0)    2 :  0.047 0.953 
164     h064    (0)    2 :  0.087 0.913 
165     h065    (0)    2 :  0.031 0.969 
166     h066    (0)    2 :  0.017 0.983 
167     h067    (0)    2 :  0.213 0.787 
168     h068    (0)    2 :  0.019 0.981 
169     h069    (0)    2 :  0.043 0.957 
170     h070    (0)    2 :  0.057 0.943 
171     h071    (0)    2 :  0.098 0.902 
172     h072    (0)    2 :  0.118 0.882 
173     h073    (0)    2 :  0.049 0.951 
174     h074    (0)    2 :  0.136 0.864 
175     h075    (0)    2 :  0.064 0.936 
176     h076    (0)    2 :  0.057 0.943 
177     h077    (0)    2 :  0.125 0.875 
178     h078    (0)    2 :  0.031 0.969 
179     h079    (0)    2 :  0.109 0.891 
180     h080    (0)    2 :  0.028 0.972 
181     h081    (0)    2 :  0.059 0.941 
182     h082    (0)    2 :  0.099 0.901 
183     h083    (0)    2 :  0.028 0.972 
184     h084    (0)    2 :  0.070 0.930 
185     h085    (0)    2 :  0.018 0.982 
186     h086    (0)    2 :  0.216 0.784 
187     h087    (0)    2 :  0.037 0.963 
188     h088    (0)    2 :  0.069 0.931 
189     h089    (0)    2 :  0.049 0.951 
190     h090    (0)    2 :  0.056 0.944 
191     h091    (0)    2 :  0.061 0.939 
192     h092    (0)    2 :  0.060 0.940 
193     h093    (0)    2 :  0.058 0.942 
194     h094    (0)    2 :  0.034 0.966 
195     h095    (0)    2 :  0.102 0.898 
196     h096    (0)    2 :  0.024 0.976 
197     h097    (0)    2 :  0.061 0.939 
198     h098    (0)    2 :  0.116 0.884 
199     h099    (0)    2 :  0.171 0.829 
200     h100    (0)    2 :  0.048 0.952 
201    h0011    (0)    3 :  0.195 0.805 
202    h0021    (0)    3 :  0.277 0.723 
203    h0031    (0)    3 :  0.055 0.945 
204    h0041    (0)    3 :  0.097 0.903 
205    h0051    (0)    3 :  0.415 0.585 
206    h0061    (0)    3 :  0.129 0.871 
207    h0071    (0)    3 :  0.070 0.930 
208    h0081    (0)    3 :  0.478 0.522 
209    h0091    (0)    3 :  0.680 0.320 
210    h0101    (0)    3 :  0.147 0.853 
211    h0111    (0)    3 :  0.589 0.411 
212    h0121    (0)    3 :  0.043 0.957 
213    h0131    (0)    3 :  0.029 0.971 
214    h0141    (0)    3 :  0.303 0.697 
215    h0151    (0)    3 :  0.354 0.646 
216    h0161    (0)    3 :  0.187 0.813 
217    h0171    (0)    3 :  0.367 0.633 
218    h0181    (0)    3 :  0.194 0.806 
219    h0191    (0)    3 :  0.076 0.924 
220    h0201    (0)    3 :  0.320 0.680 
221    h0211    (0)    3 :  0.199 0.801 
222    h0221    (0)    3 :  0.046 0.954 
223    h0231    (0)    3 :  0.268 0.732 
224    h0241    (0)    3 :  0.097 0.903 
225    h0251    (0)    3 :  0.046 0.954 
226    h0261    (0)    3 :  0.372 0.628 
227    h0271    (0)    3 :  0.170 0.830 
228    h0281    (0)    3 :  0.048 0.952 
229    h0291    (0)    3 :  0.171 0.829 
230    h0301    (0)    3 :  0.067 0.933 
231    h0311    (0)    3 :  0.322 0.678 
232    h0321    (0)    3 :  0.320 0.680 
233    h0331    (0)    3 :  0.160 0.840 
234    h0341    (0)    3 :  0.122 0.878 
235    h0351    (0)    3 :  0.038 0.962 
236    h0361    (0)    3 :  0.142 0.858 
237    h0371    (0)    3 :  0.215 0.785 
238    h0381    (0)    3 :  0.109 0.891 
239    h0391    (0)    3 :  0.039 0.961 
240    h0401    (0)    3 :  0.095 0.905 
241    h0411    (0)    3 :  0.063 0.937 
242    h0421    (0)    3 :  0.335 0.665 
243    h0431    (0)    3 :  0.338 0.662 
244    h0441    (0)    3 :  0.036 0.964 
245    h0451    (0)    3 :  0.195 0.805 
246    h0461    (0)    3 :  0.064 0.936 
247    h0471    (0)    3 :  0.174 0.826 
248    h0481    (0)    3 :  0.104 0.896 
249    h0491    (0)    3 :  0.288 0.712 
250    h0501    (0)    3 :  0.293 0.707 
251    h0511    (0)    3 :  0.126 0.874 
252    h0521    (0)    3 :  0.130 0.870 
253    h0531    (0)    3 :  0.171 0.829 
254    h0541    (0)    3 :  0.058 0.942 
255    h0551    (0)    3 :  0.206 0.794 
256    h0561    (0)    3 :  0.113 0.887 
257    h0571    (0)    3 :  0.337 0.663 
258    h0581    (0)    3 :  0.140 0.860 
259    h0591    (0)    3 :  0.154 0.846 
260    h0601    (0)    3 :  0.242 0.758 
261    h0611    (0)    3 :  0.050 0.950 
262    h0621    (0)    3 :  0.343 0.657 
263    h0631    (0)    3 :  0.156 0.844 
264    h0641    (0)    3 :  0.159 0.841 
265    h0651    (0)    3 :  0.349 0.651 
266    h0661    (0)    3 :  0.215 0.785 
267    h0671    (0)    3 :  0.080 0.920 
268    h0681    (0)    3 :  0.495 0.505 
269    h0691    (0)    3 :  0.058 0.942 
270    h0701    (0)    3 :  0.179 0.821 
271    h0711    (0)    3 :  0.342 0.658 
272    h0721    (0)    3 :  0.146 0.854 
273    h0731    (0)    3 :  0.370 0.630 
274    h0741    (0)    3 :  0.056 0.944 
275    h0751    (0)    3 :  0.082 0.918 
276    h0761    (0)    3 :  0.208 0.792 
277    h0771    (0)    3 :  0.084 0.916 
278    h0781    (0)    3 :  0.227 0.773 
279    h0791    (0)    3 :  0.060 0.940 
280    h0801    (0)    3 :  0.216 0.784 
281    h0811    (0)    3 :  0.190 0.810 
282    h0821    (0)    3 :  0.184 0.816 
283    h0831    (0)    3 :  0.161 0.839 
284    h0841    (0)    3 :  0.094 0.906 
285    h0851    (0)    3 :  0.265 0.735 
286    h0861    (0)    3 :  0.167 0.833 
287    h0871    (0)    3 :  0.095 0.905 
288    h0881    (0)    3 :  0.110 0.890 
289    h0891    (0)    3 :  0.271 0.729 
290    h0901    (0)    3 :  0.403 0.597 
291    h0911    (0)    3 :  0.494 0.506 
292    h0921    (0)    3 :  0.288 0.712 
293    h0931    (0)    3 :  0.379 0.621 
294    h0941    (0)    3 :  0.102 0.898 
295    h0951    (0)    3 :  0.099 0.901 
296    h0961    (0)    3 :  0.218 0.782 
297    h0971    (0)    3 :  0.072 0.928 
298    h0981    (0)    3 :  0.157 0.843 
299    h0991    (0)    3 :  0.205 0.795 
300    h1001    (0)    3 :  0.225 0.775 
301   MSV1TX    (5)    4 :  0.328 0.672 
302   MSV025    (0)    4 :  0.657 0.343 
303   MSV02C    (0)    4 :  0.536 0.464 
304   MSV02E    (5)    4 :  0.574 0.426 
305   MSV0TF    (5)    4 :  0.635 0.365 
306    M2EL8    (0)    4 :  0.708 0.292 
307    h0012    (0)    5 :  0.319 0.681 
308    h0022    (0)    5 :  0.469 0.531 
309    h0032    (0)    5 :  0.433 0.567 
310    h0042    (0)    5 :  0.240 0.760 
311    h0052    (0)    5 :  0.505 0.495 
312    h0062    (0)    5 :  0.631 0.369 
313    h0072    (0)    5 :  0.580 0.420 
314    h0082    (0)    5 :  0.392 0.608 
315    h0092    (0)    5 :  0.395 0.605 
316    h0102    (0)    5 :  0.465 0.535 
317    h0112    (0)    5 :  0.537 0.463 
318    h0122    (0)    5 :  0.226 0.774 
319    h0132    (0)    5 :  0.381 0.619 
320    h0142    (0)    5 :  0.508 0.492 
321    h0152    (0)    5 :  0.399 0.601 
322    h0162    (0)    5 :  0.358 0.642 
323    h0172    (0)    5 :  0.332 0.668 
324    h0182    (0)    5 :  0.510 0.490 
325    h0192    (0)    5 :  0.390 0.610 
326    h0202    (0)    5 :  0.628 0.372 
327    h0212    (0)    5 :  0.439 0.561 
328    h0222    (0)    5 :  0.478 0.522 
329    h0232    (0)    5 :  0.460 0.540 
330    h0242    (0)    5 :  0.590 0.410 
331    h0252    (0)    5 :  0.488 0.512 
332    h0262    (0)    5 :  0.576 0.424 
333    h0272    (0)    5 :  0.689 0.311 
334    h0282    (0)    5 :  0.674 0.326 
335    h0292    (0)    5 :  0.460 0.540 
336    h0302    (0)    5 :  0.605 0.395 
337    h0312    (0)    5 :  0.488 0.512 
338    h0322    (0)    5 :  0.342 0.658 
339    h0332    (0)    5 :  0.560 0.440 
340    h0342    (0)    5 :  0.515 0.485 
341    h0352    (0)    5 :  0.228 0.772 
342    h0362    (0)    5 :  0.404 0.596 
343    h0372    (0)    5 :  0.257 0.743 
344    h0382    (0)    5 :  0.503 0.497 
345    h0392    (0)    5 :  0.397 0.603 
346    h0402    (0)    5 :  0.672 0.328 
347    h0412    (0)    5 :  0.430 0.570 
348    h0422    (0)    5 :  0.369 0.631 
349    h0432    (0)    5 :  0.655 0.345 
350    h0442    (0)    5 :  0.356 0.644 
351    h0452    (0)    5 :  0.544 0.456 
352    h0462    (0)    5 :  0.506 0.494 
353    h0472    (0)    5 :  0.263 0.737 
354    h0482    (0)    5 :  0.354 0.646 
355    h0492    (0)    5 :  0.571 0.429 
356    h0502    (0)    5 :  0.427 0.573 
357    h0512    (0)    5 :  0.587 0.413 
358    h0522    (0)    5 :  0.445 0.555 
359    h0532    (0)    5 :  0.505 0.495 
360    h0542    (0)    5 :  0.505 0.495 
361    h0552    (0)    5 :  0.552 0.448 
362    h0562    (0)    5 :  0.460 0.540 
363    h0572    (0)    5 :  0.455 0.545 
364    h0582    (0)    5 :  0.664 0.336 
365    h0592    (0)    5 :  0.579 0.421 
366    h0602    (0)    5 :  0.518 0.482 
367    h0612    (0)    5 :  0.362 0.638 
368    h0622    (0)    5 :  0.472 0.528 
369    h0632    (0)    5 :  0.471 0.529 
370    h0642    (0)    5 :  0.478 0.522 
371    h0652    (0)    5 :  0.071 0.929 
372    h0662    (0)    5 :  0.453 0.547 
373    h0672    (0)    5 :  0.538 0.462 
374    h0682    (0)    5 :  0.284 0.716 
375    h0692    (0)    5 :  0.378 0.622 
376    h0702    (0)    5 :  0.364 0.636 
377    h0712    (0)    5 :  0.466 0.534 
378    h0722    (0)    5 :  0.410 0.590 
379    h0732    (0)    5 :  0.604 0.396 
380    h0742    (0)    5 :  0.440 0.560 
381    h0752    (0)    5 :  0.166 0.834 
382    h0762    (0)    5 :  0.601 0.399 
383    h0772    (0)    5 :  0.335 0.665 
384    h0782    (0)    5 :  0.437 0.563 
385    h0792    (0)    5 :  0.570 0.430 
386    h0802    (0)    5 :  0.493 0.507 
387    h0812    (0)    5 :  0.552 0.448 
388    h0822    (0)    5 :  0.533 0.467 
389    h0832    (0)    5 :  0.572 0.428 
390    h0842    (0)    5 :  0.140 0.860 
391    h0852    (0)    5 :  0.417 0.583 
392    h0862    (0)    5 :  0.766 0.234 
393    h0872    (0)    5 :  0.245 0.755 
394    h0882    (0)    5 :  0.424 0.576 
395    h0892    (0)    5 :  0.493 0.507 
396    h0902    (0)    5 :  0.533 0.467 
397    h0912    (0)    5 :  0.506 0.494 
398    h0922    (0)    5 :  0.464 0.536 
399    h0932    (0)    5 :  0.626 0.374 
400    h0942    (0)    5 :  0.312 0.688 
401    h0952    (0)    5 :  0.533 0.467 
402    h0962    (0)    5 :  0.474 0.526 
403    h0972    (0)    5 :  0.588 0.412 
404    h0982    (0)    5 :  0.481 0.519 
405    h0992    (0)    5 :  0.460 0.540 
406    h1002    (0)    5 :  0.515 0.485 
407   MSV21T    (0)    6 :  0.940 0.060 
408    M2E71    (0)    6 :  0.901 0.099 
409    h0013    (0)    7 :  0.703 0.297 
410    h0023    (0)    7 :  0.603 0.397 
411    h0033    (0)    7 :  0.662 0.338 
412    h0043    (0)    7 :  0.782 0.218 
413    h0053    (0)    7 :  0.952 0.048 
414    h0063    (0)    7 :  0.584 0.416 
415    h0073    (0)    7 :  0.721 0.279 
416    h0083    (0)    7 :  0.845 0.155 
417    h0093    (0)    7 :  0.877 0.123 
418    h0103    (0)    7 :  0.573 0.427 
419    h0113    (0)    7 :  0.879 0.121 
420    h0123    (0)    7 :  0.874 0.126 
421    h0133    (0)    7 :  0.920 0.080 
422    h0143    (0)    7 :  0.771 0.229 
423    h0153    (0)    7 :  0.651 0.349 
424    h0163    (0)    7 :  0.680 0.320 
425    h0173    (0)    7 :  0.806 0.194 
426    h0183    (0)    7 :  0.702 0.298 
427    h0193    (0)    7 :  0.622 0.378 
428    h0203    (0)    7 :  0.690 0.310 
429    h0213    (0)    7 :  0.798 0.202 
430    h0223    (0)    7 :  0.700 0.300 
431    h0233    (0)    7 :  0.776 0.224 
432    h0243    (0)    7 :  0.837 0.163 
433    h0253    (0)    7 :  0.592 0.408 
434    h0263    (0)    7 :  0.949 0.051 
435    h0273    (0)    7 :  0.775 0.225 
436    h0283    (0)    7 :  0.633 0.367 
437    h0293    (0)    7 :  0.730 0.270 
438    h0303    (0)    7 :  0.703 0.297 
439    h0313    (0)    7 :  0.940 0.060 
440    h0323    (0)    7 :  0.878 0.122 
441    h0333    (0)    7 :  0.730 0.270 
442    h0343    (0)    7 :  0.921 0.079 
443    h0353    (0)    7 :  0.663 0.337 
444    h0363    (0)    7 :  0.688 0.312 
445    h0373    (0)    7 :  0.773 0.227 
446    h0383    (0)    7 :  0.558 0.442 
447    h0393    (0)    7 :  0.588 0.412 
448    h0403    (0)    7 :  0.936 0.064 
449    h0413    (0)    7 :  0.687 0.313 
450    h0423    (0)    7 :  0.863 0.137 
451    h0433    (0)    7 :  0.973 0.027 
452    h0443    (0)    7 :  0.792 0.208 
453    h0453    (0)    7 :  0.693 0.307 
454    h0463    (0)    7 :  0.880 0.120 
455    h0473    (0)    7 :  0.774 0.226 
456    h0483    (0)    7 :  0.752 0.248 
457    h0493    (0)    7 :  0.853 0.147 
458    h0503    (0)    7 :  0.805 0.195 
459    h0513    (0)    7 :  0.772 0.228 
460    h0523    (0)    7 :  0.478 0.522 
461    h0533    (0)    7 :  0.755 0.245 
462    h0543    (0)    7 :  0.776 0.224 
463    h0553    (0)    7 :  0.861 0.139 
464    h0563    (0)    7 :  0.669 0.331 
465    h0573    (0)    7 :  0.728 0.272 
466    h0583    (0)    7 :  0.904 0.096 
467    h0593    (0)    7 :  0.801 0.199 
468    h0603    (0)    7 :  0.827 0.173 
469    h0613    (0)    7 :  0.910 0.090 
470    h0623    (0)    7 :  0.802 0.198 
471    h0633    (0)    7 :  0.855 0.145 
472    h0643    (0)    7 :  0.602 0.398 
473    h0653    (0)    7 :  0.674 0.326 
474    h0663    (0)    7 :  0.692 0.308 
475    h0673    (0)    7 :  0.797 0.203 
476    h0683    (0)    7 :  0.904 0.096 
477    h0693    (0)    7 :  0.576 0.424 
478    h0703    (0)    7 :  0.669 0.331 
479    h0713    (0)    7 :  0.876 0.124 
480    h0723    (0)    7 :  0.783 0.217 
481    h0733    (0)    7 :  0.779 0.221 
482    h0743    (0)    7 :  0.796 0.204 
483    h0753    (0)    7 :  0.854 0.146 
484    h0763    (0)    7 :  0.869 0.131 
485    h0773    (0)    7 :  0.605 0.395 
486    h0783    (0)    7 :  0.850 0.150 
487    h0793    (0)    7 :  0.534 0.466 
488    h0803    (0)    7 :  0.757 0.243 
489    h0813    (0)    7 :  0.946 0.054 
490    h0823    (0)    7 :  0.599 0.401 
491    h0833    (0)    7 :  0.880 0.120 
492    h0843    (0)    7 :  0.714 0.286 
493    h0853    (0)    7 :  0.843 0.157 
494    h0863    (0)    7 :  0.676 0.324 
495    h0873    (0)    7 :  0.790 0.210 
496    h0883    (0)    7 :  0.806 0.194 
497    h0893    (0)    7 :  0.934 0.066 
498    h0903    (0)    7 :  0.796 0.204 
499    h0913    (0)    7 :  0.865 0.135 
500    h0923    (0)    7 :  0.780 0.220 
501    h0933    (0)    7 :  0.603 0.397 
502    h0943    (0)    7 :  0.722 0.278 
503    h0953    (0)    7 :  0.691 0.309 
504    h0963    (0)    7 :  0.719 0.281 
505    h0973    (0)    7 :  0.663 0.337 
506    h0983    (0)    7 :  0.930 0.070 
507    h0993    (0)    7 :  0.842 0.158 
508    h1003    (0)    7 :  0.568 0.432 
509    W23CA   (10)    8 :  0.980 0.020 
510  AP.085Y    (5)    8 :  0.966 0.034 
511  CH.0LLY    (5)    8 :  0.919 0.081 
512    M0LEC    (5)    8 :  0.983 0.017 
513    M2C3H   (10)    8 :  0.971 0.029 
514    M2CHL    (5)    8 :  0.905 0.095 
515    W26P7   (10)    8 :  0.970 0.030 
516  AP.07M5    (0)    8 :  0.942 0.058 
517  AP.080U    (0)    8 :  0.964 0.036 
518  AP.082A    (0)    8 :  0.981 0.019 
519  AP.0843    (0)    8 :  0.949 0.051 
520  AP.0844    (0)    8 :  0.878 0.122 
521  AP.084X    (0)    8 :  0.973 0.027 
522  AP.086Y    (0)    8 :  0.976 0.024 
523  AP.0870    (0)    8 :  0.968 0.032 
524  AP.0878    (0)    8 :  0.965 0.035 
525  AP.087F    (0)    8 :  0.968 0.032 
526  AP.087Y    (0)    8 :  0.928 0.072 
527  AP.088P    (0)    8 :  0.944 0.056 
528  AP.08AK    (5)    8 :  0.934 0.066 
529  CH.0LLM    (0)    8 :  0.971 0.029 
530  CH.0LLU    (0)    8 :  0.904 0.096 
531  CH.0LM0    (5)    8 :  0.946 0.054 
532  CH.0LM3    (5)    8 :  0.936 0.064 
533    W26MY    (0)    8 :  0.808 0.192 
534    W26P6    (0)    8 :  0.900 0.100 
535   HRV07U    (0)    8 :  0.936 0.064 
536   HRV1CT    (0)    8 :  0.975 0.025 
537   HRV1CU    (0)    8 :  0.982 0.018 
538   HRV1E6    (0)    8 :  0.985 0.015 
539   HRV081    (0)    8 :  0.985 0.015 
540   HRV1E3    (0)    8 :  0.952 0.048 
541   MSV21E    (0)    8 :  0.952 0.048 
542   MSV216    (0)    8 :  0.961 0.039 
543    M0TYK    (0)    8 :  0.929 0.071 
544   MSV2AA    (0)    8 :  0.966 0.034 
545  CK.0PET    (0)    8 :  0.888 0.112 
546    M2E8C    (0)    8 :  0.970 0.030 
547   MSV23X    (0)    8 :  0.952 0.048 
548   MSV32A    (0)    8 :  0.919 0.081 
549  AP.0838    (0)    8 :  0.971 0.029 
550  AP.088F    (0)    8 :  0.973 0.027 
551    h0014    (0)    9 :  0.979 0.021 
552    h0024    (0)    9 :  0.898 0.102 
553    h0034    (0)    9 :  0.862 0.138 
554    h0044    (0)    9 :  0.703 0.297 
555    h0054    (0)    9 :  0.977 0.023 
556    h0064    (0)    9 :  0.673 0.327 
557    h0074    (0)    9 :  0.888 0.112 
558    h0084    (0)    9 :  0.883 0.117 
559    h0094    (0)    9 :  0.950 0.050 
560    h0104    (0)    9 :  0.960 0.040 
561    h0114    (0)    9 :  0.933 0.067 
562    h0124    (0)    9 :  0.979 0.021 
563    h0134    (0)    9 :  0.965 0.035 
564    h0144    (0)    9 :  0.973 0.027 
565    h0154    (0)    9 :  0.976 0.024 
566    h0164    (0)    9 :  0.984 0.016 
567    h0174    (0)    9 :  0.913 0.087 
568    h0184    (0)    9 :  0.948 0.052 
569    h0194    (0)    9 :  0.822 0.178 
570    h0204    (0)    9 :  0.704 0.296 
571    h0214    (0)    9 :  0.955 0.045 
572    h0224    (0)    9 :  0.776 0.224 
573    h0234    (0)    9 :  0.818 0.182 
574    h0244    (0)    9 :  0.888 0.112 
575    h0254    (0)    9 :  0.817 0.183 
576    h0264    (0)    9 :  0.968 0.032 
577    h0274    (0)    9 :  0.931 0.069 
578    h0284    (0)    9 :  0.865 0.135 
579    h0294    (0)    9 :  0.962 0.038 
580    h0304    (0)    9 :  0.948 0.052 
581    h0314    (0)    9 :  0.885 0.115 
582    h0324    (0)    9 :  0.878 0.122 
583    h0334    (0)    9 :  0.891 0.109 
584    h0344    (0)    9 :  0.860 0.140 
585    h0354    (0)    9 :  0.838 0.162 
586    h0364    (0)    9 :  0.947 0.053 
587    h0374    (0)    9 :  0.800 0.200 
588    h0384    (0)    9 :  0.651 0.349 
589    h0394    (0)    9 :  0.951 0.049 
590    h0404    (0)    9 :  0.975 0.025 
591    h0414    (0)    9 :  0.966 0.034 
592    h0424    (0)    9 :  0.858 0.142 
593    h0434    (0)    9 :  0.901 0.099 
594    h0444    (0)    9 :  0.883 0.117 
595    h0454    (0)    9 :  0.969 0.031 
596    h0464    (0)    9 :  0.927 0.073 
597    h0474    (0)    9 :  0.909 0.091 
598    h0484    (0)    9 :  0.977 0.023 
599    h0494    (0)    9 :  0.850 0.150 
600    h0504    (0)    9 :  0.962 0.038 
601    h0514    (0)    9 :  0.943 0.057 
602    h0524    (0)    9 :  0.797 0.203 
603    h0534    (0)    9 :  0.904 0.096 
604    h0544    (0)    9 :  0.939 0.061 
605    h0554    (0)    9 :  0.822 0.178 
606    h0564    (0)    9 :  0.860 0.140 
607    h0574    (0)    9 :  0.963 0.037 
608    h0584    (0)    9 :  0.960 0.040 
609    h0594    (0)    9 :  0.908 0.092 
610    h0604    (0)    9 :  0.924 0.076 
611    h0614    (0)    9 :  0.852 0.148 
612    h0624    (0)    9 :  0.961 0.039 
613    h0634    (0)    9 :  0.863 0.137 
614    h0644    (0)    9 :  0.877 0.123 
615    h0654    (0)    9 :  0.795 0.205 
616    h0664    (0)    9 :  0.832 0.168 
617    h0674    (0)    9 :  0.956 0.044 
618    h0684    (0)    9 :  0.900 0.100 
619    h0694    (0)    9 :  0.927 0.073 
620    h0704    (0)    9 :  0.910 0.090 
621    h0714    (0)    9 :  0.809 0.191 
622    h0724    (0)    9 :  0.962 0.038 
623    h0734    (0)    9 :  0.955 0.045 
624    h0744    (0)    9 :  0.904 0.096 
625    h0754    (0)    9 :  0.976 0.024 
626    h0764    (0)    9 :  0.891 0.109 
627    h0774    (0)    9 :  0.744 0.256 
628    h0784    (0)    9 :  0.901 0.099 
629    h0794    (0)    9 :  0.834 0.166 
630    h0804    (0)    9 :  0.985 0.015 
631    h0814    (0)    9 :  0.948 0.052 
632    h0824    (0)    9 :  0.908 0.092 
633    h0834    (0)    9 :  0.895 0.105 
634    h0844    (0)    9 :  0.824 0.176 
635    h0854    (0)    9 :  0.956 0.044 
636    h0864    (0)    9 :  0.598 0.402 
637    h0874    (0)    9 :  0.971 0.029 
638    h0884    (0)    9 :  0.954 0.046 
639    h0894    (0)    9 :  0.970 0.030 
640    h0904    (0)    9 :  0.963 0.037 
641    h0914    (0)    9 :  0.980 0.020 
642    h0924    (0)    9 :  0.936 0.064 
643    h0934    (0)    9 :  0.972 0.028 
644    h0944    (0)    9 :  0.842 0.158 
645    h0954    (0)    9 :  0.962 0.038 
646    h0964    (0)    9 :  0.921 0.079 
647    h0974    (0)    9 :  0.894 0.106 
648    h0984    (0)    9 :  0.960 0.040 
649    h0994    (0)    9 :  0.935 0.065 
650    h1004    (0)    9 :  0.884 0.116 
651   HRV0MC    (5)   10 :  0.980 0.020 
652    W26LM    (0)   10 :  0.871 0.129 
653    M05PH    (0)   10 :  0.975 0.025 
654   HRV0M2    (0)   10 :  0.971 0.029 
655   HRV07H    (0)   10 :  0.986 0.014 
656   HRV1EE    (0)   10 :  0.984 0.016 
657   HRV0MF    (0)   10 :  0.979 0.021 
658  AP.088A    (0)   10 :  0.981 0.019 
659   HRV07M    (0)   10 :  0.984 0.016 
660    M04XM   (10)   10 :  0.981 0.019 
661   HRV0MK    (0)   10 :  0.983 0.017 
662  AP.07MA    (0)   10 :  0.964 0.036 
663    W23EX    (0)   10 :  0.978 0.022 
664    M1EL3    (0)   10 :  0.964 0.036 
665   HRV01U    (5)   10 :  0.980 0.020 
666  AP.0885    (5)   10 :  0.970 0.030 
667   HRV1E1    (0)   10 :  0.977 0.023 
668   HRV07X    (0)   10 :  0.961 0.039 
669    W26T0    (5)   10 :  0.970 0.030 
670    M0L8F    (0)   10 :  0.924 0.076 
671  AP.088C    (0)   10 :  0.892 0.108 
672   HRV1ET    (0)   10 :  0.984 0.016 
673    M1E60    (0)   10 :  0.987 0.013 
674    M0557    (0)   10 :  0.973 0.027 
675   HRV04L    (0)   10 :  0.984 0.016 
676  AP.08A8    (5)   10 :  0.981 0.019 
677  AP.08A5    (0)   10 :  0.983 0.017 
678   HRV0M6    (5)   10 :  0.898 0.102 
679    M0EYT    (0)   10 :  0.981 0.019 
680    M0HJ8    (0)   10 :  0.979 0.021 
681   HRV05L    (0)   10 :  0.966 0.034 
682   HRV0H3    (5)   10 :  0.973 0.027 
683   HRV1EA    (0)   10 :  0.974 0.026 
684    W26ML    (0)   10 :  0.978 0.022 
685    M2CHM    (5)   10 :  0.929 0.071 
686  AM.07FP    (5)   10 :  0.978 0.022 
687   HRV001    (0)   10 :  0.978 0.022 
688   HRV0HC    (5)   10 :  0.947 0.053 
689   HRV0KU    (0)   10 :  0.950 0.050 
690  AP.07MC    (0)   10 :  0.986 0.014 
691   HRV020    (0)   10 :  0.965 0.035 
692  AP.086X    (0)   10 :  0.983 0.017 
693    M0102    (5)   10 :  0.977 0.023 
694    M182M    (5)   10 :  0.969 0.031 
695  CH.0LLP    (0)   10 :  0.984 0.016 
696  AP.0882    (0)   10 :  0.975 0.025 
697    W23EM    (0)   10 :  0.972 0.028 
698   HRV0HM    (0)   10 :  0.928 0.072 
699    M055C    (0)   10 :  0.897 0.103 
700    W26ME   (10)   10 :  0.974 0.026 
701   HRV04C    (0)   10 :  0.982 0.018 
702   HRV0M7    (5)   10 :  0.977 0.023 
703    M1EKX    (0)   10 :  0.984 0.016 
704  AP.08A3    (0)   10 :  0.983 0.017 
705    W26L5    (0)   10 :  0.927 0.073 
706    M0HM3    (0)   10 :  0.979 0.021 
707    M04XH    (5)   10 :  0.972 0.028 
708    M2AY2   (10)   10 :  0.932 0.068 
709   HRV02C    (0)   10 :  0.985 0.015 
710  AP.0887    (0)   10 :  0.972 0.028 
711    M2CHJ    (5)   10 :  0.961 0.039 
712  CH.0LM2   (10)   10 :  0.973 0.027 
713    M16F1    (5)   10 :  0.977 0.023 
714  AP.087L    (0)   10 :  0.981 0.019 
715    M2AY0   (10)   10 :  0.957 0.043 
716   HRV1CL    (0)   10 :  0.978 0.022 
717  AP.081F   (10)   10 :  0.982 0.018 
718  AP.07M8    (0)   10 :  0.983 0.017 
719    M023A    (5)   10 :  0.985 0.015 
720  AP.07ME    (5)   10 :  0.970 0.030 
721    M0FF2    (0)   10 :  0.984 0.016 
722    M1C2H    (0)   10 :  0.984 0.016 
723   HRV1EC    (0)   10 :  0.980 0.020 
724   HRV05C   (10)   10 :  0.960 0.040 
725  AP.08A4    (0)   10 :  0.782 0.218 
726  CH.0LM5    (0)   10 :  0.980 0.020 
727  AP.0872    (0)   10 :  0.984 0.016 
728  AP.07M4    (0)   10 :  0.986 0.014 
729   HRV031    (0)   10 :  0.983 0.017 
730  AP.0883    (0)   10 :  0.945 0.055 
731   HRV005    (5)   10 :  0.959 0.041 
732    W26MT    (0)   10 :  0.985 0.015 
733   HRV05U    (5)   10 :  0.980 0.020 
734    W26PT    (0)   10 :  0.981 0.019 
735    M2CHP   (10)   10 :  0.919 0.081 
736    M0LUH    (0)   10 :  0.981 0.019 
737    M05JC    (0)   10 :  0.982 0.018 
738    W26UE    (5)   10 :  0.970 0.030 
739   HRV0A0    (5)   10 :  0.984 0.016 
740    M06JH    (5)   10 :  0.928 0.072 
741   HRV0HU   (10)   10 :  0.951 0.049 
742   HRV0KE    (0)   10 :  0.982 0.018 
743   HRV00P    (0)   10 :  0.983 0.017 
744   HRV0LJ    (5)   10 :  0.957 0.043 
745  AP.087X    (0)   10 :  0.864 0.136 
746    M1ELC    (0)   10 :  0.968 0.032 
747   HRV1E7    (0)   10 :  0.982 0.018 
748    M2AY4    (5)   10 :  0.973 0.027 
749  AP.08AJ    (0)   10 :  0.972 0.028 
750    W26X2    (0)   10 :  0.976 0.024 


Estimated Allele Frequencies in each cluster
First column gives estimated ancestral frequencies


Locus 1 : Cl147 
21 alleles
0.0% missing data
  45   (0.112) 0.029 0.173 
  69   (0.097) 0.247 0.091 
  73   (0.148) 0.131 0.203 
  77   (0.074) 0.015 0.092 
  56   (0.067) 0.051 0.060 
  65   (0.064) 0.169 0.045 
  41   (0.058) 0.001 0.113 
  52   (0.084) 0.039 0.098 
  48   (0.031) 0.003 0.020 
  81   (0.017) 0.000 0.007 
  49   (0.028) 0.000 0.030 
  60   (0.033) 0.010 0.014 
  84   (0.024) 0.007 0.005 
  89   (0.022) 0.000 0.013 
  61   (0.020) 0.014 0.002 
  44   (0.054) 0.212 0.029 
  68   (0.016) 0.062 0.001 
  85   (0.014) 0.004 0.001 
 801   (0.014) 0.002 0.002 
  72   (0.013) 0.003 0.001 
  80   (0.012) 0.001 0.001 

Locus 2 : Cl233 
31 alleles
0.0% missing data
  63   (0.108) 0.123 0.173 
  85   (0.048) 0.023 0.045 
  73   (0.024) 0.000 0.029 
  79   (0.037) 0.004 0.040 
  71   (0.077) 0.046 0.113 
  77   (0.032) 0.002 0.035 
  75   (0.049) 0.008 0.063 
  67   (0.087) 0.207 0.110 
  55   (0.053) 0.347 0.036 
  59   (0.055) 0.209 0.044 
  81   (0.047) 0.002 0.088 
  83   (0.025) 0.001 0.027 
  93   (0.024) 0.001 0.017 
 101   (0.013) 0.000 0.003 
  69   (0.016) 0.000 0.009 
  51   (0.037) 0.004 0.035 
 100   (0.017) 0.000 0.009 
  92   (0.018) 0.000 0.011 
1121   (0.014) 0.000 0.005 
1001   (0.014) 0.000 0.005 
  89   (0.020) 0.000 0.015 
 711   (0.015) 0.000 0.006 
 116   (0.011) 0.000 0.002 
  80   (0.022) 0.002 0.011 
  43   (0.011) 0.000 0.002 
  84   (0.015) 0.000 0.004 
  88   (0.024) 0.000 0.026 
 104   (0.034) 0.011 0.022 
  97   (0.011) 0.000 0.002 
  35   (0.029) 0.007 0.013 
 791   (0.011) 0.000 0.002 

Locus 3 : Cl264 
25 alleles
0.1% missing data
  65   (0.089) 0.130 0.108 
 651   (0.102) 0.045 0.163 
 691   (0.105) 0.083 0.155 
  57   (0.027) 0.017 0.008 
  61   (0.028) 0.158 0.007 
 731   (0.042) 0.001 0.068 
 811   (0.023) 0.000 0.022 
 611   (0.056) 0.047 0.051 
  69   (0.113) 0.202 0.147 
  77   (0.040) 0.010 0.029 
  49   (0.032) 0.001 0.042 
  45   (0.015) 0.000 0.004 
 491   (0.029) 0.004 0.013 
 571   (0.021) 0.000 0.014 
 771   (0.044) 0.004 0.055 
  89   (0.029) 0.001 0.034 
 652   (0.020) 0.002 0.006 
  53   (0.029) 0.144 0.008 
  73   (0.053) 0.089 0.040 
  80   (0.016) 0.000 0.006 
 531   (0.022) 0.023 0.004 
 693   (0.013) 0.000 0.003 
  93   (0.013) 0.000 0.003 
  85   (0.021) 0.001 0.009 
  37   (0.018) 0.036 0.002 

Locus 4 : Cl274 
8 alleles
0.0% missing data
  61   (0.441) 0.358 0.489 
  57   (0.212) 0.512 0.173 
  65   (0.142) 0.033 0.158 
  53   (0.066) 0.005 0.061 
  69   (0.046) 0.001 0.054 
  73   (0.029) 0.000 0.021 
  49   (0.043) 0.001 0.042 
  45   (0.021) 0.091 0.002 

Locus 5 : Cl285 
33 alleles
0.1% missing data
  75   (0.089) 0.222 0.123 
  71   (0.108) 0.196 0.174 
 631   (0.031) 0.001 0.049 
  67   (0.087) 0.306 0.107 
  63   (0.046) 0.002 0.098 
  79   (0.055) 0.033 0.065 
 792   (0.031) 0.001 0.048 
 671   (0.066) 0.058 0.086 
 831   (0.049) 0.029 0.050 
 752   (0.047) 0.026 0.046 
  55   (0.023) 0.003 0.010 
1401   (0.013) 0.000 0.003 
  59   (0.035) 0.010 0.025 
 712   (0.028) 0.001 0.037 
 833   (0.018) 0.000 0.013 
1322   (0.011) 0.000 0.002 
 136   (0.035) 0.012 0.023 
 164   (0.016) 0.001 0.006 
 872   (0.012) 0.000 0.003 
1282   (0.011) 0.000 0.002 
 148   (0.017) 0.000 0.008 
 144   (0.021) 0.009 0.004 
 119   (0.011) 0.000 0.002 
1402   (0.014) 0.000 0.005 
 751   (0.020) 0.034 0.004 
 132   (0.016) 0.019 0.002 
 791   (0.018) 0.012 0.003 
 832   (0.013) 0.003 0.002 
1361   (0.012) 0.012 0.001 
1281   (0.012) 0.005 0.001 
 124   (0.011) 0.001 0.001 
1321   (0.012) 0.004 0.001 
 140   (0.011) 0.001 0.001 

Locus 6 : Cl291 
20 alleles
0.0% missing data
 641   (0.059) 0.015 0.055 
  72   (0.109) 0.161 0.113 
 682   (0.028) 0.000 0.027 
 801   (0.034) 0.001 0.037 
 681   (0.123) 0.011 0.229 
  76   (0.108) 0.084 0.125 
 722   (0.101) 0.027 0.137 
 601   (0.017) 0.000 0.006 
  80   (0.052) 0.016 0.040 
 761   (0.024) 0.082 0.004 
 762   (0.035) 0.000 0.046 
 721   (0.070) 0.083 0.057 
  84   (0.064) 0.015 0.064 
  64   (0.049) 0.335 0.020 
  68   (0.050) 0.154 0.024 
 843   (0.016) 0.000 0.005 
 881   (0.017) 0.000 0.006 
 803   (0.017) 0.004 0.004 
 763   (0.014) 0.009 0.001 
  60   (0.013) 0.003 0.001 

Locus 7 : Cl308 
52 alleles
0.0% missing data
  72   (0.077) 0.138 0.166 
  64   (0.041) 0.169 0.037 
  68   (0.075) 0.465 0.133 
 103   (0.018) 0.000 0.018 
  80   (0.033) 0.007 0.035 
  76   (0.069) 0.120 0.135 
1151   (0.017) 0.000 0.018 
 123   (0.017) 0.000 0.017 
 115   (0.020) 0.000 0.026 
  83   (0.019) 0.001 0.016 
1231   (0.013) 0.000 0.006 
1192   (0.010) 0.000 0.002 
 131   (0.015) 0.000 0.010 
1191   (0.020) 0.002 0.015 
 752   (0.015) 0.000 0.010 
 143   (0.014) 0.000 0.009 
  79   (0.023) 0.001 0.033 
 119   (0.015) 0.000 0.009 
1431   (0.026) 0.001 0.038 
1112   (0.020) 0.000 0.027 
1193   (0.018) 0.001 0.010 
1591   (0.015) 0.000 0.009 
1232   (0.010) 0.000 0.002 
 139   (0.015) 0.000 0.011 
1111   (0.013) 0.000 0.006 
 127   (0.014) 0.000 0.006 
1391   (0.019) 0.000 0.023 
 121   (0.010) 0.000 0.002 
1313   (0.010) 0.000 0.002 
1113   (0.010) 0.000 0.002 
  87   (0.025) 0.000 0.054 
1031   (0.016) 0.000 0.013 
 155   (0.017) 0.000 0.014 
1312   (0.013) 0.000 0.006 
1272   (0.015) 0.000 0.008 
 151   (0.010) 0.000 0.002 
1351   (0.017) 0.001 0.011 
 135   (0.010) 0.000 0.002 
1432   (0.016) 0.003 0.006 
1152   (0.013) 0.000 0.006 
1271   (0.015) 0.000 0.010 
1311   (0.011) 0.000 0.003 
1472   (0.011) 0.000 0.003 
 137   (0.013) 0.000 0.006 
  88   (0.010) 0.000 0.002 
  60   (0.016) 0.026 0.003 
 712   (0.014) 0.000 0.007 
1071   (0.013) 0.000 0.006 
 751   (0.018) 0.041 0.004 
 107   (0.012) 0.002 0.003 
  67   (0.012) 0.005 0.001 
  71   (0.011) 0.010 0.001 

Locus 8 : Cl330 
25 alleles
1.7% missing data
  52   (0.142) 0.030 0.288 
 601   (0.085) 0.037 0.121 
  40   (0.077) 0.051 0.093 
  72   (0.030) 0.003 0.022 
  56   (0.081) 0.025 0.118 
 481   (0.062) 0.216 0.046 
  61   (0.034) 0.000 0.052 
  80   (0.016) 0.001 0.004 
 681   (0.042) 0.005 0.042 
  64   (0.056) 0.015 0.057 
  57   (0.030) 0.007 0.011 
  75   (0.015) 0.000 0.005 
  71   (0.023) 0.000 0.017 
  28   (0.039) 0.236 0.015 
  65   (0.022) 0.000 0.015 
 441   (0.041) 0.057 0.021 
  36   (0.031) 0.003 0.019 
  79   (0.017) 0.000 0.007 
  73   (0.015) 0.000 0.005 
 602   (0.013) 0.000 0.003 
  44   (0.046) 0.166 0.025 
  48   (0.022) 0.096 0.004 
  67   (0.019) 0.014 0.003 
 521   (0.023) 0.022 0.005 
  62   (0.018) 0.013 0.003 

Locus 9 : Cl344 
15 alleles
3.3% missing data
  56   (0.289) 0.103 0.428 
  60   (0.173) 0.090 0.213 
  48   (0.018) 0.000 0.006 
  76   (0.017) 0.000 0.005 
  64   (0.121) 0.370 0.098 
  72   (0.082) 0.010 0.097 
 761   (0.025) 0.005 0.006 
 641   (0.042) 0.003 0.036 
  68   (0.067) 0.037 0.050 
 601   (0.028) 0.001 0.017 
  52   (0.058) 0.312 0.025 
 681   (0.018) 0.000 0.006 
 721   (0.019) 0.000 0.008 
 561   (0.020) 0.049 0.002 
 521   (0.023) 0.021 0.004 

Locus 10 : Cl366 
8 alleles
0.1% missing data
  80   (0.262) 0.430 0.257 
  92   (0.034) 0.000 0.030 
  76   (0.251) 0.223 0.273 
  88   (0.082) 0.004 0.109 
  84   (0.127) 0.045 0.134 
  72   (0.199) 0.283 0.189 
  64   (0.029) 0.012 0.006 
  68   (0.017) 0.002 0.003 

Locus 11 : Cl375 
15 alleles
0.0% missing data
 491   (0.091) 0.094 0.093 
  53   (0.217) 0.405 0.273 
 612   (0.042) 0.021 0.023 
  57   (0.178) 0.107 0.260 
  45   (0.072) 0.090 0.059 
  61   (0.122) 0.152 0.137 
 651   (0.033) 0.003 0.022 
  69   (0.034) 0.002 0.027 
 571   (0.057) 0.027 0.045 
  65   (0.043) 0.006 0.034 
  37   (0.016) 0.000 0.005 
 691   (0.029) 0.013 0.008 
 531   (0.029) 0.070 0.007 
  49   (0.024) 0.008 0.005 
 532   (0.015) 0.002 0.002 

Locus 12 : Cl408 
13 alleles
0.1% missing data
  62   (0.216) 0.070 0.298 
  74   (0.059) 0.009 0.049 
  50   (0.063) 0.271 0.030 
  58   (0.106) 0.090 0.096 
  66   (0.142) 0.020 0.204 
  70   (0.049) 0.001 0.060 
  54   (0.169) 0.184 0.177 
  78   (0.028) 0.001 0.015 
  79   (0.020) 0.000 0.009 
  75   (0.059) 0.094 0.031 
  82   (0.015) 0.000 0.003 
  46   (0.057) 0.248 0.025 
  34   (0.017) 0.011 0.002 

Locus 13 : Cl507 
22 alleles
0.0% missing data
  70   (0.077) 0.052 0.078 
  94   (0.032) 0.003 0.022 
  74   (0.063) 0.039 0.054 
  54   (0.066) 0.068 0.054 
  82   (0.100) 0.005 0.203 
  90   (0.053) 0.019 0.043 
  86   (0.052) 0.002 0.083 
 701   (0.020) 0.000 0.011 
  78   (0.041) 0.001 0.056 
  62   (0.110) 0.278 0.110 
 741   (0.045) 0.002 0.062 
  66   (0.124) 0.318 0.131 
 661   (0.022) 0.000 0.015 
  58   (0.051) 0.133 0.028 
  98   (0.023) 0.000 0.017 
 781   (0.017) 0.000 0.007 
 141   (0.019) 0.000 0.010 
 102   (0.015) 0.000 0.005 
 106   (0.012) 0.000 0.002 
  50   (0.029) 0.037 0.008 
 702   (0.013) 0.002 0.001 
 621   (0.015) 0.039 0.001 

Locus 14 : Cl527 
29 alleles
0.0% missing data
  62   (0.074) 0.038 0.086 
 622   (0.014) 0.000 0.003 
 461   (0.025) 0.010 0.007 
  82   (0.017) 0.000 0.009 
 661   (0.074) 0.007 0.133 
  70   (0.049) 0.003 0.071 
 581   (0.055) 0.028 0.050 
 701   (0.049) 0.001 0.097 
 501   (0.028) 0.000 0.031 
  66   (0.098) 0.141 0.118 
 741   (0.033) 0.001 0.044 
  58   (0.074) 0.019 0.101 
 541   (0.039) 0.001 0.055 
  74   (0.020) 0.003 0.004 
 621   (0.048) 0.002 0.083 
  78   (0.019) 0.000 0.011 
 781   (0.013) 0.000 0.003 
 462   (0.016) 0.000 0.006 
  67   (0.024) 0.001 0.014 
  54   (0.021) 0.190 0.003 
  50   (0.045) 0.225 0.022 
  63   (0.021) 0.005 0.004 
  46   (0.051) 0.082 0.034 
  57   (0.022) 0.026 0.004 
  42   (0.018) 0.151 0.002 
  61   (0.015) 0.056 0.001 
  65   (0.016) 0.006 0.002 
  26   (0.012) 0.001 0.001 
  53   (0.012) 0.001 0.001 

Locus 15 : Cl380 
21 alleles
3.7% missing data
 671   (0.104) 0.140 0.118 
 672   (0.098) 0.157 0.105 
 751   (0.031) 0.001 0.032 
  71   (0.049) 0.002 0.073 
  79   (0.192) 0.454 0.247 
  75   (0.083) 0.030 0.103 
 711   (0.082) 0.008 0.141 
  67   (0.020) 0.000 0.012 
 791   (0.018) 0.000 0.009 
 591   (0.034) 0.009 0.015 
 552   (0.050) 0.017 0.041 
 792   (0.021) 0.000 0.013 
 593   (0.023) 0.001 0.015 
  59   (0.031) 0.002 0.022 
 631   (0.020) 0.028 0.002 
 833   (0.027) 0.013 0.008 
 712   (0.021) 0.000 0.011 
  63   (0.043) 0.022 0.026 
 551   (0.022) 0.097 0.004 
 592   (0.017) 0.014 0.002 
 632   (0.013) 0.004 0.001 

Locus 16 : Lup02 
6 alleles
0.3% missing data
  56   (0.488) 0.640 0.496 
  60   (0.158) 0.041 0.175 
  52   (0.152) 0.209 0.124 
  48   (0.145) 0.015 0.187 
 561   (0.022) 0.000 0.010 
  64   (0.035) 0.094 0.007 

Locus 17 : Lup13 
5 alleles
0.0% missing data
  57   (0.291) 0.580 0.250 
  61   (0.435) 0.254 0.490 
  65   (0.079) 0.003 0.097 
  53   (0.180) 0.157 0.162 
  69   (0.016) 0.005 0.001 

Locus 18 : Lup20 
9 alleles
1.3% missing data
  56   (0.509) 0.217 0.669 
 601   (0.095) 0.028 0.087 
  60   (0.136) 0.382 0.100 
  68   (0.074) 0.185 0.039 
  64   (0.088) 0.077 0.063 
  72   (0.025) 0.000 0.016 
 681   (0.025) 0.001 0.013 
 641   (0.021) 0.000 0.009 
  52   (0.027) 0.109 0.004 

Locus 19 : Lup21 
11 alleles
0.1% missing data
  41   (0.277) 0.088 0.348 
  57   (0.257) 0.125 0.294 
  53   (0.164) 0.414 0.126 
  37   (0.029) 0.000 0.022 
  45   (0.096) 0.002 0.158 
 531   (0.016) 0.000 0.003 
 611   (0.046) 0.022 0.019 
 491   (0.021) 0.000 0.009 
  61   (0.025) 0.082 0.004 
  49   (0.031) 0.227 0.005 
 612   (0.038) 0.040 0.011 

Locus 20 : Lup23 
6 alleles
0.0% missing data
  59   (0.246) 0.350 0.195 
  63   (0.610) 0.138 0.747 
  67   (0.035) 0.001 0.026 
  55   (0.078) 0.504 0.030 
 671   (0.016) 0.004 0.001 
  51   (0.015) 0.004 0.001 

Values of parameters used in structure:
DATAFILE=/home/eva.pavlovic/data_job_4a1_3_1,	OUTFILE=/home/eva.pavlovic/ParallelStructure/26_results_20MS/4a1_Croatia_low_numbers/4a1_Croatia_low_numbers_3/results_job_4a1_3_1,	NUMINDS=750,	NUMLOCI=20,	MISSING=-9,	LABEL=1,	POPDATA=1,	POPFLAG=0,	PHENOTYPE=0,	EXTRACOLS=0,	MAXPOPS=2,	BURNIN=300000,	NUMREPS=3000000,	USEPOPINFO=0,	INFERALPHA=1,	INFERLAMBDA=0,	POPSPECIFICLAMBDA=0,	POPALPHAS=0,	COMPUTEPROB=1,	NOADMIX=0,	ADMBURNIN=2500,	UPDATEFREQ=1,	PRINTLIKES=0,	INTERMEDSAVE=0,	PRINTKLD=0,	PRINTNET=0,	PRINTLAMBDA=0,	ANCESTDIST=0,	NUMBOXES=1000,	ANCESTPINT=0.90000,	GENSBACK=2,	MIGRPRIOR=0.05000,	PRINTQHAT=1,	PRINTQSUM=0,	ALPHA=1.0000,	FREQSCORR=1,	FPRIORMEAN=0.0100,	FPRIORSD=0.0500,	ONEFST=0,	LAMBDA=1.0000,	UNIFPRIORALPHA=1,	ALPHAMAX=10.0000,	ALPHAPRIORA=1.0000,	ALPHAPRIORB=2.0000,	ALPHAPROPSD=0.0250,	STARTATPOPINFO=0,	RANDOMIZE=1,	LINKAGE=0,	METROFREQ=10,	REPORTHITRATE=0,	MARKOVPHASE=-1,	PHASED=0,	PLOIDY=2,	PHASEINFO=0	LOCPRIOR=0, 	LOCPRIORINIT=1.000000, 	LOCDATA=0, 	LOCISPOP=0, 	LOCPRIORSTEP=0.100000, 	MAXLOCPRIOR=20.000000, 	SEED=1772652963,	
[STRAT parameters]:    NUMSIMSTATS=1000,	PHENOTYPECOL=-9,	POOLFREQ=10,	LOCUSxONLY=0,	EMERROR=0.00100,	MISSINGPHENO=-9,	