       M1EL5  1 0.9634 0.0366 
       W26T6  1 0.9119 0.0881 
       W26XX  1 0.9770 0.0230 
       M013P  1 0.9832 0.0168 
       M1ELA  1 0.9317 0.0683 
       M2C73  1 0.9711 0.0289 
       W23P4  1 0.8850 0.1150 
       W247C  1 0.9816 0.0184 
       W24K1  1 0.9813 0.0187 
       W24ME  1 0.8897 0.1103 
       W2514  1 0.9635 0.0365 
       W26MA  1 0.9659 0.0341 
       W26MM  1 0.9785 0.0215 
       W26MU  1 0.9690 0.0310 
       W26P0  1 0.9459 0.0541 
       W26P3  1 0.9831 0.0169 
       W26T5  1 0.9806 0.0194 
       W26TE  1 0.9572 0.0428 
       W26TF  1 0.9802 0.0198 
       W26U8  1 0.9309 0.0691 
       W26UJ  1 0.9818 0.0182 
       W26UK  1 0.9837 0.0163 
       W26UT  1 0.9831 0.0169 
       W26XT  1 0.9774 0.0226 
      CC06H2  1 0.9491 0.0509 
      CC06H4  1 0.9806 0.0194 
      CC06H5  1 0.9528 0.0472 
      CC06H6  1 0.9759 0.0241 
      CC06HE  1 0.9804 0.0196 
      CC06HF  1 0.9475 0.0525 
      CC06HH  1 0.9805 0.0195 
      CC06HJ  1 0.9649 0.0351 
      CC06HL  1 0.9851 0.0149 
      CC06HP  1 0.9839 0.0161 
      CC06HT  1 0.9613 0.0387 
      CC06HU  1 0.9818 0.0182 
      CC06HY  1 0.9611 0.0389 
      CC06J0  1 0.9676 0.0324 
      CC06J1  1 0.9318 0.0682 
      CC06J2  1 0.9736 0.0264 
     CT.0YCY  1 0.9759 0.0241 
     CT.0YEC  1 0.9850 0.0150 
     CT.0YEF  1 0.9759 0.0241 
     CT.0YEU  1 0.9819 0.0181 
     CT.0YF2  1 0.9372 0.0628 
     CT.0YF8  1 0.9836 0.0164 
     CT.0YFA  1 0.9690 0.0310 
     CT.0YFE  1 0.9702 0.0298 
     CT.0YFP  1 0.9530 0.0470 
     CT.0YFU  1 0.9763 0.0237 
     CT.0YK7  1 0.9670 0.0330 
     CX.10PT  1 0.9141 0.0859 
      DAM021  1 0.9601 0.0399 
      DAM034  1 0.9685 0.0315 
      DAM07X  1 0.9703 0.0297 
     EF.15J6  1 0.9786 0.0214 
      HRV010  1 0.9783 0.0217 
      HRV02J  1 0.9599 0.0401 
      HRV078  1 0.9700 0.0300 
      HRV0FH  1 0.9685 0.0315 
      HRV0H5  1 0.9722 0.0278 
      HRV0JF  1 0.9253 0.0747 
      HRV0JJ  1 0.9567 0.0433 
      HRV0JM  1 0.9707 0.0293 
      HRV0K6  1 0.9462 0.0538 
      HRV0K7  1 0.9787 0.0213 
      HRV0KP  1 0.9734 0.0266 
      HRV1AX  1 0.9471 0.0529 
      HRV1C4  1 0.9675 0.0325 
      HRV1CH  1 0.9687 0.0313 
      HRV1FA  1 0.9623 0.0377 
      HRV1FK  1 0.9596 0.0404 
      HRV1H8  1 0.9730 0.0270 
      HRV1HT  1 0.9629 0.0371 
      HRV1XU  1 0.9753 0.0247 
      HRV4TF  1 0.9815 0.0185 
      HRV6F0  1 0.9689 0.0311 
      HRVE6L  1 0.9612 0.0388 
       M27HM  1 0.9692 0.0308 
       M27HP  1 0.9800 0.0200 
       M2AK4  1 0.9778 0.0222 
       M2ALA  1 0.9795 0.0205 
       M2C56  1 0.9655 0.0345 
       M2CUX  1 0.9534 0.0466 
       M2E24  1 0.9821 0.0179 
       M2EA7  1 0.9764 0.0236 
       M2EH6  1 0.9811 0.0189 
       M2EKC  1 0.9012 0.0988 
      MSV083  1 0.9776 0.0224 
      MSV084  1 0.9479 0.0521 
      MSV0LJ  1 0.9651 0.0349 
      MSV1H5  1 0.9507 0.0493 
      MSV1KM  1 0.9804 0.0196 
      MSV23F  1 0.9732 0.0268 
      MSV2L8  1 0.9712 0.0288 
      MSV2P7  1 0.9766 0.0234 
      MSV2TJ  1 0.9415 0.0585 
      MSV2XM  1 0.9683 0.0317 
      MSV327  1 0.9692 0.0308 
      MSV33L  1 0.9825 0.0175 
        h001  2 0.8302 0.1698 
        h002  2 0.9238 0.0762 
        h003  2 0.9396 0.0604 
        h004  2 0.9781 0.0219 
        h005  2 0.9852 0.0148 
        h006  2 0.8552 0.1448 
        h007  2 0.9153 0.0847 
        h008  2 0.9614 0.0386 
        h009  2 0.9793 0.0207 
        h010  2 0.9801 0.0199 
        h011  2 0.8845 0.1155 
        h012  2 0.9214 0.0786 
        h013  2 0.9670 0.0330 
        h014  2 0.9801 0.0199 
        h015  2 0.9037 0.0963 
        h016  2 0.9229 0.0771 
        h017  2 0.9211 0.0789 
        h018  2 0.9299 0.0701 
        h019  2 0.9538 0.0462 
        h020  2 0.8961 0.1039 
        h021  2 0.9635 0.0365 
        h022  2 0.9251 0.0749 
        h023  2 0.9785 0.0215 
        h024  2 0.9463 0.0537 
        h025  2 0.9811 0.0189 
        h026  2 0.9027 0.0973 
        h027  2 0.9798 0.0202 
        h028  2 0.9649 0.0351 
        h029  2 0.9498 0.0502 
        h030  2 0.9462 0.0538 
        h031  2 0.9503 0.0497 
        h032  2 0.9798 0.0202 
        h033  2 0.9695 0.0305 
        h034  2 0.7907 0.2093 
        h035  2 0.8845 0.1155 
        h036  2 0.9857 0.0143 
        h037  2 0.9734 0.0266 
        h038  2 0.8844 0.1156 
        h039  2 0.9098 0.0902 
        h040  2 0.9830 0.0170 
        h041  2 0.8550 0.1450 
        h042  2 0.9753 0.0247 
        h043  2 0.7360 0.2640 
        h044  2 0.8955 0.1045 
        h045  2 0.9753 0.0247 
        h046  2 0.8626 0.1374 
        h047  2 0.9602 0.0398 
        h048  2 0.9248 0.0752 
        h049  2 0.9557 0.0443 
        h050  2 0.8871 0.1129 
        h051  2 0.9839 0.0161 
        h052  2 0.9645 0.0355 
        h053  2 0.9617 0.0383 
        h054  2 0.8927 0.1073 
        h055  2 0.8940 0.1060 
        h056  2 0.9527 0.0473 
        h057  2 0.8117 0.1883 
        h058  2 0.9630 0.0370 
        h059  2 0.9215 0.0785 
        h060  2 0.9560 0.0440 
        h061  2 0.9749 0.0251 
        h062  2 0.7319 0.2681 
        h063  2 0.9531 0.0469 
        h064  2 0.9129 0.0871 
        h065  2 0.9694 0.0306 
        h066  2 0.9832 0.0168 
        h067  2 0.7869 0.2131 
        h068  2 0.9811 0.0189 
        h069  2 0.9569 0.0431 
        h070  2 0.9427 0.0573 
        h071  2 0.9014 0.0986 
        h072  2 0.8819 0.1181 
        h073  2 0.9504 0.0496 
        h074  2 0.8646 0.1354 
        h075  2 0.9357 0.0643 
        h076  2 0.9426 0.0574 
        h077  2 0.8750 0.1250 
        h078  2 0.9689 0.0311 
        h079  2 0.8906 0.1094 
        h080  2 0.9721 0.0279 
        h081  2 0.9414 0.0586 
        h082  2 0.9011 0.0989 
        h083  2 0.9723 0.0277 
        h084  2 0.9297 0.0703 
        h085  2 0.9820 0.0180 
        h086  2 0.7841 0.2159 
        h087  2 0.9632 0.0368 
        h088  2 0.9305 0.0695 
        h089  2 0.9506 0.0494 
        h090  2 0.9441 0.0559 
        h091  2 0.9386 0.0614 
        h092  2 0.9400 0.0600 
        h093  2 0.9423 0.0577 
        h094  2 0.9662 0.0338 
        h095  2 0.8979 0.1021 
        h096  2 0.9761 0.0239 
        h097  2 0.9385 0.0615 
        h098  2 0.8837 0.1163 
        h099  2 0.8281 0.1719 
        h100  2 0.9518 0.0482 
       h0011  3 0.8053 0.1947 
       h0021  3 0.7228 0.2772 
       h0031  3 0.9454 0.0546 
       h0041  3 0.9026 0.0974 
       h0051  3 0.5853 0.4147 
       h0061  3 0.8699 0.1301 
       h0071  3 0.9305 0.0695 
       h0081  3 0.5216 0.4784 
       h0091  3 0.3195 0.6805 
       h0101  3 0.8522 0.1478 
       h0111  3 0.4114 0.5886 
       h0121  3 0.9570 0.0430 
       h0131  3 0.9707 0.0293 
       h0141  3 0.6975 0.3025 
       h0151  3 0.6458 0.3542 
       h0161  3 0.8129 0.1871 
       h0171  3 0.6325 0.3675 
       h0181  3 0.8062 0.1938 
       h0191  3 0.9238 0.0762 
       h0201  3 0.6798 0.3202 
       h0211  3 0.8009 0.1991 
       h0221  3 0.9536 0.0464 
       h0231  3 0.7322 0.2678 
       h0241  3 0.9030 0.0970 
       h0251  3 0.9536 0.0464 
       h0261  3 0.6281 0.3719 
       h0271  3 0.8298 0.1702 
       h0281  3 0.9515 0.0485 
       h0291  3 0.8289 0.1711 
       h0301  3 0.9330 0.0670 
       h0311  3 0.6773 0.3227 
       h0321  3 0.6803 0.3197 
       h0331  3 0.8395 0.1605 
       h0341  3 0.8770 0.1230 
       h0351  3 0.9619 0.0381 
       h0361  3 0.8574 0.1426 
       h0371  3 0.7839 0.2161 
       h0381  3 0.8907 0.1093 
       h0391  3 0.9610 0.0390 
       h0401  3 0.9050 0.0950 
       h0411  3 0.9374 0.0626 
       h0421  3 0.6648 0.3352 
       h0431  3 0.6622 0.3378 
       h0441  3 0.9636 0.0364 
       h0451  3 0.8042 0.1958 
       h0461  3 0.9357 0.0643 
       h0471  3 0.8250 0.1750 
       h0481  3 0.8952 0.1048 
       h0491  3 0.7121 0.2879 
       h0501  3 0.7068 0.2932 
       h0511  3 0.8745 0.1255 
       h0521  3 0.8699 0.1301 
       h0531  3 0.8292 0.1708 
       h0541  3 0.9419 0.0581 
       h0551  3 0.7939 0.2061 
       h0561  3 0.8872 0.1128 
       h0571  3 0.6629 0.3371 
       h0581  3 0.8595 0.1405 
       h0591  3 0.8458 0.1542 
       h0601  3 0.7575 0.2425 
       h0611  3 0.9493 0.0507 
       h0621  3 0.6571 0.3429 
       h0631  3 0.8437 0.1563 
       h0641  3 0.8400 0.1600 
       h0651  3 0.6504 0.3496 
       h0661  3 0.7857 0.2143 
       h0671  3 0.9196 0.0804 
       h0681  3 0.5049 0.4951 
       h0691  3 0.9416 0.0584 
       h0701  3 0.8202 0.1798 
       h0711  3 0.6587 0.3413 
       h0721  3 0.8533 0.1467 
       h0731  3 0.6299 0.3701 
       h0741  3 0.9433 0.0567 
       h0751  3 0.9171 0.0829 
       h0761  3 0.7921 0.2079 
       h0771  3 0.9161 0.0839 
       h0781  3 0.7724 0.2276 
       h0791  3 0.9393 0.0607 
       h0801  3 0.7838 0.2162 
       h0811  3 0.8104 0.1896 
       h0821  3 0.8155 0.1845 
       h0831  3 0.8386 0.1614 
       h0841  3 0.9061 0.0939 
       h0851  3 0.7347 0.2653 
       h0861  3 0.8327 0.1673 
       h0871  3 0.9050 0.0950 
       h0881  3 0.8896 0.1104 
       h0891  3 0.7284 0.2716 
       h0901  3 0.5963 0.4037 
       h0911  3 0.5055 0.4945 
       h0921  3 0.7123 0.2877 
       h0931  3 0.6200 0.3800 
       h0941  3 0.8976 0.1024 
       h0951  3 0.9006 0.0994 
       h0961  3 0.7823 0.2177 
       h0971  3 0.9285 0.0715 
       h0981  3 0.8424 0.1576 
       h0991  3 0.7943 0.2057 
       h1001  3 0.7742 0.2258 
      MSV1TX  4 0.6723 0.3277 
      MSV025  4 0.3427 0.6573 
      MSV02C  4 0.4634 0.5366 
      MSV02E  4 0.4255 0.5745 
      MSV0TF  4 0.3643 0.6357 
       M2EL8  4 0.2905 0.7095 
       h0012  5 0.6804 0.3196 
       h0022  5 0.5306 0.4694 
       h0032  5 0.5667 0.4333 
       h0042  5 0.7598 0.2402 
       h0052  5 0.4957 0.5043 
       h0062  5 0.3693 0.6307 
       h0072  5 0.4198 0.5802 
       h0082  5 0.6075 0.3925 
       h0092  5 0.6049 0.3951 
       h0102  5 0.5348 0.4652 
       h0112  5 0.4624 0.5376 
       h0122  5 0.7742 0.2258 
       h0132  5 0.6185 0.3815 
       h0142  5 0.4916 0.5084 
       h0152  5 0.6002 0.3998 
       h0162  5 0.6419 0.3581 
       h0172  5 0.6676 0.3324 
       h0182  5 0.4896 0.5104 
       h0192  5 0.6098 0.3902 
       h0202  5 0.3720 0.6280 
       h0212  5 0.5606 0.4394 
       h0222  5 0.5218 0.4782 
       h0232  5 0.5403 0.4597 
       h0242  5 0.4098 0.5902 
       h0252  5 0.5115 0.4885 
       h0262  5 0.4244 0.5756 
       h0272  5 0.3120 0.6880 
       h0282  5 0.3255 0.6745 
       h0292  5 0.5400 0.4600 
       h0302  5 0.3947 0.6053 
       h0312  5 0.5125 0.4875 
       h0322  5 0.6577 0.3423 
       h0332  5 0.4400 0.5600 
       h0342  5 0.4848 0.5152 
       h0352  5 0.7723 0.2277 
       h0362  5 0.5958 0.4042 
       h0372  5 0.7439 0.2561 
       h0382  5 0.4966 0.5034 
       h0392  5 0.6032 0.3968 
       h0402  5 0.3283 0.6717 
       h0412  5 0.5704 0.4296 
       h0422  5 0.6314 0.3686 
       h0432  5 0.3448 0.6552 
       h0442  5 0.6441 0.3559 
       h0452  5 0.4558 0.5442 
       h0462  5 0.4944 0.5056 
       h0472  5 0.7369 0.2631 
       h0482  5 0.6457 0.3543 
       h0492  5 0.4288 0.5712 
       h0502  5 0.5728 0.4272 
       h0512  5 0.4134 0.5866 
       h0522  5 0.5550 0.4450 
       h0532  5 0.4949 0.5051 
       h0542  5 0.4950 0.5050 
       h0552  5 0.4477 0.5523 
       h0562  5 0.5396 0.4604 
       h0572  5 0.5446 0.4554 
       h0582  5 0.3365 0.6635 
       h0592  5 0.4208 0.5792 
       h0602  5 0.4814 0.5186 
       h0612  5 0.6385 0.3615 
       h0622  5 0.5271 0.4729 
       h0632  5 0.5291 0.4709 
       h0642  5 0.5219 0.4781 
       h0652  5 0.9289 0.0711 
       h0662  5 0.5467 0.4533 
       h0672  5 0.4613 0.5387 
       h0682  5 0.7160 0.2840 
       h0692  5 0.6218 0.3782 
       h0702  5 0.6363 0.3637 
       h0712  5 0.5339 0.4661 
       h0722  5 0.5899 0.4101 
       h0732  5 0.3958 0.6042 
       h0742  5 0.5598 0.4402 
       h0752  5 0.8333 0.1667 
       h0762  5 0.3990 0.6010 
       h0772  5 0.6646 0.3354 
       h0782  5 0.5617 0.4383 
       h0792  5 0.4304 0.5696 
       h0802  5 0.5074 0.4926 
       h0812  5 0.4483 0.5517 
       h0822  5 0.4672 0.5328 
       h0832  5 0.4273 0.5727 
       h0842  5 0.8605 0.1395 
       h0852  5 0.5830 0.4170 
       h0862  5 0.2330 0.7670 
       h0872  5 0.7551 0.2449 
       h0882  5 0.5765 0.4235 
       h0892  5 0.5069 0.4931 
       h0902  5 0.4668 0.5332 
       h0912  5 0.4939 0.5061 
       h0922  5 0.5360 0.4640 
       h0932  5 0.3737 0.6263 
       h0942  5 0.6868 0.3132 
       h0952  5 0.4676 0.5324 
       h0962  5 0.5261 0.4739 
       h0972  5 0.4116 0.5884 
       h0982  5 0.5191 0.4809 
       h0992  5 0.5398 0.4602 
       h1002  5 0.4851 0.5149 
      MSV21T  6 0.0605 0.9395 
       M2E71  6 0.0986 0.9014 
       h0013  7 0.2970 0.7030 
       h0023  7 0.3973 0.6027 
       h0033  7 0.3381 0.6619 
       h0043  7 0.2184 0.7816 
       h0053  7 0.0483 0.9517 
       h0063  7 0.4163 0.5837 
       h0073  7 0.2789 0.7211 
       h0083  7 0.1544 0.8456 
       h0093  7 0.1234 0.8766 
       h0103  7 0.4268 0.5732 
       h0113  7 0.1208 0.8792 
       h0123  7 0.1266 0.8734 
       h0133  7 0.0794 0.9206 
       h0143  7 0.2289 0.7711 
       h0153  7 0.3494 0.6506 
       h0163  7 0.3201 0.6799 
       h0173  7 0.1950 0.8050 
       h0183  7 0.2981 0.7019 
       h0193  7 0.3780 0.6220 
       h0203  7 0.3098 0.6902 
       h0213  7 0.2019 0.7981 
       h0223  7 0.3008 0.6992 
       h0233  7 0.2247 0.7753 
       h0243  7 0.1631 0.8369 
       h0253  7 0.4082 0.5918 
       h0263  7 0.0511 0.9489 
       h0273  7 0.2248 0.7752 
       h0283  7 0.3662 0.6338 
       h0293  7 0.2704 0.7296 
       h0303  7 0.2977 0.7023 
       h0313  7 0.0602 0.9398 
       h0323  7 0.1221 0.8779 
       h0333  7 0.2704 0.7296 
       h0343  7 0.0786 0.9214 
       h0353  7 0.3375 0.6625 
       h0363  7 0.3126 0.6874 
       h0373  7 0.2277 0.7723 
       h0383  7 0.4415 0.5585 
       h0393  7 0.4125 0.5875 
       h0403  7 0.0639 0.9361 
       h0413  7 0.3124 0.6876 
       h0423  7 0.1375 0.8625 
       h0433  7 0.0276 0.9724 
       h0443  7 0.2075 0.7925 
       h0453  7 0.3068 0.6932 
       h0463  7 0.1201 0.8799 
       h0473  7 0.2258 0.7742 
       h0483  7 0.2484 0.7516 
       h0493  7 0.1467 0.8533 
       h0503  7 0.1948 0.8052 
       h0513  7 0.2276 0.7724 
       h0523  7 0.5218 0.4782 
       h0533  7 0.2455 0.7545 
       h0543  7 0.2237 0.7763 
       h0553  7 0.1394 0.8606 
       h0563  7 0.3306 0.6694 
       h0573  7 0.2722 0.7278 
       h0583  7 0.0954 0.9046 
       h0593  7 0.1988 0.8012 
       h0603  7 0.1729 0.8271 
       h0613  7 0.0896 0.9104 
       h0623  7 0.1986 0.8014 
       h0633  7 0.1458 0.8542 
       h0643  7 0.3981 0.6019 
       h0653  7 0.3267 0.6733 
       h0663  7 0.3073 0.6927 
       h0673  7 0.2028 0.7972 
       h0683  7 0.0961 0.9039 
       h0693  7 0.4242 0.5758 
       h0703  7 0.3309 0.6691 
       h0713  7 0.1243 0.8757 
       h0723  7 0.2180 0.7820 
       h0733  7 0.2215 0.7785 
       h0743  7 0.2036 0.7964 
       h0753  7 0.1457 0.8543 
       h0763  7 0.1315 0.8685 
       h0773  7 0.3953 0.6047 
       h0783  7 0.1500 0.8500 
       h0793  7 0.4668 0.5332 
       h0803  7 0.2428 0.7572 
       h0813  7 0.0547 0.9453 
       h0823  7 0.4004 0.5996 
       h0833  7 0.1198 0.8802 
       h0843  7 0.2860 0.7140 
       h0853  7 0.1577 0.8423 
       h0863  7 0.3237 0.6763 
       h0873  7 0.2091 0.7909 
       h0883  7 0.1948 0.8052 
       h0893  7 0.0657 0.9343 
       h0903  7 0.2039 0.7961 
       h0913  7 0.1351 0.8649 
       h0923  7 0.2207 0.7793 
       h0933  7 0.3976 0.6024 
       h0943  7 0.2782 0.7218 
       h0953  7 0.3085 0.6915 
       h0963  7 0.2806 0.7194 
       h0973  7 0.3366 0.6634 
       h0983  7 0.0700 0.9300 
       h0993  7 0.1575 0.8425 
       h1003  7 0.4311 0.5689 
       W23CA  8 0.0202 0.9798 
     AP.085Y  8 0.0337 0.9663 
     CH.0LLY  8 0.0813 0.9187 
       M0LEC  8 0.0167 0.9833 
       M2C3H  8 0.0290 0.9710 
       M2CHL  8 0.0954 0.9046 
       W26P7  8 0.0297 0.9703 
     AP.07M5  8 0.0583 0.9417 
     AP.080U  8 0.0363 0.9637 
     AP.082A  8 0.0186 0.9814 
     AP.0843  8 0.0515 0.9485 
     AP.0844  8 0.1220 0.8780 
     AP.084X  8 0.0265 0.9735 
     AP.086Y  8 0.0245 0.9755 
     AP.0870  8 0.0324 0.9676 
     AP.0878  8 0.0354 0.9646 
     AP.087F  8 0.0318 0.9682 
     AP.087Y  8 0.0721 0.9279 
     AP.088P  8 0.0557 0.9443 
     AP.08AK  8 0.0657 0.9343 
     CH.0LLM  8 0.0286 0.9714 
     CH.0LLU  8 0.0964 0.9036 
     CH.0LM0  8 0.0533 0.9467 
     CH.0LM3  8 0.0635 0.9365 
       W26MY  8 0.1924 0.8076 
       W26P6  8 0.0992 0.9008 
      HRV07U  8 0.0646 0.9354 
      HRV1CT  8 0.0249 0.9751 
      HRV1CU  8 0.0178 0.9822 
      HRV1E6  8 0.0146 0.9854 
      HRV081  8 0.0149 0.9851 
      HRV1E3  8 0.0480 0.9520 
      MSV21E  8 0.0483 0.9517 
      MSV216  8 0.0395 0.9605 
       M0TYK  8 0.0707 0.9293 
      MSV2AA  8 0.0336 0.9664 
     CK.0PET  8 0.1121 0.8879 
       M2E8C  8 0.0300 0.9700 
      MSV23X  8 0.0485 0.9515 
      MSV32A  8 0.0811 0.9189 
     AP.0838  8 0.0292 0.9708 
     AP.088F  8 0.0270 0.9730 
       h0014  9 0.0208 0.9792 
       h0024  9 0.1024 0.8976 
       h0034  9 0.1377 0.8623 
       h0044  9 0.2976 0.7024 
       h0054  9 0.0227 0.9773 
       h0064  9 0.3271 0.6729 
       h0074  9 0.1121 0.8879 
       h0084  9 0.1167 0.8833 
       h0094  9 0.0504 0.9496 
       h0104  9 0.0404 0.9596 
       h0114  9 0.0676 0.9324 
       h0124  9 0.0210 0.9790 
       h0134  9 0.0352 0.9648 
       h0144  9 0.0275 0.9725 
       h0154  9 0.0243 0.9757 
       h0164  9 0.0162 0.9838 
       h0174  9 0.0870 0.9130 
       h0184  9 0.0523 0.9477 
       h0194  9 0.1790 0.8210 
       h0204  9 0.2964 0.7036 
       h0214  9 0.0450 0.9550 
       h0224  9 0.2242 0.7758 
       h0234  9 0.1824 0.8176 
       h0244  9 0.1123 0.8877 
       h0254  9 0.1833 0.8167 
       h0264  9 0.0317 0.9683 
       h0274  9 0.0694 0.9306 
       h0284  9 0.1349 0.8651 
       h0294  9 0.0379 0.9621 
       h0304  9 0.0519 0.9481 
       h0314  9 0.1153 0.8847 
       h0324  9 0.1216 0.8784 
       h0334  9 0.1096 0.8904 
       h0344  9 0.1400 0.8600 
       h0354  9 0.1627 0.8373 
       h0364  9 0.0538 0.9462 
       h0374  9 0.2003 0.7997 
       h0384  9 0.3490 0.6510 
       h0394  9 0.0494 0.9506 
       h0404  9 0.0249 0.9751 
       h0414  9 0.0344 0.9656 
       h0424  9 0.1421 0.8579 
       h0434  9 0.0986 0.9014 
       h0444  9 0.1168 0.8832 
       h0454  9 0.0308 0.9692 
       h0464  9 0.0731 0.9269 
       h0474  9 0.0912 0.9088 
       h0484  9 0.0236 0.9764 
       h0494  9 0.1509 0.8491 
       h0504  9 0.0384 0.9616 
       h0514  9 0.0569 0.9431 
       h0524  9 0.2030 0.7970 
       h0534  9 0.0960 0.9040 
       h0544  9 0.0613 0.9387 
       h0554  9 0.1785 0.8215 
       h0564  9 0.1397 0.8603 
       h0574  9 0.0371 0.9629 
       h0584  9 0.0405 0.9595 
       h0594  9 0.0929 0.9071 
       h0604  9 0.0762 0.9238 
       h0614  9 0.1486 0.8514 
       h0624  9 0.0393 0.9607 
       h0634  9 0.1371 0.8629 
       h0644  9 0.1237 0.8763 
       h0654  9 0.2047 0.7953 
       h0664  9 0.1686 0.8314 
       h0674  9 0.0443 0.9557 
       h0684  9 0.1000 0.9000 
       h0694  9 0.0735 0.9265 
       h0704  9 0.0908 0.9092 
       h0714  9 0.1908 0.8092 
       h0724  9 0.0379 0.9621 
       h0734  9 0.0448 0.9552 
       h0744  9 0.0960 0.9040 
       h0754  9 0.0243 0.9757 
       h0764  9 0.1102 0.8898 
       h0774  9 0.2570 0.7430 
       h0784  9 0.0995 0.9005 
       h0794  9 0.1664 0.8336 
       h0804  9 0.0150 0.9850 
       h0814  9 0.0521 0.9479 
       h0824  9 0.0918 0.9082 
       h0834  9 0.1055 0.8945 
       h0844  9 0.1760 0.8240 
       h0854  9 0.0445 0.9555 
       h0864  9 0.4021 0.5979 
       h0874  9 0.0289 0.9711 
       h0884  9 0.0464 0.9536 
       h0894  9 0.0298 0.9702 
       h0904  9 0.0374 0.9626 
       h0914  9 0.0196 0.9804 
       h0924  9 0.0641 0.9359 
       h0934  9 0.0282 0.9718 
       h0944  9 0.1583 0.8417 
       h0954  9 0.0385 0.9615 
       h0964  9 0.0785 0.9215 
       h0974  9 0.1063 0.8937 
       h0984  9 0.0406 0.9594 
       h0994  9 0.0651 0.9349 
       h1004  9 0.1158 0.8842 
      HRV0MC 10 0.0205 0.9795 
       W26LM 10 0.1294 0.8706 
       M05PH 10 0.0253 0.9747 
      HRV0M2 10 0.0288 0.9712 
      HRV07H 10 0.0139 0.9861 
      HRV1EE 10 0.0164 0.9836 
      HRV0MF 10 0.0210 0.9790 
     AP.088A 10 0.0194 0.9806 
      HRV07M 10 0.0165 0.9835 
       M04XM 10 0.0194 0.9806 
      HRV0MK 10 0.0172 0.9828 
     AP.07MA 10 0.0363 0.9637 
       W23EX 10 0.0219 0.9781 
       M1EL3 10 0.0358 0.9642 
      HRV01U 10 0.0199 0.9801 
     AP.0885 10 0.0303 0.9697 
      HRV1E1 10 0.0231 0.9769 
      HRV07X 10 0.0390 0.9610 
       W26T0 10 0.0304 0.9696 
       M0L8F 10 0.0759 0.9241 
     AP.088C 10 0.1087 0.8913 
      HRV1ET 10 0.0158 0.9842 
       M1E60 10 0.0135 0.9865 
       M0557 10 0.0265 0.9735 
      HRV04L 10 0.0159 0.9841 
     AP.08A8 10 0.0195 0.9805 
     AP.08A5 10 0.0167 0.9833 
      HRV0M6 10 0.1022 0.8978 
       M0EYT 10 0.0188 0.9812 
       M0HJ8 10 0.0208 0.9792 
      HRV05L 10 0.0338 0.9662 
      HRV0H3 10 0.0266 0.9734 
      HRV1EA 10 0.0263 0.9737 
       W26ML 10 0.0218 0.9782 
       M2CHM 10 0.0713 0.9287 
     AM.07FP 10 0.0225 0.9775 
      HRV001 10 0.0224 0.9776 
      HRV0HC 10 0.0533 0.9467 
      HRV0KU 10 0.0506 0.9494 
     AP.07MC 10 0.0143 0.9857 
      HRV020 10 0.0351 0.9649 
     AP.086X 10 0.0174 0.9826 
       M0102 10 0.0231 0.9769 
       M182M 10 0.0307 0.9693 
     CH.0LLP 10 0.0159 0.9841 
     AP.0882 10 0.0255 0.9745 
       W23EM 10 0.0277 0.9723 
      HRV0HM 10 0.0717 0.9283 
       M055C 10 0.1028 0.8972 
       W26ME 10 0.0263 0.9737 
      HRV04C 10 0.0182 0.9818 
      HRV0M7 10 0.0230 0.9770 
       M1EKX 10 0.0162 0.9838 
     AP.08A3 10 0.0172 0.9828 
       W26L5 10 0.0737 0.9263 
       M0HM3 10 0.0211 0.9789 
       M04XH 10 0.0282 0.9718 
       M2AY2 10 0.0678 0.9322 
      HRV02C 10 0.0151 0.9849 
     AP.0887 10 0.0281 0.9719 
       M2CHJ 10 0.0393 0.9607 
     CH.0LM2 10 0.0272 0.9728 
       M16F1 10 0.0232 0.9768 
     AP.087L 10 0.0188 0.9812 
       M2AY0 10 0.0431 0.9569 
      HRV1CL 10 0.0223 0.9777 
     AP.081F 10 0.0176 0.9824 
     AP.07M8 10 0.0171 0.9829 
       M023A 10 0.0154 0.9846 
     AP.07ME 10 0.0305 0.9695 
       M0FF2 10 0.0165 0.9835 
       M1C2H 10 0.0158 0.9842 
      HRV1EC 10 0.0196 0.9804 
      HRV05C 10 0.0398 0.9602 
     AP.08A4 10 0.2185 0.7815 
     CH.0LM5 10 0.0198 0.9802 
     AP.0872 10 0.0159 0.9841 
     AP.07M4 10 0.0136 0.9864 
      HRV031 10 0.0172 0.9828 
     AP.0883 10 0.0548 0.9452 
      HRV005 10 0.0415 0.9585 
       W26MT 10 0.0155 0.9845 
      HRV05U 10 0.0204 0.9796 
       W26PT 10 0.0191 0.9809 
       M2CHP 10 0.0814 0.9186 
       M0LUH 10 0.0187 0.9813 
       M05JC 10 0.0183 0.9817 
       W26UE 10 0.0300 0.9700 
      HRV0A0 10 0.0159 0.9841 
       M06JH 10 0.0719 0.9281 
      HRV0HU 10 0.0487 0.9513 
      HRV0KE 10 0.0178 0.9822 
      HRV00P 10 0.0172 0.9828 
      HRV0LJ 10 0.0431 0.9569 
     AP.087X 10 0.1365 0.8635 
       M1ELC 10 0.0325 0.9675 
      HRV1E7 10 0.0180 0.9820 
       M2AY4 10 0.0270 0.9730 
     AP.08AJ 10 0.0281 0.9719 
       W26X2 10 0.0239 0.9761 
