       M1EL5  1 0.0363 0.9637 
       W26T6  1 0.0873 0.9127 
       W26XX  1 0.0230 0.9770 
       M013P  1 0.0168 0.9832 
       M1ELA  1 0.0683 0.9317 
       M2C73  1 0.0288 0.9712 
       W23P4  1 0.1147 0.8853 
       W247C  1 0.0184 0.9816 
       W24K1  1 0.0187 0.9813 
       W24ME  1 0.1102 0.8898 
       W2514  1 0.0363 0.9637 
       W26MA  1 0.0341 0.9659 
       W26MM  1 0.0215 0.9785 
       W26MU  1 0.0309 0.9691 
       W26P0  1 0.0539 0.9461 
       W26P3  1 0.0170 0.9830 
       W26T5  1 0.0194 0.9806 
       W26TE  1 0.0429 0.9571 
       W26TF  1 0.0197 0.9803 
       W26U8  1 0.0688 0.9312 
       W26UJ  1 0.0181 0.9819 
       W26UK  1 0.0164 0.9836 
       W26UT  1 0.0170 0.9830 
       W26XT  1 0.0226 0.9774 
      CC06H2  1 0.0507 0.9493 
      CC06H4  1 0.0194 0.9806 
      CC06H5  1 0.0470 0.9530 
      CC06H6  1 0.0240 0.9760 
      CC06HE  1 0.0195 0.9805 
      CC06HF  1 0.0521 0.9479 
      CC06HH  1 0.0195 0.9805 
      CC06HJ  1 0.0349 0.9651 
      CC06HL  1 0.0149 0.9851 
      CC06HP  1 0.0161 0.9839 
      CC06HT  1 0.0387 0.9613 
      CC06HU  1 0.0182 0.9818 
      CC06HY  1 0.0390 0.9610 
      CC06J0  1 0.0324 0.9676 
      CC06J1  1 0.0684 0.9316 
      CC06J2  1 0.0264 0.9736 
     CT.0YCY  1 0.0241 0.9759 
     CT.0YEC  1 0.0149 0.9851 
     CT.0YEF  1 0.0240 0.9760 
     CT.0YEU  1 0.0180 0.9820 
     CT.0YF2  1 0.0626 0.9374 
     CT.0YF8  1 0.0163 0.9837 
     CT.0YFA  1 0.0308 0.9692 
     CT.0YFE  1 0.0297 0.9703 
     CT.0YFP  1 0.0470 0.9530 
     CT.0YFU  1 0.0238 0.9762 
     CT.0YK7  1 0.0329 0.9671 
     CX.10PT  1 0.0860 0.9140 
      DAM021  1 0.0399 0.9601 
      DAM034  1 0.0312 0.9688 
      DAM07X  1 0.0299 0.9701 
     EF.15J6  1 0.0213 0.9787 
      HRV010  1 0.0217 0.9783 
      HRV02J  1 0.0401 0.9599 
      HRV078  1 0.0299 0.9701 
      HRV0FH  1 0.0314 0.9686 
      HRV0H5  1 0.0277 0.9723 
      HRV0JF  1 0.0746 0.9254 
      HRV0JJ  1 0.0431 0.9569 
      HRV0JM  1 0.0294 0.9706 
      HRV0K6  1 0.0539 0.9461 
      HRV0K7  1 0.0214 0.9786 
      HRV0KP  1 0.0266 0.9734 
      HRV1AX  1 0.0534 0.9466 
      HRV1C4  1 0.0324 0.9676 
      HRV1CH  1 0.0312 0.9688 
      HRV1FA  1 0.0378 0.9622 
      HRV1FK  1 0.0404 0.9596 
      HRV1H8  1 0.0271 0.9729 
      HRV1HT  1 0.0371 0.9629 
      HRV1XU  1 0.0247 0.9753 
      HRV4TF  1 0.0186 0.9814 
      HRV6F0  1 0.0313 0.9687 
      HRVE6L  1 0.0388 0.9612 
       M27HM  1 0.0308 0.9692 
       M27HP  1 0.0200 0.9800 
       M2AK4  1 0.0222 0.9778 
       M2ALA  1 0.0204 0.9796 
       M2C56  1 0.0345 0.9655 
       M2CUX  1 0.0465 0.9535 
       M2E24  1 0.0179 0.9821 
       M2EA7  1 0.0236 0.9764 
       M2EH6  1 0.0188 0.9812 
       M2EKC  1 0.0983 0.9017 
      MSV083  1 0.0224 0.9776 
      MSV084  1 0.0523 0.9477 
      MSV0LJ  1 0.0350 0.9650 
      MSV1H5  1 0.0489 0.9511 
      MSV1KM  1 0.0197 0.9803 
      MSV23F  1 0.0268 0.9732 
      MSV2L8  1 0.0288 0.9712 
      MSV2P7  1 0.0233 0.9767 
      MSV2TJ  1 0.0583 0.9417 
      MSV2XM  1 0.0317 0.9683 
      MSV327  1 0.0306 0.9694 
      MSV33L  1 0.0175 0.9825 
        h001  2 0.1700 0.8300 
        h002  2 0.0764 0.9236 
        h003  2 0.0599 0.9401 
        h004  2 0.0219 0.9781 
        h005  2 0.0148 0.9852 
        h006  2 0.1443 0.8557 
        h007  2 0.0849 0.9151 
        h008  2 0.0385 0.9615 
        h009  2 0.0207 0.9793 
        h010  2 0.0199 0.9801 
        h011  2 0.1155 0.8845 
        h012  2 0.0783 0.9217 
        h013  2 0.0331 0.9669 
        h014  2 0.0199 0.9801 
        h015  2 0.0960 0.9040 
        h016  2 0.0769 0.9231 
        h017  2 0.0786 0.9214 
        h018  2 0.0699 0.9301 
        h019  2 0.0462 0.9538 
        h020  2 0.1034 0.8966 
        h021  2 0.0364 0.9636 
        h022  2 0.0746 0.9254 
        h023  2 0.0214 0.9786 
        h024  2 0.0536 0.9464 
        h025  2 0.0188 0.9812 
        h026  2 0.0978 0.9022 
        h027  2 0.0203 0.9797 
        h028  2 0.0349 0.9651 
        h029  2 0.0501 0.9499 
        h030  2 0.0537 0.9463 
        h031  2 0.0499 0.9501 
        h032  2 0.0202 0.9798 
        h033  2 0.0303 0.9697 
        h034  2 0.2095 0.7905 
        h035  2 0.1152 0.8848 
        h036  2 0.0143 0.9857 
        h037  2 0.0265 0.9735 
        h038  2 0.1152 0.8848 
        h039  2 0.0899 0.9101 
        h040  2 0.0171 0.9829 
        h041  2 0.1453 0.8547 
        h042  2 0.0246 0.9754 
        h043  2 0.2636 0.7364 
        h044  2 0.1052 0.8948 
        h045  2 0.0246 0.9754 
        h046  2 0.1367 0.8633 
        h047  2 0.0396 0.9604 
        h048  2 0.0750 0.9250 
        h049  2 0.0443 0.9557 
        h050  2 0.1124 0.8876 
        h051  2 0.0161 0.9839 
        h052  2 0.0353 0.9647 
        h053  2 0.0379 0.9621 
        h054  2 0.1069 0.8931 
        h055  2 0.1062 0.8938 
        h056  2 0.0473 0.9527 
        h057  2 0.1882 0.8118 
        h058  2 0.0371 0.9629 
        h059  2 0.0783 0.9217 
        h060  2 0.0440 0.9560 
        h061  2 0.0250 0.9750 
        h062  2 0.2678 0.7322 
        h063  2 0.0468 0.9532 
        h064  2 0.0871 0.9129 
        h065  2 0.0306 0.9694 
        h066  2 0.0168 0.9832 
        h067  2 0.2130 0.7870 
        h068  2 0.0188 0.9812 
        h069  2 0.0431 0.9569 
        h070  2 0.0572 0.9428 
        h071  2 0.0981 0.9019 
        h072  2 0.1181 0.8819 
        h073  2 0.0494 0.9506 
        h074  2 0.1354 0.8646 
        h075  2 0.0644 0.9356 
        h076  2 0.0571 0.9429 
        h077  2 0.1250 0.8750 
        h078  2 0.0311 0.9689 
        h079  2 0.1093 0.8907 
        h080  2 0.0278 0.9722 
        h081  2 0.0586 0.9414 
        h082  2 0.0988 0.9012 
        h083  2 0.0277 0.9723 
        h084  2 0.0702 0.9298 
        h085  2 0.0179 0.9821 
        h086  2 0.2156 0.7844 
        h087  2 0.0367 0.9633 
        h088  2 0.0695 0.9305 
        h089  2 0.0493 0.9507 
        h090  2 0.0557 0.9443 
        h091  2 0.0611 0.9389 
        h092  2 0.0598 0.9402 
        h093  2 0.0576 0.9424 
        h094  2 0.0338 0.9662 
        h095  2 0.1024 0.8976 
        h096  2 0.0240 0.9760 
        h097  2 0.0614 0.9386 
        h098  2 0.1164 0.8836 
        h099  2 0.1713 0.8287 
        h100  2 0.0482 0.9518 
       h0011  3 0.1946 0.8054 
       h0021  3 0.2769 0.7231 
       h0031  3 0.0544 0.9456 
       h0041  3 0.0970 0.9030 
       h0051  3 0.4151 0.5849 
       h0061  3 0.1297 0.8703 
       h0071  3 0.0697 0.9303 
       h0081  3 0.4789 0.5211 
       h0091  3 0.6805 0.3195 
       h0101  3 0.1475 0.8525 
       h0111  3 0.5890 0.4110 
       h0121  3 0.0428 0.9572 
       h0131  3 0.0291 0.9709 
       h0141  3 0.3025 0.6975 
       h0151  3 0.3545 0.6455 
       h0161  3 0.1870 0.8130 
       h0171  3 0.3675 0.6325 
       h0181  3 0.1933 0.8067 
       h0191  3 0.0762 0.9238 
       h0201  3 0.3201 0.6799 
       h0211  3 0.1989 0.8011 
       h0221  3 0.0464 0.9536 
       h0231  3 0.2679 0.7321 
       h0241  3 0.0971 0.9029 
       h0251  3 0.0464 0.9536 
       h0261  3 0.3719 0.6281 
       h0271  3 0.1705 0.8295 
       h0281  3 0.0486 0.9514 
       h0291  3 0.1715 0.8285 
       h0301  3 0.0670 0.9330 
       h0311  3 0.3223 0.6777 
       h0321  3 0.3192 0.6808 
       h0331  3 0.1602 0.8398 
       h0341  3 0.1224 0.8776 
       h0351  3 0.0380 0.9620 
       h0361  3 0.1425 0.8575 
       h0371  3 0.2157 0.7843 
       h0381  3 0.1093 0.8907 
       h0391  3 0.0391 0.9609 
       h0401  3 0.0943 0.9057 
       h0411  3 0.0624 0.9376 
       h0421  3 0.3352 0.6648 
       h0431  3 0.3380 0.6620 
       h0441  3 0.0362 0.9638 
       h0451  3 0.1955 0.8045 
       h0461  3 0.0643 0.9357 
       h0471  3 0.1750 0.8250 
       h0481  3 0.1047 0.8953 
       h0491  3 0.2882 0.7118 
       h0501  3 0.2927 0.7073 
       h0511  3 0.1254 0.8746 
       h0521  3 0.1301 0.8699 
       h0531  3 0.1706 0.8294 
       h0541  3 0.0581 0.9419 
       h0551  3 0.2062 0.7938 
       h0561  3 0.1127 0.8873 
       h0571  3 0.3370 0.6630 
       h0581  3 0.1399 0.8601 
       h0591  3 0.1544 0.8456 
       h0601  3 0.2416 0.7584 
       h0611  3 0.0506 0.9494 
       h0621  3 0.3426 0.6574 
       h0631  3 0.1563 0.8437 
       h0641  3 0.1598 0.8402 
       h0651  3 0.3493 0.6507 
       h0661  3 0.2147 0.7853 
       h0671  3 0.0799 0.9201 
       h0681  3 0.4953 0.5047 
       h0691  3 0.0580 0.9420 
       h0701  3 0.1795 0.8205 
       h0711  3 0.3415 0.6585 
       h0721  3 0.1466 0.8534 
       h0731  3 0.3700 0.6300 
       h0741  3 0.0567 0.9433 
       h0751  3 0.0820 0.9180 
       h0761  3 0.2078 0.7922 
       h0771  3 0.0835 0.9165 
       h0781  3 0.2270 0.7730 
       h0791  3 0.0605 0.9395 
       h0801  3 0.2160 0.7840 
       h0811  3 0.1893 0.8107 
       h0821  3 0.1844 0.8156 
       h0831  3 0.1606 0.8394 
       h0841  3 0.0935 0.9065 
       h0851  3 0.2654 0.7346 
       h0861  3 0.1672 0.8328 
       h0871  3 0.0947 0.9053 
       h0881  3 0.1100 0.8900 
       h0891  3 0.2717 0.7283 
       h0901  3 0.4035 0.5965 
       h0911  3 0.4948 0.5052 
       h0921  3 0.2881 0.7119 
       h0931  3 0.3799 0.6201 
       h0941  3 0.1018 0.8982 
       h0951  3 0.0991 0.9009 
       h0961  3 0.2179 0.7821 
       h0971  3 0.0715 0.9285 
       h0981  3 0.1577 0.8423 
       h0991  3 0.2050 0.7950 
       h1001  3 0.2253 0.7747 
      MSV1TX  4 0.3282 0.6718 
      MSV025  4 0.6578 0.3422 
      MSV02C  4 0.5371 0.4629 
      MSV02E  4 0.5750 0.4250 
      MSV0TF  4 0.6360 0.3640 
       M2EL8  4 0.7099 0.2901 
       h0012  5 0.3191 0.6809 
       h0022  5 0.4693 0.5307 
       h0032  5 0.4331 0.5669 
       h0042  5 0.2403 0.7597 
       h0052  5 0.5045 0.4955 
       h0062  5 0.6311 0.3689 
       h0072  5 0.5800 0.4200 
       h0082  5 0.3916 0.6084 
       h0092  5 0.3948 0.6052 
       h0102  5 0.4653 0.5347 
       h0112  5 0.5373 0.4627 
       h0122  5 0.2256 0.7744 
       h0132  5 0.3810 0.6190 
       h0142  5 0.5085 0.4915 
       h0152  5 0.3996 0.6004 
       h0162  5 0.3578 0.6422 
       h0172  5 0.3314 0.6686 
       h0182  5 0.5109 0.4891 
       h0192  5 0.3902 0.6098 
       h0202  5 0.6285 0.3715 
       h0212  5 0.4393 0.5607 
       h0222  5 0.4780 0.5220 
       h0232  5 0.4598 0.5402 
       h0242  5 0.5900 0.4100 
       h0252  5 0.4882 0.5118 
       h0262  5 0.5755 0.4245 
       h0272  5 0.6886 0.3114 
       h0282  5 0.6745 0.3255 
       h0292  5 0.4597 0.5403 
       h0302  5 0.6051 0.3949 
       h0312  5 0.4874 0.5126 
       h0322  5 0.3428 0.6572 
       h0332  5 0.5600 0.4400 
       h0342  5 0.5149 0.4851 
       h0352  5 0.2271 0.7729 
       h0362  5 0.4038 0.5962 
       h0372  5 0.2565 0.7435 
       h0382  5 0.5030 0.4970 
       h0392  5 0.3969 0.6031 
       h0402  5 0.6714 0.3286 
       h0412  5 0.4299 0.5701 
       h0422  5 0.3682 0.6318 
       h0432  5 0.6552 0.3448 
       h0442  5 0.3558 0.6442 
       h0452  5 0.5437 0.4563 
       h0462  5 0.5062 0.4938 
       h0472  5 0.2631 0.7369 
       h0482  5 0.3541 0.6459 
       h0492  5 0.5717 0.4283 
       h0502  5 0.4273 0.5727 
       h0512  5 0.5863 0.4137 
       h0522  5 0.4450 0.5550 
       h0532  5 0.5047 0.4953 
       h0542  5 0.5048 0.4952 
       h0552  5 0.5525 0.4475 
       h0562  5 0.4603 0.5397 
       h0572  5 0.4555 0.5445 
       h0582  5 0.6638 0.3362 
       h0592  5 0.5792 0.4208 
       h0602  5 0.5185 0.4815 
       h0612  5 0.3612 0.6388 
       h0622  5 0.4724 0.5276 
       h0632  5 0.4708 0.5292 
       h0642  5 0.4780 0.5220 
       h0652  5 0.0709 0.9291 
       h0662  5 0.4521 0.5479 
       h0672  5 0.5384 0.4616 
       h0682  5 0.2834 0.7166 
       h0692  5 0.3780 0.6220 
       h0702  5 0.3641 0.6359 
       h0712  5 0.4655 0.5345 
       h0722  5 0.4101 0.5899 
       h0732  5 0.6044 0.3956 
       h0742  5 0.4403 0.5597 
       h0752  5 0.1664 0.8336 
       h0762  5 0.6020 0.3980 
       h0772  5 0.3358 0.6642 
       h0782  5 0.4381 0.5619 
       h0792  5 0.5698 0.4302 
       h0802  5 0.4928 0.5072 
       h0812  5 0.5514 0.4486 
       h0822  5 0.5330 0.4670 
       h0832  5 0.5723 0.4277 
       h0842  5 0.1393 0.8607 
       h0852  5 0.4171 0.5829 
       h0862  5 0.7670 0.2330 
       h0872  5 0.2452 0.7548 
       h0882  5 0.4237 0.5763 
       h0892  5 0.4925 0.5075 
       h0902  5 0.5328 0.4672 
       h0912  5 0.5060 0.4940 
       h0922  5 0.4640 0.5360 
       h0932  5 0.6259 0.3741 
       h0942  5 0.3123 0.6877 
       h0952  5 0.5325 0.4675 
       h0962  5 0.4738 0.5262 
       h0972  5 0.5876 0.4124 
       h0982  5 0.4808 0.5192 
       h0992  5 0.4604 0.5396 
       h1002  5 0.5149 0.4851 
      MSV21T  6 0.9397 0.0603 
       M2E71  6 0.9014 0.0986 
       h0013  7 0.7030 0.2970 
       h0023  7 0.6025 0.3975 
       h0033  7 0.6624 0.3376 
       h0043  7 0.7817 0.2183 
       h0053  7 0.9517 0.0483 
       h0063  7 0.5831 0.4169 
       h0073  7 0.7211 0.2789 
       h0083  7 0.8454 0.1546 
       h0093  7 0.8769 0.1231 
       h0103  7 0.5733 0.4267 
       h0113  7 0.8790 0.1210 
       h0123  7 0.8736 0.1264 
       h0133  7 0.9211 0.0789 
       h0143  7 0.7710 0.2290 
       h0153  7 0.6504 0.3496 
       h0163  7 0.6799 0.3201 
       h0173  7 0.8056 0.1944 
       h0183  7 0.7020 0.2980 
       h0193  7 0.6219 0.3781 
       h0203  7 0.6905 0.3095 
       h0213  7 0.7979 0.2021 
       h0223  7 0.6993 0.3007 
       h0233  7 0.7753 0.2247 
       h0243  7 0.8372 0.1628 
       h0253  7 0.5918 0.4082 
       h0263  7 0.9487 0.0513 
       h0273  7 0.7750 0.2250 
       h0283  7 0.6337 0.3663 
       h0293  7 0.7300 0.2700 
       h0303  7 0.7025 0.2975 
       h0313  7 0.9398 0.0602 
       h0323  7 0.8778 0.1222 
       h0333  7 0.7297 0.2703 
       h0343  7 0.9213 0.0787 
       h0353  7 0.6626 0.3374 
       h0363  7 0.6877 0.3123 
       h0373  7 0.7731 0.2269 
       h0383  7 0.5587 0.4413 
       h0393  7 0.5877 0.4123 
       h0403  7 0.9361 0.0639 
       h0413  7 0.6873 0.3127 
       h0423  7 0.8631 0.1369 
       h0433  7 0.9725 0.0275 
       h0443  7 0.7926 0.2074 
       h0453  7 0.6934 0.3066 
       h0463  7 0.8801 0.1199 
       h0473  7 0.7740 0.2260 
       h0483  7 0.7515 0.2485 
       h0493  7 0.8533 0.1467 
       h0503  7 0.8052 0.1948 
       h0513  7 0.7724 0.2276 
       h0523  7 0.4780 0.5220 
       h0533  7 0.7549 0.2451 
       h0543  7 0.7769 0.2231 
       h0553  7 0.8609 0.1391 
       h0563  7 0.6695 0.3305 
       h0573  7 0.7283 0.2717 
       h0583  7 0.9046 0.0954 
       h0593  7 0.8013 0.1987 
       h0603  7 0.8270 0.1730 
       h0613  7 0.9100 0.0900 
       h0623  7 0.8014 0.1986 
       h0633  7 0.8550 0.1450 
       h0643  7 0.6019 0.3981 
       h0653  7 0.6735 0.3265 
       h0663  7 0.6925 0.3075 
       h0673  7 0.7972 0.2028 
       h0683  7 0.9037 0.0963 
       h0693  7 0.5760 0.4240 
       h0703  7 0.6690 0.3310 
       h0713  7 0.8755 0.1245 
       h0723  7 0.7828 0.2172 
       h0733  7 0.7781 0.2219 
       h0743  7 0.7964 0.2036 
       h0753  7 0.8542 0.1458 
       h0763  7 0.8693 0.1307 
       h0773  7 0.6045 0.3955 
       h0783  7 0.8500 0.1500 
       h0793  7 0.5330 0.4670 
       h0803  7 0.7569 0.2431 
       h0813  7 0.9455 0.0545 
       h0823  7 0.5993 0.4007 
       h0833  7 0.8803 0.1197 
       h0843  7 0.7138 0.2862 
       h0853  7 0.8425 0.1575 
       h0863  7 0.6762 0.3238 
       h0873  7 0.7906 0.2094 
       h0883  7 0.8058 0.1942 
       h0893  7 0.9343 0.0657 
       h0903  7 0.7963 0.2037 
       h0913  7 0.8646 0.1354 
       h0923  7 0.7796 0.2204 
       h0933  7 0.6027 0.3973 
       h0943  7 0.7215 0.2785 
       h0953  7 0.6914 0.3086 
       h0963  7 0.7195 0.2805 
       h0973  7 0.6634 0.3366 
       h0983  7 0.9299 0.0701 
       h0993  7 0.8435 0.1565 
       h1003  7 0.5688 0.4312 
       W23CA  8 0.9798 0.0202 
     AP.085Y  8 0.9665 0.0335 
     CH.0LLY  8 0.9186 0.0814 
       M0LEC  8 0.9832 0.0168 
       M2C3H  8 0.9711 0.0289 
       M2CHL  8 0.9049 0.0951 
       W26P7  8 0.9704 0.0296 
     AP.07M5  8 0.9416 0.0584 
     AP.080U  8 0.9638 0.0362 
     AP.082A  8 0.9814 0.0186 
     AP.0843  8 0.9489 0.0511 
     AP.0844  8 0.8780 0.1220 
     AP.084X  8 0.9734 0.0266 
     AP.086Y  8 0.9755 0.0245 
     AP.0870  8 0.9677 0.0323 
     AP.0878  8 0.9646 0.0354 
     AP.087F  8 0.9685 0.0315 
     AP.087Y  8 0.9281 0.0719 
     AP.088P  8 0.9440 0.0560 
     AP.08AK  8 0.9343 0.0657 
     CH.0LLM  8 0.9713 0.0287 
     CH.0LLU  8 0.9039 0.0961 
     CH.0LM0  8 0.9466 0.0534 
     CH.0LM3  8 0.9362 0.0638 
       W26MY  8 0.8079 0.1921 
       W26P6  8 0.9007 0.0993 
      HRV07U  8 0.9356 0.0644 
      HRV1CT  8 0.9752 0.0248 
      HRV1CU  8 0.9822 0.0178 
      HRV1E6  8 0.9854 0.0146 
      HRV081  8 0.9851 0.0149 
      HRV1E3  8 0.9519 0.0481 
      MSV21E  8 0.9517 0.0483 
      MSV216  8 0.9607 0.0393 
       M0TYK  8 0.9293 0.0707 
      MSV2AA  8 0.9665 0.0335 
     CK.0PET  8 0.8878 0.1122 
       M2E8C  8 0.9702 0.0298 
      MSV23X  8 0.9519 0.0481 
      MSV32A  8 0.9186 0.0814 
     AP.0838  8 0.9707 0.0293 
     AP.088F  8 0.9731 0.0269 
       h0014  9 0.9792 0.0208 
       h0024  9 0.8976 0.1024 
       h0034  9 0.8621 0.1379 
       h0044  9 0.7029 0.2971 
       h0054  9 0.9771 0.0229 
       h0064  9 0.6734 0.3266 
       h0074  9 0.8881 0.1119 
       h0084  9 0.8832 0.1168 
       h0094  9 0.9498 0.0502 
       h0104  9 0.9594 0.0406 
       h0114  9 0.9330 0.0670 
       h0124  9 0.9790 0.0210 
       h0134  9 0.9648 0.0352 
       h0144  9 0.9727 0.0273 
       h0154  9 0.9757 0.0243 
       h0164  9 0.9838 0.0162 
       h0174  9 0.9133 0.0867 
       h0184  9 0.9476 0.0524 
       h0194  9 0.8217 0.1783 
       h0204  9 0.7037 0.2963 
       h0214  9 0.9551 0.0449 
       h0224  9 0.7761 0.2239 
       h0234  9 0.8186 0.1814 
       h0244  9 0.8883 0.1117 
       h0254  9 0.8169 0.1831 
       h0264  9 0.9684 0.0316 
       h0274  9 0.9307 0.0693 
       h0284  9 0.8649 0.1351 
       h0294  9 0.9621 0.0379 
       h0304  9 0.9482 0.0518 
       h0314  9 0.8851 0.1149 
       h0324  9 0.8785 0.1215 
       h0334  9 0.8904 0.1096 
       h0344  9 0.8603 0.1397 
       h0354  9 0.8377 0.1623 
       h0364  9 0.9462 0.0538 
       h0374  9 0.7998 0.2002 
       h0384  9 0.6517 0.3483 
       h0394  9 0.9510 0.0490 
       h0404  9 0.9751 0.0249 
       h0414  9 0.9656 0.0344 
       h0424  9 0.8574 0.1426 
       h0434  9 0.9015 0.0985 
       h0444  9 0.8836 0.1164 
       h0454  9 0.9692 0.0308 
       h0464  9 0.9270 0.0730 
       h0474  9 0.9091 0.0909 
       h0484  9 0.9765 0.0235 
       h0494  9 0.8493 0.1507 
       h0504  9 0.9617 0.0383 
       h0514  9 0.9433 0.0567 
       h0524  9 0.7970 0.2030 
       h0534  9 0.9039 0.0961 
       h0544  9 0.9386 0.0614 
       h0554  9 0.8216 0.1784 
       h0564  9 0.8605 0.1395 
       h0574  9 0.9629 0.0371 
       h0584  9 0.9595 0.0405 
       h0594  9 0.9071 0.0929 
       h0604  9 0.9238 0.0762 
       h0614  9 0.8516 0.1484 
       h0624  9 0.9609 0.0391 
       h0634  9 0.8627 0.1373 
       h0644  9 0.8763 0.1237 
       h0654  9 0.7953 0.2047 
       h0664  9 0.8318 0.1682 
       h0674  9 0.9556 0.0444 
       h0684  9 0.8999 0.1001 
       h0694  9 0.9267 0.0733 
       h0704  9 0.9090 0.0910 
       h0714  9 0.8091 0.1909 
       h0724  9 0.9622 0.0378 
       h0734  9 0.9554 0.0446 
       h0744  9 0.9038 0.0962 
       h0754  9 0.9757 0.0243 
       h0764  9 0.8904 0.1096 
       h0774  9 0.7439 0.2561 
       h0784  9 0.9008 0.0992 
       h0794  9 0.8341 0.1659 
       h0804  9 0.9850 0.0150 
       h0814  9 0.9481 0.0519 
       h0824  9 0.9087 0.0913 
       h0834  9 0.8941 0.1059 
       h0844  9 0.8242 0.1758 
       h0854  9 0.9555 0.0445 
       h0864  9 0.5979 0.4021 
       h0874  9 0.9711 0.0289 
       h0884  9 0.9537 0.0463 
       h0894  9 0.9703 0.0297 
       h0904  9 0.9629 0.0371 
       h0914  9 0.9804 0.0196 
       h0924  9 0.9360 0.0640 
       h0934  9 0.9717 0.0283 
       h0944  9 0.8425 0.1575 
       h0954  9 0.9615 0.0385 
       h0964  9 0.9214 0.0786 
       h0974  9 0.8932 0.1068 
       h0984  9 0.9594 0.0406 
       h0994  9 0.9349 0.0651 
       h1004  9 0.8841 0.1159 
      HRV0MC 10 0.9796 0.0204 
       W26LM 10 0.8709 0.1291 
       M05PH 10 0.9748 0.0252 
      HRV0M2 10 0.9714 0.0286 
      HRV07H 10 0.9861 0.0139 
      HRV1EE 10 0.9836 0.0164 
      HRV0MF 10 0.9790 0.0210 
     AP.088A 10 0.9805 0.0195 
      HRV07M 10 0.9836 0.0164 
       M04XM 10 0.9806 0.0194 
      HRV0MK 10 0.9828 0.0172 
     AP.07MA 10 0.9640 0.0360 
       W23EX 10 0.9781 0.0219 
       M1EL3 10 0.9643 0.0357 
      HRV01U 10 0.9802 0.0198 
     AP.0885 10 0.9696 0.0304 
      HRV1E1 10 0.9768 0.0232 
      HRV07X 10 0.9612 0.0388 
       W26T0 10 0.9698 0.0302 
       M0L8F 10 0.9239 0.0761 
     AP.088C 10 0.8910 0.1090 
      HRV1ET 10 0.9843 0.0157 
       M1E60 10 0.9865 0.0135 
       M0557 10 0.9735 0.0265 
      HRV04L 10 0.9841 0.0159 
     AP.08A8 10 0.9806 0.0194 
     AP.08A5 10 0.9833 0.0167 
      HRV0M6 10 0.8979 0.1021 
       M0EYT 10 0.9811 0.0189 
       M0HJ8 10 0.9792 0.0208 
      HRV05L 10 0.9662 0.0338 
      HRV0H3 10 0.9734 0.0266 
      HRV1EA 10 0.9737 0.0263 
       W26ML 10 0.9783 0.0217 
       M2CHM 10 0.9289 0.0711 
     AM.07FP 10 0.9776 0.0224 
      HRV001 10 0.9777 0.0223 
      HRV0HC 10 0.9469 0.0531 
      HRV0KU 10 0.9496 0.0504 
     AP.07MC 10 0.9857 0.0143 
      HRV020 10 0.9648 0.0352 
     AP.086X 10 0.9826 0.0174 
       M0102 10 0.9770 0.0230 
       M182M 10 0.9691 0.0309 
     CH.0LLP 10 0.9841 0.0159 
     AP.0882 10 0.9746 0.0254 
       W23EM 10 0.9724 0.0276 
      HRV0HM 10 0.9277 0.0723 
       M055C 10 0.8974 0.1026 
       W26ME 10 0.9736 0.0264 
      HRV04C 10 0.9818 0.0182 
      HRV0M7 10 0.9769 0.0231 
       M1EKX 10 0.9838 0.0162 
     AP.08A3 10 0.9828 0.0172 
       W26L5 10 0.9266 0.0734 
       M0HM3 10 0.9789 0.0211 
       M04XH 10 0.9718 0.0282 
       M2AY2 10 0.9322 0.0678 
      HRV02C 10 0.9848 0.0152 
     AP.0887 10 0.9718 0.0282 
       M2CHJ 10 0.9607 0.0393 
     CH.0LM2 10 0.9729 0.0271 
       M16F1 10 0.9768 0.0232 
     AP.087L 10 0.9812 0.0188 
       M2AY0 10 0.9568 0.0432 
      HRV1CL 10 0.9778 0.0222 
     AP.081F 10 0.9824 0.0176 
     AP.07M8 10 0.9829 0.0171 
       M023A 10 0.9847 0.0153 
     AP.07ME 10 0.9694 0.0306 
       M0FF2 10 0.9835 0.0165 
       M1C2H 10 0.9843 0.0157 
      HRV1EC 10 0.9803 0.0197 
      HRV05C 10 0.9601 0.0399 
     AP.08A4 10 0.7815 0.2185 
     CH.0LM5 10 0.9802 0.0198 
     AP.0872 10 0.9840 0.0160 
     AP.07M4 10 0.9864 0.0136 
      HRV031 10 0.9828 0.0172 
     AP.0883 10 0.9450 0.0550 
      HRV005 10 0.9588 0.0412 
       W26MT 10 0.9845 0.0155 
      HRV05U 10 0.9796 0.0204 
       W26PT 10 0.9809 0.0191 
       M2CHP 10 0.9187 0.0813 
       M0LUH 10 0.9813 0.0187 
       M05JC 10 0.9817 0.0183 
       W26UE 10 0.9701 0.0299 
      HRV0A0 10 0.9840 0.0160 
       M06JH 10 0.9281 0.0719 
      HRV0HU 10 0.9511 0.0489 
      HRV0KE 10 0.9821 0.0179 
      HRV00P 10 0.9827 0.0173 
      HRV0LJ 10 0.9569 0.0431 
     AP.087X 10 0.8637 0.1363 
       M1ELC 10 0.9676 0.0324 
      HRV1E7 10 0.9821 0.0179 
       M2AY4 10 0.9730 0.0270 
     AP.08AJ 10 0.9719 0.0281 
       W26X2 10 0.9762 0.0238 
