       M1EL5  1 0.0163 0.9837 
       W26T6  1 0.0442 0.9558 
       W26XX  1 0.0097 0.9903 
       M013P  1 0.0074 0.9926 
       M1ELA  1 0.0280 0.9720 
       M2C73  1 0.0174 0.9826 
       W23P4  1 0.1040 0.8960 
       W247C  1 0.0090 0.9910 
       W24K1  1 0.0083 0.9917 
       W24ME  1 0.0496 0.9504 
       W2514  1 0.0160 0.9840 
       W26MA  1 0.0257 0.9743 
       W26MM  1 0.0111 0.9889 
       W26MU  1 0.0148 0.9852 
       W26P0  1 0.0156 0.9844 
       W26P3  1 0.0067 0.9933 
       W26T5  1 0.0086 0.9914 
       W26TE  1 0.0207 0.9793 
       W26TF  1 0.0084 0.9916 
       W26U8  1 0.0518 0.9482 
       W26UJ  1 0.0101 0.9899 
       W26UK  1 0.0066 0.9934 
       W26UT  1 0.0070 0.9930 
       W26XT  1 0.0086 0.9914 
      CC06H2  1 0.0347 0.9653 
      CC06H4  1 0.0101 0.9899 
      CC06H5  1 0.0402 0.9598 
      CC06H6  1 0.0159 0.9841 
      CC06HE  1 0.0083 0.9917 
      CC06HF  1 0.0366 0.9634 
      CC06HH  1 0.0093 0.9907 
      CC06HJ  1 0.0129 0.9871 
      CC06HL  1 0.0067 0.9933 
      CC06HP  1 0.0071 0.9929 
      CC06HT  1 0.0484 0.9516 
      CC06HU  1 0.0124 0.9876 
      CC06HY  1 0.0248 0.9752 
      CC06J0  1 0.0132 0.9868 
      CC06J1  1 0.0350 0.9650 
      CC06J2  1 0.0122 0.9878 
     CT.0YCY  1 0.0133 0.9867 
     CT.0YEC  1 0.0063 0.9937 
     CT.0YEF  1 0.0130 0.9870 
     CT.0YEU  1 0.0075 0.9925 
     CT.0YF2  1 0.0211 0.9789 
     CT.0YF8  1 0.0076 0.9924 
     CT.0YFA  1 0.0177 0.9823 
     CT.0YFE  1 0.0139 0.9861 
     CT.0YFP  1 0.0230 0.9770 
     CT.0YFU  1 0.0124 0.9876 
     CT.0YK7  1 0.0137 0.9863 
     CX.10PT  1 0.0334 0.9666 
      DAM021  1 0.0125 0.9875 
      DAM034  1 0.0177 0.9823 
      DAM07X  1 0.0150 0.9850 
     EF.15J6  1 0.0097 0.9903 
      HRV010  1 0.0098 0.9902 
      HRV02J  1 0.0166 0.9834 
      HRV078  1 0.0131 0.9869 
      HRV0FH  1 0.0120 0.9880 
      HRV0H5  1 0.0153 0.9847 
      HRV0JF  1 0.0243 0.9757 
      HRV0JJ  1 0.0204 0.9796 
      HRV0JM  1 0.0128 0.9872 
      HRV0K6  1 0.0440 0.9560 
      HRV0K7  1 0.0093 0.9907 
      HRV0KP  1 0.0159 0.9841 
      HRV1AX  1 0.0367 0.9633 
      HRV1C4  1 0.0257 0.9743 
      HRV1CH  1 0.0148 0.9852 
      HRV1FA  1 0.0158 0.9842 
      HRV1FK  1 0.0144 0.9856 
      HRV1H8  1 0.0133 0.9867 
      HRV1HT  1 0.0185 0.9815 
      HRV1XU  1 0.0123 0.9877 
      HRV4TF  1 0.0096 0.9904 
      HRV6F0  1 0.0116 0.9884 
      HRVE6L  1 0.0145 0.9855 
       M27HM  1 0.0158 0.9842 
       M27HP  1 0.0088 0.9912 
       M2AK4  1 0.0085 0.9915 
       M2ALA  1 0.0078 0.9922 
       M2C56  1 0.0177 0.9823 
       M2CUX  1 0.0274 0.9726 
       M2E24  1 0.0088 0.9912 
       M2EA7  1 0.0103 0.9897 
       M2EH6  1 0.0098 0.9902 
       M2EKC  1 0.0466 0.9534 
      MSV083  1 0.0148 0.9852 
      MSV084  1 0.0143 0.9857 
      MSV0LJ  1 0.0160 0.9840 
      MSV1H5  1 0.0199 0.9801 
      MSV1KM  1 0.0086 0.9914 
      MSV23F  1 0.0103 0.9897 
      MSV2L8  1 0.0115 0.9885 
      MSV2P7  1 0.0094 0.9906 
      MSV2TJ  1 0.0211 0.9789 
      MSV2XM  1 0.0141 0.9859 
      MSV327  1 0.0112 0.9888 
      MSV33L  1 0.0077 0.9923 
       h0015  2 0.0400 0.9600 
       h0025  2 0.0115 0.9885 
       h0035  2 0.0278 0.9722 
       h0045  2 0.0177 0.9823 
       h0055  2 0.0127 0.9873 
       h0065  2 0.0185 0.9815 
       h0075  2 0.0450 0.9550 
       h0085  2 0.0105 0.9895 
       h0095  2 0.0108 0.9892 
       h0105  2 0.0183 0.9817 
       h0115  2 0.0115 0.9885 
       h0125  2 0.0110 0.9890 
       h0135  2 0.0113 0.9887 
       h0145  2 0.0330 0.9670 
       h0155  2 0.0104 0.9896 
       h0165  2 0.0191 0.9809 
       h0175  2 0.0196 0.9804 
       h0185  2 0.0163 0.9837 
       h0195  2 0.0077 0.9923 
       h0205  2 0.0141 0.9859 
       h0215  2 0.0107 0.9893 
       h0225  2 0.0257 0.9743 
       h0235  2 0.1424 0.8576 
       h0245  2 0.0374 0.9626 
       h0255  2 0.0070 0.9930 
       h0265  2 0.0099 0.9901 
       h0275  2 0.0355 0.9645 
       h0285  2 0.0093 0.9907 
       h0295  2 0.0101 0.9899 
       h0305  2 0.0063 0.9937 
       h0315  2 0.0142 0.9858 
       h0325  2 0.0109 0.9891 
       h0335  2 0.0181 0.9819 
       h0345  2 0.0114 0.9886 
       h0355  2 0.0224 0.9776 
       h0365  2 0.0373 0.9627 
       h0375  2 0.0126 0.9874 
       h0385  2 0.0214 0.9786 
       h0395  2 0.0544 0.9456 
       h0405  2 0.0107 0.9893 
       h0415  2 0.0084 0.9916 
       h0425  2 0.0082 0.9918 
       h0435  2 0.0148 0.9852 
       h0445  2 0.0095 0.9905 
       h0455  2 0.0173 0.9827 
       h0465  2 0.0105 0.9895 
       h0475  2 0.0193 0.9807 
       h0485  2 0.0168 0.9832 
       h0495  2 0.0059 0.9941 
       h0505  2 0.0156 0.9844 
       h0515  2 0.0171 0.9829 
       h0525  2 0.0151 0.9849 
       h0535  2 0.1051 0.8949 
       h0545  2 0.0117 0.9883 
       h0555  2 0.0109 0.9891 
       h0565  2 0.0082 0.9918 
       h0575  2 0.0095 0.9905 
       h0585  2 0.0079 0.9921 
       h0595  2 0.0185 0.9815 
       h0605  2 0.0070 0.9930 
       h0615  2 0.0064 0.9936 
       h0625  2 0.0168 0.9832 
       h0635  2 0.0075 0.9925 
       h0645  2 0.0137 0.9863 
       h0655  2 0.0064 0.9936 
       h0665  2 0.0497 0.9503 
       h0675  2 0.0087 0.9913 
       h0685  2 0.0119 0.9881 
       h0695  2 0.0087 0.9913 
       h0705  2 0.0118 0.9882 
       h0715  2 0.0091 0.9909 
       h0725  2 0.0206 0.9794 
       h0735  2 0.0325 0.9675 
       h0745  2 0.0106 0.9894 
       h0755  2 0.0227 0.9773 
       h0765  2 0.0065 0.9935 
       h0775  2 0.0107 0.9893 
       h0785  2 0.0090 0.9910 
       h0795  2 0.0065 0.9935 
       h0805  2 0.0196 0.9804 
       h0815  2 0.0103 0.9897 
       h0825  2 0.0073 0.9927 
       h0835  2 0.0073 0.9927 
       h0845  2 0.0063 0.9937 
       h0855  2 0.0086 0.9914 
       h0865  2 0.0123 0.9877 
       h0875  2 0.0128 0.9872 
       h0885  2 0.0126 0.9874 
       h0895  2 0.0182 0.9818 
       h0905  2 0.0094 0.9906 
       h0915  2 0.0126 0.9874 
       h0925  2 0.0118 0.9882 
       h0935  2 0.0123 0.9877 
       h0945  2 0.0104 0.9896 
       h0955  2 0.0133 0.9867 
       h0965  2 0.0076 0.9924 
       h0975  2 0.0110 0.9890 
       h0985  2 0.0888 0.9112 
       h0995  2 0.0090 0.9910 
       h1005  2 0.0219 0.9781 
        h101  2 0.1020 0.8980 
        h102  2 0.0161 0.9839 
        h103  2 0.0211 0.9789 
        h104  2 0.0194 0.9806 
        h105  2 0.0059 0.9941 
        h106  2 0.0078 0.9922 
        h107  2 0.0156 0.9844 
        h108  2 0.0172 0.9828 
        h109  2 0.0098 0.9902 
        h110  2 0.0225 0.9775 
        h111  2 0.0222 0.9778 
        h112  2 0.0097 0.9903 
        h113  2 0.0066 0.9934 
        h114  2 0.0172 0.9828 
        h115  2 0.0101 0.9899 
        h116  2 0.0120 0.9880 
        h117  2 0.0109 0.9891 
        h118  2 0.0160 0.9840 
        h119  2 0.0166 0.9834 
        h120  2 0.0159 0.9841 
        h121  2 0.0067 0.9933 
        h122  2 0.0119 0.9881 
        h123  2 0.0268 0.9732 
        h124  2 0.0196 0.9804 
        h125  2 0.0114 0.9886 
        h126  2 0.0130 0.9870 
        h127  2 0.0241 0.9759 
        h128  2 0.0138 0.9862 
        h129  2 0.0192 0.9808 
        h130  2 0.0128 0.9872 
        h131  2 0.0065 0.9935 
        h132  2 0.0095 0.9905 
        h133  2 0.0141 0.9859 
        h134  2 0.0151 0.9849 
        h135  2 0.0120 0.9880 
        h136  2 0.0059 0.9941 
        h137  2 0.1044 0.8956 
        h138  2 0.0089 0.9911 
        h139  2 0.0093 0.9907 
        h140  2 0.0268 0.9732 
        h141  2 0.0552 0.9448 
        h142  2 0.0102 0.9898 
        h143  2 0.0066 0.9934 
        h144  2 0.0074 0.9926 
        h145  2 0.0082 0.9918 
        h146  2 0.0088 0.9912 
        h147  2 0.0107 0.9893 
        h148  2 0.0098 0.9902 
        h149  2 0.0185 0.9815 
        h150  2 0.0075 0.9925 
        h151  2 0.0088 0.9912 
        h152  2 0.0067 0.9933 
        h153  2 0.0078 0.9922 
        h154  2 0.0334 0.9666 
        h155  2 0.0138 0.9862 
        h156  2 0.0238 0.9762 
        h157  2 0.0120 0.9880 
        h158  2 0.0084 0.9916 
        h159  2 0.0097 0.9903 
        h160  2 0.0090 0.9910 
        h161  2 0.0097 0.9903 
        h162  2 0.0154 0.9846 
        h163  2 0.0086 0.9914 
        h164  2 0.0090 0.9910 
        h165  2 0.0067 0.9933 
        h166  2 0.0133 0.9867 
        h167  2 0.0107 0.9893 
        h168  2 0.0285 0.9715 
        h169  2 0.0220 0.9780 
        h170  2 0.0192 0.9808 
        h171  2 0.0267 0.9733 
        h172  2 0.0115 0.9885 
        h173  2 0.0293 0.9707 
        h174  2 0.0211 0.9789 
        h175  2 0.0101 0.9899 
        h176  2 0.0914 0.9086 
        h177  2 0.0125 0.9875 
        h178  2 0.0118 0.9882 
        h179  2 0.0117 0.9883 
        h180  2 0.0119 0.9881 
        h181  2 0.0204 0.9796 
        h182  2 0.0164 0.9836 
        h183  2 0.0357 0.9643 
        h184  2 0.0173 0.9827 
        h185  2 0.0138 0.9862 
        h186  2 0.0196 0.9804 
        h187  2 0.0106 0.9894 
        h188  2 0.0141 0.9859 
        h189  2 0.0159 0.9841 
        h190  2 0.0213 0.9787 
        h191  2 0.0280 0.9720 
        h192  2 0.0121 0.9879 
        h193  2 0.0116 0.9884 
        h194  2 0.0102 0.9898 
        h195  2 0.0080 0.9920 
        h196  2 0.0269 0.9731 
        h197  2 0.0122 0.9878 
        h198  2 0.0091 0.9909 
        h199  2 0.0096 0.9904 
        h200  2 0.0119 0.9881 
        h201  2 0.0369 0.9631 
        h202  2 0.0153 0.9847 
        h203  2 0.0080 0.9920 
        h204  2 0.0411 0.9589 
        h205  2 0.0342 0.9658 
        h206  2 0.0093 0.9907 
        h207  2 0.0083 0.9917 
        h208  2 0.0156 0.9844 
        h209  2 0.0169 0.9831 
        h210  2 0.0121 0.9879 
        h211  2 0.0114 0.9886 
        h212  2 0.0092 0.9908 
        h213  2 0.0148 0.9852 
        h214  2 0.0121 0.9879 
        h215  2 0.0100 0.9900 
        h216  2 0.0224 0.9776 
        h217  2 0.0187 0.9813 
        h218  2 0.0075 0.9925 
        h219  2 0.0090 0.9910 
        h220  2 0.0366 0.9634 
        h221  2 0.0267 0.9733 
        h222  2 0.0255 0.9745 
        h223  2 0.0088 0.9912 
        h224  2 0.0081 0.9919 
        h225  2 0.0084 0.9916 
        h226  2 0.0124 0.9876 
        h227  2 0.0121 0.9879 
        h228  2 0.0087 0.9913 
        h229  2 0.0090 0.9910 
        h230  2 0.0064 0.9936 
        h231  2 0.0091 0.9909 
        h232  2 0.0081 0.9919 
        h233  2 0.0090 0.9910 
        h234  2 0.0091 0.9909 
        h235  2 0.0078 0.9922 
        h236  2 0.0128 0.9872 
        h237  2 0.0120 0.9880 
        h238  2 0.0089 0.9911 
        h239  2 0.0123 0.9877 
        h240  2 0.0569 0.9431 
        h241  2 0.0221 0.9779 
        h242  2 0.0132 0.9868 
        h243  2 0.0109 0.9891 
        h244  2 0.0267 0.9733 
        h245  2 0.0122 0.9878 
        h246  2 0.0081 0.9919 
        h247  2 0.0141 0.9859 
        h248  2 0.0172 0.9828 
        h249  2 0.0135 0.9865 
        h250  2 0.0105 0.9895 
        h251  2 0.0216 0.9784 
        h252  2 0.0133 0.9867 
        h253  2 0.0106 0.9894 
        h254  2 0.0152 0.9848 
        h255  2 0.0100 0.9900 
        h256  2 0.0120 0.9880 
        h257  2 0.0098 0.9902 
        h258  2 0.0226 0.9774 
        h259  2 0.0269 0.9731 
        h260  2 0.0655 0.9345 
        h261  2 0.0210 0.9790 
        h262  2 0.0085 0.9915 
        h263  2 0.0192 0.9808 
        h264  2 0.0093 0.9907 
        h265  2 0.0219 0.9781 
        h266  2 0.0114 0.9886 
        h267  2 0.0874 0.9126 
        h268  2 0.0163 0.9837 
        h269  2 0.0075 0.9925 
        h270  2 0.0647 0.9353 
        h271  2 0.0065 0.9935 
        h272  2 0.0127 0.9873 
        h273  2 0.0269 0.9731 
        h274  2 0.0329 0.9671 
        h275  2 0.0091 0.9909 
        h276  2 0.0061 0.9939 
        h277  2 0.0167 0.9833 
        h278  2 0.0088 0.9912 
        h279  2 0.0072 0.9928 
        h280  2 0.0112 0.9888 
        h281  2 0.0112 0.9888 
        h282  2 0.0169 0.9831 
        h283  2 0.0087 0.9913 
        h284  2 0.0085 0.9915 
        h285  2 0.0114 0.9886 
        h286  2 0.0180 0.9820 
        h287  2 0.0101 0.9899 
        h288  2 0.0393 0.9607 
        h289  2 0.0114 0.9886 
        h290  2 0.0096 0.9904 
        h291  2 0.0232 0.9768 
        h292  2 0.0213 0.9787 
        h293  2 0.0073 0.9927 
        h294  2 0.0473 0.9527 
        h295  2 0.0334 0.9666 
        h296  2 0.0155 0.9845 
        h297  2 0.0084 0.9916 
        h298  2 0.0156 0.9844 
        h299  2 0.0071 0.9929 
        h300  2 0.0071 0.9929 
        h301  2 0.0087 0.9913 
        h302  2 0.0132 0.9868 
        h303  2 0.0110 0.9890 
        h304  2 0.0074 0.9926 
        h305  2 0.0218 0.9782 
        h306  2 0.0080 0.9920 
        h307  2 0.0181 0.9819 
        h308  2 0.0090 0.9910 
        h309  2 0.0203 0.9797 
        h310  2 0.0106 0.9894 
        h311  2 0.0162 0.9838 
        h312  2 0.0107 0.9893 
        h313  2 0.0096 0.9904 
        h314  2 0.0147 0.9853 
        h315  2 0.0213 0.9787 
        h316  2 0.0101 0.9899 
        h317  2 0.0068 0.9932 
        h318  2 0.0501 0.9499 
        h319  2 0.0062 0.9938 
        h320  2 0.0187 0.9813 
        h321  2 0.0118 0.9882 
        h322  2 0.0094 0.9906 
        h323  2 0.0121 0.9879 
        h324  2 0.0215 0.9785 
        h325  2 0.0111 0.9889 
        h326  2 0.0074 0.9926 
        h327  2 0.0098 0.9902 
        h328  2 0.0169 0.9831 
        h329  2 0.0092 0.9908 
        h330  2 0.0100 0.9900 
        h331  2 0.0107 0.9893 
        h332  2 0.0230 0.9770 
        h333  2 0.0202 0.9798 
        h334  2 0.0179 0.9821 
        h335  2 0.0086 0.9914 
        h336  2 0.0111 0.9889 
        h337  2 0.0094 0.9906 
        h338  2 0.0174 0.9826 
        h339  2 0.0082 0.9918 
        h340  2 0.0079 0.9921 
        h341  2 0.0105 0.9895 
        h342  2 0.0156 0.9844 
        h343  2 0.0127 0.9873 
        h344  2 0.0309 0.9691 
        h345  2 0.0075 0.9925 
        h346  2 0.0105 0.9895 
        h347  2 0.0091 0.9909 
        h348  2 0.0359 0.9641 
        h349  2 0.0156 0.9844 
        h350  2 0.0150 0.9850 
        h351  2 0.0118 0.9882 
        h352  2 0.0596 0.9404 
        h353  2 0.0108 0.9892 
        h354  2 0.0279 0.9721 
        h355  2 0.0211 0.9789 
        h356  2 0.0125 0.9875 
        h357  2 0.0194 0.9806 
        h358  2 0.0179 0.9821 
        h359  2 0.0106 0.9894 
        h360  2 0.0123 0.9877 
        h361  2 0.0149 0.9851 
        h362  2 0.0057 0.9943 
        h363  2 0.0083 0.9917 
        h364  2 0.0131 0.9869 
        h365  2 0.0133 0.9867 
        h366  2 0.0065 0.9935 
        h367  2 0.0102 0.9898 
        h368  2 0.0098 0.9902 
        h369  2 0.0080 0.9920 
        h370  2 0.0595 0.9405 
        h371  2 0.0126 0.9874 
        h372  2 0.0254 0.9746 
        h373  2 0.0077 0.9923 
        h374  2 0.1351 0.8649 
        h375  2 0.0207 0.9793 
        h376  2 0.0121 0.9879 
        h377  2 0.0114 0.9886 
        h378  2 0.0206 0.9794 
        h379  2 0.0095 0.9905 
        h380  2 0.0136 0.9864 
        h381  2 0.0159 0.9841 
        h382  2 0.0113 0.9887 
        h383  2 0.0372 0.9628 
        h384  2 0.0219 0.9781 
        h385  2 0.0095 0.9905 
        h386  2 0.0119 0.9881 
        h387  2 0.0085 0.9915 
        h388  2 0.0182 0.9818 
        h389  2 0.0165 0.9835 
        h390  2 0.0090 0.9910 
        h391  2 0.0067 0.9933 
        h392  2 0.0337 0.9663 
        h393  2 0.0122 0.9878 
        h394  2 0.0118 0.9882 
        h395  2 0.0129 0.9871 
        h396  2 0.0238 0.9762 
        h397  2 0.0201 0.9799 
        h398  2 0.0188 0.9812 
        h399  2 0.0059 0.9941 
        h400  2 0.0266 0.9734 
        h001  3 0.0126 0.9874 
        h002  3 0.0728 0.9272 
        h003  3 0.1350 0.8650 
        h004  3 0.0488 0.9512 
        h005  3 0.1346 0.8654 
        h006  3 0.0426 0.9574 
        h007  3 0.1636 0.8364 
        h008  3 0.0721 0.9279 
        h009  3 0.1993 0.8007 
        h010  3 0.0077 0.9923 
        h011  3 0.0405 0.9595 
        h012  3 0.2721 0.7279 
        h013  3 0.1996 0.8004 
        h014  3 0.0633 0.9367 
        h015  3 0.0433 0.9567 
        h016  3 0.0502 0.9498 
        h017  3 0.1009 0.8991 
        h018  3 0.2659 0.7341 
        h019  3 0.2256 0.7744 
        h020  3 0.0120 0.9880 
        h021  3 0.0784 0.9216 
        h022  3 0.1195 0.8805 
        h023  3 0.0142 0.9858 
        h024  3 0.0193 0.9807 
        h025  3 0.0883 0.9117 
        h026  3 0.1679 0.8321 
        h027  3 0.1741 0.8259 
        h028  3 0.0766 0.9234 
        h029  3 0.0745 0.9255 
        h030  3 0.0212 0.9788 
        h031  3 0.1062 0.8938 
        h032  3 0.2542 0.7458 
        h033  3 0.1692 0.8308 
        h034  3 0.1053 0.8947 
        h035  3 0.2674 0.7326 
        h036  3 0.0402 0.9598 
        h037  3 0.1241 0.8759 
        h038  3 0.1213 0.8787 
        h039  3 0.2354 0.7646 
        h040  3 0.1354 0.8646 
        h041  3 0.2028 0.7972 
        h042  3 0.0951 0.9049 
        h043  3 0.0261 0.9739 
        h044  3 0.0604 0.9396 
        h045  3 0.2702 0.7298 
        h046  3 0.1316 0.8684 
        h047  3 0.0393 0.9607 
        h048  3 0.0777 0.9223 
        h049  3 0.0751 0.9249 
        h050  3 0.0642 0.9358 
        h051  3 0.1320 0.8680 
        h052  3 0.0141 0.9859 
        h053  3 0.0529 0.9471 
        h054  3 0.0859 0.9141 
        h055  3 0.0398 0.9602 
        h056  3 0.1641 0.8359 
        h057  3 0.1556 0.8444 
        h058  3 0.0128 0.9872 
        h059  3 0.0111 0.9889 
        h060  3 0.0159 0.9841 
        h061  3 0.0332 0.9668 
        h062  3 0.0707 0.9293 
        h063  3 0.0299 0.9701 
        h064  3 0.0948 0.9052 
        h065  3 0.1283 0.8717 
        h066  3 0.0797 0.9203 
        h067  3 0.1068 0.8932 
        h068  3 0.0996 0.9004 
        h069  3 0.0186 0.9814 
        h070  3 0.0402 0.9598 
        h071  3 0.1384 0.8616 
        h072  3 0.0084 0.9916 
        h073  3 0.2978 0.7022 
        h074  3 0.0233 0.9767 
        h075  3 0.2686 0.7314 
        h076  3 0.0244 0.9756 
        h077  3 0.0224 0.9776 
        h078  3 0.0259 0.9741 
        h079  3 0.0350 0.9650 
        h080  3 0.1019 0.8981 
        h081  3 0.2282 0.7718 
        h082  3 0.0188 0.9812 
        h083  3 0.1798 0.8202 
        h084  3 0.1054 0.8946 
        h085  3 0.0238 0.9762 
        h086  3 0.0197 0.9803 
        h087  3 0.2568 0.7432 
        h088  3 0.0832 0.9168 
        h089  3 0.3186 0.6814 
        h090  3 0.0144 0.9856 
        h091  3 0.1842 0.8158 
        h092  3 0.0091 0.9909 
        h093  3 0.2239 0.7761 
        h094  3 0.1268 0.8732 
        h095  3 0.0591 0.9409 
        h096  3 0.1866 0.8134 
        h097  3 0.0218 0.9782 
        h098  3 0.2762 0.7238 
        h099  3 0.1517 0.8483 
        h100  3 0.0551 0.9449 
       h0011  4 0.0753 0.9247 
       h0021  4 0.3389 0.6611 
       h0031  4 0.2860 0.7140 
       h0041  4 0.2632 0.7368 
       h0051  4 0.0250 0.9750 
       h0061  4 0.2328 0.7672 
       h0071  4 0.3581 0.6419 
       h0081  4 0.1618 0.8382 
       h0091  4 0.1264 0.8736 
       h0101  4 0.1991 0.8009 
       h0111  4 0.3647 0.6353 
       h0121  4 0.1623 0.8377 
       h0131  4 0.0732 0.9268 
       h0141  4 0.2748 0.7252 
       h0151  4 0.3698 0.6302 
       h0161  4 0.3516 0.6484 
       h0171  4 0.0246 0.9754 
       h0181  4 0.2156 0.7844 
       h0191  4 0.2992 0.7008 
       h0201  4 0.1953 0.8047 
       h0211  4 0.2661 0.7339 
       h0221  4 0.1861 0.8139 
       h0231  4 0.2671 0.7329 
       h0241  4 0.1564 0.8436 
       h0251  4 0.3813 0.6187 
       h0261  4 0.1578 0.8422 
       h0271  4 0.2529 0.7471 
       h0281  4 0.3360 0.6640 
       h0291  4 0.1020 0.8980 
       h0301  4 0.0775 0.9225 
       h0311  4 0.2565 0.7435 
       h0321  4 0.2476 0.7524 
       h0331  4 0.3859 0.6141 
       h0341  4 0.0103 0.9897 
       h0351  4 0.1772 0.8228 
       h0361  4 0.3980 0.6020 
       h0371  4 0.2860 0.7140 
       h0381  4 0.2745 0.7255 
       h0391  4 0.0313 0.9687 
       h0401  4 0.1001 0.8999 
       h0411  4 0.1535 0.8465 
       h0421  4 0.0465 0.9535 
       h0431  4 0.0547 0.9453 
       h0441  4 0.3004 0.6996 
       h0451  4 0.3581 0.6419 
       h0461  4 0.0355 0.9645 
       h0471  4 0.1892 0.8108 
       h0481  4 0.3510 0.6490 
       h0491  4 0.0152 0.9848 
       h0501  4 0.1536 0.8464 
       h0511  4 0.3275 0.6725 
       h0521  4 0.2941 0.7059 
       h0531  4 0.2447 0.7553 
       h0541  4 0.1109 0.8891 
       h0551  4 0.0351 0.9649 
       h0561  4 0.2288 0.7712 
       h0571  4 0.2777 0.7223 
       h0581  4 0.0725 0.9275 
       h0591  4 0.3950 0.6050 
       h0601  4 0.3488 0.6512 
       h0611  4 0.1966 0.8034 
       h0621  4 0.0551 0.9449 
       h0631  4 0.5388 0.4612 
       h0641  4 0.1865 0.8135 
       h0651  4 0.0658 0.9342 
       h0661  4 0.1037 0.8963 
       h0671  4 0.1479 0.8521 
       h0681  4 0.3623 0.6377 
       h0691  4 0.4131 0.5869 
       h0701  4 0.1860 0.8140 
       h0711  4 0.1029 0.8971 
       h0721  4 0.1968 0.8032 
       h0731  4 0.0132 0.9868 
       h0741  4 0.1667 0.8333 
       h0751  4 0.1107 0.8893 
       h0761  4 0.3616 0.6384 
       h0771  4 0.1106 0.8894 
       h0781  4 0.0805 0.9195 
       h0791  4 0.1602 0.8398 
       h0801  4 0.0996 0.9004 
       h0811  4 0.0408 0.9592 
       h0821  4 0.3657 0.6343 
       h0831  4 0.2430 0.7570 
       h0841  4 0.1046 0.8954 
       h0851  4 0.3126 0.6874 
       h0861  4 0.0474 0.9526 
       h0871  4 0.2473 0.7527 
       h0881  4 0.3283 0.6717 
       h0891  4 0.2037 0.7963 
       h0901  4 0.1738 0.8262 
       h0911  4 0.2666 0.7334 
       h0921  4 0.1304 0.8696 
       h0931  4 0.0278 0.9722 
       h0941  4 0.2247 0.7753 
       h0951  4 0.3092 0.6908 
       h0961  4 0.1057 0.8943 
       h0971  4 0.2375 0.7625 
       h0981  4 0.3155 0.6845 
       h0991  4 0.1885 0.8115 
       h1001  4 0.3168 0.6832 
      MSV1TX  5 0.3943 0.6057 
      MSV025  5 0.6186 0.3814 
      MSV02C  5 0.4915 0.5085 
      MSV02E  5 0.5639 0.4361 
      MSV0TF  5 0.5786 0.4214 
       M2EL8  5 0.6896 0.3104 
       h0012  6 0.6548 0.3452 
       h0022  6 0.4774 0.5226 
       h0032  6 0.6071 0.3929 
       h0042  6 0.5724 0.4276 
       h0052  6 0.2495 0.7505 
       h0062  6 0.4328 0.5672 
       h0072  6 0.4556 0.5444 
       h0082  6 0.4121 0.5879 
       h0092  6 0.5377 0.4623 
       h0102  6 0.3580 0.6420 
       h0112  6 0.4018 0.5982 
       h0122  6 0.4644 0.5356 
       h0132  6 0.5266 0.4734 
       h0142  6 0.4948 0.5052 
       h0152  6 0.5456 0.4544 
       h0162  6 0.5071 0.4929 
       h0172  6 0.4265 0.5735 
       h0182  6 0.5391 0.4609 
       h0192  6 0.5996 0.4004 
       h0202  6 0.4709 0.5291 
       h0212  6 0.5081 0.4919 
       h0222  6 0.5855 0.4145 
       h0232  6 0.4467 0.5533 
       h0242  6 0.4881 0.5119 
       h0252  6 0.5039 0.4961 
       h0262  6 0.4064 0.5936 
       h0272  6 0.5381 0.4619 
       h0282  6 0.3792 0.6208 
       h0292  6 0.5199 0.4801 
       h0302  6 0.7546 0.2454 
       h0312  6 0.4987 0.5013 
       h0322  6 0.5194 0.4806 
       h0332  6 0.3783 0.6217 
       h0342  6 0.4622 0.5378 
       h0352  6 0.4335 0.5665 
       h0362  6 0.5358 0.4642 
       h0372  6 0.4440 0.5560 
       h0382  6 0.5758 0.4242 
       h0392  6 0.4756 0.5244 
       h0402  6 0.4226 0.5774 
       h0412  6 0.5224 0.4776 
       h0422  6 0.4172 0.5828 
       h0432  6 0.4674 0.5326 
       h0442  6 0.4951 0.5049 
       h0452  6 0.3291 0.6709 
       h0462  6 0.6125 0.3875 
       h0472  6 0.5770 0.4230 
       h0482  6 0.5379 0.4621 
       h0492  6 0.6431 0.3569 
       h0502  6 0.5221 0.4779 
       h0512  6 0.2875 0.7125 
       h0522  6 0.5362 0.4638 
       h0532  6 0.4391 0.5609 
       h0542  6 0.4105 0.5895 
       h0552  6 0.6313 0.3687 
       h0562  6 0.4183 0.5817 
       h0572  6 0.5591 0.4409 
       h0582  6 0.6601 0.3399 
       h0592  6 0.5195 0.4805 
       h0602  6 0.5945 0.4055 
       h0612  6 0.3317 0.6683 
       h0622  6 0.4935 0.5065 
       h0632  6 0.5960 0.4040 
       h0642  6 0.5510 0.4490 
       h0652  6 0.5851 0.4149 
       h0662  6 0.4729 0.5271 
       h0672  6 0.3374 0.6626 
       h0682  6 0.5180 0.4820 
       h0692  6 0.4604 0.5396 
       h0702  6 0.2998 0.7002 
       h0712  6 0.4636 0.5364 
       h0722  6 0.5537 0.4463 
       h0732  6 0.5066 0.4934 
       h0742  6 0.2883 0.7117 
       h0752  6 0.4760 0.5240 
       h0762  6 0.4267 0.5733 
       h0772  6 0.3506 0.6494 
       h0782  6 0.7092 0.2908 
       h0792  6 0.5513 0.4487 
       h0802  6 0.5092 0.4908 
       h0812  6 0.4441 0.5559 
       h0822  6 0.5645 0.4355 
       h0832  6 0.4824 0.5176 
       h0842  6 0.4060 0.5940 
       h0852  6 0.4604 0.5396 
       h0862  6 0.4305 0.5695 
       h0872  6 0.4479 0.5521 
       h0882  6 0.5468 0.4532 
       h0892  6 0.4351 0.5649 
       h0902  6 0.5635 0.4365 
       h0912  6 0.4440 0.5560 
       h0922  6 0.4435 0.5565 
       h0932  6 0.2648 0.7352 
       h0942  6 0.4220 0.5780 
       h0952  6 0.4405 0.5595 
       h0962  6 0.3749 0.6251 
       h0972  6 0.5967 0.4033 
       h0982  6 0.3929 0.6071 
       h0992  6 0.2430 0.7570 
       h1002  6 0.4166 0.5834 
      MSV21T  7 0.8771 0.1229 
       M2E71  7 0.7723 0.2277 
       h0013  8 0.9215 0.0785 
       h0023  8 0.7799 0.2201 
       h0033  8 0.5898 0.4102 
       h0043  8 0.7220 0.2780 
       h0053  8 0.8917 0.1083 
       h0063  8 0.8789 0.1211 
       h0073  8 0.7182 0.2818 
       h0083  8 0.7977 0.2023 
       h0093  8 0.7125 0.2875 
       h0103  8 0.9008 0.0992 
       h0113  8 0.6879 0.3121 
       h0123  8 0.6273 0.3727 
       h0133  8 0.6828 0.3172 
       h0143  8 0.5738 0.4262 
       h0153  8 0.8133 0.1867 
       h0163  8 0.7683 0.2317 
       h0173  8 0.6868 0.3132 
       h0183  8 0.7201 0.2799 
       h0193  8 0.6456 0.3544 
       h0203  8 0.8071 0.1929 
       h0213  8 0.7568 0.2432 
       h0223  8 0.8251 0.1749 
       h0233  8 0.8203 0.1797 
       h0243  8 0.8075 0.1925 
       h0253  8 0.7623 0.2377 
       h0263  8 0.6826 0.3174 
       h0273  8 0.7533 0.2467 
       h0283  8 0.8304 0.1696 
       h0293  8 0.7483 0.2517 
       h0303  8 0.6270 0.3730 
       h0313  8 0.8299 0.1701 
       h0323  8 0.9871 0.0129 
       h0333  8 0.6838 0.3162 
       h0343  8 0.6624 0.3376 
       h0353  8 0.8603 0.1397 
       h0363  8 0.7749 0.2251 
       h0373  8 0.9229 0.0771 
       h0383  8 0.8189 0.1811 
       h0393  8 0.8210 0.1790 
       h0403  8 0.9867 0.0133 
       h0413  8 0.8276 0.1724 
       h0423  8 0.6704 0.3296 
       h0433  8 0.8449 0.1551 
       h0443  8 0.7619 0.2381 
       h0453  8 0.7648 0.2352 
       h0463  8 0.8205 0.1795 
       h0473  8 0.9131 0.0869 
       h0483  8 0.8017 0.1983 
       h0493  8 0.6902 0.3098 
       h0503  8 0.8637 0.1363 
       h0513  8 0.5306 0.4694 
       h0523  8 0.8282 0.1718 
       h0533  8 0.6496 0.3504 
       h0543  8 0.5948 0.4052 
       h0553  8 0.8231 0.1769 
       h0563  8 0.9723 0.0277 
       h0573  8 0.6026 0.3974 
       h0583  8 0.7457 0.2543 
       h0593  8 0.7138 0.2862 
       h0603  8 0.6988 0.3012 
       h0613  8 0.7227 0.2773 
       h0623  8 0.9468 0.0532 
       h0633  8 0.6567 0.3433 
       h0643  8 0.8590 0.1410 
       h0653  8 0.5975 0.4025 
       h0663  8 0.7826 0.2174 
       h0673  8 0.9738 0.0262 
       h0683  8 0.8014 0.1986 
       h0693  8 0.8391 0.1609 
       h0703  8 0.6741 0.3259 
       h0713  8 0.9193 0.0807 
       h0723  8 0.8202 0.1798 
       h0733  8 0.6411 0.3589 
       h0743  8 0.5159 0.4841 
       h0753  8 0.9890 0.0110 
       h0763  8 0.7190 0.2810 
       h0773  8 0.6825 0.3175 
       h0783  8 0.7313 0.2687 
       h0793  8 0.9908 0.0092 
       h0803  8 0.8383 0.1617 
       h0813  8 0.7402 0.2598 
       h0823  8 0.7508 0.2492 
       h0833  8 0.7446 0.2554 
       h0843  8 0.7920 0.2080 
       h0853  8 0.5945 0.4055 
       h0863  8 0.6471 0.3529 
       h0873  8 0.6768 0.3232 
       h0883  8 0.7447 0.2553 
       h0893  8 0.8269 0.1731 
       h0903  8 0.8701 0.1299 
       h0913  8 0.6643 0.3357 
       h0923  8 0.6601 0.3399 
       h0933  8 0.7393 0.2607 
       h0943  8 0.7961 0.2039 
       h0953  8 0.7671 0.2329 
       h0963  8 0.8189 0.1811 
       h0973  8 0.8558 0.1442 
       h0983  8 0.9678 0.0322 
       h0993  8 0.5000 0.5000 
       h1003  8 0.9273 0.0727 
       W23CA  9 0.9175 0.0825 
     AP.085Y  9 0.9825 0.0175 
     CH.0LLY  9 0.5919 0.4081 
       M0LEC  9 0.9901 0.0099 
       M2C3H  9 0.7747 0.2253 
       M2CHL  9 0.5341 0.4659 
       W26P7  9 0.9019 0.0981 
     AP.07M5  9 0.9467 0.0533 
     AP.080U  9 0.9583 0.0417 
     AP.082A  9 0.9914 0.0086 
     AP.0843  9 0.9389 0.0611 
     AP.0844  9 0.8269 0.1731 
     AP.084X  9 0.9797 0.0203 
     AP.086Y  9 0.8322 0.1678 
     AP.0870  9 0.8706 0.1294 
     AP.0878  9 0.8232 0.1768 
     AP.087F  9 0.7909 0.2091 
     AP.087Y  9 0.5859 0.4141 
     AP.088P  9 0.9803 0.0197 
     AP.08AK  9 0.9748 0.0252 
     CH.0LLM  9 0.8378 0.1622 
     CH.0LLU  9 0.7512 0.2488 
     CH.0LM0  9 0.9256 0.0744 
     CH.0LM3  9 0.9578 0.0422 
       W26MY  9 0.7945 0.2055 
       W26P6  9 0.9127 0.0873 
      HRV07U  9 0.9554 0.0446 
      HRV1CT  9 0.9882 0.0118 
      HRV1CU  9 0.9923 0.0077 
      HRV1E6  9 0.9902 0.0098 
      HRV081  9 0.9933 0.0067 
      HRV1E3  9 0.9719 0.0281 
      MSV21E  9 0.8376 0.1624 
      MSV216  9 0.9431 0.0569 
       M0TYK  9 0.9304 0.0696 
      MSV2AA  9 0.9054 0.0946 
     CK.0PET  9 0.7737 0.2263 
       M2E8C  9 0.9875 0.0125 
      MSV23X  9 0.8255 0.1745 
      MSV32A  9 0.8287 0.1713 
     AP.0838  9 0.9764 0.0236 
     AP.088F  9 0.8802 0.1198 
       h0014 10 0.8587 0.1413 
       h0024 10 0.9363 0.0637 
       h0034 10 0.8521 0.1479 
       h0044 10 0.9838 0.0162 
       h0054 10 0.8906 0.1094 
       h0064 10 0.9908 0.0092 
       h0074 10 0.9819 0.0181 
       h0084 10 0.9791 0.0209 
       h0094 10 0.9859 0.0141 
       h0104 10 0.9868 0.0132 
       h0114 10 0.8370 0.1630 
       h0124 10 0.9434 0.0566 
       h0134 10 0.9576 0.0424 
       h0144 10 0.7785 0.2215 
       h0154 10 0.8520 0.1480 
       h0164 10 0.9120 0.0880 
       h0174 10 0.8883 0.1117 
       h0184 10 0.9785 0.0215 
       h0194 10 0.8406 0.1594 
       h0204 10 0.9484 0.0516 
       h0214 10 0.9869 0.0131 
       h0224 10 0.9507 0.0493 
       h0234 10 0.8094 0.1906 
       h0244 10 0.8951 0.1049 
       h0254 10 0.9423 0.0577 
       h0264 10 0.8540 0.1460 
       h0274 10 0.9848 0.0152 
       h0284 10 0.9920 0.0080 
       h0294 10 0.7710 0.2290 
       h0304 10 0.9394 0.0606 
       h0314 10 0.9897 0.0103 
       h0324 10 0.9329 0.0671 
       h0334 10 0.9879 0.0121 
       h0344 10 0.9558 0.0442 
       h0354 10 0.8210 0.1790 
       h0364 10 0.8661 0.1339 
       h0374 10 0.8271 0.1729 
       h0384 10 0.9123 0.0877 
       h0394 10 0.9718 0.0282 
       h0404 10 0.9912 0.0088 
       h0414 10 0.9815 0.0185 
       h0424 10 0.8850 0.1150 
       h0434 10 0.9468 0.0532 
       h0444 10 0.9794 0.0206 
       h0454 10 0.8648 0.1352 
       h0464 10 0.9687 0.0313 
       h0474 10 0.7532 0.2468 
       h0484 10 0.9557 0.0443 
       h0494 10 0.9313 0.0687 
       h0504 10 0.8677 0.1323 
       h0514 10 0.8848 0.1152 
       h0524 10 0.9289 0.0711 
       h0534 10 0.9860 0.0140 
       h0544 10 0.9886 0.0114 
       h0554 10 0.8327 0.1673 
       h0564 10 0.9870 0.0130 
       h0574 10 0.6366 0.3634 
       h0584 10 0.9360 0.0640 
       h0594 10 0.9495 0.0505 
       h0604 10 0.8331 0.1669 
       h0614 10 0.8956 0.1044 
       h0624 10 0.8238 0.1762 
       h0634 10 0.6761 0.3239 
       h0644 10 0.7837 0.2163 
       h0654 10 0.7655 0.2345 
       h0664 10 0.8873 0.1127 
       h0674 10 0.7672 0.2328 
       h0684 10 0.8302 0.1698 
       h0694 10 0.9790 0.0210 
       h0704 10 0.9602 0.0398 
       h0714 10 0.9843 0.0157 
       h0724 10 0.9230 0.0770 
       h0734 10 0.9087 0.0913 
       h0744 10 0.8203 0.1797 
       h0754 10 0.8053 0.1947 
       h0764 10 0.8270 0.1730 
       h0774 10 0.7252 0.2748 
       h0784 10 0.9057 0.0943 
       h0794 10 0.9027 0.0973 
       h0804 10 0.8299 0.1701 
       h0814 10 0.9444 0.0556 
       h0824 10 0.8239 0.1761 
       h0834 10 0.8090 0.1910 
       h0844 10 0.9570 0.0430 
       h0854 10 0.8068 0.1932 
       h0864 10 0.8777 0.1223 
       h0874 10 0.9822 0.0178 
       h0884 10 0.9047 0.0953 
       h0894 10 0.9498 0.0502 
       h0904 10 0.8743 0.1257 
       h0914 10 0.9021 0.0979 
       h0924 10 0.9367 0.0633 
       h0934 10 0.8640 0.1360 
       h0944 10 0.7534 0.2466 
       h0954 10 0.8722 0.1278 
       h0964 10 0.8757 0.1243 
       h0974 10 0.9108 0.0892 
       h0984 10 0.9890 0.0110 
       h0994 10 0.9530 0.0470 
       h1004 10 0.9032 0.0968 
     AP.07M2 11 0.9445 0.0555 
      HRV05C 11 0.9855 0.0145 
      HRV077 11 0.9836 0.0164 
      HRV0A0 11 0.9930 0.0070 
      HRV0MC 11 0.9914 0.0086 
      HRV00P 11 0.9933 0.0067 
      HRV01J 11 0.9911 0.0089 
      HRV026 11 0.9878 0.0122 
      HRV02C 11 0.9938 0.0062 
      HRV031 11 0.9930 0.0070 
      HRV033 11 0.9930 0.0070 
      HRV05L 11 0.9935 0.0065 
      HRV06A 11 0.9917 0.0083 
      HRV07P 11 0.9936 0.0064 
      HRV0HC 11 0.9550 0.0450 
      HRV0HU 11 0.9835 0.0165 
      HRV0K1 11 0.9925 0.0075 
      HRV0M6 11 0.9683 0.0317 
      HRV0M7 11 0.9898 0.0102 
      HRV0MK 11 0.9934 0.0066 
      HRV1C7 11 0.9917 0.0083 
      HRV1EA 11 0.9814 0.0186 
       M147K 11 0.9940 0.0060 
      HRV008 11 0.9921 0.0079 
      HRV015 11 0.9875 0.0125 
      HRV01F 11 0.9759 0.0241 
      HRV01L 11 0.9922 0.0078 
      HRV01M 11 0.9904 0.0096 
      HRV020 11 0.9853 0.0147 
      HRV022 11 0.9756 0.0244 
      HRV02A 11 0.9810 0.0190 
      HRV02K 11 0.9753 0.0247 
      HRV04C 11 0.9919 0.0081 
      HRV05H 11 0.9843 0.0157 
      HRV076 11 0.9825 0.0175 
      HRV07H 11 0.9940 0.0060 
      HRV07X 11 0.9842 0.0158 
      HRV080 11 0.9926 0.0074 
      HRV086 11 0.9902 0.0098 
      HRV0H3 11 0.9897 0.0103 
      HRV0J3 11 0.9895 0.0105 
      HRV0JX 11 0.9836 0.0164 
      HRV0ML 11 0.9935 0.0065 
      HRV1E8 11 0.9915 0.0085 
      HRV007 11 0.9879 0.0121 
      HRV005 11 0.9859 0.0141 
      HRV05U 11 0.9930 0.0070 
      HRV01U 11 0.9919 0.0081 
     AP.07M1 11 0.9921 0.0079 
     AP.07ME 11 0.9844 0.0156 
     AP.0817 11 0.9909 0.0091 
     AP.0863 11 0.9739 0.0261 
     AP.087T 11 0.9608 0.0392 
     AP.088T 11 0.9936 0.0064 
     CH.0LM1 11 0.9890 0.0110 
       M05X5 11 0.9464 0.0536 
       M06JH 11 0.9448 0.0552 
       M0A6K 11 0.9899 0.0101 
       M0ETF 11 0.9925 0.0075 
       M0LUP 11 0.9863 0.0137 
       M16F1 11 0.9902 0.0098 
       M182M 11 0.9888 0.0112 
       M1CFL 11 0.9906 0.0094 
       M2AXY 11 0.9900 0.0100 
       M2AY2 11 0.9421 0.0579 
       M2CHP 11 0.9679 0.0321 
       W26LK 11 0.9923 0.0077 
       W26ME 11 0.9824 0.0176 
     AM.07FM 11 0.9937 0.0063 
     AM.07FP 11 0.9916 0.0084 
     AP.07M4 11 0.9940 0.0060 
     AP.07M7 11 0.9942 0.0058 
     AP.07M8 11 0.9904 0.0096 
     AP.07MA 11 0.9816 0.0184 
     AP.07MC 11 0.9921 0.0079 
     AP.07P8 11 0.9618 0.0382 
     AP.07U8 11 0.9891 0.0109 
     AP.081F 11 0.9901 0.0099 
     AP.081H 11 0.7421 0.2579 
     AP.0820 11 0.9801 0.0199 
     AP.0841 11 0.8866 0.1134 
     AP.0858 11 0.9855 0.0145 
     AP.085U 11 0.9655 0.0345 
     AP.085X 11 0.9925 0.0075 
     AP.0861 11 0.9889 0.0111 
     AP.0864 11 0.9937 0.0063 
     AP.086X 11 0.9924 0.0076 
     AP.0872 11 0.9919 0.0081 
     AP.0875 11 0.9218 0.0782 
     AP.087A 11 0.9920 0.0080 
     AP.087C 11 0.9865 0.0135 
     AP.087E 11 0.9923 0.0077 
     AP.087H 11 0.9929 0.0071 
     AP.087K 11 0.9880 0.0120 
     AP.087L 11 0.9915 0.0085 
     AP.087M 11 0.9901 0.0099 
     AP.087P 11 0.9879 0.0121 
     AP.087U 11 0.9452 0.0548 
     AP.087X 11 0.9732 0.0268 
     AP.0881 11 0.9842 0.0158 
     AP.0882 11 0.9901 0.0099 
     AP.0883 11 0.9608 0.0392 
     AP.0884 11 0.9935 0.0065 
     AP.0885 11 0.9888 0.0112 
     AP.0887 11 0.9891 0.0109 
     AP.0888 11 0.6965 0.3035 
     AP.088A 11 0.9910 0.0090 
     AP.088C 11 0.8617 0.1383 
     AP.088J 11 0.9862 0.0138 
     AP.088K 11 0.9875 0.0125 
     AP.088L 11 0.9922 0.0078 
     AP.088U 11 0.9920 0.0080 
     AP.088X 11 0.9839 0.0161 
     AP.08A0 11 0.9938 0.0062 
     AP.08A1 11 0.9887 0.0113 
     AP.08A3 11 0.9930 0.0070 
     AP.08A4 11 0.8033 0.1967 
     AP.08A5 11 0.9931 0.0069 
     AP.08A6 11 0.9842 0.0158 
     AP.08A8 11 0.9909 0.0091 
     AP.08AC 11 0.9838 0.0162 
     AP.08AH 11 0.9883 0.0117 
     AP.08AJ 11 0.9834 0.0166 
     AP.08AM 11 0.9921 0.0079 
     AP.08AT 11 0.9924 0.0076 
     AP.08AX 11 0.9921 0.0079 
     CH.0LLP 11 0.9872 0.0128 
     CH.0LM2 11 0.9859 0.0141 
     CH.0LM4 11 0.9931 0.0069 
     CH.0LM5 11 0.9909 0.0091 
       M0102 11 0.9911 0.0089 
       M023A 11 0.9936 0.0064 
       M03MM 11 0.9879 0.0121 
       M04PF 11 0.9928 0.0072 
       M04XH 11 0.9833 0.0167 
       M04XM 11 0.9912 0.0088 
       M0557 11 0.9760 0.0240 
       M055C 11 0.9656 0.0344 
       M05JC 11 0.9914 0.0086 
       M05PH 11 0.9869 0.0131 
       M05X6 11 0.9932 0.0068 
       M07TC 11 0.9838 0.0162 
       M0A66 11 0.9928 0.0072 
       M0EYT 11 0.9918 0.0082 
       M0FF2 11 0.9922 0.0078 
       M0HJ6 11 0.9824 0.0176 
      HRV0JL 11 0.9941 0.0059 
      HRV0JP 11 0.9913 0.0087 
      HRV0KA 11 0.9922 0.0078 
      HRV0LJ 11 0.9808 0.0192 
      HRV0LM 11 0.9910 0.0090 
      HRV0LP 11 0.9736 0.0264 
       M0HJ8 11 0.9921 0.0079 
       M0HM3 11 0.9919 0.0081 
       M0J1X 11 0.9913 0.0087 
       M0L32 11 0.9873 0.0127 
       M0L8F 11 0.9774 0.0226 
       M0LUH 11 0.9923 0.0077 
       M0XPJ 11 0.9919 0.0081 
       M0XTE 11 0.9826 0.0174 
       M157H 11 0.9914 0.0086 
       M16YU 11 0.9937 0.0063 
       M1751 11 0.9904 0.0096 
       M1C2H 11 0.9930 0.0070 
       M1E60 11 0.9939 0.0061 
       M1EKX 11 0.9926 0.0074 
       M1EKY 11 0.9930 0.0070 
       M1EL3 11 0.9854 0.0146 
       M1ELC 11 0.9868 0.0132 
       M1ELE 11 0.9919 0.0081 
       M2AY0 11 0.9821 0.0179 
       M2AY4 11 0.9910 0.0090 
       M2AY5 11 0.9904 0.0096 
       M2AY8 11 0.9002 0.0998 
       M2C3A 11 0.9916 0.0084 
       M2C3F 11 0.9906 0.0094 
      HRV0ME 11 0.9843 0.0157 
       M2CHJ 11 0.9781 0.0219 
       M2CHM 11 0.9732 0.0268 
       M2CHY 11 0.9885 0.0115 
       W23E8 11 0.9918 0.0082 
       W23EM 11 0.9875 0.0125 
       W23EX 11 0.9908 0.0092 
       W23F0 11 0.9854 0.0146 
       W26L5 11 0.9766 0.0234 
       W26LM 11 0.9061 0.0939 
       W26MJ 11 0.9088 0.0912 
       W26ML 11 0.9921 0.0079 
       W26MT 11 0.9932 0.0068 
       W26PE 11 0.9221 0.0779 
       W26PJ 11 0.8920 0.1080 
       W26PT 11 0.9926 0.0074 
       W26PX 11 0.9740 0.0260 
       W26T0 11 0.9874 0.0126 
       W26TC 11 0.9939 0.0061 
       W26TJ 11 0.9527 0.0473 
       W26UE 11 0.9893 0.0107 
       W26UF 11 0.9925 0.0075 
       W26UL 11 0.9763 0.0237 
       W26X2 11 0.9881 0.0119 
       W2716 11 0.9583 0.0417 
      HRV1C6 11 0.9931 0.0069 
      HRV1CX 11 0.9756 0.0244 
      HRV1E2 11 0.9932 0.0068 
      HRV1E4 11 0.9934 0.0066 
      HRV1E5 11 0.9937 0.0063 
      HRV1EC 11 0.9900 0.0100 
      HRV1EK 11 0.9753 0.0247 
      HRV001 11 0.9916 0.0084 
      HRV00H 11 0.9914 0.0086 
      HRV00K 11 0.9896 0.0104 
      HRV01X 11 0.9902 0.0098 
      HRV025 11 0.9845 0.0155 
      HRV028 11 0.9902 0.0098 
      HRV041 11 0.9922 0.0078 
      HRV04F 11 0.9923 0.0077 
      HRV04L 11 0.9931 0.0069 
      HRV055 11 0.9936 0.0064 
      HRV05J 11 0.9925 0.0075 
      HRV07J 11 0.9932 0.0068 
      HRV07K 11 0.9850 0.0150 
      HRV07L 11 0.9596 0.0404 
      HRV07M 11 0.9927 0.0073 
      HRV0HM 11 0.9451 0.0549 
      HRV0J2 11 0.9931 0.0069 
      HRV0K3 11 0.9917 0.0083 
      HRV0KE 11 0.9923 0.0077 
      HRV0KF 11 0.9870 0.0130 
      HRV0KU 11 0.9799 0.0201 
      HRV0L6 11 0.9929 0.0071 
      HRV0M2 11 0.9850 0.0150 
      HRV0MF 11 0.9913 0.0087 
      HRV0MJ 11 0.9753 0.0247 
      HRV1AT 11 0.9916 0.0084 
      HRV1C1 11 0.9925 0.0075 
      HRV1CL 11 0.9889 0.0111 
      HRV1E1 11 0.9900 0.0100 
      HRV1E7 11 0.9924 0.0076 
      HRV1EE 11 0.9931 0.0069 
      HRV1ET 11 0.9930 0.0070 
      h00111 12 0.9856 0.0144 
      h00211 12 0.9932 0.0068 
      h00311 12 0.9844 0.0156 
      h00411 12 0.9930 0.0070 
      h00511 12 0.9630 0.0370 
      h00611 12 0.9893 0.0107 
      h00711 12 0.9921 0.0079 
      h00811 12 0.9526 0.0474 
      h00911 12 0.9777 0.0223 
      h01011 12 0.9909 0.0091 
      h01111 12 0.9674 0.0326 
      h01211 12 0.9907 0.0093 
      h01311 12 0.9912 0.0088 
      h01411 12 0.9919 0.0081 
      h01511 12 0.9828 0.0172 
      h01611 12 0.9921 0.0079 
      h01711 12 0.9922 0.0078 
      h01811 12 0.9869 0.0131 
      h01911 12 0.9773 0.0227 
      h02011 12 0.9862 0.0138 
      h02111 12 0.9456 0.0544 
      h02211 12 0.9934 0.0066 
      h02311 12 0.9906 0.0094 
      h02411 12 0.9935 0.0065 
      h02511 12 0.9919 0.0081 
      h02611 12 0.9797 0.0203 
      h02711 12 0.9892 0.0108 
      h02811 12 0.9865 0.0135 
      h02911 12 0.9929 0.0071 
      h03011 12 0.9943 0.0057 
      h03111 12 0.9784 0.0216 
      h03211 12 0.9824 0.0176 
      h03311 12 0.9888 0.0112 
      h03411 12 0.9910 0.0090 
      h03511 12 0.9864 0.0136 
      h03611 12 0.9717 0.0283 
      h03711 12 0.9913 0.0087 
      h03811 12 0.9893 0.0107 
      h03911 12 0.9703 0.0297 
      h04011 12 0.9731 0.0269 
      h04111 12 0.9875 0.0125 
      h04211 12 0.9909 0.0091 
      h04311 12 0.9920 0.0080 
      h04411 12 0.9789 0.0211 
      h04511 12 0.9915 0.0085 
      h04611 12 0.9926 0.0074 
      h04711 12 0.9869 0.0131 
      h04811 12 0.9906 0.0094 
      h04911 12 0.9901 0.0099 
      h05011 12 0.9901 0.0099 
      h05111 12 0.9878 0.0122 
      h05211 12 0.9889 0.0111 
      h05311 12 0.9874 0.0126 
      h05411 12 0.9855 0.0145 
      h05511 12 0.9500 0.0500 
      h05611 12 0.9650 0.0350 
      h05711 12 0.9889 0.0111 
      h05811 12 0.9917 0.0083 
      h05911 12 0.9897 0.0103 
      h06011 12 0.9893 0.0107 
      h06111 12 0.9900 0.0100 
      h06211 12 0.9835 0.0165 
      h06311 12 0.9929 0.0071 
      h06411 12 0.9827 0.0173 
      h06511 12 0.9884 0.0116 
      h06611 12 0.9936 0.0064 
      h06711 12 0.9909 0.0091 
      h06811 12 0.9927 0.0073 
      h06911 12 0.9866 0.0134 
      h07011 12 0.9915 0.0085 
      h07111 12 0.9858 0.0142 
      h07211 12 0.9919 0.0081 
      h07311 12 0.9672 0.0328 
      h07411 12 0.9915 0.0085 
      h07511 12 0.9791 0.0209 
      h07611 12 0.9928 0.0072 
      h07711 12 0.9917 0.0083 
      h07811 12 0.9908 0.0092 
      h07911 12 0.9862 0.0138 
      h08011 12 0.9865 0.0135 
      h08111 12 0.9808 0.0192 
      h08211 12 0.9858 0.0142 
      h08311 12 0.9929 0.0071 
      h08411 12 0.9904 0.0096 
      h08511 12 0.9850 0.0150 
      h08611 12 0.9928 0.0072 
      h08711 12 0.9894 0.0106 
      h08811 12 0.9885 0.0115 
      h08911 12 0.9917 0.0083 
      h09011 12 0.9813 0.0187 
      h09111 12 0.9262 0.0738 
      h09211 12 0.9761 0.0239 
      h09311 12 0.9938 0.0062 
      h09411 12 0.9817 0.0183 
      h09511 12 0.9885 0.0115 
      h09611 12 0.9828 0.0172 
      h09711 12 0.9864 0.0136 
      h09811 12 0.9905 0.0095 
      h09911 12 0.9918 0.0082 
      h10011 12 0.9803 0.0197 
       h1011 12 0.9573 0.0427 
       h1021 12 0.9831 0.0169 
       h1031 12 0.9926 0.0074 
       h1041 12 0.9938 0.0062 
       h1051 12 0.9924 0.0076 
       h1061 12 0.9898 0.0102 
       h1071 12 0.9925 0.0075 
       h1081 12 0.9923 0.0077 
       h1091 12 0.9877 0.0123 
       h1101 12 0.9905 0.0095 
       h1111 12 0.9929 0.0071 
       h1121 12 0.9874 0.0126 
       h1131 12 0.9462 0.0538 
       h1141 12 0.9582 0.0418 
       h1151 12 0.9933 0.0067 
       h1161 12 0.9923 0.0077 
       h1171 12 0.9922 0.0078 
       h1181 12 0.9775 0.0225 
       h1191 12 0.9923 0.0077 
       h1201 12 0.9838 0.0162 
       h1211 12 0.9885 0.0115 
       h1221 12 0.9932 0.0068 
       h1231 12 0.9910 0.0090 
       h1241 12 0.9909 0.0091 
       h1251 12 0.9814 0.0186 
       h1261 12 0.9821 0.0179 
       h1271 12 0.9930 0.0070 
       h1281 12 0.9911 0.0089 
       h1291 12 0.9862 0.0138 
       h1301 12 0.9891 0.0109 
       h1311 12 0.9860 0.0140 
       h1321 12 0.9901 0.0099 
       h1331 12 0.9924 0.0076 
       h1341 12 0.9940 0.0060 
       h1351 12 0.9884 0.0116 
       h1361 12 0.9680 0.0320 
       h1371 12 0.9902 0.0098 
       h1381 12 0.9926 0.0074 
       h1391 12 0.9830 0.0170 
       h1401 12 0.9913 0.0087 
       h1411 12 0.9900 0.0100 
       h1421 12 0.9875 0.0125 
       h1431 12 0.9886 0.0114 
       h1441 12 0.9831 0.0169 
       h1451 12 0.9935 0.0065 
       h1461 12 0.9804 0.0196 
       h1471 12 0.9783 0.0217 
       h1481 12 0.9925 0.0075 
       h1491 12 0.9923 0.0077 
       h1501 12 0.9831 0.0169 
       h1511 12 0.9890 0.0110 
       h1521 12 0.9870 0.0130 
       h1531 12 0.9926 0.0074 
       h1541 12 0.9816 0.0184 
       h1551 12 0.9913 0.0087 
       h1561 12 0.9909 0.0091 
       h1571 12 0.9540 0.0460 
       h1581 12 0.9913 0.0087 
       h1591 12 0.9863 0.0137 
       h1601 12 0.9875 0.0125 
       h1611 12 0.9881 0.0119 
       h1621 12 0.9918 0.0082 
       h1631 12 0.9933 0.0067 
       h1641 12 0.9881 0.0119 
       h1651 12 0.9908 0.0092 
       h1661 12 0.9903 0.0097 
       h1671 12 0.9787 0.0213 
       h1681 12 0.9932 0.0068 
       h1691 12 0.9905 0.0095 
       h1701 12 0.9822 0.0178 
       h1711 12 0.9918 0.0082 
       h1721 12 0.9910 0.0090 
       h1731 12 0.9939 0.0061 
       h1741 12 0.9884 0.0116 
       h1751 12 0.9823 0.0177 
       h1761 12 0.9886 0.0114 
       h1771 12 0.9826 0.0174 
       h1781 12 0.9633 0.0367 
       h1791 12 0.9893 0.0107 
       h1801 12 0.9883 0.0117 
       h1811 12 0.9865 0.0135 
       h1821 12 0.9932 0.0068 
       h1831 12 0.9919 0.0081 
       h1841 12 0.9849 0.0151 
       h1851 12 0.9870 0.0130 
       h1861 12 0.9746 0.0254 
       h1871 12 0.9906 0.0094 
       h1881 12 0.9930 0.0070 
       h1891 12 0.9897 0.0103 
       h1901 12 0.9877 0.0123 
       h1911 12 0.9859 0.0141 
       h1921 12 0.9816 0.0184 
       h1931 12 0.9877 0.0123 
       h1941 12 0.9863 0.0137 
       h1951 12 0.9939 0.0061 
       h1961 12 0.9603 0.0397 
       h1971 12 0.9917 0.0083 
       h1981 12 0.9890 0.0110 
       h1991 12 0.9927 0.0073 
       h2001 12 0.9830 0.0170 
       h2011 12 0.9859 0.0141 
       h2021 12 0.9868 0.0132 
       h2031 12 0.9877 0.0123 
       h2041 12 0.9890 0.0110 
       h2051 12 0.9915 0.0085 
       h2061 12 0.9847 0.0153 
       h2071 12 0.9631 0.0369 
       h2081 12 0.9881 0.0119 
       h2091 12 0.9933 0.0067 
       h2101 12 0.9922 0.0078 
       h2111 12 0.9907 0.0093 
       h2121 12 0.9896 0.0104 
       h2131 12 0.9849 0.0151 
       h2141 12 0.9919 0.0081 
       h2151 12 0.9870 0.0130 
       h2161 12 0.9889 0.0111 
       h2171 12 0.9910 0.0090 
       h2181 12 0.9907 0.0093 
       h2191 12 0.9912 0.0088 
       h2201 12 0.9929 0.0071 
       h2211 12 0.9872 0.0128 
       h2221 12 0.9833 0.0167 
       h2231 12 0.9902 0.0098 
       h2241 12 0.9883 0.0117 
       h2251 12 0.9879 0.0121 
       h2261 12 0.9919 0.0081 
       h2271 12 0.9916 0.0084 
       h2281 12 0.9924 0.0076 
       h2291 12 0.8526 0.1474 
       h2301 12 0.9933 0.0067 
       h2311 12 0.9828 0.0172 
       h2321 12 0.9908 0.0092 
       h2331 12 0.9926 0.0074 
       h2341 12 0.9897 0.0103 
       h2351 12 0.9901 0.0099 
       h2361 12 0.9826 0.0174 
       h2371 12 0.9919 0.0081 
       h2381 12 0.9843 0.0157 
       h2391 12 0.9838 0.0162 
       h2401 12 0.9828 0.0172 
       h2411 12 0.9923 0.0077 
       h2421 12 0.9824 0.0176 
       h2431 12 0.9763 0.0237 
       h2441 12 0.9812 0.0188 
       h2451 12 0.9881 0.0119 
       h2461 12 0.9845 0.0155 
       h2471 12 0.9909 0.0091 
       h2481 12 0.9888 0.0112 
       h2491 12 0.9894 0.0106 
       h2501 12 0.9914 0.0086 
       h2511 12 0.9790 0.0210 
       h2521 12 0.9922 0.0078 
       h2531 12 0.9889 0.0111 
       h2541 12 0.9898 0.0102 
       h2551 12 0.9797 0.0203 
       h2561 12 0.9619 0.0381 
       h2571 12 0.9930 0.0070 
       h2581 12 0.9884 0.0116 
       h2591 12 0.9758 0.0242 
       h2601 12 0.9938 0.0062 
