

----------------------------------------------------
STRUCTURE by Pritchard, Stephens and Donnelly (2000)
     and Falush, Stephens and Pritchard (2003)
       Code by Pritchard, Falush and Hubisz
             Version 2.3.4 (Jul 2012)
----------------------------------------------------



Command line arguments:   /home/eva.pavlovic/Structure/structure -m parameter_job_4a2_9_4 
Input File:    /home/eva.pavlovic/data_job_4a2_9_4

Run parameters:
   1550 individuals
   20 loci
   2 populations assumed
   300000 Burn-in period
   3000000 Reps


--------------------------------------------
Proportion of membership of each pre-defined
 population in each of the 2 clusters

Given    Inferred Clusters       Number of
 Pop       1      2             Individuals

  1:     0.018  0.982             100
  2:     0.017  0.983             400
  3:     0.105  0.895             100
  4:     0.206  0.794             100
  5:     0.556  0.444               6
  6:     0.481  0.519             100
  7:     0.825  0.175               2
  8:     0.768  0.232             100
  9:     0.885  0.115              42
 10:     0.898  0.102             100
 11:     0.981  0.019             240
 12:     0.986  0.014             260
--------------------------------------------

Allele-freq. divergence among pops (Net nucleotide distance),
computed using point estimates of P.

      1       2      
 1      -    0.1001  
 2   0.1001     -    

Average distances (expected heterozygosity) between individuals in same cluster:
cluster  1  : 0.7352 
cluster  2  : 0.7886 

--------------------------------------------
Estimated Ln Prob of Data   = -115887.0
Mean value of ln likelihood = -115477.8
Variance of ln likelihood   = 818.3
Mean value of alpha         = 0.1403

Mean value of Fst_1         = 0.1764
Mean value of Fst_2         = 0.0393


Inferred ancestry of individuals:
        Label (%Miss) Pop:  Inferred clusters
  1    M1EL5    (5)    1 :  0.016 0.984 
  2    W26T6    (5)    1 :  0.044 0.956 
  3    W26XX    (5)    1 :  0.010 0.990 
  4    M013P    (0)    1 :  0.007 0.993 
  5    M1ELA    (0)    1 :  0.028 0.972 
  6    M2C73    (0)    1 :  0.017 0.983 
  7    W23P4    (0)    1 :  0.104 0.896 
  8    W247C    (5)    1 :  0.009 0.991 
  9    W24K1    (0)    1 :  0.008 0.992 
 10    W24ME    (0)    1 :  0.050 0.950 
 11    W2514    (0)    1 :  0.016 0.984 
 12    W26MA    (0)    1 :  0.026 0.974 
 13    W26MM    (0)    1 :  0.011 0.989 
 14    W26MU    (0)    1 :  0.015 0.985 
 15    W26P0    (0)    1 :  0.016 0.984 
 16    W26P3    (0)    1 :  0.007 0.993 
 17    W26T5    (0)    1 :  0.009 0.991 
 18    W26TE    (0)    1 :  0.021 0.979 
 19    W26TF    (0)    1 :  0.008 0.992 
 20    W26U8    (0)    1 :  0.052 0.948 
 21    W26UJ    (0)    1 :  0.010 0.990 
 22    W26UK    (0)    1 :  0.007 0.993 
 23    W26UT    (0)    1 :  0.007 0.993 
 24    W26XT    (0)    1 :  0.009 0.991 
 25   CC06H2    (0)    1 :  0.035 0.965 
 26   CC06H4    (0)    1 :  0.010 0.990 
 27   CC06H5    (5)    1 :  0.040 0.960 
 28   CC06H6    (0)    1 :  0.016 0.984 
 29   CC06HE    (0)    1 :  0.008 0.992 
 30   CC06HF    (0)    1 :  0.037 0.963 
 31   CC06HH    (0)    1 :  0.009 0.991 
 32   CC06HJ    (0)    1 :  0.013 0.987 
 33   CC06HL    (0)    1 :  0.007 0.993 
 34   CC06HP    (0)    1 :  0.007 0.993 
 35   CC06HT    (0)    1 :  0.048 0.952 
 36   CC06HU    (0)    1 :  0.012 0.988 
 37   CC06HY    (0)    1 :  0.025 0.975 
 38   CC06J0    (0)    1 :  0.013 0.987 
 39   CC06J1    (0)    1 :  0.035 0.965 
 40   CC06J2    (0)    1 :  0.012 0.988 
 41  CT.0YCY    (0)    1 :  0.013 0.987 
 42  CT.0YEC    (0)    1 :  0.006 0.994 
 43  CT.0YEF    (0)    1 :  0.013 0.987 
 44  CT.0YEU    (0)    1 :  0.007 0.993 
 45  CT.0YF2    (5)    1 :  0.021 0.979 
 46  CT.0YF8    (0)    1 :  0.008 0.992 
 47  CT.0YFA    (0)    1 :  0.018 0.982 
 48  CT.0YFE    (0)    1 :  0.014 0.986 
 49  CT.0YFP    (0)    1 :  0.023 0.977 
 50  CT.0YFU    (0)    1 :  0.012 0.988 
 51  CT.0YK7    (0)    1 :  0.014 0.986 
 52  CX.10PT    (0)    1 :  0.033 0.967 
 53   DAM021    (0)    1 :  0.013 0.987 
 54   DAM034    (0)    1 :  0.018 0.982 
 55   DAM07X    (0)    1 :  0.015 0.985 
 56  EF.15J6    (0)    1 :  0.010 0.990 
 57   HRV010   (10)    1 :  0.010 0.990 
 58   HRV02J    (5)    1 :  0.017 0.983 
 59   HRV078    (0)    1 :  0.013 0.987 
 60   HRV0FH    (0)    1 :  0.012 0.988 
 61   HRV0H5    (0)    1 :  0.015 0.985 
 62   HRV0JF    (0)    1 :  0.024 0.976 
 63   HRV0JJ    (0)    1 :  0.020 0.980 
 64   HRV0JM    (0)    1 :  0.013 0.987 
 65   HRV0K6    (0)    1 :  0.044 0.956 
 66   HRV0K7    (0)    1 :  0.009 0.991 
 67   HRV0KP    (5)    1 :  0.016 0.984 
 68   HRV1AX    (0)    1 :  0.037 0.963 
 69   HRV1C4    (0)    1 :  0.026 0.974 
 70   HRV1CH    (0)    1 :  0.015 0.985 
 71   HRV1FA    (5)    1 :  0.016 0.984 
 72   HRV1FK    (0)    1 :  0.014 0.986 
 73   HRV1H8    (5)    1 :  0.013 0.987 
 74   HRV1HT   (10)    1 :  0.018 0.982 
 75   HRV1XU   (10)    1 :  0.012 0.988 
 76   HRV4TF    (0)    1 :  0.010 0.990 
 77   HRV6F0   (10)    1 :  0.012 0.988 
 78   HRVE6L    (0)    1 :  0.015 0.985 
 79    M27HM    (5)    1 :  0.016 0.984 
 80    M27HP    (0)    1 :  0.009 0.991 
 81    M2AK4    (0)    1 :  0.009 0.991 
 82    M2ALA    (0)    1 :  0.008 0.992 
 83    M2C56    (0)    1 :  0.018 0.982 
 84    M2CUX    (0)    1 :  0.027 0.973 
 85    M2E24    (0)    1 :  0.009 0.991 
 86    M2EA7    (5)    1 :  0.010 0.990 
 87    M2EH6    (0)    1 :  0.010 0.990 
 88    M2EKC    (0)    1 :  0.047 0.953 
 89   MSV083    (0)    1 :  0.015 0.985 
 90   MSV084    (0)    1 :  0.014 0.986 
 91   MSV0LJ    (0)    1 :  0.016 0.984 
 92   MSV1H5    (0)    1 :  0.020 0.980 
 93   MSV1KM    (0)    1 :  0.009 0.991 
 94   MSV23F    (5)    1 :  0.010 0.990 
 95   MSV2L8    (0)    1 :  0.011 0.989 
 96   MSV2P7    (5)    1 :  0.009 0.991 
 97   MSV2TJ    (0)    1 :  0.021 0.979 
 98   MSV2XM    (0)    1 :  0.014 0.986 
 99   MSV327    (5)    1 :  0.011 0.989 
100   MSV33L    (5)    1 :  0.008 0.992 
101    h0015    (0)    2 :  0.040 0.960 
102    h0025    (0)    2 :  0.011 0.989 
103    h0035    (0)    2 :  0.028 0.972 
104    h0045    (0)    2 :  0.018 0.982 
105    h0055    (0)    2 :  0.013 0.987 
106    h0065    (0)    2 :  0.019 0.981 
107    h0075    (0)    2 :  0.045 0.955 
108    h0085    (0)    2 :  0.010 0.990 
109    h0095    (0)    2 :  0.011 0.989 
110    h0105    (0)    2 :  0.018 0.982 
111    h0115    (0)    2 :  0.012 0.988 
112    h0125    (0)    2 :  0.011 0.989 
113    h0135    (0)    2 :  0.011 0.989 
114    h0145    (0)    2 :  0.033 0.967 
115    h0155    (0)    2 :  0.010 0.990 
116    h0165    (0)    2 :  0.019 0.981 
117    h0175    (0)    2 :  0.020 0.980 
118    h0185    (0)    2 :  0.016 0.984 
119    h0195    (0)    2 :  0.008 0.992 
120    h0205    (0)    2 :  0.014 0.986 
121    h0215    (0)    2 :  0.011 0.989 
122    h0225    (0)    2 :  0.026 0.974 
123    h0235    (0)    2 :  0.142 0.858 
124    h0245    (0)    2 :  0.037 0.963 
125    h0255    (0)    2 :  0.007 0.993 
126    h0265    (0)    2 :  0.010 0.990 
127    h0275    (0)    2 :  0.036 0.964 
128    h0285    (0)    2 :  0.009 0.991 
129    h0295    (0)    2 :  0.010 0.990 
130    h0305    (0)    2 :  0.006 0.994 
131    h0315    (0)    2 :  0.014 0.986 
132    h0325    (0)    2 :  0.011 0.989 
133    h0335    (0)    2 :  0.018 0.982 
134    h0345    (0)    2 :  0.011 0.989 
135    h0355    (0)    2 :  0.022 0.978 
136    h0365    (0)    2 :  0.037 0.963 
137    h0375    (0)    2 :  0.013 0.987 
138    h0385    (0)    2 :  0.021 0.979 
139    h0395    (0)    2 :  0.054 0.946 
140    h0405    (0)    2 :  0.011 0.989 
141    h0415    (0)    2 :  0.008 0.992 
142    h0425    (0)    2 :  0.008 0.992 
143    h0435    (0)    2 :  0.015 0.985 
144    h0445    (0)    2 :  0.010 0.990 
145    h0455    (0)    2 :  0.017 0.983 
146    h0465    (0)    2 :  0.010 0.990 
147    h0475    (0)    2 :  0.019 0.981 
148    h0485    (0)    2 :  0.017 0.983 
149    h0495    (0)    2 :  0.006 0.994 
150    h0505    (0)    2 :  0.016 0.984 
151    h0515    (0)    2 :  0.017 0.983 
152    h0525    (0)    2 :  0.015 0.985 
153    h0535    (0)    2 :  0.105 0.895 
154    h0545    (0)    2 :  0.012 0.988 
155    h0555    (0)    2 :  0.011 0.989 
156    h0565    (0)    2 :  0.008 0.992 
157    h0575    (0)    2 :  0.010 0.990 
158    h0585    (0)    2 :  0.008 0.992 
159    h0595    (0)    2 :  0.018 0.982 
160    h0605    (0)    2 :  0.007 0.993 
161    h0615    (0)    2 :  0.006 0.994 
162    h0625    (0)    2 :  0.017 0.983 
163    h0635    (0)    2 :  0.008 0.992 
164    h0645    (0)    2 :  0.014 0.986 
165    h0655    (0)    2 :  0.006 0.994 
166    h0665    (0)    2 :  0.050 0.950 
167    h0675    (0)    2 :  0.009 0.991 
168    h0685    (0)    2 :  0.012 0.988 
169    h0695    (0)    2 :  0.009 0.991 
170    h0705    (0)    2 :  0.012 0.988 
171    h0715    (0)    2 :  0.009 0.991 
172    h0725    (0)    2 :  0.021 0.979 
173    h0735    (0)    2 :  0.033 0.967 
174    h0745    (0)    2 :  0.011 0.989 
175    h0755    (0)    2 :  0.023 0.977 
176    h0765    (0)    2 :  0.006 0.994 
177    h0775    (0)    2 :  0.011 0.989 
178    h0785    (0)    2 :  0.009 0.991 
179    h0795    (0)    2 :  0.006 0.994 
180    h0805    (0)    2 :  0.020 0.980 
181    h0815    (0)    2 :  0.010 0.990 
182    h0825    (0)    2 :  0.007 0.993 
183    h0835    (0)    2 :  0.007 0.993 
184    h0845    (0)    2 :  0.006 0.994 
185    h0855    (0)    2 :  0.009 0.991 
186    h0865    (0)    2 :  0.012 0.988 
187    h0875    (0)    2 :  0.013 0.987 
188    h0885    (0)    2 :  0.013 0.987 
189    h0895    (0)    2 :  0.018 0.982 
190    h0905    (0)    2 :  0.009 0.991 
191    h0915    (0)    2 :  0.013 0.987 
192    h0925    (0)    2 :  0.012 0.988 
193    h0935    (0)    2 :  0.012 0.988 
194    h0945    (0)    2 :  0.010 0.990 
195    h0955    (0)    2 :  0.013 0.987 
196    h0965    (0)    2 :  0.008 0.992 
197    h0975    (0)    2 :  0.011 0.989 
198    h0985    (0)    2 :  0.089 0.911 
199    h0995    (0)    2 :  0.009 0.991 
200    h1005    (0)    2 :  0.022 0.978 
201     h101    (0)    2 :  0.102 0.898 
202     h102    (0)    2 :  0.016 0.984 
203     h103    (0)    2 :  0.021 0.979 
204     h104    (0)    2 :  0.019 0.981 
205     h105    (0)    2 :  0.006 0.994 
206     h106    (0)    2 :  0.008 0.992 
207     h107    (0)    2 :  0.016 0.984 
208     h108    (0)    2 :  0.017 0.983 
209     h109    (0)    2 :  0.010 0.990 
210     h110    (0)    2 :  0.022 0.978 
211     h111    (0)    2 :  0.022 0.978 
212     h112    (0)    2 :  0.010 0.990 
213     h113    (0)    2 :  0.007 0.993 
214     h114    (0)    2 :  0.017 0.983 
215     h115    (0)    2 :  0.010 0.990 
216     h116    (0)    2 :  0.012 0.988 
217     h117    (0)    2 :  0.011 0.989 
218     h118    (0)    2 :  0.016 0.984 
219     h119    (0)    2 :  0.017 0.983 
220     h120    (0)    2 :  0.016 0.984 
221     h121    (0)    2 :  0.007 0.993 
222     h122    (0)    2 :  0.012 0.988 
223     h123    (0)    2 :  0.027 0.973 
224     h124    (0)    2 :  0.020 0.980 
225     h125    (0)    2 :  0.011 0.989 
226     h126    (0)    2 :  0.013 0.987 
227     h127    (0)    2 :  0.024 0.976 
228     h128    (0)    2 :  0.014 0.986 
229     h129    (0)    2 :  0.019 0.981 
230     h130    (0)    2 :  0.013 0.987 
231     h131    (0)    2 :  0.007 0.993 
232     h132    (0)    2 :  0.010 0.990 
233     h133    (0)    2 :  0.014 0.986 
234     h134    (0)    2 :  0.015 0.985 
235     h135    (0)    2 :  0.012 0.988 
236     h136    (0)    2 :  0.006 0.994 
237     h137    (0)    2 :  0.104 0.896 
238     h138    (0)    2 :  0.009 0.991 
239     h139    (0)    2 :  0.009 0.991 
240     h140    (0)    2 :  0.027 0.973 
241     h141    (0)    2 :  0.055 0.945 
242     h142    (0)    2 :  0.010 0.990 
243     h143    (0)    2 :  0.007 0.993 
244     h144    (0)    2 :  0.007 0.993 
245     h145    (0)    2 :  0.008 0.992 
246     h146    (0)    2 :  0.009 0.991 
247     h147    (0)    2 :  0.011 0.989 
248     h148    (0)    2 :  0.010 0.990 
249     h149    (0)    2 :  0.019 0.981 
250     h150    (0)    2 :  0.007 0.993 
251     h151    (0)    2 :  0.009 0.991 
252     h152    (0)    2 :  0.007 0.993 
253     h153    (0)    2 :  0.008 0.992 
254     h154    (0)    2 :  0.033 0.967 
255     h155    (0)    2 :  0.014 0.986 
256     h156    (0)    2 :  0.024 0.976 
257     h157    (0)    2 :  0.012 0.988 
258     h158    (0)    2 :  0.008 0.992 
259     h159    (0)    2 :  0.010 0.990 
260     h160    (0)    2 :  0.009 0.991 
261     h161    (0)    2 :  0.010 0.990 
262     h162    (0)    2 :  0.015 0.985 
263     h163    (0)    2 :  0.009 0.991 
264     h164    (0)    2 :  0.009 0.991 
265     h165    (0)    2 :  0.007 0.993 
266     h166    (0)    2 :  0.013 0.987 
267     h167    (0)    2 :  0.011 0.989 
268     h168    (0)    2 :  0.028 0.972 
269     h169    (0)    2 :  0.022 0.978 
270     h170    (0)    2 :  0.019 0.981 
271     h171    (0)    2 :  0.027 0.973 
272     h172    (0)    2 :  0.011 0.989 
273     h173    (0)    2 :  0.029 0.971 
274     h174    (0)    2 :  0.021 0.979 
275     h175    (0)    2 :  0.010 0.990 
276     h176    (0)    2 :  0.091 0.909 
277     h177    (0)    2 :  0.012 0.988 
278     h178    (0)    2 :  0.012 0.988 
279     h179    (0)    2 :  0.012 0.988 
280     h180    (0)    2 :  0.012 0.988 
281     h181    (0)    2 :  0.020 0.980 
282     h182    (0)    2 :  0.016 0.984 
283     h183    (0)    2 :  0.036 0.964 
284     h184    (0)    2 :  0.017 0.983 
285     h185    (0)    2 :  0.014 0.986 
286     h186    (0)    2 :  0.020 0.980 
287     h187    (0)    2 :  0.011 0.989 
288     h188    (0)    2 :  0.014 0.986 
289     h189    (0)    2 :  0.016 0.984 
290     h190    (0)    2 :  0.021 0.979 
291     h191    (0)    2 :  0.028 0.972 
292     h192    (0)    2 :  0.012 0.988 
293     h193    (0)    2 :  0.012 0.988 
294     h194    (0)    2 :  0.010 0.990 
295     h195    (0)    2 :  0.008 0.992 
296     h196    (0)    2 :  0.027 0.973 
297     h197    (0)    2 :  0.012 0.988 
298     h198    (0)    2 :  0.009 0.991 
299     h199    (0)    2 :  0.010 0.990 
300     h200    (0)    2 :  0.012 0.988 
301     h201    (0)    2 :  0.037 0.963 
302     h202    (0)    2 :  0.015 0.985 
303     h203    (0)    2 :  0.008 0.992 
304     h204    (0)    2 :  0.041 0.959 
305     h205    (0)    2 :  0.034 0.966 
306     h206    (0)    2 :  0.009 0.991 
307     h207    (0)    2 :  0.008 0.992 
308     h208    (0)    2 :  0.016 0.984 
309     h209    (0)    2 :  0.017 0.983 
310     h210    (0)    2 :  0.012 0.988 
311     h211    (0)    2 :  0.011 0.989 
312     h212    (0)    2 :  0.009 0.991 
313     h213    (0)    2 :  0.015 0.985 
314     h214    (0)    2 :  0.012 0.988 
315     h215    (0)    2 :  0.010 0.990 
316     h216    (0)    2 :  0.022 0.978 
317     h217    (0)    2 :  0.019 0.981 
318     h218    (0)    2 :  0.008 0.992 
319     h219    (0)    2 :  0.009 0.991 
320     h220    (0)    2 :  0.037 0.963 
321     h221    (0)    2 :  0.027 0.973 
322     h222    (0)    2 :  0.026 0.974 
323     h223    (0)    2 :  0.009 0.991 
324     h224    (0)    2 :  0.008 0.992 
325     h225    (0)    2 :  0.008 0.992 
326     h226    (0)    2 :  0.012 0.988 
327     h227    (0)    2 :  0.012 0.988 
328     h228    (0)    2 :  0.009 0.991 
329     h229    (0)    2 :  0.009 0.991 
330     h230    (0)    2 :  0.006 0.994 
331     h231    (0)    2 :  0.009 0.991 
332     h232    (0)    2 :  0.008 0.992 
333     h233    (0)    2 :  0.009 0.991 
334     h234    (0)    2 :  0.009 0.991 
335     h235    (0)    2 :  0.008 0.992 
336     h236    (0)    2 :  0.013 0.987 
337     h237    (0)    2 :  0.012 0.988 
338     h238    (0)    2 :  0.009 0.991 
339     h239    (0)    2 :  0.012 0.988 
340     h240    (0)    2 :  0.057 0.943 
341     h241    (0)    2 :  0.022 0.978 
342     h242    (0)    2 :  0.013 0.987 
343     h243    (0)    2 :  0.011 0.989 
344     h244    (0)    2 :  0.027 0.973 
345     h245    (0)    2 :  0.012 0.988 
346     h246    (0)    2 :  0.008 0.992 
347     h247    (0)    2 :  0.014 0.986 
348     h248    (0)    2 :  0.017 0.983 
349     h249    (0)    2 :  0.013 0.987 
350     h250    (0)    2 :  0.010 0.990 
351     h251    (0)    2 :  0.022 0.978 
352     h252    (0)    2 :  0.013 0.987 
353     h253    (0)    2 :  0.011 0.989 
354     h254    (0)    2 :  0.015 0.985 
355     h255    (0)    2 :  0.010 0.990 
356     h256    (0)    2 :  0.012 0.988 
357     h257    (0)    2 :  0.010 0.990 
358     h258    (0)    2 :  0.023 0.977 
359     h259    (0)    2 :  0.027 0.973 
360     h260    (0)    2 :  0.065 0.935 
361     h261    (0)    2 :  0.021 0.979 
362     h262    (0)    2 :  0.008 0.992 
363     h263    (0)    2 :  0.019 0.981 
364     h264    (0)    2 :  0.009 0.991 
365     h265    (0)    2 :  0.022 0.978 
366     h266    (0)    2 :  0.011 0.989 
367     h267    (0)    2 :  0.087 0.913 
368     h268    (0)    2 :  0.016 0.984 
369     h269    (0)    2 :  0.008 0.992 
370     h270    (0)    2 :  0.065 0.935 
371     h271    (0)    2 :  0.007 0.993 
372     h272    (0)    2 :  0.013 0.987 
373     h273    (0)    2 :  0.027 0.973 
374     h274    (0)    2 :  0.033 0.967 
375     h275    (0)    2 :  0.009 0.991 
376     h276    (0)    2 :  0.006 0.994 
377     h277    (0)    2 :  0.017 0.983 
378     h278    (0)    2 :  0.009 0.991 
379     h279    (0)    2 :  0.007 0.993 
380     h280    (0)    2 :  0.011 0.989 
381     h281    (0)    2 :  0.011 0.989 
382     h282    (0)    2 :  0.017 0.983 
383     h283    (0)    2 :  0.009 0.991 
384     h284    (0)    2 :  0.008 0.992 
385     h285    (0)    2 :  0.011 0.989 
386     h286    (0)    2 :  0.018 0.982 
387     h287    (0)    2 :  0.010 0.990 
388     h288    (0)    2 :  0.039 0.961 
389     h289    (0)    2 :  0.011 0.989 
390     h290    (0)    2 :  0.010 0.990 
391     h291    (0)    2 :  0.023 0.977 
392     h292    (0)    2 :  0.021 0.979 
393     h293    (0)    2 :  0.007 0.993 
394     h294    (0)    2 :  0.047 0.953 
395     h295    (0)    2 :  0.033 0.967 
396     h296    (0)    2 :  0.016 0.984 
397     h297    (0)    2 :  0.008 0.992 
398     h298    (0)    2 :  0.016 0.984 
399     h299    (0)    2 :  0.007 0.993 
400     h300    (0)    2 :  0.007 0.993 
401     h301    (0)    2 :  0.009 0.991 
402     h302    (0)    2 :  0.013 0.987 
403     h303    (0)    2 :  0.011 0.989 
404     h304    (0)    2 :  0.007 0.993 
405     h305    (0)    2 :  0.022 0.978 
406     h306    (0)    2 :  0.008 0.992 
407     h307    (0)    2 :  0.018 0.982 
408     h308    (0)    2 :  0.009 0.991 
409     h309    (0)    2 :  0.020 0.980 
410     h310    (0)    2 :  0.011 0.989 
411     h311    (0)    2 :  0.016 0.984 
412     h312    (0)    2 :  0.011 0.989 
413     h313    (0)    2 :  0.010 0.990 
414     h314    (0)    2 :  0.015 0.985 
415     h315    (0)    2 :  0.021 0.979 
416     h316    (0)    2 :  0.010 0.990 
417     h317    (0)    2 :  0.007 0.993 
418     h318    (0)    2 :  0.050 0.950 
419     h319    (0)    2 :  0.006 0.994 
420     h320    (0)    2 :  0.019 0.981 
421     h321    (0)    2 :  0.012 0.988 
422     h322    (0)    2 :  0.009 0.991 
423     h323    (0)    2 :  0.012 0.988 
424     h324    (0)    2 :  0.021 0.979 
425     h325    (0)    2 :  0.011 0.989 
426     h326    (0)    2 :  0.007 0.993 
427     h327    (0)    2 :  0.010 0.990 
428     h328    (0)    2 :  0.017 0.983 
429     h329    (0)    2 :  0.009 0.991 
430     h330    (0)    2 :  0.010 0.990 
431     h331    (0)    2 :  0.011 0.989 
432     h332    (0)    2 :  0.023 0.977 
433     h333    (0)    2 :  0.020 0.980 
434     h334    (0)    2 :  0.018 0.982 
435     h335    (0)    2 :  0.009 0.991 
436     h336    (0)    2 :  0.011 0.989 
437     h337    (0)    2 :  0.009 0.991 
438     h338    (0)    2 :  0.017 0.983 
439     h339    (0)    2 :  0.008 0.992 
440     h340    (0)    2 :  0.008 0.992 
441     h341    (0)    2 :  0.011 0.989 
442     h342    (0)    2 :  0.016 0.984 
443     h343    (0)    2 :  0.013 0.987 
444     h344    (0)    2 :  0.031 0.969 
445     h345    (0)    2 :  0.008 0.992 
446     h346    (0)    2 :  0.010 0.990 
447     h347    (0)    2 :  0.009 0.991 
448     h348    (0)    2 :  0.036 0.964 
449     h349    (0)    2 :  0.016 0.984 
450     h350    (0)    2 :  0.015 0.985 
451     h351    (0)    2 :  0.012 0.988 
452     h352    (0)    2 :  0.060 0.940 
453     h353    (0)    2 :  0.011 0.989 
454     h354    (0)    2 :  0.028 0.972 
455     h355    (0)    2 :  0.021 0.979 
456     h356    (0)    2 :  0.013 0.987 
457     h357    (0)    2 :  0.019 0.981 
458     h358    (0)    2 :  0.018 0.982 
459     h359    (0)    2 :  0.011 0.989 
460     h360    (0)    2 :  0.012 0.988 
461     h361    (0)    2 :  0.015 0.985 
462     h362    (0)    2 :  0.006 0.994 
463     h363    (0)    2 :  0.008 0.992 
464     h364    (0)    2 :  0.013 0.987 
465     h365    (0)    2 :  0.013 0.987 
466     h366    (0)    2 :  0.007 0.993 
467     h367    (0)    2 :  0.010 0.990 
468     h368    (0)    2 :  0.010 0.990 
469     h369    (0)    2 :  0.008 0.992 
470     h370    (0)    2 :  0.059 0.941 
471     h371    (0)    2 :  0.013 0.987 
472     h372    (0)    2 :  0.025 0.975 
473     h373    (0)    2 :  0.008 0.992 
474     h374    (0)    2 :  0.135 0.865 
475     h375    (0)    2 :  0.021 0.979 
476     h376    (0)    2 :  0.012 0.988 
477     h377    (0)    2 :  0.011 0.989 
478     h378    (0)    2 :  0.021 0.979 
479     h379    (0)    2 :  0.010 0.990 
480     h380    (0)    2 :  0.014 0.986 
481     h381    (0)    2 :  0.016 0.984 
482     h382    (0)    2 :  0.011 0.989 
483     h383    (0)    2 :  0.037 0.963 
484     h384    (0)    2 :  0.022 0.978 
485     h385    (0)    2 :  0.009 0.991 
486     h386    (0)    2 :  0.012 0.988 
487     h387    (0)    2 :  0.008 0.992 
488     h388    (0)    2 :  0.018 0.982 
489     h389    (0)    2 :  0.017 0.983 
490     h390    (0)    2 :  0.009 0.991 
491     h391    (0)    2 :  0.007 0.993 
492     h392    (0)    2 :  0.034 0.966 
493     h393    (0)    2 :  0.012 0.988 
494     h394    (0)    2 :  0.012 0.988 
495     h395    (0)    2 :  0.013 0.987 
496     h396    (0)    2 :  0.024 0.976 
497     h397    (0)    2 :  0.020 0.980 
498     h398    (0)    2 :  0.019 0.981 
499     h399    (0)    2 :  0.006 0.994 
500     h400    (0)    2 :  0.027 0.973 
501     h001    (0)    3 :  0.013 0.987 
502     h002    (0)    3 :  0.073 0.927 
503     h003    (0)    3 :  0.135 0.865 
504     h004    (0)    3 :  0.049 0.951 
505     h005    (0)    3 :  0.135 0.865 
506     h006    (0)    3 :  0.043 0.957 
507     h007    (0)    3 :  0.164 0.836 
508     h008    (0)    3 :  0.072 0.928 
509     h009    (0)    3 :  0.199 0.801 
510     h010    (0)    3 :  0.008 0.992 
511     h011    (0)    3 :  0.041 0.959 
512     h012    (0)    3 :  0.272 0.728 
513     h013    (0)    3 :  0.200 0.800 
514     h014    (0)    3 :  0.063 0.937 
515     h015    (0)    3 :  0.043 0.957 
516     h016    (0)    3 :  0.050 0.950 
517     h017    (0)    3 :  0.101 0.899 
518     h018    (0)    3 :  0.266 0.734 
519     h019    (0)    3 :  0.226 0.774 
520     h020    (0)    3 :  0.012 0.988 
521     h021    (0)    3 :  0.078 0.922 
522     h022    (0)    3 :  0.119 0.881 
523     h023    (0)    3 :  0.014 0.986 
524     h024    (0)    3 :  0.019 0.981 
525     h025    (0)    3 :  0.088 0.912 
526     h026    (0)    3 :  0.168 0.832 
527     h027    (0)    3 :  0.174 0.826 
528     h028    (0)    3 :  0.077 0.923 
529     h029    (0)    3 :  0.075 0.925 
530     h030    (0)    3 :  0.021 0.979 
531     h031    (0)    3 :  0.106 0.894 
532     h032    (0)    3 :  0.254 0.746 
533     h033    (0)    3 :  0.169 0.831 
534     h034    (0)    3 :  0.105 0.895 
535     h035    (0)    3 :  0.267 0.733 
536     h036    (0)    3 :  0.040 0.960 
537     h037    (0)    3 :  0.124 0.876 
538     h038    (0)    3 :  0.121 0.879 
539     h039    (0)    3 :  0.235 0.765 
540     h040    (0)    3 :  0.135 0.865 
541     h041    (0)    3 :  0.203 0.797 
542     h042    (0)    3 :  0.095 0.905 
543     h043    (0)    3 :  0.026 0.974 
544     h044    (0)    3 :  0.060 0.940 
545     h045    (0)    3 :  0.270 0.730 
546     h046    (0)    3 :  0.132 0.868 
547     h047    (0)    3 :  0.039 0.961 
548     h048    (0)    3 :  0.078 0.922 
549     h049    (0)    3 :  0.075 0.925 
550     h050    (0)    3 :  0.064 0.936 
551     h051    (0)    3 :  0.132 0.868 
552     h052    (0)    3 :  0.014 0.986 
553     h053    (0)    3 :  0.053 0.947 
554     h054    (0)    3 :  0.086 0.914 
555     h055    (0)    3 :  0.040 0.960 
556     h056    (0)    3 :  0.164 0.836 
557     h057    (0)    3 :  0.156 0.844 
558     h058    (0)    3 :  0.013 0.987 
559     h059    (0)    3 :  0.011 0.989 
560     h060    (0)    3 :  0.016 0.984 
561     h061    (0)    3 :  0.033 0.967 
562     h062    (0)    3 :  0.071 0.929 
563     h063    (0)    3 :  0.030 0.970 
564     h064    (0)    3 :  0.095 0.905 
565     h065    (0)    3 :  0.128 0.872 
566     h066    (0)    3 :  0.080 0.920 
567     h067    (0)    3 :  0.107 0.893 
568     h068    (0)    3 :  0.100 0.900 
569     h069    (0)    3 :  0.019 0.981 
570     h070    (0)    3 :  0.040 0.960 
571     h071    (0)    3 :  0.138 0.862 
572     h072    (0)    3 :  0.008 0.992 
573     h073    (0)    3 :  0.298 0.702 
574     h074    (0)    3 :  0.023 0.977 
575     h075    (0)    3 :  0.269 0.731 
576     h076    (0)    3 :  0.024 0.976 
577     h077    (0)    3 :  0.022 0.978 
578     h078    (0)    3 :  0.026 0.974 
579     h079    (0)    3 :  0.035 0.965 
580     h080    (0)    3 :  0.102 0.898 
581     h081    (0)    3 :  0.228 0.772 
582     h082    (0)    3 :  0.019 0.981 
583     h083    (0)    3 :  0.180 0.820 
584     h084    (0)    3 :  0.105 0.895 
585     h085    (0)    3 :  0.024 0.976 
586     h086    (0)    3 :  0.020 0.980 
587     h087    (0)    3 :  0.257 0.743 
588     h088    (0)    3 :  0.083 0.917 
589     h089    (0)    3 :  0.319 0.681 
590     h090    (0)    3 :  0.014 0.986 
591     h091    (0)    3 :  0.184 0.816 
592     h092    (0)    3 :  0.009 0.991 
593     h093    (0)    3 :  0.224 0.776 
594     h094    (0)    3 :  0.127 0.873 
595     h095    (0)    3 :  0.059 0.941 
596     h096    (0)    3 :  0.187 0.813 
597     h097    (0)    3 :  0.022 0.978 
598     h098    (0)    3 :  0.276 0.724 
599     h099    (0)    3 :  0.152 0.848 
600     h100    (0)    3 :  0.055 0.945 
601    h0011    (0)    4 :  0.075 0.925 
602    h0021    (0)    4 :  0.339 0.661 
603    h0031    (0)    4 :  0.286 0.714 
604    h0041    (0)    4 :  0.263 0.737 
605    h0051    (0)    4 :  0.025 0.975 
606    h0061    (0)    4 :  0.233 0.767 
607    h0071    (0)    4 :  0.358 0.642 
608    h0081    (0)    4 :  0.162 0.838 
609    h0091    (0)    4 :  0.126 0.874 
610    h0101    (0)    4 :  0.199 0.801 
611    h0111    (0)    4 :  0.365 0.635 
612    h0121    (0)    4 :  0.162 0.838 
613    h0131    (0)    4 :  0.073 0.927 
614    h0141    (0)    4 :  0.275 0.725 
615    h0151    (0)    4 :  0.370 0.630 
616    h0161    (0)    4 :  0.352 0.648 
617    h0171    (0)    4 :  0.025 0.975 
618    h0181    (0)    4 :  0.216 0.784 
619    h0191    (0)    4 :  0.299 0.701 
620    h0201    (0)    4 :  0.195 0.805 
621    h0211    (0)    4 :  0.266 0.734 
622    h0221    (0)    4 :  0.186 0.814 
623    h0231    (0)    4 :  0.267 0.733 
624    h0241    (0)    4 :  0.156 0.844 
625    h0251    (0)    4 :  0.381 0.619 
626    h0261    (0)    4 :  0.158 0.842 
627    h0271    (0)    4 :  0.253 0.747 
628    h0281    (0)    4 :  0.336 0.664 
629    h0291    (0)    4 :  0.102 0.898 
630    h0301    (0)    4 :  0.077 0.923 
631    h0311    (0)    4 :  0.256 0.744 
632    h0321    (0)    4 :  0.248 0.752 
633    h0331    (0)    4 :  0.386 0.614 
634    h0341    (0)    4 :  0.010 0.990 
635    h0351    (0)    4 :  0.177 0.823 
636    h0361    (0)    4 :  0.398 0.602 
637    h0371    (0)    4 :  0.286 0.714 
638    h0381    (0)    4 :  0.275 0.725 
639    h0391    (0)    4 :  0.031 0.969 
640    h0401    (0)    4 :  0.100 0.900 
641    h0411    (0)    4 :  0.154 0.846 
642    h0421    (0)    4 :  0.047 0.953 
643    h0431    (0)    4 :  0.055 0.945 
644    h0441    (0)    4 :  0.300 0.700 
645    h0451    (0)    4 :  0.358 0.642 
646    h0461    (0)    4 :  0.036 0.964 
647    h0471    (0)    4 :  0.189 0.811 
648    h0481    (0)    4 :  0.351 0.649 
649    h0491    (0)    4 :  0.015 0.985 
650    h0501    (0)    4 :  0.154 0.846 
651    h0511    (0)    4 :  0.328 0.672 
652    h0521    (0)    4 :  0.294 0.706 
653    h0531    (0)    4 :  0.245 0.755 
654    h0541    (0)    4 :  0.111 0.889 
655    h0551    (0)    4 :  0.035 0.965 
656    h0561    (0)    4 :  0.229 0.771 
657    h0571    (0)    4 :  0.278 0.722 
658    h0581    (0)    4 :  0.072 0.928 
659    h0591    (0)    4 :  0.395 0.605 
660    h0601    (0)    4 :  0.349 0.651 
661    h0611    (0)    4 :  0.197 0.803 
662    h0621    (0)    4 :  0.055 0.945 
663    h0631    (0)    4 :  0.539 0.461 
664    h0641    (0)    4 :  0.187 0.813 
665    h0651    (0)    4 :  0.066 0.934 
666    h0661    (0)    4 :  0.104 0.896 
667    h0671    (0)    4 :  0.148 0.852 
668    h0681    (0)    4 :  0.362 0.638 
669    h0691    (0)    4 :  0.413 0.587 
670    h0701    (0)    4 :  0.186 0.814 
671    h0711    (0)    4 :  0.103 0.897 
672    h0721    (0)    4 :  0.197 0.803 
673    h0731    (0)    4 :  0.013 0.987 
674    h0741    (0)    4 :  0.167 0.833 
675    h0751    (0)    4 :  0.111 0.889 
676    h0761    (0)    4 :  0.362 0.638 
677    h0771    (0)    4 :  0.111 0.889 
678    h0781    (0)    4 :  0.081 0.919 
679    h0791    (0)    4 :  0.160 0.840 
680    h0801    (0)    4 :  0.100 0.900 
681    h0811    (0)    4 :  0.041 0.959 
682    h0821    (0)    4 :  0.366 0.634 
683    h0831    (0)    4 :  0.243 0.757 
684    h0841    (0)    4 :  0.105 0.895 
685    h0851    (0)    4 :  0.313 0.687 
686    h0861    (0)    4 :  0.047 0.953 
687    h0871    (0)    4 :  0.247 0.753 
688    h0881    (0)    4 :  0.328 0.672 
689    h0891    (0)    4 :  0.204 0.796 
690    h0901    (0)    4 :  0.174 0.826 
691    h0911    (0)    4 :  0.267 0.733 
692    h0921    (0)    4 :  0.130 0.870 
693    h0931    (0)    4 :  0.028 0.972 
694    h0941    (0)    4 :  0.225 0.775 
695    h0951    (0)    4 :  0.309 0.691 
696    h0961    (0)    4 :  0.106 0.894 
697    h0971    (0)    4 :  0.237 0.763 
698    h0981    (0)    4 :  0.316 0.684 
699    h0991    (0)    4 :  0.189 0.811 
700    h1001    (0)    4 :  0.317 0.683 
701   MSV1TX    (5)    5 :  0.394 0.606 
702   MSV025    (0)    5 :  0.619 0.381 
703   MSV02C    (0)    5 :  0.492 0.508 
704   MSV02E    (5)    5 :  0.564 0.436 
705   MSV0TF    (5)    5 :  0.579 0.421 
706    M2EL8    (0)    5 :  0.690 0.310 
707    h0012    (0)    6 :  0.655 0.345 
708    h0022    (0)    6 :  0.477 0.523 
709    h0032    (0)    6 :  0.607 0.393 
710    h0042    (0)    6 :  0.572 0.428 
711    h0052    (0)    6 :  0.250 0.750 
712    h0062    (0)    6 :  0.433 0.567 
713    h0072    (0)    6 :  0.456 0.544 
714    h0082    (0)    6 :  0.412 0.588 
715    h0092    (0)    6 :  0.538 0.462 
716    h0102    (0)    6 :  0.358 0.642 
717    h0112    (0)    6 :  0.402 0.598 
718    h0122    (0)    6 :  0.464 0.536 
719    h0132    (0)    6 :  0.527 0.473 
720    h0142    (0)    6 :  0.495 0.505 
721    h0152    (0)    6 :  0.546 0.454 
722    h0162    (0)    6 :  0.507 0.493 
723    h0172    (0)    6 :  0.426 0.574 
724    h0182    (0)    6 :  0.539 0.461 
725    h0192    (0)    6 :  0.600 0.400 
726    h0202    (0)    6 :  0.471 0.529 
727    h0212    (0)    6 :  0.508 0.492 
728    h0222    (0)    6 :  0.586 0.414 
729    h0232    (0)    6 :  0.447 0.553 
730    h0242    (0)    6 :  0.488 0.512 
731    h0252    (0)    6 :  0.504 0.496 
732    h0262    (0)    6 :  0.406 0.594 
733    h0272    (0)    6 :  0.538 0.462 
734    h0282    (0)    6 :  0.379 0.621 
735    h0292    (0)    6 :  0.520 0.480 
736    h0302    (0)    6 :  0.755 0.245 
737    h0312    (0)    6 :  0.499 0.501 
738    h0322    (0)    6 :  0.519 0.481 
739    h0332    (0)    6 :  0.378 0.622 
740    h0342    (0)    6 :  0.462 0.538 
741    h0352    (0)    6 :  0.433 0.567 
742    h0362    (0)    6 :  0.536 0.464 
743    h0372    (0)    6 :  0.444 0.556 
744    h0382    (0)    6 :  0.576 0.424 
745    h0392    (0)    6 :  0.476 0.524 
746    h0402    (0)    6 :  0.423 0.577 
747    h0412    (0)    6 :  0.522 0.478 
748    h0422    (0)    6 :  0.417 0.583 
749    h0432    (0)    6 :  0.467 0.533 
750    h0442    (0)    6 :  0.495 0.505 
751    h0452    (0)    6 :  0.329 0.671 
752    h0462    (0)    6 :  0.613 0.387 
753    h0472    (0)    6 :  0.577 0.423 
754    h0482    (0)    6 :  0.538 0.462 
755    h0492    (0)    6 :  0.643 0.357 
756    h0502    (0)    6 :  0.522 0.478 
757    h0512    (0)    6 :  0.287 0.713 
758    h0522    (0)    6 :  0.536 0.464 
759    h0532    (0)    6 :  0.439 0.561 
760    h0542    (0)    6 :  0.411 0.589 
761    h0552    (0)    6 :  0.631 0.369 
762    h0562    (0)    6 :  0.418 0.582 
763    h0572    (0)    6 :  0.559 0.441 
764    h0582    (0)    6 :  0.660 0.340 
765    h0592    (0)    6 :  0.520 0.480 
766    h0602    (0)    6 :  0.595 0.405 
767    h0612    (0)    6 :  0.332 0.668 
768    h0622    (0)    6 :  0.494 0.506 
769    h0632    (0)    6 :  0.596 0.404 
770    h0642    (0)    6 :  0.551 0.449 
771    h0652    (0)    6 :  0.585 0.415 
772    h0662    (0)    6 :  0.473 0.527 
773    h0672    (0)    6 :  0.337 0.663 
774    h0682    (0)    6 :  0.518 0.482 
775    h0692    (0)    6 :  0.460 0.540 
776    h0702    (0)    6 :  0.300 0.700 
777    h0712    (0)    6 :  0.464 0.536 
778    h0722    (0)    6 :  0.554 0.446 
779    h0732    (0)    6 :  0.507 0.493 
780    h0742    (0)    6 :  0.288 0.712 
781    h0752    (0)    6 :  0.476 0.524 
782    h0762    (0)    6 :  0.427 0.573 
783    h0772    (0)    6 :  0.351 0.649 
784    h0782    (0)    6 :  0.709 0.291 
785    h0792    (0)    6 :  0.551 0.449 
786    h0802    (0)    6 :  0.509 0.491 
787    h0812    (0)    6 :  0.444 0.556 
788    h0822    (0)    6 :  0.564 0.436 
789    h0832    (0)    6 :  0.482 0.518 
790    h0842    (0)    6 :  0.406 0.594 
791    h0852    (0)    6 :  0.460 0.540 
792    h0862    (0)    6 :  0.430 0.570 
793    h0872    (0)    6 :  0.448 0.552 
794    h0882    (0)    6 :  0.547 0.453 
795    h0892    (0)    6 :  0.435 0.565 
796    h0902    (0)    6 :  0.563 0.437 
797    h0912    (0)    6 :  0.444 0.556 
798    h0922    (0)    6 :  0.443 0.557 
799    h0932    (0)    6 :  0.265 0.735 
800    h0942    (0)    6 :  0.422 0.578 
801    h0952    (0)    6 :  0.440 0.560 
802    h0962    (0)    6 :  0.375 0.625 
803    h0972    (0)    6 :  0.597 0.403 
804    h0982    (0)    6 :  0.393 0.607 
805    h0992    (0)    6 :  0.243 0.757 
806    h1002    (0)    6 :  0.417 0.583 
807   MSV21T    (0)    7 :  0.877 0.123 
808    M2E71    (0)    7 :  0.772 0.228 
809    h0013    (0)    8 :  0.922 0.078 
810    h0023    (0)    8 :  0.780 0.220 
811    h0033    (0)    8 :  0.590 0.410 
812    h0043    (0)    8 :  0.722 0.278 
813    h0053    (0)    8 :  0.892 0.108 
814    h0063    (0)    8 :  0.879 0.121 
815    h0073    (0)    8 :  0.718 0.282 
816    h0083    (0)    8 :  0.798 0.202 
817    h0093    (0)    8 :  0.713 0.287 
818    h0103    (0)    8 :  0.901 0.099 
819    h0113    (0)    8 :  0.688 0.312 
820    h0123    (0)    8 :  0.627 0.373 
821    h0133    (0)    8 :  0.683 0.317 
822    h0143    (0)    8 :  0.574 0.426 
823    h0153    (0)    8 :  0.813 0.187 
824    h0163    (0)    8 :  0.768 0.232 
825    h0173    (0)    8 :  0.687 0.313 
826    h0183    (0)    8 :  0.720 0.280 
827    h0193    (0)    8 :  0.646 0.354 
828    h0203    (0)    8 :  0.807 0.193 
829    h0213    (0)    8 :  0.757 0.243 
830    h0223    (0)    8 :  0.825 0.175 
831    h0233    (0)    8 :  0.820 0.180 
832    h0243    (0)    8 :  0.807 0.193 
833    h0253    (0)    8 :  0.762 0.238 
834    h0263    (0)    8 :  0.683 0.317 
835    h0273    (0)    8 :  0.753 0.247 
836    h0283    (0)    8 :  0.830 0.170 
837    h0293    (0)    8 :  0.748 0.252 
838    h0303    (0)    8 :  0.627 0.373 
839    h0313    (0)    8 :  0.830 0.170 
840    h0323    (0)    8 :  0.987 0.013 
841    h0333    (0)    8 :  0.684 0.316 
842    h0343    (0)    8 :  0.662 0.338 
843    h0353    (0)    8 :  0.860 0.140 
844    h0363    (0)    8 :  0.775 0.225 
845    h0373    (0)    8 :  0.923 0.077 
846    h0383    (0)    8 :  0.819 0.181 
847    h0393    (0)    8 :  0.821 0.179 
848    h0403    (0)    8 :  0.987 0.013 
849    h0413    (0)    8 :  0.828 0.172 
850    h0423    (0)    8 :  0.670 0.330 
851    h0433    (0)    8 :  0.845 0.155 
852    h0443    (0)    8 :  0.762 0.238 
853    h0453    (0)    8 :  0.765 0.235 
854    h0463    (0)    8 :  0.820 0.180 
855    h0473    (0)    8 :  0.913 0.087 
856    h0483    (0)    8 :  0.802 0.198 
857    h0493    (0)    8 :  0.690 0.310 
858    h0503    (0)    8 :  0.864 0.136 
859    h0513    (0)    8 :  0.531 0.469 
860    h0523    (0)    8 :  0.828 0.172 
861    h0533    (0)    8 :  0.650 0.350 
862    h0543    (0)    8 :  0.595 0.405 
863    h0553    (0)    8 :  0.823 0.177 
864    h0563    (0)    8 :  0.972 0.028 
865    h0573    (0)    8 :  0.603 0.397 
866    h0583    (0)    8 :  0.746 0.254 
867    h0593    (0)    8 :  0.714 0.286 
868    h0603    (0)    8 :  0.699 0.301 
869    h0613    (0)    8 :  0.723 0.277 
870    h0623    (0)    8 :  0.947 0.053 
871    h0633    (0)    8 :  0.657 0.343 
872    h0643    (0)    8 :  0.859 0.141 
873    h0653    (0)    8 :  0.598 0.402 
874    h0663    (0)    8 :  0.783 0.217 
875    h0673    (0)    8 :  0.974 0.026 
876    h0683    (0)    8 :  0.801 0.199 
877    h0693    (0)    8 :  0.839 0.161 
878    h0703    (0)    8 :  0.674 0.326 
879    h0713    (0)    8 :  0.919 0.081 
880    h0723    (0)    8 :  0.820 0.180 
881    h0733    (0)    8 :  0.641 0.359 
882    h0743    (0)    8 :  0.516 0.484 
883    h0753    (0)    8 :  0.989 0.011 
884    h0763    (0)    8 :  0.719 0.281 
885    h0773    (0)    8 :  0.683 0.317 
886    h0783    (0)    8 :  0.731 0.269 
887    h0793    (0)    8 :  0.991 0.009 
888    h0803    (0)    8 :  0.838 0.162 
889    h0813    (0)    8 :  0.740 0.260 
890    h0823    (0)    8 :  0.751 0.249 
891    h0833    (0)    8 :  0.745 0.255 
892    h0843    (0)    8 :  0.792 0.208 
893    h0853    (0)    8 :  0.594 0.406 
894    h0863    (0)    8 :  0.647 0.353 
895    h0873    (0)    8 :  0.677 0.323 
896    h0883    (0)    8 :  0.745 0.255 
897    h0893    (0)    8 :  0.827 0.173 
898    h0903    (0)    8 :  0.870 0.130 
899    h0913    (0)    8 :  0.664 0.336 
900    h0923    (0)    8 :  0.660 0.340 
901    h0933    (0)    8 :  0.739 0.261 
902    h0943    (0)    8 :  0.796 0.204 
903    h0953    (0)    8 :  0.767 0.233 
904    h0963    (0)    8 :  0.819 0.181 
905    h0973    (0)    8 :  0.856 0.144 
906    h0983    (0)    8 :  0.968 0.032 
907    h0993    (0)    8 :  0.500 0.500 
908    h1003    (0)    8 :  0.927 0.073 
909    W23CA   (10)    9 :  0.917 0.083 
910  AP.085Y    (5)    9 :  0.983 0.017 
911  CH.0LLY    (5)    9 :  0.592 0.408 
912    M0LEC    (5)    9 :  0.990 0.010 
913    M2C3H   (10)    9 :  0.775 0.225 
914    M2CHL    (5)    9 :  0.534 0.466 
915    W26P7   (10)    9 :  0.902 0.098 
916  AP.07M5    (0)    9 :  0.947 0.053 
917  AP.080U    (0)    9 :  0.958 0.042 
918  AP.082A    (0)    9 :  0.991 0.009 
919  AP.0843    (0)    9 :  0.939 0.061 
920  AP.0844    (0)    9 :  0.827 0.173 
921  AP.084X    (0)    9 :  0.980 0.020 
922  AP.086Y    (0)    9 :  0.832 0.168 
923  AP.0870    (0)    9 :  0.871 0.129 
924  AP.0878    (0)    9 :  0.823 0.177 
925  AP.087F    (0)    9 :  0.791 0.209 
926  AP.087Y    (0)    9 :  0.586 0.414 
927  AP.088P    (0)    9 :  0.980 0.020 
928  AP.08AK    (5)    9 :  0.975 0.025 
929  CH.0LLM    (0)    9 :  0.838 0.162 
930  CH.0LLU    (0)    9 :  0.751 0.249 
931  CH.0LM0    (5)    9 :  0.926 0.074 
932  CH.0LM3    (5)    9 :  0.958 0.042 
933    W26MY    (0)    9 :  0.795 0.205 
934    W26P6    (0)    9 :  0.913 0.087 
935   HRV07U    (0)    9 :  0.955 0.045 
936   HRV1CT    (0)    9 :  0.988 0.012 
937   HRV1CU    (0)    9 :  0.992 0.008 
938   HRV1E6    (0)    9 :  0.990 0.010 
939   HRV081    (0)    9 :  0.993 0.007 
940   HRV1E3    (0)    9 :  0.972 0.028 
941   MSV21E    (0)    9 :  0.838 0.162 
942   MSV216    (0)    9 :  0.943 0.057 
943    M0TYK    (0)    9 :  0.930 0.070 
944   MSV2AA    (0)    9 :  0.905 0.095 
945  CK.0PET    (0)    9 :  0.774 0.226 
946    M2E8C    (0)    9 :  0.987 0.013 
947   MSV23X    (0)    9 :  0.826 0.174 
948   MSV32A    (0)    9 :  0.829 0.171 
949  AP.0838    (0)    9 :  0.976 0.024 
950  AP.088F    (0)    9 :  0.880 0.120 
951    h0014    (0)   10 :  0.859 0.141 
952    h0024    (0)   10 :  0.936 0.064 
953    h0034    (0)   10 :  0.852 0.148 
954    h0044    (0)   10 :  0.984 0.016 
955    h0054    (0)   10 :  0.891 0.109 
956    h0064    (0)   10 :  0.991 0.009 
957    h0074    (0)   10 :  0.982 0.018 
958    h0084    (0)   10 :  0.979 0.021 
959    h0094    (0)   10 :  0.986 0.014 
960    h0104    (0)   10 :  0.987 0.013 
961    h0114    (0)   10 :  0.837 0.163 
962    h0124    (0)   10 :  0.943 0.057 
963    h0134    (0)   10 :  0.958 0.042 
964    h0144    (0)   10 :  0.778 0.222 
965    h0154    (0)   10 :  0.852 0.148 
966    h0164    (0)   10 :  0.912 0.088 
967    h0174    (0)   10 :  0.888 0.112 
968    h0184    (0)   10 :  0.979 0.021 
969    h0194    (0)   10 :  0.841 0.159 
970    h0204    (0)   10 :  0.948 0.052 
971    h0214    (0)   10 :  0.987 0.013 
972    h0224    (0)   10 :  0.951 0.049 
973    h0234    (0)   10 :  0.809 0.191 
974    h0244    (0)   10 :  0.895 0.105 
975    h0254    (0)   10 :  0.942 0.058 
976    h0264    (0)   10 :  0.854 0.146 
977    h0274    (0)   10 :  0.985 0.015 
978    h0284    (0)   10 :  0.992 0.008 
979    h0294    (0)   10 :  0.771 0.229 
980    h0304    (0)   10 :  0.939 0.061 
981    h0314    (0)   10 :  0.990 0.010 
982    h0324    (0)   10 :  0.933 0.067 
983    h0334    (0)   10 :  0.988 0.012 
984    h0344    (0)   10 :  0.956 0.044 
985    h0354    (0)   10 :  0.821 0.179 
986    h0364    (0)   10 :  0.866 0.134 
987    h0374    (0)   10 :  0.827 0.173 
988    h0384    (0)   10 :  0.912 0.088 
989    h0394    (0)   10 :  0.972 0.028 
990    h0404    (0)   10 :  0.991 0.009 
991    h0414    (0)   10 :  0.981 0.019 
992    h0424    (0)   10 :  0.885 0.115 
993    h0434    (0)   10 :  0.947 0.053 
994    h0444    (0)   10 :  0.979 0.021 
995    h0454    (0)   10 :  0.865 0.135 
996    h0464    (0)   10 :  0.969 0.031 
997    h0474    (0)   10 :  0.753 0.247 
998    h0484    (0)   10 :  0.956 0.044 
999    h0494    (0)   10 :  0.931 0.069 
1000    h0504    (0)   10 :  0.868 0.132 
1001    h0514    (0)   10 :  0.885 0.115 
1002    h0524    (0)   10 :  0.929 0.071 
1003    h0534    (0)   10 :  0.986 0.014 
1004    h0544    (0)   10 :  0.989 0.011 
1005    h0554    (0)   10 :  0.833 0.167 
1006    h0564    (0)   10 :  0.987 0.013 
1007    h0574    (0)   10 :  0.637 0.363 
1008    h0584    (0)   10 :  0.936 0.064 
1009    h0594    (0)   10 :  0.949 0.051 
1010    h0604    (0)   10 :  0.833 0.167 
1011    h0614    (0)   10 :  0.896 0.104 
1012    h0624    (0)   10 :  0.824 0.176 
1013    h0634    (0)   10 :  0.676 0.324 
1014    h0644    (0)   10 :  0.784 0.216 
1015    h0654    (0)   10 :  0.765 0.235 
1016    h0664    (0)   10 :  0.887 0.113 
1017    h0674    (0)   10 :  0.767 0.233 
1018    h0684    (0)   10 :  0.830 0.170 
1019    h0694    (0)   10 :  0.979 0.021 
1020    h0704    (0)   10 :  0.960 0.040 
1021    h0714    (0)   10 :  0.984 0.016 
1022    h0724    (0)   10 :  0.923 0.077 
1023    h0734    (0)   10 :  0.909 0.091 
1024    h0744    (0)   10 :  0.820 0.180 
1025    h0754    (0)   10 :  0.805 0.195 
1026    h0764    (0)   10 :  0.827 0.173 
1027    h0774    (0)   10 :  0.725 0.275 
1028    h0784    (0)   10 :  0.906 0.094 
1029    h0794    (0)   10 :  0.903 0.097 
1030    h0804    (0)   10 :  0.830 0.170 
1031    h0814    (0)   10 :  0.944 0.056 
1032    h0824    (0)   10 :  0.824 0.176 
1033    h0834    (0)   10 :  0.809 0.191 
1034    h0844    (0)   10 :  0.957 0.043 
1035    h0854    (0)   10 :  0.807 0.193 
1036    h0864    (0)   10 :  0.878 0.122 
1037    h0874    (0)   10 :  0.982 0.018 
1038    h0884    (0)   10 :  0.905 0.095 
1039    h0894    (0)   10 :  0.950 0.050 
1040    h0904    (0)   10 :  0.874 0.126 
1041    h0914    (0)   10 :  0.902 0.098 
1042    h0924    (0)   10 :  0.937 0.063 
1043    h0934    (0)   10 :  0.864 0.136 
1044    h0944    (0)   10 :  0.753 0.247 
1045    h0954    (0)   10 :  0.872 0.128 
1046    h0964    (0)   10 :  0.876 0.124 
1047    h0974    (0)   10 :  0.911 0.089 
1048    h0984    (0)   10 :  0.989 0.011 
1049    h0994    (0)   10 :  0.953 0.047 
1050    h1004    (0)   10 :  0.903 0.097 
1051  AP.07M2    (0)   11 :  0.944 0.056 
1052   HRV05C   (10)   11 :  0.986 0.014 
1053   HRV077   (10)   11 :  0.984 0.016 
1054   HRV0A0    (5)   11 :  0.993 0.007 
1055   HRV0MC    (5)   11 :  0.991 0.009 
1056   HRV00P    (0)   11 :  0.993 0.007 
1057   HRV01J    (5)   11 :  0.991 0.009 
1058   HRV026    (5)   11 :  0.988 0.012 
1059   HRV02C    (0)   11 :  0.994 0.006 
1060   HRV031    (0)   11 :  0.993 0.007 
1061   HRV033    (0)   11 :  0.993 0.007 
1062   HRV05L    (0)   11 :  0.993 0.007 
1063   HRV06A    (0)   11 :  0.992 0.008 
1064   HRV07P    (5)   11 :  0.994 0.006 
1065   HRV0HC    (5)   11 :  0.955 0.045 
1066   HRV0HU   (10)   11 :  0.984 0.016 
1067   HRV0K1    (0)   11 :  0.993 0.007 
1068   HRV0M6    (5)   11 :  0.968 0.032 
1069   HRV0M7    (5)   11 :  0.990 0.010 
1070   HRV0MK    (0)   11 :  0.993 0.007 
1071   HRV1C7    (5)   11 :  0.992 0.008 
1072   HRV1EA    (0)   11 :  0.981 0.019 
1073    M147K    (5)   11 :  0.994 0.006 
1074   HRV008    (0)   11 :  0.992 0.008 
1075   HRV015    (0)   11 :  0.987 0.013 
1076   HRV01F    (0)   11 :  0.976 0.024 
1077   HRV01L    (0)   11 :  0.992 0.008 
1078   HRV01M    (0)   11 :  0.990 0.010 
1079   HRV020    (0)   11 :  0.985 0.015 
1080   HRV022    (0)   11 :  0.976 0.024 
1081   HRV02A    (0)   11 :  0.981 0.019 
1082   HRV02K    (0)   11 :  0.975 0.025 
1083   HRV04C    (0)   11 :  0.992 0.008 
1084   HRV05H    (0)   11 :  0.984 0.016 
1085   HRV076    (0)   11 :  0.982 0.018 
1086   HRV07H    (0)   11 :  0.994 0.006 
1087   HRV07X    (0)   11 :  0.984 0.016 
1088   HRV080    (0)   11 :  0.993 0.007 
1089   HRV086    (5)   11 :  0.990 0.010 
1090   HRV0H3    (5)   11 :  0.990 0.010 
1091   HRV0J3    (0)   11 :  0.990 0.010 
1092   HRV0JX   (15)   11 :  0.984 0.016 
1093   HRV0ML   (10)   11 :  0.993 0.007 
1094   HRV1E8   (10)   11 :  0.991 0.009 
1095   HRV007   (10)   11 :  0.988 0.012 
1096   HRV005    (5)   11 :  0.986 0.014 
1097   HRV05U    (5)   11 :  0.993 0.007 
1098   HRV01U    (5)   11 :  0.992 0.008 
1099  AP.07M1    (5)   11 :  0.992 0.008 
1100  AP.07ME    (5)   11 :  0.984 0.016 
1101  AP.0817    (5)   11 :  0.991 0.009 
1102  AP.0863   (15)   11 :  0.974 0.026 
1103  AP.087T    (5)   11 :  0.961 0.039 
1104  AP.088T    (5)   11 :  0.994 0.006 
1105  CH.0LM1   (15)   11 :  0.989 0.011 
1106    M05X5    (5)   11 :  0.946 0.054 
1107    M06JH    (5)   11 :  0.945 0.055 
1108    M0A6K    (5)   11 :  0.990 0.010 
1109    M0ETF    (5)   11 :  0.993 0.007 
1110    M0LUP   (10)   11 :  0.986 0.014 
1111    M16F1    (5)   11 :  0.990 0.010 
1112    M182M    (5)   11 :  0.989 0.011 
1113    M1CFL   (10)   11 :  0.991 0.009 
1114    M2AXY   (10)   11 :  0.990 0.010 
1115    M2AY2   (10)   11 :  0.942 0.058 
1116    M2CHP   (10)   11 :  0.968 0.032 
1117    W26LK    (5)   11 :  0.992 0.008 
1118    W26ME   (10)   11 :  0.982 0.018 
1119  AM.07FM    (0)   11 :  0.994 0.006 
1120  AM.07FP    (5)   11 :  0.992 0.008 
1121  AP.07M4    (0)   11 :  0.994 0.006 
1122  AP.07M7    (0)   11 :  0.994 0.006 
1123  AP.07M8    (0)   11 :  0.990 0.010 
1124  AP.07MA    (0)   11 :  0.982 0.018 
1125  AP.07MC    (0)   11 :  0.992 0.008 
1126  AP.07P8    (0)   11 :  0.962 0.038 
1127  AP.07U8    (0)   11 :  0.989 0.011 
1128  AP.081F   (10)   11 :  0.990 0.010 
1129  AP.081H   (10)   11 :  0.742 0.258 
1130  AP.0820    (0)   11 :  0.980 0.020 
1131  AP.0841    (5)   11 :  0.887 0.113 
1132  AP.0858    (0)   11 :  0.986 0.014 
1133  AP.085U    (5)   11 :  0.966 0.034 
1134  AP.085X    (5)   11 :  0.992 0.008 
1135  AP.0861    (5)   11 :  0.989 0.011 
1136  AP.0864   (10)   11 :  0.994 0.006 
1137  AP.086X    (0)   11 :  0.992 0.008 
1138  AP.0872    (0)   11 :  0.992 0.008 
1139  AP.0875    (0)   11 :  0.922 0.078 
1140  AP.087A    (0)   11 :  0.992 0.008 
1141  AP.087C    (0)   11 :  0.986 0.014 
1142  AP.087E    (0)   11 :  0.992 0.008 
1143  AP.087H    (0)   11 :  0.993 0.007 
1144  AP.087K    (0)   11 :  0.988 0.012 
1145  AP.087L    (0)   11 :  0.992 0.008 
1146  AP.087M    (0)   11 :  0.990 0.010 
1147  AP.087P    (0)   11 :  0.988 0.012 
1148  AP.087U    (0)   11 :  0.945 0.055 
1149  AP.087X    (0)   11 :  0.973 0.027 
1150  AP.0881    (0)   11 :  0.984 0.016 
1151  AP.0882    (0)   11 :  0.990 0.010 
1152  AP.0883    (0)   11 :  0.961 0.039 
1153  AP.0884    (0)   11 :  0.993 0.007 
1154  AP.0885    (5)   11 :  0.989 0.011 
1155  AP.0887    (0)   11 :  0.989 0.011 
1156  AP.0888    (5)   11 :  0.696 0.304 
1157  AP.088A    (0)   11 :  0.991 0.009 
1158  AP.088C    (0)   11 :  0.862 0.138 
1159  AP.088J    (0)   11 :  0.986 0.014 
1160  AP.088K    (0)   11 :  0.987 0.013 
1161  AP.088L    (0)   11 :  0.992 0.008 
1162  AP.088U    (0)   11 :  0.992 0.008 
1163  AP.088X    (0)   11 :  0.984 0.016 
1164  AP.08A0    (0)   11 :  0.994 0.006 
1165  AP.08A1    (0)   11 :  0.989 0.011 
1166  AP.08A3    (0)   11 :  0.993 0.007 
1167  AP.08A4    (0)   11 :  0.803 0.197 
1168  AP.08A5    (0)   11 :  0.993 0.007 
1169  AP.08A6    (0)   11 :  0.984 0.016 
1170  AP.08A8    (5)   11 :  0.991 0.009 
1171  AP.08AC    (0)   11 :  0.984 0.016 
1172  AP.08AH    (0)   11 :  0.988 0.012 
1173  AP.08AJ    (0)   11 :  0.983 0.017 
1174  AP.08AM   (10)   11 :  0.992 0.008 
1175  AP.08AT    (0)   11 :  0.992 0.008 
1176  AP.08AX    (0)   11 :  0.992 0.008 
1177  CH.0LLP    (0)   11 :  0.987 0.013 
1178  CH.0LM2   (10)   11 :  0.986 0.014 
1179  CH.0LM4    (5)   11 :  0.993 0.007 
1180  CH.0LM5    (0)   11 :  0.991 0.009 
1181    M0102    (5)   11 :  0.991 0.009 
1182    M023A    (5)   11 :  0.994 0.006 
1183    M03MM   (10)   11 :  0.988 0.012 
1184    M04PF    (0)   11 :  0.993 0.007 
1185    M04XH    (5)   11 :  0.983 0.017 
1186    M04XM   (10)   11 :  0.991 0.009 
1187    M0557    (0)   11 :  0.976 0.024 
1188    M055C    (0)   11 :  0.966 0.034 
1189    M05JC    (0)   11 :  0.991 0.009 
1190    M05PH    (0)   11 :  0.987 0.013 
1191    M05X6    (0)   11 :  0.993 0.007 
1192    M07TC    (0)   11 :  0.984 0.016 
1193    M0A66    (0)   11 :  0.993 0.007 
1194    M0EYT    (0)   11 :  0.992 0.008 
1195    M0FF2    (0)   11 :  0.992 0.008 
1196    M0HJ6    (5)   11 :  0.982 0.018 
1197   HRV0JL    (0)   11 :  0.994 0.006 
1198   HRV0JP    (0)   11 :  0.991 0.009 
1199   HRV0KA    (0)   11 :  0.992 0.008 
1200   HRV0LJ    (5)   11 :  0.981 0.019 
1201   HRV0LM    (0)   11 :  0.991 0.009 
1202   HRV0LP    (0)   11 :  0.974 0.026 
1203    M0HJ8    (0)   11 :  0.992 0.008 
1204    M0HM3    (0)   11 :  0.992 0.008 
1205    M0J1X    (0)   11 :  0.991 0.009 
1206    M0L32    (0)   11 :  0.987 0.013 
1207    M0L8F    (0)   11 :  0.977 0.023 
1208    M0LUH    (0)   11 :  0.992 0.008 
1209    M0XPJ    (0)   11 :  0.992 0.008 
1210    M0XTE    (0)   11 :  0.983 0.017 
1211    M157H    (0)   11 :  0.991 0.009 
1212    M16YU    (0)   11 :  0.994 0.006 
1213    M1751    (0)   11 :  0.990 0.010 
1214    M1C2H    (0)   11 :  0.993 0.007 
1215    M1E60    (0)   11 :  0.994 0.006 
1216    M1EKX    (0)   11 :  0.993 0.007 
1217    M1EKY    (0)   11 :  0.993 0.007 
1218    M1EL3    (0)   11 :  0.985 0.015 
1219    M1ELC    (0)   11 :  0.987 0.013 
1220    M1ELE    (0)   11 :  0.992 0.008 
1221    M2AY0   (10)   11 :  0.982 0.018 
1222    M2AY4    (5)   11 :  0.991 0.009 
1223    M2AY5   (10)   11 :  0.990 0.010 
1224    M2AY8    (5)   11 :  0.900 0.100 
1225    M2C3A   (10)   11 :  0.992 0.008 
1226    M2C3F   (10)   11 :  0.991 0.009 
1227   HRV0ME    (0)   11 :  0.984 0.016 
1228    M2CHJ    (5)   11 :  0.978 0.022 
1229    M2CHM    (5)   11 :  0.973 0.027 
1230    M2CHY   (10)   11 :  0.989 0.011 
1231    W23E8    (0)   11 :  0.992 0.008 
1232    W23EM    (0)   11 :  0.988 0.012 
1233    W23EX    (0)   11 :  0.991 0.009 
1234    W23F0    (0)   11 :  0.985 0.015 
1235    W26L5    (0)   11 :  0.977 0.023 
1236    W26LM    (0)   11 :  0.906 0.094 
1237    W26MJ    (0)   11 :  0.909 0.091 
1238    W26ML    (0)   11 :  0.992 0.008 
1239    W26MT    (0)   11 :  0.993 0.007 
1240    W26PE    (5)   11 :  0.922 0.078 
1241    W26PJ    (0)   11 :  0.892 0.108 
1242    W26PT    (0)   11 :  0.993 0.007 
1243    W26PX   (10)   11 :  0.974 0.026 
1244    W26T0    (5)   11 :  0.987 0.013 
1245    W26TC    (0)   11 :  0.994 0.006 
1246    W26TJ    (5)   11 :  0.953 0.047 
1247    W26UE    (5)   11 :  0.989 0.011 
1248    W26UF    (0)   11 :  0.992 0.008 
1249    W26UL    (0)   11 :  0.976 0.024 
1250    W26X2    (0)   11 :  0.988 0.012 
1251    W2716    (0)   11 :  0.958 0.042 
1252   HRV1C6    (0)   11 :  0.993 0.007 
1253   HRV1CX    (0)   11 :  0.976 0.024 
1254   HRV1E2    (0)   11 :  0.993 0.007 
1255   HRV1E4    (0)   11 :  0.993 0.007 
1256   HRV1E5    (0)   11 :  0.994 0.006 
1257   HRV1EC    (0)   11 :  0.990 0.010 
1258   HRV1EK    (0)   11 :  0.975 0.025 
1259   HRV001    (0)   11 :  0.992 0.008 
1260   HRV00H    (0)   11 :  0.991 0.009 
1261   HRV00K    (0)   11 :  0.990 0.010 
1262   HRV01X    (0)   11 :  0.990 0.010 
1263   HRV025    (0)   11 :  0.984 0.016 
1264   HRV028    (0)   11 :  0.990 0.010 
1265   HRV041    (0)   11 :  0.992 0.008 
1266   HRV04F    (0)   11 :  0.992 0.008 
1267   HRV04L    (0)   11 :  0.993 0.007 
1268   HRV055    (0)   11 :  0.994 0.006 
1269   HRV05J    (0)   11 :  0.993 0.007 
1270   HRV07J    (0)   11 :  0.993 0.007 
1271   HRV07K    (0)   11 :  0.985 0.015 
1272   HRV07L    (0)   11 :  0.960 0.040 
1273   HRV07M    (0)   11 :  0.993 0.007 
1274   HRV0HM    (0)   11 :  0.945 0.055 
1275   HRV0J2    (0)   11 :  0.993 0.007 
1276   HRV0K3    (0)   11 :  0.992 0.008 
1277   HRV0KE    (0)   11 :  0.992 0.008 
1278   HRV0KF    (0)   11 :  0.987 0.013 
1279   HRV0KU    (0)   11 :  0.980 0.020 
1280   HRV0L6    (0)   11 :  0.993 0.007 
1281   HRV0M2    (0)   11 :  0.985 0.015 
1282   HRV0MF    (0)   11 :  0.991 0.009 
1283   HRV0MJ    (0)   11 :  0.975 0.025 
1284   HRV1AT    (0)   11 :  0.992 0.008 
1285   HRV1C1    (0)   11 :  0.993 0.007 
1286   HRV1CL    (0)   11 :  0.989 0.011 
1287   HRV1E1    (0)   11 :  0.990 0.010 
1288   HRV1E7    (0)   11 :  0.992 0.008 
1289   HRV1EE    (0)   11 :  0.993 0.007 
1290   HRV1ET    (0)   11 :  0.993 0.007 
1291   h00111    (0)   12 :  0.986 0.014 
1292   h00211    (0)   12 :  0.993 0.007 
1293   h00311    (0)   12 :  0.984 0.016 
1294   h00411    (0)   12 :  0.993 0.007 
1295   h00511    (0)   12 :  0.963 0.037 
1296   h00611    (0)   12 :  0.989 0.011 
1297   h00711    (0)   12 :  0.992 0.008 
1298   h00811    (0)   12 :  0.953 0.047 
1299   h00911    (0)   12 :  0.978 0.022 
1300   h01011    (0)   12 :  0.991 0.009 
1301   h01111    (0)   12 :  0.967 0.033 
1302   h01211    (0)   12 :  0.991 0.009 
1303   h01311    (0)   12 :  0.991 0.009 
1304   h01411    (0)   12 :  0.992 0.008 
1305   h01511    (0)   12 :  0.983 0.017 
1306   h01611    (0)   12 :  0.992 0.008 
1307   h01711    (0)   12 :  0.992 0.008 
1308   h01811    (0)   12 :  0.987 0.013 
1309   h01911    (0)   12 :  0.977 0.023 
1310   h02011    (0)   12 :  0.986 0.014 
1311   h02111    (0)   12 :  0.946 0.054 
1312   h02211    (0)   12 :  0.993 0.007 
1313   h02311    (0)   12 :  0.991 0.009 
1314   h02411    (0)   12 :  0.994 0.006 
1315   h02511    (0)   12 :  0.992 0.008 
1316   h02611    (0)   12 :  0.980 0.020 
1317   h02711    (0)   12 :  0.989 0.011 
1318   h02811    (0)   12 :  0.987 0.013 
1319   h02911    (0)   12 :  0.993 0.007 
1320   h03011    (0)   12 :  0.994 0.006 
1321   h03111    (0)   12 :  0.978 0.022 
1322   h03211    (0)   12 :  0.982 0.018 
1323   h03311    (0)   12 :  0.989 0.011 
1324   h03411    (0)   12 :  0.991 0.009 
1325   h03511    (0)   12 :  0.986 0.014 
1326   h03611    (0)   12 :  0.972 0.028 
1327   h03711    (0)   12 :  0.991 0.009 
1328   h03811    (0)   12 :  0.989 0.011 
1329   h03911    (0)   12 :  0.970 0.030 
1330   h04011    (0)   12 :  0.973 0.027 
1331   h04111    (0)   12 :  0.988 0.012 
1332   h04211    (0)   12 :  0.991 0.009 
1333   h04311    (0)   12 :  0.992 0.008 
1334   h04411    (0)   12 :  0.979 0.021 
1335   h04511    (0)   12 :  0.991 0.009 
1336   h04611    (0)   12 :  0.993 0.007 
1337   h04711    (0)   12 :  0.987 0.013 
1338   h04811    (0)   12 :  0.991 0.009 
1339   h04911    (0)   12 :  0.990 0.010 
1340   h05011    (0)   12 :  0.990 0.010 
1341   h05111    (0)   12 :  0.988 0.012 
1342   h05211    (0)   12 :  0.989 0.011 
1343   h05311    (0)   12 :  0.987 0.013 
1344   h05411    (0)   12 :  0.986 0.014 
1345   h05511    (0)   12 :  0.950 0.050 
1346   h05611    (0)   12 :  0.965 0.035 
1347   h05711    (0)   12 :  0.989 0.011 
1348   h05811    (0)   12 :  0.992 0.008 
1349   h05911    (0)   12 :  0.990 0.010 
1350   h06011    (0)   12 :  0.989 0.011 
1351   h06111    (0)   12 :  0.990 0.010 
1352   h06211    (0)   12 :  0.984 0.016 
1353   h06311    (0)   12 :  0.993 0.007 
1354   h06411    (0)   12 :  0.983 0.017 
1355   h06511    (0)   12 :  0.988 0.012 
1356   h06611    (0)   12 :  0.994 0.006 
1357   h06711    (0)   12 :  0.991 0.009 
1358   h06811    (0)   12 :  0.993 0.007 
1359   h06911    (0)   12 :  0.987 0.013 
1360   h07011    (0)   12 :  0.991 0.009 
1361   h07111    (0)   12 :  0.986 0.014 
1362   h07211    (0)   12 :  0.992 0.008 
1363   h07311    (0)   12 :  0.967 0.033 
1364   h07411    (0)   12 :  0.992 0.008 
1365   h07511    (0)   12 :  0.979 0.021 
1366   h07611    (0)   12 :  0.993 0.007 
1367   h07711    (0)   12 :  0.992 0.008 
1368   h07811    (0)   12 :  0.991 0.009 
1369   h07911    (0)   12 :  0.986 0.014 
1370   h08011    (0)   12 :  0.987 0.013 
1371   h08111    (0)   12 :  0.981 0.019 
1372   h08211    (0)   12 :  0.986 0.014 
1373   h08311    (0)   12 :  0.993 0.007 
1374   h08411    (0)   12 :  0.990 0.010 
1375   h08511    (0)   12 :  0.985 0.015 
1376   h08611    (0)   12 :  0.993 0.007 
1377   h08711    (0)   12 :  0.989 0.011 
1378   h08811    (0)   12 :  0.989 0.011 
1379   h08911    (0)   12 :  0.992 0.008 
1380   h09011    (0)   12 :  0.981 0.019 
1381   h09111    (0)   12 :  0.926 0.074 
1382   h09211    (0)   12 :  0.976 0.024 
1383   h09311    (0)   12 :  0.994 0.006 
1384   h09411    (0)   12 :  0.982 0.018 
1385   h09511    (0)   12 :  0.988 0.012 
1386   h09611    (0)   12 :  0.983 0.017 
1387   h09711    (0)   12 :  0.986 0.014 
1388   h09811    (0)   12 :  0.991 0.009 
1389   h09911    (0)   12 :  0.992 0.008 
1390   h10011    (0)   12 :  0.980 0.020 
1391    h1011    (0)   12 :  0.957 0.043 
1392    h1021    (0)   12 :  0.983 0.017 
1393    h1031    (0)   12 :  0.993 0.007 
1394    h1041    (0)   12 :  0.994 0.006 
1395    h1051    (0)   12 :  0.992 0.008 
1396    h1061    (0)   12 :  0.990 0.010 
1397    h1071    (0)   12 :  0.993 0.007 
1398    h1081    (0)   12 :  0.992 0.008 
1399    h1091    (0)   12 :  0.988 0.012 
1400    h1101    (0)   12 :  0.990 0.010 
1401    h1111    (0)   12 :  0.993 0.007 
1402    h1121    (0)   12 :  0.987 0.013 
1403    h1131    (0)   12 :  0.946 0.054 
1404    h1141    (0)   12 :  0.958 0.042 
1405    h1151    (0)   12 :  0.993 0.007 
1406    h1161    (0)   12 :  0.992 0.008 
1407    h1171    (0)   12 :  0.992 0.008 
1408    h1181    (0)   12 :  0.978 0.022 
1409    h1191    (0)   12 :  0.992 0.008 
1410    h1201    (0)   12 :  0.984 0.016 
1411    h1211    (0)   12 :  0.989 0.011 
1412    h1221    (0)   12 :  0.993 0.007 
1413    h1231    (0)   12 :  0.991 0.009 
1414    h1241    (0)   12 :  0.991 0.009 
1415    h1251    (0)   12 :  0.981 0.019 
1416    h1261    (0)   12 :  0.982 0.018 
1417    h1271    (0)   12 :  0.993 0.007 
1418    h1281    (0)   12 :  0.991 0.009 
1419    h1291    (0)   12 :  0.986 0.014 
1420    h1301    (0)   12 :  0.989 0.011 
1421    h1311    (0)   12 :  0.986 0.014 
1422    h1321    (0)   12 :  0.990 0.010 
1423    h1331    (0)   12 :  0.992 0.008 
1424    h1341    (0)   12 :  0.994 0.006 
1425    h1351    (0)   12 :  0.988 0.012 
1426    h1361    (0)   12 :  0.968 0.032 
1427    h1371    (0)   12 :  0.990 0.010 
1428    h1381    (0)   12 :  0.993 0.007 
1429    h1391    (0)   12 :  0.983 0.017 
1430    h1401    (0)   12 :  0.991 0.009 
1431    h1411    (0)   12 :  0.990 0.010 
1432    h1421    (0)   12 :  0.988 0.012 
1433    h1431    (0)   12 :  0.989 0.011 
1434    h1441    (0)   12 :  0.983 0.017 
1435    h1451    (0)   12 :  0.994 0.006 
1436    h1461    (0)   12 :  0.980 0.020 
1437    h1471    (0)   12 :  0.978 0.022 
1438    h1481    (0)   12 :  0.993 0.007 
1439    h1491    (0)   12 :  0.992 0.008 
1440    h1501    (0)   12 :  0.983 0.017 
1441    h1511    (0)   12 :  0.989 0.011 
1442    h1521    (0)   12 :  0.987 0.013 
1443    h1531    (0)   12 :  0.993 0.007 
1444    h1541    (0)   12 :  0.982 0.018 
1445    h1551    (0)   12 :  0.991 0.009 
1446    h1561    (0)   12 :  0.991 0.009 
1447    h1571    (0)   12 :  0.954 0.046 
1448    h1581    (0)   12 :  0.991 0.009 
1449    h1591    (0)   12 :  0.986 0.014 
1450    h1601    (0)   12 :  0.988 0.012 
1451    h1611    (0)   12 :  0.988 0.012 
1452    h1621    (0)   12 :  0.992 0.008 
1453    h1631    (0)   12 :  0.993 0.007 
1454    h1641    (0)   12 :  0.988 0.012 
1455    h1651    (0)   12 :  0.991 0.009 
1456    h1661    (0)   12 :  0.990 0.010 
1457    h1671    (0)   12 :  0.979 0.021 
1458    h1681    (0)   12 :  0.993 0.007 
1459    h1691    (0)   12 :  0.990 0.010 
1460    h1701    (0)   12 :  0.982 0.018 
1461    h1711    (0)   12 :  0.992 0.008 
1462    h1721    (0)   12 :  0.991 0.009 
1463    h1731    (0)   12 :  0.994 0.006 
1464    h1741    (0)   12 :  0.988 0.012 
1465    h1751    (0)   12 :  0.982 0.018 
1466    h1761    (0)   12 :  0.989 0.011 
1467    h1771    (0)   12 :  0.983 0.017 
1468    h1781    (0)   12 :  0.963 0.037 
1469    h1791    (0)   12 :  0.989 0.011 
1470    h1801    (0)   12 :  0.988 0.012 
1471    h1811    (0)   12 :  0.986 0.014 
1472    h1821    (0)   12 :  0.993 0.007 
1473    h1831    (0)   12 :  0.992 0.008 
1474    h1841    (0)   12 :  0.985 0.015 
1475    h1851    (0)   12 :  0.987 0.013 
1476    h1861    (0)   12 :  0.975 0.025 
1477    h1871    (0)   12 :  0.991 0.009 
1478    h1881    (0)   12 :  0.993 0.007 
1479    h1891    (0)   12 :  0.990 0.010 
1480    h1901    (0)   12 :  0.988 0.012 
1481    h1911    (0)   12 :  0.986 0.014 
1482    h1921    (0)   12 :  0.982 0.018 
1483    h1931    (0)   12 :  0.988 0.012 
1484    h1941    (0)   12 :  0.986 0.014 
1485    h1951    (0)   12 :  0.994 0.006 
1486    h1961    (0)   12 :  0.960 0.040 
1487    h1971    (0)   12 :  0.992 0.008 
1488    h1981    (0)   12 :  0.989 0.011 
1489    h1991    (0)   12 :  0.993 0.007 
1490    h2001    (0)   12 :  0.983 0.017 
1491    h2011    (0)   12 :  0.986 0.014 
1492    h2021    (0)   12 :  0.987 0.013 
1493    h2031    (0)   12 :  0.988 0.012 
1494    h2041    (0)   12 :  0.989 0.011 
1495    h2051    (0)   12 :  0.992 0.008 
1496    h2061    (0)   12 :  0.985 0.015 
1497    h2071    (0)   12 :  0.963 0.037 
1498    h2081    (0)   12 :  0.988 0.012 
1499    h2091    (0)   12 :  0.993 0.007 
1500    h2101    (0)   12 :  0.992 0.008 
1501    h2111    (0)   12 :  0.991 0.009 
1502    h2121    (0)   12 :  0.990 0.010 
1503    h2131    (0)   12 :  0.985 0.015 
1504    h2141    (0)   12 :  0.992 0.008 
1505    h2151    (0)   12 :  0.987 0.013 
1506    h2161    (0)   12 :  0.989 0.011 
1507    h2171    (0)   12 :  0.991 0.009 
1508    h2181    (0)   12 :  0.991 0.009 
1509    h2191    (0)   12 :  0.991 0.009 
1510    h2201    (0)   12 :  0.993 0.007 
1511    h2211    (0)   12 :  0.987 0.013 
1512    h2221    (0)   12 :  0.983 0.017 
1513    h2231    (0)   12 :  0.990 0.010 
1514    h2241    (0)   12 :  0.988 0.012 
1515    h2251    (0)   12 :  0.988 0.012 
1516    h2261    (0)   12 :  0.992 0.008 
1517    h2271    (0)   12 :  0.992 0.008 
1518    h2281    (0)   12 :  0.992 0.008 
1519    h2291    (0)   12 :  0.853 0.147 
1520    h2301    (0)   12 :  0.993 0.007 
1521    h2311    (0)   12 :  0.983 0.017 
1522    h2321    (0)   12 :  0.991 0.009 
1523    h2331    (0)   12 :  0.993 0.007 
1524    h2341    (0)   12 :  0.990 0.010 
1525    h2351    (0)   12 :  0.990 0.010 
1526    h2361    (0)   12 :  0.983 0.017 
1527    h2371    (0)   12 :  0.992 0.008 
1528    h2381    (0)   12 :  0.984 0.016 
1529    h2391    (0)   12 :  0.984 0.016 
1530    h2401    (0)   12 :  0.983 0.017 
1531    h2411    (0)   12 :  0.992 0.008 
1532    h2421    (0)   12 :  0.982 0.018 
1533    h2431    (0)   12 :  0.976 0.024 
1534    h2441    (0)   12 :  0.981 0.019 
1535    h2451    (0)   12 :  0.988 0.012 
1536    h2461    (0)   12 :  0.985 0.015 
1537    h2471    (0)   12 :  0.991 0.009 
1538    h2481    (0)   12 :  0.989 0.011 
1539    h2491    (0)   12 :  0.989 0.011 
1540    h2501    (0)   12 :  0.991 0.009 
1541    h2511    (0)   12 :  0.979 0.021 
1542    h2521    (0)   12 :  0.992 0.008 
1543    h2531    (0)   12 :  0.989 0.011 
1544    h2541    (0)   12 :  0.990 0.010 
1545    h2551    (0)   12 :  0.980 0.020 
1546    h2561    (0)   12 :  0.962 0.038 
1547    h2571    (0)   12 :  0.993 0.007 
1548    h2581    (0)   12 :  0.988 0.012 
1549    h2591    (0)   12 :  0.976 0.024 
1550    h2601    (0)   12 :  0.994 0.006 


Estimated Allele Frequencies in each cluster
First column gives estimated ancestral frequencies


Locus 1 : Cl147 
22 alleles
0.0% missing data
  45   (0.087) 0.006 0.157 
  69   (0.092) 0.235 0.084 
  73   (0.122) 0.118 0.175 
  77   (0.082) 0.013 0.116 
  56   (0.071) 0.047 0.064 
  65   (0.050) 0.209 0.018 
  41   (0.057) 0.000 0.162 
  52   (0.083) 0.018 0.111 
  48   (0.041) 0.006 0.017 
  81   (0.022) 0.000 0.010 
  49   (0.051) 0.007 0.038 
  60   (0.045) 0.004 0.027 
  84   (0.026) 0.002 0.003 
  89   (0.018) 0.000 0.004 
  61   (0.037) 0.013 0.011 
  44   (0.022) 0.245 0.001 
  68   (0.021) 0.065 0.001 
  85   (0.015) 0.002 0.001 
 801   (0.014) 0.004 0.000 
  72   (0.014) 0.003 0.000 
  80   (0.013) 0.001 0.000 
  40   (0.014) 0.002 0.000 

Locus 2 : Cl233 
31 alleles
0.0% missing data
  63   (0.101) 0.182 0.172 
  85   (0.053) 0.008 0.060 
  73   (0.030) 0.000 0.044 
  79   (0.033) 0.000 0.057 
  71   (0.076) 0.035 0.128 
  77   (0.027) 0.000 0.032 
  75   (0.039) 0.001 0.052 
  67   (0.078) 0.206 0.094 
  55   (0.062) 0.352 0.047 
  59   (0.050) 0.186 0.029 
  81   (0.042) 0.000 0.104 
  83   (0.024) 0.000 0.021 
  93   (0.020) 0.000 0.009 
 101   (0.019) 0.000 0.007 
  69   (0.022) 0.000 0.015 
  51   (0.042) 0.014 0.025 
 100   (0.022) 0.000 0.016 
  92   (0.020) 0.000 0.007 
1121   (0.017) 0.000 0.005 
1001   (0.019) 0.000 0.007 
  89   (0.023) 0.000 0.018 
 711   (0.015) 0.000 0.003 
 116   (0.021) 0.000 0.006 
  80   (0.017) 0.000 0.004 
  43   (0.018) 0.000 0.006 
  84   (0.016) 0.000 0.003 
  88   (0.030) 0.002 0.014 
 104   (0.020) 0.000 0.009 
  97   (0.018) 0.000 0.007 
  35   (0.014) 0.011 0.000 
 791   (0.012) 0.000 0.001 

Locus 3 : Cl264 
26 alleles
0.1% missing data
  65   (0.081) 0.143 0.104 
 651   (0.095) 0.039 0.189 
 691   (0.093) 0.087 0.154 
  57   (0.029) 0.018 0.005 
  61   (0.036) 0.180 0.009 
 731   (0.049) 0.002 0.079 
 811   (0.029) 0.000 0.033 
 611   (0.054) 0.042 0.043 
  69   (0.087) 0.225 0.110 
  77   (0.043) 0.014 0.026 
  49   (0.034) 0.000 0.046 
  45   (0.018) 0.000 0.006 
 491   (0.029) 0.010 0.006 
 571   (0.019) 0.000 0.008 
 771   (0.036) 0.000 0.066 
  89   (0.025) 0.000 0.024 
 652   (0.022) 0.000 0.013 
  53   (0.041) 0.141 0.014 
  73   (0.050) 0.054 0.035 
  80   (0.022) 0.000 0.010 
 531   (0.028) 0.008 0.005 
 693   (0.015) 0.000 0.002 
  93   (0.016) 0.000 0.003 
  85   (0.019) 0.000 0.008 
  37   (0.016) 0.032 0.000 
 692   (0.013) 0.003 0.000 

Locus 4 : Cl274 
8 alleles
0.0% missing data
  61   (0.396) 0.336 0.474 
  57   (0.198) 0.490 0.160 
  65   (0.157) 0.060 0.161 
  53   (0.071) 0.003 0.058 
  69   (0.058) 0.001 0.072 
  73   (0.041) 0.000 0.038 
  49   (0.058) 0.002 0.036 
  45   (0.021) 0.108 0.001 

Locus 5 : Cl285 
36 alleles
0.1% missing data
  75   (0.079) 0.248 0.125 
  71   (0.094) 0.210 0.192 
 631   (0.027) 0.000 0.042 
  67   (0.082) 0.274 0.127 
  63   (0.049) 0.002 0.100 
  79   (0.054) 0.039 0.069 
 792   (0.034) 0.001 0.056 
 671   (0.051) 0.067 0.049 
 831   (0.046) 0.028 0.039 
 752   (0.048) 0.005 0.069 
  55   (0.019) 0.000 0.006 
1401   (0.016) 0.000 0.004 
  59   (0.036) 0.013 0.018 
 712   (0.026) 0.000 0.036 
 833   (0.019) 0.000 0.011 
1322   (0.018) 0.000 0.007 
 136   (0.029) 0.002 0.011 
 164   (0.017) 0.000 0.007 
 872   (0.016) 0.000 0.004 
1282   (0.013) 0.000 0.001 
 148   (0.016) 0.000 0.005 
 144   (0.019) 0.000 0.008 
 119   (0.014) 0.000 0.002 
1402   (0.016) 0.000 0.005 
1441   (0.016) 0.005 0.001 
 751   (0.017) 0.044 0.001 
 132   (0.018) 0.022 0.001 
 711   (0.013) 0.004 0.000 
 832   (0.013) 0.003 0.000 
 791   (0.013) 0.011 0.000 
1361   (0.013) 0.010 0.000 
  87   (0.012) 0.001 0.000 
1281   (0.012) 0.005 0.000 
 124   (0.012) 0.001 0.000 
1321   (0.012) 0.003 0.000 
 140   (0.012) 0.002 0.000 

Locus 6 : Cl291 
20 alleles
0.3% missing data
 641   (0.070) 0.023 0.057 
  72   (0.109) 0.197 0.102 
 682   (0.037) 0.000 0.045 
 801   (0.039) 0.000 0.046 
 681   (0.111) 0.007 0.207 
  76   (0.107) 0.092 0.116 
 722   (0.065) 0.001 0.142 
 601   (0.030) 0.001 0.011 
  80   (0.049) 0.001 0.061 
 761   (0.039) 0.076 0.007 
 762   (0.046) 0.000 0.065 
 721   (0.080) 0.096 0.060 
  84   (0.041) 0.001 0.047 
  64   (0.049) 0.319 0.013 
  68   (0.039) 0.163 0.007 
 843   (0.018) 0.000 0.003 
 881   (0.022) 0.000 0.007 
 763   (0.016) 0.019 0.000 
 803   (0.019) 0.002 0.002 
  60   (0.014) 0.001 0.000 

Locus 7 : Cl308 
52 alleles
0.0% missing data
  72   (0.057) 0.132 0.150 
  64   (0.042) 0.172 0.053 
  68   (0.055) 0.483 0.100 
 103   (0.018) 0.000 0.022 
  80   (0.036) 0.017 0.047 
  76   (0.053) 0.119 0.114 
1151   (0.017) 0.000 0.014 
 123   (0.020) 0.000 0.021 
 115   (0.021) 0.000 0.036 
  83   (0.020) 0.000 0.020 
1231   (0.020) 0.000 0.012 
1192   (0.014) 0.000 0.006 
 131   (0.023) 0.001 0.024 
1191   (0.014) 0.000 0.005 
 752   (0.016) 0.000 0.011 
 143   (0.016) 0.000 0.009 
  79   (0.020) 0.000 0.030 
 119   (0.017) 0.000 0.017 
1431   (0.020) 0.000 0.029 
1112   (0.022) 0.000 0.041 
1193   (0.016) 0.000 0.011 
1591   (0.014) 0.000 0.005 
1232   (0.013) 0.000 0.003 
 139   (0.015) 0.000 0.008 
1111   (0.015) 0.000 0.009 
 127   (0.013) 0.000 0.003 
1391   (0.018) 0.000 0.018 
 121   (0.015) 0.000 0.007 
1313   (0.013) 0.000 0.003 
1113   (0.015) 0.000 0.006 
  87   (0.028) 0.001 0.050 
1031   (0.014) 0.000 0.006 
 155   (0.015) 0.000 0.008 
1312   (0.016) 0.000 0.010 
1272   (0.015) 0.000 0.009 
 151   (0.013) 0.000 0.003 
1351   (0.013) 0.000 0.003 
 135   (0.015) 0.000 0.007 
1432   (0.013) 0.000 0.003 
1152   (0.016) 0.000 0.011 
1271   (0.017) 0.000 0.014 
1311   (0.014) 0.000 0.005 
1472   (0.013) 0.000 0.004 
 137   (0.013) 0.000 0.003 
  88   (0.014) 0.000 0.006 
  60   (0.022) 0.025 0.004 
 712   (0.016) 0.000 0.012 
1071   (0.013) 0.000 0.004 
 751   (0.014) 0.038 0.001 
 107   (0.012) 0.001 0.001 
  71   (0.011) 0.005 0.000 
  67   (0.011) 0.003 0.000 

Locus 8 : Cl330 
25 alleles
1.4% missing data
  52   (0.140) 0.050 0.314 
 601   (0.083) 0.025 0.126 
  40   (0.079) 0.046 0.100 
  72   (0.041) 0.006 0.023 
  56   (0.084) 0.016 0.141 
 481   (0.059) 0.200 0.035 
  61   (0.033) 0.000 0.044 
  80   (0.016) 0.000 0.002 
 681   (0.039) 0.004 0.018 
  64   (0.056) 0.004 0.066 
  57   (0.022) 0.000 0.009 
  75   (0.022) 0.000 0.009 
  71   (0.023) 0.000 0.011 
  28   (0.049) 0.226 0.017 
  65   (0.027) 0.000 0.017 
 441   (0.048) 0.058 0.023 
  36   (0.029) 0.000 0.026 
  79   (0.018) 0.000 0.005 
  73   (0.018) 0.000 0.005 
 602   (0.015) 0.000 0.002 
  67   (0.027) 0.030 0.003 
  48   (0.022) 0.125 0.001 
  44   (0.022) 0.177 0.001 
 521   (0.015) 0.021 0.000 
  62   (0.014) 0.009 0.000 

Locus 9 : Cl344 
15 alleles
3.5% missing data
  56   (0.269) 0.065 0.439 
  60   (0.192) 0.072 0.255 
  48   (0.020) 0.000 0.004 
  76   (0.031) 0.000 0.016 
  64   (0.147) 0.416 0.118 
  72   (0.084) 0.016 0.071 
 761   (0.020) 0.000 0.004 
 641   (0.038) 0.000 0.028 
  68   (0.067) 0.035 0.036 
 601   (0.030) 0.000 0.019 
  52   (0.029) 0.297 0.002 
 681   (0.019) 0.000 0.004 
 721   (0.019) 0.000 0.004 
 561   (0.018) 0.061 0.000 
 521   (0.017) 0.036 0.000 

Locus 10 : Cl366 
8 alleles
0.1% missing data
  80   (0.299) 0.428 0.315 
  92   (0.039) 0.000 0.037 
  76   (0.222) 0.212 0.231 
  88   (0.066) 0.000 0.118 
  84   (0.135) 0.060 0.127 
  72   (0.188) 0.292 0.166 
  64   (0.034) 0.007 0.004 
  68   (0.018) 0.001 0.002 

Locus 11 : Cl375 
15 alleles
0.0% missing data
 491   (0.099) 0.089 0.102 
  53   (0.200) 0.416 0.272 
 612   (0.060) 0.020 0.040 
  57   (0.171) 0.116 0.264 
  45   (0.065) 0.102 0.036 
  61   (0.133) 0.152 0.163 
 651   (0.045) 0.002 0.031 
  69   (0.027) 0.000 0.018 
 571   (0.054) 0.009 0.034 
  65   (0.034) 0.000 0.029 
  37   (0.018) 0.000 0.004 
 691   (0.030) 0.006 0.004 
 531   (0.032) 0.068 0.004 
  49   (0.018) 0.016 0.001 
 532   (0.015) 0.003 0.000 

Locus 12 : Cl408 
13 alleles
0.1% missing data
  62   (0.228) 0.074 0.319 
  74   (0.046) 0.000 0.053 
  50   (0.057) 0.274 0.015 
  58   (0.126) 0.111 0.109 
  66   (0.144) 0.011 0.220 
  70   (0.052) 0.000 0.080 
  54   (0.159) 0.146 0.157 
  78   (0.022) 0.000 0.006 
  79   (0.022) 0.000 0.006 
  75   (0.067) 0.092 0.028 
  82   (0.018) 0.000 0.002 
  46   (0.030) 0.271 0.002 
  34   (0.028) 0.021 0.002 

Locus 13 : Cl507 
22 alleles
0.0% missing data
  70   (0.084) 0.074 0.080 
  94   (0.041) 0.001 0.033 
  74   (0.054) 0.002 0.070 
  54   (0.062) 0.059 0.038 
  82   (0.083) 0.001 0.224 
  90   (0.060) 0.009 0.050 
  86   (0.053) 0.001 0.088 
 701   (0.021) 0.000 0.008 
  78   (0.050) 0.001 0.079 
  62   (0.094) 0.288 0.076 
 741   (0.036) 0.000 0.046 
  66   (0.113) 0.328 0.111 
 661   (0.027) 0.000 0.018 
  58   (0.051) 0.152 0.018 
  98   (0.030) 0.001 0.017 
 781   (0.026) 0.000 0.017 
 141   (0.026) 0.000 0.011 
 102   (0.024) 0.000 0.011 
 106   (0.017) 0.000 0.003 
  50   (0.017) 0.020 0.000 
 621   (0.017) 0.055 0.000 
 702   (0.015) 0.008 0.000 

Locus 14 : Cl527 
29 alleles
0.0% missing data
  62   (0.087) 0.043 0.115 
 622   (0.016) 0.000 0.002 
 461   (0.035) 0.010 0.010 
  82   (0.020) 0.000 0.005 
 661   (0.057) 0.001 0.150 
  70   (0.038) 0.000 0.072 
 581   (0.058) 0.018 0.051 
 701   (0.039) 0.000 0.078 
 501   (0.029) 0.000 0.030 
  66   (0.095) 0.148 0.111 
 741   (0.029) 0.000 0.029 
  58   (0.079) 0.019 0.109 
 541   (0.036) 0.000 0.066 
  74   (0.026) 0.006 0.003 
 621   (0.043) 0.000 0.093 
  78   (0.020) 0.000 0.008 
 781   (0.033) 0.004 0.011 
 462   (0.025) 0.000 0.016 
  67   (0.022) 0.000 0.011 
  54   (0.033) 0.212 0.005 
  50   (0.048) 0.204 0.017 
  63   (0.018) 0.000 0.004 
  46   (0.017) 0.106 0.000 
  42   (0.017) 0.164 0.000 
  65   (0.016) 0.012 0.000 
  61   (0.022) 0.042 0.001 
  57   (0.016) 0.011 0.000 
  26   (0.013) 0.000 0.001 
  53   (0.013) 0.001 0.000 

Locus 15 : Cl380 
21 alleles
3.0% missing data
 671   (0.101) 0.147 0.117 
 672   (0.103) 0.167 0.117 
 751   (0.048) 0.005 0.034 
  71   (0.041) 0.000 0.066 
  79   (0.173) 0.475 0.248 
  75   (0.089) 0.032 0.118 
 711   (0.051) 0.000 0.127 
  67   (0.024) 0.000 0.013 
 791   (0.023) 0.000 0.011 
 591   (0.040) 0.012 0.014 
 552   (0.035) 0.000 0.042 
 792   (0.028) 0.000 0.016 
 593   (0.029) 0.000 0.021 
  59   (0.043) 0.010 0.020 
 631   (0.029) 0.037 0.003 
 833   (0.037) 0.006 0.012 
 712   (0.021) 0.000 0.008 
  63   (0.041) 0.036 0.013 
 551   (0.017) 0.060 0.000 
 592   (0.014) 0.005 0.000 
 632   (0.014) 0.006 0.000 

Locus 16 : Lup02 
6 alleles
0.1% missing data
  56   (0.503) 0.660 0.523 
  60   (0.185) 0.054 0.198 
  52   (0.154) 0.206 0.112 
  48   (0.115) 0.003 0.160 
 561   (0.023) 0.000 0.006 
  64   (0.021) 0.076 0.001 

Locus 17 : Lup13 
5 alleles
0.0% missing data
  57   (0.299) 0.622 0.246 
  61   (0.398) 0.226 0.445 
  65   (0.079) 0.001 0.122 
  53   (0.207) 0.148 0.186 
  69   (0.018) 0.002 0.001 

Locus 18 : Lup20 
9 alleles
0.8% missing data
  56   (0.479) 0.218 0.638 
 601   (0.073) 0.001 0.112 
  60   (0.171) 0.431 0.123 
  68   (0.071) 0.201 0.024 
  64   (0.107) 0.073 0.073 
  72   (0.025) 0.000 0.008 
 681   (0.020) 0.000 0.004 
 641   (0.031) 0.000 0.016 
  52   (0.023) 0.076 0.001 

Locus 19 : Lup21 
11 alleles
0.1% missing data
  41   (0.285) 0.090 0.381 
  57   (0.238) 0.100 0.285 
  53   (0.178) 0.408 0.138 
  37   (0.033) 0.000 0.014 
  45   (0.092) 0.001 0.158 
 531   (0.019) 0.000 0.003 
 611   (0.042) 0.042 0.007 
 491   (0.022) 0.000 0.006 
  49   (0.042) 0.207 0.006 
 612   (0.023) 0.049 0.001 
  61   (0.026) 0.102 0.001 

Locus 20 : Lup23 
6 alleles
0.0% missing data
  59   (0.262) 0.322 0.203 
  63   (0.631) 0.158 0.776 
  67   (0.034) 0.000 0.018 
  55   (0.025) 0.507 0.001 
 671   (0.030) 0.011 0.002 
  51   (0.017) 0.002 0.000 

Values of parameters used in structure:
DATAFILE=/home/eva.pavlovic/data_job_4a2_9_4,	OUTFILE=/home/eva.pavlovic/ParallelStructure/26_results_20MS/4a2_Croatia_high_numbers/4a2_Croatia_high_numbers_9/results_job_4a2_9_4,	NUMINDS=1550,	NUMLOCI=20,	MISSING=-9,	LABEL=1,	POPDATA=1,	POPFLAG=0,	PHENOTYPE=0,	EXTRACOLS=0,	MAXPOPS=2,	BURNIN=300000,	NUMREPS=3000000,	USEPOPINFO=0,	INFERALPHA=1,	INFERLAMBDA=0,	POPSPECIFICLAMBDA=0,	POPALPHAS=0,	COMPUTEPROB=1,	NOADMIX=0,	ADMBURNIN=2500,	UPDATEFREQ=1,	PRINTLIKES=0,	INTERMEDSAVE=0,	PRINTKLD=0,	PRINTNET=0,	PRINTLAMBDA=0,	ANCESTDIST=0,	NUMBOXES=1000,	ANCESTPINT=0.90000,	GENSBACK=2,	MIGRPRIOR=0.05000,	PRINTQHAT=1,	PRINTQSUM=0,	ALPHA=1.0000,	FREQSCORR=1,	FPRIORMEAN=0.0100,	FPRIORSD=0.0500,	ONEFST=0,	LAMBDA=1.0000,	UNIFPRIORALPHA=1,	ALPHAMAX=10.0000,	ALPHAPRIORA=1.0000,	ALPHAPRIORB=2.0000,	ALPHAPROPSD=0.0250,	STARTATPOPINFO=0,	RANDOMIZE=1,	LINKAGE=0,	METROFREQ=10,	REPORTHITRATE=0,	MARKOVPHASE=-1,	PHASED=0,	PLOIDY=2,	PHASEINFO=0	LOCPRIOR=0, 	LOCPRIORINIT=1.000000, 	LOCDATA=0, 	LOCISPOP=0, 	LOCPRIORSTEP=0.100000, 	MAXLOCPRIOR=20.000000, 	SEED=1772676693,	
[STRAT parameters]:    NUMSIMSTATS=1000,	PHENOTYPECOL=-9,	POOLFREQ=10,	LOCUSxONLY=0,	EMERROR=0.00100,	MISSINGPHENO=-9,	