1:	0.9704 0.0098 0.0067 0.0058 0.0074 	100
2:	0.9689 0.0074 0.0081 0.0082 0.0074 	200
3:	0.4104 0.0100 0.5102 0.0215 0.0479 	6
4:	0.4492 0.0112 0.4923 0.0258 0.0216 	100
5:	0.4771 0.0130 0.4690 0.0109 0.0299 	100
6:	0.4840 0.0087 0.0135 0.4839 0.0099 	100
7:	0.4667 0.5063 0.0106 0.0068 0.0096 	100
8:	0.4613 0.0107 0.0190 0.0148 0.4942 	100
9:	0.0155 0.0190 0.8564 0.0045 0.1046 	2
10:	0.1457 0.0114 0.8002 0.0271 0.0156 	100
11:	0.1582 0.0192 0.7853 0.0113 0.0261 	100
12:	0.1951 0.0127 0.0147 0.7683 0.0092 	100
13:	0.2281 0.7480 0.0096 0.0062 0.0081 	100
14:	0.1793 0.0136 0.0220 0.0129 0.7723 	100
15:	0.0421 0.0194 0.8783 0.0170 0.0432 	42
16:	0.0441 0.0073 0.9083 0.0250 0.0153 	100
17:	0.0529 0.0245 0.8881 0.0081 0.0264 	100
18:	0.0703 0.0126 0.0132 0.8916 0.0122 	100
19:	0.0905 0.8818 0.0107 0.0079 0.0090 	100
20:	0.0559 0.0145 0.0205 0.0113 0.8977 	100
21:	0.0043 0.0175 0.9174 0.0382 0.0227 	105
22:	0.0070 0.0089 0.9501 0.0206 0.0134 	240
23:	0.0073 0.0188 0.9107 0.0129 0.0504 	68
24:	0.0057 0.0161 0.9515 0.0078 0.0189 	31
25:	0.0053 0.0176 0.9494 0.0092 0.0185 	125
26:	0.0063 0.0195 0.9466 0.0073 0.0202 	53
27:	0.0089 0.0227 0.9422 0.0062 0.0201 	125
28:	0.0030 0.0036 0.0044 0.9854 0.0037 	28
29:	0.0027 0.0035 0.0036 0.9863 0.0038 	300
30:	0.0031 0.9834 0.0038 0.0034 0.0063 	27
31:	0.0030 0.9849 0.0035 0.0035 0.0051 	300
32:	0.0036 0.0090 0.0084 0.0075 0.9715 	40
33:	0.0035 0.0092 0.0073 0.0070 0.9730 	300
