

----------------------------------------------------
STRUCTURE by Pritchard, Stephens and Donnelly (2000)
     and Falush, Stephens and Pritchard (2003)
       Code by Pritchard, Falush and Hubisz
             Version 2.3.4 (Jul 2012)
----------------------------------------------------



Command line arguments:   /home/eva.pavlovic/Structure/structure -m parameter_job_B2 
Input File:    /home/eva.pavlovic/ParallelStructure/25_Results/250422_Structure_Microsat_testni_250422/data_job_B2

Run parameters:
   419 individuals
   20 loci
   2 populations assumed
   300000 Burn-in period
   3000000 Reps


--------------------------------------------
Proportion of membership of each pre-defined
 population in each of the 2 clusters

Given    Inferred Clusters       Number of
 Pop       1      2             Individuals

  1:     0.981  0.019              24
  2:     0.876  0.124               6
  3:     0.685  0.315               2
  4:     0.799  0.201              42
  5:     0.129  0.871             105
  6:     0.353  0.647             240
--------------------------------------------

Allele-freq. divergence among pops (Net nucleotide distance),
computed using point estimates of P.

      1       2      
 1      -    0.0438  
 2   0.0438     -    

Average distances (expected heterozygosity) between individuals in same cluster:
cluster  1  : 0.7855 
cluster  2  : 0.7062 

--------------------------------------------
Estimated Ln Prob of Data   = -27586.2
Mean value of ln likelihood = -27373.1
Variance of ln likelihood   = 426.2
Mean value of alpha         = 0.2089

Mean value of Fst_1         = 0.0002
Mean value of Fst_2         = 0.1588


Inferred ancestry of individuals:
        Label (%Miss) Pop:  Inferred clusters
  1    M1EL5    (5)    1 :  0.985 0.015 
  2    W26T6    (5)    1 :  0.984 0.016 
  3    W26XX    (5)    1 :  0.971 0.029 
  4    M013P    (0)    1 :  0.987 0.013 
  5    M1ELA    (0)    1 :  0.962 0.038 
  6    M2C73    (0)    1 :  0.989 0.011 
  7    W23P4    (0)    1 :  0.965 0.035 
  8    W247C    (5)    1 :  0.985 0.015 
  9    W24K1    (0)    1 :  0.986 0.014 
 10    W24ME    (0)    1 :  0.975 0.025 
 11    W2514    (0)    1 :  0.983 0.017 
 12    W26MA    (0)    1 :  0.980 0.020 
 13    W26MM    (0)    1 :  0.986 0.014 
 14    W26MU    (0)    1 :  0.978 0.022 
 15    W26P0    (0)    1 :  0.986 0.014 
 16    W26P3    (0)    1 :  0.987 0.013 
 17    W26T5    (0)    1 :  0.985 0.015 
 18    W26TE    (0)    1 :  0.985 0.015 
 19    W26TF    (0)    1 :  0.987 0.013 
 20    W26U8    (0)    1 :  0.954 0.046 
 21    W26UJ    (0)    1 :  0.986 0.014 
 22    W26UK    (0)    1 :  0.986 0.014 
 23    W26UT    (0)    1 :  0.985 0.015 
 24    W26XT    (0)    1 :  0.987 0.013 
 25   MSV1TX    (5)    2 :  0.803 0.197 
 26   MSV025    (0)    2 :  0.819 0.181 
 27   MSV02C    (0)    2 :  0.926 0.074 
 28   MSV02E    (5)    2 :  0.962 0.038 
 29   MSV0TF    (5)    2 :  0.952 0.048 
 30    M2EL8    (0)    2 :  0.793 0.207 
 31   MSV21T    (0)    3 :  0.630 0.370 
 32    M2E71    (0)    3 :  0.740 0.260 
 33    W23CA   (10)    4 :  0.940 0.060 
 34  AP.085Y    (5)    4 :  0.915 0.085 
 35  CH.0LLY    (5)    4 :  0.984 0.016 
 36    M0LEC    (5)    4 :  0.802 0.198 
 37    M2C3H   (10)    4 :  0.972 0.028 
 38    M2CHL    (5)    4 :  0.989 0.011 
 39    W26P7   (10)    4 :  0.981 0.019 
 40  AP.07M5    (0)    4 :  0.855 0.145 
 41  AP.080U    (0)    4 :  0.952 0.048 
 42  AP.082A    (0)    4 :  0.886 0.114 
 43  AP.0843    (0)    4 :  0.948 0.052 
 44  AP.0844    (0)    4 :  0.968 0.032 
 45  AP.084X    (0)    4 :  0.925 0.075 
 46  AP.086Y    (0)    4 :  0.977 0.023 
 47  AP.0870    (0)    4 :  0.928 0.072 
 48  AP.0878    (0)    4 :  0.982 0.018 
 49  AP.087F    (0)    4 :  0.982 0.018 
 50  AP.087Y    (0)    4 :  0.987 0.013 
 51  AP.088P    (0)    4 :  0.800 0.200 
 52  AP.08AK    (5)    4 :  0.658 0.342 
 53  CH.0LLM    (0)    4 :  0.952 0.048 
 54  CH.0LLU    (0)    4 :  0.947 0.053 
 55  CH.0LM0    (5)    4 :  0.970 0.030 
 56  CH.0LM3    (5)    4 :  0.603 0.397 
 57    W26MY    (0)    4 :  0.949 0.051 
 58    W26P6    (0)    4 :  0.744 0.256 
 59   HRV07U    (0)    4 :  0.860 0.140 
 60   HRV1CT    (0)    4 :  0.779 0.221 
 61   HRV1CU    (0)    4 :  0.112 0.888 
 62   HRV1E6    (0)    4 :  0.637 0.363 
 63   HRV081    (0)    4 :  0.117 0.883 
 64   HRV1E3    (0)    4 :  0.868 0.132 
 65   MSV21E    (0)    4 :  0.611 0.389 
 66   MSV216    (0)    4 :  0.832 0.168 
 67    M0TYK    (0)    4 :  0.730 0.270 
 68   MSV2AA    (0)    4 :  0.422 0.578 
 69  CK.0PET    (0)    4 :  0.938 0.062 
 70    M2E8C    (0)    4 :  0.040 0.960 
 71   MSV23X    (0)    4 :  0.604 0.396 
 72   MSV32A    (0)    4 :  0.679 0.321 
 73  AP.0838    (0)    4 :  0.914 0.086 
 74  AP.088F    (0)    4 :  0.833 0.167 
 75   DAM2HL   (10)    5 :  0.176 0.824 
 76    M2ALK    (0)    5 :  0.161 0.839 
 77    M2E2J    (0)    5 :  0.491 0.509 
 78    M2E73    (0)    5 :  0.148 0.852 
 79    M2E74    (0)    5 :  0.032 0.968 
 80    M2EUJ    (5)    5 :  0.332 0.668 
 81   DAM1XK    (0)    5 :  0.132 0.868 
 82    M2057    (0)    5 :  0.037 0.963 
 83    M2271    (0)    5 :  0.014 0.986 
 84    M27YK    (0)    5 :  0.840 0.160 
 85    M2A1H    (0)    5 :  0.217 0.783 
 86    M2E0P    (0)    5 :  0.026 0.974 
 87    M2E75    (0)    5 :  0.042 0.958 
 88    M2E76    (0)    5 :  0.021 0.979 
 89   MSV0T5    (5)    5 :  0.030 0.970 
 90   MSV241    (0)    5 :  0.045 0.955 
 91   MSV2A0    (0)    5 :  0.030 0.970 
 92   MSV2A1    (0)    5 :  0.014 0.986 
 93   MSV2A8    (0)    5 :  0.053 0.947 
 94   DAM1P5    (0)    5 :  0.014 0.986 
 95    M1084    (0)    5 :  0.122 0.878 
 96   MSV2M4    (5)    5 :  0.037 0.963 
 97   MSV2T6    (5)    5 :  0.094 0.906 
 98    M1UM1    (5)    5 :  0.408 0.592 
 99    M2ECL    (0)    5 :  0.182 0.818 
100    M2EJ0    (0)    5 :  0.074 0.926 
101   MSV20J    (0)    5 :  0.063 0.937 
102   MSV2TK    (0)    5 :  0.165 0.835 
103   MSV2TX    (0)    5 :  0.039 0.961 
104   MSV310    (0)    5 :  0.035 0.965 
105   MSV33F    (0)    5 :  0.026 0.974 
106   DAM35L    (0)    5 :  0.035 0.965 
107    M2E4C    (0)    5 :  0.055 0.945 
108    M2E4H    (0)    5 :  0.174 0.826 
109    M2E65    (0)    5 :  0.025 0.975 
110    M2EEJ    (0)    5 :  0.015 0.985 
111    M2EEP    (5)    5 :  0.076 0.924 
112   MSV1TU    (0)    5 :  0.314 0.686 
113   MSV20M    (0)    5 :  0.038 0.962 
114   MSV223    (0)    5 :  0.391 0.609 
115   MSV22E    (0)    5 :  0.029 0.971 
116   MSV23J    (0)    5 :  0.502 0.498 
117   MSV2K6    (5)    5 :  0.020 0.980 
118   DAM23U    (5)    5 :  0.066 0.934 
119    M2E8A    (5)    5 :  0.023 0.977 
120   MSV2L2    (5)    5 :  0.035 0.965 
121    M1YMH    (5)    5 :  0.093 0.907 
122    M2A84    (5)    5 :  0.229 0.771 
123   MSV23M    (0)    5 :  0.435 0.565 
124  AP.085T    (5)    5 :  0.029 0.971 
125  AP.086J    (0)    5 :  0.716 0.284 
126  AP.08C2    (0)    5 :  0.961 0.039 
127  AP.08CF    (0)    5 :  0.033 0.967 
128  AP.08CX    (0)    5 :  0.017 0.983 
129  AP.08CY    (0)    5 :  0.031 0.969 
130   DAM0JX    (0)    5 :  0.173 0.827 
131   DAM0P4    (0)    5 :  0.272 0.728 
132   DAM0UK    (0)    5 :  0.129 0.871 
133    M2030    (0)    5 :  0.019 0.981 
134   MSV24M    (0)    5 :  0.121 0.879 
135    M20AM    (0)    5 :  0.378 0.622 
136    M21YP    (0)    5 :  0.823 0.177 
137    M2205    (0)    5 :  0.017 0.983 
138    M2206    (0)    5 :  0.023 0.977 
139   MSV267    (0)    5 :  0.085 0.915 
140    M2757    (0)    5 :  0.135 0.865 
141    M27TH    (0)    5 :  0.041 0.959 
142   MSV2JA    (0)    5 :  0.390 0.610 
143   MSV2KU    (0)    5 :  0.021 0.979 
144   MSV2MF    (0)    5 :  0.081 0.919 
145   MSV2TA    (0)    5 :  0.016 0.984 
146   MSV2TE    (0)    5 :  0.016 0.984 
147   MSV2TU    (0)    5 :  0.123 0.877 
148   MSV2UT    (0)    5 :  0.046 0.954 
149   MSV306    (0)    5 :  0.024 0.976 
150   MSV311    (0)    5 :  0.028 0.972 
151   MSV31M    (0)    5 :  0.041 0.959 
152   MSV325    (0)    5 :  0.055 0.945 
153   MSV32H    (0)    5 :  0.050 0.950 
154  CX.112U    (0)    5 :  0.041 0.959 
155   DAM2PC    (0)    5 :  0.533 0.467 
156    M2E48    (0)    5 :  0.027 0.973 
157    M2E7K    (0)    5 :  0.034 0.966 
158    M2E80    (0)    5 :  0.022 0.978 
159    M2EAM    (0)    5 :  0.019 0.981 
160    M2EFF    (0)    5 :  0.021 0.979 
161    M2EFY    (0)    5 :  0.036 0.964 
162    M2EHM    (0)    5 :  0.023 0.977 
163    M2EK0    (0)    5 :  0.124 0.876 
164    M2EK1    (0)    5 :  0.047 0.953 
165   MSV22F    (0)    5 :  0.101 0.899 
166   MSV273    (0)    5 :  0.018 0.982 
167   MSV0TL   (10)    5 :  0.434 0.566 
168   MSV0TT    (0)    5 :  0.015 0.985 
169   MSV12H    (0)    5 :  0.216 0.784 
170   MSV1TH    (0)    5 :  0.022 0.978 
171   MSV275    (0)    5 :  0.016 0.984 
172   MSV286    (0)    5 :  0.027 0.973 
173   MSV2H4    (0)    5 :  0.018 0.982 
174   MSV2K8    (0)    5 :  0.029 0.971 
175   MSV2PM    (0)    5 :  0.014 0.986 
176   MSV2X3    (0)    5 :  0.021 0.979 
177   MSV2X4    (0)    5 :  0.076 0.924 
178   MSV30U    (0)    5 :  0.022 0.978 
179  CX.111C    (0)    5 :  0.036 0.964 
180  AP.07M2    (0)    6 :  0.921 0.079 
181   HRV05C   (10)    6 :  0.813 0.187 
182   HRV077   (10)    6 :  0.678 0.322 
183   HRV0A0    (5)    6 :  0.019 0.981 
184   HRV0MC    (5)    6 :  0.211 0.789 
185   HRV00P    (0)    6 :  0.013 0.987 
186   HRV01J    (5)    6 :  0.017 0.983 
187   HRV026    (5)    6 :  0.016 0.984 
188   HRV02C    (0)    6 :  0.022 0.978 
189   HRV031    (0)    6 :  0.021 0.979 
190   HRV033    (0)    6 :  0.021 0.979 
191   HRV05L    (0)    6 :  0.518 0.482 
192   HRV06A    (0)    6 :  0.018 0.982 
193   HRV07P    (5)    6 :  0.202 0.798 
194   HRV0HC    (5)    6 :  0.797 0.203 
195   HRV0HU   (10)    6 :  0.462 0.538 
196   HRV0K1    (0)    6 :  0.029 0.971 
197   HRV0M6    (5)    6 :  0.024 0.976 
198   HRV0M7    (5)    6 :  0.145 0.855 
199   HRV0MK    (0)    6 :  0.014 0.986 
200   HRV1C7    (5)    6 :  0.024 0.976 
201   HRV1EA    (0)    6 :  0.549 0.451 
202    M147K    (5)    6 :  0.025 0.975 
203   HRV008    (0)    6 :  0.076 0.924 
204   HRV015    (0)    6 :  0.017 0.983 
205   HRV01F    (0)    6 :  0.018 0.982 
206   HRV01L    (0)    6 :  0.017 0.983 
207   HRV01M    (0)    6 :  0.078 0.922 
208   HRV020    (0)    6 :  0.016 0.984 
209   HRV022    (0)    6 :  0.021 0.979 
210   HRV02A    (0)    6 :  0.014 0.986 
211   HRV02K    (0)    6 :  0.024 0.976 
212   HRV04C    (0)    6 :  0.018 0.982 
213   HRV05H    (0)    6 :  0.291 0.709 
214   HRV076    (0)    6 :  0.546 0.454 
215   HRV07H    (0)    6 :  0.526 0.474 
216   HRV07X    (0)    6 :  0.534 0.466 
217   HRV080    (0)    6 :  0.407 0.593 
218   HRV086    (5)    6 :  0.036 0.964 
219   HRV0H3    (5)    6 :  0.018 0.982 
220   HRV0J3    (0)    6 :  0.049 0.951 
221   HRV0JX   (15)    6 :  0.563 0.437 
222   HRV0ML   (10)    6 :  0.024 0.976 
223   HRV1E8   (10)    6 :  0.300 0.700 
224   HRV007   (10)    6 :  0.207 0.793 
225   HRV005    (5)    6 :  0.025 0.975 
226   HRV05U    (5)    6 :  0.817 0.183 
227   HRV01U    (5)    6 :  0.836 0.164 
228  AP.07M1    (5)    6 :  0.015 0.985 
229  AP.07ME    (5)    6 :  0.182 0.818 
230  AP.0817    (5)    6 :  0.877 0.123 
231  AP.0863   (15)    6 :  0.809 0.191 
232  AP.087T    (5)    6 :  0.908 0.092 
233  AP.088T    (5)    6 :  0.763 0.237 
234  CH.0LM1   (15)    6 :  0.792 0.208 
235    M05X5    (5)    6 :  0.736 0.264 
236    M06JH    (5)    6 :  0.728 0.272 
237    M0A6K    (5)    6 :  0.372 0.628 
238    M0ETF    (5)    6 :  0.014 0.986 
239    M0LUP   (10)    6 :  0.035 0.965 
240    M16F1    (5)    6 :  0.028 0.972 
241    M182M    (5)    6 :  0.034 0.966 
242    M1CFL   (10)    6 :  0.037 0.963 
243    M2AXY   (10)    6 :  0.557 0.443 
244    M2AY2   (10)    6 :  0.719 0.281 
245    M2CHP   (10)    6 :  0.777 0.223 
246    W26LK    (5)    6 :  0.528 0.472 
247    W26ME   (10)    6 :  0.702 0.298 
248  AM.07FM    (0)    6 :  0.017 0.983 
249  AM.07FP    (5)    6 :  0.019 0.981 
250  AP.07M4    (0)    6 :  0.469 0.531 
251  AP.07M7    (0)    6 :  0.085 0.915 
252  AP.07M8    (0)    6 :  0.766 0.234 
253  AP.07MA    (0)    6 :  0.208 0.792 
254  AP.07MC    (0)    6 :  0.837 0.163 
255  AP.07P8    (0)    6 :  0.352 0.648 
256  AP.07U8    (0)    6 :  0.452 0.548 
257  AP.081F   (10)    6 :  0.706 0.294 
258  AP.081H   (10)    6 :  0.615 0.385 
259  AP.0820    (0)    6 :  0.917 0.083 
260  AP.0841    (5)    6 :  0.774 0.226 
261  AP.0858    (0)    6 :  0.905 0.095 
262  AP.085U    (5)    6 :  0.905 0.095 
263  AP.085X    (5)    6 :  0.035 0.965 
264  AP.0861    (5)    6 :  0.179 0.821 
265  AP.0864   (10)    6 :  0.333 0.667 
266  AP.086X    (0)    6 :  0.059 0.941 
267  AP.0872    (0)    6 :  0.245 0.755 
268  AP.0875    (0)    6 :  0.962 0.038 
269  AP.087A    (0)    6 :  0.038 0.962 
270  AP.087C    (0)    6 :  0.166 0.834 
271  AP.087E    (0)    6 :  0.033 0.967 
272  AP.087H    (0)    6 :  0.028 0.972 
273  AP.087K    (0)    6 :  0.894 0.106 
274  AP.087L    (0)    6 :  0.028 0.972 
275  AP.087M    (0)    6 :  0.930 0.070 
276  AP.087P    (0)    6 :  0.685 0.315 
277  AP.087U    (0)    6 :  0.763 0.237 
278  AP.087X    (0)    6 :  0.884 0.116 
279  AP.0881    (0)    6 :  0.829 0.171 
280  AP.0882    (0)    6 :  0.023 0.977 
281  AP.0883    (0)    6 :  0.868 0.132 
282  AP.0884    (0)    6 :  0.801 0.199 
283  AP.0885    (5)    6 :  0.766 0.234 
284  AP.0887    (0)    6 :  0.080 0.920 
285  AP.0888    (5)    6 :  0.959 0.041 
286  AP.088A    (0)    6 :  0.117 0.883 
287  AP.088C    (0)    6 :  0.413 0.587 
288  AP.088J    (0)    6 :  0.941 0.059 
289  AP.088K    (0)    6 :  0.418 0.582 
290  AP.088L    (0)    6 :  0.021 0.979 
291  AP.088U    (0)    6 :  0.036 0.964 
292  AP.088X    (0)    6 :  0.437 0.563 
293  AP.08A0    (0)    6 :  0.734 0.266 
294  AP.08A1    (0)    6 :  0.105 0.895 
295  AP.08A3    (0)    6 :  0.107 0.893 
296  AP.08A4    (0)    6 :  0.657 0.343 
297  AP.08A5    (0)    6 :  0.022 0.978 
298  AP.08A6    (0)    6 :  0.841 0.159 
299  AP.08A8    (5)    6 :  0.698 0.302 
300  AP.08AC    (0)    6 :  0.648 0.352 
301  AP.08AH    (0)    6 :  0.731 0.269 
302  AP.08AJ    (0)    6 :  0.409 0.591 
303  AP.08AM   (10)    6 :  0.239 0.761 
304  AP.08AT    (0)    6 :  0.738 0.262 
305  AP.08AX    (0)    6 :  0.059 0.941 
306  CH.0LLP    (0)    6 :  0.648 0.352 
307  CH.0LM2   (10)    6 :  0.297 0.703 
308  CH.0LM4    (5)    6 :  0.959 0.041 
309  CH.0LM5    (0)    6 :  0.609 0.391 
310    M0102    (5)    6 :  0.053 0.947 
311    M023A    (5)    6 :  0.022 0.978 
312    M03MM   (10)    6 :  0.117 0.883 
313    M04PF    (0)    6 :  0.087 0.913 
314    M04XH    (5)    6 :  0.625 0.375 
315    M04XM   (10)    6 :  0.024 0.976 
316    M0557    (0)    6 :  0.957 0.043 
317    M055C    (0)    6 :  0.818 0.182 
318    M05JC    (0)    6 :  0.464 0.536 
319    M05PH    (0)    6 :  0.567 0.433 
320    M05X6    (0)    6 :  0.031 0.969 
321    M07TC    (0)    6 :  0.066 0.934 
322    M0A66    (0)    6 :  0.059 0.941 
323    M0EYT    (0)    6 :  0.013 0.987 
324    M0FF2    (0)    6 :  0.014 0.986 
325    M0HJ6    (5)    6 :  0.663 0.337 
326   HRV0JL    (0)    6 :  0.017 0.983 
327   HRV0JP    (0)    6 :  0.069 0.931 
328   HRV0KA    (0)    6 :  0.170 0.830 
329   HRV0LJ    (5)    6 :  0.755 0.245 
330   HRV0LM    (0)    6 :  0.407 0.593 
331   HRV0LP    (0)    6 :  0.732 0.268 
332    M0HJ8    (0)    6 :  0.014 0.986 
333    M0HM3    (0)    6 :  0.304 0.696 
334    M0J1X    (0)    6 :  0.038 0.962 
335    M0L32    (0)    6 :  0.069 0.931 
336    M0L8F    (0)    6 :  0.836 0.164 
337    M0LUH    (0)    6 :  0.044 0.956 
338    M0XPJ    (0)    6 :  0.019 0.981 
339    M0XTE    (0)    6 :  0.479 0.521 
340    M157H    (0)    6 :  0.044 0.956 
341    M16YU    (0)    6 :  0.019 0.981 
342    M1751    (0)    6 :  0.053 0.947 
343    M1C2H    (0)    6 :  0.015 0.985 
344    M1E60    (0)    6 :  0.842 0.158 
345    M1EKX    (0)    6 :  0.021 0.979 
346    M1EKY    (0)    6 :  0.303 0.697 
347    M1EL3    (0)    6 :  0.869 0.131 
348    M1ELC    (0)    6 :  0.022 0.978 
349    M1ELE    (0)    6 :  0.022 0.978 
350    M2AY0   (10)    6 :  0.091 0.909 
351    M2AY4    (5)    6 :  0.212 0.788 
352    M2AY5   (10)    6 :  0.537 0.463 
353    M2AY8    (5)    6 :  0.859 0.141 
354    M2C3A   (10)    6 :  0.029 0.971 
355    M2C3F   (10)    6 :  0.831 0.169 
356   HRV0ME    (0)    6 :  0.016 0.984 
357    M2CHJ    (5)    6 :  0.083 0.917 
358    M2CHM    (5)    6 :  0.509 0.491 
359    M2CHY   (10)    6 :  0.439 0.561 
360    W23E8    (0)    6 :  0.017 0.983 
361    W23EM    (0)    6 :  0.024 0.976 
362    W23EX    (0)    6 :  0.021 0.979 
363    W23F0    (0)    6 :  0.017 0.983 
364    W26L5    (0)    6 :  0.748 0.252 
365    W26LM    (0)    6 :  0.962 0.038 
366    W26MJ    (0)    6 :  0.812 0.188 
367    W26ML    (0)    6 :  0.058 0.942 
368    W26MT    (0)    6 :  0.422 0.578 
369    W26PE    (5)    6 :  0.975 0.025 
370    W26PJ    (0)    6 :  0.981 0.019 
371    W26PT    (0)    6 :  0.781 0.219 
372    W26PX   (10)    6 :  0.913 0.087 
373    W26T0    (5)    6 :  0.865 0.135 
374    W26TC    (0)    6 :  0.356 0.644 
375    W26TJ    (5)    6 :  0.908 0.092 
376    W26UE    (5)    6 :  0.380 0.620 
377    W26UF    (0)    6 :  0.505 0.495 
378    W26UL    (0)    6 :  0.334 0.666 
379    W26X2    (0)    6 :  0.502 0.498 
380    W2716    (0)    6 :  0.939 0.061 
381   HRV1C6    (0)    6 :  0.072 0.928 
382   HRV1CX    (0)    6 :  0.700 0.300 
383   HRV1E2    (0)    6 :  0.467 0.533 
384   HRV1E4    (0)    6 :  0.029 0.971 
385   HRV1E5    (0)    6 :  0.112 0.888 
386   HRV1EC    (0)    6 :  0.249 0.751 
387   HRV1EK    (0)    6 :  0.020 0.980 
388   HRV001    (0)    6 :  0.030 0.970 
389   HRV00H    (0)    6 :  0.042 0.958 
390   HRV00K    (0)    6 :  0.017 0.983 
391   HRV01X    (0)    6 :  0.013 0.987 
392   HRV025    (0)    6 :  0.023 0.977 
393   HRV028    (0)    6 :  0.013 0.987 
394   HRV041    (0)    6 :  0.020 0.980 
395   HRV04F    (0)    6 :  0.015 0.985 
396   HRV04L    (0)    6 :  0.015 0.985 
397   HRV055    (0)    6 :  0.019 0.981 
398   HRV05J    (0)    6 :  0.279 0.721 
399   HRV07J    (0)    6 :  0.018 0.982 
400   HRV07K    (0)    6 :  0.468 0.532 
401   HRV07L    (0)    6 :  0.933 0.067 
402   HRV07M    (0)    6 :  0.028 0.972 
403   HRV0HM    (0)    6 :  0.018 0.982 
404   HRV0J2    (0)    6 :  0.024 0.976 
405   HRV0K3    (0)    6 :  0.021 0.979 
406   HRV0KE    (0)    6 :  0.027 0.973 
407   HRV0KF    (0)    6 :  0.319 0.681 
408   HRV0KU    (0)    6 :  0.409 0.591 
409   HRV0L6    (0)    6 :  0.600 0.400 
410   HRV0M2    (0)    6 :  0.610 0.390 
411   HRV0MF    (0)    6 :  0.012 0.988 
412   HRV0MJ    (0)    6 :  0.836 0.164 
413   HRV1AT    (0)    6 :  0.024 0.976 
414   HRV1C1    (0)    6 :  0.621 0.379 
415   HRV1CL    (0)    6 :  0.783 0.217 
416   HRV1E1    (0)    6 :  0.082 0.918 
417   HRV1E7    (0)    6 :  0.149 0.851 
418   HRV1EE    (0)    6 :  0.530 0.470 
419   HRV1ET    (0)    6 :  0.016 0.984 


Estimated Allele Frequencies in each cluster
First column gives estimated ancestral frequencies


Locus 1 : Cl147 
21 alleles
0.0% missing data
  45   (0.067) 0.067 0.001 
  69   (0.244) 0.244 0.250 
  73   (0.182) 0.182 0.077 
  77   (0.038) 0.038 0.000 
  56   (0.069) 0.069 0.014 
  65   (0.087) 0.087 0.219 
  41   (0.030) 0.030 0.000 
  52   (0.054) 0.054 0.004 
  48   (0.017) 0.016 0.006 
  81   (0.008) 0.008 0.000 
  49   (0.006) 0.005 0.000 
  60   (0.017) 0.017 0.000 
  44   (0.047) 0.047 0.337 
  85   (0.011) 0.011 0.000 
  72   (0.008) 0.008 0.000 
  68   (0.065) 0.065 0.084 
  61   (0.026) 0.025 0.005 
  80   (0.008) 0.008 0.000 
  84   (0.006) 0.005 0.000 
 801   (0.008) 0.008 0.000 
  40   (0.006) 0.005 0.000 

Locus 2 : Cl233 
18 alleles
0.0% missing data
  63   (0.168) 0.168 0.147 
  85   (0.031) 0.031 0.000 
  73   (0.014) 0.014 0.000 
  79   (0.009) 0.008 0.000 
  71   (0.057) 0.057 0.028 
  77   (0.009) 0.008 0.000 
  75   (0.030) 0.030 0.001 
  67   (0.164) 0.165 0.189 
  55   (0.180) 0.181 0.491 
  59   (0.250) 0.251 0.143 
  81   (0.014) 0.014 0.000 
  83   (0.006) 0.006 0.000 
  93   (0.009) 0.009 0.000 
 101   (0.006) 0.006 0.000 
  69   (0.006) 0.006 0.000 
 791   (0.006) 0.006 0.000 
  35   (0.020) 0.020 0.000 
  51   (0.022) 0.022 0.000 

Locus 3 : Cl264 
22 alleles
0.5% missing data
  65   (0.173) 0.174 0.075 
 651   (0.099) 0.099 0.028 
 691   (0.111) 0.111 0.035 
  57   (0.012) 0.012 0.059 
  61   (0.113) 0.113 0.226 
 731   (0.030) 0.030 0.000 
 811   (0.014) 0.014 0.000 
 611   (0.080) 0.080 0.043 
  69   (0.081) 0.081 0.318 
  77   (0.013) 0.013 0.020 
  49   (0.008) 0.008 0.000 
  45   (0.006) 0.006 0.000 
  37   (0.059) 0.059 0.008 
 531   (0.038) 0.038 0.000 
  53   (0.101) 0.102 0.106 
 491   (0.013) 0.013 0.001 
  73   (0.018) 0.018 0.077 
 732   (0.006) 0.005 0.001 
 571   (0.008) 0.008 0.000 
  81   (0.006) 0.005 0.000 
 612   (0.006) 0.005 0.001 
 692   (0.006) 0.006 0.004 

Locus 4 : Cl274 
7 alleles
0.0% missing data
  61   (0.437) 0.438 0.324 
  57   (0.397) 0.398 0.505 
  65   (0.073) 0.073 0.020 
  53   (0.023) 0.023 0.001 
  69   (0.017) 0.017 0.000 
  45   (0.047) 0.046 0.149 
  49   (0.006) 0.006 0.000 

Locus 5 : Cl285 
25 alleles
0.5% missing data
  75   (0.171) 0.172 0.196 
  71   (0.140) 0.140 0.253 
 631   (0.013) 0.013 0.000 
  67   (0.183) 0.184 0.344 
  63   (0.034) 0.034 0.027 
  79   (0.079) 0.079 0.019 
 792   (0.016) 0.016 0.000 
 671   (0.041) 0.040 0.065 
 831   (0.063) 0.063 0.002 
 752   (0.045) 0.045 0.001 
1281   (0.016) 0.016 0.000 
1361   (0.027) 0.027 0.001 
 124   (0.006) 0.005 0.000 
 751   (0.057) 0.058 0.008 
 136   (0.008) 0.008 0.000 
 132   (0.030) 0.029 0.022 
1321   (0.008) 0.008 0.018 
  59   (0.006) 0.006 0.027 
 791   (0.015) 0.015 0.015 
  87   (0.006) 0.005 0.000 
 832   (0.008) 0.008 0.000 
1441   (0.008) 0.008 0.000 
  55   (0.008) 0.008 0.000 
 140   (0.006) 0.005 0.000 
 711   (0.008) 0.008 0.000 

Locus 6 : Cl291 
19 alleles
1.0% missing data
 641   (0.033) 0.033 0.001 
  72   (0.213) 0.214 0.162 
 682   (0.011) 0.011 0.000 
 801   (0.014) 0.014 0.000 
 681   (0.048) 0.048 0.001 
  76   (0.062) 0.062 0.097 
 722   (0.033) 0.033 0.000 
 601   (0.008) 0.008 0.000 
  80   (0.044) 0.045 0.000 
 761   (0.072) 0.072 0.046 
 762   (0.006) 0.006 0.000 
 721   (0.078) 0.078 0.110 
  84   (0.011) 0.011 0.000 
  68   (0.040) 0.040 0.235 
 803   (0.017) 0.017 0.000 
  64   (0.250) 0.251 0.338 
 763   (0.034) 0.034 0.000 
  60   (0.016) 0.016 0.009 
 841   (0.009) 0.008 0.000 

Locus 7 : Cl308 
23 alleles
0.0% missing data
  72   (0.209) 0.210 0.099 
  64   (0.190) 0.191 0.124 
  68   (0.239) 0.240 0.588 
 103   (0.014) 0.014 0.000 
  80   (0.027) 0.027 0.001 
  76   (0.090) 0.090 0.175 
1151   (0.008) 0.008 0.000 
 123   (0.006) 0.005 0.000 
 115   (0.008) 0.008 0.000 
  83   (0.008) 0.008 0.000 
1231   (0.006) 0.006 0.000 
1192   (0.006) 0.005 0.000 
 131   (0.006) 0.006 0.000 
1191   (0.008) 0.008 0.000 
 752   (0.006) 0.005 0.000 
 143   (0.008) 0.008 0.000 
  79   (0.008) 0.008 0.000 
 119   (0.008) 0.008 0.000 
 107   (0.011) 0.011 0.000 
  71   (0.030) 0.030 0.001 
 751   (0.061) 0.061 0.006 
  60   (0.034) 0.034 0.005 
  67   (0.008) 0.008 0.000 

Locus 8 : Cl330 
23 alleles
5.3% missing data
  52   (0.109) 0.110 0.001 
 601   (0.058) 0.058 0.001 
  40   (0.023) 0.023 0.110 
  72   (0.015) 0.014 0.000 
  56   (0.016) 0.016 0.024 
 481   (0.148) 0.148 0.204 
  61   (0.012) 0.012 0.000 
  80   (0.006) 0.006 0.000 
 681   (0.017) 0.017 0.000 
  64   (0.040) 0.041 0.001 
  57   (0.009) 0.009 0.000 
  75   (0.006) 0.006 0.000 
  28   (0.196) 0.196 0.231 
  44   (0.072) 0.072 0.226 
  67   (0.047) 0.047 0.015 
 441   (0.111) 0.111 0.023 
  48   (0.049) 0.049 0.157 
 711   (0.009) 0.009 0.000 
 641   (0.006) 0.006 0.000 
  60   (0.006) 0.006 0.000 
  68   (0.006) 0.006 0.000 
 521   (0.026) 0.026 0.000 
  62   (0.013) 0.013 0.005 

Locus 9 : Cl344 
12 alleles
12.6% missing data
  56   (0.240) 0.241 0.011 
  60   (0.161) 0.161 0.057 
  48   (0.007) 0.006 0.000 
  76   (0.006) 0.006 0.000 
  64   (0.277) 0.277 0.370 
  72   (0.044) 0.044 0.001 
 761   (0.007) 0.006 0.000 
 641   (0.013) 0.013 0.000 
  68   (0.051) 0.051 0.030 
  52   (0.176) 0.176 0.419 
 561   (0.011) 0.011 0.059 
 521   (0.008) 0.007 0.052 

Locus 10 : Cl366 
8 alleles
0.0% missing data
  80   (0.549) 0.550 0.261 
  92   (0.014) 0.014 0.000 
  76   (0.128) 0.128 0.303 
  88   (0.019) 0.019 0.000 
  84   (0.024) 0.024 0.081 
  72   (0.235) 0.235 0.354 
  68   (0.011) 0.011 0.000 
  64   (0.020) 0.020 0.000 

Locus 11 : Cl375 
14 alleles
0.0% missing data
 491   (0.106) 0.106 0.101 
  53   (0.327) 0.327 0.368 
 612   (0.060) 0.060 0.001 
  57   (0.092) 0.092 0.130 
  45   (0.079) 0.079 0.148 
  61   (0.114) 0.113 0.225 
 651   (0.011) 0.011 0.000 
  69   (0.006) 0.006 0.000 
 571   (0.043) 0.043 0.002 
  65   (0.022) 0.022 0.000 
 531   (0.103) 0.104 0.004 
  49   (0.018) 0.018 0.021 
 532   (0.006) 0.006 0.000 
 691   (0.014) 0.014 0.000 

Locus 12 : Cl408 
11 alleles
0.7% missing data
  62   (0.096) 0.095 0.115 
  74   (0.009) 0.008 0.000 
  50   (0.409) 0.410 0.151 
  58   (0.055) 0.054 0.115 
  66   (0.077) 0.077 0.023 
  70   (0.014) 0.014 0.000 
  54   (0.179) 0.179 0.149 
  78   (0.006) 0.006 0.000 
  46   (0.036) 0.036 0.363 
  75   (0.096) 0.096 0.083 
  34   (0.025) 0.025 0.001 

Locus 13 : Cl507 
18 alleles
0.0% missing data
  70   (0.056) 0.056 0.083 
  94   (0.014) 0.014 0.000 
  74   (0.070) 0.071 0.001 
  54   (0.031) 0.030 0.080 
  82   (0.034) 0.034 0.000 
  90   (0.034) 0.034 0.000 
  86   (0.023) 0.023 0.000 
 701   (0.006) 0.006 0.000 
  78   (0.014) 0.014 0.000 
  62   (0.196) 0.196 0.379 
 741   (0.017) 0.017 0.000 
  66   (0.261) 0.262 0.265 
 661   (0.009) 0.009 0.000 
  58   (0.102) 0.102 0.166 
  98   (0.009) 0.008 0.000 
  50   (0.039) 0.040 0.001 
 621   (0.074) 0.074 0.024 
 702   (0.011) 0.011 0.000 

Locus 14 : Cl527 
28 alleles
0.5% missing data
  62   (0.079) 0.080 0.003 
 622   (0.005) 0.005 0.000 
 461   (0.015) 0.015 0.004 
  82   (0.005) 0.005 0.000 
 661   (0.013) 0.013 0.000 
  70   (0.013) 0.013 0.000 
 581   (0.041) 0.041 0.026 
 701   (0.018) 0.018 0.000 
 501   (0.005) 0.005 0.000 
  66   (0.163) 0.164 0.159 
 741   (0.008) 0.008 0.000 
  58   (0.035) 0.035 0.036 
 541   (0.008) 0.008 0.000 
  74   (0.014) 0.014 0.005 
 621   (0.008) 0.008 0.000 
  78   (0.005) 0.005 0.000 
 781   (0.005) 0.005 0.000 
  50   (0.171) 0.171 0.263 
  67   (0.008) 0.008 0.000 
  26   (0.009) 0.008 0.011 
  54   (0.189) 0.190 0.142 
  61   (0.093) 0.094 0.017 
  53   (0.008) 0.008 0.006 
  46   (0.042) 0.042 0.103 
  42   (0.013) 0.013 0.191 
  65   (0.006) 0.006 0.021 
 582   (0.008) 0.008 0.000 
  57   (0.010) 0.010 0.011 

Locus 15 : Cl380 
18 alleles
11.0% missing data
 671   (0.132) 0.132 0.146 
 672   (0.090) 0.089 0.238 
 751   (0.006) 0.006 0.000 
  71   (0.018) 0.018 0.000 
  79   (0.344) 0.345 0.452 
  75   (0.047) 0.047 0.044 
 711   (0.019) 0.018 0.000 
  67   (0.012) 0.012 0.000 
 791   (0.006) 0.006 0.000 
 591   (0.019) 0.019 0.009 
 552   (0.006) 0.006 0.000 
 551   (0.172) 0.174 0.006 
 833   (0.012) 0.012 0.039 
 631   (0.049) 0.049 0.001 
  59   (0.018) 0.017 0.007 
  63   (0.017) 0.017 0.055 
 592   (0.015) 0.015 0.001 
 632   (0.015) 0.015 0.000 

Locus 16 : Lup02 
6 alleles
0.2% missing data
  56   (0.594) 0.594 0.682 
  60   (0.118) 0.118 0.012 
  52   (0.249) 0.249 0.178 
  48   (0.025) 0.025 0.000 
 561   (0.006) 0.006 0.000 
  64   (0.008) 0.007 0.127 

Locus 17 : Lup13 
5 alleles
0.0% missing data
  57   (0.439) 0.438 0.683 
  61   (0.356) 0.356 0.163 
  65   (0.031) 0.031 0.000 
  53   (0.160) 0.160 0.154 
  69   (0.014) 0.014 0.000 

Locus 18 : Lup20 
9 alleles
2.1% missing data
  56   (0.300) 0.300 0.158 
 601   (0.074) 0.074 0.001 
  60   (0.330) 0.331 0.480 
  68   (0.120) 0.120 0.246 
  64   (0.050) 0.050 0.072 
  72   (0.009) 0.009 0.000 
 681   (0.006) 0.006 0.000 
 641   (0.006) 0.006 0.000 
  52   (0.105) 0.105 0.044 

Locus 19 : Lup21 
10 alleles
0.2% missing data
  41   (0.159) 0.159 0.076 
  57   (0.101) 0.101 0.185 
  53   (0.459) 0.460 0.334 
  37   (0.006) 0.005 0.000 
  45   (0.020) 0.019 0.000 
 531   (0.006) 0.006 0.000 
  49   (0.157) 0.157 0.224 
 611   (0.048) 0.048 0.016 
  61   (0.011) 0.011 0.123 
 612   (0.033) 0.033 0.042 

Locus 20 : Lup23 
6 alleles
0.0% missing data
  59   (0.146) 0.146 0.415 
  63   (0.301) 0.301 0.145 
  67   (0.009) 0.008 0.000 
  55   (0.515) 0.516 0.431 
  51   (0.014) 0.014 0.010 
 671   (0.014) 0.014 0.000 

Values of parameters used in structure:
DATAFILE=/home/eva.pavlovic/ParallelStructure/25_Results/250422_Structure_Microsat_testni_250422/data_job_B2,	OUTFILE=/home/eva.pavlovic/ParallelStructure/26_results_20MS/1a_NDinaric_empirical/results_job_B2,	NUMINDS=419,	NUMLOCI=20,	MISSING=-9,	LABEL=1,	POPDATA=1,	POPFLAG=0,	PHENOTYPE=0,	EXTRACOLS=0,	MAXPOPS=2,	BURNIN=300000,	NUMREPS=3000000,	USEPOPINFO=0,	INFERALPHA=1,	INFERLAMBDA=0,	POPSPECIFICLAMBDA=0,	POPALPHAS=0,	COMPUTEPROB=1,	NOADMIX=0,	ADMBURNIN=2500,	UPDATEFREQ=1,	PRINTLIKES=0,	INTERMEDSAVE=0,	PRINTKLD=0,	PRINTNET=0,	PRINTLAMBDA=0,	ANCESTDIST=0,	NUMBOXES=1000,	ANCESTPINT=0.90000,	GENSBACK=2,	MIGRPRIOR=0.05000,	PRINTQHAT=1,	PRINTQSUM=0,	ALPHA=1.0000,	FREQSCORR=1,	FPRIORMEAN=0.0100,	FPRIORSD=0.0500,	ONEFST=0,	LAMBDA=1.0000,	UNIFPRIORALPHA=1,	ALPHAMAX=10.0000,	ALPHAPRIORA=1.0000,	ALPHAPRIORB=2.0000,	ALPHAPROPSD=0.0250,	STARTATPOPINFO=0,	RANDOMIZE=1,	LINKAGE=0,	METROFREQ=10,	REPORTHITRATE=0,	MARKOVPHASE=-1,	PHASED=0,	PLOIDY=2,	PHASEINFO=0	LOCPRIOR=0, 	LOCPRIORINIT=1.000000, 	LOCDATA=0, 	LOCISPOP=0, 	LOCPRIORSTEP=0.100000, 	MAXLOCPRIOR=20.000000, 	SEED=1770287940,	
[STRAT parameters]:    NUMSIMSTATS=1000,	PHENOTYPECOL=-9,	POOLFREQ=10,	LOCUSxONLY=0,	EMERROR=0.00100,	MISSINGPHENO=-9,	