       M1EL5  1 0.9846 0.0154 
       W26T6  1 0.9837 0.0163 
       W26XX  1 0.9711 0.0289 
       M013P  1 0.9875 0.0125 
       M1ELA  1 0.9623 0.0377 
       M2C73  1 0.9895 0.0105 
       W23P4  1 0.9647 0.0353 
       W247C  1 0.9850 0.0150 
       W24K1  1 0.9858 0.0142 
       W24ME  1 0.9752 0.0248 
       W2514  1 0.9833 0.0167 
       W26MA  1 0.9794 0.0206 
       W26MM  1 0.9862 0.0138 
       W26MU  1 0.9783 0.0217 
       W26P0  1 0.9864 0.0136 
       W26P3  1 0.9865 0.0135 
       W26T5  1 0.9847 0.0153 
       W26TE  1 0.9854 0.0146 
       W26TF  1 0.9867 0.0133 
       W26U8  1 0.9544 0.0456 
       W26UJ  1 0.9861 0.0139 
       W26UK  1 0.9862 0.0138 
       W26UT  1 0.9852 0.0148 
       W26XT  1 0.9868 0.0132 
      MSV1TX  2 0.8028 0.1972 
      MSV025  2 0.8161 0.1839 
      MSV02C  2 0.9258 0.0742 
      MSV02E  2 0.9613 0.0387 
      MSV0TF  2 0.9518 0.0482 
       M2EL8  2 0.7892 0.2108 
      MSV21T  3 0.6254 0.3746 
       M2E71  3 0.7382 0.2618 
       W23CA  4 0.9396 0.0604 
     AP.085Y  4 0.9138 0.0862 
     CH.0LLY  4 0.9836 0.0164 
       M0LEC  4 0.7995 0.2005 
       M2C3H  4 0.9720 0.0280 
       M2CHL  4 0.9894 0.0106 
       W26P7  4 0.9806 0.0194 
     AP.07M5  4 0.8545 0.1455 
     AP.080U  4 0.9520 0.0480 
     AP.082A  4 0.8832 0.1168 
     AP.0843  4 0.9470 0.0530 
     AP.0844  4 0.9673 0.0327 
     AP.084X  4 0.9243 0.0757 
     AP.086Y  4 0.9771 0.0229 
     AP.0870  4 0.9270 0.0730 
     AP.0878  4 0.9816 0.0184 
     AP.087F  4 0.9820 0.0180 
     AP.087Y  4 0.9874 0.0126 
     AP.088P  4 0.7989 0.2011 
     AP.08AK  4 0.6555 0.3445 
     CH.0LLM  4 0.9525 0.0475 
     CH.0LLU  4 0.9476 0.0524 
     CH.0LM0  4 0.9700 0.0300 
     CH.0LM3  4 0.6004 0.3996 
       W26MY  4 0.9487 0.0513 
       W26P6  4 0.7414 0.2586 
      HRV07U  4 0.8589 0.1411 
      HRV1CT  4 0.7754 0.2246 
      HRV1CU  4 0.1115 0.8885 
      HRV1E6  4 0.6342 0.3658 
      HRV081  4 0.1149 0.8851 
      HRV1E3  4 0.8654 0.1346 
      MSV21E  4 0.6070 0.3930 
      MSV216  4 0.8289 0.1711 
       M0TYK  4 0.7270 0.2730 
      MSV2AA  4 0.4199 0.5801 
     CK.0PET  4 0.9370 0.0630 
       M2E8C  4 0.0407 0.9593 
      MSV23X  4 0.6012 0.3988 
      MSV32A  4 0.6771 0.3229 
     AP.0838  4 0.9130 0.0870 
     AP.088F  4 0.8328 0.1672 
      DAM2HL  5 0.1711 0.8289 
       M2ALK  5 0.1623 0.8377 
       M2E2J  5 0.4883 0.5117 
       M2E73  5 0.1478 0.8522 
       M2E74  5 0.0324 0.9676 
       M2EUJ  5 0.3332 0.6668 
      DAM1XK  5 0.1288 0.8712 
       M2057  5 0.0374 0.9626 
       M2271  5 0.0143 0.9857 
       M27YK  5 0.8407 0.1593 
       M2A1H  5 0.2189 0.7811 
       M2E0P  5 0.0263 0.9737 
       M2E75  5 0.0422 0.9578 
       M2E76  5 0.0208 0.9792 
      MSV0T5  5 0.0295 0.9705 
      MSV241  5 0.0447 0.9553 
      MSV2A0  5 0.0302 0.9698 
      MSV2A1  5 0.0138 0.9862 
      MSV2A8  5 0.0524 0.9476 
      DAM1P5  5 0.0136 0.9864 
       M1084  5 0.1223 0.8777 
      MSV2M4  5 0.0365 0.9635 
      MSV2T6  5 0.0945 0.9055 
       M1UM1  5 0.4072 0.5928 
       M2ECL  5 0.1830 0.8170 
       M2EJ0  5 0.0736 0.9264 
      MSV20J  5 0.0623 0.9377 
      MSV2TK  5 0.1650 0.8350 
      MSV2TX  5 0.0387 0.9613 
      MSV310  5 0.0358 0.9642 
      MSV33F  5 0.0257 0.9743 
      DAM35L  5 0.0349 0.9651 
       M2E4C  5 0.0547 0.9453 
       M2E4H  5 0.1745 0.8255 
       M2E65  5 0.0253 0.9747 
       M2EEJ  5 0.0155 0.9845 
       M2EEP  5 0.0769 0.9231 
      MSV1TU  5 0.3110 0.6890 
      MSV20M  5 0.0376 0.9624 
      MSV223  5 0.3885 0.6115 
      MSV22E  5 0.0291 0.9709 
      MSV23J  5 0.4987 0.5013 
      MSV2K6  5 0.0205 0.9795 
      DAM23U  5 0.0647 0.9353 
       M2E8A  5 0.0235 0.9765 
      MSV2L2  5 0.0358 0.9642 
       M1YMH  5 0.0933 0.9067 
       M2A84  5 0.2269 0.7731 
      MSV23M  5 0.4343 0.5657 
     AP.085T  5 0.0285 0.9715 
     AP.086J  5 0.7157 0.2843 
     AP.08C2  5 0.9609 0.0391 
     AP.08CF  5 0.0332 0.9668 
     AP.08CX  5 0.0169 0.9831 
     AP.08CY  5 0.0310 0.9690 
      DAM0JX  5 0.1720 0.8280 
      DAM0P4  5 0.2709 0.7291 
      DAM0UK  5 0.1300 0.8700 
       M2030  5 0.0197 0.9803 
      MSV24M  5 0.1193 0.8807 
       M20AM  5 0.3817 0.6183 
       M21YP  5 0.8199 0.1801 
       M2205  5 0.0166 0.9834 
       M2206  5 0.0230 0.9770 
      MSV267  5 0.0839 0.9161 
       M2757  5 0.1362 0.8638 
       M27TH  5 0.0411 0.9589 
      MSV2JA  5 0.3897 0.6103 
      MSV2KU  5 0.0210 0.9790 
      MSV2MF  5 0.0829 0.9171 
      MSV2TA  5 0.0163 0.9837 
      MSV2TE  5 0.0162 0.9838 
      MSV2TU  5 0.1239 0.8761 
      MSV2UT  5 0.0471 0.9529 
      MSV306  5 0.0244 0.9756 
      MSV311  5 0.0283 0.9717 
      MSV31M  5 0.0401 0.9599 
      MSV325  5 0.0549 0.9451 
      MSV32H  5 0.0500 0.9500 
     CX.112U  5 0.0410 0.9590 
      DAM2PC  5 0.5331 0.4669 
       M2E48  5 0.0268 0.9732 
       M2E7K  5 0.0334 0.9666 
       M2E80  5 0.0219 0.9781 
       M2EAM  5 0.0190 0.9810 
       M2EFF  5 0.0214 0.9786 
       M2EFY  5 0.0360 0.9640 
       M2EHM  5 0.0233 0.9767 
       M2EK0  5 0.1228 0.8772 
       M2EK1  5 0.0471 0.9529 
      MSV22F  5 0.1008 0.8992 
      MSV273  5 0.0184 0.9816 
      MSV0TL  5 0.4334 0.5666 
      MSV0TT  5 0.0151 0.9849 
      MSV12H  5 0.2122 0.7878 
      MSV1TH  5 0.0226 0.9774 
      MSV275  5 0.0161 0.9839 
      MSV286  5 0.0275 0.9725 
      MSV2H4  5 0.0181 0.9819 
      MSV2K8  5 0.0299 0.9701 
      MSV2PM  5 0.0136 0.9864 
      MSV2X3  5 0.0208 0.9792 
      MSV2X4  5 0.0777 0.9223 
      MSV30U  5 0.0224 0.9776 
     CX.111C  5 0.0359 0.9641 
     AP.07M2  6 0.9214 0.0786 
      HRV05C  6 0.8107 0.1893 
      HRV077  6 0.6745 0.3255 
      HRV0A0  6 0.0190 0.9810 
      HRV0MC  6 0.2103 0.7897 
      HRV00P  6 0.0133 0.9867 
      HRV01J  6 0.0172 0.9828 
      HRV026  6 0.0165 0.9835 
      HRV02C  6 0.0226 0.9774 
      HRV031  6 0.0213 0.9787 
      HRV033  6 0.0213 0.9787 
      HRV05L  6 0.5188 0.4812 
      HRV06A  6 0.0180 0.9820 
      HRV07P  6 0.2026 0.7974 
      HRV0HC  6 0.7939 0.2061 
      HRV0HU  6 0.4591 0.5409 
      HRV0K1  6 0.0291 0.9709 
      HRV0M6  6 0.0241 0.9759 
      HRV0M7  6 0.1451 0.8549 
      HRV0MK  6 0.0138 0.9862 
      HRV1C7  6 0.0242 0.9758 
      HRV1EA  6 0.5485 0.4515 
       M147K  6 0.0257 0.9743 
      HRV008  6 0.0774 0.9226 
      HRV015  6 0.0166 0.9834 
      HRV01F  6 0.0179 0.9821 
      HRV01L  6 0.0175 0.9825 
      HRV01M  6 0.0787 0.9213 
      HRV020  6 0.0163 0.9837 
      HRV022  6 0.0216 0.9784 
      HRV02A  6 0.0136 0.9864 
      HRV02K  6 0.0244 0.9756 
      HRV04C  6 0.0177 0.9823 
      HRV05H  6 0.2906 0.7094 
      HRV076  6 0.5436 0.4564 
      HRV07H  6 0.5234 0.4766 
      HRV07X  6 0.5292 0.4708 
      HRV080  6 0.4024 0.5976 
      HRV086  6 0.0357 0.9643 
      HRV0H3  6 0.0180 0.9820 
      HRV0J3  6 0.0494 0.9506 
      HRV0JX  6 0.5615 0.4385 
      HRV0ML  6 0.0245 0.9755 
      HRV1E8  6 0.2966 0.7034 
      HRV007  6 0.2035 0.7965 
      HRV005  6 0.0253 0.9747 
      HRV05U  6 0.8153 0.1847 
      HRV01U  6 0.8345 0.1655 
     AP.07M1  6 0.0146 0.9854 
     AP.07ME  6 0.1817 0.8183 
     AP.0817  6 0.8754 0.1246 
     AP.0863  6 0.8068 0.1932 
     AP.087T  6 0.9079 0.0921 
     AP.088T  6 0.7595 0.2405 
     CH.0LM1  6 0.7865 0.2135 
       M05X5  6 0.7334 0.2666 
       M06JH  6 0.7265 0.2735 
       M0A6K  6 0.3706 0.6294 
       M0ETF  6 0.0141 0.9859 
       M0LUP  6 0.0348 0.9652 
       M16F1  6 0.0280 0.9720 
       M182M  6 0.0349 0.9651 
       M1CFL  6 0.0377 0.9623 
       M2AXY  6 0.5548 0.4452 
       M2AY2  6 0.7179 0.2821 
       M2CHP  6 0.7732 0.2268 
       W26LK  6 0.5251 0.4749 
       W26ME  6 0.6993 0.3007 
     AM.07FM  6 0.0168 0.9832 
     AM.07FP  6 0.0191 0.9809 
     AP.07M4  6 0.4679 0.5321 
     AP.07M7  6 0.0852 0.9148 
     AP.07M8  6 0.7649 0.2351 
     AP.07MA  6 0.2072 0.7928 
     AP.07MC  6 0.8322 0.1678 
     AP.07P8  6 0.3520 0.6480 
     AP.07U8  6 0.4493 0.5507 
     AP.081F  6 0.7026 0.2974 
     AP.081H  6 0.6163 0.3837 
     AP.0820  6 0.9166 0.0834 
     AP.0841  6 0.7741 0.2259 
     AP.0858  6 0.9042 0.0958 
     AP.085U  6 0.9046 0.0954 
     AP.085X  6 0.0348 0.9652 
     AP.0861  6 0.1789 0.8211 
     AP.0864  6 0.3328 0.6672 
     AP.086X  6 0.0587 0.9413 
     AP.0872  6 0.2425 0.7575 
     AP.0875  6 0.9610 0.0390 
     AP.087A  6 0.0379 0.9621 
     AP.087C  6 0.1652 0.8348 
     AP.087E  6 0.0327 0.9673 
     AP.087H  6 0.0284 0.9716 
     AP.087K  6 0.8924 0.1076 
     AP.087L  6 0.0283 0.9717 
     AP.087M  6 0.9293 0.0707 
     AP.087P  6 0.6826 0.3174 
     AP.087U  6 0.7592 0.2408 
     AP.087X  6 0.8817 0.1183 
     AP.0881  6 0.8259 0.1741 
     AP.0882  6 0.0230 0.9770 
     AP.0883  6 0.8663 0.1337 
     AP.0884  6 0.7998 0.2002 
     AP.0885  6 0.7618 0.2382 
     AP.0887  6 0.0809 0.9191 
     AP.0888  6 0.9582 0.0418 
     AP.088A  6 0.1156 0.8844 
     AP.088C  6 0.4124 0.5876 
     AP.088J  6 0.9398 0.0602 
     AP.088K  6 0.4169 0.5831 
     AP.088L  6 0.0209 0.9791 
     AP.088U  6 0.0359 0.9641 
     AP.088X  6 0.4351 0.5649 
     AP.08A0  6 0.7304 0.2696 
     AP.08A1  6 0.1046 0.8954 
     AP.08A3  6 0.1079 0.8921 
     AP.08A4  6 0.6563 0.3437 
     AP.08A5  6 0.0220 0.9780 
     AP.08A6  6 0.8373 0.1627 
     AP.08A8  6 0.6950 0.3050 
     AP.08AC  6 0.6449 0.3551 
     AP.08AH  6 0.7299 0.2701 
     AP.08AJ  6 0.4049 0.5951 
     AP.08AM  6 0.2386 0.7614 
     AP.08AT  6 0.7358 0.2642 
     AP.08AX  6 0.0598 0.9402 
     CH.0LLP  6 0.6486 0.3514 
     CH.0LM2  6 0.2944 0.7056 
     CH.0LM4  6 0.9589 0.0411 
     CH.0LM5  6 0.6057 0.3943 
       M0102  6 0.0533 0.9467 
       M023A  6 0.0218 0.9782 
       M03MM  6 0.1148 0.8852 
       M04PF  6 0.0865 0.9135 
       M04XH  6 0.6185 0.3815 
       M04XM  6 0.0235 0.9765 
       M0557  6 0.9562 0.0438 
       M055C  6 0.8186 0.1814 
       M05JC  6 0.4632 0.5368 
       M05PH  6 0.5643 0.4357 
       M05X6  6 0.0302 0.9698 
       M07TC  6 0.0663 0.9337 
       M0A66  6 0.0593 0.9407 
       M0EYT  6 0.0131 0.9869 
       M0FF2  6 0.0136 0.9864 
       M0HJ6  6 0.6585 0.3415 
      HRV0JL  6 0.0172 0.9828 
      HRV0JP  6 0.0689 0.9311 
      HRV0KA  6 0.1703 0.8297 
      HRV0LJ  6 0.7553 0.2447 
      HRV0LM  6 0.4039 0.5961 
      HRV0LP  6 0.7314 0.2686 
       M0HJ8  6 0.0138 0.9862 
       M0HM3  6 0.3018 0.6982 
       M0J1X  6 0.0381 0.9619 
       M0L32  6 0.0684 0.9316 
       M0L8F  6 0.8338 0.1662 
       M0LUH  6 0.0443 0.9557 
       M0XPJ  6 0.0192 0.9808 
       M0XTE  6 0.4723 0.5277 
       M157H  6 0.0444 0.9556 
       M16YU  6 0.0188 0.9812 
       M1751  6 0.0536 0.9464 
       M1C2H  6 0.0150 0.9850 
       M1E60  6 0.8397 0.1603 
       M1EKX  6 0.0212 0.9788 
       M1EKY  6 0.3012 0.6988 
       M1EL3  6 0.8662 0.1338 
       M1ELC  6 0.0217 0.9783 
       M1ELE  6 0.0219 0.9781 
       M2AY0  6 0.0910 0.9090 
       M2AY4  6 0.2118 0.7882 
       M2AY5  6 0.5341 0.4659 
       M2AY8  6 0.8577 0.1423 
       M2C3A  6 0.0289 0.9711 
       M2C3F  6 0.8274 0.1726 
      HRV0ME  6 0.0160 0.9840 
       M2CHJ  6 0.0838 0.9162 
       M2CHM  6 0.5072 0.4928 
       M2CHY  6 0.4370 0.5630 
       W23E8  6 0.0172 0.9828 
       W23EM  6 0.0239 0.9761 
       W23EX  6 0.0212 0.9788 
       W23F0  6 0.0173 0.9827 
       W26L5  6 0.7447 0.2553 
       W26LM  6 0.9610 0.0390 
       W26MJ  6 0.8100 0.1900 
       W26ML  6 0.0581 0.9419 
       W26MT  6 0.4191 0.5809 
       W26PE  6 0.9744 0.0256 
       W26PJ  6 0.9809 0.0191 
       W26PT  6 0.7802 0.2198 
       W26PX  6 0.9127 0.0873 
       W26T0  6 0.8643 0.1357 
       W26TC  6 0.3555 0.6445 
       W26TJ  6 0.9080 0.0920 
       W26UE  6 0.3782 0.6218 
       W26UF  6 0.5020 0.4980 
       W26UL  6 0.3329 0.6671 
       W26X2  6 0.4984 0.5016 
       W2716  6 0.9376 0.0624 
      HRV1C6  6 0.0715 0.9285 
      HRV1CX  6 0.6975 0.3025 
      HRV1E2  6 0.4621 0.5379 
      HRV1E4  6 0.0290 0.9710 
      HRV1E5  6 0.1115 0.8885 
      HRV1EC  6 0.2469 0.7531 
      HRV1EK  6 0.0205 0.9795 
      HRV001  6 0.0296 0.9704 
      HRV00H  6 0.0419 0.9581 
      HRV00K  6 0.0173 0.9827 
      HRV01X  6 0.0131 0.9869 
      HRV025  6 0.0229 0.9771 
      HRV028  6 0.0132 0.9868 
      HRV041  6 0.0201 0.9799 
      HRV04F  6 0.0149 0.9851 
      HRV04L  6 0.0145 0.9855 
      HRV055  6 0.0191 0.9809 
      HRV05J  6 0.2781 0.7219 
      HRV07J  6 0.0175 0.9825 
      HRV07K  6 0.4659 0.5341 
      HRV07L  6 0.9324 0.0676 
      HRV07M  6 0.0276 0.9724 
      HRV0HM  6 0.0182 0.9818 
      HRV0J2  6 0.0242 0.9758 
      HRV0K3  6 0.0212 0.9788 
      HRV0KE  6 0.0269 0.9731 
      HRV0KF  6 0.3169 0.6831 
      HRV0KU  6 0.4089 0.5911 
      HRV0L6  6 0.5941 0.4059 
      HRV0M2  6 0.6086 0.3914 
      HRV0MF  6 0.0120 0.9880 
      HRV0MJ  6 0.8341 0.1659 
      HRV1AT  6 0.0242 0.9758 
      HRV1C1  6 0.6176 0.3824 
      HRV1CL  6 0.7825 0.2175 
      HRV1E1  6 0.0816 0.9184 
      HRV1E7  6 0.1471 0.8529 
      HRV1EE  6 0.5264 0.4736 
      HRV1ET  6 0.0156 0.9844 
