       M1EL5  1 0.9901 0.0099 
       W26T6  1 0.9702 0.0298 
       W26XX  1 0.9922 0.0078 
       M013P  1 0.9881 0.0119 
       M1ELA  1 0.9612 0.0388 
       M2C73  1 0.9901 0.0099 
       W23P4  1 0.9785 0.0215 
       W247C  1 0.9901 0.0099 
       W24K1  1 0.9922 0.0078 
       W24ME  1 0.9801 0.0199 
       W2514  1 0.9897 0.0103 
       W26MA  1 0.9799 0.0201 
       W26MM  1 0.9835 0.0165 
       W26MU  1 0.9892 0.0108 
       W26P0  1 0.9923 0.0077 
       W26P3  1 0.9924 0.0076 
       W26T5  1 0.9932 0.0068 
       W26TE  1 0.9795 0.0205 
       W26TF  1 0.9690 0.0310 
       W26U8  1 0.9754 0.0246 
       W26UJ  1 0.9893 0.0107 
       W26UK  1 0.9939 0.0061 
       W26UT  1 0.9926 0.0074 
       W26XT  1 0.9842 0.0158 
      CC06H2  1 0.9779 0.0221 
      CC06H4  1 0.9807 0.0193 
      CC06H5  1 0.9840 0.0160 
      CC06H6  1 0.9941 0.0059 
      CC06HE  1 0.9910 0.0090 
      CC06HF  1 0.9767 0.0233 
      CC06HH  1 0.9929 0.0071 
      CC06HJ  1 0.9642 0.0358 
      CC06HL  1 0.9924 0.0076 
      CC06HP  1 0.9931 0.0069 
      CC06HT  1 0.9827 0.0173 
      CC06HU  1 0.9804 0.0196 
      CC06HY  1 0.9822 0.0178 
      CC06J0  1 0.9783 0.0217 
      CC06J1  1 0.9818 0.0182 
      CC06J2  1 0.9862 0.0138 
     CT.0YCY  1 0.9900 0.0100 
     CT.0YEC  1 0.9930 0.0070 
     CT.0YEF  1 0.9922 0.0078 
     CT.0YEU  1 0.9944 0.0056 
     CT.0YF2  1 0.9856 0.0144 
     CT.0YF8  1 0.9950 0.0050 
     CT.0YFA  1 0.9944 0.0056 
     CT.0YFE  1 0.9913 0.0087 
     CT.0YFP  1 0.9823 0.0177 
     CT.0YFU  1 0.9911 0.0089 
     CT.0YK7  1 0.9830 0.0170 
     CX.10PT  1 0.9428 0.0572 
      DAM021  1 0.9908 0.0092 
      DAM034  1 0.9939 0.0061 
      DAM07X  1 0.9923 0.0077 
     EF.15J6  1 0.9922 0.0078 
      HRV010  1 0.9850 0.0150 
      HRV02J  1 0.9886 0.0114 
      HRV078  1 0.9864 0.0136 
      HRV0FH  1 0.9926 0.0074 
      HRV0H5  1 0.9899 0.0101 
      HRV0JF  1 0.9912 0.0088 
      HRV0JJ  1 0.9900 0.0100 
      HRV0JM  1 0.9924 0.0076 
      HRV0K6  1 0.9509 0.0491 
      HRV0K7  1 0.9923 0.0077 
      HRV0KP  1 0.9710 0.0290 
      HRV1AX  1 0.9889 0.0111 
      HRV1C4  1 0.9936 0.0064 
      HRV1CH  1 0.9901 0.0099 
      HRV1FA  1 0.9889 0.0111 
      HRV1FK  1 0.9692 0.0308 
      HRV1H8  1 0.9926 0.0074 
      HRV1HT  1 0.9813 0.0187 
      HRV1XU  1 0.9655 0.0345 
      HRV4TF  1 0.9899 0.0101 
      HRV6F0  1 0.9880 0.0120 
      HRVE6L  1 0.9792 0.0208 
       M27HM  1 0.9921 0.0079 
       M27HP  1 0.9927 0.0073 
       M2AK4  1 0.9913 0.0087 
       M2ALA  1 0.9919 0.0081 
       M2C56  1 0.9898 0.0102 
       M2CUX  1 0.9844 0.0156 
       M2E24  1 0.9930 0.0070 
       M2EA7  1 0.9898 0.0102 
       M2EH6  1 0.9919 0.0081 
       M2EKC  1 0.9707 0.0293 
      MSV083  1 0.9478 0.0522 
      MSV084  1 0.9910 0.0090 
      MSV0LJ  1 0.9878 0.0122 
      MSV1H5  1 0.9906 0.0094 
      MSV1KM  1 0.9922 0.0078 
      MSV23F  1 0.9671 0.0329 
      MSV2L8  1 0.9859 0.0141 
      MSV2P7  1 0.9904 0.0096 
      MSV2TJ  1 0.9936 0.0064 
      MSV2XM  1 0.9844 0.0156 
      MSV327  1 0.9869 0.0131 
      MSV33L  1 0.9936 0.0064 
       h0015  2 0.9916 0.0084 
       h0025  2 0.9931 0.0069 
       h0035  2 0.9363 0.0637 
       h0045  2 0.9637 0.0363 
       h0055  2 0.9924 0.0076 
       h0065  2 0.9937 0.0063 
       h0075  2 0.9864 0.0136 
       h0085  2 0.9911 0.0089 
       h0095  2 0.9755 0.0245 
       h0105  2 0.9878 0.0122 
       h0115  2 0.9941 0.0059 
       h0125  2 0.9888 0.0112 
       h0135  2 0.9845 0.0155 
       h0145  2 0.9909 0.0091 
       h0155  2 0.9900 0.0100 
       h0165  2 0.9886 0.0114 
       h0175  2 0.9836 0.0164 
       h0185  2 0.9869 0.0131 
       h0195  2 0.9652 0.0348 
       h0205  2 0.9897 0.0103 
       h0215  2 0.9914 0.0086 
       h0225  2 0.9935 0.0065 
       h0235  2 0.9850 0.0150 
       h0245  2 0.9803 0.0197 
       h0255  2 0.9927 0.0073 
       h0265  2 0.9947 0.0053 
       h0275  2 0.9861 0.0139 
       h0285  2 0.9852 0.0148 
       h0295  2 0.9918 0.0082 
       h0305  2 0.9935 0.0065 
       h0315  2 0.9828 0.0172 
       h0325  2 0.9898 0.0102 
       h0335  2 0.9875 0.0125 
       h0345  2 0.9455 0.0545 
       h0355  2 0.9720 0.0280 
       h0365  2 0.9932 0.0068 
       h0375  2 0.9889 0.0111 
       h0385  2 0.9816 0.0184 
       h0395  2 0.9912 0.0088 
       h0405  2 0.9479 0.0521 
       h0415  2 0.9794 0.0206 
       h0425  2 0.9911 0.0089 
       h0435  2 0.9905 0.0095 
       h0445  2 0.9899 0.0101 
       h0455  2 0.9916 0.0084 
       h0465  2 0.9924 0.0076 
       h0475  2 0.9431 0.0569 
       h0485  2 0.9789 0.0211 
       h0495  2 0.9795 0.0205 
       h0505  2 0.9854 0.0146 
       h0515  2 0.9940 0.0060 
       h0525  2 0.9901 0.0099 
       h0535  2 0.9685 0.0315 
       h0545  2 0.9608 0.0392 
       h0555  2 0.9901 0.0099 
       h0565  2 0.9782 0.0218 
       h0575  2 0.9498 0.0502 
       h0585  2 0.9879 0.0121 
       h0595  2 0.9925 0.0075 
       h0605  2 0.9905 0.0095 
       h0615  2 0.9914 0.0086 
       h0625  2 0.9939 0.0061 
       h0635  2 0.9910 0.0090 
       h0645  2 0.9873 0.0127 
       h0655  2 0.9872 0.0128 
       h0665  2 0.9924 0.0076 
       h0675  2 0.9833 0.0167 
       h0685  2 0.9926 0.0074 
       h0695  2 0.9656 0.0344 
       h0705  2 0.9927 0.0073 
       h0715  2 0.9943 0.0057 
       h0725  2 0.9910 0.0090 
       h0735  2 0.9761 0.0239 
       h0745  2 0.9946 0.0054 
       h0755  2 0.9876 0.0124 
       h0765  2 0.9830 0.0170 
       h0775  2 0.9912 0.0088 
       h0785  2 0.9886 0.0114 
       h0795  2 0.9678 0.0322 
       h0805  2 0.9805 0.0195 
       h0815  2 0.9894 0.0106 
       h0825  2 0.9924 0.0076 
       h0835  2 0.9907 0.0093 
       h0845  2 0.9713 0.0287 
       h0855  2 0.9778 0.0222 
       h0865  2 0.9899 0.0101 
       h0875  2 0.9839 0.0161 
       h0885  2 0.9907 0.0093 
       h0895  2 0.9896 0.0104 
       h0905  2 0.9919 0.0081 
       h0915  2 0.9903 0.0097 
       h0925  2 0.9778 0.0222 
       h0935  2 0.9900 0.0100 
       h0945  2 0.9936 0.0064 
       h0955  2 0.9496 0.0504 
       h0965  2 0.9883 0.0117 
       h0975  2 0.9951 0.0049 
       h0985  2 0.9877 0.0123 
       h0995  2 0.9848 0.0152 
       h1005  2 0.9935 0.0065 
        h101  2 0.9877 0.0123 
        h102  2 0.9586 0.0414 
        h103  2 0.9910 0.0090 
        h104  2 0.9947 0.0053 
        h105  2 0.9879 0.0121 
        h106  2 0.9954 0.0046 
        h107  2 0.9930 0.0070 
        h108  2 0.9895 0.0105 
        h109  2 0.9883 0.0117 
        h110  2 0.9884 0.0116 
        h111  2 0.9934 0.0066 
        h112  2 0.9638 0.0362 
        h113  2 0.9903 0.0097 
        h114  2 0.9935 0.0065 
        h115  2 0.9940 0.0060 
        h116  2 0.9833 0.0167 
        h117  2 0.9865 0.0135 
        h118  2 0.9901 0.0099 
        h119  2 0.9920 0.0080 
        h120  2 0.9835 0.0165 
        h121  2 0.9854 0.0146 
        h122  2 0.9920 0.0080 
        h123  2 0.9427 0.0573 
        h124  2 0.9547 0.0453 
        h125  2 0.9925 0.0075 
        h126  2 0.9886 0.0114 
        h127  2 0.9928 0.0072 
        h128  2 0.9914 0.0086 
        h129  2 0.9485 0.0515 
        h130  2 0.9953 0.0047 
        h131  2 0.9867 0.0133 
        h132  2 0.9828 0.0172 
        h133  2 0.9830 0.0170 
        h134  2 0.9918 0.0082 
        h135  2 0.9824 0.0176 
        h136  2 0.9889 0.0111 
        h137  2 0.9944 0.0056 
        h138  2 0.9916 0.0084 
        h139  2 0.9888 0.0112 
        h140  2 0.9935 0.0065 
        h141  2 0.9955 0.0045 
        h142  2 0.9913 0.0087 
        h143  2 0.9944 0.0056 
        h144  2 0.9926 0.0074 
        h145  2 0.9920 0.0080 
        h146  2 0.9844 0.0156 
        h147  2 0.9915 0.0085 
        h148  2 0.9889 0.0111 
        h149  2 0.9933 0.0067 
        h150  2 0.9628 0.0372 
        h151  2 0.9885 0.0115 
        h152  2 0.9850 0.0150 
        h153  2 0.9925 0.0075 
        h154  2 0.9884 0.0116 
        h155  2 0.9914 0.0086 
        h156  2 0.9897 0.0103 
        h157  2 0.9852 0.0148 
        h158  2 0.9940 0.0060 
        h159  2 0.9699 0.0301 
        h160  2 0.9942 0.0058 
        h161  2 0.9893 0.0107 
        h162  2 0.9763 0.0237 
        h163  2 0.9936 0.0064 
        h164  2 0.9947 0.0053 
        h165  2 0.9894 0.0106 
        h166  2 0.9943 0.0057 
        h167  2 0.9934 0.0066 
        h168  2 0.9893 0.0107 
        h169  2 0.9924 0.0076 
        h170  2 0.9781 0.0219 
        h171  2 0.9819 0.0181 
        h172  2 0.9908 0.0092 
        h173  2 0.9928 0.0072 
        h174  2 0.9892 0.0108 
        h175  2 0.9928 0.0072 
        h176  2 0.9931 0.0069 
        h177  2 0.9893 0.0107 
        h178  2 0.9915 0.0085 
        h179  2 0.9767 0.0233 
        h180  2 0.9908 0.0092 
        h181  2 0.9927 0.0073 
        h182  2 0.9898 0.0102 
        h183  2 0.9701 0.0299 
        h184  2 0.9943 0.0057 
        h185  2 0.9933 0.0067 
        h186  2 0.9689 0.0311 
        h187  2 0.9802 0.0198 
        h188  2 0.9838 0.0162 
        h189  2 0.9910 0.0090 
        h190  2 0.9904 0.0096 
        h191  2 0.9841 0.0159 
        h192  2 0.9924 0.0076 
        h193  2 0.9864 0.0136 
        h194  2 0.9557 0.0443 
        h195  2 0.9763 0.0237 
        h196  2 0.9850 0.0150 
        h197  2 0.9903 0.0097 
        h198  2 0.9886 0.0114 
        h199  2 0.9899 0.0101 
        h200  2 0.9932 0.0068 
        h201  2 0.9927 0.0073 
        h202  2 0.9558 0.0442 
        h203  2 0.9899 0.0101 
        h204  2 0.9777 0.0223 
        h205  2 0.9867 0.0133 
        h206  2 0.9893 0.0107 
        h207  2 0.9907 0.0093 
        h208  2 0.9872 0.0128 
        h209  2 0.9949 0.0051 
        h210  2 0.9551 0.0449 
        h211  2 0.9884 0.0116 
        h212  2 0.9902 0.0098 
        h213  2 0.9903 0.0097 
        h214  2 0.9894 0.0106 
        h215  2 0.9843 0.0157 
        h216  2 0.9898 0.0102 
        h217  2 0.9896 0.0104 
        h218  2 0.9915 0.0085 
        h219  2 0.9875 0.0125 
        h220  2 0.9935 0.0065 
        h221  2 0.9854 0.0146 
        h222  2 0.9911 0.0089 
        h223  2 0.9883 0.0117 
        h224  2 0.9929 0.0071 
        h225  2 0.9823 0.0177 
        h226  2 0.9809 0.0191 
        h227  2 0.9870 0.0130 
        h228  2 0.9856 0.0144 
        h229  2 0.9895 0.0105 
        h230  2 0.9931 0.0069 
        h231  2 0.9913 0.0087 
        h232  2 0.9918 0.0082 
        h233  2 0.9915 0.0085 
        h234  2 0.9898 0.0102 
        h235  2 0.9934 0.0066 
        h236  2 0.9842 0.0158 
        h237  2 0.9940 0.0060 
        h238  2 0.9873 0.0127 
        h239  2 0.9879 0.0121 
        h240  2 0.9913 0.0087 
        h241  2 0.9833 0.0167 
        h242  2 0.9791 0.0209 
        h243  2 0.9939 0.0061 
        h244  2 0.9880 0.0120 
        h245  2 0.9516 0.0484 
        h246  2 0.9924 0.0076 
        h247  2 0.9932 0.0068 
        h248  2 0.9810 0.0190 
        h249  2 0.9814 0.0186 
        h250  2 0.9882 0.0118 
        h251  2 0.9943 0.0057 
        h252  2 0.9838 0.0162 
        h253  2 0.9912 0.0088 
        h254  2 0.9812 0.0188 
        h255  2 0.9761 0.0239 
        h256  2 0.9760 0.0240 
        h257  2 0.9865 0.0135 
        h258  2 0.9908 0.0092 
        h259  2 0.9729 0.0271 
        h260  2 0.9834 0.0166 
        h261  2 0.9881 0.0119 
        h262  2 0.9935 0.0065 
        h263  2 0.9897 0.0103 
        h264  2 0.9932 0.0068 
        h265  2 0.9895 0.0105 
        h266  2 0.9923 0.0077 
        h267  2 0.9900 0.0100 
        h268  2 0.9916 0.0084 
        h269  2 0.9821 0.0179 
        h270  2 0.9916 0.0084 
        h271  2 0.9827 0.0173 
        h272  2 0.9908 0.0092 
        h273  2 0.9913 0.0087 
        h274  2 0.9941 0.0059 
        h275  2 0.9708 0.0292 
        h276  2 0.9908 0.0092 
        h277  2 0.9899 0.0101 
        h278  2 0.9795 0.0205 
        h279  2 0.9337 0.0663 
        h280  2 0.9904 0.0096 
        h281  2 0.9899 0.0101 
        h282  2 0.9882 0.0118 
        h283  2 0.9849 0.0151 
        h284  2 0.9837 0.0163 
        h285  2 0.9850 0.0150 
        h286  2 0.9951 0.0049 
        h287  2 0.9842 0.0158 
        h288  2 0.9910 0.0090 
        h289  2 0.9937 0.0063 
        h290  2 0.9926 0.0074 
        h291  2 0.9896 0.0104 
        h292  2 0.9756 0.0244 
        h293  2 0.9928 0.0072 
        h294  2 0.9927 0.0073 
        h295  2 0.9838 0.0162 
        h296  2 0.9909 0.0091 
        h297  2 0.9897 0.0103 
        h298  2 0.9878 0.0122 
        h299  2 0.9916 0.0084 
        h300  2 0.9924 0.0076 
        h301  2 0.9912 0.0088 
        h302  2 0.9891 0.0109 
        h303  2 0.9444 0.0556 
        h304  2 0.9939 0.0061 
        h305  2 0.9931 0.0069 
        h306  2 0.9388 0.0612 
        h307  2 0.9914 0.0086 
        h308  2 0.9894 0.0106 
        h309  2 0.9897 0.0103 
        h310  2 0.9753 0.0247 
        h311  2 0.9736 0.0264 
        h312  2 0.9926 0.0074 
        h313  2 0.9898 0.0102 
        h314  2 0.9924 0.0076 
        h315  2 0.9848 0.0152 
        h316  2 0.9903 0.0097 
        h317  2 0.9792 0.0208 
        h318  2 0.9851 0.0149 
        h319  2 0.9910 0.0090 
        h320  2 0.9180 0.0820 
        h321  2 0.9929 0.0071 
        h322  2 0.9825 0.0175 
        h323  2 0.9844 0.0156 
        h324  2 0.9932 0.0068 
        h325  2 0.9921 0.0079 
        h326  2 0.9793 0.0207 
        h327  2 0.9912 0.0088 
        h328  2 0.9907 0.0093 
        h329  2 0.9897 0.0103 
        h330  2 0.9874 0.0126 
        h331  2 0.9810 0.0190 
        h332  2 0.9935 0.0065 
        h333  2 0.9920 0.0080 
        h334  2 0.9939 0.0061 
        h335  2 0.9794 0.0206 
        h336  2 0.9910 0.0090 
        h337  2 0.9204 0.0796 
        h338  2 0.9914 0.0086 
        h339  2 0.9888 0.0112 
        h340  2 0.9813 0.0187 
        h341  2 0.9875 0.0125 
        h342  2 0.9885 0.0115 
        h343  2 0.9786 0.0214 
        h344  2 0.9908 0.0092 
        h345  2 0.9832 0.0168 
        h346  2 0.9833 0.0167 
        h347  2 0.9874 0.0126 
        h348  2 0.9927 0.0073 
        h349  2 0.9842 0.0158 
        h350  2 0.9832 0.0168 
        h351  2 0.9903 0.0097 
        h352  2 0.9907 0.0093 
        h353  2 0.9868 0.0132 
        h354  2 0.9892 0.0108 
        h355  2 0.9945 0.0055 
        h356  2 0.9883 0.0117 
        h357  2 0.9622 0.0378 
        h358  2 0.9871 0.0129 
        h359  2 0.9946 0.0054 
        h360  2 0.9937 0.0063 
        h361  2 0.9933 0.0067 
        h362  2 0.9869 0.0131 
        h363  2 0.9846 0.0154 
        h364  2 0.9934 0.0066 
        h365  2 0.9935 0.0065 
        h366  2 0.9898 0.0102 
        h367  2 0.9905 0.0095 
        h368  2 0.9750 0.0250 
        h369  2 0.9769 0.0231 
        h370  2 0.9931 0.0069 
        h371  2 0.9900 0.0100 
        h372  2 0.9848 0.0152 
        h373  2 0.9954 0.0046 
        h374  2 0.9914 0.0086 
        h375  2 0.9840 0.0160 
        h376  2 0.9699 0.0301 
        h377  2 0.9946 0.0054 
        h378  2 0.9953 0.0047 
        h379  2 0.9898 0.0102 
        h380  2 0.9948 0.0052 
        h381  2 0.9760 0.0240 
        h382  2 0.9894 0.0106 
        h383  2 0.9922 0.0078 
        h384  2 0.9888 0.0112 
        h385  2 0.9873 0.0127 
        h386  2 0.9931 0.0069 
        h387  2 0.9886 0.0114 
        h388  2 0.9754 0.0246 
        h389  2 0.9493 0.0507 
        h390  2 0.9911 0.0089 
        h391  2 0.9888 0.0112 
        h392  2 0.9835 0.0165 
        h393  2 0.9869 0.0131 
        h394  2 0.9932 0.0068 
        h395  2 0.9925 0.0075 
        h396  2 0.9903 0.0097 
        h397  2 0.9781 0.0219 
        h398  2 0.9786 0.0214 
        h399  2 0.9763 0.0237 
        h400  2 0.9933 0.0067 
        h001  3 0.6211 0.3789 
        h002  3 0.7466 0.2534 
        h003  3 0.7323 0.2677 
        h004  3 0.8269 0.1731 
        h005  3 0.8302 0.1698 
        h006  3 0.9725 0.0275 
        h007  3 0.9899 0.0101 
        h008  3 0.8964 0.1036 
        h009  3 0.9211 0.0789 
        h010  3 0.8866 0.1134 
        h011  3 0.8757 0.1243 
        h012  3 0.9299 0.0701 
        h013  3 0.8750 0.1250 
        h014  3 0.8636 0.1364 
        h015  3 0.7722 0.2278 
        h016  3 0.8961 0.1039 
        h017  3 0.7679 0.2321 
        h018  3 0.9929 0.0071 
        h019  3 0.4710 0.5290 
        h020  3 0.9683 0.0317 
        h021  3 0.9882 0.0118 
        h022  3 0.6821 0.3179 
        h023  3 0.9817 0.0183 
        h024  3 0.8978 0.1022 
        h025  3 0.9695 0.0305 
        h026  3 0.8730 0.1270 
        h027  3 0.8108 0.1892 
        h028  3 0.8868 0.1132 
        h029  3 0.8704 0.1296 
        h030  3 0.9235 0.0765 
        h031  3 0.9739 0.0261 
        h032  3 0.9353 0.0647 
        h033  3 0.8981 0.1019 
        h034  3 0.9780 0.0220 
        h035  3 0.9055 0.0945 
        h036  3 0.8977 0.1023 
        h037  3 0.9228 0.0772 
        h038  3 0.9404 0.0596 
        h039  3 0.8680 0.1320 
        h040  3 0.9050 0.0950 
        h041  3 0.9226 0.0774 
        h042  3 0.8365 0.1635 
        h043  3 0.9683 0.0317 
        h044  3 0.6762 0.3238 
        h045  3 0.8385 0.1615 
        h046  3 0.9116 0.0884 
        h047  3 0.8921 0.1079 
        h048  3 0.8453 0.1547 
        h049  3 0.7588 0.2412 
        h050  3 0.9681 0.0319 
        h051  3 0.9776 0.0224 
        h052  3 0.9679 0.0321 
        h053  3 0.9496 0.0504 
        h054  3 0.9118 0.0882 
        h055  3 0.9634 0.0366 
        h056  3 0.7355 0.2645 
        h057  3 0.9638 0.0362 
        h058  3 0.8983 0.1017 
        h059  3 0.9848 0.0152 
        h060  3 0.8085 0.1915 
        h061  3 0.9240 0.0760 
        h062  3 0.9900 0.0100 
        h063  3 0.8726 0.1274 
        h064  3 0.6808 0.3192 
        h065  3 0.9050 0.0950 
        h066  3 0.9190 0.0810 
        h067  3 0.9135 0.0865 
        h068  3 0.9639 0.0361 
        h069  3 0.8303 0.1697 
        h070  3 0.8798 0.1202 
        h071  3 0.9860 0.0140 
        h072  3 0.7154 0.2846 
        h073  3 0.9104 0.0896 
        h074  3 0.9211 0.0789 
        h075  3 0.8187 0.1813 
        h076  3 0.8147 0.1853 
        h077  3 0.9547 0.0453 
        h078  3 0.8936 0.1064 
        h079  3 0.8721 0.1279 
        h080  3 0.9794 0.0206 
        h081  3 0.8155 0.1845 
        h082  3 0.9849 0.0151 
        h083  3 0.8565 0.1435 
        h084  3 0.7442 0.2558 
        h085  3 0.8199 0.1801 
        h086  3 0.9122 0.0878 
        h087  3 0.9807 0.0193 
        h088  3 0.9835 0.0165 
        h089  3 0.9543 0.0457 
        h090  3 0.9897 0.0103 
        h091  3 0.7818 0.2182 
        h092  3 0.9588 0.0412 
        h093  3 0.8658 0.1342 
        h094  3 0.9873 0.0127 
        h095  3 0.9934 0.0066 
        h096  3 0.8890 0.1110 
        h097  3 0.8342 0.1658 
        h098  3 0.8830 0.1170 
        h099  3 0.9824 0.0176 
        h100  3 0.9867 0.0133 
       h0011  4 0.5763 0.4237 
       h0021  4 0.6622 0.3378 
       h0031  4 0.9745 0.0255 
       h0041  4 0.8867 0.1133 
       h0051  4 0.7316 0.2684 
       h0061  4 0.8579 0.1421 
       h0071  4 0.9766 0.0234 
       h0081  4 0.8117 0.1883 
       h0091  4 0.8249 0.1751 
       h0101  4 0.7388 0.2612 
       h0111  4 0.8513 0.1487 
       h0121  4 0.7551 0.2449 
       h0131  4 0.5930 0.4070 
       h0141  4 0.6667 0.3333 
       h0151  4 0.6446 0.3554 
       h0161  4 0.8006 0.1994 
       h0171  4 0.6819 0.3181 
       h0181  4 0.7166 0.2834 
       h0191  4 0.9609 0.0391 
       h0201  4 0.9003 0.0997 
       h0211  4 0.7953 0.2047 
       h0221  4 0.7912 0.2088 
       h0231  4 0.7950 0.2050 
       h0241  4 0.7290 0.2710 
       h0251  4 0.6297 0.3703 
       h0261  4 0.7551 0.2449 
       h0271  4 0.8461 0.1539 
       h0281  4 0.8035 0.1965 
       h0291  4 0.9056 0.0944 
       h0301  4 0.8046 0.1954 
       h0311  4 0.8567 0.1433 
       h0321  4 0.8586 0.1414 
       h0331  4 0.6601 0.3399 
       h0341  4 0.8078 0.1922 
       h0351  4 0.6533 0.3467 
       h0361  4 0.9386 0.0614 
       h0371  4 0.6615 0.3385 
       h0381  4 0.6939 0.3061 
       h0391  4 0.9125 0.0875 
       h0401  4 0.7595 0.2405 
       h0411  4 0.7081 0.2919 
       h0421  4 0.7521 0.2479 
       h0431  4 0.6136 0.3864 
       h0441  4 0.8686 0.1314 
       h0451  4 0.5189 0.4811 
       h0461  4 0.8640 0.1360 
       h0471  4 0.7757 0.2243 
       h0481  4 0.7883 0.2117 
       h0491  4 0.8515 0.1485 
       h0501  4 0.9670 0.0330 
       h0511  4 0.8099 0.1901 
       h0521  4 0.6907 0.3093 
       h0531  4 0.7600 0.2400 
       h0541  4 0.7457 0.2543 
       h0551  4 0.8569 0.1431 
       h0561  4 0.6291 0.3709 
       h0571  4 0.7905 0.2095 
       h0581  4 0.5206 0.4794 
       h0591  4 0.7336 0.2664 
       h0601  4 0.6323 0.3677 
       h0611  4 0.9593 0.0407 
       h0621  4 0.7751 0.2249 
       h0631  4 0.9487 0.0513 
       h0641  4 0.6687 0.3313 
       h0651  4 0.8459 0.1541 
       h0661  4 0.7037 0.2963 
       h0671  4 0.6944 0.3056 
       h0681  4 0.9664 0.0336 
       h0691  4 0.6447 0.3553 
       h0701  4 0.6846 0.3154 
       h0711  4 0.9101 0.0899 
       h0721  4 0.6013 0.3987 
       h0731  4 0.9195 0.0805 
       h0741  4 0.9616 0.0384 
       h0751  4 0.8550 0.1450 
       h0761  4 0.6301 0.3699 
       h0771  4 0.7475 0.2525 
       h0781  4 0.7037 0.2963 
       h0791  4 0.8440 0.1560 
       h0801  4 0.8256 0.1744 
       h0811  4 0.7175 0.2825 
       h0821  4 0.8587 0.1413 
       h0831  4 0.6720 0.3280 
       h0841  4 0.6959 0.3041 
       h0851  4 0.6902 0.3098 
       h0861  4 0.8878 0.1122 
       h0871  4 0.7460 0.2540 
       h0881  4 0.7003 0.2997 
       h0891  4 0.8682 0.1318 
       h0901  4 0.6861 0.3139 
       h0911  4 0.8480 0.1520 
       h0921  4 0.7000 0.3000 
       h0931  4 0.9352 0.0648 
       h0941  4 0.9219 0.0781 
       h0951  4 0.7780 0.2220 
       h0961  4 0.8095 0.1905 
       h0971  4 0.7187 0.2813 
       h0981  4 0.7457 0.2543 
       h0991  4 0.7044 0.2956 
       h1001  4 0.6799 0.3201 
       h0012  5 0.4553 0.5447 
       h0022  5 0.5741 0.4259 
       h0032  5 0.4230 0.5770 
       h0042  5 0.3430 0.6570 
       h0052  5 0.4269 0.5731 
       h0062  5 0.5668 0.4332 
       h0072  5 0.5250 0.4750 
       h0082  5 0.7008 0.2992 
       h0092  5 0.4770 0.5230 
       h0102  5 0.4237 0.5763 
       h0112  5 0.5011 0.4989 
       h0122  5 0.6125 0.3875 
       h0132  5 0.6349 0.3651 
       h0142  5 0.4775 0.5225 
       h0152  5 0.4954 0.5046 
       h0162  5 0.6500 0.3500 
       h0172  5 0.5507 0.4493 
       h0182  5 0.6319 0.3681 
       h0192  5 0.5596 0.4404 
       h0202  5 0.4297 0.5703 
       h0212  5 0.5328 0.4672 
       h0222  5 0.5266 0.4734 
       h0232  5 0.4847 0.5153 
       h0242  5 0.5626 0.4374 
       h0252  5 0.5836 0.4164 
       h0262  5 0.5463 0.4537 
       h0272  5 0.4755 0.5245 
       h0282  5 0.5042 0.4958 
       h0292  5 0.4452 0.5548 
       h0302  5 0.3548 0.6452 
       h0312  5 0.5568 0.4432 
       h0322  5 0.4970 0.5030 
       h0332  5 0.5346 0.4654 
       h0342  5 0.4482 0.5518 
       h0352  5 0.5394 0.4606 
       h0362  5 0.5300 0.4700 
       h0372  5 0.4817 0.5183 
       h0382  5 0.5624 0.4376 
       h0392  5 0.3917 0.6083 
       h0402  5 0.5175 0.4825 
       h0412  5 0.6618 0.3382 
       h0422  5 0.4612 0.5388 
       h0432  5 0.5952 0.4048 
       h0442  5 0.6153 0.3847 
       h0452  5 0.3982 0.6018 
       h0462  5 0.5604 0.4396 
       h0472  5 0.6525 0.3475 
       h0482  5 0.6134 0.3866 
       h0492  5 0.5061 0.4939 
       h0502  5 0.4642 0.5358 
       h0512  5 0.4678 0.5322 
       h0522  5 0.5126 0.4874 
       h0532  5 0.5411 0.4589 
       h0542  5 0.5973 0.4027 
       h0552  5 0.4632 0.5368 
       h0562  5 0.5691 0.4309 
       h0572  5 0.3643 0.6357 
       h0582  5 0.5060 0.4940 
       h0592  5 0.5952 0.4048 
       h0602  5 0.4497 0.5503 
       h0612  5 0.6424 0.3576 
       h0622  5 0.4631 0.5369 
       h0632  5 0.4081 0.5919 
       h0642  5 0.5237 0.4763 
       h0652  5 0.5429 0.4571 
       h0662  5 0.4066 0.5934 
       h0672  5 0.4778 0.5222 
       h0682  5 0.5090 0.4910 
       h0692  5 0.5765 0.4235 
       h0702  5 0.5758 0.4242 
       h0712  5 0.4969 0.5031 
       h0722  5 0.4699 0.5301 
       h0732  5 0.4397 0.5603 
       h0742  5 0.6575 0.3425 
       h0752  5 0.5474 0.4526 
       h0762  5 0.3832 0.6168 
       h0772  5 0.3111 0.6889 
       h0782  5 0.3792 0.6208 
       h0792  5 0.4456 0.5544 
       h0802  5 0.4932 0.5068 
       h0812  5 0.4296 0.5704 
       h0822  5 0.8320 0.1680 
       h0832  5 0.5957 0.4043 
       h0842  5 0.4114 0.5886 
       h0852  5 0.6125 0.3875 
       h0862  5 0.5496 0.4504 
       h0872  5 0.4638 0.5362 
       h0882  5 0.5309 0.4691 
       h0892  5 0.4411 0.5589 
       h0902  5 0.4655 0.5345 
       h0912  5 0.5615 0.4385 
       h0922  5 0.5114 0.4886 
       h0932  5 0.4779 0.5221 
       h0942  5 0.5668 0.4332 
       h0952  5 0.4676 0.5324 
       h0962  5 0.5360 0.4640 
       h0972  5 0.4220 0.5780 
       h0982  5 0.3691 0.6309 
       h0992  5 0.6255 0.3745 
       h1002  5 0.5501 0.4499 
       h0013  6 0.2013 0.7987 
       h0023  6 0.2971 0.7029 
       h0033  6 0.1215 0.8785 
       h0043  6 0.2048 0.7952 
       h0053  6 0.2221 0.7779 
       h0063  6 0.2704 0.7296 
       h0073  6 0.2051 0.7949 
       h0083  6 0.2312 0.7688 
       h0093  6 0.2103 0.7897 
       h0103  6 0.3214 0.6786 
       h0113  6 0.2559 0.7441 
       h0123  6 0.2124 0.7876 
       h0133  6 0.2581 0.7419 
       h0143  6 0.2338 0.7662 
       h0153  6 0.2624 0.7376 
       h0163  6 0.4009 0.5991 
       h0173  6 0.4797 0.5203 
       h0183  6 0.1982 0.8018 
       h0193  6 0.0337 0.9663 
       h0203  6 0.3070 0.6930 
       h0213  6 0.2581 0.7419 
       h0223  6 0.1719 0.8281 
       h0233  6 0.4451 0.5549 
       h0243  6 0.1132 0.8868 
       h0253  6 0.3180 0.6820 
       h0263  6 0.2334 0.7666 
       h0273  6 0.1500 0.8500 
       h0283  6 0.3227 0.6773 
       h0293  6 0.2862 0.7138 
       h0303  6 0.3615 0.6385 
       h0313  6 0.2389 0.7611 
       h0323  6 0.2644 0.7356 
       h0333  6 0.4311 0.5689 
       h0343  6 0.2181 0.7819 
       h0353  6 0.1756 0.8244 
       h0363  6 0.3986 0.6014 
       h0373  6 0.1440 0.8560 
       h0383  6 0.3767 0.6233 
       h0393  6 0.2520 0.7480 
       h0403  6 0.2597 0.7403 
       h0413  6 0.3397 0.6603 
       h0423  6 0.2623 0.7377 
       h0433  6 0.2365 0.7635 
       h0443  6 0.1122 0.8878 
       h0453  6 0.1529 0.8471 
       h0463  6 0.2971 0.7029 
       h0473  6 0.3296 0.6704 
       h0483  6 0.2048 0.7952 
       h0493  6 0.4386 0.5614 
       h0503  6 0.3491 0.6509 
       h0513  6 0.1250 0.8750 
       h0523  6 0.2231 0.7769 
       h0533  6 0.1066 0.8934 
       h0543  6 0.2956 0.7044 
       h0553  6 0.1548 0.8452 
       h0563  6 0.1644 0.8356 
       h0573  6 0.2583 0.7417 
       h0583  6 0.1433 0.8567 
       h0593  6 0.1789 0.8211 
       h0603  6 0.3114 0.6886 
       h0613  6 0.2685 0.7315 
       h0623  6 0.2886 0.7114 
       h0633  6 0.3340 0.6660 
       h0643  6 0.1738 0.8262 
       h0653  6 0.1803 0.8197 
       h0663  6 0.1003 0.8997 
       h0673  6 0.2124 0.7876 
       h0683  6 0.2789 0.7211 
       h0693  6 0.3040 0.6960 
       h0703  6 0.3611 0.6389 
       h0713  6 0.2042 0.7958 
       h0723  6 0.2288 0.7712 
       h0733  6 0.2033 0.7967 
       h0743  6 0.3622 0.6378 
       h0753  6 0.3559 0.6441 
       h0763  6 0.2022 0.7978 
       h0773  6 0.3065 0.6935 
       h0783  6 0.2311 0.7689 
       h0793  6 0.2162 0.7838 
       h0803  6 0.1803 0.8197 
       h0813  6 0.3983 0.6017 
       h0823  6 0.3092 0.6908 
       h0833  6 0.3268 0.6732 
       h0843  6 0.2555 0.7445 
       h0853  6 0.2357 0.7643 
       h0863  6 0.3258 0.6742 
       h0873  6 0.2076 0.7924 
       h0883  6 0.3299 0.6701 
       h0893  6 0.1953 0.8047 
       h0903  6 0.1425 0.8575 
       h0913  6 0.3741 0.6259 
       h0923  6 0.0241 0.9759 
       h0933  6 0.3251 0.6749 
       h0943  6 0.3098 0.6902 
       h0953  6 0.2053 0.7947 
       h0963  6 0.1593 0.8407 
       h0973  6 0.3501 0.6499 
       h0983  6 0.3016 0.6984 
       h0993  6 0.1047 0.8953 
       h1003  6 0.1830 0.8170 
       h0014  7 0.1551 0.8449 
       h0024  7 0.0166 0.9834 
       h0034  7 0.1801 0.8199 
       h0044  7 0.1436 0.8564 
       h0054  7 0.1760 0.8240 
       h0064  7 0.2715 0.7285 
       h0074  7 0.0734 0.9266 
       h0084  7 0.0600 0.9400 
       h0094  7 0.1719 0.8281 
       h0104  7 0.1788 0.8212 
       h0114  7 0.3299 0.6701 
       h0124  7 0.1215 0.8785 
       h0134  7 0.0472 0.9528 
       h0144  7 0.1957 0.8043 
       h0154  7 0.2074 0.7926 
       h0164  7 0.0447 0.9553 
       h0174  7 0.1506 0.8494 
       h0184  7 0.0491 0.9509 
       h0194  7 0.2671 0.7329 
       h0204  7 0.0098 0.9902 
       h0214  7 0.0777 0.9223 
       h0224  7 0.1859 0.8141 
       h0234  7 0.1891 0.8109 
       h0244  7 0.0568 0.9432 
       h0254  7 0.1428 0.8572 
       h0264  7 0.1126 0.8874 
       h0274  7 0.2169 0.7831 
       h0284  7 0.2087 0.7913 
       h0294  7 0.1690 0.8310 
       h0304  7 0.0708 0.9292 
       h0314  7 0.2763 0.7237 
       h0324  7 0.2482 0.7518 
       h0334  7 0.0525 0.9475 
       h0344  7 0.2806 0.7194 
       h0354  7 0.1068 0.8932 
       h0364  7 0.0462 0.9538 
       h0374  7 0.0981 0.9019 
       h0384  7 0.2334 0.7666 
       h0394  7 0.0472 0.9528 
       h0404  7 0.0840 0.9160 
       h0414  7 0.2616 0.7384 
       h0424  7 0.0755 0.9245 
       h0434  7 0.2433 0.7567 
       h0444  7 0.2261 0.7739 
       h0454  7 0.2001 0.7999 
       h0464  7 0.1928 0.8072 
       h0474  7 0.1063 0.8937 
       h0484  7 0.1886 0.8114 
       h0494  7 0.0886 0.9114 
       h0504  7 0.1364 0.8636 
       h0514  7 0.0382 0.9618 
       h0524  7 0.0972 0.9028 
       h0534  7 0.0095 0.9905 
       h0544  7 0.1544 0.8456 
       h0554  7 0.1159 0.8841 
       h0564  7 0.0661 0.9339 
       h0574  7 0.1673 0.8327 
       h0584  7 0.2476 0.7524 
       h0594  7 0.1355 0.8645 
       h0604  7 0.2944 0.7056 
       h0614  7 0.0606 0.9394 
       h0624  7 0.1618 0.8382 
       h0634  7 0.1363 0.8637 
       h0644  7 0.0857 0.9143 
       h0654  7 0.0437 0.9563 
       h0664  7 0.3345 0.6655 
       h0674  7 0.2048 0.7952 
       h0684  7 0.0084 0.9916 
       h0694  7 0.0104 0.9896 
       h0704  7 0.1182 0.8818 
       h0714  7 0.0538 0.9462 
       h0724  7 0.1668 0.8332 
       h0734  7 0.1442 0.8558 
       h0744  7 0.2059 0.7941 
       h0754  7 0.0540 0.9460 
       h0764  7 0.0293 0.9707 
       h0774  7 0.1915 0.8085 
       h0784  7 0.0535 0.9465 
       h0794  7 0.0823 0.9177 
       h0804  7 0.1257 0.8743 
       h0814  7 0.0105 0.9895 
       h0824  7 0.1695 0.8305 
       h0834  7 0.0496 0.9504 
       h0844  7 0.2090 0.7910 
       h0854  7 0.3082 0.6918 
       h0864  7 0.1609 0.8391 
       h0874  7 0.0528 0.9472 
       h0884  7 0.0391 0.9609 
       h0894  7 0.1554 0.8446 
       h0904  7 0.2012 0.7988 
       h0914  7 0.0078 0.9922 
       h0924  7 0.0072 0.9928 
       h0934  7 0.0474 0.9526 
       h0944  7 0.0772 0.9228 
       h0954  7 0.2539 0.7461 
       h0964  7 0.3322 0.6678 
       h0974  7 0.0385 0.9615 
       h0984  7 0.1360 0.8640 
       h0994  7 0.0524 0.9476 
       h1004  7 0.1657 0.8343 
     CK.0PLA  8 0.0109 0.9891 
     CK.0PLC  8 0.0146 0.9854 
     CK.0PLE  8 0.0066 0.9934 
     CK.0PLF  8 0.0327 0.9673 
     CK.0PLH  8 0.0075 0.9925 
     CK.0PLJ  8 0.0090 0.9910 
     CK.0PLK  8 0.0056 0.9944 
     CK.0PLL  8 0.0087 0.9913 
     CK.0PLM  8 0.0077 0.9923 
     CK.0PLP  8 0.0076 0.9924 
     CK.0PLT  8 0.0052 0.9948 
     CK.0PLU  8 0.0069 0.9931 
     CK.0PLX  8 0.0166 0.9834 
     CK.0PLY  8 0.0051 0.9949 
     CK.0PM0  8 0.0065 0.9935 
     CK.0PM1  8 0.0058 0.9942 
     CK.0PM2  8 0.0078 0.9922 
     CK.0PM3  8 0.0094 0.9906 
     CK.0PM4  8 0.0110 0.9890 
     CK.0PM7  8 0.0064 0.9936 
     CK.0PM8  8 0.0054 0.9946 
     CK.0PMA  8 0.0096 0.9904 
       M2C06  8 0.0064 0.9936 
       M2C07  8 0.0050 0.9950 
       M2C08  8 0.0049 0.9951 
       M2C0A  8 0.0066 0.9934 
       M2C0C  8 0.0057 0.9943 
       M2C0E  8 0.0064 0.9936 
      h00111  9 0.0053 0.9947 
      h00211  9 0.0115 0.9885 
      h00311  9 0.0105 0.9895 
      h00411  9 0.0065 0.9935 
      h00511  9 0.0086 0.9914 
      h00611  9 0.0072 0.9928 
      h00711  9 0.0071 0.9929 
      h00811  9 0.0314 0.9686 
      h00911  9 0.0058 0.9942 
      h01011  9 0.0067 0.9933 
      h01111  9 0.0056 0.9944 
      h01211  9 0.0068 0.9932 
      h01311  9 0.0054 0.9946 
      h01411  9 0.0150 0.9850 
      h01511  9 0.0062 0.9938 
      h01611  9 0.0074 0.9926 
      h01711  9 0.0063 0.9937 
      h01811  9 0.0065 0.9935 
      h01911  9 0.0067 0.9933 
      h02011  9 0.0047 0.9953 
      h02111  9 0.0056 0.9944 
      h02211  9 0.0084 0.9916 
      h02311  9 0.0086 0.9914 
      h02411  9 0.0069 0.9931 
      h02511  9 0.0082 0.9918 
      h02611  9 0.0287 0.9713 
      h02711  9 0.0052 0.9948 
      h02811  9 0.0068 0.9932 
      h02911  9 0.0049 0.9951 
      h03011  9 0.0145 0.9855 
      h03111  9 0.0063 0.9937 
      h03211  9 0.0056 0.9944 
      h03311  9 0.0063 0.9937 
      h03411  9 0.0059 0.9941 
      h03511  9 0.0097 0.9903 
      h03611  9 0.0094 0.9906 
      h03711  9 0.0060 0.9940 
      h03811  9 0.0099 0.9901 
      h03911  9 0.0079 0.9921 
      h04011  9 0.0065 0.9935 
      h04111  9 0.0087 0.9913 
      h04211  9 0.0070 0.9930 
      h04311  9 0.0045 0.9955 
      h04411  9 0.0100 0.9900 
      h04511  9 0.0054 0.9946 
      h04611  9 0.0136 0.9864 
      h04711  9 0.0052 0.9948 
      h04811  9 0.0077 0.9923 
      h04911  9 0.0110 0.9890 
      h05011  9 0.0056 0.9944 
      h05111  9 0.0079 0.9921 
      h05211  9 0.0060 0.9940 
      h05311  9 0.0070 0.9930 
      h05411  9 0.0082 0.9918 
      h05511  9 0.0070 0.9930 
      h05611  9 0.0097 0.9903 
      h05711  9 0.0096 0.9904 
      h05811  9 0.0055 0.9945 
      h05911  9 0.0085 0.9915 
      h06011  9 0.0080 0.9920 
      h06111  9 0.0590 0.9410 
      h06211  9 0.0145 0.9855 
      h06311  9 0.0085 0.9915 
      h06411  9 0.0103 0.9897 
      h06511  9 0.0082 0.9918 
      h06611  9 0.0058 0.9942 
      h06711  9 0.0086 0.9914 
      h06811  9 0.0083 0.9917 
      h06911  9 0.0062 0.9938 
      h07011  9 0.0056 0.9944 
      h07111  9 0.0050 0.9950 
      h07211  9 0.0047 0.9953 
      h07311  9 0.0152 0.9848 
      h07411  9 0.0065 0.9935 
      h07511  9 0.0064 0.9936 
      h07611  9 0.0066 0.9934 
      h07711  9 0.0058 0.9942 
      h07811  9 0.0055 0.9945 
      h07911  9 0.0057 0.9943 
      h08011  9 0.0082 0.9918 
      h08111  9 0.0057 0.9943 
      h08211  9 0.0074 0.9926 
      h08311  9 0.0174 0.9826 
      h08411  9 0.0072 0.9928 
      h08511  9 0.0051 0.9949 
      h08611  9 0.0081 0.9919 
      h08711  9 0.0062 0.9938 
      h08811  9 0.0060 0.9940 
      h08911  9 0.0067 0.9933 
      h09011  9 0.0074 0.9926 
      h09111  9 0.0075 0.9925 
      h09211  9 0.0067 0.9933 
      h09311  9 0.0085 0.9915 
      h09411  9 0.0049 0.9951 
      h09511  9 0.0068 0.9932 
      h09611  9 0.0057 0.9943 
      h09711  9 0.0061 0.9939 
      h09811  9 0.0051 0.9949 
      h09911  9 0.0093 0.9907 
      h10011  9 0.0067 0.9933 
       h1011  9 0.0124 0.9876 
       h1021  9 0.0054 0.9946 
       h1031  9 0.0065 0.9935 
       h1041  9 0.0065 0.9935 
       h1051  9 0.0103 0.9897 
       h1061  9 0.0097 0.9903 
       h1071  9 0.0055 0.9945 
       h1081  9 0.0058 0.9942 
       h1091  9 0.0095 0.9905 
       h1101  9 0.0052 0.9948 
       h1111  9 0.0107 0.9893 
       h1121  9 0.0054 0.9946 
       h1131  9 0.0151 0.9849 
       h1141  9 0.0080 0.9920 
       h1151  9 0.0058 0.9942 
       h1161  9 0.0066 0.9934 
       h1171  9 0.0147 0.9853 
       h1181  9 0.0058 0.9942 
       h1191  9 0.0121 0.9879 
       h1201  9 0.0072 0.9928 
       h1211  9 0.0053 0.9947 
       h1221  9 0.0062 0.9938 
       h1231  9 0.0074 0.9926 
       h1241  9 0.0102 0.9898 
       h1251  9 0.0076 0.9924 
       h1261  9 0.0053 0.9947 
       h1271  9 0.0072 0.9928 
       h1281  9 0.0055 0.9945 
       h1291  9 0.0059 0.9941 
       h1301  9 0.0047 0.9953 
       h1311  9 0.0055 0.9945 
       h1321  9 0.0126 0.9874 
       h1331  9 0.0070 0.9930 
       h1341  9 0.0057 0.9943 
       h1351  9 0.0056 0.9944 
       h1361  9 0.0049 0.9951 
       h1371  9 0.0107 0.9893 
       h1381  9 0.0054 0.9946 
       h1391  9 0.0215 0.9785 
       h1401  9 0.0085 0.9915 
       h1411  9 0.0083 0.9917 
       h1421  9 0.0054 0.9946 
       h1431  9 0.0066 0.9934 
       h1441  9 0.0050 0.9950 
       h1451  9 0.0067 0.9933 
       h1461  9 0.0081 0.9919 
       h1471  9 0.0059 0.9941 
       h1481  9 0.0076 0.9924 
       h1491  9 0.0072 0.9928 
       h1501  9 0.0061 0.9939 
       h1511  9 0.0100 0.9900 
       h1521  9 0.0154 0.9846 
       h1531  9 0.0068 0.9932 
       h1541  9 0.0054 0.9946 
       h1551  9 0.0125 0.9875 
       h1561  9 0.0082 0.9918 
       h1571  9 0.0137 0.9863 
       h1581  9 0.0066 0.9934 
       h1591  9 0.0075 0.9925 
       h1601  9 0.0066 0.9934 
       h1611  9 0.0089 0.9911 
       h1621  9 0.0128 0.9872 
       h1631  9 0.0129 0.9871 
       h1641  9 0.0115 0.9885 
       h1651  9 0.0077 0.9923 
       h1661  9 0.0068 0.9932 
       h1671  9 0.0061 0.9939 
       h1681  9 0.0075 0.9925 
       h1691  9 0.0085 0.9915 
       h1701  9 0.0051 0.9949 
       h1711  9 0.0175 0.9825 
       h1721  9 0.0067 0.9933 
       h1731  9 0.0080 0.9920 
       h1741  9 0.0062 0.9938 
       h1751  9 0.0071 0.9929 
       h1761  9 0.0174 0.9826 
       h1771  9 0.0057 0.9943 
       h1781  9 0.0094 0.9906 
       h1791  9 0.0085 0.9915 
       h1801  9 0.0050 0.9950 
       h1811  9 0.0214 0.9786 
       h1821  9 0.0099 0.9901 
       h1831  9 0.0074 0.9926 
       h1841  9 0.0081 0.9919 
       h1851  9 0.0062 0.9938 
       h1861  9 0.0052 0.9948 
       h1871  9 0.0050 0.9950 
       h1881  9 0.0074 0.9926 
       h1891  9 0.0055 0.9945 
       h1901  9 0.0049 0.9951 
       h1911  9 0.0225 0.9775 
       h1921  9 0.0057 0.9943 
       h1931  9 0.0075 0.9925 
       h1941  9 0.0054 0.9946 
       h1951  9 0.0069 0.9931 
       h1961  9 0.0080 0.9920 
       h1971  9 0.0106 0.9894 
       h1981  9 0.0060 0.9940 
       h1991  9 0.0094 0.9906 
       h2001  9 0.0067 0.9933 
       h2011  9 0.0052 0.9948 
       h2021  9 0.0091 0.9909 
       h2031  9 0.0056 0.9944 
       h2041  9 0.0055 0.9945 
       h2051  9 0.0048 0.9952 
       h2061  9 0.0063 0.9937 
       h2071  9 0.0073 0.9927 
       h2081  9 0.0057 0.9943 
       h2091  9 0.0089 0.9911 
       h2101  9 0.0050 0.9950 
       h2111  9 0.0047 0.9953 
       h2121  9 0.0071 0.9929 
       h2131  9 0.0057 0.9943 
       h2141  9 0.0058 0.9942 
       h2151  9 0.0056 0.9944 
       h2161  9 0.0080 0.9920 
       h2171  9 0.0083 0.9917 
       h2181  9 0.0066 0.9934 
       h2191  9 0.0049 0.9951 
       h2201  9 0.0216 0.9784 
       h2211  9 0.0064 0.9936 
       h2221  9 0.0068 0.9932 
       h2231  9 0.0064 0.9936 
       h2241  9 0.0121 0.9879 
       h2251  9 0.0081 0.9919 
       h2261  9 0.0055 0.9945 
       h2271  9 0.0070 0.9930 
       h2281  9 0.0052 0.9948 
       h2291  9 0.0063 0.9937 
       h2301  9 0.0067 0.9933 
       h2311  9 0.0052 0.9948 
       h2321  9 0.0057 0.9943 
       h2331  9 0.0083 0.9917 
       h2341  9 0.0066 0.9934 
       h2351  9 0.0061 0.9939 
       h2361  9 0.0090 0.9910 
       h2371  9 0.0056 0.9944 
       h2381  9 0.0056 0.9944 
       h2391  9 0.0113 0.9887 
       h2401  9 0.0095 0.9905 
       h2411  9 0.0081 0.9919 
       h2421  9 0.0110 0.9890 
       h2431  9 0.0170 0.9830 
       h2441  9 0.0060 0.9940 
       h2451  9 0.0061 0.9939 
       h2461  9 0.0106 0.9894 
       h2471  9 0.0050 0.9950 
       h2481  9 0.0050 0.9950 
       h2491  9 0.0061 0.9939 
       h2501  9 0.0082 0.9918 
       h2511  9 0.0075 0.9925 
       h2521  9 0.0058 0.9942 
       h2531  9 0.0074 0.9926 
       h2541  9 0.0066 0.9934 
       h2551  9 0.0053 0.9947 
       h2561  9 0.0062 0.9938 
       h2571  9 0.0074 0.9926 
       h2581  9 0.0124 0.9876 
       h2591  9 0.0064 0.9936 
       h2601  9 0.0059 0.9941 
       h2611  9 0.0162 0.9838 
       h2621  9 0.0073 0.9927 
       h2631  9 0.0063 0.9937 
       h2641  9 0.0122 0.9878 
       h2651  9 0.0068 0.9932 
       h2661  9 0.0101 0.9899 
       h2671  9 0.0056 0.9944 
       h2681  9 0.0087 0.9913 
       h2691  9 0.0068 0.9932 
       h2701  9 0.0061 0.9939 
       h2711  9 0.0122 0.9878 
       h2721  9 0.0059 0.9941 
       h2731  9 0.0140 0.9860 
       h2741  9 0.0071 0.9929 
       h2751  9 0.0100 0.9900 
       h2761  9 0.0099 0.9901 
       h2771  9 0.0081 0.9919 
       h2781  9 0.0070 0.9930 
       h2791  9 0.0067 0.9933 
       h2801  9 0.0067 0.9933 
       h2811  9 0.0089 0.9911 
       h2821  9 0.0114 0.9886 
       h2831  9 0.0104 0.9896 
       h2841  9 0.0056 0.9944 
       h2851  9 0.0055 0.9945 
       h2861  9 0.0088 0.9912 
       h2871  9 0.0076 0.9924 
       h2881  9 0.0083 0.9917 
       h2891  9 0.0051 0.9949 
       h2901  9 0.0055 0.9945 
       h2911  9 0.0075 0.9925 
       h2921  9 0.0220 0.9780 
       h2931  9 0.0050 0.9950 
       h2941  9 0.0069 0.9931 
       h2951  9 0.0056 0.9944 
       h2961  9 0.0060 0.9940 
       h2971  9 0.0064 0.9936 
       h2981  9 0.0051 0.9949 
       h2991  9 0.0069 0.9931 
       h3001  9 0.0059 0.9941 
       h3011  9 0.0058 0.9942 
       h3021  9 0.0079 0.9921 
       h3031  9 0.0071 0.9929 
       h3041  9 0.0099 0.9901 
       h3051  9 0.0079 0.9921 
       h3061  9 0.0055 0.9945 
       h3071  9 0.0059 0.9941 
       h3081  9 0.0104 0.9896 
       h3091  9 0.0051 0.9949 
       h3101  9 0.0062 0.9938 
       h3111  9 0.0080 0.9920 
       h3121  9 0.0069 0.9931 
       h3131  9 0.0058 0.9942 
       h3141  9 0.0058 0.9942 
       h3151  9 0.0071 0.9929 
       h3161  9 0.0059 0.9941 
       h3171  9 0.0059 0.9941 
       h3181  9 0.0060 0.9940 
       h3191  9 0.0058 0.9942 
       h3201  9 0.0070 0.9930 
       h3211  9 0.0124 0.9876 
       h3221  9 0.0108 0.9892 
       h3231  9 0.0085 0.9915 
       h3241  9 0.0085 0.9915 
       h3251  9 0.0088 0.9912 
       h3261  9 0.0047 0.9953 
       h3271  9 0.0067 0.9933 
       h3281  9 0.0047 0.9953 
       h3291  9 0.0054 0.9946 
       h3301  9 0.0060 0.9940 
       h3311  9 0.0106 0.9894 
       h3321  9 0.0059 0.9941 
       h3331  9 0.0058 0.9942 
       h3341  9 0.0047 0.9953 
       h3351  9 0.0050 0.9950 
       h3361  9 0.0062 0.9938 
       h3371  9 0.0055 0.9945 
       h3381  9 0.0055 0.9945 
       h3391  9 0.0055 0.9945 
       h3401  9 0.0063 0.9937 
       h3411  9 0.0099 0.9901 
       h3421  9 0.0058 0.9942 
       h3431  9 0.0061 0.9939 
       h3441  9 0.0049 0.9951 
       h3451  9 0.0060 0.9940 
       h3461  9 0.0059 0.9941 
       h3471  9 0.0129 0.9871 
       h3481  9 0.0055 0.9945 
       h3491  9 0.0142 0.9858 
       h3501  9 0.0082 0.9918 
       h3511  9 0.0090 0.9910 
       h3521  9 0.0120 0.9880 
       h3531  9 0.0064 0.9936 
       h3541  9 0.0062 0.9938 
       h3551  9 0.0082 0.9918 
       h3561  9 0.0062 0.9938 
       h3571  9 0.0061 0.9939 
       h3581  9 0.0081 0.9919 
       h3591  9 0.0124 0.9876 
       h3601  9 0.0098 0.9902 
       h3611  9 0.0053 0.9947 
       h3621  9 0.0114 0.9886 
       h3631  9 0.0085 0.9915 
       h3641  9 0.0076 0.9924 
       h3651  9 0.0079 0.9921 
       h3661  9 0.0071 0.9929 
       h3671  9 0.0063 0.9937 
       h3681  9 0.0082 0.9918 
       h3691  9 0.0053 0.9947 
       h3701  9 0.0083 0.9917 
       h3711  9 0.0057 0.9943 
       h3721  9 0.0082 0.9918 
       h3731  9 0.0096 0.9904 
       h3741  9 0.0110 0.9890 
       h3751  9 0.0068 0.9932 
       h3761  9 0.0059 0.9941 
       h3771  9 0.0132 0.9868 
       h3781  9 0.0058 0.9942 
       h3791  9 0.0058 0.9942 
       h3801  9 0.0072 0.9928 
       h3811  9 0.0054 0.9946 
       h3821  9 0.0059 0.9941 
       h3831  9 0.0062 0.9938 
       h3841  9 0.0072 0.9928 
       h3851  9 0.0150 0.9850 
       h3861  9 0.0092 0.9908 
       h3871  9 0.0075 0.9925 
       h3881  9 0.0071 0.9929 
       h3891  9 0.0055 0.9945 
       h3901  9 0.0064 0.9936 
       h3911  9 0.0096 0.9904 
       h3921  9 0.0069 0.9931 
       h3931  9 0.0049 0.9951 
       h3941  9 0.0102 0.9898 
       h3951  9 0.0058 0.9942 
       h3961  9 0.0050 0.9950 
       h3971  9 0.0085 0.9915 
       h3981  9 0.0050 0.9950 
       h3991  9 0.0050 0.9950 
       h4001  9 0.0071 0.9929 
        h401  9 0.0099 0.9901 
        h402  9 0.0076 0.9924 
        h403  9 0.0058 0.9942 
        h404  9 0.0069 0.9931 
        h405  9 0.0057 0.9943 
        h406  9 0.0085 0.9915 
        h407  9 0.0119 0.9881 
        h408  9 0.0079 0.9921 
        h409  9 0.0049 0.9951 
        h410  9 0.0062 0.9938 
        h411  9 0.0064 0.9936 
        h412  9 0.0073 0.9927 
        h413  9 0.0083 0.9917 
        h414  9 0.0066 0.9934 
        h415  9 0.0094 0.9906 
        h416  9 0.0093 0.9907 
        h417  9 0.0055 0.9945 
        h418  9 0.0082 0.9918 
        h419  9 0.0054 0.9946 
        h420  9 0.0095 0.9905 
        h421  9 0.0056 0.9944 
        h422  9 0.0115 0.9885 
        h423  9 0.0103 0.9897 
        h424  9 0.0060 0.9940 
        h425  9 0.0051 0.9949 
        h426  9 0.0077 0.9923 
        h427  9 0.0049 0.9951 
        h428  9 0.0050 0.9950 
        h429  9 0.0064 0.9936 
        h430  9 0.0067 0.9933 
        h431  9 0.0097 0.9903 
        h432  9 0.0062 0.9938 
        h433  9 0.0120 0.9880 
        h434  9 0.0172 0.9828 
        h435  9 0.0061 0.9939 
        h436  9 0.0063 0.9937 
        h437  9 0.0066 0.9934 
        h438  9 0.0105 0.9895 
        h439  9 0.0053 0.9947 
        h440  9 0.0067 0.9933 
        h441  9 0.0052 0.9948 
        h442  9 0.0134 0.9866 
        h443  9 0.0073 0.9927 
        h444  9 0.0068 0.9932 
        h445  9 0.0062 0.9938 
        h446  9 0.0076 0.9924 
        h447  9 0.0075 0.9925 
        h448  9 0.0088 0.9912 
        h449  9 0.0050 0.9950 
        h450  9 0.0067 0.9933 
        h451  9 0.0057 0.9943 
        h452  9 0.0082 0.9918 
        h453  9 0.0088 0.9912 
        h454  9 0.0056 0.9944 
        h455  9 0.0070 0.9930 
        h456  9 0.0083 0.9917 
        h457  9 0.0063 0.9937 
        h458  9 0.0086 0.9914 
        h459  9 0.0066 0.9934 
        h460  9 0.0068 0.9932 
        h461  9 0.0051 0.9949 
        h462  9 0.0071 0.9929 
        h463  9 0.0065 0.9935 
        h464  9 0.0062 0.9938 
        h465  9 0.0053 0.9947 
        h466  9 0.0054 0.9946 
        h467  9 0.0145 0.9855 
        h468  9 0.0152 0.9848 
        h469  9 0.0081 0.9919 
        h470  9 0.0098 0.9902 
        h471  9 0.0070 0.9930 
        h472  9 0.0060 0.9940 
