

----------------------------------------------------
STRUCTURE by Pritchard, Stephens and Donnelly (2000)
     and Falush, Stephens and Pritchard (2003)
       Code by Pritchard, Falush and Hubisz
             Version 2.3.4 (Jul 2012)
----------------------------------------------------



Command line arguments:   /home/eva.pavlovic/Structure/structure -m parameter_job_4b2_4_2 
Input File:    /home/eva.pavlovic/data_job_4b2_4_2

Run parameters:
   1500 individuals
   20 loci
   2 populations assumed
   300000 Burn-in period
   3000000 Reps


--------------------------------------------
Proportion of membership of each pre-defined
 population in each of the 2 clusters

Given    Inferred Clusters       Number of
 Pop       1      2             Individuals

  1:     0.985  0.015             100
  2:     0.986  0.014             400
  3:     0.887  0.113             100
  4:     0.774  0.226             100
  5:     0.513  0.487             100
  6:     0.251  0.749             100
  7:     0.135  0.865             100
  8:     0.009  0.991              28
  9:     0.008  0.992             472
--------------------------------------------

Allele-freq. divergence among pops (Net nucleotide distance),
computed using point estimates of P.

      1       2      
 1      -    0.1331  
 2   0.1331     -    

Average distances (expected heterozygosity) between individuals in same cluster:
cluster  1  : 0.7890 
cluster  2  : 0.6415 

--------------------------------------------
Estimated Ln Prob of Data   = -101781.5
Mean value of ln likelihood = -101430.8
Variance of ln likelihood   = 701.4
Mean value of alpha         = 0.1311

Mean value of Fst_1         = 0.0171
Mean value of Fst_2         = 0.4133


Inferred ancestry of individuals:
        Label (%Miss) Pop:  Inferred clusters
  1    M1EL5    (5)    1 :  0.990 0.010 
  2    W26T6    (5)    1 :  0.970 0.030 
  3    W26XX    (5)    1 :  0.992 0.008 
  4    M013P    (0)    1 :  0.988 0.012 
  5    M1ELA    (0)    1 :  0.961 0.039 
  6    M2C73    (0)    1 :  0.990 0.010 
  7    W23P4    (0)    1 :  0.978 0.022 
  8    W247C    (5)    1 :  0.990 0.010 
  9    W24K1    (0)    1 :  0.992 0.008 
 10    W24ME    (0)    1 :  0.980 0.020 
 11    W2514    (0)    1 :  0.990 0.010 
 12    W26MA    (0)    1 :  0.980 0.020 
 13    W26MM    (0)    1 :  0.984 0.016 
 14    W26MU    (0)    1 :  0.989 0.011 
 15    W26P0    (0)    1 :  0.992 0.008 
 16    W26P3    (0)    1 :  0.992 0.008 
 17    W26T5    (0)    1 :  0.993 0.007 
 18    W26TE    (0)    1 :  0.980 0.020 
 19    W26TF    (0)    1 :  0.969 0.031 
 20    W26U8    (0)    1 :  0.975 0.025 
 21    W26UJ    (0)    1 :  0.989 0.011 
 22    W26UK    (0)    1 :  0.994 0.006 
 23    W26UT    (0)    1 :  0.993 0.007 
 24    W26XT    (0)    1 :  0.984 0.016 
 25   CC06H2    (0)    1 :  0.978 0.022 
 26   CC06H4    (0)    1 :  0.981 0.019 
 27   CC06H5    (5)    1 :  0.984 0.016 
 28   CC06H6    (0)    1 :  0.994 0.006 
 29   CC06HE    (0)    1 :  0.991 0.009 
 30   CC06HF    (0)    1 :  0.977 0.023 
 31   CC06HH    (0)    1 :  0.993 0.007 
 32   CC06HJ    (0)    1 :  0.964 0.036 
 33   CC06HL    (0)    1 :  0.992 0.008 
 34   CC06HP    (0)    1 :  0.993 0.007 
 35   CC06HT    (0)    1 :  0.983 0.017 
 36   CC06HU    (0)    1 :  0.980 0.020 
 37   CC06HY    (0)    1 :  0.982 0.018 
 38   CC06J0    (0)    1 :  0.978 0.022 
 39   CC06J1    (0)    1 :  0.982 0.018 
 40   CC06J2    (0)    1 :  0.986 0.014 
 41  CT.0YCY    (0)    1 :  0.990 0.010 
 42  CT.0YEC    (0)    1 :  0.993 0.007 
 43  CT.0YEF    (0)    1 :  0.992 0.008 
 44  CT.0YEU    (0)    1 :  0.994 0.006 
 45  CT.0YF2    (5)    1 :  0.986 0.014 
 46  CT.0YF8    (0)    1 :  0.995 0.005 
 47  CT.0YFA    (0)    1 :  0.994 0.006 
 48  CT.0YFE    (0)    1 :  0.991 0.009 
 49  CT.0YFP    (0)    1 :  0.982 0.018 
 50  CT.0YFU    (0)    1 :  0.991 0.009 
 51  CT.0YK7    (0)    1 :  0.983 0.017 
 52  CX.10PT    (0)    1 :  0.943 0.057 
 53   DAM021    (0)    1 :  0.991 0.009 
 54   DAM034    (0)    1 :  0.994 0.006 
 55   DAM07X    (0)    1 :  0.992 0.008 
 56  EF.15J6    (0)    1 :  0.992 0.008 
 57   HRV010   (10)    1 :  0.985 0.015 
 58   HRV02J    (5)    1 :  0.989 0.011 
 59   HRV078    (0)    1 :  0.986 0.014 
 60   HRV0FH    (0)    1 :  0.993 0.007 
 61   HRV0H5    (0)    1 :  0.990 0.010 
 62   HRV0JF    (0)    1 :  0.991 0.009 
 63   HRV0JJ    (0)    1 :  0.990 0.010 
 64   HRV0JM    (0)    1 :  0.992 0.008 
 65   HRV0K6    (0)    1 :  0.951 0.049 
 66   HRV0K7    (0)    1 :  0.992 0.008 
 67   HRV0KP    (5)    1 :  0.971 0.029 
 68   HRV1AX    (0)    1 :  0.989 0.011 
 69   HRV1C4    (0)    1 :  0.994 0.006 
 70   HRV1CH    (0)    1 :  0.990 0.010 
 71   HRV1FA    (5)    1 :  0.989 0.011 
 72   HRV1FK    (0)    1 :  0.969 0.031 
 73   HRV1H8    (5)    1 :  0.993 0.007 
 74   HRV1HT   (10)    1 :  0.981 0.019 
 75   HRV1XU   (10)    1 :  0.966 0.034 
 76   HRV4TF    (0)    1 :  0.990 0.010 
 77   HRV6F0   (10)    1 :  0.988 0.012 
 78   HRVE6L    (0)    1 :  0.979 0.021 
 79    M27HM    (5)    1 :  0.992 0.008 
 80    M27HP    (0)    1 :  0.993 0.007 
 81    M2AK4    (0)    1 :  0.991 0.009 
 82    M2ALA    (0)    1 :  0.992 0.008 
 83    M2C56    (0)    1 :  0.990 0.010 
 84    M2CUX    (0)    1 :  0.984 0.016 
 85    M2E24    (0)    1 :  0.993 0.007 
 86    M2EA7    (5)    1 :  0.990 0.010 
 87    M2EH6    (0)    1 :  0.992 0.008 
 88    M2EKC    (0)    1 :  0.971 0.029 
 89   MSV083    (0)    1 :  0.948 0.052 
 90   MSV084    (0)    1 :  0.991 0.009 
 91   MSV0LJ    (0)    1 :  0.988 0.012 
 92   MSV1H5    (0)    1 :  0.991 0.009 
 93   MSV1KM    (0)    1 :  0.992 0.008 
 94   MSV23F    (5)    1 :  0.967 0.033 
 95   MSV2L8    (0)    1 :  0.986 0.014 
 96   MSV2P7    (5)    1 :  0.990 0.010 
 97   MSV2TJ    (0)    1 :  0.994 0.006 
 98   MSV2XM    (0)    1 :  0.984 0.016 
 99   MSV327    (5)    1 :  0.987 0.013 
100   MSV33L    (5)    1 :  0.994 0.006 
101    h0015    (0)    2 :  0.992 0.008 
102    h0025    (0)    2 :  0.993 0.007 
103    h0035    (0)    2 :  0.936 0.064 
104    h0045    (0)    2 :  0.964 0.036 
105    h0055    (0)    2 :  0.992 0.008 
106    h0065    (0)    2 :  0.994 0.006 
107    h0075    (0)    2 :  0.986 0.014 
108    h0085    (0)    2 :  0.991 0.009 
109    h0095    (0)    2 :  0.976 0.024 
110    h0105    (0)    2 :  0.988 0.012 
111    h0115    (0)    2 :  0.994 0.006 
112    h0125    (0)    2 :  0.989 0.011 
113    h0135    (0)    2 :  0.985 0.015 
114    h0145    (0)    2 :  0.991 0.009 
115    h0155    (0)    2 :  0.990 0.010 
116    h0165    (0)    2 :  0.989 0.011 
117    h0175    (0)    2 :  0.984 0.016 
118    h0185    (0)    2 :  0.987 0.013 
119    h0195    (0)    2 :  0.965 0.035 
120    h0205    (0)    2 :  0.990 0.010 
121    h0215    (0)    2 :  0.991 0.009 
122    h0225    (0)    2 :  0.993 0.007 
123    h0235    (0)    2 :  0.985 0.015 
124    h0245    (0)    2 :  0.980 0.020 
125    h0255    (0)    2 :  0.993 0.007 
126    h0265    (0)    2 :  0.995 0.005 
127    h0275    (0)    2 :  0.986 0.014 
128    h0285    (0)    2 :  0.985 0.015 
129    h0295    (0)    2 :  0.992 0.008 
130    h0305    (0)    2 :  0.994 0.006 
131    h0315    (0)    2 :  0.983 0.017 
132    h0325    (0)    2 :  0.990 0.010 
133    h0335    (0)    2 :  0.987 0.013 
134    h0345    (0)    2 :  0.946 0.054 
135    h0355    (0)    2 :  0.972 0.028 
136    h0365    (0)    2 :  0.993 0.007 
137    h0375    (0)    2 :  0.989 0.011 
138    h0385    (0)    2 :  0.982 0.018 
139    h0395    (0)    2 :  0.991 0.009 
140    h0405    (0)    2 :  0.948 0.052 
141    h0415    (0)    2 :  0.979 0.021 
142    h0425    (0)    2 :  0.991 0.009 
143    h0435    (0)    2 :  0.991 0.009 
144    h0445    (0)    2 :  0.990 0.010 
145    h0455    (0)    2 :  0.992 0.008 
146    h0465    (0)    2 :  0.992 0.008 
147    h0475    (0)    2 :  0.943 0.057 
148    h0485    (0)    2 :  0.979 0.021 
149    h0495    (0)    2 :  0.980 0.020 
150    h0505    (0)    2 :  0.985 0.015 
151    h0515    (0)    2 :  0.994 0.006 
152    h0525    (0)    2 :  0.990 0.010 
153    h0535    (0)    2 :  0.969 0.031 
154    h0545    (0)    2 :  0.961 0.039 
155    h0555    (0)    2 :  0.990 0.010 
156    h0565    (0)    2 :  0.978 0.022 
157    h0575    (0)    2 :  0.950 0.050 
158    h0585    (0)    2 :  0.988 0.012 
159    h0595    (0)    2 :  0.993 0.007 
160    h0605    (0)    2 :  0.991 0.009 
161    h0615    (0)    2 :  0.991 0.009 
162    h0625    (0)    2 :  0.994 0.006 
163    h0635    (0)    2 :  0.991 0.009 
164    h0645    (0)    2 :  0.987 0.013 
165    h0655    (0)    2 :  0.987 0.013 
166    h0665    (0)    2 :  0.992 0.008 
167    h0675    (0)    2 :  0.983 0.017 
168    h0685    (0)    2 :  0.993 0.007 
169    h0695    (0)    2 :  0.966 0.034 
170    h0705    (0)    2 :  0.993 0.007 
171    h0715    (0)    2 :  0.994 0.006 
172    h0725    (0)    2 :  0.991 0.009 
173    h0735    (0)    2 :  0.976 0.024 
174    h0745    (0)    2 :  0.995 0.005 
175    h0755    (0)    2 :  0.988 0.012 
176    h0765    (0)    2 :  0.983 0.017 
177    h0775    (0)    2 :  0.991 0.009 
178    h0785    (0)    2 :  0.989 0.011 
179    h0795    (0)    2 :  0.968 0.032 
180    h0805    (0)    2 :  0.981 0.019 
181    h0815    (0)    2 :  0.989 0.011 
182    h0825    (0)    2 :  0.992 0.008 
183    h0835    (0)    2 :  0.991 0.009 
184    h0845    (0)    2 :  0.971 0.029 
185    h0855    (0)    2 :  0.978 0.022 
186    h0865    (0)    2 :  0.990 0.010 
187    h0875    (0)    2 :  0.984 0.016 
188    h0885    (0)    2 :  0.991 0.009 
189    h0895    (0)    2 :  0.990 0.010 
190    h0905    (0)    2 :  0.992 0.008 
191    h0915    (0)    2 :  0.990 0.010 
192    h0925    (0)    2 :  0.978 0.022 
193    h0935    (0)    2 :  0.990 0.010 
194    h0945    (0)    2 :  0.994 0.006 
195    h0955    (0)    2 :  0.950 0.050 
196    h0965    (0)    2 :  0.988 0.012 
197    h0975    (0)    2 :  0.995 0.005 
198    h0985    (0)    2 :  0.988 0.012 
199    h0995    (0)    2 :  0.985 0.015 
200    h1005    (0)    2 :  0.994 0.006 
201     h101    (0)    2 :  0.988 0.012 
202     h102    (0)    2 :  0.959 0.041 
203     h103    (0)    2 :  0.991 0.009 
204     h104    (0)    2 :  0.995 0.005 
205     h105    (0)    2 :  0.988 0.012 
206     h106    (0)    2 :  0.995 0.005 
207     h107    (0)    2 :  0.993 0.007 
208     h108    (0)    2 :  0.989 0.011 
209     h109    (0)    2 :  0.988 0.012 
210     h110    (0)    2 :  0.988 0.012 
211     h111    (0)    2 :  0.993 0.007 
212     h112    (0)    2 :  0.964 0.036 
213     h113    (0)    2 :  0.990 0.010 
214     h114    (0)    2 :  0.993 0.007 
215     h115    (0)    2 :  0.994 0.006 
216     h116    (0)    2 :  0.983 0.017 
217     h117    (0)    2 :  0.986 0.014 
218     h118    (0)    2 :  0.990 0.010 
219     h119    (0)    2 :  0.992 0.008 
220     h120    (0)    2 :  0.984 0.016 
221     h121    (0)    2 :  0.985 0.015 
222     h122    (0)    2 :  0.992 0.008 
223     h123    (0)    2 :  0.943 0.057 
224     h124    (0)    2 :  0.955 0.045 
225     h125    (0)    2 :  0.993 0.007 
226     h126    (0)    2 :  0.989 0.011 
227     h127    (0)    2 :  0.993 0.007 
228     h128    (0)    2 :  0.991 0.009 
229     h129    (0)    2 :  0.949 0.051 
230     h130    (0)    2 :  0.995 0.005 
231     h131    (0)    2 :  0.987 0.013 
232     h132    (0)    2 :  0.983 0.017 
233     h133    (0)    2 :  0.983 0.017 
234     h134    (0)    2 :  0.992 0.008 
235     h135    (0)    2 :  0.982 0.018 
236     h136    (0)    2 :  0.989 0.011 
237     h137    (0)    2 :  0.994 0.006 
238     h138    (0)    2 :  0.992 0.008 
239     h139    (0)    2 :  0.989 0.011 
240     h140    (0)    2 :  0.993 0.007 
241     h141    (0)    2 :  0.996 0.004 
242     h142    (0)    2 :  0.991 0.009 
243     h143    (0)    2 :  0.994 0.006 
244     h144    (0)    2 :  0.993 0.007 
245     h145    (0)    2 :  0.992 0.008 
246     h146    (0)    2 :  0.984 0.016 
247     h147    (0)    2 :  0.991 0.009 
248     h148    (0)    2 :  0.989 0.011 
249     h149    (0)    2 :  0.993 0.007 
250     h150    (0)    2 :  0.963 0.037 
251     h151    (0)    2 :  0.989 0.011 
252     h152    (0)    2 :  0.985 0.015 
253     h153    (0)    2 :  0.993 0.007 
254     h154    (0)    2 :  0.988 0.012 
255     h155    (0)    2 :  0.991 0.009 
256     h156    (0)    2 :  0.990 0.010 
257     h157    (0)    2 :  0.985 0.015 
258     h158    (0)    2 :  0.994 0.006 
259     h159    (0)    2 :  0.970 0.030 
260     h160    (0)    2 :  0.994 0.006 
261     h161    (0)    2 :  0.989 0.011 
262     h162    (0)    2 :  0.976 0.024 
263     h163    (0)    2 :  0.994 0.006 
264     h164    (0)    2 :  0.995 0.005 
265     h165    (0)    2 :  0.989 0.011 
266     h166    (0)    2 :  0.994 0.006 
267     h167    (0)    2 :  0.993 0.007 
268     h168    (0)    2 :  0.989 0.011 
269     h169    (0)    2 :  0.992 0.008 
270     h170    (0)    2 :  0.978 0.022 
271     h171    (0)    2 :  0.982 0.018 
272     h172    (0)    2 :  0.991 0.009 
273     h173    (0)    2 :  0.993 0.007 
274     h174    (0)    2 :  0.989 0.011 
275     h175    (0)    2 :  0.993 0.007 
276     h176    (0)    2 :  0.993 0.007 
277     h177    (0)    2 :  0.989 0.011 
278     h178    (0)    2 :  0.992 0.008 
279     h179    (0)    2 :  0.977 0.023 
280     h180    (0)    2 :  0.991 0.009 
281     h181    (0)    2 :  0.993 0.007 
282     h182    (0)    2 :  0.990 0.010 
283     h183    (0)    2 :  0.970 0.030 
284     h184    (0)    2 :  0.994 0.006 
285     h185    (0)    2 :  0.993 0.007 
286     h186    (0)    2 :  0.969 0.031 
287     h187    (0)    2 :  0.980 0.020 
288     h188    (0)    2 :  0.984 0.016 
289     h189    (0)    2 :  0.991 0.009 
290     h190    (0)    2 :  0.990 0.010 
291     h191    (0)    2 :  0.984 0.016 
292     h192    (0)    2 :  0.992 0.008 
293     h193    (0)    2 :  0.986 0.014 
294     h194    (0)    2 :  0.956 0.044 
295     h195    (0)    2 :  0.976 0.024 
296     h196    (0)    2 :  0.985 0.015 
297     h197    (0)    2 :  0.990 0.010 
298     h198    (0)    2 :  0.989 0.011 
299     h199    (0)    2 :  0.990 0.010 
300     h200    (0)    2 :  0.993 0.007 
301     h201    (0)    2 :  0.993 0.007 
302     h202    (0)    2 :  0.956 0.044 
303     h203    (0)    2 :  0.990 0.010 
304     h204    (0)    2 :  0.978 0.022 
305     h205    (0)    2 :  0.987 0.013 
306     h206    (0)    2 :  0.989 0.011 
307     h207    (0)    2 :  0.991 0.009 
308     h208    (0)    2 :  0.987 0.013 
309     h209    (0)    2 :  0.995 0.005 
310     h210    (0)    2 :  0.955 0.045 
311     h211    (0)    2 :  0.988 0.012 
312     h212    (0)    2 :  0.990 0.010 
313     h213    (0)    2 :  0.990 0.010 
314     h214    (0)    2 :  0.989 0.011 
315     h215    (0)    2 :  0.984 0.016 
316     h216    (0)    2 :  0.990 0.010 
317     h217    (0)    2 :  0.990 0.010 
318     h218    (0)    2 :  0.991 0.009 
319     h219    (0)    2 :  0.987 0.013 
320     h220    (0)    2 :  0.994 0.006 
321     h221    (0)    2 :  0.985 0.015 
322     h222    (0)    2 :  0.991 0.009 
323     h223    (0)    2 :  0.988 0.012 
324     h224    (0)    2 :  0.993 0.007 
325     h225    (0)    2 :  0.982 0.018 
326     h226    (0)    2 :  0.981 0.019 
327     h227    (0)    2 :  0.987 0.013 
328     h228    (0)    2 :  0.986 0.014 
329     h229    (0)    2 :  0.989 0.011 
330     h230    (0)    2 :  0.993 0.007 
331     h231    (0)    2 :  0.991 0.009 
332     h232    (0)    2 :  0.992 0.008 
333     h233    (0)    2 :  0.991 0.009 
334     h234    (0)    2 :  0.990 0.010 
335     h235    (0)    2 :  0.993 0.007 
336     h236    (0)    2 :  0.984 0.016 
337     h237    (0)    2 :  0.994 0.006 
338     h238    (0)    2 :  0.987 0.013 
339     h239    (0)    2 :  0.988 0.012 
340     h240    (0)    2 :  0.991 0.009 
341     h241    (0)    2 :  0.983 0.017 
342     h242    (0)    2 :  0.979 0.021 
343     h243    (0)    2 :  0.994 0.006 
344     h244    (0)    2 :  0.988 0.012 
345     h245    (0)    2 :  0.952 0.048 
346     h246    (0)    2 :  0.992 0.008 
347     h247    (0)    2 :  0.993 0.007 
348     h248    (0)    2 :  0.981 0.019 
349     h249    (0)    2 :  0.981 0.019 
350     h250    (0)    2 :  0.988 0.012 
351     h251    (0)    2 :  0.994 0.006 
352     h252    (0)    2 :  0.984 0.016 
353     h253    (0)    2 :  0.991 0.009 
354     h254    (0)    2 :  0.981 0.019 
355     h255    (0)    2 :  0.976 0.024 
356     h256    (0)    2 :  0.976 0.024 
357     h257    (0)    2 :  0.986 0.014 
358     h258    (0)    2 :  0.991 0.009 
359     h259    (0)    2 :  0.973 0.027 
360     h260    (0)    2 :  0.983 0.017 
361     h261    (0)    2 :  0.988 0.012 
362     h262    (0)    2 :  0.994 0.006 
363     h263    (0)    2 :  0.990 0.010 
364     h264    (0)    2 :  0.993 0.007 
365     h265    (0)    2 :  0.989 0.011 
366     h266    (0)    2 :  0.992 0.008 
367     h267    (0)    2 :  0.990 0.010 
368     h268    (0)    2 :  0.992 0.008 
369     h269    (0)    2 :  0.982 0.018 
370     h270    (0)    2 :  0.992 0.008 
371     h271    (0)    2 :  0.983 0.017 
372     h272    (0)    2 :  0.991 0.009 
373     h273    (0)    2 :  0.991 0.009 
374     h274    (0)    2 :  0.994 0.006 
375     h275    (0)    2 :  0.971 0.029 
376     h276    (0)    2 :  0.991 0.009 
377     h277    (0)    2 :  0.990 0.010 
378     h278    (0)    2 :  0.980 0.020 
379     h279    (0)    2 :  0.934 0.066 
380     h280    (0)    2 :  0.990 0.010 
381     h281    (0)    2 :  0.990 0.010 
382     h282    (0)    2 :  0.988 0.012 
383     h283    (0)    2 :  0.985 0.015 
384     h284    (0)    2 :  0.984 0.016 
385     h285    (0)    2 :  0.985 0.015 
386     h286    (0)    2 :  0.995 0.005 
387     h287    (0)    2 :  0.984 0.016 
388     h288    (0)    2 :  0.991 0.009 
389     h289    (0)    2 :  0.994 0.006 
390     h290    (0)    2 :  0.993 0.007 
391     h291    (0)    2 :  0.990 0.010 
392     h292    (0)    2 :  0.976 0.024 
393     h293    (0)    2 :  0.993 0.007 
394     h294    (0)    2 :  0.993 0.007 
395     h295    (0)    2 :  0.984 0.016 
396     h296    (0)    2 :  0.991 0.009 
397     h297    (0)    2 :  0.990 0.010 
398     h298    (0)    2 :  0.988 0.012 
399     h299    (0)    2 :  0.992 0.008 
400     h300    (0)    2 :  0.992 0.008 
401     h301    (0)    2 :  0.991 0.009 
402     h302    (0)    2 :  0.989 0.011 
403     h303    (0)    2 :  0.944 0.056 
404     h304    (0)    2 :  0.994 0.006 
405     h305    (0)    2 :  0.993 0.007 
406     h306    (0)    2 :  0.939 0.061 
407     h307    (0)    2 :  0.991 0.009 
408     h308    (0)    2 :  0.989 0.011 
409     h309    (0)    2 :  0.990 0.010 
410     h310    (0)    2 :  0.975 0.025 
411     h311    (0)    2 :  0.974 0.026 
412     h312    (0)    2 :  0.993 0.007 
413     h313    (0)    2 :  0.990 0.010 
414     h314    (0)    2 :  0.992 0.008 
415     h315    (0)    2 :  0.985 0.015 
416     h316    (0)    2 :  0.990 0.010 
417     h317    (0)    2 :  0.979 0.021 
418     h318    (0)    2 :  0.985 0.015 
419     h319    (0)    2 :  0.991 0.009 
420     h320    (0)    2 :  0.918 0.082 
421     h321    (0)    2 :  0.993 0.007 
422     h322    (0)    2 :  0.983 0.017 
423     h323    (0)    2 :  0.984 0.016 
424     h324    (0)    2 :  0.993 0.007 
425     h325    (0)    2 :  0.992 0.008 
426     h326    (0)    2 :  0.979 0.021 
427     h327    (0)    2 :  0.991 0.009 
428     h328    (0)    2 :  0.991 0.009 
429     h329    (0)    2 :  0.990 0.010 
430     h330    (0)    2 :  0.987 0.013 
431     h331    (0)    2 :  0.981 0.019 
432     h332    (0)    2 :  0.994 0.006 
433     h333    (0)    2 :  0.992 0.008 
434     h334    (0)    2 :  0.994 0.006 
435     h335    (0)    2 :  0.979 0.021 
436     h336    (0)    2 :  0.991 0.009 
437     h337    (0)    2 :  0.920 0.080 
438     h338    (0)    2 :  0.991 0.009 
439     h339    (0)    2 :  0.989 0.011 
440     h340    (0)    2 :  0.981 0.019 
441     h341    (0)    2 :  0.987 0.013 
442     h342    (0)    2 :  0.989 0.011 
443     h343    (0)    2 :  0.979 0.021 
444     h344    (0)    2 :  0.991 0.009 
445     h345    (0)    2 :  0.983 0.017 
446     h346    (0)    2 :  0.983 0.017 
447     h347    (0)    2 :  0.987 0.013 
448     h348    (0)    2 :  0.993 0.007 
449     h349    (0)    2 :  0.984 0.016 
450     h350    (0)    2 :  0.983 0.017 
451     h351    (0)    2 :  0.990 0.010 
452     h352    (0)    2 :  0.991 0.009 
453     h353    (0)    2 :  0.987 0.013 
454     h354    (0)    2 :  0.989 0.011 
455     h355    (0)    2 :  0.995 0.005 
456     h356    (0)    2 :  0.988 0.012 
457     h357    (0)    2 :  0.962 0.038 
458     h358    (0)    2 :  0.987 0.013 
459     h359    (0)    2 :  0.995 0.005 
460     h360    (0)    2 :  0.994 0.006 
461     h361    (0)    2 :  0.993 0.007 
462     h362    (0)    2 :  0.987 0.013 
463     h363    (0)    2 :  0.985 0.015 
464     h364    (0)    2 :  0.993 0.007 
465     h365    (0)    2 :  0.994 0.006 
466     h366    (0)    2 :  0.990 0.010 
467     h367    (0)    2 :  0.990 0.010 
468     h368    (0)    2 :  0.975 0.025 
469     h369    (0)    2 :  0.977 0.023 
470     h370    (0)    2 :  0.993 0.007 
471     h371    (0)    2 :  0.990 0.010 
472     h372    (0)    2 :  0.985 0.015 
473     h373    (0)    2 :  0.995 0.005 
474     h374    (0)    2 :  0.991 0.009 
475     h375    (0)    2 :  0.984 0.016 
476     h376    (0)    2 :  0.970 0.030 
477     h377    (0)    2 :  0.995 0.005 
478     h378    (0)    2 :  0.995 0.005 
479     h379    (0)    2 :  0.990 0.010 
480     h380    (0)    2 :  0.995 0.005 
481     h381    (0)    2 :  0.976 0.024 
482     h382    (0)    2 :  0.989 0.011 
483     h383    (0)    2 :  0.992 0.008 
484     h384    (0)    2 :  0.989 0.011 
485     h385    (0)    2 :  0.987 0.013 
486     h386    (0)    2 :  0.993 0.007 
487     h387    (0)    2 :  0.989 0.011 
488     h388    (0)    2 :  0.975 0.025 
489     h389    (0)    2 :  0.949 0.051 
490     h390    (0)    2 :  0.991 0.009 
491     h391    (0)    2 :  0.989 0.011 
492     h392    (0)    2 :  0.983 0.017 
493     h393    (0)    2 :  0.987 0.013 
494     h394    (0)    2 :  0.993 0.007 
495     h395    (0)    2 :  0.993 0.007 
496     h396    (0)    2 :  0.990 0.010 
497     h397    (0)    2 :  0.978 0.022 
498     h398    (0)    2 :  0.979 0.021 
499     h399    (0)    2 :  0.976 0.024 
500     h400    (0)    2 :  0.993 0.007 
501     h001    (0)    3 :  0.621 0.379 
502     h002    (0)    3 :  0.747 0.253 
503     h003    (0)    3 :  0.732 0.268 
504     h004    (0)    3 :  0.827 0.173 
505     h005    (0)    3 :  0.830 0.170 
506     h006    (0)    3 :  0.972 0.028 
507     h007    (0)    3 :  0.990 0.010 
508     h008    (0)    3 :  0.896 0.104 
509     h009    (0)    3 :  0.921 0.079 
510     h010    (0)    3 :  0.887 0.113 
511     h011    (0)    3 :  0.876 0.124 
512     h012    (0)    3 :  0.930 0.070 
513     h013    (0)    3 :  0.875 0.125 
514     h014    (0)    3 :  0.864 0.136 
515     h015    (0)    3 :  0.772 0.228 
516     h016    (0)    3 :  0.896 0.104 
517     h017    (0)    3 :  0.768 0.232 
518     h018    (0)    3 :  0.993 0.007 
519     h019    (0)    3 :  0.471 0.529 
520     h020    (0)    3 :  0.968 0.032 
521     h021    (0)    3 :  0.988 0.012 
522     h022    (0)    3 :  0.682 0.318 
523     h023    (0)    3 :  0.982 0.018 
524     h024    (0)    3 :  0.898 0.102 
525     h025    (0)    3 :  0.969 0.031 
526     h026    (0)    3 :  0.873 0.127 
527     h027    (0)    3 :  0.811 0.189 
528     h028    (0)    3 :  0.887 0.113 
529     h029    (0)    3 :  0.870 0.130 
530     h030    (0)    3 :  0.924 0.076 
531     h031    (0)    3 :  0.974 0.026 
532     h032    (0)    3 :  0.935 0.065 
533     h033    (0)    3 :  0.898 0.102 
534     h034    (0)    3 :  0.978 0.022 
535     h035    (0)    3 :  0.905 0.095 
536     h036    (0)    3 :  0.898 0.102 
537     h037    (0)    3 :  0.923 0.077 
538     h038    (0)    3 :  0.940 0.060 
539     h039    (0)    3 :  0.868 0.132 
540     h040    (0)    3 :  0.905 0.095 
541     h041    (0)    3 :  0.923 0.077 
542     h042    (0)    3 :  0.836 0.164 
543     h043    (0)    3 :  0.968 0.032 
544     h044    (0)    3 :  0.676 0.324 
545     h045    (0)    3 :  0.839 0.161 
546     h046    (0)    3 :  0.912 0.088 
547     h047    (0)    3 :  0.892 0.108 
548     h048    (0)    3 :  0.845 0.155 
549     h049    (0)    3 :  0.759 0.241 
550     h050    (0)    3 :  0.968 0.032 
551     h051    (0)    3 :  0.978 0.022 
552     h052    (0)    3 :  0.968 0.032 
553     h053    (0)    3 :  0.950 0.050 
554     h054    (0)    3 :  0.912 0.088 
555     h055    (0)    3 :  0.963 0.037 
556     h056    (0)    3 :  0.736 0.264 
557     h057    (0)    3 :  0.964 0.036 
558     h058    (0)    3 :  0.898 0.102 
559     h059    (0)    3 :  0.985 0.015 
560     h060    (0)    3 :  0.809 0.191 
561     h061    (0)    3 :  0.924 0.076 
562     h062    (0)    3 :  0.990 0.010 
563     h063    (0)    3 :  0.873 0.127 
564     h064    (0)    3 :  0.681 0.319 
565     h065    (0)    3 :  0.905 0.095 
566     h066    (0)    3 :  0.919 0.081 
567     h067    (0)    3 :  0.913 0.087 
568     h068    (0)    3 :  0.964 0.036 
569     h069    (0)    3 :  0.830 0.170 
570     h070    (0)    3 :  0.880 0.120 
571     h071    (0)    3 :  0.986 0.014 
572     h072    (0)    3 :  0.715 0.285 
573     h073    (0)    3 :  0.910 0.090 
574     h074    (0)    3 :  0.921 0.079 
575     h075    (0)    3 :  0.819 0.181 
576     h076    (0)    3 :  0.815 0.185 
577     h077    (0)    3 :  0.955 0.045 
578     h078    (0)    3 :  0.894 0.106 
579     h079    (0)    3 :  0.872 0.128 
580     h080    (0)    3 :  0.979 0.021 
581     h081    (0)    3 :  0.815 0.185 
582     h082    (0)    3 :  0.985 0.015 
583     h083    (0)    3 :  0.856 0.144 
584     h084    (0)    3 :  0.744 0.256 
585     h085    (0)    3 :  0.820 0.180 
586     h086    (0)    3 :  0.912 0.088 
587     h087    (0)    3 :  0.981 0.019 
588     h088    (0)    3 :  0.984 0.016 
589     h089    (0)    3 :  0.954 0.046 
590     h090    (0)    3 :  0.990 0.010 
591     h091    (0)    3 :  0.782 0.218 
592     h092    (0)    3 :  0.959 0.041 
593     h093    (0)    3 :  0.866 0.134 
594     h094    (0)    3 :  0.987 0.013 
595     h095    (0)    3 :  0.993 0.007 
596     h096    (0)    3 :  0.889 0.111 
597     h097    (0)    3 :  0.834 0.166 
598     h098    (0)    3 :  0.883 0.117 
599     h099    (0)    3 :  0.982 0.018 
600     h100    (0)    3 :  0.987 0.013 
601    h0011    (0)    4 :  0.576 0.424 
602    h0021    (0)    4 :  0.662 0.338 
603    h0031    (0)    4 :  0.975 0.025 
604    h0041    (0)    4 :  0.887 0.113 
605    h0051    (0)    4 :  0.732 0.268 
606    h0061    (0)    4 :  0.858 0.142 
607    h0071    (0)    4 :  0.977 0.023 
608    h0081    (0)    4 :  0.812 0.188 
609    h0091    (0)    4 :  0.825 0.175 
610    h0101    (0)    4 :  0.739 0.261 
611    h0111    (0)    4 :  0.851 0.149 
612    h0121    (0)    4 :  0.755 0.245 
613    h0131    (0)    4 :  0.593 0.407 
614    h0141    (0)    4 :  0.667 0.333 
615    h0151    (0)    4 :  0.645 0.355 
616    h0161    (0)    4 :  0.801 0.199 
617    h0171    (0)    4 :  0.682 0.318 
618    h0181    (0)    4 :  0.717 0.283 
619    h0191    (0)    4 :  0.961 0.039 
620    h0201    (0)    4 :  0.900 0.100 
621    h0211    (0)    4 :  0.795 0.205 
622    h0221    (0)    4 :  0.791 0.209 
623    h0231    (0)    4 :  0.795 0.205 
624    h0241    (0)    4 :  0.729 0.271 
625    h0251    (0)    4 :  0.630 0.370 
626    h0261    (0)    4 :  0.755 0.245 
627    h0271    (0)    4 :  0.846 0.154 
628    h0281    (0)    4 :  0.804 0.196 
629    h0291    (0)    4 :  0.906 0.094 
630    h0301    (0)    4 :  0.805 0.195 
631    h0311    (0)    4 :  0.857 0.143 
632    h0321    (0)    4 :  0.859 0.141 
633    h0331    (0)    4 :  0.660 0.340 
634    h0341    (0)    4 :  0.808 0.192 
635    h0351    (0)    4 :  0.653 0.347 
636    h0361    (0)    4 :  0.939 0.061 
637    h0371    (0)    4 :  0.661 0.339 
638    h0381    (0)    4 :  0.694 0.306 
639    h0391    (0)    4 :  0.913 0.087 
640    h0401    (0)    4 :  0.759 0.241 
641    h0411    (0)    4 :  0.708 0.292 
642    h0421    (0)    4 :  0.752 0.248 
643    h0431    (0)    4 :  0.614 0.386 
644    h0441    (0)    4 :  0.869 0.131 
645    h0451    (0)    4 :  0.519 0.481 
646    h0461    (0)    4 :  0.864 0.136 
647    h0471    (0)    4 :  0.776 0.224 
648    h0481    (0)    4 :  0.788 0.212 
649    h0491    (0)    4 :  0.851 0.149 
650    h0501    (0)    4 :  0.967 0.033 
651    h0511    (0)    4 :  0.810 0.190 
652    h0521    (0)    4 :  0.691 0.309 
653    h0531    (0)    4 :  0.760 0.240 
654    h0541    (0)    4 :  0.746 0.254 
655    h0551    (0)    4 :  0.857 0.143 
656    h0561    (0)    4 :  0.629 0.371 
657    h0571    (0)    4 :  0.790 0.210 
658    h0581    (0)    4 :  0.521 0.479 
659    h0591    (0)    4 :  0.734 0.266 
660    h0601    (0)    4 :  0.632 0.368 
661    h0611    (0)    4 :  0.959 0.041 
662    h0621    (0)    4 :  0.775 0.225 
663    h0631    (0)    4 :  0.949 0.051 
664    h0641    (0)    4 :  0.669 0.331 
665    h0651    (0)    4 :  0.846 0.154 
666    h0661    (0)    4 :  0.704 0.296 
667    h0671    (0)    4 :  0.694 0.306 
668    h0681    (0)    4 :  0.966 0.034 
669    h0691    (0)    4 :  0.645 0.355 
670    h0701    (0)    4 :  0.685 0.315 
671    h0711    (0)    4 :  0.910 0.090 
672    h0721    (0)    4 :  0.601 0.399 
673    h0731    (0)    4 :  0.919 0.081 
674    h0741    (0)    4 :  0.962 0.038 
675    h0751    (0)    4 :  0.855 0.145 
676    h0761    (0)    4 :  0.630 0.370 
677    h0771    (0)    4 :  0.747 0.253 
678    h0781    (0)    4 :  0.704 0.296 
679    h0791    (0)    4 :  0.844 0.156 
680    h0801    (0)    4 :  0.826 0.174 
681    h0811    (0)    4 :  0.717 0.283 
682    h0821    (0)    4 :  0.859 0.141 
683    h0831    (0)    4 :  0.672 0.328 
684    h0841    (0)    4 :  0.696 0.304 
685    h0851    (0)    4 :  0.690 0.310 
686    h0861    (0)    4 :  0.888 0.112 
687    h0871    (0)    4 :  0.746 0.254 
688    h0881    (0)    4 :  0.700 0.300 
689    h0891    (0)    4 :  0.868 0.132 
690    h0901    (0)    4 :  0.686 0.314 
691    h0911    (0)    4 :  0.848 0.152 
692    h0921    (0)    4 :  0.700 0.300 
693    h0931    (0)    4 :  0.935 0.065 
694    h0941    (0)    4 :  0.922 0.078 
695    h0951    (0)    4 :  0.778 0.222 
696    h0961    (0)    4 :  0.809 0.191 
697    h0971    (0)    4 :  0.719 0.281 
698    h0981    (0)    4 :  0.746 0.254 
699    h0991    (0)    4 :  0.704 0.296 
700    h1001    (0)    4 :  0.680 0.320 
701    h0012    (0)    5 :  0.455 0.545 
702    h0022    (0)    5 :  0.574 0.426 
703    h0032    (0)    5 :  0.423 0.577 
704    h0042    (0)    5 :  0.343 0.657 
705    h0052    (0)    5 :  0.427 0.573 
706    h0062    (0)    5 :  0.567 0.433 
707    h0072    (0)    5 :  0.525 0.475 
708    h0082    (0)    5 :  0.701 0.299 
709    h0092    (0)    5 :  0.477 0.523 
710    h0102    (0)    5 :  0.424 0.576 
711    h0112    (0)    5 :  0.501 0.499 
712    h0122    (0)    5 :  0.612 0.388 
713    h0132    (0)    5 :  0.635 0.365 
714    h0142    (0)    5 :  0.478 0.522 
715    h0152    (0)    5 :  0.495 0.505 
716    h0162    (0)    5 :  0.650 0.350 
717    h0172    (0)    5 :  0.551 0.449 
718    h0182    (0)    5 :  0.632 0.368 
719    h0192    (0)    5 :  0.560 0.440 
720    h0202    (0)    5 :  0.430 0.570 
721    h0212    (0)    5 :  0.533 0.467 
722    h0222    (0)    5 :  0.527 0.473 
723    h0232    (0)    5 :  0.485 0.515 
724    h0242    (0)    5 :  0.563 0.437 
725    h0252    (0)    5 :  0.584 0.416 
726    h0262    (0)    5 :  0.546 0.454 
727    h0272    (0)    5 :  0.475 0.525 
728    h0282    (0)    5 :  0.504 0.496 
729    h0292    (0)    5 :  0.445 0.555 
730    h0302    (0)    5 :  0.355 0.645 
731    h0312    (0)    5 :  0.557 0.443 
732    h0322    (0)    5 :  0.497 0.503 
733    h0332    (0)    5 :  0.535 0.465 
734    h0342    (0)    5 :  0.448 0.552 
735    h0352    (0)    5 :  0.539 0.461 
736    h0362    (0)    5 :  0.530 0.470 
737    h0372    (0)    5 :  0.482 0.518 
738    h0382    (0)    5 :  0.562 0.438 
739    h0392    (0)    5 :  0.392 0.608 
740    h0402    (0)    5 :  0.517 0.483 
741    h0412    (0)    5 :  0.662 0.338 
742    h0422    (0)    5 :  0.461 0.539 
743    h0432    (0)    5 :  0.595 0.405 
744    h0442    (0)    5 :  0.615 0.385 
745    h0452    (0)    5 :  0.398 0.602 
746    h0462    (0)    5 :  0.560 0.440 
747    h0472    (0)    5 :  0.653 0.347 
748    h0482    (0)    5 :  0.613 0.387 
749    h0492    (0)    5 :  0.506 0.494 
750    h0502    (0)    5 :  0.464 0.536 
751    h0512    (0)    5 :  0.468 0.532 
752    h0522    (0)    5 :  0.513 0.487 
753    h0532    (0)    5 :  0.541 0.459 
754    h0542    (0)    5 :  0.597 0.403 
755    h0552    (0)    5 :  0.463 0.537 
756    h0562    (0)    5 :  0.569 0.431 
757    h0572    (0)    5 :  0.364 0.636 
758    h0582    (0)    5 :  0.506 0.494 
759    h0592    (0)    5 :  0.595 0.405 
760    h0602    (0)    5 :  0.450 0.550 
761    h0612    (0)    5 :  0.642 0.358 
762    h0622    (0)    5 :  0.463 0.537 
763    h0632    (0)    5 :  0.408 0.592 
764    h0642    (0)    5 :  0.524 0.476 
765    h0652    (0)    5 :  0.543 0.457 
766    h0662    (0)    5 :  0.407 0.593 
767    h0672    (0)    5 :  0.478 0.522 
768    h0682    (0)    5 :  0.509 0.491 
769    h0692    (0)    5 :  0.577 0.423 
770    h0702    (0)    5 :  0.576 0.424 
771    h0712    (0)    5 :  0.497 0.503 
772    h0722    (0)    5 :  0.470 0.530 
773    h0732    (0)    5 :  0.440 0.560 
774    h0742    (0)    5 :  0.657 0.343 
775    h0752    (0)    5 :  0.547 0.453 
776    h0762    (0)    5 :  0.383 0.617 
777    h0772    (0)    5 :  0.311 0.689 
778    h0782    (0)    5 :  0.379 0.621 
779    h0792    (0)    5 :  0.446 0.554 
780    h0802    (0)    5 :  0.493 0.507 
781    h0812    (0)    5 :  0.430 0.570 
782    h0822    (0)    5 :  0.832 0.168 
783    h0832    (0)    5 :  0.596 0.404 
784    h0842    (0)    5 :  0.411 0.589 
785    h0852    (0)    5 :  0.612 0.388 
786    h0862    (0)    5 :  0.550 0.450 
787    h0872    (0)    5 :  0.464 0.536 
788    h0882    (0)    5 :  0.531 0.469 
789    h0892    (0)    5 :  0.441 0.559 
790    h0902    (0)    5 :  0.465 0.535 
791    h0912    (0)    5 :  0.562 0.438 
792    h0922    (0)    5 :  0.511 0.489 
793    h0932    (0)    5 :  0.478 0.522 
794    h0942    (0)    5 :  0.567 0.433 
795    h0952    (0)    5 :  0.468 0.532 
796    h0962    (0)    5 :  0.536 0.464 
797    h0972    (0)    5 :  0.422 0.578 
798    h0982    (0)    5 :  0.369 0.631 
799    h0992    (0)    5 :  0.625 0.375 
800    h1002    (0)    5 :  0.550 0.450 
801    h0013    (0)    6 :  0.201 0.799 
802    h0023    (0)    6 :  0.297 0.703 
803    h0033    (0)    6 :  0.121 0.879 
804    h0043    (0)    6 :  0.205 0.795 
805    h0053    (0)    6 :  0.222 0.778 
806    h0063    (0)    6 :  0.270 0.730 
807    h0073    (0)    6 :  0.205 0.795 
808    h0083    (0)    6 :  0.231 0.769 
809    h0093    (0)    6 :  0.210 0.790 
810    h0103    (0)    6 :  0.321 0.679 
811    h0113    (0)    6 :  0.256 0.744 
812    h0123    (0)    6 :  0.212 0.788 
813    h0133    (0)    6 :  0.258 0.742 
814    h0143    (0)    6 :  0.234 0.766 
815    h0153    (0)    6 :  0.262 0.738 
816    h0163    (0)    6 :  0.401 0.599 
817    h0173    (0)    6 :  0.480 0.520 
818    h0183    (0)    6 :  0.198 0.802 
819    h0193    (0)    6 :  0.034 0.966 
820    h0203    (0)    6 :  0.307 0.693 
821    h0213    (0)    6 :  0.258 0.742 
822    h0223    (0)    6 :  0.172 0.828 
823    h0233    (0)    6 :  0.445 0.555 
824    h0243    (0)    6 :  0.113 0.887 
825    h0253    (0)    6 :  0.318 0.682 
826    h0263    (0)    6 :  0.233 0.767 
827    h0273    (0)    6 :  0.150 0.850 
828    h0283    (0)    6 :  0.323 0.677 
829    h0293    (0)    6 :  0.286 0.714 
830    h0303    (0)    6 :  0.361 0.639 
831    h0313    (0)    6 :  0.239 0.761 
832    h0323    (0)    6 :  0.264 0.736 
833    h0333    (0)    6 :  0.431 0.569 
834    h0343    (0)    6 :  0.218 0.782 
835    h0353    (0)    6 :  0.176 0.824 
836    h0363    (0)    6 :  0.399 0.601 
837    h0373    (0)    6 :  0.144 0.856 
838    h0383    (0)    6 :  0.377 0.623 
839    h0393    (0)    6 :  0.252 0.748 
840    h0403    (0)    6 :  0.260 0.740 
841    h0413    (0)    6 :  0.340 0.660 
842    h0423    (0)    6 :  0.262 0.738 
843    h0433    (0)    6 :  0.236 0.764 
844    h0443    (0)    6 :  0.112 0.888 
845    h0453    (0)    6 :  0.153 0.847 
846    h0463    (0)    6 :  0.297 0.703 
847    h0473    (0)    6 :  0.330 0.670 
848    h0483    (0)    6 :  0.205 0.795 
849    h0493    (0)    6 :  0.439 0.561 
850    h0503    (0)    6 :  0.349 0.651 
851    h0513    (0)    6 :  0.125 0.875 
852    h0523    (0)    6 :  0.223 0.777 
853    h0533    (0)    6 :  0.107 0.893 
854    h0543    (0)    6 :  0.296 0.704 
855    h0553    (0)    6 :  0.155 0.845 
856    h0563    (0)    6 :  0.164 0.836 
857    h0573    (0)    6 :  0.258 0.742 
858    h0583    (0)    6 :  0.143 0.857 
859    h0593    (0)    6 :  0.179 0.821 
860    h0603    (0)    6 :  0.311 0.689 
861    h0613    (0)    6 :  0.268 0.732 
862    h0623    (0)    6 :  0.289 0.711 
863    h0633    (0)    6 :  0.334 0.666 
864    h0643    (0)    6 :  0.174 0.826 
865    h0653    (0)    6 :  0.180 0.820 
866    h0663    (0)    6 :  0.100 0.900 
867    h0673    (0)    6 :  0.212 0.788 
868    h0683    (0)    6 :  0.279 0.721 
869    h0693    (0)    6 :  0.304 0.696 
870    h0703    (0)    6 :  0.361 0.639 
871    h0713    (0)    6 :  0.204 0.796 
872    h0723    (0)    6 :  0.229 0.771 
873    h0733    (0)    6 :  0.203 0.797 
874    h0743    (0)    6 :  0.362 0.638 
875    h0753    (0)    6 :  0.356 0.644 
876    h0763    (0)    6 :  0.202 0.798 
877    h0773    (0)    6 :  0.307 0.693 
878    h0783    (0)    6 :  0.231 0.769 
879    h0793    (0)    6 :  0.216 0.784 
880    h0803    (0)    6 :  0.180 0.820 
881    h0813    (0)    6 :  0.398 0.602 
882    h0823    (0)    6 :  0.309 0.691 
883    h0833    (0)    6 :  0.327 0.673 
884    h0843    (0)    6 :  0.255 0.745 
885    h0853    (0)    6 :  0.236 0.764 
886    h0863    (0)    6 :  0.326 0.674 
887    h0873    (0)    6 :  0.208 0.792 
888    h0883    (0)    6 :  0.330 0.670 
889    h0893    (0)    6 :  0.195 0.805 
890    h0903    (0)    6 :  0.143 0.857 
891    h0913    (0)    6 :  0.374 0.626 
892    h0923    (0)    6 :  0.024 0.976 
893    h0933    (0)    6 :  0.325 0.675 
894    h0943    (0)    6 :  0.310 0.690 
895    h0953    (0)    6 :  0.205 0.795 
896    h0963    (0)    6 :  0.159 0.841 
897    h0973    (0)    6 :  0.350 0.650 
898    h0983    (0)    6 :  0.302 0.698 
899    h0993    (0)    6 :  0.105 0.895 
900    h1003    (0)    6 :  0.183 0.817 
901    h0014    (0)    7 :  0.155 0.845 
902    h0024    (0)    7 :  0.017 0.983 
903    h0034    (0)    7 :  0.180 0.820 
904    h0044    (0)    7 :  0.144 0.856 
905    h0054    (0)    7 :  0.176 0.824 
906    h0064    (0)    7 :  0.272 0.728 
907    h0074    (0)    7 :  0.073 0.927 
908    h0084    (0)    7 :  0.060 0.940 
909    h0094    (0)    7 :  0.172 0.828 
910    h0104    (0)    7 :  0.179 0.821 
911    h0114    (0)    7 :  0.330 0.670 
912    h0124    (0)    7 :  0.121 0.879 
913    h0134    (0)    7 :  0.047 0.953 
914    h0144    (0)    7 :  0.196 0.804 
915    h0154    (0)    7 :  0.207 0.793 
916    h0164    (0)    7 :  0.045 0.955 
917    h0174    (0)    7 :  0.151 0.849 
918    h0184    (0)    7 :  0.049 0.951 
919    h0194    (0)    7 :  0.267 0.733 
920    h0204    (0)    7 :  0.010 0.990 
921    h0214    (0)    7 :  0.078 0.922 
922    h0224    (0)    7 :  0.186 0.814 
923    h0234    (0)    7 :  0.189 0.811 
924    h0244    (0)    7 :  0.057 0.943 
925    h0254    (0)    7 :  0.143 0.857 
926    h0264    (0)    7 :  0.113 0.887 
927    h0274    (0)    7 :  0.217 0.783 
928    h0284    (0)    7 :  0.209 0.791 
929    h0294    (0)    7 :  0.169 0.831 
930    h0304    (0)    7 :  0.071 0.929 
931    h0314    (0)    7 :  0.276 0.724 
932    h0324    (0)    7 :  0.248 0.752 
933    h0334    (0)    7 :  0.052 0.948 
934    h0344    (0)    7 :  0.281 0.719 
935    h0354    (0)    7 :  0.107 0.893 
936    h0364    (0)    7 :  0.046 0.954 
937    h0374    (0)    7 :  0.098 0.902 
938    h0384    (0)    7 :  0.233 0.767 
939    h0394    (0)    7 :  0.047 0.953 
940    h0404    (0)    7 :  0.084 0.916 
941    h0414    (0)    7 :  0.262 0.738 
942    h0424    (0)    7 :  0.075 0.925 
943    h0434    (0)    7 :  0.243 0.757 
944    h0444    (0)    7 :  0.226 0.774 
945    h0454    (0)    7 :  0.200 0.800 
946    h0464    (0)    7 :  0.193 0.807 
947    h0474    (0)    7 :  0.106 0.894 
948    h0484    (0)    7 :  0.189 0.811 
949    h0494    (0)    7 :  0.089 0.911 
950    h0504    (0)    7 :  0.136 0.864 
951    h0514    (0)    7 :  0.038 0.962 
952    h0524    (0)    7 :  0.097 0.903 
953    h0534    (0)    7 :  0.009 0.991 
954    h0544    (0)    7 :  0.154 0.846 
955    h0554    (0)    7 :  0.116 0.884 
956    h0564    (0)    7 :  0.066 0.934 
957    h0574    (0)    7 :  0.167 0.833 
958    h0584    (0)    7 :  0.248 0.752 
959    h0594    (0)    7 :  0.135 0.865 
960    h0604    (0)    7 :  0.294 0.706 
961    h0614    (0)    7 :  0.061 0.939 
962    h0624    (0)    7 :  0.162 0.838 
963    h0634    (0)    7 :  0.136 0.864 
964    h0644    (0)    7 :  0.086 0.914 
965    h0654    (0)    7 :  0.044 0.956 
966    h0664    (0)    7 :  0.335 0.665 
967    h0674    (0)    7 :  0.205 0.795 
968    h0684    (0)    7 :  0.008 0.992 
969    h0694    (0)    7 :  0.010 0.990 
970    h0704    (0)    7 :  0.118 0.882 
971    h0714    (0)    7 :  0.054 0.946 
972    h0724    (0)    7 :  0.167 0.833 
973    h0734    (0)    7 :  0.144 0.856 
974    h0744    (0)    7 :  0.206 0.794 
975    h0754    (0)    7 :  0.054 0.946 
976    h0764    (0)    7 :  0.029 0.971 
977    h0774    (0)    7 :  0.191 0.809 
978    h0784    (0)    7 :  0.054 0.946 
979    h0794    (0)    7 :  0.082 0.918 
980    h0804    (0)    7 :  0.126 0.874 
981    h0814    (0)    7 :  0.010 0.990 
982    h0824    (0)    7 :  0.169 0.831 
983    h0834    (0)    7 :  0.050 0.950 
984    h0844    (0)    7 :  0.209 0.791 
985    h0854    (0)    7 :  0.308 0.692 
986    h0864    (0)    7 :  0.161 0.839 
987    h0874    (0)    7 :  0.053 0.947 
988    h0884    (0)    7 :  0.039 0.961 
989    h0894    (0)    7 :  0.155 0.845 
990    h0904    (0)    7 :  0.201 0.799 
991    h0914    (0)    7 :  0.008 0.992 
992    h0924    (0)    7 :  0.007 0.993 
993    h0934    (0)    7 :  0.047 0.953 
994    h0944    (0)    7 :  0.077 0.923 
995    h0954    (0)    7 :  0.254 0.746 
996    h0964    (0)    7 :  0.332 0.668 
997    h0974    (0)    7 :  0.039 0.961 
998    h0984    (0)    7 :  0.136 0.864 
999    h0994    (0)    7 :  0.052 0.948 
1000    h1004    (0)    7 :  0.166 0.834 
1001  CK.0PLA    (5)    8 :  0.011 0.989 
1002  CK.0PLC    (0)    8 :  0.015 0.985 
1003  CK.0PLE    (0)    8 :  0.007 0.993 
1004  CK.0PLF    (0)    8 :  0.033 0.967 
1005  CK.0PLH    (0)    8 :  0.008 0.992 
1006  CK.0PLJ    (0)    8 :  0.009 0.991 
1007  CK.0PLK    (0)    8 :  0.006 0.994 
1008  CK.0PLL    (0)    8 :  0.009 0.991 
1009  CK.0PLM    (0)    8 :  0.008 0.992 
1010  CK.0PLP    (0)    8 :  0.008 0.992 
1011  CK.0PLT    (0)    8 :  0.005 0.995 
1012  CK.0PLU    (0)    8 :  0.007 0.993 
1013  CK.0PLX    (0)    8 :  0.017 0.983 
1014  CK.0PLY    (5)    8 :  0.005 0.995 
1015  CK.0PM0    (0)    8 :  0.006 0.994 
1016  CK.0PM1    (0)    8 :  0.006 0.994 
1017  CK.0PM2    (0)    8 :  0.008 0.992 
1018  CK.0PM3    (0)    8 :  0.009 0.991 
1019  CK.0PM4    (0)    8 :  0.011 0.989 
1020  CK.0PM7    (0)    8 :  0.006 0.994 
1021  CK.0PM8    (0)    8 :  0.005 0.995 
1022  CK.0PMA    (0)    8 :  0.010 0.990 
1023    M2C06    (0)    8 :  0.006 0.994 
1024    M2C07    (0)    8 :  0.005 0.995 
1025    M2C08    (0)    8 :  0.005 0.995 
1026    M2C0A    (0)    8 :  0.007 0.993 
1027    M2C0C    (0)    8 :  0.006 0.994 
1028    M2C0E    (0)    8 :  0.006 0.994 
1029   h00111    (0)    9 :  0.005 0.995 
1030   h00211    (0)    9 :  0.011 0.989 
1031   h00311    (0)    9 :  0.010 0.990 
1032   h00411    (0)    9 :  0.007 0.993 
1033   h00511    (0)    9 :  0.009 0.991 
1034   h00611    (0)    9 :  0.007 0.993 
1035   h00711    (0)    9 :  0.007 0.993 
1036   h00811    (0)    9 :  0.031 0.969 
1037   h00911    (0)    9 :  0.006 0.994 
1038   h01011    (0)    9 :  0.007 0.993 
1039   h01111    (0)    9 :  0.006 0.994 
1040   h01211    (0)    9 :  0.007 0.993 
1041   h01311    (0)    9 :  0.005 0.995 
1042   h01411    (0)    9 :  0.015 0.985 
1043   h01511    (0)    9 :  0.006 0.994 
1044   h01611    (0)    9 :  0.007 0.993 
1045   h01711    (0)    9 :  0.006 0.994 
1046   h01811    (0)    9 :  0.006 0.994 
1047   h01911    (0)    9 :  0.007 0.993 
1048   h02011    (0)    9 :  0.005 0.995 
1049   h02111    (0)    9 :  0.006 0.994 
1050   h02211    (0)    9 :  0.008 0.992 
1051   h02311    (0)    9 :  0.009 0.991 
1052   h02411    (0)    9 :  0.007 0.993 
1053   h02511    (0)    9 :  0.008 0.992 
1054   h02611    (0)    9 :  0.029 0.971 
1055   h02711    (0)    9 :  0.005 0.995 
1056   h02811    (0)    9 :  0.007 0.993 
1057   h02911    (0)    9 :  0.005 0.995 
1058   h03011    (0)    9 :  0.014 0.986 
1059   h03111    (0)    9 :  0.006 0.994 
1060   h03211    (0)    9 :  0.006 0.994 
1061   h03311    (0)    9 :  0.006 0.994 
1062   h03411    (0)    9 :  0.006 0.994 
1063   h03511    (0)    9 :  0.010 0.990 
1064   h03611    (0)    9 :  0.009 0.991 
1065   h03711    (0)    9 :  0.006 0.994 
1066   h03811    (0)    9 :  0.010 0.990 
1067   h03911    (0)    9 :  0.008 0.992 
1068   h04011    (0)    9 :  0.006 0.994 
1069   h04111    (0)    9 :  0.009 0.991 
1070   h04211    (0)    9 :  0.007 0.993 
1071   h04311    (0)    9 :  0.005 0.995 
1072   h04411    (0)    9 :  0.010 0.990 
1073   h04511    (0)    9 :  0.005 0.995 
1074   h04611    (0)    9 :  0.014 0.986 
1075   h04711    (0)    9 :  0.005 0.995 
1076   h04811    (0)    9 :  0.008 0.992 
1077   h04911    (0)    9 :  0.011 0.989 
1078   h05011    (0)    9 :  0.006 0.994 
1079   h05111    (0)    9 :  0.008 0.992 
1080   h05211    (0)    9 :  0.006 0.994 
1081   h05311    (0)    9 :  0.007 0.993 
1082   h05411    (0)    9 :  0.008 0.992 
1083   h05511    (0)    9 :  0.007 0.993 
1084   h05611    (0)    9 :  0.010 0.990 
1085   h05711    (0)    9 :  0.010 0.990 
1086   h05811    (0)    9 :  0.005 0.995 
1087   h05911    (0)    9 :  0.008 0.992 
1088   h06011    (0)    9 :  0.008 0.992 
1089   h06111    (0)    9 :  0.059 0.941 
1090   h06211    (0)    9 :  0.014 0.986 
1091   h06311    (0)    9 :  0.009 0.991 
1092   h06411    (0)    9 :  0.010 0.990 
1093   h06511    (0)    9 :  0.008 0.992 
1094   h06611    (0)    9 :  0.006 0.994 
1095   h06711    (0)    9 :  0.009 0.991 
1096   h06811    (0)    9 :  0.008 0.992 
1097   h06911    (0)    9 :  0.006 0.994 
1098   h07011    (0)    9 :  0.006 0.994 
1099   h07111    (0)    9 :  0.005 0.995 
1100   h07211    (0)    9 :  0.005 0.995 
1101   h07311    (0)    9 :  0.015 0.985 
1102   h07411    (0)    9 :  0.006 0.994 
1103   h07511    (0)    9 :  0.006 0.994 
1104   h07611    (0)    9 :  0.007 0.993 
1105   h07711    (0)    9 :  0.006 0.994 
1106   h07811    (0)    9 :  0.005 0.995 
1107   h07911    (0)    9 :  0.006 0.994 
1108   h08011    (0)    9 :  0.008 0.992 
1109   h08111    (0)    9 :  0.006 0.994 
1110   h08211    (0)    9 :  0.007 0.993 
1111   h08311    (0)    9 :  0.017 0.983 
1112   h08411    (0)    9 :  0.007 0.993 
1113   h08511    (0)    9 :  0.005 0.995 
1114   h08611    (0)    9 :  0.008 0.992 
1115   h08711    (0)    9 :  0.006 0.994 
1116   h08811    (0)    9 :  0.006 0.994 
1117   h08911    (0)    9 :  0.007 0.993 
1118   h09011    (0)    9 :  0.007 0.993 
1119   h09111    (0)    9 :  0.007 0.993 
1120   h09211    (0)    9 :  0.007 0.993 
1121   h09311    (0)    9 :  0.008 0.992 
1122   h09411    (0)    9 :  0.005 0.995 
1123   h09511    (0)    9 :  0.007 0.993 
1124   h09611    (0)    9 :  0.006 0.994 
1125   h09711    (0)    9 :  0.006 0.994 
1126   h09811    (0)    9 :  0.005 0.995 
1127   h09911    (0)    9 :  0.009 0.991 
1128   h10011    (0)    9 :  0.007 0.993 
1129    h1011    (0)    9 :  0.012 0.988 
1130    h1021    (0)    9 :  0.005 0.995 
1131    h1031    (0)    9 :  0.006 0.994 
1132    h1041    (0)    9 :  0.007 0.993 
1133    h1051    (0)    9 :  0.010 0.990 
1134    h1061    (0)    9 :  0.010 0.990 
1135    h1071    (0)    9 :  0.006 0.994 
1136    h1081    (0)    9 :  0.006 0.994 
1137    h1091    (0)    9 :  0.010 0.990 
1138    h1101    (0)    9 :  0.005 0.995 
1139    h1111    (0)    9 :  0.011 0.989 
1140    h1121    (0)    9 :  0.005 0.995 
1141    h1131    (0)    9 :  0.015 0.985 
1142    h1141    (0)    9 :  0.008 0.992 
1143    h1151    (0)    9 :  0.006 0.994 
1144    h1161    (0)    9 :  0.007 0.993 
1145    h1171    (0)    9 :  0.015 0.985 
1146    h1181    (0)    9 :  0.006 0.994 
1147    h1191    (0)    9 :  0.012 0.988 
1148    h1201    (0)    9 :  0.007 0.993 
1149    h1211    (0)    9 :  0.005 0.995 
1150    h1221    (0)    9 :  0.006 0.994 
1151    h1231    (0)    9 :  0.007 0.993 
1152    h1241    (0)    9 :  0.010 0.990 
1153    h1251    (0)    9 :  0.008 0.992 
1154    h1261    (0)    9 :  0.005 0.995 
1155    h1271    (0)    9 :  0.007 0.993 
1156    h1281    (0)    9 :  0.005 0.995 
1157    h1291    (0)    9 :  0.006 0.994 
1158    h1301    (0)    9 :  0.005 0.995 
1159    h1311    (0)    9 :  0.006 0.994 
1160    h1321    (0)    9 :  0.013 0.987 
1161    h1331    (0)    9 :  0.007 0.993 
1162    h1341    (0)    9 :  0.006 0.994 
1163    h1351    (0)    9 :  0.006 0.994 
1164    h1361    (0)    9 :  0.005 0.995 
1165    h1371    (0)    9 :  0.011 0.989 
1166    h1381    (0)    9 :  0.005 0.995 
1167    h1391    (0)    9 :  0.021 0.979 
1168    h1401    (0)    9 :  0.008 0.992 
1169    h1411    (0)    9 :  0.008 0.992 
1170    h1421    (0)    9 :  0.005 0.995 
1171    h1431    (0)    9 :  0.007 0.993 
1172    h1441    (0)    9 :  0.005 0.995 
1173    h1451    (0)    9 :  0.007 0.993 
1174    h1461    (0)    9 :  0.008 0.992 
1175    h1471    (0)    9 :  0.006 0.994 
1176    h1481    (0)    9 :  0.008 0.992 
1177    h1491    (0)    9 :  0.007 0.993 
1178    h1501    (0)    9 :  0.006 0.994 
1179    h1511    (0)    9 :  0.010 0.990 
1180    h1521    (0)    9 :  0.015 0.985 
1181    h1531    (0)    9 :  0.007 0.993 
1182    h1541    (0)    9 :  0.005 0.995 
1183    h1551    (0)    9 :  0.012 0.988 
1184    h1561    (0)    9 :  0.008 0.992 
1185    h1571    (0)    9 :  0.014 0.986 
1186    h1581    (0)    9 :  0.007 0.993 
1187    h1591    (0)    9 :  0.007 0.993 
1188    h1601    (0)    9 :  0.007 0.993 
1189    h1611    (0)    9 :  0.009 0.991 
1190    h1621    (0)    9 :  0.013 0.987 
1191    h1631    (0)    9 :  0.013 0.987 
1192    h1641    (0)    9 :  0.011 0.989 
1193    h1651    (0)    9 :  0.008 0.992 
1194    h1661    (0)    9 :  0.007 0.993 
1195    h1671    (0)    9 :  0.006 0.994 
1196    h1681    (0)    9 :  0.007 0.993 
1197    h1691    (0)    9 :  0.009 0.991 
1198    h1701    (0)    9 :  0.005 0.995 
1199    h1711    (0)    9 :  0.017 0.983 
1200    h1721    (0)    9 :  0.007 0.993 
1201    h1731    (0)    9 :  0.008 0.992 
1202    h1741    (0)    9 :  0.006 0.994 
1203    h1751    (0)    9 :  0.007 0.993 
1204    h1761    (0)    9 :  0.017 0.983 
1205    h1771    (0)    9 :  0.006 0.994 
1206    h1781    (0)    9 :  0.009 0.991 
1207    h1791    (0)    9 :  0.008 0.992 
1208    h1801    (0)    9 :  0.005 0.995 
1209    h1811    (0)    9 :  0.021 0.979 
1210    h1821    (0)    9 :  0.010 0.990 
1211    h1831    (0)    9 :  0.007 0.993 
1212    h1841    (0)    9 :  0.008 0.992 
1213    h1851    (0)    9 :  0.006 0.994 
1214    h1861    (0)    9 :  0.005 0.995 
1215    h1871    (0)    9 :  0.005 0.995 
1216    h1881    (0)    9 :  0.007 0.993 
1217    h1891    (0)    9 :  0.005 0.995 
1218    h1901    (0)    9 :  0.005 0.995 
1219    h1911    (0)    9 :  0.022 0.978 
1220    h1921    (0)    9 :  0.006 0.994 
1221    h1931    (0)    9 :  0.007 0.993 
1222    h1941    (0)    9 :  0.005 0.995 
1223    h1951    (0)    9 :  0.007 0.993 
1224    h1961    (0)    9 :  0.008 0.992 
1225    h1971    (0)    9 :  0.011 0.989 
1226    h1981    (0)    9 :  0.006 0.994 
1227    h1991    (0)    9 :  0.009 0.991 
1228    h2001    (0)    9 :  0.007 0.993 
1229    h2011    (0)    9 :  0.005 0.995 
1230    h2021    (0)    9 :  0.009 0.991 
1231    h2031    (0)    9 :  0.006 0.994 
1232    h2041    (0)    9 :  0.005 0.995 
1233    h2051    (0)    9 :  0.005 0.995 
1234    h2061    (0)    9 :  0.006 0.994 
1235    h2071    (0)    9 :  0.007 0.993 
1236    h2081    (0)    9 :  0.006 0.994 
1237    h2091    (0)    9 :  0.009 0.991 
1238    h2101    (0)    9 :  0.005 0.995 
1239    h2111    (0)    9 :  0.005 0.995 
1240    h2121    (0)    9 :  0.007 0.993 
1241    h2131    (0)    9 :  0.006 0.994 
1242    h2141    (0)    9 :  0.006 0.994 
1243    h2151    (0)    9 :  0.006 0.994 
1244    h2161    (0)    9 :  0.008 0.992 
1245    h2171    (0)    9 :  0.008 0.992 
1246    h2181    (0)    9 :  0.007 0.993 
1247    h2191    (0)    9 :  0.005 0.995 
1248    h2201    (0)    9 :  0.022 0.978 
1249    h2211    (0)    9 :  0.006 0.994 
1250    h2221    (0)    9 :  0.007 0.993 
1251    h2231    (0)    9 :  0.006 0.994 
1252    h2241    (0)    9 :  0.012 0.988 
1253    h2251    (0)    9 :  0.008 0.992 
1254    h2261    (0)    9 :  0.006 0.994 
1255    h2271    (0)    9 :  0.007 0.993 
1256    h2281    (0)    9 :  0.005 0.995 
1257    h2291    (0)    9 :  0.006 0.994 
1258    h2301    (0)    9 :  0.007 0.993 
1259    h2311    (0)    9 :  0.005 0.995 
1260    h2321    (0)    9 :  0.006 0.994 
1261    h2331    (0)    9 :  0.008 0.992 
1262    h2341    (0)    9 :  0.007 0.993 
1263    h2351    (0)    9 :  0.006 0.994 
1264    h2361    (0)    9 :  0.009 0.991 
1265    h2371    (0)    9 :  0.006 0.994 
1266    h2381    (0)    9 :  0.006 0.994 
1267    h2391    (0)    9 :  0.011 0.989 
1268    h2401    (0)    9 :  0.009 0.991 
1269    h2411    (0)    9 :  0.008 0.992 
1270    h2421    (0)    9 :  0.011 0.989 
1271    h2431    (0)    9 :  0.017 0.983 
1272    h2441    (0)    9 :  0.006 0.994 
1273    h2451    (0)    9 :  0.006 0.994 
1274    h2461    (0)    9 :  0.011 0.989 
1275    h2471    (0)    9 :  0.005 0.995 
1276    h2481    (0)    9 :  0.005 0.995 
1277    h2491    (0)    9 :  0.006 0.994 
1278    h2501    (0)    9 :  0.008 0.992 
1279    h2511    (0)    9 :  0.008 0.992 
1280    h2521    (0)    9 :  0.006 0.994 
1281    h2531    (0)    9 :  0.007 0.993 
1282    h2541    (0)    9 :  0.007 0.993 
1283    h2551    (0)    9 :  0.005 0.995 
1284    h2561    (0)    9 :  0.006 0.994 
1285    h2571    (0)    9 :  0.007 0.993 
1286    h2581    (0)    9 :  0.012 0.988 
1287    h2591    (0)    9 :  0.006 0.994 
1288    h2601    (0)    9 :  0.006 0.994 
1289    h2611    (0)    9 :  0.016 0.984 
1290    h2621    (0)    9 :  0.007 0.993 
1291    h2631    (0)    9 :  0.006 0.994 
1292    h2641    (0)    9 :  0.012 0.988 
1293    h2651    (0)    9 :  0.007 0.993 
1294    h2661    (0)    9 :  0.010 0.990 
1295    h2671    (0)    9 :  0.006 0.994 
1296    h2681    (0)    9 :  0.009 0.991 
1297    h2691    (0)    9 :  0.007 0.993 
1298    h2701    (0)    9 :  0.006 0.994 
1299    h2711    (0)    9 :  0.012 0.988 
1300    h2721    (0)    9 :  0.006 0.994 
1301    h2731    (0)    9 :  0.014 0.986 
1302    h2741    (0)    9 :  0.007 0.993 
1303    h2751    (0)    9 :  0.010 0.990 
1304    h2761    (0)    9 :  0.010 0.990 
1305    h2771    (0)    9 :  0.008 0.992 
1306    h2781    (0)    9 :  0.007 0.993 
1307    h2791    (0)    9 :  0.007 0.993 
1308    h2801    (0)    9 :  0.007 0.993 
1309    h2811    (0)    9 :  0.009 0.991 
1310    h2821    (0)    9 :  0.011 0.989 
1311    h2831    (0)    9 :  0.010 0.990 
1312    h2841    (0)    9 :  0.006 0.994 
1313    h2851    (0)    9 :  0.006 0.994 
1314    h2861    (0)    9 :  0.009 0.991 
1315    h2871    (0)    9 :  0.008 0.992 
1316    h2881    (0)    9 :  0.008 0.992 
1317    h2891    (0)    9 :  0.005 0.995 
1318    h2901    (0)    9 :  0.006 0.994 
1319    h2911    (0)    9 :  0.008 0.992 
1320    h2921    (0)    9 :  0.022 0.978 
1321    h2931    (0)    9 :  0.005 0.995 
1322    h2941    (0)    9 :  0.007 0.993 
1323    h2951    (0)    9 :  0.006 0.994 
1324    h2961    (0)    9 :  0.006 0.994 
1325    h2971    (0)    9 :  0.006 0.994 
1326    h2981    (0)    9 :  0.005 0.995 
1327    h2991    (0)    9 :  0.007 0.993 
1328    h3001    (0)    9 :  0.006 0.994 
1329    h3011    (0)    9 :  0.006 0.994 
1330    h3021    (0)    9 :  0.008 0.992 
1331    h3031    (0)    9 :  0.007 0.993 
1332    h3041    (0)    9 :  0.010 0.990 
1333    h3051    (0)    9 :  0.008 0.992 
1334    h3061    (0)    9 :  0.006 0.994 
1335    h3071    (0)    9 :  0.006 0.994 
1336    h3081    (0)    9 :  0.010 0.990 
1337    h3091    (0)    9 :  0.005 0.995 
1338    h3101    (0)    9 :  0.006 0.994 
1339    h3111    (0)    9 :  0.008 0.992 
1340    h3121    (0)    9 :  0.007 0.993 
1341    h3131    (0)    9 :  0.006 0.994 
1342    h3141    (0)    9 :  0.006 0.994 
1343    h3151    (0)    9 :  0.007 0.993 
1344    h3161    (0)    9 :  0.006 0.994 
1345    h3171    (0)    9 :  0.006 0.994 
1346    h3181    (0)    9 :  0.006 0.994 
1347    h3191    (0)    9 :  0.006 0.994 
1348    h3201    (0)    9 :  0.007 0.993 
1349    h3211    (0)    9 :  0.012 0.988 
1350    h3221    (0)    9 :  0.011 0.989 
1351    h3231    (0)    9 :  0.009 0.991 
1352    h3241    (0)    9 :  0.008 0.992 
1353    h3251    (0)    9 :  0.009 0.991 
1354    h3261    (0)    9 :  0.005 0.995 
1355    h3271    (0)    9 :  0.007 0.993 
1356    h3281    (0)    9 :  0.005 0.995 
1357    h3291    (0)    9 :  0.005 0.995 
1358    h3301    (0)    9 :  0.006 0.994 
1359    h3311    (0)    9 :  0.011 0.989 
1360    h3321    (0)    9 :  0.006 0.994 
1361    h3331    (0)    9 :  0.006 0.994 
1362    h3341    (0)    9 :  0.005 0.995 
1363    h3351    (0)    9 :  0.005 0.995 
1364    h3361    (0)    9 :  0.006 0.994 
1365    h3371    (0)    9 :  0.005 0.995 
1366    h3381    (0)    9 :  0.005 0.995 
1367    h3391    (0)    9 :  0.005 0.995 
1368    h3401    (0)    9 :  0.006 0.994 
1369    h3411    (0)    9 :  0.010 0.990 
1370    h3421    (0)    9 :  0.006 0.994 
1371    h3431    (0)    9 :  0.006 0.994 
1372    h3441    (0)    9 :  0.005 0.995 
1373    h3451    (0)    9 :  0.006 0.994 
1374    h3461    (0)    9 :  0.006 0.994 
1375    h3471    (0)    9 :  0.013 0.987 
1376    h3481    (0)    9 :  0.005 0.995 
1377    h3491    (0)    9 :  0.014 0.986 
1378    h3501    (0)    9 :  0.008 0.992 
1379    h3511    (0)    9 :  0.009 0.991 
1380    h3521    (0)    9 :  0.012 0.988 
1381    h3531    (0)    9 :  0.006 0.994 
1382    h3541    (0)    9 :  0.006 0.994 
1383    h3551    (0)    9 :  0.008 0.992 
1384    h3561    (0)    9 :  0.006 0.994 
1385    h3571    (0)    9 :  0.006 0.994 
1386    h3581    (0)    9 :  0.008 0.992 
1387    h3591    (0)    9 :  0.012 0.988 
1388    h3601    (0)    9 :  0.010 0.990 
1389    h3611    (0)    9 :  0.005 0.995 
1390    h3621    (0)    9 :  0.011 0.989 
1391    h3631    (0)    9 :  0.009 0.991 
1392    h3641    (0)    9 :  0.008 0.992 
1393    h3651    (0)    9 :  0.008 0.992 
1394    h3661    (0)    9 :  0.007 0.993 
1395    h3671    (0)    9 :  0.006 0.994 
1396    h3681    (0)    9 :  0.008 0.992 
1397    h3691    (0)    9 :  0.005 0.995 
1398    h3701    (0)    9 :  0.008 0.992 
1399    h3711    (0)    9 :  0.006 0.994 
1400    h3721    (0)    9 :  0.008 0.992 
1401    h3731    (0)    9 :  0.010 0.990 
1402    h3741    (0)    9 :  0.011 0.989 
1403    h3751    (0)    9 :  0.007 0.993 
1404    h3761    (0)    9 :  0.006 0.994 
1405    h3771    (0)    9 :  0.013 0.987 
1406    h3781    (0)    9 :  0.006 0.994 
1407    h3791    (0)    9 :  0.006 0.994 
1408    h3801    (0)    9 :  0.007 0.993 
1409    h3811    (0)    9 :  0.005 0.995 
1410    h3821    (0)    9 :  0.006 0.994 
1411    h3831    (0)    9 :  0.006 0.994 
1412    h3841    (0)    9 :  0.007 0.993 
1413    h3851    (0)    9 :  0.015 0.985 
1414    h3861    (0)    9 :  0.009 0.991 
1415    h3871    (0)    9 :  0.008 0.992 
1416    h3881    (0)    9 :  0.007 0.993 
1417    h3891    (0)    9 :  0.005 0.995 
1418    h3901    (0)    9 :  0.006 0.994 
1419    h3911    (0)    9 :  0.010 0.990 
1420    h3921    (0)    9 :  0.007 0.993 
1421    h3931    (0)    9 :  0.005 0.995 
1422    h3941    (0)    9 :  0.010 0.990 
1423    h3951    (0)    9 :  0.006 0.994 
1424    h3961    (0)    9 :  0.005 0.995 
1425    h3971    (0)    9 :  0.008 0.992 
1426    h3981    (0)    9 :  0.005 0.995 
1427    h3991    (0)    9 :  0.005 0.995 
1428    h4001    (0)    9 :  0.007 0.993 
1429     h401    (0)    9 :  0.010 0.990 
1430     h402    (0)    9 :  0.008 0.992 
1431     h403    (0)    9 :  0.006 0.994 
1432     h404    (0)    9 :  0.007 0.993 
1433     h405    (0)    9 :  0.006 0.994 
1434     h406    (0)    9 :  0.009 0.991 
1435     h407    (0)    9 :  0.012 0.988 
1436     h408    (0)    9 :  0.008 0.992 
1437     h409    (0)    9 :  0.005 0.995 
1438     h410    (0)    9 :  0.006 0.994 
1439     h411    (0)    9 :  0.006 0.994 
1440     h412    (0)    9 :  0.007 0.993 
1441     h413    (0)    9 :  0.008 0.992 
1442     h414    (0)    9 :  0.007 0.993 
1443     h415    (0)    9 :  0.009 0.991 
1444     h416    (0)    9 :  0.009 0.991 
1445     h417    (0)    9 :  0.006 0.994 
1446     h418    (0)    9 :  0.008 0.992 
1447     h419    (0)    9 :  0.005 0.995 
1448     h420    (0)    9 :  0.009 0.991 
1449     h421    (0)    9 :  0.006 0.994 
1450     h422    (0)    9 :  0.012 0.988 
1451     h423    (0)    9 :  0.010 0.990 
1452     h424    (0)    9 :  0.006 0.994 
1453     h425    (0)    9 :  0.005 0.995 
1454     h426    (0)    9 :  0.008 0.992 
1455     h427    (0)    9 :  0.005 0.995 
1456     h428    (0)    9 :  0.005 0.995 
1457     h429    (0)    9 :  0.006 0.994 
1458     h430    (0)    9 :  0.007 0.993 
1459     h431    (0)    9 :  0.010 0.990 
1460     h432    (0)    9 :  0.006 0.994 
1461     h433    (0)    9 :  0.012 0.988 
1462     h434    (0)    9 :  0.017 0.983 
1463     h435    (0)    9 :  0.006 0.994 
1464     h436    (0)    9 :  0.006 0.994 
1465     h437    (0)    9 :  0.007 0.993 
1466     h438    (0)    9 :  0.011 0.989 
1467     h439    (0)    9 :  0.005 0.995 
1468     h440    (0)    9 :  0.007 0.993 
1469     h441    (0)    9 :  0.005 0.995 
1470     h442    (0)    9 :  0.013 0.987 
1471     h443    (0)    9 :  0.007 0.993 
1472     h444    (0)    9 :  0.007 0.993 
1473     h445    (0)    9 :  0.006 0.994 
1474     h446    (0)    9 :  0.008 0.992 
1475     h447    (0)    9 :  0.007 0.993 
1476     h448    (0)    9 :  0.009 0.991 
1477     h449    (0)    9 :  0.005 0.995 
1478     h450    (0)    9 :  0.007 0.993 
1479     h451    (0)    9 :  0.006 0.994 
1480     h452    (0)    9 :  0.008 0.992 
1481     h453    (0)    9 :  0.009 0.991 
1482     h454    (0)    9 :  0.006 0.994 
1483     h455    (0)    9 :  0.007 0.993 
1484     h456    (0)    9 :  0.008 0.992 
1485     h457    (0)    9 :  0.006 0.994 
1486     h458    (0)    9 :  0.009 0.991 
1487     h459    (0)    9 :  0.007 0.993 
1488     h460    (0)    9 :  0.007 0.993 
1489     h461    (0)    9 :  0.005 0.995 
1490     h462    (0)    9 :  0.007 0.993 
1491     h463    (0)    9 :  0.007 0.993 
1492     h464    (0)    9 :  0.006 0.994 
1493     h465    (0)    9 :  0.005 0.995 
1494     h466    (0)    9 :  0.005 0.995 
1495     h467    (0)    9 :  0.015 0.985 
1496     h468    (0)    9 :  0.015 0.985 
1497     h469    (0)    9 :  0.008 0.992 
1498     h470    (0)    9 :  0.010 0.990 
1499     h471    (0)    9 :  0.007 0.993 
1500     h472    (0)    9 :  0.006 0.994 


Estimated Allele Frequencies in each cluster
First column gives estimated ancestral frequencies


Locus 1 : Cl147 
16 alleles
0.0% missing data
  45   (0.114) 0.152 0.000 
  69   (0.098) 0.094 0.223 
  73   (0.156) 0.179 0.069 
  77   (0.100) 0.100 0.071 
  56   (0.052) 0.056 0.000 
  65   (0.040) 0.021 0.498 
  41   (0.145) 0.166 0.041 
  52   (0.078) 0.100 0.000 
  48   (0.044) 0.027 0.019 
  81   (0.028) 0.010 0.047 
  49   (0.040) 0.038 0.000 
  60   (0.036) 0.028 0.000 
  84   (0.022) 0.010 0.000 
  89   (0.022) 0.013 0.000 
  61   (0.015) 0.005 0.000 
  40   (0.009) 0.000 0.031 

Locus 2 : Cl233 
32 alleles
0.0% missing data
  63   (0.136) 0.178 0.235 
  85   (0.047) 0.061 0.000 
  73   (0.037) 0.041 0.000 
  79   (0.046) 0.057 0.000 
  71   (0.085) 0.128 0.000 
  77   (0.030) 0.029 0.000 
  75   (0.042) 0.052 0.000 
  67   (0.066) 0.094 0.000 
  55   (0.051) 0.040 0.439 
  59   (0.036) 0.039 0.000 
  81   (0.065) 0.093 0.000 
  83   (0.034) 0.035 0.000 
  93   (0.022) 0.015 0.000 
 101   (0.014) 0.005 0.000 
  69   (0.018) 0.009 0.000 
  51   (0.022) 0.016 0.000 
 100   (0.027) 0.023 0.000 
  92   (0.013) 0.004 0.000 
1121   (0.011) 0.002 0.000 
1001   (0.012) 0.003 0.000 
  89   (0.022) 0.015 0.000 
 711   (0.016) 0.007 0.000 
 116   (0.013) 0.004 0.000 
  80   (0.016) 0.007 0.000 
  43   (0.014) 0.004 0.000 
  84   (0.011) 0.002 0.000 
  88   (0.027) 0.019 0.000 
 104   (0.017) 0.009 0.000 
  97   (0.014) 0.004 0.000 
  70   (0.017) 0.003 0.126 
  74   (0.010) 0.001 0.150 
  78   (0.009) 0.000 0.047 

Locus 3 : Cl264 
26 alleles
0.0% missing data
  65   (0.086) 0.091 0.286 
 651   (0.133) 0.181 0.014 
 691   (0.101) 0.161 0.000 
  57   (0.015) 0.005 0.000 
  61   (0.024) 0.013 0.001 
 731   (0.058) 0.079 0.000 
 811   (0.031) 0.026 0.000 
 611   (0.039) 0.042 0.000 
  69   (0.103) 0.119 0.173 
  77   (0.043) 0.028 0.212 
  49   (0.043) 0.050 0.000 
  45   (0.017) 0.008 0.000 
 491   (0.013) 0.004 0.000 
 571   (0.014) 0.005 0.000 
 771   (0.046) 0.056 0.000 
  89   (0.032) 0.032 0.000 
 652   (0.021) 0.005 0.024 
  53   (0.024) 0.017 0.000 
  73   (0.053) 0.042 0.197 
  80   (0.019) 0.010 0.000 
 531   (0.013) 0.004 0.000 
 693   (0.013) 0.004 0.000 
  93   (0.015) 0.006 0.000 
  85   (0.020) 0.012 0.000 
 812   (0.012) 0.001 0.022 
  81   (0.011) 0.001 0.070 

Locus 4 : Cl274 
7 alleles
0.0% missing data
  61   (0.463) 0.506 0.477 
  57   (0.160) 0.149 0.453 
  65   (0.142) 0.140 0.012 
  53   (0.081) 0.062 0.058 
  69   (0.073) 0.076 0.000 
  73   (0.042) 0.034 0.000 
  49   (0.040) 0.032 0.000 

Locus 5 : Cl285 
24 alleles
0.0% missing data
  75   (0.106) 0.123 0.105 
  71   (0.141) 0.176 0.209 
 631   (0.038) 0.041 0.000 
  67   (0.118) 0.136 0.517 
  63   (0.073) 0.074 0.035 
  79   (0.063) 0.085 0.000 
 792   (0.041) 0.046 0.000 
 671   (0.046) 0.055 0.000 
 831   (0.043) 0.049 0.000 
 752   (0.050) 0.062 0.000 
  55   (0.015) 0.002 0.072 
1401   (0.015) 0.006 0.000 
  59   (0.037) 0.021 0.062 
 712   (0.038) 0.040 0.000 
 833   (0.028) 0.024 0.000 
1322   (0.016) 0.006 0.000 
 136   (0.022) 0.014 0.000 
 164   (0.018) 0.008 0.000 
 872   (0.015) 0.005 0.000 
1282   (0.017) 0.008 0.000 
 148   (0.015) 0.006 0.000 
 144   (0.014) 0.004 0.000 
 119   (0.016) 0.006 0.000 
1402   (0.014) 0.004 0.000 

Locus 6 : Cl291 
19 alleles
0.0% missing data
 641   (0.061) 0.070 0.000 
  72   (0.104) 0.101 0.250 
 682   (0.040) 0.038 0.000 
 801   (0.047) 0.047 0.000 
 681   (0.167) 0.236 0.000 
  76   (0.100) 0.096 0.165 
 722   (0.108) 0.145 0.000 
 601   (0.022) 0.012 0.000 
  80   (0.070) 0.060 0.020 
 761   (0.017) 0.006 0.000 
 762   (0.072) 0.061 0.053 
 721   (0.048) 0.049 0.000 
  84   (0.047) 0.047 0.000 
  64   (0.023) 0.014 0.000 
  68   (0.020) 0.004 0.233 
 843   (0.017) 0.006 0.000 
 881   (0.015) 0.004 0.000 
 841   (0.012) 0.001 0.259 
  88   (0.010) 0.000 0.019 

Locus 7 : Cl308 
48 alleles
0.0% missing data
  72   (0.081) 0.141 0.027 
  64   (0.037) 0.034 0.423 
  68   (0.073) 0.113 0.526 
 103   (0.021) 0.021 0.000 
  80   (0.027) 0.036 0.000 
  76   (0.049) 0.099 0.000 
1151   (0.019) 0.016 0.000 
 123   (0.019) 0.015 0.000 
 115   (0.030) 0.043 0.000 
  83   (0.021) 0.023 0.000 
1231   (0.014) 0.007 0.000 
1192   (0.014) 0.006 0.000 
 131   (0.020) 0.017 0.000 
1191   (0.017) 0.011 0.000 
 752   (0.017) 0.012 0.000 
 143   (0.015) 0.009 0.000 
  79   (0.033) 0.047 0.000 
 119   (0.018) 0.014 0.000 
1431   (0.026) 0.034 0.000 
1112   (0.028) 0.038 0.000 
1193   (0.018) 0.015 0.000 
1591   (0.015) 0.009 0.000 
1232   (0.012) 0.005 0.000 
 139   (0.013) 0.006 0.000 
1111   (0.015) 0.008 0.000 
 127   (0.013) 0.006 0.000 
1391   (0.022) 0.023 0.000 
 121   (0.012) 0.005 0.000 
1313   (0.012) 0.005 0.000 
1113   (0.014) 0.008 0.000 
  87   (0.033) 0.053 0.000 
1031   (0.011) 0.003 0.000 
 155   (0.012) 0.005 0.000 
1312   (0.012) 0.004 0.000 
1272   (0.012) 0.005 0.000 
 151   (0.015) 0.008 0.000 
1351   (0.017) 0.012 0.000 
 135   (0.015) 0.008 0.000 
1432   (0.011) 0.004 0.000 
1152   (0.017) 0.012 0.000 
1271   (0.015) 0.010 0.000 
1311   (0.014) 0.008 0.000 
1472   (0.010) 0.002 0.000 
 137   (0.013) 0.006 0.000 
  88   (0.013) 0.006 0.000 
  60   (0.018) 0.005 0.021 
 712   (0.017) 0.012 0.000 
1071   (0.017) 0.007 0.002 

Locus 8 : Cl330 
23 alleles
0.1% missing data
  52   (0.215) 0.300 0.262 
 601   (0.106) 0.127 0.127 
  40   (0.066) 0.066 0.015 
  72   (0.022) 0.015 0.000 
  56   (0.122) 0.158 0.018 
 481   (0.055) 0.047 0.048 
  61   (0.042) 0.043 0.000 
  80   (0.013) 0.004 0.000 
 681   (0.030) 0.026 0.000 
  64   (0.071) 0.066 0.397 
  57   (0.020) 0.010 0.000 
  75   (0.023) 0.015 0.000 
  71   (0.026) 0.019 0.000 
  28   (0.024) 0.017 0.000 
  65   (0.020) 0.012 0.000 
 441   (0.029) 0.026 0.000 
  36   (0.034) 0.032 0.000 
  79   (0.016) 0.006 0.000 
  73   (0.013) 0.004 0.000 
 602   (0.014) 0.004 0.000 
  68   (0.016) 0.003 0.081 
  83   (0.013) 0.001 0.019 
 641   (0.009) 0.000 0.033 

Locus 9 : Cl344 
13 alleles
0.4% missing data
  56   (0.314) 0.427 0.001 
  60   (0.236) 0.256 0.325 
  48   (0.018) 0.007 0.000 
  76   (0.032) 0.012 0.124 
  64   (0.118) 0.108 0.404 
  72   (0.082) 0.070 0.014 
 761   (0.017) 0.006 0.000 
 641   (0.031) 0.022 0.000 
  68   (0.064) 0.045 0.132 
 601   (0.033) 0.024 0.000 
  52   (0.023) 0.012 0.000 
 681   (0.012) 0.002 0.000 
 721   (0.020) 0.008 0.000 

Locus 10 : Cl366 
7 alleles
0.1% missing data
  80   (0.322) 0.320 0.499 
  92   (0.046) 0.039 0.000 
  76   (0.246) 0.235 0.500 
  88   (0.095) 0.100 0.000 
  84   (0.112) 0.123 0.000 
  72   (0.158) 0.173 0.001 
  64   (0.021) 0.009 0.000 

Locus 11 : Cl375 
14 alleles
0.0% missing data
 491   (0.107) 0.105 0.019 
  53   (0.211) 0.282 0.001 
 612   (0.029) 0.020 0.000 
  57   (0.253) 0.282 0.516 
  45   (0.046) 0.043 0.000 
  61   (0.145) 0.145 0.358 
 651   (0.028) 0.018 0.000 
  69   (0.035) 0.029 0.000 
 571   (0.040) 0.036 0.000 
  65   (0.049) 0.030 0.019 
  37   (0.012) 0.002 0.000 
 691   (0.012) 0.002 0.000 
 531   (0.023) 0.005 0.040 
  49   (0.010) 0.000 0.047 

Locus 12 : Cl408 
11 alleles
0.0% missing data
  62   (0.262) 0.290 0.048 
  74   (0.052) 0.050 0.000 
  50   (0.051) 0.028 0.434 
  58   (0.114) 0.098 0.463 
  66   (0.172) 0.215 0.000 
  70   (0.073) 0.079 0.000 
  54   (0.184) 0.191 0.054 
  78   (0.026) 0.015 0.000 
  79   (0.014) 0.004 0.000 
  75   (0.037) 0.029 0.000 
  82   (0.014) 0.003 0.000 

Locus 13 : Cl507 
21 alleles
0.0% missing data
  70   (0.079) 0.079 0.012 
  94   (0.037) 0.035 0.000 
  74   (0.073) 0.069 0.028 
  54   (0.046) 0.030 0.028 
  82   (0.148) 0.224 0.000 
  90   (0.043) 0.046 0.000 
  86   (0.069) 0.089 0.000 
 701   (0.023) 0.014 0.000 
  78   (0.057) 0.069 0.000 
  62   (0.095) 0.094 0.541 
 741   (0.048) 0.054 0.000 
  66   (0.101) 0.108 0.085 
 661   (0.024) 0.016 0.000 
  58   (0.035) 0.017 0.016 
  98   (0.029) 0.023 0.000 
 781   (0.019) 0.010 0.000 
 141   (0.020) 0.010 0.000 
 102   (0.018) 0.008 0.000 
 106   (0.014) 0.004 0.000 
 622   (0.013) 0.001 0.190 
 501   (0.010) 0.000 0.099 

Locus 14 : Cl527 
26 alleles
0.0% missing data
  62   (0.103) 0.130 0.002 
 622   (0.016) 0.006 0.000 
 461   (0.019) 0.010 0.000 
  82   (0.014) 0.004 0.000 
 661   (0.097) 0.132 0.000 
  70   (0.070) 0.089 0.000 
 581   (0.041) 0.041 0.000 
 701   (0.064) 0.079 0.000 
 501   (0.032) 0.027 0.000 
  66   (0.084) 0.109 0.000 
 741   (0.028) 0.021 0.000 
  58   (0.083) 0.108 0.000 
 541   (0.051) 0.057 0.000 
  74   (0.017) 0.007 0.000 
 621   (0.073) 0.097 0.000 
  78   (0.022) 0.012 0.000 
 781   (0.016) 0.006 0.000 
 462   (0.018) 0.008 0.000 
  67   (0.025) 0.018 0.000 
  54   (0.027) 0.009 0.398 
  50   (0.039) 0.021 0.058 
  63   (0.015) 0.005 0.000 
 582   (0.014) 0.002 0.397 
 623   (0.011) 0.001 0.032 
  46   (0.011) 0.001 0.072 
  53   (0.011) 0.001 0.039 

Locus 15 : Cl380 
19 alleles
0.6% missing data
 671   (0.095) 0.124 0.000 
 672   (0.105) 0.109 0.016 
 751   (0.038) 0.035 0.000 
  71   (0.075) 0.061 0.447 
  79   (0.214) 0.250 0.352 
  75   (0.100) 0.127 0.000 
 711   (0.097) 0.127 0.000 
  67   (0.024) 0.015 0.000 
 791   (0.022) 0.012 0.000 
 591   (0.026) 0.017 0.000 
 552   (0.046) 0.044 0.000 
 792   (0.021) 0.011 0.000 
 593   (0.023) 0.014 0.000 
  59   (0.026) 0.017 0.000 
 631   (0.012) 0.002 0.000 
 833   (0.019) 0.009 0.000 
 712   (0.021) 0.011 0.000 
  63   (0.024) 0.015 0.000 
 551   (0.012) 0.001 0.184 

Locus 16 : Lup02 
6 alleles
0.1% missing data
  56   (0.455) 0.486 0.514 
  60   (0.194) 0.194 0.064 
  52   (0.124) 0.116 0.011 
  48   (0.192) 0.192 0.049 
 561   (0.022) 0.010 0.000 
  64   (0.013) 0.001 0.362 

Locus 17 : Lup13 
4 alleles
0.0% missing data
  57   (0.258) 0.243 0.545 
  61   (0.451) 0.478 0.068 
  65   (0.115) 0.124 0.000 
  53   (0.176) 0.156 0.387 

Locus 18 : Lup20 
8 alleles
0.5% missing data
  56   (0.579) 0.648 0.335 
 601   (0.089) 0.096 0.000 
  60   (0.149) 0.135 0.509 
  68   (0.037) 0.029 0.000 
  64   (0.082) 0.062 0.156 
  72   (0.022) 0.011 0.000 
 681   (0.018) 0.007 0.000 
 641   (0.023) 0.012 0.000 

Locus 19 : Lup21 
10 alleles
0.0% missing data
  41   (0.347) 0.381 0.134 
  57   (0.269) 0.301 0.019 
  53   (0.123) 0.107 0.470 
  37   (0.025) 0.014 0.000 
  45   (0.150) 0.179 0.000 
 531   (0.014) 0.003 0.000 
 611   (0.026) 0.007 0.134 
 491   (0.019) 0.008 0.000 
  49   (0.014) 0.001 0.184 
  61   (0.013) 0.001 0.058 

Locus 20 : Lup23 
4 alleles
0.0% missing data
  59   (0.221) 0.223 0.010 
  63   (0.727) 0.754 0.491 
  67   (0.031) 0.019 0.000 
  55   (0.021) 0.004 0.499 

Values of parameters used in structure:
DATAFILE=/home/eva.pavlovic/data_job_4b2_4_2,	OUTFILE=/home/eva.pavlovic/ParallelStructure/26_results_20MS/4b2_Italy_high_numbers/4b2_Italy_high_numbers_4/results_job_4b2_4_2,	NUMINDS=1500,	NUMLOCI=20,	MISSING=-9,	LABEL=1,	POPDATA=1,	POPFLAG=0,	PHENOTYPE=0,	EXTRACOLS=0,	MAXPOPS=2,	BURNIN=300000,	NUMREPS=3000000,	USEPOPINFO=0,	INFERALPHA=1,	INFERLAMBDA=0,	POPSPECIFICLAMBDA=0,	POPALPHAS=0,	COMPUTEPROB=1,	NOADMIX=0,	ADMBURNIN=2500,	UPDATEFREQ=1,	PRINTLIKES=0,	INTERMEDSAVE=0,	PRINTKLD=0,	PRINTNET=0,	PRINTLAMBDA=0,	ANCESTDIST=0,	NUMBOXES=1000,	ANCESTPINT=0.90000,	GENSBACK=2,	MIGRPRIOR=0.05000,	PRINTQHAT=1,	PRINTQSUM=0,	ALPHA=1.0000,	FREQSCORR=1,	FPRIORMEAN=0.0100,	FPRIORSD=0.0500,	ONEFST=0,	LAMBDA=1.0000,	UNIFPRIORALPHA=1,	ALPHAMAX=10.0000,	ALPHAPRIORA=1.0000,	ALPHAPRIORB=2.0000,	ALPHAPROPSD=0.0250,	STARTATPOPINFO=0,	RANDOMIZE=1,	LINKAGE=0,	METROFREQ=10,	REPORTHITRATE=0,	MARKOVPHASE=-1,	PHASED=0,	PLOIDY=2,	PHASEINFO=0	LOCPRIOR=0, 	LOCPRIORINIT=1.000000, 	LOCDATA=0, 	LOCISPOP=0, 	LOCPRIORSTEP=0.100000, 	MAXLOCPRIOR=20.000000, 	SEED=1772741697,	
[STRAT parameters]:    NUMSIMSTATS=1000,	PHENOTYPECOL=-9,	POOLFREQ=10,	LOCUSxONLY=0,	EMERROR=0.00100,	MISSINGPHENO=-9,	