       M1EL5  1 0.0438 0.9562 
       W26T6  1 0.0938 0.9062 
       W26XX  1 0.0222 0.9778 
       M013P  1 0.0176 0.9824 
       M1ELA  1 0.0837 0.9163 
       M2C73  1 0.0281 0.9719 
       W23P4  1 0.0810 0.9190 
       W247C  1 0.0204 0.9796 
       W24K1  1 0.0193 0.9807 
       W24ME  1 0.1033 0.8967 
       W2514  1 0.0323 0.9677 
       W26MA  1 0.0369 0.9631 
       W26MM  1 0.0233 0.9767 
       W26MU  1 0.0521 0.9479 
       W26P0  1 0.0311 0.9689 
       W26P3  1 0.0163 0.9837 
       W26T5  1 0.0194 0.9806 
       W26TE  1 0.0388 0.9612 
       W26TF  1 0.0222 0.9778 
       W26U8  1 0.0956 0.9044 
       W26UJ  1 0.0205 0.9795 
       W26UK  1 0.0166 0.9834 
       W26UT  1 0.0183 0.9817 
       W26XT  1 0.0217 0.9783 
      CC06H2  1 0.0536 0.9464 
      CC06H4  1 0.0282 0.9718 
      CC06H5  1 0.0608 0.9392 
      CC06H6  1 0.0346 0.9654 
      CC06HE  1 0.0204 0.9796 
      CC06HF  1 0.0553 0.9447 
      CC06HH  1 0.0218 0.9782 
      CC06HJ  1 0.0318 0.9682 
      CC06HL  1 0.0157 0.9843 
      CC06HP  1 0.0172 0.9828 
      CC06HT  1 0.0367 0.9633 
      CC06HU  1 0.0308 0.9692 
      CC06HY  1 0.0387 0.9613 
      CC06J0  1 0.0289 0.9711 
      CC06J1  1 0.0645 0.9355 
      CC06J2  1 0.0299 0.9701 
     CT.0YCY  1 0.0254 0.9746 
     CT.0YEC  1 0.0166 0.9834 
     CT.0YEF  1 0.0254 0.9746 
     CT.0YEU  1 0.0172 0.9828 
     CT.0YF2  1 0.0496 0.9504 
     CT.0YF8  1 0.0177 0.9823 
     CT.0YFA  1 0.0319 0.9681 
     CT.0YFE  1 0.0281 0.9719 
     CT.0YFP  1 0.0278 0.9722 
     CT.0YFU  1 0.0280 0.9720 
     CT.0YK7  1 0.0259 0.9741 
     CX.10PT  1 0.0678 0.9322 
      DAM021  1 0.0271 0.9729 
      DAM034  1 0.0415 0.9585 
      DAM07X  1 0.0309 0.9691 
     EF.15J6  1 0.0229 0.9771 
      HRV010  1 0.0240 0.9760 
      HRV02J  1 0.0353 0.9647 
      HRV078  1 0.0287 0.9713 
      HRV0FH  1 0.0311 0.9689 
      HRV0H5  1 0.0295 0.9705 
      HRV0JF  1 0.0637 0.9363 
      HRV0JJ  1 0.0385 0.9615 
      HRV0JM  1 0.0357 0.9643 
      HRV0K6  1 0.0718 0.9282 
      HRV0K7  1 0.0223 0.9777 
      HRV0KP  1 0.0287 0.9713 
      HRV1AX  1 0.0512 0.9488 
      HRV1C4  1 0.0361 0.9639 
      HRV1CH  1 0.0459 0.9541 
      HRV1FA  1 0.0333 0.9667 
      HRV1FK  1 0.0334 0.9666 
      HRV1H8  1 0.0274 0.9726 
      HRV1HT  1 0.0441 0.9559 
      HRV1XU  1 0.0264 0.9736 
      HRV4TF  1 0.0211 0.9789 
      HRV6F0  1 0.0278 0.9722 
      HRVE6L  1 0.0390 0.9610 
       M27HM  1 0.0321 0.9679 
       M27HP  1 0.0202 0.9798 
       M2AK4  1 0.0211 0.9789 
       M2ALA  1 0.0202 0.9798 
       M2C56  1 0.0585 0.9415 
       M2CUX  1 0.0595 0.9405 
       M2E24  1 0.0190 0.9810 
       M2EA7  1 0.0234 0.9766 
       M2EH6  1 0.0236 0.9764 
       M2EKC  1 0.0828 0.9172 
      MSV083  1 0.0273 0.9727 
      MSV084  1 0.0364 0.9636 
      MSV0LJ  1 0.0319 0.9681 
      MSV1H5  1 0.0325 0.9675 
      MSV1KM  1 0.0191 0.9809 
      MSV23F  1 0.0229 0.9771 
      MSV2L8  1 0.0273 0.9727 
      MSV2P7  1 0.0249 0.9751 
      MSV2TJ  1 0.0561 0.9439 
      MSV2XM  1 0.0307 0.9693 
      MSV327  1 0.0258 0.9742 
      MSV33L  1 0.0192 0.9808 
        h001  2 0.0738 0.9262 
        h002  2 0.0976 0.9024 
        h003  2 0.0811 0.9189 
        h004  2 0.0592 0.9408 
        h005  2 0.0919 0.9081 
        h006  2 0.0282 0.9718 
        h007  2 0.0822 0.9178 
        h008  2 0.1535 0.8465 
        h009  2 0.0851 0.9149 
        h010  2 0.1794 0.8206 
        h011  2 0.0648 0.9352 
        h012  2 0.0463 0.9537 
        h013  2 0.2624 0.7376 
        h014  2 0.0441 0.9559 
        h015  2 0.0360 0.9640 
        h016  2 0.0489 0.9511 
        h017  2 0.0667 0.9333 
        h018  2 0.1790 0.8210 
        h019  2 0.0323 0.9677 
        h020  2 0.0965 0.9035 
        h021  2 0.1962 0.8038 
        h022  2 0.1285 0.8715 
        h023  2 0.1260 0.8740 
        h024  2 0.0407 0.9593 
        h025  2 0.0845 0.9155 
        h026  2 0.0678 0.9322 
        h027  2 0.0563 0.9437 
        h028  2 0.2329 0.7671 
        h029  2 0.0532 0.9468 
        h030  2 0.1827 0.8173 
        h031  2 0.0683 0.9317 
        h032  2 0.0778 0.9222 
        h033  2 0.1146 0.8854 
        h034  2 0.0944 0.9056 
        h035  2 0.1027 0.8973 
        h036  2 0.0835 0.9165 
        h037  2 0.0603 0.9397 
        h038  2 0.0756 0.9244 
        h039  2 0.0891 0.9109 
        h040  2 0.1198 0.8802 
        h041  2 0.0399 0.9601 
        h042  2 0.0191 0.9809 
        h043  2 0.0800 0.9200 
        h044  2 0.1207 0.8793 
        h045  2 0.2233 0.7767 
        h046  2 0.0388 0.9612 
        h047  2 0.0257 0.9743 
        h048  2 0.0314 0.9686 
        h049  2 0.2054 0.7946 
        h050  2 0.0531 0.9469 
        h051  2 0.0780 0.9220 
        h052  2 0.1680 0.8320 
        h053  2 0.1209 0.8791 
        h054  2 0.0682 0.9318 
        h055  2 0.0401 0.9599 
        h056  2 0.0690 0.9310 
        h057  2 0.0532 0.9468 
        h058  2 0.1237 0.8763 
        h059  2 0.1179 0.8821 
        h060  2 0.0291 0.9709 
        h061  2 0.0537 0.9463 
        h062  2 0.0196 0.9804 
        h063  2 0.0434 0.9566 
        h064  2 0.1472 0.8528 
        h065  2 0.1366 0.8634 
        h066  2 0.0820 0.9180 
        h067  2 0.0325 0.9675 
        h068  2 0.0868 0.9132 
        h069  2 0.0260 0.9740 
        h070  2 0.1885 0.8115 
        h071  2 0.0781 0.9219 
        h072  2 0.0833 0.9167 
        h073  2 0.0451 0.9549 
        h074  2 0.1009 0.8991 
        h075  2 0.1607 0.8393 
        h076  2 0.0345 0.9655 
        h077  2 0.0357 0.9643 
        h078  2 0.0197 0.9803 
        h079  2 0.1391 0.8609 
        h080  2 0.0795 0.9205 
        h081  2 0.0235 0.9765 
        h082  2 0.0167 0.9833 
        h083  2 0.0757 0.9243 
        h084  2 0.0610 0.9390 
        h085  2 0.1096 0.8904 
        h086  2 0.0817 0.9183 
        h087  2 0.0234 0.9766 
        h088  2 0.1520 0.8480 
        h089  2 0.0654 0.9346 
        h090  2 0.0339 0.9661 
        h091  2 0.1454 0.8546 
        h092  2 0.0687 0.9313 
        h093  2 0.1071 0.8929 
        h094  2 0.0838 0.9162 
        h095  2 0.1039 0.8961 
        h096  2 0.0896 0.9104 
        h097  2 0.0361 0.9639 
        h098  2 0.0898 0.9102 
        h099  2 0.1577 0.8423 
        h100  2 0.1003 0.8997 
       h0011  3 0.0382 0.9618 
       h0021  3 0.1440 0.8560 
       h0031  3 0.0957 0.9043 
       h0041  3 0.1732 0.8268 
       h0051  3 0.3171 0.6829 
       h0061  3 0.2040 0.7960 
       h0071  3 0.2449 0.7551 
       h0081  3 0.2913 0.7087 
       h0091  3 0.1395 0.8605 
       h0101  3 0.0594 0.9406 
       h0111  3 0.5170 0.4830 
       h0121  3 0.1005 0.8995 
       h0131  3 0.0865 0.9135 
       h0141  3 0.4685 0.5315 
       h0151  3 0.3541 0.6459 
       h0161  3 0.1004 0.8996 
       h0171  3 0.0782 0.9218 
       h0181  3 0.0757 0.9243 
       h0191  3 0.3732 0.6268 
       h0201  3 0.1551 0.8449 
       h0211  3 0.1400 0.8600 
       h0221  3 0.2474 0.7526 
       h0231  3 0.1905 0.8095 
       h0241  3 0.1504 0.8496 
       h0251  3 0.0804 0.9196 
       h0261  3 0.1854 0.8146 
       h0271  3 0.4132 0.5868 
       h0281  3 0.2874 0.7126 
       h0291  3 0.1845 0.8155 
       h0301  3 0.2670 0.7330 
       h0311  3 0.0607 0.9393 
       h0321  3 0.2515 0.7485 
       h0331  3 0.2046 0.7954 
       h0341  3 0.1907 0.8093 
       h0351  3 0.1454 0.8546 
       h0361  3 0.2206 0.7794 
       h0371  3 0.5317 0.4683 
       h0381  3 0.3305 0.6695 
       h0391  3 0.1017 0.8983 
       h0401  3 0.5081 0.4919 
       h0411  3 0.4573 0.5427 
       h0421  3 0.0878 0.9122 
       h0431  3 0.0378 0.9622 
       h0441  3 0.0574 0.9426 
       h0451  3 0.2546 0.7454 
       h0461  3 0.3261 0.6739 
       h0471  3 0.0325 0.9675 
       h0481  3 0.1519 0.8481 
       h0491  3 0.4008 0.5992 
       h0501  3 0.0878 0.9122 
       h0511  3 0.2754 0.7246 
       h0521  3 0.0984 0.9016 
       h0531  3 0.3287 0.6713 
       h0541  3 0.1248 0.8752 
       h0551  3 0.1039 0.8961 
       h0561  3 0.1928 0.8072 
       h0571  3 0.2024 0.7976 
       h0581  3 0.3952 0.6048 
       h0591  3 0.4233 0.5767 
       h0601  3 0.0270 0.9730 
       h0611  3 0.0523 0.9477 
       h0621  3 0.1078 0.8922 
       h0631  3 0.2962 0.7038 
       h0641  3 0.3642 0.6358 
       h0651  3 0.0380 0.9620 
       h0661  3 0.1007 0.8993 
       h0671  3 0.1829 0.8171 
       h0681  3 0.2832 0.7168 
       h0691  3 0.2150 0.7850 
       h0701  3 0.1896 0.8104 
       h0711  3 0.3712 0.6288 
       h0721  3 0.1830 0.8170 
       h0731  3 0.3306 0.6694 
       h0741  3 0.1006 0.8994 
       h0751  3 0.1670 0.8330 
       h0761  3 0.0780 0.9220 
       h0771  3 0.3063 0.6937 
       h0781  3 0.1341 0.8659 
       h0791  3 0.2688 0.7312 
       h0801  3 0.2014 0.7986 
       h0811  3 0.0773 0.9227 
       h0821  3 0.1545 0.8455 
       h0831  3 0.0763 0.9237 
       h0841  3 0.5270 0.4730 
       h0851  3 0.1114 0.8886 
       h0861  3 0.1325 0.8675 
       h0871  3 0.0780 0.9220 
       h0881  3 0.1135 0.8865 
       h0891  3 0.1737 0.8263 
       h0901  3 0.1720 0.8280 
       h0911  3 0.3034 0.6966 
       h0921  3 0.1655 0.8345 
       h0931  3 0.4050 0.5950 
       h0941  3 0.3267 0.6733 
       h0951  3 0.2026 0.7974 
       h0961  3 0.2848 0.7152 
       h0971  3 0.3370 0.6630 
       h0981  3 0.2148 0.7852 
       h0991  3 0.2352 0.7648 
       h1001  3 0.0831 0.9169 
      MSV1TX  4 0.3713 0.6287 
      MSV025  4 0.6312 0.3688 
      MSV02C  4 0.5305 0.4695 
      MSV02E  4 0.5391 0.4609 
      MSV0TF  4 0.6140 0.3860 
       M2EL8  4 0.6977 0.3023 
       h0012  5 0.4171 0.5829 
       h0022  5 0.5985 0.4015 
       h0032  5 0.5149 0.4851 
       h0042  5 0.3288 0.6712 
       h0052  5 0.7754 0.2246 
       h0062  5 0.5650 0.4350 
       h0072  5 0.4736 0.5264 
       h0082  5 0.3902 0.6098 
       h0092  5 0.5027 0.4973 
       h0102  5 0.5065 0.4935 
       h0112  5 0.4518 0.5482 
       h0122  5 0.5365 0.4635 
       h0132  5 0.4511 0.5489 
       h0142  5 0.4229 0.5771 
       h0152  5 0.3425 0.6575 
       h0162  5 0.4358 0.5642 
       h0172  5 0.5586 0.4414 
       h0182  5 0.5344 0.4656 
       h0192  5 0.6478 0.3522 
       h0202  5 0.5831 0.4169 
       h0212  5 0.4599 0.5401 
       h0222  5 0.4517 0.5483 
       h0232  5 0.5343 0.4657 
       h0242  5 0.4943 0.5057 
       h0252  5 0.4522 0.5478 
       h0262  5 0.6193 0.3807 
       h0272  5 0.5879 0.4121 
       h0282  5 0.5680 0.4320 
       h0292  5 0.5091 0.4909 
       h0302  5 0.4272 0.5728 
       h0312  5 0.4500 0.5500 
       h0322  5 0.4282 0.5718 
       h0332  5 0.4298 0.5702 
       h0342  5 0.5884 0.4116 
       h0352  5 0.4368 0.5632 
       h0362  5 0.4665 0.5335 
       h0372  5 0.4785 0.5215 
       h0382  5 0.2861 0.7139 
       h0392  5 0.6344 0.3656 
       h0402  5 0.5160 0.4840 
       h0412  5 0.4868 0.5132 
       h0422  5 0.4699 0.5301 
       h0432  5 0.5404 0.4596 
       h0442  5 0.3871 0.6129 
       h0452  5 0.3063 0.6937 
       h0462  5 0.5541 0.4459 
       h0472  5 0.3524 0.6476 
       h0482  5 0.5547 0.4453 
       h0492  5 0.5661 0.4339 
       h0502  5 0.6064 0.3936 
       h0512  5 0.6233 0.3767 
       h0522  5 0.6037 0.3963 
       h0532  5 0.4151 0.5849 
       h0542  5 0.6464 0.3536 
       h0552  5 0.3088 0.6912 
       h0562  5 0.4260 0.5740 
       h0572  5 0.6183 0.3817 
       h0582  5 0.6504 0.3496 
       h0592  5 0.4171 0.5829 
       h0602  5 0.4429 0.5571 
       h0612  5 0.3572 0.6428 
       h0622  5 0.3439 0.6561 
       h0632  5 0.4308 0.5692 
       h0642  5 0.6128 0.3872 
       h0652  5 0.4979 0.5021 
       h0662  5 0.5137 0.4863 
       h0672  5 0.4460 0.5540 
       h0682  5 0.6815 0.3185 
       h0692  5 0.3598 0.6402 
       h0702  5 0.5149 0.4851 
       h0712  5 0.5275 0.4725 
       h0722  5 0.7019 0.2981 
       h0732  5 0.4325 0.5675 
       h0742  5 0.5449 0.4551 
       h0752  5 0.5464 0.4536 
       h0762  5 0.5606 0.4394 
       h0772  5 0.4006 0.5994 
       h0782  5 0.3940 0.6060 
       h0792  5 0.7865 0.2135 
       h0802  5 0.2879 0.7121 
       h0812  5 0.3532 0.6468 
       h0822  5 0.5613 0.4387 
       h0832  5 0.4481 0.5519 
       h0842  5 0.5948 0.4052 
       h0852  5 0.3917 0.6083 
       h0862  5 0.4718 0.5282 
       h0872  5 0.4632 0.5368 
       h0882  5 0.3615 0.6385 
       h0892  5 0.4902 0.5098 
       h0902  5 0.3614 0.6386 
       h0912  5 0.6055 0.3945 
       h0922  5 0.3986 0.6014 
       h0932  5 0.4244 0.5756 
       h0942  5 0.5909 0.4091 
       h0952  5 0.5573 0.4427 
       h0962  5 0.4334 0.5666 
       h0972  5 0.4300 0.5700 
       h0982  5 0.5795 0.4205 
       h0992  5 0.3770 0.6230 
       h1002  5 0.4610 0.5390 
      MSV21T  6 0.9291 0.0709 
       M2E71  6 0.8543 0.1457 
       h0013  7 0.7448 0.2552 
       h0023  7 0.7364 0.2636 
       h0033  7 0.8660 0.1340 
       h0043  7 0.7047 0.2953 
       h0053  7 0.7977 0.2023 
       h0063  7 0.7962 0.2038 
       h0073  7 0.7561 0.2439 
       h0083  7 0.7978 0.2022 
       h0093  7 0.7654 0.2346 
       h0103  7 0.8444 0.1556 
       h0113  7 0.8323 0.1677 
       h0123  7 0.7410 0.2590 
       h0133  7 0.7897 0.2103 
       h0143  7 0.7199 0.2801 
       h0153  7 0.7448 0.2552 
       h0163  7 0.6680 0.3320 
       h0173  7 0.8735 0.1265 
       h0183  7 0.9185 0.0815 
       h0193  7 0.7386 0.2614 
       h0203  7 0.8064 0.1936 
       h0213  7 0.7739 0.2261 
       h0223  7 0.8975 0.1025 
       h0233  7 0.7401 0.2599 
       h0243  7 0.6505 0.3495 
       h0253  7 0.7611 0.2389 
       h0263  7 0.8571 0.1429 
       h0273  7 0.7156 0.2844 
       h0283  7 0.6695 0.3305 
       h0293  7 0.5536 0.4464 
       h0303  7 0.8560 0.1440 
       h0313  7 0.8911 0.1089 
       h0323  7 0.7032 0.2968 
       h0333  7 0.6382 0.3618 
       h0343  7 0.6949 0.3051 
       h0353  7 0.6909 0.3091 
       h0363  7 0.6449 0.3551 
       h0373  7 0.8339 0.1661 
       h0383  7 0.4779 0.5221 
       h0393  7 0.6793 0.3207 
       h0403  7 0.8119 0.1881 
       h0413  7 0.8839 0.1161 
       h0423  7 0.6051 0.3949 
       h0433  7 0.7700 0.2300 
       h0443  7 0.9239 0.0761 
       h0453  7 0.8857 0.1143 
       h0463  7 0.9506 0.0494 
       h0473  7 0.8714 0.1286 
       h0483  7 0.9205 0.0795 
       h0493  7 0.7163 0.2837 
       h0503  7 0.4426 0.5574 
       h0513  7 0.7918 0.2082 
       h0523  7 0.9324 0.0676 
       h0533  7 0.8566 0.1434 
       h0543  7 0.8574 0.1426 
       h0553  7 0.8499 0.1501 
       h0563  7 0.9725 0.0275 
       h0573  7 0.9251 0.0749 
       h0583  7 0.7370 0.2630 
       h0593  7 0.8131 0.1869 
       h0603  7 0.8305 0.1695 
       h0613  7 0.7655 0.2345 
       h0623  7 0.5692 0.4308 
       h0633  7 0.6134 0.3866 
       h0643  7 0.8761 0.1239 
       h0653  7 0.8757 0.1243 
       h0663  7 0.9361 0.0639 
       h0673  7 0.7054 0.2946 
       h0683  7 0.6867 0.3133 
       h0693  7 0.8453 0.1547 
       h0703  7 0.7382 0.2618 
       h0713  7 0.7061 0.2939 
       h0723  7 0.8908 0.1092 
       h0733  7 0.8491 0.1509 
       h0743  7 0.6005 0.3995 
       h0753  7 0.8845 0.1155 
       h0763  7 0.8618 0.1382 
       h0773  7 0.8225 0.1775 
       h0783  7 0.7964 0.2036 
       h0793  7 0.5125 0.4875 
       h0803  7 0.6320 0.3680 
       h0813  7 0.8561 0.1439 
       h0823  7 0.5960 0.4040 
       h0833  7 0.9548 0.0452 
       h0843  7 0.5198 0.4802 
       h0853  7 0.8338 0.1662 
       h0863  7 0.8572 0.1428 
       h0873  7 0.8648 0.1352 
       h0883  7 0.9839 0.0161 
       h0893  7 0.6620 0.3380 
       h0903  7 0.7097 0.2903 
       h0913  7 0.9265 0.0735 
       h0923  7 0.7579 0.2421 
       h0933  7 0.8368 0.1632 
       h0943  7 0.7750 0.2250 
       h0953  7 0.9203 0.0797 
       h0963  7 0.8088 0.1912 
       h0973  7 0.7664 0.2336 
       h0983  7 0.7750 0.2250 
       h0993  7 0.7492 0.2508 
       h1003  7 0.8708 0.1292 
       W23CA  8 0.9661 0.0339 
     AP.085Y  8 0.9640 0.0360 
     CH.0LLY  8 0.9307 0.0693 
       M0LEC  8 0.9800 0.0200 
       M2C3H  8 0.9673 0.0327 
       M2CHL  8 0.8773 0.1227 
       W26P7  8 0.9673 0.0327 
     AP.07M5  8 0.9239 0.0761 
     AP.080U  8 0.9548 0.0452 
     AP.082A  8 0.9799 0.0201 
     AP.0843  8 0.9741 0.0259 
     AP.0844  8 0.9062 0.0938 
     AP.084X  8 0.9758 0.0242 
     AP.086Y  8 0.9728 0.0272 
     AP.0870  8 0.9709 0.0291 
     AP.0878  8 0.9543 0.0457 
     AP.087F  8 0.9634 0.0366 
     AP.087Y  8 0.8999 0.1001 
     AP.088P  8 0.9659 0.0341 
     AP.08AK  8 0.9578 0.0422 
     CH.0LLM  8 0.9725 0.0275 
     CH.0LLU  8 0.9287 0.0713 
     CH.0LM0  8 0.9543 0.0457 
     CH.0LM3  8 0.9388 0.0612 
       W26MY  8 0.8533 0.1467 
       W26P6  8 0.9442 0.0558 
      HRV07U  8 0.9318 0.0682 
      HRV1CT  8 0.9736 0.0264 
      HRV1CU  8 0.9813 0.0187 
      HRV1E6  8 0.9772 0.0228 
      HRV081  8 0.9840 0.0160 
      HRV1E3  8 0.9510 0.0490 
      MSV21E  8 0.9303 0.0697 
      MSV216  8 0.9516 0.0484 
       M0TYK  8 0.9393 0.0607 
      MSV2AA  8 0.9477 0.0523 
     CK.0PET  8 0.8444 0.1556 
       M2E8C  8 0.9744 0.0256 
      MSV23X  8 0.9176 0.0824 
      MSV32A  8 0.8322 0.1678 
     AP.0838  8 0.9697 0.0303 
     AP.088F  8 0.9641 0.0359 
       h0014  9 0.7201 0.2799 
       h0024  9 0.9415 0.0585 
       h0034  9 0.9363 0.0637 
       h0044  9 0.8179 0.1821 
       h0054  9 0.8840 0.1160 
       h0064  9 0.9794 0.0206 
       h0074  9 0.8665 0.1335 
       h0084  9 0.8113 0.1887 
       h0094  9 0.8555 0.1445 
       h0104  9 0.9368 0.0632 
       h0114  9 0.9419 0.0581 
       h0124  9 0.9420 0.0580 
       h0134  9 0.9164 0.0836 
       h0144  9 0.9440 0.0560 
       h0154  9 0.9600 0.0400 
       h0164  9 0.9408 0.0592 
       h0174  9 0.9448 0.0552 
       h0184  9 0.8032 0.1968 
       h0194  9 0.9062 0.0938 
       h0204  9 0.9853 0.0147 
       h0214  9 0.8793 0.1207 
       h0224  9 0.9717 0.0283 
       h0234  9 0.7952 0.2048 
       h0244  9 0.9326 0.0674 
       h0254  9 0.9705 0.0295 
       h0264  9 0.9566 0.0434 
       h0274  9 0.9557 0.0443 
       h0284  9 0.9551 0.0449 
       h0294  9 0.7903 0.2097 
       h0304  9 0.9235 0.0765 
       h0314  9 0.7222 0.2778 
       h0324  9 0.9696 0.0304 
       h0334  9 0.9399 0.0601 
       h0344  9 0.9702 0.0298 
       h0354  9 0.9775 0.0225 
       h0364  9 0.7827 0.2173 
       h0374  9 0.9557 0.0443 
       h0384  9 0.8505 0.1495 
       h0394  9 0.8019 0.1981 
       h0404  9 0.8147 0.1853 
       h0414  9 0.8670 0.1330 
       h0424  9 0.9750 0.0250 
       h0434  9 0.7537 0.2463 
       h0444  9 0.9312 0.0688 
       h0454  9 0.8302 0.1698 
       h0464  9 0.9745 0.0255 
       h0474  9 0.9421 0.0579 
       h0484  9 0.8885 0.1115 
       h0494  9 0.9783 0.0217 
       h0504  9 0.8948 0.1052 
       h0514  9 0.9647 0.0353 
       h0524  9 0.8112 0.1888 
       h0534  9 0.9680 0.0320 
       h0544  9 0.8601 0.1399 
       h0554  9 0.7634 0.2366 
       h0564  9 0.9680 0.0320 
       h0574  9 0.8351 0.1649 
       h0584  9 0.8123 0.1877 
       h0594  9 0.8421 0.1579 
       h0604  9 0.7954 0.2046 
       h0614  9 0.9148 0.0852 
       h0624  9 0.8434 0.1566 
       h0634  9 0.9129 0.0871 
       h0644  9 0.9429 0.0571 
       h0654  9 0.9378 0.0622 
       h0664  9 0.9736 0.0264 
       h0674  9 0.9425 0.0575 
       h0684  9 0.9657 0.0343 
       h0694  9 0.8856 0.1144 
       h0704  9 0.9090 0.0910 
       h0714  9 0.9343 0.0657 
       h0724  9 0.9508 0.0492 
       h0734  9 0.8369 0.1631 
       h0744  9 0.7868 0.2132 
       h0754  9 0.9464 0.0536 
       h0764  9 0.9518 0.0482 
       h0774  9 0.9507 0.0493 
       h0784  9 0.9679 0.0321 
       h0794  9 0.9532 0.0468 
       h0804  9 0.9792 0.0208 
       h0814  9 0.9446 0.0554 
       h0824  9 0.8779 0.1221 
       h0834  9 0.9478 0.0522 
       h0844  9 0.8685 0.1315 
       h0854  9 0.9697 0.0303 
       h0864  9 0.9723 0.0277 
       h0874  9 0.9653 0.0347 
       h0884  9 0.9589 0.0411 
       h0894  9 0.8530 0.1470 
       h0904  9 0.9662 0.0338 
       h0914  9 0.8311 0.1689 
       h0924  9 0.8497 0.1503 
       h0934  9 0.9722 0.0278 
       h0944  9 0.9284 0.0716 
       h0954  9 0.8027 0.1973 
       h0964  9 0.9409 0.0591 
       h0974  9 0.9652 0.0348 
       h0984  9 0.9268 0.0732 
       h0994  9 0.7787 0.2213 
       h1004  9 0.8689 0.1311 
     AP.07MC 10 0.9831 0.0169 
     AP.0817 10 0.9526 0.0474 
      HRV077 10 0.9651 0.0349 
     AP.07M4 10 0.9848 0.0152 
       M2AY4 10 0.9786 0.0214 
     AP.08A1 10 0.9724 0.0276 
       W26LM 10 0.8824 0.1176 
      HRV1EE 10 0.9831 0.0169 
       M05X5 10 0.9130 0.0870 
       M0LUH 10 0.9807 0.0193 
       M182M 10 0.9692 0.0308 
     AP.0883 10 0.9437 0.0563 
     CH.0LM5 10 0.9792 0.0208 
      HRV0LP 10 0.9533 0.0467 
     CH.0LM4 10 0.9839 0.0161 
     AP.085X 10 0.9816 0.0184 
      HRV076 10 0.9648 0.0352 
       M0J1X 10 0.9795 0.0205 
     AP.088J 10 0.9575 0.0425 
      HRV01U 10 0.9801 0.0199 
       M2C3F 10 0.9739 0.0261 
     AP.0882 10 0.9785 0.0215 
     AP.08AT 10 0.9777 0.0223 
      HRV0KF 10 0.9692 0.0308 
       M0XTE 10 0.9667 0.0333 
      HRV05U 10 0.9822 0.0178 
      HRV1E8 10 0.9793 0.0207 
       W26UE 10 0.9749 0.0251 
       M0A66 10 0.9829 0.0171 
      HRV055 10 0.9843 0.0157 
      HRV0LJ 10 0.9625 0.0375 
      HRV025 10 0.9705 0.0295 
       M2AXY 10 0.9769 0.0231 
     AP.088U 10 0.9824 0.0176 
      HRV0ME 10 0.9683 0.0317 
     AP.088T 10 0.9850 0.0150 
      HRV1CX 10 0.9703 0.0297 
     AP.0820 10 0.9311 0.0689 
       M07TC 10 0.9649 0.0351 
      HRV0KA 10 0.9819 0.0181 
       M2CHY 10 0.9778 0.0222 
       M2AY2 10 0.9425 0.0575 
      HRV07K 10 0.9745 0.0255 
      HRV0KE 10 0.9821 0.0179 
     AP.08AM 10 0.9698 0.0302 
       M0ETF 10 0.9805 0.0195 
      HRV02K 10 0.9577 0.0423 
       M05X6 10 0.9826 0.0174 
       M0LUP 10 0.9706 0.0294 
     AP.08AX 10 0.9790 0.0210 
       W26PJ 10 0.7793 0.2207 
     AP.07P8 10 0.9657 0.0343 
       M0L8F 10 0.9539 0.0461 
       M16F1 10 0.9720 0.0280 
       M03MM 10 0.9687 0.0313 
       M2CHJ 10 0.9543 0.0457 
       W26X2 10 0.9729 0.0271 
       W26UF 10 0.9812 0.0188 
       M16YU 10 0.9841 0.0159 
     CH.0LM2 10 0.9704 0.0296 
      HRV0ML 10 0.9838 0.0162 
      HRV0M2 10 0.9713 0.0287 
      HRV1EA 10 0.9627 0.0373 
      HRV033 10 0.9828 0.0172 
      HRV01F 10 0.9535 0.0465 
       W26L5 10 0.9569 0.0431 
       W26PX 10 0.9105 0.0895 
     AP.088X 10 0.9561 0.0439 
      HRV05C 10 0.9657 0.0343 
      HRV0HM 10 0.9149 0.0851 
     AP.08A6 10 0.9627 0.0373 
      HRV1C7 10 0.9800 0.0200 
      HRV1AT 10 0.9773 0.0227 
       M04XM 10 0.9775 0.0225 
       W26UL 10 0.9476 0.0524 
       M1EKY 10 0.9839 0.0161 
       W23EX 10 0.9780 0.0220 
     AP.0863 10 0.9466 0.0534 
     AP.081H 10 0.6526 0.3474 
      HRV05L 10 0.9812 0.0188 
       W26T0 10 0.9580 0.0420 
     AP.081F 10 0.9795 0.0205 
       M1751 10 0.9767 0.0233 
      HRV00K 10 0.9781 0.0219 
      HRV007 10 0.9739 0.0261 
     AP.0858 10 0.9755 0.0245 
     AP.087T 10 0.9381 0.0619 
       W23F0 10 0.9676 0.0324 
     AP.08AH 10 0.9716 0.0284 
       W26MT 10 0.9839 0.0161 
     AP.07ME 10 0.9651 0.0349 
       M1EL3 10 0.9690 0.0310 
      HRV1EK 10 0.9516 0.0484 
       W26TC 10 0.9863 0.0137 
     AP.088K 10 0.9662 0.0338 
     AP.07M2 10 0.9279 0.0721 
     AP.087C 10 0.9697 0.0303 
     AP.087U 10 0.8728 0.1272 
       M2AY5 10 0.9785 0.0215 
       M2AY8 10 0.8256 0.1744 
