       M1EL5  1 0.9955 0.0045 
       W26T6  1 0.9884 0.0116 
       W26XX  1 0.9969 0.0031 
       M013P  1 0.9979 0.0021 
       M1ELA  1 0.9797 0.0203 
       M2C73  1 0.9964 0.0036 
       W23P4  1 0.9139 0.0861 
       W247C  1 0.9976 0.0024 
       W24K1  1 0.9975 0.0025 
       W24ME  1 0.9843 0.0157 
       W2514  1 0.9928 0.0072 
       W26MA  1 0.9923 0.0077 
       W26MM  1 0.9971 0.0029 
       W26MU  1 0.9956 0.0044 
       W26P0  1 0.9964 0.0036 
       W26P3  1 0.9979 0.0021 
       W26T5  1 0.9975 0.0025 
       W26TE  1 0.9930 0.0070 
       W26TF  1 0.9976 0.0024 
       W26U8  1 0.9816 0.0184 
       W26UJ  1 0.9977 0.0023 
       W26UK  1 0.9981 0.0019 
       W26UT  1 0.9978 0.0022 
       W26XT  1 0.9972 0.0028 
      CC06H2  1 0.9813 0.0187 
      CC06H4  1 0.9970 0.0030 
      CC06H5  1 0.9818 0.0182 
      CC06H6  1 0.9955 0.0045 
      CC06HE  1 0.9976 0.0024 
      CC06HF  1 0.9871 0.0129 
      CC06HH  1 0.9971 0.0029 
      CC06HJ  1 0.9955 0.0045 
      CC06HL  1 0.9981 0.0019 
      CC06HP  1 0.9980 0.0020 
      CC06HT  1 0.9869 0.0131 
      CC06HU  1 0.9956 0.0044 
      CC06HY  1 0.9913 0.0087 
      CC06J0  1 0.9959 0.0041 
      CC06J1  1 0.9883 0.0117 
      CC06J2  1 0.9965 0.0035 
     CT.0YCY  1 0.9962 0.0038 
     CT.0YEC  1 0.9981 0.0019 
     CT.0YEF  1 0.9964 0.0036 
     CT.0YEU  1 0.9977 0.0023 
     CT.0YF2  1 0.9937 0.0063 
     CT.0YF8  1 0.9978 0.0022 
     CT.0YFA  1 0.9951 0.0049 
     CT.0YFE  1 0.9946 0.0054 
     CT.0YFP  1 0.9954 0.0046 
     CT.0YFU  1 0.9962 0.0038 
     CT.0YK7  1 0.9942 0.0058 
     CX.10PT  1 0.9840 0.0160 
      DAM021  1 0.9944 0.0056 
      DAM034  1 0.9951 0.0049 
      DAM07X  1 0.9950 0.0050 
     EF.15J6  1 0.9973 0.0027 
      HRV010  1 0.9972 0.0028 
      HRV02J  1 0.9950 0.0050 
      HRV078  1 0.9957 0.0043 
      HRV0FH  1 0.9968 0.0032 
      HRV0H5  1 0.9957 0.0043 
      HRV0JF  1 0.9927 0.0073 
      HRV0JJ  1 0.9936 0.0064 
      HRV0JM  1 0.9961 0.0039 
      HRV0K6  1 0.9878 0.0122 
      HRV0K7  1 0.9974 0.0026 
      HRV0KP  1 0.9949 0.0051 
      HRV1AX  1 0.9885 0.0115 
      HRV1C4  1 0.9917 0.0083 
      HRV1CH  1 0.9955 0.0045 
      HRV1FA  1 0.9945 0.0055 
      HRV1FK  1 0.9939 0.0061 
      HRV1H8  1 0.9964 0.0036 
      HRV1HT  1 0.9931 0.0069 
      HRV1XU  1 0.9960 0.0040 
      HRV4TF  1 0.9970 0.0030 
      HRV6F0  1 0.9966 0.0034 
      HRVE6L  1 0.9947 0.0053 
       M27HM  1 0.9939 0.0061 
       M27HP  1 0.9975 0.0025 
       M2AK4  1 0.9974 0.0026 
       M2ALA  1 0.9976 0.0024 
       M2C56  1 0.9951 0.0049 
       M2CUX  1 0.9932 0.0068 
       M2E24  1 0.9972 0.0028 
       M2EA7  1 0.9969 0.0031 
       M2EH6  1 0.9971 0.0029 
       M2EKC  1 0.9880 0.0120 
      MSV083  1 0.9965 0.0035 
      MSV084  1 0.9949 0.0051 
      MSV0LJ  1 0.9958 0.0042 
      MSV1H5  1 0.9893 0.0107 
      MSV1KM  1 0.9974 0.0026 
      MSV23F  1 0.9966 0.0034 
      MSV2L8  1 0.9968 0.0032 
      MSV2P7  1 0.9969 0.0031 
      MSV2TJ  1 0.9935 0.0065 
      MSV2XM  1 0.9956 0.0044 
      MSV327  1 0.9969 0.0031 
      MSV33L  1 0.9976 0.0024 
      MSV1TX  2 0.6170 0.3830 
      MSV025  2 0.4160 0.5840 
      MSV02C  2 0.5622 0.4378 
      MSV02E  2 0.5551 0.4449 
      MSV0TF  2 0.4648 0.5352 
       M2EL8  2 0.4187 0.5813 
      MSV21T  3 0.0185 0.9815 
       M2E71  3 0.2139 0.7861 
       W23CA  4 0.0108 0.9892 
     AP.085Y  4 0.0057 0.9943 
     CH.0LLY  4 0.3461 0.6539 
       M0LEC  4 0.0031 0.9969 
       M2C3H  4 0.0884 0.9116 
       M2CHL  4 0.4367 0.5633 
       W26P7  4 0.0234 0.9766 
     AP.07M5  4 0.0084 0.9916 
     AP.080U  4 0.0118 0.9882 
     AP.082A  4 0.0028 0.9972 
     AP.0843  4 0.0359 0.9641 
     AP.0844  4 0.1079 0.8921 
     AP.084X  4 0.0136 0.9864 
     AP.086Y  4 0.0430 0.9570 
     AP.0870  4 0.0207 0.9793 
     AP.0878  4 0.0583 0.9417 
     AP.087F  4 0.0806 0.9194 
     AP.087Y  4 0.3655 0.6345 
     AP.088P  4 0.0061 0.9939 
     AP.08AK  4 0.0149 0.9851 
     CH.0LLM  4 0.0298 0.9702 
     CH.0LLU  4 0.1834 0.8166 
     CH.0LM0  4 0.0345 0.9655 
     CH.0LM3  4 0.0102 0.9898 
       W26MY  4 0.2153 0.7847 
       W26P6  4 0.0660 0.9340 
      HRV07U  4 0.0247 0.9753 
      HRV1CT  4 0.0033 0.9967 
      HRV1CU  4 0.0021 0.9979 
      HRV1E6  4 0.0029 0.9971 
      HRV081  4 0.0018 0.9982 
      HRV1E3  4 0.0093 0.9907 
      MSV21E  4 0.0312 0.9688 
      MSV216  4 0.0393 0.9607 
       M0TYK  4 0.0170 0.9830 
      MSV2AA  4 0.0880 0.9120 
     CK.0PET  4 0.2267 0.7733 
       M2E8C  4 0.0033 0.9967 
      MSV23X  4 0.0314 0.9686 
      MSV32A  4 0.0814 0.9186 
     AP.0838  4 0.0199 0.9801 
     AP.088F  4 0.0188 0.9812 
      DAM2HL  5 0.0024 0.9976 
       M2ALK  5 0.0058 0.9942 
       M2E2J  5 0.0400 0.9600 
       M2E73  5 0.0028 0.9972 
       M2E74  5 0.0062 0.9938 
       M2EUJ  5 0.0038 0.9962 
      DAM1XK  5 0.0026 0.9974 
       M2057  5 0.0038 0.9962 
       M2271  5 0.0022 0.9978 
       M27YK  5 0.0493 0.9507 
       M2A1H  5 0.0399 0.9601 
       M2E0P  5 0.0024 0.9976 
       M2E75  5 0.0021 0.9979 
       M2E76  5 0.0041 0.9959 
      MSV0T5  5 0.0023 0.9977 
      MSV241  5 0.0041 0.9959 
      MSV2A0  5 0.0049 0.9951 
      MSV2A1  5 0.0021 0.9979 
      MSV2A8  5 0.0029 0.9971 
      DAM1P5  5 0.0016 0.9984 
       M1084  5 0.0026 0.9974 
      MSV2M4  5 0.0033 0.9967 
      MSV2T6  5 0.0089 0.9911 
       M1UM1  5 0.0104 0.9896 
       M2ECL  5 0.0061 0.9939 
       M2EJ0  5 0.0022 0.9978 
      MSV20J  5 0.0024 0.9976 
      MSV2TK  5 0.0053 0.9947 
      MSV2TX  5 0.0021 0.9979 
      MSV310  5 0.0045 0.9955 
      MSV33F  5 0.0048 0.9952 
      DAM35L  5 0.0023 0.9977 
       M2E4C  5 0.0025 0.9975 
       M2E4H  5 0.0040 0.9960 
       M2E65  5 0.0045 0.9955 
       M2EEJ  5 0.0031 0.9969 
       M2EEP  5 0.0048 0.9952 
      MSV1TU  5 0.0052 0.9948 
      MSV20M  5 0.0023 0.9977 
      MSV223  5 0.0037 0.9963 
      MSV22E  5 0.0033 0.9967 
      MSV23J  5 0.0032 0.9968 
      MSV2K6  5 0.0024 0.9976 
      DAM23U  5 0.0037 0.9963 
       M2E8A  5 0.0027 0.9973 
      MSV2L2  5 0.0038 0.9962 
       M1YMH  5 0.0048 0.9952 
       M2A84  5 0.0066 0.9934 
      MSV23M  5 0.0157 0.9843 
     AP.085T  5 0.0020 0.9980 
     AP.086J  5 0.2086 0.7914 
     AP.08C2  5 0.1312 0.8688 
     AP.08CF  5 0.0022 0.9978 
     AP.08CX  5 0.0018 0.9982 
     AP.08CY  5 0.0039 0.9961 
      DAM0JX  5 0.0024 0.9976 
      DAM0P4  5 0.0024 0.9976 
      DAM0UK  5 0.0041 0.9959 
       M2030  5 0.0024 0.9976 
      MSV24M  5 0.0032 0.9968 
       M20AM  5 0.0041 0.9959 
       M21YP  5 0.4862 0.5138 
       M2205  5 0.0016 0.9984 
       M2206  5 0.0022 0.9978 
      MSV267  5 0.0028 0.9972 
       M2757  5 0.0039 0.9961 
       M27TH  5 0.0026 0.9974 
      MSV2JA  5 0.0163 0.9837 
      MSV2KU  5 0.0039 0.9961 
      MSV2MF  5 0.0031 0.9969 
      MSV2TA  5 0.0019 0.9981 
      MSV2TE  5 0.0018 0.9982 
      MSV2TU  5 0.0048 0.9952 
      MSV2UT  5 0.0044 0.9956 
      MSV306  5 0.0030 0.9970 
      MSV311  5 0.0020 0.9980 
      MSV31M  5 0.0028 0.9972 
      MSV325  5 0.0029 0.9971 
      MSV32H  5 0.0042 0.9958 
     CX.112U  5 0.0036 0.9964 
      DAM2PC  5 0.3148 0.6852 
       M2E48  5 0.0029 0.9971 
       M2E7K  5 0.0030 0.9970 
       M2E80  5 0.0030 0.9970 
       M2EAM  5 0.0017 0.9983 
       M2EFF  5 0.0037 0.9963 
       M2EFY  5 0.0026 0.9974 
       M2EHM  5 0.0024 0.9976 
       M2EK0  5 0.0025 0.9975 
       M2EK1  5 0.0019 0.9981 
      MSV22F  5 0.0026 0.9974 
      MSV273  5 0.0045 0.9955 
      MSV0TL  5 0.0183 0.9817 
      MSV0TT  5 0.0027 0.9973 
      MSV12H  5 0.0024 0.9976 
      MSV1TH  5 0.0038 0.9962 
      MSV275  5 0.0047 0.9953 
      MSV286  5 0.0060 0.9940 
      MSV2H4  5 0.0021 0.9979 
      MSV2K8  5 0.0028 0.9972 
      MSV2PM  5 0.0016 0.9984 
      MSV2X3  5 0.0016 0.9984 
      MSV2X4  5 0.0087 0.9913 
      MSV30U  5 0.0016 0.9984 
     CX.111C  5 0.0019 0.9981 
     AP.07M2  6 0.0244 0.9756 
      HRV05C  6 0.0073 0.9927 
      HRV077  6 0.0049 0.9951 
      HRV0A0  6 0.0019 0.9981 
      HRV0MC  6 0.0026 0.9974 
      HRV00P  6 0.0019 0.9981 
      HRV01J  6 0.0026 0.9974 
      HRV026  6 0.0029 0.9971 
      HRV02C  6 0.0017 0.9983 
      HRV031  6 0.0020 0.9980 
      HRV033  6 0.0020 0.9980 
      HRV05L  6 0.0089 0.9911 
      HRV06A  6 0.0023 0.9977 
      HRV07P  6 0.0021 0.9979 
      HRV0HC  6 0.0103 0.9897 
      HRV0HU  6 0.0047 0.9953 
      HRV0K1  6 0.0022 0.9978 
      HRV0M6  6 0.0100 0.9900 
      HRV0M7  6 0.0028 0.9972 
      HRV0MK  6 0.0018 0.9982 
      HRV1C7  6 0.0024 0.9976 
      HRV1EA  6 0.0074 0.9926 
       M147K  6 0.0017 0.9983 
      HRV008  6 0.0022 0.9978 
      HRV015  6 0.0035 0.9965 
      HRV01F  6 0.0058 0.9942 
      HRV01L  6 0.0023 0.9977 
      HRV01M  6 0.0027 0.9973 
      HRV020  6 0.0040 0.9960 
      HRV022  6 0.0071 0.9929 
      HRV02A  6 0.0049 0.9951 
      HRV02K  6 0.0079 0.9921 
      HRV04C  6 0.0023 0.9977 
      HRV05H  6 0.0046 0.9954 
      HRV076  6 0.0063 0.9937 
      HRV07H  6 0.0017 0.9983 
      HRV07X  6 0.0059 0.9941 
      HRV080  6 0.0022 0.9978 
      HRV086  6 0.0031 0.9969 
      HRV0H3  6 0.0030 0.9970 
      HRV0J3  6 0.0030 0.9970 
      HRV0JX  6 0.0057 0.9943 
      HRV0ML  6 0.0018 0.9982 
      HRV1E8  6 0.0025 0.9975 
      HRV007  6 0.0037 0.9963 
      HRV005  6 0.0031 0.9969 
      HRV05U  6 0.0023 0.9977 
      HRV01U  6 0.0028 0.9972 
     AP.07M1  6 0.0023 0.9977 
     AP.07ME  6 0.0059 0.9941 
     AP.0817  6 0.0035 0.9965 
     AP.0863  6 0.0110 0.9890 
     AP.087T  6 0.0275 0.9725 
     AP.088T  6 0.0019 0.9981 
     CH.0LM1  6 0.0032 0.9968 
       M05X5  6 0.0195 0.9805 
       M06JH  6 0.0536 0.9464 
       M0A6K  6 0.0030 0.9970 
       M0ETF  6 0.0022 0.9978 
       M0LUP  6 0.0035 0.9965 
       M16F1  6 0.0027 0.9973 
       M182M  6 0.0033 0.9967 
       M1CFL  6 0.0027 0.9973 
       M2AXY  6 0.0032 0.9968 
       M2AY2  6 0.0127 0.9873 
       M2CHP  6 0.0426 0.9574 
       W26LK  6 0.0023 0.9977 
       W26ME  6 0.0057 0.9943 
     AM.07FM  6 0.0016 0.9984 
     AM.07FP  6 0.0024 0.9976 
     AP.07M4  6 0.0018 0.9982 
     AP.07M7  6 0.0016 0.9984 
     AP.07M8  6 0.0032 0.9968 
     AP.07MA  6 0.0059 0.9941 
     AP.07MC  6 0.0023 0.9977 
     AP.07P8  6 0.0251 0.9749 
     AP.07U8  6 0.0046 0.9954 
     AP.081F  6 0.0031 0.9969 
     AP.081H  6 0.2889 0.7111 
     AP.0820  6 0.0732 0.9268 
     AP.0841  6 0.1820 0.8180 
     AP.0858  6 0.0045 0.9955 
     AP.085U  6 0.0195 0.9805 
     AP.085X  6 0.0022 0.9978 
     AP.0861  6 0.0032 0.9968 
     AP.0864  6 0.0019 0.9981 
     AP.086X  6 0.0021 0.9979 
     AP.0872  6 0.0024 0.9976 
     AP.0875  6 0.3659 0.6341 
     AP.087A  6 0.0023 0.9977 
     AP.087C  6 0.0043 0.9957 
     AP.087E  6 0.0021 0.9979 
     AP.087H  6 0.0020 0.9980 
     AP.087K  6 0.0054 0.9946 
     AP.087L  6 0.0024 0.9976 
     AP.087M  6 0.0037 0.9963 
     AP.087P  6 0.0038 0.9962 
     AP.087U  6 0.0415 0.9585 
     AP.087X  6 0.0220 0.9780 
     AP.0881  6 0.0219 0.9781 
     AP.0882  6 0.0029 0.9971 
     AP.0883  6 0.0125 0.9875 
     AP.0884  6 0.0022 0.9978 
     AP.0885  6 0.0054 0.9946 
     AP.0887  6 0.0029 0.9971 
     AP.0888  6 0.4888 0.5112 
     AP.088A  6 0.0025 0.9975 
     AP.088C  6 0.1422 0.8578 
     AP.088J  6 0.0072 0.9928 
     AP.088K  6 0.0111 0.9889 
     AP.088L  6 0.0022 0.9978 
     AP.088U  6 0.0021 0.9979 
     AP.088X  6 0.0222 0.9778 
     AP.08A0  6 0.0021 0.9979 
     AP.08A1  6 0.0033 0.9967 
     AP.08A3  6 0.0021 0.9979 
     AP.08A4  6 0.2079 0.7921 
     AP.08A5  6 0.0019 0.9981 
     AP.08A6  6 0.0061 0.9939 
     AP.08A8  6 0.0028 0.9972 
     AP.08AC  6 0.0088 0.9912 
     AP.08AH  6 0.0040 0.9960 
     AP.08AJ  6 0.0044 0.9956 
     AP.08AM  6 0.0029 0.9971 
     AP.08AT  6 0.0025 0.9975 
     AP.08AX  6 0.0020 0.9980 
     CH.0LLP  6 0.0033 0.9967 
     CH.0LM2  6 0.0054 0.9946 
     CH.0LM4  6 0.0021 0.9979 
     CH.0LM5  6 0.0027 0.9973 
       M0102  6 0.0026 0.9974 
       M023A  6 0.0018 0.9982 
       M03MM  6 0.0034 0.9966 
       M04PF  6 0.0022 0.9978 
       M04XH  6 0.0049 0.9951 
       M04XM  6 0.0025 0.9975 
       M0557  6 0.0057 0.9943 
       M055C  6 0.0282 0.9718 
       M05JC  6 0.0029 0.9971 
       M05PH  6 0.0048 0.9952 
       M05X6  6 0.0020 0.9980 
       M07TC  6 0.0039 0.9961 
       M0A66  6 0.0019 0.9981 
       M0EYT  6 0.0020 0.9980 
       M0FF2  6 0.0018 0.9982 
       M0HJ6  6 0.0051 0.9949 
      HRV0JL  6 0.0017 0.9983 
      HRV0JP  6 0.0026 0.9974 
      HRV0KA  6 0.0025 0.9975 
      HRV0LJ  6 0.0053 0.9947 
      HRV0LM  6 0.0033 0.9967 
      HRV0LP  6 0.0074 0.9926 
       M0HJ8  6 0.0022 0.9978 
       M0HM3  6 0.0023 0.9977 
       M0J1X  6 0.0023 0.9977 
       M0L32  6 0.0036 0.9964 
       M0L8F  6 0.0085 0.9915 
       M0LUH  6 0.0023 0.9977 
       M0XPJ  6 0.0024 0.9976 
       M0XTE  6 0.0074 0.9926 
       M157H  6 0.0025 0.9975 
       M16YU  6 0.0017 0.9983 
       M1751  6 0.0026 0.9974 
       M1C2H  6 0.0019 0.9981 
       M1E60  6 0.0019 0.9981 
       M1EKX  6 0.0019 0.9981 
       M1EKY  6 0.0021 0.9979 
       M1EL3  6 0.0047 0.9953 
       M1ELC  6 0.0029 0.9971 
       M1ELE  6 0.0020 0.9980 
       M2AY0  6 0.0044 0.9956 
       M2AY4  6 0.0027 0.9973 
       M2AY5  6 0.0036 0.9964 
       M2AY8  6 0.1240 0.8760 
       M2C3A  6 0.0025 0.9975 
       M2C3F  6 0.0027 0.9973 
      HRV0ME  6 0.0042 0.9958 
       M2CHJ  6 0.0042 0.9958 
       M2CHM  6 0.0314 0.9686 
       M2CHY  6 0.0039 0.9961 
       W23E8  6 0.0022 0.9978 
       W23EM  6 0.0030 0.9970 
       W23EX  6 0.0025 0.9975 
       W23F0  6 0.0027 0.9973 
       W26L5  6 0.0374 0.9626 
       W26LM  6 0.2172 0.7828 
       W26MJ  6 0.0870 0.9130 
       W26ML  6 0.0025 0.9975 
       W26MT  6 0.0020 0.9980 
       W26PE  6 0.3864 0.6136 
       W26PJ  6 0.3610 0.6390 
       W26PT  6 0.0022 0.9978 
       W26PX  6 0.0192 0.9808 
       W26T0  6 0.0034 0.9966 
       W26TC  6 0.0018 0.9982 
       W26TJ  6 0.3060 0.6940 
       W26UE  6 0.0035 0.9965 
       W26UF  6 0.0024 0.9976 
       W26UL  6 0.0165 0.9835 
       W26X2  6 0.0038 0.9962 
       W2716  6 0.0592 0.9408 
      HRV1C6  6 0.0020 0.9980 
      HRV1CX  6 0.0060 0.9940 
      HRV1E2  6 0.0019 0.9981 
      HRV1E4  6 0.0017 0.9983 
      HRV1E5  6 0.0018 0.9982 
      HRV1EC  6 0.0027 0.9973 
      HRV1EK  6 0.0063 0.9937 
      HRV001  6 0.0022 0.9978 
      HRV00H  6 0.0027 0.9973 
      HRV00K  6 0.0024 0.9976 
      HRV01X  6 0.0027 0.9973 
      HRV025  6 0.0042 0.9958 
      HRV028  6 0.0026 0.9974 
      HRV041  6 0.0022 0.9978 
      HRV04F  6 0.0021 0.9979 
      HRV04L  6 0.0019 0.9981 
      HRV055  6 0.0018 0.9982 
      HRV05J  6 0.0052 0.9948 
      HRV07J  6 0.0019 0.9981 
      HRV07K  6 0.0127 0.9873 
      HRV07L  6 0.0114 0.9886 
      HRV07M  6 0.0020 0.9980 
      HRV0HM  6 0.0115 0.9885 
      HRV0J2  6 0.0020 0.9980 
      HRV0K3  6 0.0024 0.9976 
      HRV0KE  6 0.0022 0.9978 
      HRV0KF  6 0.0043 0.9957 
      HRV0KU  6 0.0079 0.9921 
      HRV0L6  6 0.0021 0.9979 
      HRV0M2  6 0.0043 0.9957 
      HRV0MF  6 0.0022 0.9978 
      HRV0MJ  6 0.0100 0.9900 
      HRV1AT  6 0.0025 0.9975 
      HRV1C1  6 0.0028 0.9972 
      HRV1CL  6 0.0034 0.9966 
      HRV1E1  6 0.0028 0.9972 
      HRV1E7  6 0.0022 0.9978 
      HRV1EE  6 0.0024 0.9976 
      HRV1ET  6 0.0019 0.9981 
