1:	0.9731 0.0065 0.0043 0.0033 0.0042 0.0043 0.0042 	100
2:	0.9786 0.0041 0.0037 0.0034 0.0035 0.0035 0.0033 	250
3:	0.2715 0.0038 0.6088 0.0094 0.0208 0.0050 0.0807 	6
4:	0.0118 0.0075 0.8918 0.0020 0.0343 0.0100 0.0427 	2
5:	0.0081 0.0065 0.9259 0.0052 0.0098 0.0042 0.0403 	42
6:	0.0029 0.0166 0.1918 0.0240 0.0160 0.0176 0.7311 	105
7:	0.0042 0.0055 0.5001 0.0057 0.0074 0.0289 0.4481 	240
8:	0.0075 0.0169 0.3963 0.0086 0.0406 0.4513 0.0788 	68
9:	0.0042 0.0060 0.0240 0.0049 0.0058 0.9480 0.0072 	31
10:	0.0029 0.0048 0.0124 0.0047 0.0054 0.9610 0.0087 	125
11:	0.0040 0.0103 0.0081 0.0043 0.0101 0.9537 0.0096 	53
12:	0.0029 0.0058 0.0061 0.0039 0.0076 0.9680 0.0057 	125
13:	0.0016 0.0021 0.0023 0.9858 0.0024 0.0024 0.0034 	28
14:	0.0015 0.0019 0.0023 0.9876 0.0022 0.0021 0.0024 	300
15:	0.0018 0.9848 0.0019 0.0020 0.0044 0.0029 0.0022 	27
16:	0.0017 0.9881 0.0018 0.0019 0.0027 0.0020 0.0018 	300
17:	0.0021 0.0057 0.0048 0.0039 0.9743 0.0051 0.0041 	40
18:	0.0021 0.0053 0.0043 0.0043 0.9752 0.0047 0.0040 	300
