       M1EL5  1 0.0096 0.9904 
       W26T6  1 0.0299 0.9701 
       W26XX  1 0.0076 0.9924 
       M013P  1 0.0103 0.9897 
       M1ELA  1 0.0326 0.9674 
       M2C73  1 0.0099 0.9901 
       W23P4  1 0.0289 0.9711 
       W247C  1 0.0094 0.9906 
       W24K1  1 0.0080 0.9920 
       W24ME  1 0.0217 0.9783 
       W2514  1 0.0115 0.9885 
       W26MA  1 0.0232 0.9768 
       W26MM  1 0.0185 0.9815 
       W26MU  1 0.0099 0.9901 
       W26P0  1 0.0080 0.9920 
       W26P3  1 0.0074 0.9926 
       W26T5  1 0.0069 0.9931 
       W26TE  1 0.0174 0.9826 
       W26TF  1 0.0337 0.9663 
       W26U8  1 0.0232 0.9768 
       W26UJ  1 0.0115 0.9885 
       W26UK  1 0.0060 0.9940 
       W26UT  1 0.0073 0.9927 
       W26XT  1 0.0198 0.9802 
      CC06H2  1 0.0294 0.9706 
      CC06H4  1 0.0185 0.9815 
      CC06H5  1 0.0163 0.9837 
      CC06H6  1 0.0058 0.9942 
      CC06HE  1 0.0080 0.9920 
      CC06HF  1 0.0306 0.9694 
      CC06HH  1 0.0069 0.9931 
      CC06HJ  1 0.0151 0.9849 
      CC06HL  1 0.0077 0.9923 
      CC06HP  1 0.0064 0.9936 
      CC06HT  1 0.0157 0.9843 
      CC06HU  1 0.0142 0.9858 
      CC06HY  1 0.0187 0.9813 
      CC06J0  1 0.0209 0.9791 
      CC06J1  1 0.0164 0.9836 
      CC06J2  1 0.0123 0.9877 
     CT.0YCY  1 0.0103 0.9897 
     CT.0YEC  1 0.0062 0.9938 
     CT.0YEF  1 0.0076 0.9924 
     CT.0YEU  1 0.0056 0.9944 
     CT.0YF2  1 0.0180 0.9820 
     CT.0YF8  1 0.0051 0.9949 
     CT.0YFA  1 0.0058 0.9942 
     CT.0YFE  1 0.0101 0.9899 
     CT.0YFP  1 0.0185 0.9815 
     CT.0YFU  1 0.0093 0.9907 
     CT.0YK7  1 0.0204 0.9796 
     CX.10PT  1 0.0733 0.9267 
      DAM021  1 0.0095 0.9905 
      DAM034  1 0.0058 0.9942 
      DAM07X  1 0.0081 0.9919 
     EF.15J6  1 0.0085 0.9915 
      HRV010  1 0.0142 0.9858 
      HRV02J  1 0.0106 0.9894 
      HRV078  1 0.0120 0.9880 
      HRV0FH  1 0.0076 0.9924 
      HRV0H5  1 0.0103 0.9897 
      HRV0JF  1 0.0087 0.9913 
      HRV0JJ  1 0.0100 0.9900 
      HRV0JM  1 0.0072 0.9928 
      HRV0K6  1 0.0526 0.9474 
      HRV0K7  1 0.0079 0.9921 
      HRV0KP  1 0.0325 0.9675 
      HRV1AX  1 0.0114 0.9886 
      HRV1C4  1 0.0065 0.9935 
      HRV1CH  1 0.0104 0.9896 
      HRV1FA  1 0.0114 0.9886 
      HRV1FK  1 0.0281 0.9719 
      HRV1H8  1 0.0073 0.9927 
      HRV1HT  1 0.0172 0.9828 
      HRV1XU  1 0.0332 0.9668 
      HRV4TF  1 0.0105 0.9895 
      HRV6F0  1 0.0133 0.9867 
      HRVE6L  1 0.0181 0.9819 
       M27HM  1 0.0075 0.9925 
       M27HP  1 0.0077 0.9923 
       M2AK4  1 0.0088 0.9912 
       M2ALA  1 0.0083 0.9917 
       M2C56  1 0.0092 0.9908 
       M2CUX  1 0.0146 0.9854 
       M2E24  1 0.0073 0.9927 
       M2EA7  1 0.0103 0.9897 
       M2EH6  1 0.0086 0.9914 
       M2EKC  1 0.0289 0.9711 
      MSV083  1 0.0522 0.9478 
      MSV084  1 0.0086 0.9914 
      MSV0LJ  1 0.0107 0.9893 
      MSV1H5  1 0.0088 0.9912 
      MSV1KM  1 0.0071 0.9929 
      MSV23F  1 0.0272 0.9728 
      MSV2L8  1 0.0120 0.9880 
      MSV2P7  1 0.0094 0.9906 
      MSV2TJ  1 0.0063 0.9937 
      MSV2XM  1 0.0142 0.9858 
      MSV327  1 0.0123 0.9877 
      MSV33L  1 0.0066 0.9934 
       h0015  2 0.0176 0.9824 
       h0025  2 0.0053 0.9947 
       h0035  2 0.0077 0.9923 
       h0045  2 0.0078 0.9922 
       h0055  2 0.0347 0.9653 
       h0065  2 0.0418 0.9582 
       h0075  2 0.0127 0.9873 
       h0085  2 0.0210 0.9790 
       h0095  2 0.0062 0.9938 
       h0105  2 0.0099 0.9901 
       h0115  2 0.0093 0.9907 
       h0125  2 0.0096 0.9904 
       h0135  2 0.0051 0.9949 
       h0145  2 0.0077 0.9923 
       h0155  2 0.0281 0.9719 
       h0165  2 0.0061 0.9939 
       h0175  2 0.0104 0.9896 
       h0185  2 0.0167 0.9833 
       h0195  2 0.0101 0.9899 
       h0205  2 0.0076 0.9924 
       h0215  2 0.0069 0.9931 
       h0225  2 0.0291 0.9709 
       h0235  2 0.0057 0.9943 
       h0245  2 0.0094 0.9906 
       h0255  2 0.0080 0.9920 
       h0265  2 0.0298 0.9702 
       h0275  2 0.0373 0.9627 
       h0285  2 0.0103 0.9897 
       h0295  2 0.0071 0.9929 
       h0305  2 0.0105 0.9895 
       h0315  2 0.0092 0.9908 
       h0325  2 0.0078 0.9922 
       h0335  2 0.0049 0.9951 
       h0345  2 0.0235 0.9765 
       h0355  2 0.0059 0.9941 
       h0365  2 0.0087 0.9913 
       h0375  2 0.0138 0.9862 
       h0385  2 0.0179 0.9821 
       h0395  2 0.0116 0.9884 
       h0405  2 0.0080 0.9920 
       h0415  2 0.0111 0.9889 
       h0425  2 0.0083 0.9917 
       h0435  2 0.0085 0.9915 
       h0445  2 0.0080 0.9920 
       h0455  2 0.0072 0.9928 
       h0465  2 0.0190 0.9810 
       h0475  2 0.0072 0.9928 
       h0485  2 0.0098 0.9902 
       h0495  2 0.0058 0.9942 
       h0505  2 0.0071 0.9929 
       h0515  2 0.0046 0.9954 
       h0525  2 0.0050 0.9950 
       h0535  2 0.0111 0.9889 
       h0545  2 0.0099 0.9901 
       h0555  2 0.0102 0.9898 
       h0565  2 0.0157 0.9843 
       h0575  2 0.0093 0.9907 
       h0585  2 0.0075 0.9925 
       h0595  2 0.0265 0.9735 
       h0605  2 0.0072 0.9928 
       h0615  2 0.0272 0.9728 
       h0625  2 0.0190 0.9810 
       h0635  2 0.0056 0.9944 
       h0645  2 0.0067 0.9933 
       h0655  2 0.0042 0.9958 
       h0665  2 0.0254 0.9746 
       h0675  2 0.0065 0.9935 
       h0685  2 0.0163 0.9837 
       h0695  2 0.0111 0.9889 
       h0705  2 0.0079 0.9921 
       h0715  2 0.0292 0.9708 
       h0725  2 0.0091 0.9909 
       h0735  2 0.0100 0.9900 
       h0745  2 0.0059 0.9941 
       h0755  2 0.0141 0.9859 
       h0765  2 0.0216 0.9784 
       h0775  2 0.0068 0.9932 
       h0785  2 0.0130 0.9870 
       h0795  2 0.0112 0.9888 
       h0805  2 0.0103 0.9897 
       h0815  2 0.0442 0.9558 
       h0825  2 0.0067 0.9933 
       h0835  2 0.0157 0.9843 
       h0845  2 0.0498 0.9502 
       h0855  2 0.0087 0.9913 
       h0865  2 0.0220 0.9780 
       h0875  2 0.0141 0.9859 
       h0885  2 0.0096 0.9904 
       h0895  2 0.0078 0.9922 
       h0905  2 0.0057 0.9943 
       h0915  2 0.0293 0.9707 
       h0925  2 0.0080 0.9920 
       h0935  2 0.0086 0.9914 
       h0945  2 0.0074 0.9926 
       h0955  2 0.0047 0.9953 
       h0965  2 0.0363 0.9637 
       h0975  2 0.0290 0.9710 
       h0985  2 0.0195 0.9805 
       h0995  2 0.0093 0.9907 
       h1005  2 0.0155 0.9845 
        h101  2 0.0941 0.9059 
        h102  2 0.0093 0.9907 
        h103  2 0.0066 0.9934 
        h104  2 0.0128 0.9872 
        h105  2 0.0076 0.9924 
        h106  2 0.0068 0.9932 
        h107  2 0.0081 0.9919 
        h108  2 0.0091 0.9909 
        h109  2 0.0094 0.9906 
        h110  2 0.0046 0.9954 
        h111  2 0.0246 0.9754 
        h112  2 0.0054 0.9946 
        h113  2 0.0099 0.9901 
        h114  2 0.0083 0.9917 
        h115  2 0.0098 0.9902 
        h116  2 0.0103 0.9897 
        h117  2 0.0372 0.9628 
        h118  2 0.0126 0.9874 
        h119  2 0.0249 0.9751 
        h120  2 0.0070 0.9930 
        h121  2 0.0134 0.9866 
        h122  2 0.0154 0.9846 
        h123  2 0.0054 0.9946 
        h124  2 0.0084 0.9916 
        h125  2 0.0184 0.9816 
        h126  2 0.0086 0.9914 
        h127  2 0.0106 0.9894 
        h128  2 0.0097 0.9903 
        h129  2 0.0116 0.9884 
        h130  2 0.0060 0.9940 
        h131  2 0.0218 0.9782 
        h132  2 0.0214 0.9786 
        h133  2 0.0074 0.9926 
        h134  2 0.0067 0.9933 
        h135  2 0.0080 0.9920 
        h136  2 0.0065 0.9935 
        h137  2 0.0090 0.9910 
        h138  2 0.0107 0.9893 
        h139  2 0.0086 0.9914 
        h140  2 0.0064 0.9936 
        h141  2 0.0069 0.9931 
        h142  2 0.0084 0.9916 
        h143  2 0.0131 0.9869 
        h144  2 0.0281 0.9719 
        h145  2 0.0087 0.9913 
        h146  2 0.0135 0.9865 
        h147  2 0.0274 0.9726 
        h148  2 0.0682 0.9318 
        h149  2 0.0060 0.9940 
        h150  2 0.0083 0.9917 
        h151  2 0.0146 0.9854 
        h152  2 0.0205 0.9795 
        h153  2 0.0073 0.9927 
        h154  2 0.0109 0.9891 
        h155  2 0.0056 0.9944 
        h156  2 0.0086 0.9914 
        h157  2 0.0238 0.9762 
        h158  2 0.0235 0.9765 
        h159  2 0.0068 0.9932 
        h160  2 0.0643 0.9357 
        h161  2 0.0159 0.9841 
        h162  2 0.0160 0.9840 
        h163  2 0.0067 0.9933 
        h164  2 0.0140 0.9860 
        h165  2 0.0152 0.9848 
        h166  2 0.0082 0.9918 
        h167  2 0.0093 0.9907 
        h168  2 0.0052 0.9948 
        h169  2 0.0143 0.9857 
        h170  2 0.0184 0.9816 
        h171  2 0.0063 0.9937 
        h172  2 0.0451 0.9549 
        h173  2 0.0075 0.9925 
        h174  2 0.0170 0.9830 
        h175  2 0.0087 0.9913 
        h176  2 0.0076 0.9924 
        h177  2 0.0220 0.9780 
        h178  2 0.0093 0.9907 
        h179  2 0.0069 0.9931 
        h180  2 0.0065 0.9935 
        h181  2 0.0069 0.9931 
        h182  2 0.0167 0.9833 
        h183  2 0.0193 0.9807 
        h184  2 0.0088 0.9912 
        h185  2 0.0055 0.9945 
        h186  2 0.0111 0.9889 
        h187  2 0.0082 0.9918 
        h188  2 0.0071 0.9929 
        h189  2 0.0121 0.9879 
        h190  2 0.0086 0.9914 
        h191  2 0.0119 0.9881 
        h192  2 0.0078 0.9922 
        h193  2 0.0113 0.9887 
        h194  2 0.0074 0.9926 
        h195  2 0.0154 0.9846 
        h196  2 0.0057 0.9943 
        h197  2 0.0167 0.9833 
        h198  2 0.0077 0.9923 
        h199  2 0.0065 0.9935 
        h200  2 0.0103 0.9897 
        h201  2 0.0059 0.9941 
        h202  2 0.0050 0.9950 
        h203  2 0.0146 0.9854 
        h204  2 0.0817 0.9183 
        h205  2 0.0165 0.9835 
        h206  2 0.0056 0.9944 
        h207  2 0.0085 0.9915 
        h208  2 0.0080 0.9920 
        h209  2 0.0093 0.9907 
        h210  2 0.0210 0.9790 
        h211  2 0.0081 0.9919 
        h212  2 0.0197 0.9803 
        h213  2 0.0151 0.9849 
        h214  2 0.0316 0.9684 
        h215  2 0.0163 0.9837 
        h216  2 0.0165 0.9835 
        h217  2 0.0158 0.9842 
        h218  2 0.0082 0.9918 
        h219  2 0.0110 0.9890 
        h220  2 0.0337 0.9663 
        h221  2 0.0100 0.9900 
        h222  2 0.0130 0.9870 
        h223  2 0.0061 0.9939 
        h224  2 0.0114 0.9886 
        h225  2 0.0246 0.9754 
        h226  2 0.0140 0.9860 
        h227  2 0.0083 0.9917 
        h228  2 0.0139 0.9861 
        h229  2 0.0075 0.9925 
        h230  2 0.0244 0.9756 
        h231  2 0.0123 0.9877 
        h232  2 0.0105 0.9895 
        h233  2 0.0097 0.9903 
        h234  2 0.0072 0.9928 
        h235  2 0.0063 0.9937 
        h236  2 0.0112 0.9888 
        h237  2 0.0471 0.9529 
        h238  2 0.0366 0.9634 
        h239  2 0.0046 0.9954 
        h240  2 0.0149 0.9851 
        h241  2 0.0072 0.9928 
        h242  2 0.0066 0.9934 
        h243  2 0.0054 0.9946 
        h244  2 0.0059 0.9941 
        h245  2 0.0054 0.9946 
        h246  2 0.0066 0.9934 
        h247  2 0.0066 0.9934 
        h248  2 0.0094 0.9906 
        h249  2 0.0319 0.9681 
        h250  2 0.0144 0.9856 
        h251  2 0.0157 0.9843 
        h252  2 0.0064 0.9936 
        h253  2 0.0093 0.9907 
        h254  2 0.0091 0.9909 
        h255  2 0.0111 0.9889 
        h256  2 0.0080 0.9920 
        h257  2 0.0150 0.9850 
        h258  2 0.0075 0.9925 
        h259  2 0.0203 0.9797 
        h260  2 0.0187 0.9813 
        h261  2 0.0053 0.9947 
        h262  2 0.0178 0.9822 
        h263  2 0.0134 0.9866 
        h264  2 0.0082 0.9918 
        h265  2 0.0141 0.9859 
        h266  2 0.0073 0.9927 
        h267  2 0.0061 0.9939 
        h268  2 0.0068 0.9932 
        h269  2 0.0130 0.9870 
        h270  2 0.0145 0.9855 
        h271  2 0.0093 0.9907 
        h272  2 0.0067 0.9933 
        h273  2 0.0085 0.9915 
        h274  2 0.0096 0.9904 
        h275  2 0.0113 0.9887 
        h276  2 0.0091 0.9909 
        h277  2 0.0137 0.9863 
        h278  2 0.0671 0.9329 
        h279  2 0.0340 0.9660 
        h280  2 0.0054 0.9946 
        h281  2 0.0068 0.9932 
        h282  2 0.0066 0.9934 
        h283  2 0.0058 0.9942 
        h284  2 0.0087 0.9913 
        h285  2 0.0094 0.9906 
        h286  2 0.0084 0.9916 
        h287  2 0.0060 0.9940 
        h288  2 0.0128 0.9872 
        h289  2 0.0076 0.9924 
        h290  2 0.0106 0.9894 
        h291  2 0.0113 0.9887 
        h292  2 0.0100 0.9900 
        h293  2 0.0114 0.9886 
        h294  2 0.0071 0.9929 
        h295  2 0.0058 0.9942 
        h296  2 0.0088 0.9912 
        h297  2 0.0067 0.9933 
        h298  2 0.0071 0.9929 
        h299  2 0.0124 0.9876 
        h300  2 0.0073 0.9927 
        h301  2 0.0163 0.9837 
        h302  2 0.0080 0.9920 
        h303  2 0.0086 0.9914 
        h304  2 0.0095 0.9905 
        h305  2 0.0276 0.9724 
        h306  2 0.0054 0.9946 
        h307  2 0.0105 0.9895 
        h308  2 0.0095 0.9905 
        h309  2 0.0224 0.9776 
        h310  2 0.0111 0.9889 
        h311  2 0.0134 0.9866 
        h312  2 0.0142 0.9858 
        h313  2 0.0076 0.9924 
        h314  2 0.0092 0.9908 
        h315  2 0.0080 0.9920 
        h316  2 0.0260 0.9740 
        h317  2 0.0222 0.9778 
        h318  2 0.0066 0.9934 
        h319  2 0.0107 0.9893 
        h320  2 0.0125 0.9875 
        h321  2 0.0167 0.9833 
        h322  2 0.0165 0.9835 
        h323  2 0.0134 0.9866 
        h324  2 0.0162 0.9838 
        h325  2 0.0071 0.9929 
        h326  2 0.0128 0.9872 
        h327  2 0.0058 0.9942 
        h328  2 0.0480 0.9520 
        h329  2 0.0135 0.9865 
        h330  2 0.0133 0.9867 
        h331  2 0.0701 0.9299 
        h332  2 0.0083 0.9917 
        h333  2 0.0078 0.9922 
        h334  2 0.0059 0.9941 
        h335  2 0.0062 0.9938 
        h336  2 0.0076 0.9924 
        h337  2 0.0449 0.9551 
        h338  2 0.0119 0.9881 
        h339  2 0.0073 0.9927 
        h340  2 0.0143 0.9857 
        h341  2 0.0080 0.9920 
        h342  2 0.0073 0.9927 
        h343  2 0.0062 0.9938 
        h344  2 0.0573 0.9427 
        h345  2 0.0062 0.9938 
        h346  2 0.0108 0.9892 
        h347  2 0.0123 0.9877 
        h348  2 0.0078 0.9922 
        h349  2 0.0045 0.9955 
        h350  2 0.0084 0.9916 
        h351  2 0.0069 0.9931 
        h352  2 0.0428 0.9572 
        h353  2 0.0084 0.9916 
        h354  2 0.0115 0.9885 
        h355  2 0.0114 0.9886 
        h356  2 0.0086 0.9914 
        h357  2 0.0107 0.9893 
        h358  2 0.0096 0.9904 
        h359  2 0.0303 0.9697 
        h360  2 0.0065 0.9935 
        h361  2 0.0059 0.9941 
        h362  2 0.0295 0.9705 
        h363  2 0.0068 0.9932 
        h364  2 0.0357 0.9643 
        h365  2 0.0325 0.9675 
        h366  2 0.0095 0.9905 
        h367  2 0.0275 0.9725 
        h368  2 0.0141 0.9859 
        h369  2 0.0071 0.9929 
        h370  2 0.0073 0.9927 
        h371  2 0.0139 0.9861 
        h372  2 0.0238 0.9762 
        h373  2 0.0353 0.9647 
        h374  2 0.0090 0.9910 
        h375  2 0.0338 0.9662 
        h376  2 0.0181 0.9819 
        h377  2 0.0625 0.9375 
        h378  2 0.0103 0.9897 
        h379  2 0.0159 0.9841 
        h380  2 0.0689 0.9311 
        h381  2 0.0069 0.9931 
        h382  2 0.0243 0.9757 
        h383  2 0.0109 0.9891 
        h384  2 0.0300 0.9700 
        h385  2 0.0078 0.9922 
        h386  2 0.0177 0.9823 
        h387  2 0.0062 0.9938 
        h388  2 0.0141 0.9859 
        h389  2 0.0218 0.9782 
        h390  2 0.0092 0.9908 
        h391  2 0.0070 0.9930 
        h392  2 0.0130 0.9870 
        h393  2 0.0098 0.9902 
        h394  2 0.0147 0.9853 
        h395  2 0.0114 0.9886 
        h396  2 0.0076 0.9924 
        h397  2 0.0119 0.9881 
        h398  2 0.0123 0.9877 
        h399  2 0.0071 0.9929 
        h400  2 0.0134 0.9866 
        h001  3 0.2161 0.7839 
        h002  3 0.0821 0.9179 
        h003  3 0.0932 0.9068 
        h004  3 0.2340 0.7660 
        h005  3 0.1421 0.8579 
        h006  3 0.1446 0.8554 
        h007  3 0.0904 0.9096 
        h008  3 0.0474 0.9526 
        h009  3 0.1090 0.8910 
        h010  3 0.1484 0.8516 
        h011  3 0.0183 0.9817 
        h012  3 0.0680 0.9320 
        h013  3 0.2500 0.7500 
        h014  3 0.2065 0.7935 
        h015  3 0.0872 0.9128 
        h016  3 0.1428 0.8572 
        h017  3 0.1008 0.8992 
        h018  3 0.0079 0.9921 
        h019  3 0.1227 0.8773 
        h020  3 0.0531 0.9469 
        h021  3 0.0407 0.9593 
        h022  3 0.0213 0.9787 
        h023  3 0.2042 0.7958 
        h024  3 0.1155 0.8845 
        h025  3 0.0072 0.9928 
        h026  3 0.1420 0.8580 
        h027  3 0.1777 0.8223 
        h028  3 0.0327 0.9673 
        h029  3 0.0120 0.9880 
        h030  3 0.0808 0.9192 
        h031  3 0.0883 0.9117 
        h032  3 0.0225 0.9775 
        h033  3 0.1883 0.8117 
        h034  3 0.0392 0.9608 
        h035  3 0.0692 0.9308 
        h036  3 0.0862 0.9138 
        h037  3 0.0120 0.9880 
        h038  3 0.0543 0.9457 
        h039  3 0.0085 0.9915 
        h040  3 0.0250 0.9750 
        h041  3 0.3983 0.6017 
        h042  3 0.0733 0.9267 
        h043  3 0.0331 0.9669 
        h044  3 0.1345 0.8655 
        h045  3 0.0497 0.9503 
        h046  3 0.1120 0.8880 
        h047  3 0.1636 0.8364 
        h048  3 0.1435 0.8565 
        h049  3 0.3277 0.6723 
        h050  3 0.1518 0.8482 
        h051  3 0.2145 0.7855 
        h052  3 0.0515 0.9485 
        h053  3 0.0432 0.9568 
        h054  3 0.0871 0.9129 
        h055  3 0.0690 0.9310 
        h056  3 0.1393 0.8607 
        h057  3 0.1737 0.8263 
        h058  3 0.1612 0.8388 
        h059  3 0.0722 0.9278 
        h060  3 0.1044 0.8956 
        h061  3 0.0795 0.9205 
        h062  3 0.0643 0.9357 
        h063  3 0.2139 0.7861 
        h064  3 0.0895 0.9105 
        h065  3 0.1263 0.8737 
        h066  3 0.0166 0.9834 
        h067  3 0.1470 0.8530 
        h068  3 0.1514 0.8486 
        h069  3 0.0733 0.9267 
        h070  3 0.0478 0.9522 
        h071  3 0.0711 0.9289 
        h072  3 0.0490 0.9510 
        h073  3 0.1052 0.8948 
        h074  3 0.0096 0.9904 
        h075  3 0.0521 0.9479 
        h076  3 0.1524 0.8476 
        h077  3 0.0355 0.9645 
        h078  3 0.1192 0.8808 
        h079  3 0.1692 0.8308 
        h080  3 0.0212 0.9788 
        h081  3 0.0072 0.9928 
        h082  3 0.0095 0.9905 
        h083  3 0.1355 0.8645 
        h084  3 0.0603 0.9397 
        h085  3 0.2124 0.7876 
        h086  3 0.1771 0.8229 
        h087  3 0.0096 0.9904 
        h088  3 0.3271 0.6729 
        h089  3 0.0770 0.9230 
        h090  3 0.0192 0.9808 
        h091  3 0.0204 0.9796 
        h092  3 0.0823 0.9177 
        h093  3 0.1161 0.8839 
        h094  3 0.2000 0.8000 
        h095  3 0.1691 0.8309 
        h096  3 0.2056 0.7944 
        h097  3 0.2177 0.7823 
        h098  3 0.2868 0.7132 
        h099  3 0.0090 0.9910 
        h100  3 0.0414 0.9586 
       h0011  4 0.1700 0.8300 
       h0021  4 0.2399 0.7601 
       h0031  4 0.3285 0.6715 
       h0041  4 0.2555 0.7445 
       h0051  4 0.3451 0.6549 
       h0061  4 0.1219 0.8781 
       h0071  4 0.1691 0.8309 
       h0081  4 0.2707 0.7293 
       h0091  4 0.1542 0.8458 
       h0101  4 0.1051 0.8949 
       h0111  4 0.4255 0.5745 
       h0121  4 0.2329 0.7671 
       h0131  4 0.1473 0.8527 
       h0141  4 0.2009 0.7991 
       h0151  4 0.2182 0.7818 
       h0161  4 0.3235 0.6765 
       h0171  4 0.2607 0.7393 
       h0181  4 0.3269 0.6731 
       h0191  4 0.1282 0.8718 
       h0201  4 0.2296 0.7704 
       h0211  4 0.1184 0.8816 
       h0221  4 0.2988 0.7012 
       h0231  4 0.1367 0.8633 
       h0241  4 0.3006 0.6994 
       h0251  4 0.0969 0.9031 
       h0261  4 0.1189 0.8811 
       h0271  4 0.3548 0.6452 
       h0281  4 0.2636 0.7364 
       h0291  4 0.2403 0.7597 
       h0301  4 0.1269 0.8731 
       h0311  4 0.2330 0.7670 
       h0321  4 0.3468 0.6532 
       h0331  4 0.1840 0.8160 
       h0341  4 0.3039 0.6961 
       h0351  4 0.3109 0.6891 
       h0361  4 0.3117 0.6883 
       h0371  4 0.3740 0.6260 
       h0381  4 0.1635 0.8365 
       h0391  4 0.1073 0.8927 
       h0401  4 0.2876 0.7124 
       h0411  4 0.3050 0.6950 
       h0421  4 0.2210 0.7790 
       h0431  4 0.1814 0.8186 
       h0441  4 0.3040 0.6960 
       h0451  4 0.2183 0.7817 
       h0461  4 0.0656 0.9344 
       h0471  4 0.1469 0.8531 
       h0481  4 0.4110 0.5890 
       h0491  4 0.0923 0.9077 
       h0501  4 0.1940 0.8060 
       h0511  4 0.2219 0.7781 
       h0521  4 0.1292 0.8708 
       h0531  4 0.1418 0.8582 
       h0541  4 0.2209 0.7791 
       h0551  4 0.2912 0.7088 
       h0561  4 0.3985 0.6015 
       h0571  4 0.2777 0.7223 
       h0581  4 0.1929 0.8071 
       h0591  4 0.0573 0.9427 
       h0601  4 0.2871 0.7129 
       h0611  4 0.3342 0.6658 
       h0621  4 0.0797 0.9203 
       h0631  4 0.0298 0.9702 
       h0641  4 0.2591 0.7409 
       h0651  4 0.4001 0.5999 
       h0661  4 0.2595 0.7405 
       h0671  4 0.2156 0.7844 
       h0681  4 0.2576 0.7424 
       h0691  4 0.2992 0.7008 
       h0701  4 0.3242 0.6758 
       h0711  4 0.2540 0.7460 
       h0721  4 0.3667 0.6333 
       h0731  4 0.2908 0.7092 
       h0741  4 0.3003 0.6997 
       h0751  4 0.2306 0.7694 
       h0761  4 0.2617 0.7383 
       h0771  4 0.2556 0.7444 
       h0781  4 0.4581 0.5419 
       h0791  4 0.3003 0.6997 
       h0801  4 0.1414 0.8586 
       h0811  4 0.2925 0.7075 
       h0821  4 0.3842 0.6158 
       h0831  4 0.1530 0.8470 
       h0841  4 0.2667 0.7333 
       h0851  4 0.3574 0.6426 
       h0861  4 0.0772 0.9228 
       h0871  4 0.2908 0.7092 
       h0881  4 0.2625 0.7375 
       h0891  4 0.4474 0.5526 
       h0901  4 0.3030 0.6970 
       h0911  4 0.3099 0.6901 
       h0921  4 0.2411 0.7589 
       h0931  4 0.3150 0.6850 
       h0941  4 0.2073 0.7927 
       h0951  4 0.2301 0.7699 
       h0961  4 0.2935 0.7065 
       h0971  4 0.2224 0.7776 
       h0981  4 0.3342 0.6658 
       h0991  4 0.1680 0.8320 
       h1001  4 0.1760 0.8240 
       h0012  5 0.5132 0.4868 
       h0022  5 0.5068 0.4932 
       h0032  5 0.4311 0.5689 
       h0042  5 0.4792 0.5208 
       h0052  5 0.5750 0.4250 
       h0062  5 0.5453 0.4547 
       h0072  5 0.5329 0.4671 
       h0082  5 0.4807 0.5193 
       h0092  5 0.3614 0.6386 
       h0102  5 0.6157 0.3843 
       h0112  5 0.4676 0.5324 
       h0122  5 0.5977 0.4023 
       h0132  5 0.4866 0.5134 
       h0142  5 0.4768 0.5232 
       h0152  5 0.6248 0.3752 
       h0162  5 0.5363 0.4637 
       h0172  5 0.4235 0.5765 
       h0182  5 0.5101 0.4899 
       h0192  5 0.4654 0.5346 
       h0202  5 0.4382 0.5618 
       h0212  5 0.5907 0.4093 
       h0222  5 0.5476 0.4524 
       h0232  5 0.5063 0.4937 
       h0242  5 0.4242 0.5758 
       h0252  5 0.4828 0.5172 
       h0262  5 0.5539 0.4461 
       h0272  5 0.6097 0.3903 
       h0282  5 0.4086 0.5914 
       h0292  5 0.5721 0.4279 
       h0302  5 0.5571 0.4429 
       h0312  5 0.5637 0.4363 
       h0322  5 0.5016 0.4984 
       h0332  5 0.4056 0.5944 
       h0342  5 0.5170 0.4830 
       h0352  5 0.4618 0.5382 
       h0362  5 0.5198 0.4802 
       h0372  5 0.5149 0.4851 
       h0382  5 0.3975 0.6025 
       h0392  5 0.5528 0.4472 
       h0402  5 0.5747 0.4253 
       h0412  5 0.4606 0.5394 
       h0422  5 0.4940 0.5060 
       h0432  5 0.5346 0.4654 
       h0442  5 0.4962 0.5038 
       h0452  5 0.4223 0.5777 
       h0462  5 0.5279 0.4721 
       h0472  5 0.6893 0.3107 
       h0482  5 0.4897 0.5103 
       h0492  5 0.5295 0.4705 
       h0502  5 0.5381 0.4619 
       h0512  5 0.5267 0.4733 
       h0522  5 0.4251 0.5749 
       h0532  5 0.6272 0.3728 
       h0542  5 0.5308 0.4692 
       h0552  5 0.5517 0.4483 
       h0562  5 0.5021 0.4979 
       h0572  5 0.6349 0.3651 
       h0582  5 0.3191 0.6809 
       h0592  5 0.6324 0.3676 
       h0602  5 0.5462 0.4538 
       h0612  5 0.6261 0.3739 
       h0622  5 0.6061 0.3939 
       h0632  5 0.5116 0.4884 
       h0642  5 0.5120 0.4880 
       h0652  5 0.5060 0.4940 
       h0662  5 0.4716 0.5284 
       h0672  5 0.4598 0.5402 
       h0682  5 0.6082 0.3918 
       h0692  5 0.4905 0.5095 
       h0702  5 0.6239 0.3761 
       h0712  5 0.4780 0.5220 
       h0722  5 0.6046 0.3954 
       h0732  5 0.4516 0.5484 
       h0742  5 0.3840 0.6160 
       h0752  5 0.5172 0.4828 
       h0762  5 0.4865 0.5135 
       h0772  5 0.5783 0.4217 
       h0782  5 0.5271 0.4729 
       h0792  5 0.4882 0.5118 
       h0802  5 0.5360 0.4640 
       h0812  5 0.3946 0.6054 
       h0822  5 0.5196 0.4804 
       h0832  5 0.4935 0.5065 
       h0842  5 0.4482 0.5518 
       h0852  5 0.5016 0.4984 
       h0862  5 0.3876 0.6124 
       h0872  5 0.4590 0.5410 
       h0882  5 0.6591 0.3409 
       h0892  5 0.4789 0.5211 
       h0902  5 0.6111 0.3889 
       h0912  5 0.4961 0.5039 
       h0922  5 0.5606 0.4394 
       h0932  5 0.5525 0.4475 
       h0942  5 0.6198 0.3802 
       h0952  5 0.4865 0.5135 
       h0962  5 0.4651 0.5349 
       h0972  5 0.3688 0.6312 
       h0982  5 0.4792 0.5208 
       h0992  5 0.5767 0.4233 
       h1002  5 0.4365 0.5635 
       h0013  6 0.5397 0.4603 
       h0023  6 0.6507 0.3493 
       h0033  6 0.6393 0.3607 
       h0043  6 0.8770 0.1230 
       h0053  6 0.8973 0.1027 
       h0063  6 0.6341 0.3659 
       h0073  6 0.7746 0.2254 
       h0083  6 0.7047 0.2953 
       h0093  6 0.8228 0.1772 
       h0103  6 0.8383 0.1617 
       h0113  6 0.8448 0.1552 
       h0123  6 0.7532 0.2468 
       h0133  6 0.7228 0.2772 
       h0143  6 0.7308 0.2692 
       h0153  6 0.7279 0.2721 
       h0163  6 0.7904 0.2096 
       h0173  6 0.6986 0.3014 
       h0183  6 0.9345 0.0655 
       h0193  6 0.9588 0.0412 
       h0203  6 0.7289 0.2711 
       h0213  6 0.8176 0.1824 
       h0223  6 0.7030 0.2970 
       h0233  6 0.5915 0.4085 
       h0243  6 0.5674 0.4326 
       h0253  6 0.8217 0.1783 
       h0263  6 0.6787 0.3213 
       h0273  6 0.8142 0.1858 
       h0283  6 0.8859 0.1141 
       h0293  6 0.8130 0.1870 
       h0303  6 0.7373 0.2627 
       h0313  6 0.8431 0.1569 
       h0323  6 0.6034 0.3966 
       h0333  6 0.9717 0.0283 
       h0343  6 0.6760 0.3240 
       h0353  6 0.7519 0.2481 
       h0363  6 0.7711 0.2289 
       h0373  6 0.6340 0.3660 
       h0383  6 0.8686 0.1314 
       h0393  6 0.7904 0.2096 
       h0403  6 0.9157 0.0843 
       h0413  6 0.8331 0.1669 
       h0423  6 0.8434 0.1566 
       h0433  6 0.8525 0.1475 
       h0443  6 0.8395 0.1605 
       h0453  6 0.6958 0.3042 
       h0463  6 0.8245 0.1755 
       h0473  6 0.8141 0.1859 
       h0483  6 0.7454 0.2546 
       h0493  6 0.8622 0.1378 
       h0503  6 0.6939 0.3061 
       h0513  6 0.6886 0.3114 
       h0523  6 0.7689 0.2311 
       h0533  6 0.8154 0.1846 
       h0543  6 0.6599 0.3401 
       h0553  6 0.6779 0.3221 
       h0563  6 0.8577 0.1423 
       h0573  6 0.7615 0.2385 
       h0583  6 0.6980 0.3020 
       h0593  6 0.9933 0.0067 
       h0603  6 0.8010 0.1990 
       h0613  6 0.7980 0.2020 
       h0623  6 0.7169 0.2831 
       h0633  6 0.9430 0.0570 
       h0643  6 0.8958 0.1042 
       h0653  6 0.7840 0.2160 
       h0663  6 0.9569 0.0431 
       h0673  6 0.8219 0.1781 
       h0683  6 0.8063 0.1937 
       h0693  6 0.7886 0.2114 
       h0703  6 0.7249 0.2751 
       h0713  6 0.8100 0.1900 
       h0723  6 0.9729 0.0271 
       h0733  6 0.6469 0.3531 
       h0743  6 0.8493 0.1507 
       h0753  6 0.8085 0.1915 
       h0763  6 0.7648 0.2352 
       h0773  6 0.7864 0.2136 
       h0783  6 0.6841 0.3159 
       h0793  6 0.7273 0.2727 
       h0803  6 0.8208 0.1792 
       h0813  6 0.8295 0.1705 
       h0823  6 0.8678 0.1322 
       h0833  6 0.6894 0.3106 
       h0843  6 0.7896 0.2104 
       h0853  6 0.7394 0.2606 
       h0863  6 0.7046 0.2954 
       h0873  6 0.8069 0.1931 
       h0883  6 0.7760 0.2240 
       h0893  6 0.6417 0.3583 
       h0903  6 0.6019 0.3981 
       h0913  6 0.6385 0.3615 
       h0923  6 0.7948 0.2052 
       h0933  6 0.8197 0.1803 
       h0943  6 0.8288 0.1712 
       h0953  6 0.6575 0.3425 
       h0963  6 0.7635 0.2365 
       h0973  6 0.6019 0.3981 
       h0983  6 0.7962 0.2038 
       h0993  6 0.6931 0.3069 
       h1003  6 0.9001 0.0999 
       h0014  7 0.7364 0.2636 
       h0024  7 0.8814 0.1186 
       h0034  7 0.8434 0.1566 
       h0044  7 0.9093 0.0907 
       h0054  7 0.8488 0.1512 
       h0064  7 0.8954 0.1046 
       h0074  7 0.7395 0.2605 
       h0084  7 0.9491 0.0509 
       h0094  7 0.9568 0.0432 
       h0104  7 0.8496 0.1504 
       h0114  7 0.8877 0.1123 
       h0124  7 0.8624 0.1376 
       h0134  7 0.9503 0.0497 
       h0144  7 0.9372 0.0628 
       h0154  7 0.8412 0.1588 
       h0164  7 0.8544 0.1456 
       h0174  7 0.9534 0.0466 
       h0184  7 0.6815 0.3185 
       h0194  7 0.7893 0.2107 
       h0204  7 0.9916 0.0084 
       h0214  7 0.8663 0.1337 
       h0224  7 0.9644 0.0356 
       h0234  7 0.8962 0.1038 
       h0244  7 0.8990 0.1010 
       h0254  7 0.9240 0.0760 
       h0264  7 0.9273 0.0727 
       h0274  7 0.9724 0.0276 
       h0284  7 0.8625 0.1375 
       h0294  7 0.8867 0.1133 
       h0304  7 0.8458 0.1542 
       h0314  7 0.9863 0.0137 
       h0324  7 0.8786 0.1214 
       h0334  7 0.8955 0.1045 
       h0344  7 0.9068 0.0932 
       h0354  7 0.8867 0.1133 
       h0364  7 0.8622 0.1378 
       h0374  7 0.9017 0.0983 
       h0384  7 0.9153 0.0847 
       h0394  7 0.9574 0.0426 
       h0404  7 0.9045 0.0955 
       h0414  7 0.9426 0.0574 
       h0424  7 0.9048 0.0952 
       h0434  7 0.6510 0.3490 
       h0444  7 0.8400 0.1600 
       h0454  7 0.8976 0.1024 
       h0464  7 0.8033 0.1967 
       h0474  7 0.9326 0.0674 
       h0484  7 0.8224 0.1776 
       h0494  7 0.9625 0.0375 
       h0504  7 0.7863 0.2137 
       h0514  7 0.9036 0.0964 
       h0524  7 0.9950 0.0050 
       h0534  7 0.9297 0.0703 
       h0544  7 0.9402 0.0598 
       h0554  7 0.9912 0.0088 
       h0564  7 0.8566 0.1434 
       h0574  7 0.8470 0.1530 
       h0584  7 0.9381 0.0619 
       h0594  7 0.8964 0.1036 
       h0604  7 0.9101 0.0899 
       h0614  7 0.8827 0.1173 
       h0624  7 0.9533 0.0467 
       h0634  7 0.9943 0.0057 
       h0644  7 0.8435 0.1565 
       h0654  7 0.8227 0.1773 
       h0664  7 0.9277 0.0723 
       h0674  7 0.8786 0.1214 
       h0684  7 0.9940 0.0060 
       h0694  7 0.9446 0.0554 
       h0704  7 0.9350 0.0650 
       h0714  7 0.7589 0.2411 
       h0724  7 0.9912 0.0088 
       h0734  7 0.9650 0.0350 
       h0744  7 0.6639 0.3361 
       h0754  7 0.9900 0.0100 
       h0764  7 0.9767 0.0233 
       h0774  7 0.8635 0.1365 
       h0784  7 0.7789 0.2211 
       h0794  7 0.9505 0.0495 
       h0804  7 0.8937 0.1063 
       h0814  7 0.9667 0.0333 
       h0824  7 0.9013 0.0987 
       h0834  7 0.8296 0.1704 
       h0844  7 0.9929 0.0071 
       h0854  7 0.9081 0.0919 
       h0864  7 0.8672 0.1328 
       h0874  7 0.9635 0.0365 
       h0884  7 0.8369 0.1631 
       h0894  7 0.8260 0.1740 
       h0904  7 0.9224 0.0776 
       h0914  7 0.8190 0.1810 
       h0924  7 0.9203 0.0797 
       h0934  7 0.8438 0.1562 
       h0944  7 0.9359 0.0641 
       h0954  7 0.9420 0.0580 
       h0964  7 0.8989 0.1011 
       h0974  7 0.8259 0.1741 
       h0984  7 0.8038 0.1962 
       h0994  7 0.7664 0.2336 
       h1004  7 0.8761 0.1239 
     CK.0PLA  8 0.9890 0.0110 
     CK.0PLC  8 0.9871 0.0129 
     CK.0PLE  8 0.9934 0.0066 
     CK.0PLF  8 0.9763 0.0237 
     CK.0PLH  8 0.9924 0.0076 
     CK.0PLJ  8 0.9915 0.0085 
     CK.0PLK  8 0.9946 0.0054 
     CK.0PLL  8 0.9914 0.0086 
     CK.0PLM  8 0.9927 0.0073 
     CK.0PLP  8 0.9926 0.0074 
     CK.0PLT  8 0.9949 0.0051 
     CK.0PLU  8 0.9932 0.0068 
     CK.0PLX  8 0.9885 0.0115 
     CK.0PLY  8 0.9949 0.0051 
     CK.0PM0  8 0.9930 0.0070 
     CK.0PM1  8 0.9942 0.0058 
     CK.0PM2  8 0.9921 0.0079 
     CK.0PM3  8 0.9917 0.0083 
     CK.0PM4  8 0.9889 0.0111 
     CK.0PM7  8 0.9937 0.0063 
     CK.0PM8  8 0.9946 0.0054 
     CK.0PMA  8 0.9909 0.0091 
       M2C06  8 0.9939 0.0061 
       M2C07  8 0.9952 0.0048 
       M2C08  8 0.9952 0.0048 
       M2C0A  8 0.9939 0.0061 
       M2C0C  8 0.9941 0.0059 
       M2C0E  8 0.9936 0.0064 
      h00111  9 0.9901 0.0099 
      h00211  9 0.9938 0.0062 
      h00311  9 0.9942 0.0058 
      h00411  9 0.9940 0.0060 
      h00511  9 0.9922 0.0078 
      h00611  9 0.9886 0.0114 
      h00711  9 0.9909 0.0091 
      h00811  9 0.9916 0.0084 
      h00911  9 0.9917 0.0083 
      h01011  9 0.9942 0.0058 
      h01111  9 0.9949 0.0051 
      h01211  9 0.9856 0.0144 
      h01311  9 0.9947 0.0053 
      h01411  9 0.9952 0.0048 
      h01511  9 0.9954 0.0046 
      h01611  9 0.9938 0.0062 
      h01711  9 0.9936 0.0064 
      h01811  9 0.9941 0.0059 
      h01911  9 0.9934 0.0066 
      h02011  9 0.9937 0.0063 
      h02111  9 0.9925 0.0075 
      h02211  9 0.9929 0.0071 
      h02311  9 0.9905 0.0095 
      h02411  9 0.9932 0.0068 
      h02511  9 0.9949 0.0051 
      h02611  9 0.9928 0.0072 
      h02711  9 0.9894 0.0106 
      h02811  9 0.9940 0.0060 
      h02911  9 0.9948 0.0052 
      h03011  9 0.9943 0.0057 
      h03111  9 0.9922 0.0078 
      h03211  9 0.9932 0.0068 
      h03311  9 0.9847 0.0153 
      h03411  9 0.9926 0.0074 
      h03511  9 0.9945 0.0055 
      h03611  9 0.9779 0.0221 
      h03711  9 0.9906 0.0094 
      h03811  9 0.9920 0.0080 
      h03911  9 0.9922 0.0078 
      h04011  9 0.9920 0.0080 
      h04111  9 0.9870 0.0130 
      h04211  9 0.9941 0.0059 
      h04311  9 0.9940 0.0060 
      h04411  9 0.9906 0.0094 
      h04511  9 0.9897 0.0103 
      h04611  9 0.9953 0.0047 
      h04711  9 0.9925 0.0075 
      h04811  9 0.9931 0.0069 
      h04911  9 0.9921 0.0079 
      h05011  9 0.9869 0.0131 
      h05111  9 0.9943 0.0057 
      h05211  9 0.9940 0.0060 
      h05311  9 0.9932 0.0068 
      h05411  9 0.9945 0.0055 
      h05511  9 0.9904 0.0096 
      h05611  9 0.9929 0.0071 
      h05711  9 0.9922 0.0078 
      h05811  9 0.9899 0.0101 
      h05911  9 0.9900 0.0100 
      h06011  9 0.9923 0.0077 
      h06111  9 0.9947 0.0053 
      h06211  9 0.9934 0.0066 
      h06311  9 0.9935 0.0065 
      h06411  9 0.9930 0.0070 
      h06511  9 0.9904 0.0096 
      h06611  9 0.9947 0.0053 
      h06711  9 0.9927 0.0073 
      h06811  9 0.9909 0.0091 
      h06911  9 0.9935 0.0065 
      h07011  9 0.9944 0.0056 
      h07111  9 0.9894 0.0106 
      h07211  9 0.9945 0.0055 
      h07311  9 0.9918 0.0082 
      h07411  9 0.9887 0.0113 
      h07511  9 0.9931 0.0069 
      h07611  9 0.9876 0.0124 
      h07711  9 0.9929 0.0071 
      h07811  9 0.9950 0.0050 
      h07911  9 0.9933 0.0067 
      h08011  9 0.9923 0.0077 
      h08111  9 0.9885 0.0115 
      h08211  9 0.9937 0.0063 
      h08311  9 0.9900 0.0100 
      h08411  9 0.9942 0.0058 
      h08511  9 0.9932 0.0068 
      h08611  9 0.9920 0.0080 
      h08711  9 0.9874 0.0126 
      h08811  9 0.9937 0.0063 
      h08911  9 0.9937 0.0063 
      h09011  9 0.9942 0.0058 
      h09111  9 0.9939 0.0061 
      h09211  9 0.9950 0.0050 
      h09311  9 0.9928 0.0072 
      h09411  9 0.9927 0.0073 
      h09511  9 0.9896 0.0104 
      h09611  9 0.9945 0.0055 
      h09711  9 0.9904 0.0096 
      h09811  9 0.9906 0.0094 
      h09911  9 0.9918 0.0082 
      h10011  9 0.9929 0.0071 
       h1011  9 0.9939 0.0061 
       h1021  9 0.9942 0.0058 
       h1031  9 0.9947 0.0053 
       h1041  9 0.9941 0.0059 
       h1051  9 0.9936 0.0064 
       h1061  9 0.9927 0.0073 
       h1071  9 0.9932 0.0068 
       h1081  9 0.9920 0.0080 
       h1091  9 0.9936 0.0064 
       h1101  9 0.9923 0.0077 
       h1111  9 0.9907 0.0093 
       h1121  9 0.9851 0.0149 
       h1131  9 0.9902 0.0098 
       h1141  9 0.9918 0.0082 
       h1151  9 0.9942 0.0058 
       h1161  9 0.9926 0.0074 
       h1171  9 0.9857 0.0143 
       h1181  9 0.9902 0.0098 
       h1191  9 0.9932 0.0068 
       h1201  9 0.9931 0.0069 
       h1211  9 0.9937 0.0063 
       h1221  9 0.9932 0.0068 
       h1231  9 0.9934 0.0066 
       h1241  9 0.9924 0.0076 
       h1251  9 0.9884 0.0116 
       h1261  9 0.9928 0.0072 
       h1271  9 0.9946 0.0054 
       h1281  9 0.9946 0.0054 
       h1291  9 0.9852 0.0148 
       h1301  9 0.9914 0.0086 
       h1311  9 0.9757 0.0243 
       h1321  9 0.9950 0.0050 
       h1331  9 0.9923 0.0077 
       h1341  9 0.9940 0.0060 
       h1351  9 0.9896 0.0104 
       h1361  9 0.9952 0.0048 
       h1371  9 0.9926 0.0074 
       h1381  9 0.9857 0.0143 
       h1391  9 0.9937 0.0063 
       h1401  9 0.9944 0.0056 
       h1411  9 0.9951 0.0049 
       h1421  9 0.9947 0.0053 
       h1431  9 0.9927 0.0073 
       h1441  9 0.9941 0.0059 
       h1451  9 0.9921 0.0079 
       h1461  9 0.9926 0.0074 
       h1471  9 0.9891 0.0109 
       h1481  9 0.9931 0.0069 
       h1491  9 0.9927 0.0073 
       h1501  9 0.9949 0.0051 
       h1511  9 0.9925 0.0075 
       h1521  9 0.9942 0.0058 
       h1531  9 0.9933 0.0067 
       h1541  9 0.9946 0.0054 
       h1551  9 0.9934 0.0066 
       h1561  9 0.9924 0.0076 
       h1571  9 0.9948 0.0052 
       h1581  9 0.9944 0.0056 
       h1591  9 0.9941 0.0059 
       h1601  9 0.9940 0.0060 
       h1611  9 0.9946 0.0054 
       h1621  9 0.9927 0.0073 
       h1631  9 0.9942 0.0058 
       h1641  9 0.9918 0.0082 
       h1651  9 0.9931 0.0069 
       h1661  9 0.9910 0.0090 
       h1671  9 0.9948 0.0052 
       h1681  9 0.9916 0.0084 
       h1691  9 0.9940 0.0060 
       h1701  9 0.9948 0.0052 
       h1711  9 0.9912 0.0088 
       h1721  9 0.9862 0.0138 
       h1731  9 0.9945 0.0055 
       h1741  9 0.9917 0.0083 
       h1751  9 0.9923 0.0077 
       h1761  9 0.9947 0.0053 
       h1771  9 0.9952 0.0048 
       h1781  9 0.9937 0.0063 
       h1791  9 0.9939 0.0061 
       h1801  9 0.9934 0.0066 
       h1811  9 0.9947 0.0053 
       h1821  9 0.9946 0.0054 
       h1831  9 0.9938 0.0062 
       h1841  9 0.9937 0.0063 
       h1851  9 0.9946 0.0054 
       h1861  9 0.9930 0.0070 
       h1871  9 0.9939 0.0061 
       h1881  9 0.9925 0.0075 
       h1891  9 0.9938 0.0062 
       h1901  9 0.9938 0.0062 
       h1911  9 0.9903 0.0097 
       h1921  9 0.9938 0.0062 
       h1931  9 0.9925 0.0075 
       h1941  9 0.9931 0.0069 
       h1951  9 0.9912 0.0088 
       h1961  9 0.9857 0.0143 
       h1971  9 0.9861 0.0139 
       h1981  9 0.9911 0.0089 
       h1991  9 0.9904 0.0096 
       h2001  9 0.9866 0.0134 
       h2011  9 0.9885 0.0115 
       h2021  9 0.9949 0.0051 
       h2031  9 0.9939 0.0061 
       h2041  9 0.9931 0.0069 
       h2051  9 0.9937 0.0063 
       h2061  9 0.9895 0.0105 
       h2071  9 0.9948 0.0052 
       h2081  9 0.9924 0.0076 
       h2091  9 0.9906 0.0094 
       h2101  9 0.9949 0.0051 
       h2111  9 0.9916 0.0084 
       h2121  9 0.9885 0.0115 
       h2131  9 0.9934 0.0066 
       h2141  9 0.9926 0.0074 
       h2151  9 0.9911 0.0089 
       h2161  9 0.9952 0.0048 
       h2171  9 0.9903 0.0097 
       h2181  9 0.9948 0.0052 
       h2191  9 0.9931 0.0069 
       h2201  9 0.9941 0.0059 
       h2211  9 0.9948 0.0052 
       h2221  9 0.9948 0.0052 
       h2231  9 0.9888 0.0112 
       h2241  9 0.9937 0.0063 
       h2251  9 0.9909 0.0091 
       h2261  9 0.9941 0.0059 
       h2271  9 0.9924 0.0076 
       h2281  9 0.9911 0.0089 
       h2291  9 0.9935 0.0065 
       h2301  9 0.9941 0.0059 
       h2311  9 0.9897 0.0103 
       h2321  9 0.9929 0.0071 
       h2331  9 0.9931 0.0069 
       h2341  9 0.9939 0.0061 
       h2351  9 0.9944 0.0056 
       h2361  9 0.9950 0.0050 
       h2371  9 0.9935 0.0065 
       h2381  9 0.9933 0.0067 
       h2391  9 0.9942 0.0058 
       h2401  9 0.9925 0.0075 
       h2411  9 0.9944 0.0056 
       h2421  9 0.9669 0.0331 
       h2431  9 0.9906 0.0094 
       h2441  9 0.9930 0.0070 
       h2451  9 0.9919 0.0081 
       h2461  9 0.9936 0.0064 
       h2471  9 0.9942 0.0058 
       h2481  9 0.9935 0.0065 
       h2491  9 0.9937 0.0063 
       h2501  9 0.9931 0.0069 
       h2511  9 0.9908 0.0092 
       h2521  9 0.9880 0.0120 
       h2531  9 0.9922 0.0078 
       h2541  9 0.9909 0.0091 
       h2551  9 0.9935 0.0065 
       h2561  9 0.9933 0.0067 
       h2571  9 0.9952 0.0048 
       h2581  9 0.9920 0.0080 
       h2591  9 0.9884 0.0116 
       h2601  9 0.9875 0.0125 
       h2611  9 0.9835 0.0165 
       h2621  9 0.9938 0.0062 
       h2631  9 0.9895 0.0105 
       h2641  9 0.9945 0.0055 
       h2651  9 0.9923 0.0077 
       h2661  9 0.9941 0.0059 
       h2671  9 0.9924 0.0076 
       h2681  9 0.9921 0.0079 
       h2691  9 0.9783 0.0217 
       h2701  9 0.9953 0.0047 
       h2711  9 0.9906 0.0094 
       h2721  9 0.9934 0.0066 
       h2731  9 0.9885 0.0115 
       h2741  9 0.9954 0.0046 
       h2751  9 0.9897 0.0103 
       h2761  9 0.9940 0.0060 
       h2771  9 0.9936 0.0064 
       h2781  9 0.9903 0.0097 
       h2791  9 0.9896 0.0104 
       h2801  9 0.9917 0.0083 
       h2811  9 0.9942 0.0058 
       h2821  9 0.9937 0.0063 
       h2831  9 0.9939 0.0061 
       h2841  9 0.9906 0.0094 
       h2851  9 0.9944 0.0056 
       h2861  9 0.9905 0.0095 
       h2871  9 0.9944 0.0056 
       h2881  9 0.9938 0.0062 
       h2891  9 0.9934 0.0066 
       h2901  9 0.9936 0.0064 
       h2911  9 0.9942 0.0058 
       h2921  9 0.9919 0.0081 
       h2931  9 0.9923 0.0077 
       h2941  9 0.9848 0.0152 
       h2951  9 0.9942 0.0058 
       h2961  9 0.9918 0.0082 
       h2971  9 0.9889 0.0111 
       h2981  9 0.9943 0.0057 
       h2991  9 0.9947 0.0053 
       h3001  9 0.9947 0.0053 
       h3011  9 0.9935 0.0065 
       h3021  9 0.9948 0.0052 
       h3031  9 0.9887 0.0113 
       h3041  9 0.9911 0.0089 
       h3051  9 0.9904 0.0096 
       h3061  9 0.9927 0.0073 
       h3071  9 0.9941 0.0059 
       h3081  9 0.9935 0.0065 
       h3091  9 0.9943 0.0057 
       h3101  9 0.9931 0.0069 
       h3111  9 0.9944 0.0056 
       h3121  9 0.9945 0.0055 
       h3131  9 0.9950 0.0050 
       h3141  9 0.9944 0.0056 
       h3151  9 0.9943 0.0057 
       h3161  9 0.9954 0.0046 
       h3171  9 0.9940 0.0060 
       h3181  9 0.9920 0.0080 
       h3191  9 0.9862 0.0138 
       h3201  9 0.9934 0.0066 
       h3211  9 0.9940 0.0060 
       h3221  9 0.9918 0.0082 
       h3231  9 0.9889 0.0111 
       h3241  9 0.9931 0.0069 
       h3251  9 0.9901 0.0099 
       h3261  9 0.9879 0.0121 
       h3271  9 0.9931 0.0069 
       h3281  9 0.9941 0.0059 
       h3291  9 0.9927 0.0073 
       h3301  9 0.9909 0.0091 
       h3311  9 0.9946 0.0054 
       h3321  9 0.9942 0.0058 
       h3331  9 0.9934 0.0066 
       h3341  9 0.9919 0.0081 
       h3351  9 0.9943 0.0057 
       h3361  9 0.9913 0.0087 
       h3371  9 0.9901 0.0099 
       h3381  9 0.9923 0.0077 
       h3391  9 0.9926 0.0074 
       h3401  9 0.9922 0.0078 
       h3411  9 0.9937 0.0063 
       h3421  9 0.9920 0.0080 
       h3431  9 0.9929 0.0071 
       h3441  9 0.9943 0.0057 
       h3451  9 0.9957 0.0043 
       h3461  9 0.9932 0.0068 
       h3471  9 0.9943 0.0057 
       h3481  9 0.9933 0.0067 
       h3491  9 0.9936 0.0064 
       h3501  9 0.9906 0.0094 
       h3511  9 0.9946 0.0054 
       h3521  9 0.9936 0.0064 
       h3531  9 0.9925 0.0075 
       h3541  9 0.9941 0.0059 
       h3551  9 0.9929 0.0071 
       h3561  9 0.9889 0.0111 
       h3571  9 0.9940 0.0060 
       h3581  9 0.9916 0.0084 
       h3591  9 0.9911 0.0089 
       h3601  9 0.9921 0.0079 
       h3611  9 0.9954 0.0046 
       h3621  9 0.9929 0.0071 
       h3631  9 0.9945 0.0055 
       h3641  9 0.9866 0.0134 
       h3651  9 0.9949 0.0051 
       h3661  9 0.9943 0.0057 
       h3671  9 0.9937 0.0063 
       h3681  9 0.9945 0.0055 
       h3691  9 0.9944 0.0056 
       h3701  9 0.9933 0.0067 
       h3711  9 0.9549 0.0451 
       h3721  9 0.9890 0.0110 
       h3731  9 0.9924 0.0076 
       h3741  9 0.9911 0.0089 
       h3751  9 0.9931 0.0069 
       h3761  9 0.9918 0.0082 
       h3771  9 0.9905 0.0095 
       h3781  9 0.9924 0.0076 
       h3791  9 0.9945 0.0055 
       h3801  9 0.9912 0.0088 
       h3811  9 0.9940 0.0060 
       h3821  9 0.9944 0.0056 
       h3831  9 0.9920 0.0080 
       h3841  9 0.9939 0.0061 
       h3851  9 0.9952 0.0048 
       h3861  9 0.9929 0.0071 
       h3871  9 0.9880 0.0120 
       h3881  9 0.9896 0.0104 
       h3891  9 0.9948 0.0052 
       h3901  9 0.9940 0.0060 
       h3911  9 0.9930 0.0070 
       h3921  9 0.9928 0.0072 
       h3931  9 0.9909 0.0091 
       h3941  9 0.9914 0.0086 
       h3951  9 0.9933 0.0067 
       h3961  9 0.9873 0.0127 
       h3971  9 0.9939 0.0061 
       h3981  9 0.9942 0.0058 
       h3991  9 0.9908 0.0092 
       h4001  9 0.9940 0.0060 
        h401  9 0.9941 0.0059 
        h402  9 0.9919 0.0081 
        h403  9 0.9947 0.0053 
        h404  9 0.9934 0.0066 
        h405  9 0.9897 0.0103 
        h406  9 0.9925 0.0075 
        h407  9 0.9912 0.0088 
        h408  9 0.9947 0.0053 
        h409  9 0.9945 0.0055 
        h410  9 0.9945 0.0055 
        h411  9 0.9944 0.0056 
        h412  9 0.9939 0.0061 
        h413  9 0.9949 0.0051 
        h414  9 0.9905 0.0095 
        h415  9 0.9925 0.0075 
        h416  9 0.9922 0.0078 
        h417  9 0.9940 0.0060 
        h418  9 0.9947 0.0053 
        h419  9 0.9930 0.0070 
        h420  9 0.9922 0.0078 
        h421  9 0.9938 0.0062 
        h422  9 0.9877 0.0123 
        h423  9 0.9950 0.0050 
        h424  9 0.9940 0.0060 
        h425  9 0.9848 0.0152 
        h426  9 0.9923 0.0077 
        h427  9 0.9936 0.0064 
        h428  9 0.9921 0.0079 
        h429  9 0.9933 0.0067 
        h430  9 0.9915 0.0085 
        h431  9 0.9910 0.0090 
        h432  9 0.9946 0.0054 
        h433  9 0.9942 0.0058 
        h434  9 0.9936 0.0064 
        h435  9 0.9923 0.0077 
        h436  9 0.9949 0.0051 
        h437  9 0.9913 0.0087 
        h438  9 0.9948 0.0052 
        h439  9 0.9933 0.0067 
        h440  9 0.9942 0.0058 
        h441  9 0.9939 0.0061 
        h442  9 0.9897 0.0103 
        h443  9 0.9901 0.0099 
        h444  9 0.9933 0.0067 
        h445  9 0.9931 0.0069 
        h446  9 0.9945 0.0055 
        h447  9 0.9945 0.0055 
        h448  9 0.9941 0.0059 
        h449  9 0.9921 0.0079 
        h450  9 0.9936 0.0064 
        h451  9 0.9900 0.0100 
        h452  9 0.9938 0.0062 
        h453  9 0.9935 0.0065 
        h454  9 0.9914 0.0086 
        h455  9 0.9947 0.0053 
        h456  9 0.9913 0.0087 
        h457  9 0.9852 0.0148 
        h458  9 0.9942 0.0058 
        h459  9 0.9944 0.0056 
        h460  9 0.9922 0.0078 
        h461  9 0.9920 0.0080 
        h462  9 0.9946 0.0054 
        h463  9 0.9943 0.0057 
        h464  9 0.9946 0.0054 
        h465  9 0.9868 0.0132 
        h466  9 0.9926 0.0074 
        h467  9 0.9949 0.0051 
        h468  9 0.9932 0.0068 
        h469  9 0.9953 0.0047 
        h470  9 0.9929 0.0071 
        h471  9 0.9945 0.0055 
        h472  9 0.9950 0.0050 
