       M1EL5  1 0.0150 0.9850 
       W26T6  1 0.0362 0.9638 
       W26XX  1 0.0101 0.9899 
       M013P  1 0.0069 0.9931 
       M1ELA  1 0.0246 0.9754 
       M2C73  1 0.0127 0.9873 
       W23P4  1 0.1230 0.8770 
       W247C  1 0.0086 0.9914 
       W24K1  1 0.0079 0.9921 
       W24ME  1 0.0385 0.9615 
       W2514  1 0.0188 0.9812 
       W26MA  1 0.0205 0.9795 
       W26MM  1 0.0090 0.9910 
       W26MU  1 0.0141 0.9859 
       W26P0  1 0.0147 0.9853 
       W26P3  1 0.0064 0.9936 
       W26T5  1 0.0081 0.9919 
       W26TE  1 0.0178 0.9822 
       W26TF  1 0.0079 0.9921 
       W26U8  1 0.0369 0.9631 
       W26UJ  1 0.0080 0.9920 
       W26UK  1 0.0067 0.9933 
       W26UT  1 0.0076 0.9924 
       W26XT  1 0.0084 0.9916 
      CC06H2  1 0.0399 0.9601 
      CC06H4  1 0.0094 0.9906 
      CC06H5  1 0.0513 0.9487 
      CC06H6  1 0.0127 0.9873 
      CC06HE  1 0.0080 0.9920 
      CC06HF  1 0.0304 0.9696 
      CC06HH  1 0.0089 0.9911 
      CC06HJ  1 0.0132 0.9868 
      CC06HL  1 0.0065 0.9935 
      CC06HP  1 0.0068 0.9932 
      CC06HT  1 0.0331 0.9669 
      CC06HU  1 0.0128 0.9872 
      CC06HY  1 0.0201 0.9799 
      CC06J0  1 0.0123 0.9877 
      CC06J1  1 0.0286 0.9714 
      CC06J2  1 0.0117 0.9883 
     CT.0YCY  1 0.0118 0.9882 
     CT.0YEC  1 0.0061 0.9939 
     CT.0YEF  1 0.0116 0.9884 
     CT.0YEU  1 0.0074 0.9926 
     CT.0YF2  1 0.0222 0.9778 
     CT.0YF8  1 0.0079 0.9921 
     CT.0YFA  1 0.0148 0.9852 
     CT.0YFE  1 0.0168 0.9832 
     CT.0YFP  1 0.0139 0.9861 
     CT.0YFU  1 0.0123 0.9877 
     CT.0YK7  1 0.0163 0.9837 
     CX.10PT  1 0.0367 0.9633 
      DAM021  1 0.0114 0.9886 
      DAM034  1 0.0178 0.9822 
      DAM07X  1 0.0151 0.9849 
     EF.15J6  1 0.0088 0.9912 
      HRV010  1 0.0095 0.9905 
      HRV02J  1 0.0163 0.9837 
      HRV078  1 0.0116 0.9884 
      HRV0FH  1 0.0116 0.9884 
      HRV0H5  1 0.0145 0.9855 
      HRV0JF  1 0.0218 0.9782 
      HRV0JJ  1 0.0166 0.9834 
      HRV0JM  1 0.0124 0.9876 
      HRV0K6  1 0.0295 0.9705 
      HRV0K7  1 0.0086 0.9914 
      HRV0KP  1 0.0144 0.9856 
      HRV1AX  1 0.0248 0.9752 
      HRV1C4  1 0.0230 0.9770 
      HRV1CH  1 0.0127 0.9873 
      HRV1FA  1 0.0163 0.9837 
      HRV1FK  1 0.0163 0.9837 
      HRV1H8  1 0.0120 0.9880 
      HRV1HT  1 0.0165 0.9835 
      HRV1XU  1 0.0115 0.9885 
      HRV4TF  1 0.0083 0.9917 
      HRV6F0  1 0.0109 0.9891 
      HRVE6L  1 0.0126 0.9874 
       M27HM  1 0.0208 0.9792 
       M27HP  1 0.0083 0.9917 
       M2AK4  1 0.0082 0.9918 
       M2ALA  1 0.0075 0.9925 
       M2C56  1 0.0143 0.9857 
       M2CUX  1 0.0144 0.9856 
       M2E24  1 0.0081 0.9919 
       M2EA7  1 0.0099 0.9901 
       M2EH6  1 0.0099 0.9901 
       M2EKC  1 0.0321 0.9679 
      MSV083  1 0.0112 0.9888 
      MSV084  1 0.0169 0.9831 
      MSV0LJ  1 0.0149 0.9851 
      MSV1H5  1 0.0172 0.9828 
      MSV1KM  1 0.0085 0.9915 
      MSV23F  1 0.0110 0.9890 
      MSV2L8  1 0.0110 0.9890 
      MSV2P7  1 0.0089 0.9911 
      MSV2TJ  1 0.0206 0.9794 
      MSV2XM  1 0.0138 0.9862 
      MSV327  1 0.0102 0.9898 
      MSV33L  1 0.0076 0.9924 
       h0015  2 0.0100 0.9900 
       h0025  2 0.0115 0.9885 
       h0035  2 0.0176 0.9824 
       h0045  2 0.0290 0.9710 
       h0055  2 0.0127 0.9873 
       h0065  2 0.0116 0.9884 
       h0075  2 0.0067 0.9933 
       h0085  2 0.0090 0.9910 
       h0095  2 0.0115 0.9885 
       h0105  2 0.0223 0.9777 
       h0115  2 0.0073 0.9927 
       h0125  2 0.0095 0.9905 
       h0135  2 0.0097 0.9903 
       h0145  2 0.0069 0.9931 
       h0155  2 0.0082 0.9918 
       h0165  2 0.0091 0.9909 
       h0175  2 0.0132 0.9868 
       h0185  2 0.0152 0.9848 
       h0195  2 0.0071 0.9929 
       h0205  2 0.0485 0.9515 
       h0215  2 0.0143 0.9857 
       h0225  2 0.0369 0.9631 
       h0235  2 0.0096 0.9904 
       h0245  2 0.0107 0.9893 
       h0255  2 0.0120 0.9880 
       h0265  2 0.0170 0.9830 
       h0275  2 0.0093 0.9907 
       h0285  2 0.0090 0.9910 
       h0295  2 0.0105 0.9895 
       h0305  2 0.0105 0.9895 
       h0315  2 0.0101 0.9899 
       h0325  2 0.0148 0.9852 
       h0335  2 0.0068 0.9932 
       h0345  2 0.0081 0.9919 
       h0355  2 0.0087 0.9913 
       h0365  2 0.0119 0.9881 
       h0375  2 0.0336 0.9664 
       h0385  2 0.0079 0.9921 
       h0395  2 0.0069 0.9931 
       h0405  2 0.0117 0.9883 
       h0415  2 0.0105 0.9895 
       h0425  2 0.0121 0.9879 
       h0435  2 0.0342 0.9658 
       h0445  2 0.0159 0.9841 
       h0455  2 0.0163 0.9837 
       h0465  2 0.0083 0.9917 
       h0475  2 0.0256 0.9744 
       h0485  2 0.0089 0.9911 
       h0495  2 0.0243 0.9757 
       h0505  2 0.0068 0.9932 
       h0515  2 0.0088 0.9912 
       h0525  2 0.0266 0.9734 
       h0535  2 0.0105 0.9895 
       h0545  2 0.0151 0.9849 
       h0555  2 0.0173 0.9827 
       h0565  2 0.0161 0.9839 
       h0575  2 0.0059 0.9941 
       h0585  2 0.0077 0.9923 
       h0595  2 0.0176 0.9824 
       h0605  2 0.0092 0.9908 
       h0615  2 0.0082 0.9918 
       h0625  2 0.0123 0.9877 
       h0635  2 0.0540 0.9460 
       h0645  2 0.1500 0.8500 
       h0655  2 0.0083 0.9917 
       h0665  2 0.0085 0.9915 
       h0675  2 0.0068 0.9932 
       h0685  2 0.0173 0.9827 
       h0695  2 0.0199 0.9801 
       h0705  2 0.0569 0.9431 
       h0715  2 0.0082 0.9918 
       h0725  2 0.0120 0.9880 
       h0735  2 0.0088 0.9912 
       h0745  2 0.0143 0.9857 
       h0755  2 0.0149 0.9851 
       h0765  2 0.0239 0.9761 
       h0775  2 0.0081 0.9919 
       h0785  2 0.0084 0.9916 
       h0795  2 0.0093 0.9907 
       h0805  2 0.0107 0.9893 
       h0815  2 0.0189 0.9811 
       h0825  2 0.0149 0.9851 
       h0835  2 0.0075 0.9925 
       h0845  2 0.0394 0.9606 
       h0855  2 0.0073 0.9927 
       h0865  2 0.0085 0.9915 
       h0875  2 0.0078 0.9922 
       h0885  2 0.0155 0.9845 
       h0895  2 0.0120 0.9880 
       h0905  2 0.0192 0.9808 
       h0915  2 0.0090 0.9910 
       h0925  2 0.0200 0.9800 
       h0935  2 0.0131 0.9869 
       h0945  2 0.0087 0.9913 
       h0955  2 0.0072 0.9928 
       h0965  2 0.0150 0.9850 
       h0975  2 0.0105 0.9895 
       h0985  2 0.0052 0.9948 
       h0995  2 0.0104 0.9896 
       h1005  2 0.0102 0.9898 
        h101  2 0.0067 0.9933 
        h102  2 0.0147 0.9853 
        h103  2 0.0151 0.9849 
        h104  2 0.0131 0.9869 
        h105  2 0.0343 0.9657 
        h106  2 0.0923 0.9077 
        h107  2 0.0135 0.9865 
        h108  2 0.0071 0.9929 
        h109  2 0.0136 0.9864 
        h110  2 0.0160 0.9840 
        h111  2 0.0163 0.9837 
        h112  2 0.0117 0.9883 
        h113  2 0.0594 0.9406 
        h114  2 0.0112 0.9888 
        h115  2 0.0093 0.9907 
        h116  2 0.0136 0.9864 
        h117  2 0.0098 0.9902 
        h118  2 0.0090 0.9910 
        h119  2 0.0081 0.9919 
        h120  2 0.0347 0.9653 
        h121  2 0.0191 0.9809 
        h122  2 0.0346 0.9654 
        h123  2 0.0075 0.9925 
        h124  2 0.0143 0.9857 
        h125  2 0.0100 0.9900 
        h126  2 0.0949 0.9051 
        h127  2 0.0198 0.9802 
        h128  2 0.0078 0.9922 
        h129  2 0.0103 0.9897 
        h130  2 0.0122 0.9878 
        h131  2 0.0145 0.9855 
        h132  2 0.0152 0.9848 
        h133  2 0.0109 0.9891 
        h134  2 0.0370 0.9630 
        h135  2 0.0051 0.9949 
        h136  2 0.0381 0.9619 
        h137  2 0.0091 0.9909 
        h138  2 0.0121 0.9879 
        h139  2 0.0142 0.9858 
        h140  2 0.0113 0.9887 
        h141  2 0.0637 0.9363 
        h142  2 0.0064 0.9936 
        h143  2 0.0075 0.9925 
        h144  2 0.0062 0.9938 
        h145  2 0.0220 0.9780 
        h146  2 0.0366 0.9634 
        h147  2 0.0094 0.9906 
        h148  2 0.0078 0.9922 
        h149  2 0.0203 0.9797 
        h150  2 0.0126 0.9874 
        h151  2 0.0069 0.9931 
        h152  2 0.0237 0.9763 
        h153  2 0.0150 0.9850 
        h154  2 0.0087 0.9913 
        h155  2 0.0137 0.9863 
        h156  2 0.0124 0.9876 
        h157  2 0.0118 0.9882 
        h158  2 0.0156 0.9844 
        h159  2 0.0252 0.9748 
        h160  2 0.0137 0.9863 
        h161  2 0.0342 0.9658 
        h162  2 0.0114 0.9886 
        h163  2 0.0152 0.9848 
        h164  2 0.0098 0.9902 
        h165  2 0.0053 0.9947 
        h166  2 0.0169 0.9831 
        h167  2 0.0201 0.9799 
        h168  2 0.0424 0.9576 
        h169  2 0.0111 0.9889 
        h170  2 0.0086 0.9914 
        h171  2 0.0703 0.9297 
        h172  2 0.0212 0.9788 
        h173  2 0.0070 0.9930 
        h174  2 0.0134 0.9866 
        h175  2 0.0199 0.9801 
        h176  2 0.0114 0.9886 
        h177  2 0.0111 0.9889 
        h178  2 0.0084 0.9916 
        h179  2 0.0088 0.9912 
        h180  2 0.0168 0.9832 
        h181  2 0.0081 0.9919 
        h182  2 0.0160 0.9840 
        h183  2 0.0084 0.9916 
        h184  2 0.0052 0.9948 
        h185  2 0.0156 0.9844 
        h186  2 0.0254 0.9746 
        h187  2 0.0086 0.9914 
        h188  2 0.0246 0.9754 
        h189  2 0.0114 0.9886 
        h190  2 0.0099 0.9901 
        h191  2 0.0090 0.9910 
        h192  2 0.0063 0.9937 
        h193  2 0.0356 0.9644 
        h194  2 0.0247 0.9753 
        h195  2 0.0125 0.9875 
        h196  2 0.0178 0.9822 
        h197  2 0.0200 0.9800 
        h198  2 0.0102 0.9898 
        h199  2 0.0112 0.9888 
        h200  2 0.0072 0.9928 
        h201  2 0.0083 0.9917 
        h202  2 0.0205 0.9795 
        h203  2 0.0081 0.9919 
        h204  2 0.0138 0.9862 
        h205  2 0.0138 0.9862 
        h206  2 0.0112 0.9888 
        h207  2 0.0126 0.9874 
        h208  2 0.0069 0.9931 
        h209  2 0.0152 0.9848 
        h210  2 0.0086 0.9914 
        h211  2 0.0068 0.9932 
        h212  2 0.0058 0.9942 
        h213  2 0.0498 0.9502 
        h214  2 0.0188 0.9812 
        h215  2 0.0107 0.9893 
        h216  2 0.0155 0.9845 
        h217  2 0.0300 0.9700 
        h218  2 0.0413 0.9587 
        h219  2 0.0102 0.9898 
        h220  2 0.0215 0.9785 
        h221  2 0.0241 0.9759 
        h222  2 0.0472 0.9528 
        h223  2 0.0121 0.9879 
        h224  2 0.0073 0.9927 
        h225  2 0.0524 0.9476 
        h226  2 0.0104 0.9896 
        h227  2 0.0106 0.9894 
        h228  2 0.0082 0.9918 
        h229  2 0.0112 0.9888 
        h230  2 0.0100 0.9900 
        h231  2 0.0108 0.9892 
        h232  2 0.0110 0.9890 
        h233  2 0.0095 0.9905 
        h234  2 0.0231 0.9769 
        h235  2 0.0078 0.9922 
        h236  2 0.0115 0.9885 
        h237  2 0.0095 0.9905 
        h238  2 0.0101 0.9899 
        h239  2 0.0249 0.9751 
        h240  2 0.0089 0.9911 
        h241  2 0.0108 0.9892 
        h242  2 0.0095 0.9905 
        h243  2 0.0979 0.9021 
        h244  2 0.0140 0.9860 
        h245  2 0.0141 0.9859 
        h246  2 0.0830 0.9170 
        h247  2 0.0152 0.9848 
        h248  2 0.0117 0.9883 
        h249  2 0.0214 0.9786 
        h250  2 0.0073 0.9927 
        h251  2 0.0101 0.9899 
        h252  2 0.0106 0.9894 
        h253  2 0.0123 0.9877 
        h254  2 0.0162 0.9838 
        h255  2 0.0145 0.9855 
        h256  2 0.0140 0.9860 
        h257  2 0.0345 0.9655 
        h258  2 0.0088 0.9912 
        h259  2 0.0064 0.9936 
        h260  2 0.0136 0.9864 
        h261  2 0.0238 0.9762 
        h262  2 0.0088 0.9912 
        h263  2 0.0126 0.9874 
        h264  2 0.0375 0.9625 
        h265  2 0.0225 0.9775 
        h266  2 0.0280 0.9720 
        h267  2 0.0112 0.9888 
        h268  2 0.0238 0.9762 
        h269  2 0.0067 0.9933 
        h270  2 0.0151 0.9849 
        h271  2 0.0097 0.9903 
        h272  2 0.0254 0.9746 
        h273  2 0.0117 0.9883 
        h274  2 0.0895 0.9105 
        h275  2 0.0164 0.9836 
        h276  2 0.0255 0.9745 
        h277  2 0.0154 0.9846 
        h278  2 0.0120 0.9880 
        h279  2 0.0267 0.9733 
        h280  2 0.0238 0.9762 
        h281  2 0.0169 0.9831 
        h282  2 0.0320 0.9680 
        h283  2 0.0111 0.9889 
        h284  2 0.0148 0.9852 
        h285  2 0.0265 0.9735 
        h286  2 0.0177 0.9823 
        h287  2 0.0135 0.9865 
        h288  2 0.0076 0.9924 
        h289  2 0.0059 0.9941 
        h290  2 0.0189 0.9811 
        h291  2 0.0251 0.9749 
        h292  2 0.0199 0.9801 
        h293  2 0.0399 0.9601 
        h294  2 0.0115 0.9885 
        h295  2 0.0101 0.9899 
        h296  2 0.0234 0.9766 
        h297  2 0.0337 0.9663 
        h298  2 0.0164 0.9836 
        h299  2 0.0217 0.9783 
        h300  2 0.0480 0.9520 
        h301  2 0.0096 0.9904 
        h302  2 0.0070 0.9930 
        h303  2 0.0074 0.9926 
        h304  2 0.0092 0.9908 
        h305  2 0.0084 0.9916 
        h306  2 0.0161 0.9839 
        h307  2 0.0113 0.9887 
        h308  2 0.0082 0.9918 
        h309  2 0.0156 0.9844 
        h310  2 0.0066 0.9934 
        h311  2 0.0091 0.9909 
        h312  2 0.0062 0.9938 
        h313  2 0.0130 0.9870 
        h314  2 0.0070 0.9930 
        h315  2 0.0136 0.9864 
        h316  2 0.0100 0.9900 
        h317  2 0.0069 0.9931 
        h318  2 0.0115 0.9885 
        h319  2 0.0130 0.9870 
        h320  2 0.0139 0.9861 
        h321  2 0.0186 0.9814 
        h322  2 0.0105 0.9895 
        h323  2 0.0109 0.9891 
        h324  2 0.0068 0.9932 
        h325  2 0.0153 0.9847 
        h326  2 0.0084 0.9916 
        h327  2 0.0153 0.9847 
        h328  2 0.0094 0.9906 
        h329  2 0.0172 0.9828 
        h330  2 0.0137 0.9863 
        h331  2 0.0128 0.9872 
        h332  2 0.0121 0.9879 
        h333  2 0.0085 0.9915 
        h334  2 0.0079 0.9921 
        h335  2 0.1282 0.8718 
        h336  2 0.0055 0.9945 
        h337  2 0.0066 0.9934 
        h338  2 0.0214 0.9786 
        h339  2 0.0083 0.9917 
        h340  2 0.0113 0.9887 
        h341  2 0.0193 0.9807 
        h342  2 0.0115 0.9885 
        h343  2 0.0084 0.9916 
        h344  2 0.0093 0.9907 
        h345  2 0.0435 0.9565 
        h346  2 0.0074 0.9926 
        h347  2 0.0185 0.9815 
        h348  2 0.0063 0.9937 
        h349  2 0.0093 0.9907 
        h350  2 0.0114 0.9886 
        h351  2 0.0079 0.9921 
        h352  2 0.0129 0.9871 
        h353  2 0.0143 0.9857 
        h354  2 0.0362 0.9638 
        h355  2 0.0085 0.9915 
        h356  2 0.0106 0.9894 
        h357  2 0.0214 0.9786 
        h358  2 0.0089 0.9911 
        h359  2 0.0093 0.9907 
        h360  2 0.0081 0.9919 
        h361  2 0.0103 0.9897 
        h362  2 0.0108 0.9892 
        h363  2 0.0088 0.9912 
        h364  2 0.0088 0.9912 
        h365  2 0.0103 0.9897 
        h366  2 0.0126 0.9874 
        h367  2 0.0226 0.9774 
        h368  2 0.0099 0.9901 
        h369  2 0.0154 0.9846 
        h370  2 0.0142 0.9858 
        h371  2 0.0186 0.9814 
        h372  2 0.0171 0.9829 
        h373  2 0.0102 0.9898 
        h374  2 0.0144 0.9856 
        h375  2 0.0146 0.9854 
        h376  2 0.0106 0.9894 
        h377  2 0.0084 0.9916 
        h378  2 0.0086 0.9914 
        h379  2 0.0163 0.9837 
        h380  2 0.0080 0.9920 
        h381  2 0.0159 0.9841 
        h382  2 0.0074 0.9926 
        h383  2 0.0140 0.9860 
        h384  2 0.0227 0.9773 
        h385  2 0.0105 0.9895 
        h386  2 0.0120 0.9880 
        h387  2 0.0307 0.9693 
        h388  2 0.0179 0.9821 
        h389  2 0.0063 0.9937 
        h390  2 0.0147 0.9853 
        h391  2 0.0130 0.9870 
        h392  2 0.0127 0.9873 
        h393  2 0.0083 0.9917 
        h394  2 0.0560 0.9440 
        h395  2 0.0486 0.9514 
        h396  2 0.0129 0.9871 
        h397  2 0.0084 0.9916 
        h398  2 0.0110 0.9890 
        h399  2 0.0065 0.9935 
        h400  2 0.0093 0.9907 
        h001  3 0.1140 0.8860 
        h002  3 0.0229 0.9771 
        h003  3 0.0916 0.9084 
        h004  3 0.1920 0.8080 
        h005  3 0.1416 0.8584 
        h006  3 0.0179 0.9821 
        h007  3 0.0088 0.9912 
        h008  3 0.1875 0.8125 
        h009  3 0.0591 0.9409 
        h010  3 0.0387 0.9613 
        h011  3 0.0557 0.9443 
        h012  3 0.0124 0.9876 
        h013  3 0.1140 0.8860 
        h014  3 0.0205 0.9795 
        h015  3 0.0265 0.9735 
        h016  3 0.0482 0.9518 
        h017  3 0.0628 0.9372 
        h018  3 0.0319 0.9681 
        h019  3 0.0401 0.9599 
        h020  3 0.0066 0.9934 
        h021  3 0.0091 0.9909 
        h022  3 0.0500 0.9500 
        h023  3 0.1678 0.8322 
        h024  3 0.0704 0.9296 
        h025  3 0.0149 0.9851 
        h026  3 0.0959 0.9041 
        h027  3 0.0330 0.9670 
        h028  3 0.0522 0.9478 
        h029  3 0.1993 0.8007 
        h030  3 0.1949 0.8051 
        h031  3 0.0444 0.9556 
        h032  3 0.0422 0.9578 
        h033  3 0.1145 0.8855 
        h034  3 0.0969 0.9031 
        h035  3 0.0283 0.9717 
        h036  3 0.1147 0.8853 
        h037  3 0.1333 0.8667 
        h038  3 0.1621 0.8379 
        h039  3 0.0195 0.9805 
        h040  3 0.0883 0.9117 
        h041  3 0.0783 0.9217 
        h042  3 0.0131 0.9869 
        h043  3 0.2164 0.7836 
        h044  3 0.0127 0.9873 
        h045  3 0.0669 0.9331 
        h046  3 0.0071 0.9929 
        h047  3 0.0125 0.9875 
        h048  3 0.0930 0.9070 
        h049  3 0.0707 0.9293 
        h050  3 0.0427 0.9573 
        h051  3 0.0990 0.9010 
        h052  3 0.0299 0.9701 
        h053  3 0.0174 0.9826 
        h054  3 0.0142 0.9858 
        h055  3 0.0146 0.9854 
        h056  3 0.0465 0.9535 
        h057  3 0.0651 0.9349 
        h058  3 0.0197 0.9803 
        h059  3 0.0212 0.9788 
        h060  3 0.1230 0.8770 
        h061  3 0.0098 0.9902 
        h062  3 0.0966 0.9034 
        h063  3 0.0226 0.9774 
        h064  3 0.1960 0.8040 
        h065  3 0.2692 0.7308 
        h066  3 0.0237 0.9763 
        h067  3 0.0924 0.9076 
        h068  3 0.0528 0.9472 
        h069  3 0.0651 0.9349 
        h070  3 0.0654 0.9346 
        h071  3 0.1571 0.8429 
        h072  3 0.0331 0.9669 
        h073  3 0.0203 0.9797 
        h074  3 0.0106 0.9894 
        h075  3 0.1729 0.8271 
        h076  3 0.1009 0.8991 
        h077  3 0.1156 0.8844 
        h078  3 0.0476 0.9524 
        h079  3 0.0896 0.9104 
        h080  3 0.0407 0.9593 
        h081  3 0.3597 0.6403 
        h082  3 0.1281 0.8719 
        h083  3 0.0495 0.9505 
        h084  3 0.0900 0.9100 
        h085  3 0.0309 0.9691 
        h086  3 0.0792 0.9208 
        h087  3 0.0122 0.9878 
        h088  3 0.1049 0.8951 
        h089  3 0.0464 0.9536 
        h090  3 0.0094 0.9906 
        h091  3 0.0540 0.9460 
        h092  3 0.2959 0.7041 
        h093  3 0.2082 0.7918 
        h094  3 0.0724 0.9276 
        h095  3 0.2918 0.7082 
        h096  3 0.0121 0.9879 
        h097  3 0.2496 0.7504 
        h098  3 0.0154 0.9846 
        h099  3 0.0971 0.9029 
        h100  3 0.0285 0.9715 
       h0011  4 0.0934 0.9066 
       h0021  4 0.3337 0.6663 
       h0031  4 0.2896 0.7104 
       h0041  4 0.0649 0.9351 
       h0051  4 0.2906 0.7094 
       h0061  4 0.3160 0.6840 
       h0071  4 0.2095 0.7905 
       h0081  4 0.3364 0.6636 
       h0091  4 0.2899 0.7101 
       h0101  4 0.3065 0.6935 
       h0111  4 0.0479 0.9521 
       h0121  4 0.3440 0.6560 
       h0131  4 0.2178 0.7822 
       h0141  4 0.2765 0.7235 
       h0151  4 0.2395 0.7605 
       h0161  4 0.1518 0.8482 
       h0171  4 0.1694 0.8306 
       h0181  4 0.0644 0.9356 
       h0191  4 0.1315 0.8685 
       h0201  4 0.1385 0.8615 
       h0211  4 0.5134 0.4866 
       h0221  4 0.2174 0.7826 
       h0231  4 0.2594 0.7406 
       h0241  4 0.0830 0.9170 
       h0251  4 0.1399 0.8601 
       h0261  4 0.2951 0.7049 
       h0271  4 0.1862 0.8138 
       h0281  4 0.0896 0.9104 
       h0291  4 0.3330 0.6670 
       h0301  4 0.2095 0.7905 
       h0311  4 0.2676 0.7324 
       h0321  4 0.2619 0.7381 
       h0331  4 0.2974 0.7026 
       h0341  4 0.0940 0.9060 
       h0351  4 0.2394 0.7606 
       h0361  4 0.2669 0.7331 
       h0371  4 0.2075 0.7925 
       h0381  4 0.2310 0.7690 
       h0391  4 0.5857 0.4143 
       h0401  4 0.4324 0.5676 
       h0411  4 0.2246 0.7754 
       h0421  4 0.2160 0.7840 
       h0431  4 0.1668 0.8332 
       h0441  4 0.1259 0.8741 
       h0451  4 0.2147 0.7853 
       h0461  4 0.0360 0.9640 
       h0471  4 0.2162 0.7838 
       h0481  4 0.1814 0.8186 
       h0491  4 0.3723 0.6277 
       h0501  4 0.0242 0.9758 
       h0511  4 0.2163 0.7837 
       h0521  4 0.2875 0.7125 
       h0531  4 0.3402 0.6598 
       h0541  4 0.3868 0.6132 
       h0551  4 0.2437 0.7563 
       h0561  4 0.3166 0.6834 
       h0571  4 0.0390 0.9610 
       h0581  4 0.1287 0.8713 
       h0591  4 0.1303 0.8697 
       h0601  4 0.2019 0.7981 
       h0611  4 0.4416 0.5584 
       h0621  4 0.1663 0.8337 
       h0631  4 0.1453 0.8547 
       h0641  4 0.2838 0.7162 
       h0651  4 0.2185 0.7815 
       h0661  4 0.2361 0.7639 
       h0671  4 0.1475 0.8525 
       h0681  4 0.3922 0.6078 
       h0691  4 0.3277 0.6723 
       h0701  4 0.3243 0.6757 
       h0711  4 0.1657 0.8343 
       h0721  4 0.0415 0.9585 
       h0731  4 0.0542 0.9458 
       h0741  4 0.3012 0.6988 
       h0751  4 0.4466 0.5534 
       h0761  4 0.3752 0.6248 
       h0771  4 0.3297 0.6703 
       h0781  4 0.1707 0.8293 
       h0791  4 0.3200 0.6800 
       h0801  4 0.0126 0.9874 
       h0811  4 0.1040 0.8960 
       h0821  4 0.3657 0.6343 
       h0831  4 0.1594 0.8406 
       h0841  4 0.1772 0.8228 
       h0851  4 0.0232 0.9768 
       h0861  4 0.4218 0.5782 
       h0871  4 0.2442 0.7558 
       h0881  4 0.1356 0.8644 
       h0891  4 0.0414 0.9586 
       h0901  4 0.2551 0.7449 
       h0911  4 0.1863 0.8137 
       h0921  4 0.2227 0.7773 
       h0931  4 0.0676 0.9324 
       h0941  4 0.2497 0.7503 
       h0951  4 0.2910 0.7090 
       h0961  4 0.1956 0.8044 
       h0971  4 0.1690 0.8310 
       h0981  4 0.0100 0.9900 
       h0991  4 0.2835 0.7165 
       h1001  4 0.3935 0.6065 
      MSV1TX  5 0.3829 0.6171 
      MSV025  5 0.6239 0.3761 
      MSV02C  5 0.4778 0.5222 
      MSV02E  5 0.5507 0.4493 
      MSV0TF  5 0.5713 0.4287 
       M2EL8  5 0.6790 0.3210 
       h0012  6 0.6322 0.3678 
       h0022  6 0.5959 0.4041 
       h0032  6 0.5308 0.4692 
       h0042  6 0.6083 0.3917 
       h0052  6 0.5958 0.4042 
       h0062  6 0.5115 0.4885 
       h0072  6 0.4540 0.5460 
       h0082  6 0.3734 0.6266 
       h0092  6 0.5917 0.4083 
       h0102  6 0.5866 0.4134 
       h0112  6 0.5315 0.4685 
       h0122  6 0.4489 0.5511 
       h0132  6 0.5996 0.4004 
       h0142  6 0.3933 0.6067 
       h0152  6 0.4824 0.5176 
       h0162  6 0.4080 0.5920 
       h0172  6 0.5665 0.4335 
       h0182  6 0.7087 0.2913 
       h0192  6 0.4937 0.5063 
       h0202  6 0.4651 0.5349 
       h0212  6 0.7147 0.2853 
       h0222  6 0.3941 0.6059 
       h0232  6 0.4126 0.5874 
       h0242  6 0.5154 0.4846 
       h0252  6 0.4541 0.5459 
       h0262  6 0.6279 0.3721 
       h0272  6 0.3964 0.6036 
       h0282  6 0.5112 0.4888 
       h0292  6 0.5284 0.4716 
       h0302  6 0.3904 0.6096 
       h0312  6 0.3519 0.6481 
       h0322  6 0.5531 0.4469 
       h0332  6 0.4768 0.5232 
       h0342  6 0.5227 0.4773 
       h0352  6 0.3983 0.6017 
       h0362  6 0.6426 0.3574 
       h0372  6 0.5461 0.4539 
       h0382  6 0.6079 0.3921 
       h0392  6 0.6159 0.3841 
       h0402  6 0.4064 0.5936 
       h0412  6 0.5006 0.4994 
       h0422  6 0.4433 0.5567 
       h0432  6 0.4246 0.5754 
       h0442  6 0.6674 0.3326 
       h0452  6 0.5160 0.4840 
       h0462  6 0.4280 0.5720 
       h0472  6 0.5325 0.4675 
       h0482  6 0.3318 0.6682 
       h0492  6 0.5097 0.4903 
       h0502  6 0.5652 0.4348 
       h0512  6 0.3623 0.6377 
       h0522  6 0.5655 0.4345 
       h0532  6 0.4654 0.5346 
       h0542  6 0.2629 0.7371 
       h0552  6 0.4742 0.5258 
       h0562  6 0.3837 0.6163 
       h0572  6 0.4212 0.5788 
       h0582  6 0.6249 0.3751 
       h0592  6 0.5910 0.4090 
       h0602  6 0.5159 0.4841 
       h0612  6 0.4265 0.5735 
       h0622  6 0.4378 0.5622 
       h0632  6 0.6467 0.3533 
       h0642  6 0.3939 0.6061 
       h0652  6 0.3785 0.6215 
       h0662  6 0.4707 0.5293 
       h0672  6 0.4735 0.5265 
       h0682  6 0.5179 0.4821 
       h0692  6 0.6677 0.3323 
       h0702  6 0.5219 0.4781 
       h0712  6 0.5604 0.4396 
       h0722  6 0.5224 0.4776 
       h0732  6 0.4338 0.5662 
       h0742  6 0.3684 0.6316 
       h0752  6 0.3763 0.6237 
       h0762  6 0.5446 0.4554 
       h0772  6 0.4324 0.5676 
       h0782  6 0.4833 0.5167 
       h0792  6 0.6011 0.3989 
       h0802  6 0.3615 0.6385 
       h0812  6 0.4794 0.5206 
       h0822  6 0.5067 0.4933 
       h0832  6 0.4588 0.5412 
       h0842  6 0.4389 0.5611 
       h0852  6 0.7169 0.2831 
       h0862  6 0.4451 0.5549 
       h0872  6 0.4287 0.5713 
       h0882  6 0.5867 0.4133 
       h0892  6 0.3712 0.6288 
       h0902  6 0.4400 0.5600 
       h0912  6 0.1304 0.8696 
       h0922  6 0.6043 0.3957 
       h0932  6 0.6905 0.3095 
       h0942  6 0.6115 0.3885 
       h0952  6 0.4890 0.5110 
       h0962  6 0.4343 0.5657 
       h0972  6 0.4807 0.5193 
       h0982  6 0.5788 0.4212 
       h0992  6 0.4615 0.5385 
       h1002  6 0.5775 0.4225 
      MSV21T  7 0.8690 0.1310 
       M2E71  7 0.7685 0.2315 
       h0013  8 0.9798 0.0202 
       h0023  8 0.6557 0.3443 
       h0033  8 0.6780 0.3220 
       h0043  8 0.6551 0.3449 
       h0053  8 0.9191 0.0809 
       h0063  8 0.8425 0.1575 
       h0073  8 0.8347 0.1653 
       h0083  8 0.9004 0.0996 
       h0093  8 0.7161 0.2839 
       h0103  8 0.8152 0.1848 
       h0113  8 0.7241 0.2759 
       h0123  8 0.6405 0.3595 
       h0133  8 0.9621 0.0379 
       h0143  8 0.9054 0.0946 
       h0153  8 0.9455 0.0545 
       h0163  8 0.7938 0.2062 
       h0173  8 0.9544 0.0456 
       h0183  8 0.8629 0.1371 
       h0193  8 0.7414 0.2586 
       h0203  8 0.9572 0.0428 
       h0213  8 0.7420 0.2580 
       h0223  8 0.7797 0.2203 
       h0233  8 0.6890 0.3110 
       h0243  8 0.7662 0.2338 
       h0253  8 0.6853 0.3147 
       h0263  8 0.7045 0.2955 
       h0273  8 0.7009 0.2991 
       h0283  8 0.7739 0.2261 
       h0293  8 0.9035 0.0965 
       h0303  8 0.8431 0.1569 
       h0313  8 0.7202 0.2798 
       h0323  8 0.6445 0.3555 
       h0333  8 0.8090 0.1910 
       h0343  8 0.7593 0.2407 
       h0353  8 0.7219 0.2781 
       h0363  8 0.5326 0.4674 
       h0373  8 0.6887 0.3113 
       h0383  8 0.8729 0.1271 
       h0393  8 0.6313 0.3687 
       h0403  8 0.7967 0.2033 
       h0413  8 0.7087 0.2913 
       h0423  8 0.8767 0.1233 
       h0433  8 0.6369 0.3631 
       h0443  8 0.6863 0.3137 
       h0453  8 0.4742 0.5258 
       h0463  8 0.4831 0.5169 
       h0473  8 0.7891 0.2109 
       h0483  8 0.6606 0.3394 
       h0493  8 0.6502 0.3498 
       h0503  8 0.7977 0.2023 
       h0513  8 0.7969 0.2031 
       h0523  8 0.8107 0.1893 
       h0533  8 0.7361 0.2639 
       h0543  8 0.8489 0.1511 
       h0553  8 0.9086 0.0914 
       h0563  8 0.8006 0.1994 
       h0573  8 0.6661 0.3339 
       h0583  8 0.7538 0.2462 
       h0593  8 0.8326 0.1674 
       h0603  8 0.6024 0.3976 
       h0613  8 0.8269 0.1731 
       h0623  8 0.6716 0.3284 
       h0633  8 0.5712 0.4288 
       h0643  8 0.6274 0.3726 
       h0653  8 0.7206 0.2794 
       h0663  8 0.8699 0.1301 
       h0673  8 0.7295 0.2705 
       h0683  8 0.5195 0.4805 
       h0693  8 0.8639 0.1361 
       h0703  8 0.8259 0.1741 
       h0713  8 0.8749 0.1251 
       h0723  8 0.6895 0.3105 
       h0733  8 0.8782 0.1218 
       h0743  8 0.6623 0.3377 
       h0753  8 0.8244 0.1756 
       h0763  8 0.7205 0.2795 
       h0773  8 0.7642 0.2358 
       h0783  8 0.9801 0.0199 
       h0793  8 0.7574 0.2426 
       h0803  8 0.7494 0.2506 
       h0813  8 0.6616 0.3384 
       h0823  8 0.9654 0.0346 
       h0833  8 0.9049 0.0951 
       h0843  8 0.5821 0.4179 
       h0853  8 0.4931 0.5069 
       h0863  8 0.8679 0.1321 
       h0873  8 0.6160 0.3840 
       h0883  8 0.7529 0.2471 
       h0893  8 0.7067 0.2933 
       h0903  8 0.8906 0.1094 
       h0913  8 0.8122 0.1878 
       h0923  8 0.9169 0.0831 
       h0933  8 0.6994 0.3006 
       h0943  8 0.7949 0.2051 
       h0953  8 0.7571 0.2429 
       h0963  8 0.7300 0.2700 
       h0973  8 0.6100 0.3900 
       h0983  8 0.7353 0.2647 
       h0993  8 0.7900 0.2100 
       h1003  8 0.7376 0.2624 
       W23CA  9 0.9133 0.0867 
     AP.085Y  9 0.9840 0.0160 
     CH.0LLY  9 0.6070 0.3930 
       M0LEC  9 0.9887 0.0113 
       M2C3H  9 0.7868 0.2132 
       M2CHL  9 0.5486 0.4514 
       W26P7  9 0.8984 0.1016 
     AP.07M5  9 0.9519 0.0481 
     AP.080U  9 0.9542 0.0458 
     AP.082A  9 0.9914 0.0086 
     AP.0843  9 0.9399 0.0601 
     AP.0844  9 0.8197 0.1803 
     AP.084X  9 0.9823 0.0177 
     AP.086Y  9 0.8408 0.1592 
     AP.0870  9 0.8760 0.1240 
     AP.0878  9 0.8287 0.1713 
     AP.087F  9 0.7945 0.2055 
     AP.087Y  9 0.5944 0.4056 
     AP.088P  9 0.9808 0.0192 
     AP.08AK  9 0.9689 0.0311 
     CH.0LLM  9 0.8295 0.1705 
     CH.0LLU  9 0.7599 0.2401 
     CH.0LM0  9 0.9330 0.0670 
     CH.0LM3  9 0.9651 0.0349 
       W26MY  9 0.8020 0.1980 
       W26P6  9 0.9091 0.0909 
      HRV07U  9 0.9573 0.0427 
      HRV1CT  9 0.9894 0.0106 
      HRV1CU  9 0.9928 0.0072 
      HRV1E6  9 0.9932 0.0068 
      HRV081  9 0.9934 0.0066 
      HRV1E3  9 0.9786 0.0214 
      MSV21E  9 0.8366 0.1634 
      MSV216  9 0.9475 0.0525 
       M0TYK  9 0.9492 0.0508 
      MSV2AA  9 0.9165 0.0835 
     CK.0PET  9 0.7762 0.2238 
       M2E8C  9 0.9874 0.0126 
      MSV23X  9 0.8247 0.1753 
      MSV32A  9 0.8233 0.1767 
     AP.0838  9 0.9816 0.0184 
     AP.088F  9 0.8880 0.1120 
       h0014 10 0.8818 0.1182 
       h0024 10 0.9505 0.0495 
       h0034 10 0.8045 0.1955 
       h0044 10 0.9700 0.0300 
       h0054 10 0.9435 0.0565 
       h0064 10 0.9853 0.0147 
       h0074 10 0.9342 0.0658 
       h0084 10 0.9375 0.0625 
       h0094 10 0.9748 0.0252 
       h0104 10 0.8777 0.1223 
       h0114 10 0.8210 0.1790 
       h0124 10 0.9168 0.0832 
       h0134 10 0.7004 0.2996 
       h0144 10 0.8301 0.1699 
       h0154 10 0.9671 0.0329 
       h0164 10 0.9374 0.0626 
       h0174 10 0.9914 0.0086 
       h0184 10 0.9337 0.0663 
       h0194 10 0.8458 0.1542 
       h0204 10 0.9895 0.0105 
       h0214 10 0.9464 0.0536 
       h0224 10 0.9235 0.0765 
       h0234 10 0.8215 0.1785 
       h0244 10 0.9567 0.0433 
       h0254 10 0.9838 0.0162 
       h0264 10 0.9806 0.0194 
       h0274 10 0.9839 0.0161 
       h0284 10 0.9366 0.0634 
       h0294 10 0.9438 0.0562 
       h0304 10 0.9433 0.0567 
       h0314 10 0.8300 0.1700 
       h0324 10 0.8260 0.1740 
       h0334 10 0.8572 0.1428 
       h0344 10 0.7273 0.2727 
       h0354 10 0.7436 0.2564 
       h0364 10 0.9074 0.0926 
       h0374 10 0.9721 0.0279 
       h0384 10 0.9929 0.0071 
       h0394 10 0.8728 0.1272 
       h0404 10 0.8173 0.1827 
       h0414 10 0.8560 0.1440 
       h0424 10 0.9400 0.0600 
       h0434 10 0.9330 0.0670 
       h0444 10 0.8867 0.1133 
       h0454 10 0.8382 0.1618 
       h0464 10 0.9839 0.0161 
       h0474 10 0.8432 0.1568 
       h0484 10 0.9910 0.0090 
       h0494 10 0.7602 0.2398 
       h0504 10 0.7067 0.2933 
       h0514 10 0.9404 0.0596 
       h0524 10 0.7747 0.2253 
       h0534 10 0.9862 0.0138 
       h0544 10 0.9766 0.0234 
       h0554 10 0.8752 0.1248 
       h0564 10 0.9276 0.0724 
       h0574 10 0.9808 0.0192 
       h0584 10 0.9747 0.0253 
       h0594 10 0.9704 0.0296 
       h0604 10 0.9047 0.0953 
       h0614 10 0.9643 0.0357 
       h0624 10 0.7953 0.2047 
       h0634 10 0.9915 0.0085 
       h0644 10 0.9520 0.0480 
       h0654 10 0.6749 0.3251 
       h0664 10 0.9885 0.0115 
       h0674 10 0.9062 0.0938 
       h0684 10 0.9930 0.0070 
       h0694 10 0.9660 0.0340 
       h0704 10 0.9228 0.0772 
       h0714 10 0.8203 0.1797 
       h0724 10 0.9595 0.0405 
       h0734 10 0.9901 0.0099 
       h0744 10 0.9643 0.0357 
       h0754 10 0.9828 0.0172 
       h0764 10 0.9562 0.0438 
       h0774 10 0.8852 0.1148 
       h0784 10 0.7564 0.2436 
       h0794 10 0.8862 0.1138 
       h0804 10 0.9859 0.0141 
       h0814 10 0.7733 0.2267 
       h0824 10 0.7758 0.2242 
       h0834 10 0.9043 0.0957 
       h0844 10 0.9494 0.0506 
       h0854 10 0.9871 0.0129 
       h0864 10 0.9593 0.0407 
       h0874 10 0.9881 0.0119 
       h0884 10 0.7640 0.2360 
       h0894 10 0.7891 0.2109 
       h0904 10 0.9441 0.0559 
       h0914 10 0.7296 0.2704 
       h0924 10 0.8789 0.1211 
       h0934 10 0.9386 0.0614 
       h0944 10 0.9248 0.0752 
       h0954 10 0.8910 0.1090 
       h0964 10 0.7871 0.2129 
       h0974 10 0.7136 0.2864 
       h0984 10 0.6766 0.3234 
       h0994 10 0.7790 0.2210 
       h1004 10 0.9812 0.0188 
     AP.07M2 11 0.9579 0.0421 
      HRV05C 11 0.9855 0.0145 
      HRV077 11 0.9862 0.0138 
      HRV0A0 11 0.9932 0.0068 
      HRV0MC 11 0.9915 0.0085 
      HRV00P 11 0.9935 0.0065 
      HRV01J 11 0.9912 0.0088 
      HRV026 11 0.9897 0.0103 
      HRV02C 11 0.9939 0.0061 
      HRV031 11 0.9932 0.0068 
      HRV033 11 0.9932 0.0068 
      HRV05L 11 0.9934 0.0066 
      HRV06A 11 0.9921 0.0079 
      HRV07P 11 0.9936 0.0064 
      HRV0HC 11 0.9648 0.0352 
      HRV0HU 11 0.9850 0.0150 
      HRV0K1 11 0.9928 0.0072 
      HRV0M6 11 0.9608 0.0392 
      HRV0M7 11 0.9896 0.0104 
      HRV0MK 11 0.9938 0.0062 
      HRV1C7 11 0.9918 0.0082 
      HRV1EA 11 0.9869 0.0131 
       M147K 11 0.9945 0.0055 
      HRV008 11 0.9923 0.0077 
      HRV015 11 0.9876 0.0124 
      HRV01F 11 0.9713 0.0287 
      HRV01L 11 0.9924 0.0076 
      HRV01M 11 0.9909 0.0091 
      HRV020 11 0.9871 0.0129 
      HRV022 11 0.9766 0.0234 
      HRV02A 11 0.9796 0.0204 
      HRV02K 11 0.9784 0.0216 
      HRV04C 11 0.9923 0.0077 
      HRV05H 11 0.9847 0.0153 
      HRV076 11 0.9821 0.0179 
      HRV07H 11 0.9942 0.0058 
      HRV07X 11 0.9848 0.0152 
      HRV080 11 0.9929 0.0071 
      HRV086 11 0.9904 0.0096 
      HRV0H3 11 0.9901 0.0099 
      HRV0J3 11 0.9889 0.0111 
      HRV0JX 11 0.9831 0.0169 
      HRV0ML 11 0.9936 0.0064 
      HRV1E8 11 0.9915 0.0085 
      HRV007 11 0.9876 0.0124 
      HRV005 11 0.9865 0.0135 
      HRV05U 11 0.9930 0.0070 
      HRV01U 11 0.9921 0.0079 
     AP.07M1 11 0.9922 0.0078 
     AP.07ME 11 0.9837 0.0163 
     AP.0817 11 0.9906 0.0094 
     AP.0863 11 0.9769 0.0231 
     AP.087T 11 0.9741 0.0259 
     AP.088T 11 0.9938 0.0062 
     CH.0LM1 11 0.9895 0.0105 
       M05X5 11 0.9510 0.0490 
       M06JH 11 0.9283 0.0717 
       M0A6K 11 0.9901 0.0099 
       M0ETF 11 0.9928 0.0072 
       M0LUP 11 0.9879 0.0121 
       M16F1 11 0.9911 0.0089 
       M182M 11 0.9883 0.0117 
       M1CFL 11 0.9915 0.0085 
       M2AXY 11 0.9904 0.0096 
       M2AY2 11 0.9597 0.0403 
       M2CHP 11 0.9565 0.0435 
       W26LK 11 0.9922 0.0078 
       W26ME 11 0.9847 0.0153 
     AM.07FM 11 0.9940 0.0060 
     AM.07FP 11 0.9918 0.0082 
     AP.07M4 11 0.9941 0.0059 
     AP.07M7 11 0.9944 0.0056 
     AP.07M8 11 0.9901 0.0099 
     AP.07MA 11 0.9829 0.0171 
     AP.07MC 11 0.9925 0.0075 
     AP.07P8 11 0.9774 0.0226 
     AP.07U8 11 0.9897 0.0103 
     AP.081F 11 0.9899 0.0101 
     AP.081H 11 0.7080 0.2920 
     AP.0820 11 0.9810 0.0190 
     AP.0841 11 0.9170 0.0830 
     AP.0858 11 0.9876 0.0124 
     AP.085U 11 0.9680 0.0320 
     AP.085X 11 0.9925 0.0075 
     AP.0861 11 0.9905 0.0095 
     AP.0864 11 0.9939 0.0061 
     AP.086X 11 0.9931 0.0069 
     AP.0872 11 0.9928 0.0072 
     AP.0875 11 0.9351 0.0649 
     AP.087A 11 0.9922 0.0078 
     AP.087C 11 0.9866 0.0134 
     AP.087E 11 0.9928 0.0072 
     AP.087H 11 0.9927 0.0073 
     AP.087K 11 0.9881 0.0119 
     AP.087L 11 0.9921 0.0079 
     AP.087M 11 0.9902 0.0098 
     AP.087P 11 0.9892 0.0108 
     AP.087U 11 0.9352 0.0648 
     AP.087X 11 0.9810 0.0190 
     AP.0881 11 0.9792 0.0208 
     AP.0882 11 0.9908 0.0092 
     AP.0883 11 0.9724 0.0276 
     AP.0884 11 0.9932 0.0068 
     AP.0885 11 0.9891 0.0109 
     AP.0887 11 0.9905 0.0095 
     AP.0888 11 0.6918 0.3082 
     AP.088A 11 0.9909 0.0091 
     AP.088C 11 0.9737 0.0263 
     AP.088J 11 0.9869 0.0131 
     AP.088K 11 0.9880 0.0120 
     AP.088L 11 0.9925 0.0075 
     AP.088U 11 0.9926 0.0074 
     AP.088X 11 0.9825 0.0175 
     AP.08A0 11 0.9937 0.0063 
     AP.08A1 11 0.9892 0.0108 
     AP.08A3 11 0.9932 0.0068 
     AP.08A4 11 0.9399 0.0601 
     AP.08A5 11 0.9934 0.0066 
     AP.08A6 11 0.9840 0.0160 
     AP.08A8 11 0.9914 0.0086 
     AP.08AC 11 0.9841 0.0159 
     AP.08AH 11 0.9881 0.0119 
     AP.08AJ 11 0.9843 0.0157 
     AP.08AM 11 0.9924 0.0076 
     AP.08AT 11 0.9924 0.0076 
     AP.08AX 11 0.9926 0.0074 
     CH.0LLP 11 0.9901 0.0099 
     CH.0LM2 11 0.9855 0.0145 
     CH.0LM4 11 0.9931 0.0069 
     CH.0LM5 11 0.9910 0.0090 
       M0102 11 0.9915 0.0085 
       M023A 11 0.9939 0.0061 
       M03MM 11 0.9875 0.0125 
       M04PF 11 0.9927 0.0073 
       M04XH 11 0.9856 0.0144 
       M04XM 11 0.9918 0.0082 
       M0557 11 0.9680 0.0320 
       M055C 11 0.9584 0.0416 
       M05JC 11 0.9919 0.0081 
       M05PH 11 0.9878 0.0122 
       M05X6 11 0.9931 0.0069 
       M07TC 11 0.9841 0.0159 
       M0A66 11 0.9933 0.0067 
       M0EYT 11 0.9928 0.0072 
       M0FF2 11 0.9929 0.0071 
       M0HJ6 11 0.9848 0.0152 
      HRV0JL 11 0.9941 0.0059 
      HRV0JP 11 0.9919 0.0081 
      HRV0KA 11 0.9924 0.0076 
      HRV0LJ 11 0.9808 0.0192 
      HRV0LM 11 0.9904 0.0096 
      HRV0LP 11 0.9732 0.0268 
       M0HJ8 11 0.9922 0.0078 
       M0HM3 11 0.9922 0.0078 
       M0J1X 11 0.9924 0.0076 
       M0L32 11 0.9875 0.0125 
       M0L8F 11 0.9771 0.0229 
       M0LUH 11 0.9923 0.0077 
       M0XPJ 11 0.9922 0.0078 
       M0XTE 11 0.9742 0.0258 
       M157H 11 0.9919 0.0081 
       M16YU 11 0.9940 0.0060 
       M1751 11 0.9909 0.0091 
       M1C2H 11 0.9935 0.0065 
       M1E60 11 0.9939 0.0061 
       M1EKX 11 0.9934 0.0066 
       M1EKY 11 0.9930 0.0070 
       M1EL3 11 0.9860 0.0140 
       M1ELC 11 0.9884 0.0116 
       M1ELE 11 0.9925 0.0075 
       M2AY0 11 0.9826 0.0174 
       M2AY4 11 0.9915 0.0085 
       M2AY5 11 0.9903 0.0097 
       M2AY8 11 0.9020 0.0980 
       M2C3A 11 0.9918 0.0082 
       M2C3F 11 0.9908 0.0092 
      HRV0ME 11 0.9823 0.0177 
       M2CHJ 11 0.9731 0.0269 
       M2CHM 11 0.9578 0.0422 
       M2CHY 11 0.9877 0.0123 
       W23E8 11 0.9925 0.0075 
       W23EM 11 0.9881 0.0119 
       W23EX 11 0.9906 0.0094 
       W23F0 11 0.9882 0.0118 
       W26L5 11 0.9591 0.0409 
       W26LM 11 0.8451 0.1549 
       W26MJ 11 0.9306 0.0694 
       W26ML 11 0.9924 0.0076 
       W26MT 11 0.9934 0.0066 
       W26PE 11 0.9064 0.0936 
       W26PJ 11 0.8773 0.1227 
       W26PT 11 0.9931 0.0069 
       W26PX 11 0.9740 0.0260 
       W26T0 11 0.9886 0.0114 
       W26TC 11 0.9941 0.0059 
       W26TJ 11 0.9559 0.0441 
       W26UE 11 0.9898 0.0102 
       W26UF 11 0.9927 0.0073 
       W26UL 11 0.9670 0.0330 
       W26X2 11 0.9891 0.0109 
       W2716 11 0.9614 0.0386 
      HRV1C6 11 0.9934 0.0066 
      HRV1CX 11 0.9795 0.0205 
      HRV1E2 11 0.9937 0.0063 
      HRV1E4 11 0.9941 0.0059 
      HRV1E5 11 0.9938 0.0062 
      HRV1EC 11 0.9911 0.0089 
      HRV1EK 11 0.9732 0.0268 
      HRV001 11 0.9915 0.0085 
      HRV00H 11 0.9911 0.0089 
      HRV00K 11 0.9901 0.0099 
      HRV01X 11 0.9906 0.0094 
      HRV025 11 0.9825 0.0175 
      HRV028 11 0.9906 0.0094 
      HRV041 11 0.9927 0.0073 
      HRV04F 11 0.9929 0.0071 
      HRV04L 11 0.9937 0.0063 
      HRV055 11 0.9939 0.0061 
      HRV05J 11 0.9928 0.0072 
      HRV07J 11 0.9934 0.0066 
      HRV07K 11 0.9795 0.0205 
      HRV07L 11 0.9681 0.0319 
      HRV07M 11 0.9929 0.0071 
      HRV0HM 11 0.9333 0.0667 
      HRV0J2 11 0.9935 0.0065 
      HRV0K3 11 0.9926 0.0074 
      HRV0KE 11 0.9926 0.0074 
      HRV0KF 11 0.9867 0.0133 
      HRV0KU 11 0.9766 0.0234 
      HRV0L6 11 0.9934 0.0066 
      HRV0M2 11 0.9861 0.0139 
      HRV0MF 11 0.9923 0.0077 
      HRV0MJ 11 0.9754 0.0246 
      HRV1AT 11 0.9916 0.0084 
      HRV1C1 11 0.9915 0.0085 
      HRV1CL 11 0.9897 0.0103 
      HRV1E1 11 0.9903 0.0097 
      HRV1E7 11 0.9926 0.0074 
      HRV1EE 11 0.9933 0.0067 
      HRV1ET 11 0.9934 0.0066 
      h00111 12 0.9865 0.0135 
      h00211 12 0.9928 0.0072 
      h00311 12 0.9870 0.0130 
      h00411 12 0.9938 0.0062 
      h00511 12 0.9914 0.0086 
      h00611 12 0.9924 0.0076 
      h00711 12 0.9854 0.0146 
      h00811 12 0.9897 0.0103 
      h00911 12 0.9800 0.0200 
      h01011 12 0.9913 0.0087 
      h01111 12 0.9908 0.0092 
      h01211 12 0.9935 0.0065 
      h01311 12 0.9876 0.0124 
      h01411 12 0.9890 0.0110 
      h01511 12 0.9891 0.0109 
      h01611 12 0.9876 0.0124 
      h01711 12 0.9843 0.0157 
      h01811 12 0.9382 0.0618 
      h01911 12 0.9350 0.0650 
      h02011 12 0.9862 0.0138 
      h02111 12 0.9919 0.0081 
      h02211 12 0.9903 0.0097 
      h02311 12 0.9908 0.0092 
      h02411 12 0.9933 0.0067 
      h02511 12 0.9897 0.0103 
      h02611 12 0.9911 0.0089 
      h02711 12 0.9929 0.0071 
      h02811 12 0.9905 0.0095 
      h02911 12 0.9862 0.0138 
      h03011 12 0.9667 0.0333 
      h03111 12 0.9810 0.0190 
      h03211 12 0.9512 0.0488 
      h03311 12 0.9936 0.0064 
      h03411 12 0.9922 0.0078 
      h03511 12 0.9850 0.0150 
      h03611 12 0.9928 0.0072 
      h03711 12 0.9806 0.0194 
      h03811 12 0.9914 0.0086 
      h03911 12 0.9911 0.0089 
      h04011 12 0.9814 0.0186 
      h04111 12 0.9887 0.0113 
      h04211 12 0.9899 0.0101 
      h04311 12 0.9906 0.0094 
      h04411 12 0.9871 0.0129 
      h04511 12 0.9927 0.0073 
      h04611 12 0.9842 0.0158 
      h04711 12 0.9880 0.0120 
      h04811 12 0.9932 0.0068 
      h04911 12 0.9922 0.0078 
      h05011 12 0.9835 0.0165 
      h05111 12 0.9912 0.0088 
      h05211 12 0.9873 0.0127 
      h05311 12 0.9873 0.0127 
      h05411 12 0.9912 0.0088 
      h05511 12 0.9897 0.0103 
      h05611 12 0.9913 0.0087 
      h05711 12 0.9918 0.0082 
      h05811 12 0.9910 0.0090 
      h05911 12 0.9865 0.0135 
      h06011 12 0.9881 0.0119 
      h06111 12 0.9922 0.0078 
      h06211 12 0.9933 0.0067 
      h06311 12 0.9914 0.0086 
      h06411 12 0.9898 0.0102 
      h06511 12 0.9932 0.0068 
      h06611 12 0.9839 0.0161 
      h06711 12 0.9921 0.0079 
      h06811 12 0.9825 0.0175 
      h06911 12 0.9886 0.0114 
      h07011 12 0.9893 0.0107 
      h07111 12 0.9863 0.0137 
      h07211 12 0.9926 0.0074 
      h07311 12 0.9787 0.0213 
      h07411 12 0.9919 0.0081 
      h07511 12 0.9846 0.0154 
      h07611 12 0.9930 0.0070 
      h07711 12 0.9926 0.0074 
      h07811 12 0.9930 0.0070 
      h07911 12 0.9928 0.0072 
      h08011 12 0.9935 0.0065 
      h08111 12 0.9875 0.0125 
      h08211 12 0.9924 0.0076 
      h08311 12 0.9872 0.0128 
      h08411 12 0.9864 0.0136 
      h08511 12 0.9878 0.0122 
      h08611 12 0.9939 0.0061 
      h08711 12 0.9893 0.0107 
      h08811 12 0.9917 0.0083 
      h08911 12 0.9934 0.0066 
      h09011 12 0.9638 0.0362 
      h09111 12 0.9948 0.0052 
      h09211 12 0.9933 0.0067 
      h09311 12 0.9878 0.0122 
      h09411 12 0.9885 0.0115 
      h09511 12 0.9886 0.0114 
      h09611 12 0.9761 0.0239 
      h09711 12 0.9908 0.0092 
      h09811 12 0.9874 0.0126 
      h09911 12 0.9884 0.0116 
      h10011 12 0.9890 0.0110 
       h1011 12 0.9867 0.0133 
       h1021 12 0.9837 0.0163 
       h1031 12 0.9923 0.0077 
       h1041 12 0.9917 0.0083 
       h1051 12 0.9870 0.0130 
       h1061 12 0.9888 0.0112 
       h1071 12 0.9679 0.0321 
       h1081 12 0.9771 0.0229 
       h1091 12 0.9856 0.0144 
       h1101 12 0.9906 0.0094 
       h1111 12 0.9876 0.0124 
       h1121 12 0.9887 0.0113 
       h1131 12 0.9887 0.0113 
       h1141 12 0.9741 0.0259 
       h1151 12 0.9722 0.0278 
       h1161 12 0.9882 0.0118 
       h1171 12 0.9845 0.0155 
       h1181 12 0.9839 0.0161 
       h1191 12 0.9802 0.0198 
       h1201 12 0.9912 0.0088 
       h1211 12 0.9876 0.0124 
       h1221 12 0.9907 0.0093 
       h1231 12 0.9838 0.0162 
       h1241 12 0.9921 0.0079 
       h1251 12 0.9824 0.0176 
       h1261 12 0.9911 0.0089 
       h1271 12 0.9911 0.0089 
       h1281 12 0.9899 0.0101 
       h1291 12 0.9922 0.0078 
       h1301 12 0.9934 0.0066 
       h1311 12 0.9934 0.0066 
       h1321 12 0.9930 0.0070 
       h1331 12 0.9882 0.0118 
       h1341 12 0.9928 0.0072 
       h1351 12 0.9844 0.0156 
       h1361 12 0.9751 0.0249 
       h1371 12 0.9888 0.0112 
       h1381 12 0.9830 0.0170 
       h1391 12 0.9932 0.0068 
       h1401 12 0.9917 0.0083 
       h1411 12 0.9928 0.0072 
       h1421 12 0.9904 0.0096 
       h1431 12 0.9910 0.0090 
       h1441 12 0.9862 0.0138 
       h1451 12 0.9885 0.0115 
       h1461 12 0.9851 0.0149 
       h1471 12 0.9908 0.0092 
       h1481 12 0.9911 0.0089 
       h1491 12 0.9922 0.0078 
       h1501 12 0.9897 0.0103 
       h1511 12 0.9640 0.0360 
       h1521 12 0.9798 0.0202 
       h1531 12 0.9926 0.0074 
       h1541 12 0.9656 0.0344 
       h1551 12 0.9837 0.0163 
       h1561 12 0.9889 0.0111 
       h1571 12 0.9781 0.0219 
       h1581 12 0.9889 0.0111 
       h1591 12 0.9925 0.0075 
       h1601 12 0.9462 0.0538 
       h1611 12 0.9748 0.0252 
       h1621 12 0.9771 0.0229 
       h1631 12 0.9620 0.0380 
       h1641 12 0.9897 0.0103 
       h1651 12 0.9899 0.0101 
       h1661 12 0.9890 0.0110 
       h1671 12 0.9910 0.0090 
       h1681 12 0.9857 0.0143 
       h1691 12 0.9888 0.0112 
       h1701 12 0.9910 0.0090 
       h1711 12 0.9734 0.0266 
       h1721 12 0.9928 0.0072 
       h1731 12 0.9855 0.0145 
       h1741 12 0.9901 0.0099 
       h1751 12 0.9919 0.0081 
       h1761 12 0.9896 0.0104 
       h1771 12 0.9931 0.0069 
       h1781 12 0.9926 0.0074 
       h1791 12 0.9884 0.0116 
       h1801 12 0.9933 0.0067 
       h1811 12 0.9942 0.0058 
       h1821 12 0.9892 0.0108 
       h1831 12 0.9518 0.0482 
       h1841 12 0.9921 0.0079 
       h1851 12 0.9858 0.0142 
       h1861 12 0.9931 0.0069 
       h1871 12 0.9841 0.0159 
       h1881 12 0.9884 0.0116 
       h1891 12 0.9806 0.0194 
       h1901 12 0.9905 0.0095 
       h1911 12 0.9821 0.0179 
       h1921 12 0.9840 0.0160 
       h1931 12 0.9900 0.0100 
       h1941 12 0.9816 0.0184 
       h1951 12 0.9884 0.0116 
       h1961 12 0.9930 0.0070 
       h1971 12 0.9850 0.0150 
       h1981 12 0.9916 0.0084 
       h1991 12 0.9919 0.0081 
       h2001 12 0.9916 0.0084 
       h2011 12 0.9911 0.0089 
       h2021 12 0.9882 0.0118 
       h2031 12 0.9834 0.0166 
       h2041 12 0.9898 0.0102 
       h2051 12 0.9916 0.0084 
       h2061 12 0.9923 0.0077 
       h2071 12 0.9878 0.0122 
       h2081 12 0.9853 0.0147 
       h2091 12 0.9882 0.0118 
       h2101 12 0.9930 0.0070 
       h2111 12 0.9806 0.0194 
       h2121 12 0.9901 0.0099 
       h2131 12 0.9924 0.0076 
       h2141 12 0.9873 0.0127 
       h2151 12 0.9900 0.0100 
       h2161 12 0.9933 0.0067 
       h2171 12 0.9906 0.0094 
       h2181 12 0.9901 0.0099 
       h2191 12 0.9895 0.0105 
       h2201 12 0.9769 0.0231 
       h2211 12 0.9838 0.0162 
       h2221 12 0.9902 0.0098 
       h2231 12 0.9404 0.0596 
       h2241 12 0.9922 0.0078 
       h2251 12 0.9511 0.0489 
       h2261 12 0.9867 0.0133 
       h2271 12 0.9942 0.0058 
       h2281 12 0.9903 0.0097 
       h2291 12 0.9878 0.0122 
       h2301 12 0.9864 0.0136 
       h2311 12 0.9930 0.0070 
       h2321 12 0.9922 0.0078 
       h2331 12 0.9695 0.0305 
       h2341 12 0.9865 0.0135 
       h2351 12 0.9857 0.0143 
       h2361 12 0.9934 0.0066 
       h2371 12 0.9906 0.0094 
       h2381 12 0.9768 0.0232 
       h2391 12 0.9922 0.0078 
       h2401 12 0.9919 0.0081 
       h2411 12 0.9769 0.0231 
       h2421 12 0.9921 0.0079 
       h2431 12 0.9745 0.0255 
       h2441 12 0.9920 0.0080 
       h2451 12 0.9720 0.0280 
       h2461 12 0.9893 0.0107 
       h2471 12 0.9899 0.0101 
       h2481 12 0.9763 0.0237 
       h2491 12 0.9908 0.0092 
       h2501 12 0.9755 0.0245 
       h2511 12 0.9837 0.0163 
       h2521 12 0.9900 0.0100 
       h2531 12 0.9888 0.0112 
       h2541 12 0.9924 0.0076 
       h2551 12 0.9924 0.0076 
       h2561 12 0.9905 0.0095 
       h2571 12 0.9921 0.0079 
       h2581 12 0.9816 0.0184 
       h2591 12 0.9876 0.0124 
       h2601 12 0.9855 0.0145 
