       M1EL5  1 0.9745 0.0255 
       W26T6  1 0.9323 0.0677 
       W26XX  1 0.9803 0.0197 
       M013P  1 0.9748 0.0252 
       M1ELA  1 0.9345 0.0655 
       M2C73  1 0.9769 0.0231 
       W23P4  1 0.9574 0.0426 
       W247C  1 0.9754 0.0246 
       W24K1  1 0.9792 0.0208 
       W24ME  1 0.9592 0.0408 
       W2514  1 0.9751 0.0249 
       W26MA  1 0.9562 0.0438 
       W26MM  1 0.9633 0.0367 
       W26MU  1 0.9734 0.0266 
       W26P0  1 0.9793 0.0207 
       W26P3  1 0.9811 0.0189 
       W26T5  1 0.9822 0.0178 
       W26TE  1 0.9614 0.0386 
       W26TF  1 0.9565 0.0435 
       W26U8  1 0.9493 0.0507 
       W26UJ  1 0.9740 0.0260 
       W26UK  1 0.9854 0.0146 
       W26UT  1 0.9834 0.0166 
       W26XT  1 0.9643 0.0357 
      CC06H2  1 0.9577 0.0423 
      CC06H4  1 0.9625 0.0375 
      CC06H5  1 0.9660 0.0340 
      CC06H6  1 0.9848 0.0152 
      CC06HE  1 0.9782 0.0218 
      CC06HF  1 0.9482 0.0518 
      CC06HH  1 0.9812 0.0188 
      CC06HJ  1 0.9713 0.0287 
      CC06HL  1 0.9822 0.0178 
      CC06HP  1 0.9822 0.0178 
      CC06HT  1 0.9588 0.0412 
      CC06HU  1 0.9721 0.0279 
      CC06HY  1 0.9624 0.0376 
      CC06J0  1 0.9583 0.0417 
      CC06J1  1 0.9697 0.0303 
      CC06J2  1 0.9698 0.0302 
     CT.0YCY  1 0.9757 0.0243 
     CT.0YEC  1 0.9824 0.0176 
     CT.0YEF  1 0.9820 0.0180 
     CT.0YEU  1 0.9849 0.0151 
     CT.0YF2  1 0.9722 0.0278 
     CT.0YF8  1 0.9862 0.0138 
     CT.0YFA  1 0.9847 0.0153 
     CT.0YFE  1 0.9767 0.0233 
     CT.0YFP  1 0.9607 0.0393 
     CT.0YFU  1 0.9757 0.0243 
     CT.0YK7  1 0.9646 0.0354 
     CX.10PT  1 0.9163 0.0837 
      DAM021  1 0.9765 0.0235 
      DAM034  1 0.9845 0.0155 
      DAM07X  1 0.9799 0.0201 
     EF.15J6  1 0.9792 0.0208 
      HRV010  1 0.9630 0.0370 
      HRV02J  1 0.9675 0.0325 
      HRV078  1 0.9703 0.0297 
      HRV0FH  1 0.9788 0.0212 
      HRV0H5  1 0.9735 0.0265 
      HRV0JF  1 0.9776 0.0224 
      HRV0JJ  1 0.9743 0.0257 
      HRV0JM  1 0.9794 0.0206 
      HRV0K6  1 0.9316 0.0684 
      HRV0K7  1 0.9813 0.0187 
      HRV0KP  1 0.9376 0.0624 
      HRV1AX  1 0.9732 0.0268 
      HRV1C4  1 0.9841 0.0159 
      HRV1CH  1 0.9746 0.0254 
      HRV1FA  1 0.9719 0.0281 
      HRV1FK  1 0.9473 0.0527 
      HRV1H8  1 0.9812 0.0188 
      HRV1HT  1 0.9619 0.0381 
      HRV1XU  1 0.9302 0.0698 
      HRV4TF  1 0.9758 0.0242 
      HRV6F0  1 0.9710 0.0290 
      HRVE6L  1 0.9645 0.0355 
       M27HM  1 0.9797 0.0203 
       M27HP  1 0.9803 0.0197 
       M2AK4  1 0.9762 0.0238 
       M2ALA  1 0.9807 0.0193 
       M2C56  1 0.9729 0.0271 
       M2CUX  1 0.9719 0.0281 
       M2E24  1 0.9830 0.0170 
       M2EA7  1 0.9769 0.0231 
       M2EH6  1 0.9804 0.0196 
       M2EKC  1 0.9451 0.0549 
      MSV083  1 0.9199 0.0801 
      MSV084  1 0.9755 0.0245 
      MSV0LJ  1 0.9710 0.0290 
      MSV1H5  1 0.9787 0.0213 
      MSV1KM  1 0.9816 0.0184 
      MSV23F  1 0.9436 0.0564 
      MSV2L8  1 0.9700 0.0300 
      MSV2P7  1 0.9772 0.0228 
      MSV2TJ  1 0.9824 0.0176 
      MSV2XM  1 0.9630 0.0370 
      MSV327  1 0.9703 0.0297 
      MSV33L  1 0.9843 0.0157 
        h001  2 0.9195 0.0805 
        h002  2 0.9629 0.0371 
        h003  2 0.9272 0.0728 
        h004  2 0.8360 0.1640 
        h005  2 0.9150 0.0850 
        h006  2 0.9555 0.0445 
        h007  2 0.8916 0.1084 
        h008  2 0.9467 0.0533 
        h009  2 0.8564 0.1436 
        h010  2 0.9607 0.0393 
        h011  2 0.9377 0.0623 
        h012  2 0.9542 0.0458 
        h013  2 0.9363 0.0637 
        h014  2 0.9030 0.0970 
        h015  2 0.8440 0.1560 
        h016  2 0.9211 0.0789 
        h017  2 0.9728 0.0272 
        h018  2 0.8916 0.1084 
        h019  2 0.9314 0.0686 
        h020  2 0.8972 0.1028 
        h021  2 0.9676 0.0324 
        h022  2 0.9485 0.0515 
        h023  2 0.7944 0.2056 
        h024  2 0.7898 0.2102 
        h025  2 0.9535 0.0465 
        h026  2 0.8352 0.1648 
        h027  2 0.9212 0.0788 
        h028  2 0.7816 0.2184 
        h029  2 0.9640 0.0360 
        h030  2 0.9550 0.0450 
        h031  2 0.9554 0.0446 
        h032  2 0.9010 0.0990 
        h033  2 0.9435 0.0565 
        h034  2 0.9264 0.0736 
        h035  2 0.9737 0.0263 
        h036  2 0.9695 0.0305 
        h037  2 0.9558 0.0442 
        h038  2 0.9179 0.0821 
        h039  2 0.9791 0.0209 
        h040  2 0.8151 0.1849 
        h041  2 0.9748 0.0252 
        h042  2 0.9642 0.0358 
        h043  2 0.9352 0.0648 
        h044  2 0.7439 0.2561 
        h045  2 0.9646 0.0354 
        h046  2 0.9621 0.0379 
        h047  2 0.8596 0.1404 
        h048  2 0.8911 0.1089 
        h049  2 0.9606 0.0394 
        h050  2 0.9414 0.0586 
        h051  2 0.8399 0.1601 
        h052  2 0.9348 0.0652 
        h053  2 0.9313 0.0687 
        h054  2 0.9588 0.0412 
        h055  2 0.9601 0.0399 
        h056  2 0.9035 0.0965 
        h057  2 0.8569 0.1431 
        h058  2 0.8871 0.1129 
        h059  2 0.9667 0.0333 
        h060  2 0.8695 0.1305 
        h061  2 0.9128 0.0872 
        h062  2 0.9698 0.0302 
        h063  2 0.9630 0.0370 
        h064  2 0.9712 0.0288 
        h065  2 0.9783 0.0217 
        h066  2 0.8175 0.1825 
        h067  2 0.7642 0.2358 
        h068  2 0.8141 0.1859 
        h069  2 0.9264 0.0736 
        h070  2 0.9494 0.0506 
        h071  2 0.8524 0.1476 
        h072  2 0.8560 0.1440 
        h073  2 0.8907 0.1093 
        h074  2 0.8600 0.1400 
        h075  2 0.8605 0.1395 
        h076  2 0.9511 0.0489 
        h077  2 0.9625 0.0375 
        h078  2 0.8739 0.1261 
        h079  2 0.9760 0.0240 
        h080  2 0.9463 0.0537 
        h081  2 0.9409 0.0591 
        h082  2 0.9731 0.0269 
        h083  2 0.8964 0.1036 
        h084  2 0.9551 0.0449 
        h085  2 0.9836 0.0164 
        h086  2 0.9397 0.0603 
        h087  2 0.9859 0.0141 
        h088  2 0.8169 0.1831 
        h089  2 0.9644 0.0356 
        h090  2 0.9812 0.0188 
        h091  2 0.9580 0.0420 
        h092  2 0.9462 0.0538 
        h093  2 0.7978 0.2022 
        h094  2 0.8451 0.1549 
        h095  2 0.9487 0.0513 
        h096  2 0.6933 0.3067 
        h097  2 0.9600 0.0400 
        h098  2 0.8886 0.1114 
        h099  2 0.9509 0.0491 
        h100  2 0.7652 0.2348 
       h0011  3 0.9411 0.0589 
       h0021  3 0.8909 0.1091 
       h0031  3 0.5914 0.4086 
       h0041  3 0.7586 0.2414 
       h0051  3 0.8541 0.1459 
       h0061  3 0.8512 0.1488 
       h0071  3 0.4771 0.5229 
       h0081  3 0.7900 0.2100 
       h0091  3 0.9336 0.0664 
       h0101  3 0.8785 0.1215 
       h0111  3 0.7274 0.2726 
       h0121  3 0.8616 0.1384 
       h0131  3 0.8317 0.1683 
       h0141  3 0.8479 0.1521 
       h0151  3 0.8379 0.1621 
       h0161  3 0.8355 0.1645 
       h0171  3 0.7853 0.2147 
       h0181  3 0.7571 0.2429 
       h0191  3 0.9412 0.0588 
       h0201  3 0.8537 0.1463 
       h0211  3 0.8946 0.1054 
       h0221  3 0.8417 0.1583 
       h0231  3 0.8379 0.1621 
       h0241  3 0.7795 0.2205 
       h0251  3 0.7800 0.2200 
       h0261  3 0.8557 0.1443 
       h0271  3 0.9827 0.0173 
       h0281  3 0.8178 0.1822 
       h0291  3 0.7608 0.2392 
       h0301  3 0.7598 0.2402 
       h0311  3 0.9586 0.0414 
       h0321  3 0.9419 0.0581 
       h0331  3 0.8279 0.1721 
       h0341  3 0.7377 0.2623 
       h0351  3 0.8860 0.1140 
       h0361  3 0.8400 0.1600 
       h0371  3 0.8010 0.1990 
       h0381  3 0.7153 0.2847 
       h0391  3 0.6705 0.3295 
       h0401  3 0.8929 0.1071 
       h0411  3 0.8135 0.1865 
       h0421  3 0.8890 0.1110 
       h0431  3 0.9645 0.0355 
       h0441  3 0.8433 0.1567 
       h0451  3 0.6333 0.3667 
       h0461  3 0.8508 0.1492 
       h0471  3 0.8125 0.1875 
       h0481  3 0.7615 0.2385 
       h0491  3 0.6505 0.3495 
       h0501  3 0.8765 0.1235 
       h0511  3 0.8118 0.1882 
       h0521  3 0.9058 0.0942 
       h0531  3 0.9328 0.0672 
       h0541  3 0.6543 0.3457 
       h0551  3 0.8042 0.1958 
       h0561  3 0.8871 0.1129 
       h0571  3 0.7900 0.2100 
       h0581  3 0.7619 0.2381 
       h0591  3 0.7553 0.2447 
       h0601  3 0.8459 0.1541 
       h0611  3 0.8368 0.1632 
       h0621  3 0.6872 0.3128 
       h0631  3 0.7758 0.2242 
       h0641  3 0.7584 0.2416 
       h0651  3 0.8210 0.1790 
       h0661  3 0.7717 0.2283 
       h0671  3 0.9692 0.0308 
       h0681  3 0.7006 0.2994 
       h0691  3 0.7744 0.2256 
       h0701  3 0.8439 0.1561 
       h0711  3 0.7352 0.2648 
       h0721  3 0.9262 0.0738 
       h0731  3 0.9116 0.0884 
       h0741  3 0.8693 0.1307 
       h0751  3 0.7573 0.2427 
       h0761  3 0.6529 0.3471 
       h0771  3 0.6492 0.3508 
       h0781  3 0.6067 0.3933 
       h0791  3 0.7737 0.2263 
       h0801  3 0.6634 0.3366 
       h0811  3 0.9706 0.0294 
       h0821  3 0.7231 0.2769 
       h0831  3 0.7567 0.2433 
       h0841  3 0.9067 0.0933 
       h0851  3 0.6833 0.3167 
       h0861  3 0.9603 0.0397 
       h0871  3 0.6888 0.3112 
       h0881  3 0.7748 0.2252 
       h0891  3 0.8048 0.1952 
       h0901  3 0.6231 0.3769 
       h0911  3 0.9109 0.0891 
       h0921  3 0.9546 0.0454 
       h0931  3 0.8058 0.1942 
       h0941  3 0.8388 0.1612 
       h0951  3 0.8716 0.1284 
       h0961  3 0.9450 0.0550 
       h0971  3 0.8109 0.1891 
       h0981  3 0.7518 0.2482 
       h0991  3 0.8710 0.1290 
       h1001  3 0.6334 0.3666 
       h0012  4 0.5568 0.4432 
       h0022  4 0.4696 0.5304 
       h0032  4 0.2068 0.7932 
       h0042  4 0.4566 0.5434 
       h0052  4 0.4188 0.5812 
       h0062  4 0.4691 0.5309 
       h0072  4 0.5259 0.4741 
       h0082  4 0.6118 0.3882 
       h0092  4 0.5478 0.4522 
       h0102  4 0.5524 0.4476 
       h0112  4 0.4502 0.5498 
       h0122  4 0.3763 0.6237 
       h0132  4 0.4508 0.5492 
       h0142  4 0.6223 0.3777 
       h0152  4 0.5430 0.4570 
       h0162  4 0.6236 0.3764 
       h0172  4 0.5909 0.4091 
       h0182  4 0.4753 0.5247 
       h0192  4 0.5331 0.4669 
       h0202  4 0.3811 0.6189 
       h0212  4 0.6484 0.3516 
       h0222  4 0.5204 0.4796 
       h0232  4 0.3924 0.6076 
       h0242  4 0.5313 0.4687 
       h0252  4 0.6348 0.3652 
       h0262  4 0.4643 0.5357 
       h0272  4 0.5374 0.4626 
       h0282  4 0.6153 0.3847 
       h0292  4 0.4908 0.5092 
       h0302  4 0.5279 0.4721 
       h0312  4 0.4483 0.5517 
       h0322  4 0.3676 0.6324 
       h0332  4 0.6008 0.3992 
       h0342  4 0.6161 0.3839 
       h0352  4 0.5375 0.4625 
       h0362  4 0.5425 0.4575 
       h0372  4 0.4733 0.5267 
       h0382  4 0.5880 0.4120 
       h0392  4 0.5544 0.4456 
       h0402  4 0.5296 0.4704 
       h0412  4 0.6638 0.3362 
       h0422  4 0.4881 0.5119 
       h0432  4 0.6289 0.3711 
       h0442  4 0.4684 0.5316 
       h0452  4 0.3681 0.6319 
       h0462  4 0.5454 0.4546 
       h0472  4 0.6213 0.3787 
       h0482  4 0.6754 0.3246 
       h0492  4 0.4558 0.5442 
       h0502  4 0.4781 0.5219 
       h0512  4 0.4935 0.5065 
       h0522  4 0.6951 0.3049 
       h0532  4 0.5190 0.4810 
       h0542  4 0.3550 0.6450 
       h0552  4 0.5894 0.4106 
       h0562  4 0.4251 0.5749 
       h0572  4 0.6346 0.3654 
       h0582  4 0.5362 0.4638 
       h0592  4 0.5855 0.4145 
       h0602  4 0.5767 0.4233 
       h0612  4 0.4857 0.5143 
       h0622  4 0.5809 0.4191 
       h0632  4 0.5633 0.4367 
       h0642  4 0.4755 0.5245 
       h0652  4 0.5329 0.4671 
       h0662  4 0.4897 0.5103 
       h0672  4 0.5839 0.4161 
       h0682  4 0.5505 0.4495 
       h0692  4 0.5967 0.4033 
       h0702  4 0.5426 0.4574 
       h0712  4 0.5111 0.4889 
       h0722  4 0.4547 0.5453 
       h0732  4 0.5028 0.4972 
       h0742  4 0.5468 0.4532 
       h0752  4 0.5937 0.4063 
       h0762  4 0.5422 0.4578 
       h0772  4 0.5084 0.4916 
       h0782  4 0.5641 0.4359 
       h0792  4 0.6084 0.3916 
       h0802  4 0.4415 0.5585 
       h0812  4 0.5768 0.4232 
       h0822  4 0.3596 0.6404 
       h0832  4 0.3626 0.6374 
       h0842  4 0.3959 0.6041 
       h0852  4 0.6775 0.3225 
       h0862  4 0.5603 0.4397 
       h0872  4 0.5445 0.4555 
       h0882  4 0.5579 0.4421 
       h0892  4 0.4979 0.5021 
       h0902  4 0.4836 0.5164 
       h0912  4 0.5063 0.4937 
       h0922  4 0.3335 0.6665 
       h0932  4 0.4756 0.5244 
       h0942  4 0.5107 0.4893 
       h0952  4 0.5455 0.4545 
       h0962  4 0.6291 0.3709 
       h0972  4 0.4439 0.5561 
       h0982  4 0.5650 0.4350 
       h0992  4 0.5021 0.4979 
       h1002  4 0.5940 0.4060 
       h0013  5 0.1272 0.8728 
       h0023  5 0.1495 0.8505 
       h0033  5 0.2802 0.7198 
       h0043  5 0.2682 0.7318 
       h0053  5 0.3067 0.6933 
       h0063  5 0.1367 0.8633 
       h0073  5 0.0653 0.9347 
       h0083  5 0.1268 0.8732 
       h0093  5 0.1602 0.8398 
       h0103  5 0.3572 0.6428 
       h0113  5 0.3517 0.6483 
       h0123  5 0.1713 0.8287 
       h0133  5 0.2640 0.7360 
       h0143  5 0.1996 0.8004 
       h0153  5 0.1315 0.8685 
       h0163  5 0.2150 0.7850 
       h0173  5 0.1659 0.8341 
       h0183  5 0.2552 0.7448 
       h0193  5 0.1067 0.8933 
       h0203  5 0.2952 0.7048 
       h0213  5 0.3738 0.6262 
       h0223  5 0.0987 0.9013 
       h0233  5 0.3128 0.6872 
       h0243  5 0.3549 0.6451 
       h0253  5 0.0776 0.9224 
       h0263  5 0.2852 0.7148 
       h0273  5 0.2734 0.7266 
       h0283  5 0.4174 0.5826 
       h0293  5 0.2026 0.7974 
       h0303  5 0.2850 0.7150 
       h0313  5 0.3944 0.6056 
       h0323  5 0.2244 0.7756 
       h0333  5 0.2405 0.7595 
       h0343  5 0.3467 0.6533 
       h0353  5 0.4006 0.5994 
       h0363  5 0.2343 0.7657 
       h0373  5 0.4012 0.5988 
       h0383  5 0.2280 0.7720 
       h0393  5 0.3505 0.6495 
       h0403  5 0.2736 0.7264 
       h0413  5 0.3218 0.6782 
       h0423  5 0.1102 0.8898 
       h0433  5 0.3826 0.6174 
       h0443  5 0.1580 0.8420 
       h0453  5 0.1393 0.8607 
       h0463  5 0.2827 0.7173 
       h0473  5 0.3634 0.6366 
       h0483  5 0.1662 0.8338 
       h0493  5 0.2563 0.7437 
       h0503  5 0.1641 0.8359 
       h0513  5 0.3959 0.6041 
       h0523  5 0.2091 0.7909 
       h0533  5 0.1110 0.8890 
       h0543  5 0.2202 0.7798 
       h0553  5 0.3255 0.6745 
       h0563  5 0.2801 0.7199 
       h0573  5 0.2449 0.7551 
       h0583  5 0.2126 0.7874 
       h0593  5 0.2107 0.7893 
       h0603  5 0.2157 0.7843 
       h0613  5 0.1534 0.8466 
       h0623  5 0.1724 0.8276 
       h0633  5 0.0895 0.9105 
       h0643  5 0.1155 0.8845 
       h0653  5 0.3436 0.6564 
       h0663  5 0.2128 0.7872 
       h0673  5 0.0672 0.9328 
       h0683  5 0.1578 0.8422 
       h0693  5 0.2140 0.7860 
       h0703  5 0.1847 0.8153 
       h0713  5 0.2818 0.7182 
       h0723  5 0.0894 0.9106 
       h0733  5 0.2644 0.7356 
       h0743  5 0.2478 0.7522 
       h0753  5 0.1743 0.8257 
       h0763  5 0.2166 0.7834 
       h0773  5 0.1644 0.8356 
       h0783  5 0.2485 0.7515 
       h0793  5 0.1278 0.8722 
       h0803  5 0.1749 0.8251 
       h0813  5 0.2838 0.7162 
       h0823  5 0.2356 0.7644 
       h0833  5 0.1648 0.8352 
       h0843  5 0.2769 0.7231 
       h0853  5 0.1357 0.8643 
       h0863  5 0.3133 0.6867 
       h0873  5 0.3383 0.6617 
       h0883  5 0.1022 0.8978 
       h0893  5 0.2505 0.7495 
       h0903  5 0.1996 0.8004 
       h0913  5 0.1263 0.8737 
       h0923  5 0.2973 0.7027 
       h0933  5 0.2784 0.7216 
       h0943  5 0.3759 0.6241 
       h0953  5 0.2635 0.7365 
       h0963  5 0.3674 0.6326 
       h0973  5 0.2987 0.7013 
       h0983  5 0.3071 0.6929 
       h0993  5 0.3438 0.6562 
       h1003  5 0.2465 0.7535 
       h0014  6 0.0358 0.9642 
       h0024  6 0.1568 0.8432 
       h0034  6 0.1318 0.8682 
       h0044  6 0.1241 0.8759 
       h0054  6 0.1232 0.8768 
       h0064  6 0.0193 0.9807 
       h0074  6 0.1228 0.8772 
       h0084  6 0.2081 0.7919 
       h0094  6 0.0312 0.9688 
       h0104  6 0.1030 0.8970 
       h0114  6 0.1534 0.8466 
       h0124  6 0.1567 0.8433 
       h0134  6 0.0386 0.9614 
       h0144  6 0.0897 0.9103 
       h0154  6 0.0307 0.9693 
       h0164  6 0.0976 0.9024 
       h0174  6 0.1583 0.8417 
       h0184  6 0.1794 0.8206 
       h0194  6 0.0436 0.9564 
       h0204  6 0.0397 0.9603 
       h0214  6 0.1339 0.8661 
       h0224  6 0.0276 0.9724 
       h0234  6 0.0739 0.9261 
       h0244  6 0.0310 0.9690 
       h0254  6 0.2115 0.7885 
       h0264  6 0.1037 0.8963 
       h0274  6 0.1103 0.8897 
       h0284  6 0.0177 0.9823 
       h0294  6 0.0368 0.9632 
       h0304  6 0.0346 0.9654 
       h0314  6 0.0447 0.9553 
       h0324  6 0.1575 0.8425 
       h0334  6 0.1419 0.8581 
       h0344  6 0.0795 0.9205 
       h0354  6 0.0354 0.9646 
       h0364  6 0.0464 0.9536 
       h0374  6 0.1351 0.8649 
       h0384  6 0.0562 0.9438 
       h0394  6 0.1016 0.8984 
       h0404  6 0.0557 0.9443 
       h0414  6 0.1175 0.8825 
       h0424  6 0.0293 0.9707 
       h0434  6 0.0189 0.9811 
       h0444  6 0.0298 0.9702 
       h0454  6 0.1702 0.8298 
       h0464  6 0.0465 0.9535 
       h0474  6 0.0366 0.9634 
       h0484  6 0.0691 0.9309 
       h0494  6 0.1837 0.8163 
       h0504  6 0.0703 0.9297 
       h0514  6 0.1510 0.8490 
       h0524  6 0.1029 0.8971 
       h0534  6 0.1974 0.8026 
       h0544  6 0.0829 0.9171 
       h0554  6 0.0635 0.9365 
       h0564  6 0.0367 0.9633 
       h0574  6 0.0311 0.9689 
       h0584  6 0.1473 0.8527 
       h0594  6 0.0362 0.9638 
       h0604  6 0.0233 0.9767 
       h0614  6 0.0379 0.9621 
       h0624  6 0.0500 0.9500 
       h0634  6 0.1419 0.8581 
       h0644  6 0.1527 0.8473 
       h0654  6 0.0401 0.9599 
       h0664  6 0.0687 0.9313 
       h0674  6 0.0435 0.9565 
       h0684  6 0.1561 0.8439 
       h0694  6 0.1162 0.8838 
       h0704  6 0.0354 0.9646 
       h0714  6 0.2036 0.7964 
       h0724  6 0.0827 0.9173 
       h0734  6 0.1116 0.8884 
       h0744  6 0.2567 0.7433 
       h0754  6 0.0950 0.9050 
       h0764  6 0.1378 0.8622 
       h0774  6 0.2386 0.7614 
       h0784  6 0.1303 0.8697 
       h0794  6 0.1703 0.8297 
       h0804  6 0.1291 0.8709 
       h0814  6 0.2789 0.7211 
       h0824  6 0.0241 0.9759 
       h0834  6 0.0616 0.9384 
       h0844  6 0.2261 0.7739 
       h0854  6 0.0371 0.9629 
       h0864  6 0.0777 0.9223 
       h0874  6 0.1139 0.8861 
       h0884  6 0.0375 0.9625 
       h0894  6 0.2981 0.7019 
       h0904  6 0.2247 0.7753 
       h0914  6 0.0988 0.9012 
       h0924  6 0.1736 0.8264 
       h0934  6 0.0357 0.9643 
       h0944  6 0.1342 0.8658 
       h0954  6 0.0398 0.9602 
       h0964  6 0.0901 0.9099 
       h0974  6 0.0232 0.9768 
       h0984  6 0.1525 0.8475 
       h0994  6 0.2330 0.7670 
       h1004  6 0.1477 0.8523 
     CK.0PLA  7 0.0236 0.9764 
     CK.0PLC  7 0.0379 0.9621 
     CK.0PLE  7 0.0175 0.9825 
     CK.0PLF  7 0.0516 0.9484 
     CK.0PLH  7 0.0188 0.9812 
     CK.0PLJ  7 0.0224 0.9776 
     CK.0PLK  7 0.0151 0.9849 
     CK.0PLL  7 0.0298 0.9702 
     CK.0PLM  7 0.0204 0.9796 
     CK.0PLP  7 0.0341 0.9659 
     CK.0PLT  7 0.0141 0.9859 
     CK.0PLU  7 0.0171 0.9829 
     CK.0PLX  7 0.0329 0.9671 
     CK.0PLY  7 0.0139 0.9861 
     CK.0PM0  7 0.0196 0.9804 
     CK.0PM1  7 0.0161 0.9839 
     CK.0PM2  7 0.0197 0.9803 
     CK.0PM3  7 0.0257 0.9743 
     CK.0PM4  7 0.0255 0.9745 
     CK.0PM7  7 0.0168 0.9832 
     CK.0PM8  7 0.0167 0.9833 
     CK.0PMA  7 0.0224 0.9776 
       M2C06  7 0.0154 0.9846 
       M2C07  7 0.0134 0.9866 
       M2C08  7 0.0133 0.9867 
       M2C0A  7 0.0170 0.9830 
       M2C0C  7 0.0161 0.9839 
       M2C0E  7 0.0170 0.9830 
         h01  8 0.0322 0.9678 
         h02  8 0.0167 0.9833 
         h03  8 0.0180 0.9820 
         h04  8 0.0160 0.9840 
         h05  8 0.0215 0.9785 
         h06  8 0.0200 0.9800 
         h07  8 0.0190 0.9810 
         h08  8 0.0166 0.9834 
         h09  8 0.0153 0.9847 
         h10  8 0.0223 0.9777 
         h11  8 0.0145 0.9855 
         h12  8 0.0163 0.9837 
         h13  8 0.0244 0.9756 
         h14  8 0.0221 0.9779 
         h15  8 0.0222 0.9778 
         h16  8 0.0171 0.9829 
         h17  8 0.0210 0.9790 
         h18  8 0.0183 0.9817 
         h19  8 0.0193 0.9807 
         h20  8 0.0146 0.9854 
         h21  8 0.0167 0.9833 
         h22  8 0.0204 0.9796 
         h23  8 0.0207 0.9793 
         h24  8 0.0206 0.9794 
         h25  8 0.0152 0.9848 
         h26  8 0.0275 0.9725 
         h27  8 0.0158 0.9842 
         h28  8 0.0150 0.9850 
         h29  8 0.0138 0.9862 
         h30  8 0.0219 0.9781 
         h31  8 0.0196 0.9804 
         h32  8 0.0217 0.9783 
         h33  8 0.0375 0.9625 
         h34  8 0.0155 0.9845 
         h35  8 0.0224 0.9776 
         h36  8 0.0170 0.9830 
         h37  8 0.0123 0.9877 
         h38  8 0.0418 0.9582 
         h39  8 0.0293 0.9707 
         h40  8 0.0190 0.9810 
         h41  8 0.0233 0.9767 
         h42  8 0.0149 0.9851 
         h43  8 0.0424 0.9576 
         h44  8 0.0206 0.9794 
         h45  8 0.0162 0.9838 
         h46  8 0.0155 0.9845 
         h47  8 0.0302 0.9698 
         h48  8 0.0272 0.9728 
         h49  8 0.0262 0.9738 
         h50  8 0.0247 0.9753 
         h51  8 0.0230 0.9770 
         h52  8 0.0239 0.9761 
         h53  8 0.0163 0.9837 
         h54  8 0.0154 0.9846 
         h55  8 0.0159 0.9841 
         h56  8 0.0205 0.9795 
         h57  8 0.0198 0.9802 
         h58  8 0.0135 0.9865 
         h59  8 0.0207 0.9793 
         h60  8 0.0193 0.9807 
         h61  8 0.0346 0.9654 
         h62  8 0.0158 0.9842 
         h63  8 0.0145 0.9855 
         h64  8 0.0166 0.9834 
         h65  8 0.0169 0.9831 
         h66  8 0.0139 0.9861 
         h67  8 0.0194 0.9806 
         h68  8 0.0328 0.9672 
         h69  8 0.0137 0.9863 
         h70  8 0.0164 0.9836 
         h71  8 0.0160 0.9840 
         h72  8 0.0210 0.9790 
