1:	0.9823 0.0060 0.0038 0.0035 0.0044 	100
2:	0.9830 0.0047 0.0041 0.0039 0.0044 	250
3:	0.4393 0.0056 0.5036 0.0129 0.0386 	6
4:	0.0474 0.0117 0.8491 0.0024 0.0895 	2
5:	0.0546 0.0117 0.8966 0.0114 0.0258 	42
6:	0.0030 0.0145 0.9366 0.0299 0.0159 	105
7:	0.0069 0.0060 0.9619 0.0122 0.0131 	240
8:	0.0070 0.0124 0.8465 0.0082 0.1260 	68
9:	0.0037 0.0085 0.7925 0.0044 0.1910 	31
10:	0.0039 0.0052 0.7948 0.0052 0.1909 	125
11:	0.0062 0.0139 0.7711 0.0045 0.2042 	53
12:	0.0048 0.0126 0.7728 0.0047 0.2051 	125
13:	0.0017 0.0020 0.0028 0.9912 0.0022 	28
14:	0.0017 0.0020 0.0023 0.9918 0.0023 	300
15:	0.0017 0.9895 0.0023 0.0023 0.0042 	27
16:	0.0017 0.9915 0.0020 0.0021 0.0028 	300
17:	0.0022 0.0063 0.0051 0.0043 0.9821 	40
18:	0.0022 0.0048 0.0044 0.0054 0.9832 	300
