1:	0.9767 0.0069 0.0041 0.0037 0.0045 0.0040 	100
2:	0.9801 0.0041 0.0041 0.0034 0.0043 0.0039 	250
3:	0.3961 0.0039 0.5587 0.0075 0.0256 0.0082 	6
4:	0.0492 0.0150 0.8589 0.0020 0.0624 0.0125 	2
5:	0.0426 0.0138 0.9068 0.0068 0.0168 0.0132 	42
6:	0.0029 0.0169 0.9246 0.0237 0.0151 0.0168 	105
7:	0.0063 0.0061 0.9284 0.0077 0.0077 0.0439 	240
8:	0.0098 0.0148 0.4058 0.0089 0.0406 0.5202 	68
9:	0.0031 0.0046 0.0101 0.0047 0.0057 0.9718 	31
10:	0.0030 0.0040 0.0113 0.0052 0.0051 0.9713 	125
11:	0.0035 0.0087 0.0094 0.0040 0.0094 0.9650 	53
12:	0.0030 0.0083 0.0069 0.0038 0.0080 0.9701 	125
13:	0.0018 0.0020 0.0026 0.9892 0.0022 0.0023 	28
14:	0.0016 0.0019 0.0023 0.9901 0.0021 0.0020 	300
15:	0.0016 0.9871 0.0020 0.0022 0.0042 0.0029 	27
16:	0.0016 0.9894 0.0019 0.0020 0.0030 0.0021 	300
17:	0.0024 0.0069 0.0053 0.0040 0.9755 0.0059 	40
18:	0.0021 0.0050 0.0038 0.0043 0.9804 0.0043 	300
