Cl147 Cl233 Cl264 Cl274 Cl285 Cl291 Cl308 Cl330 Cl344 Cl366 Cl375 Cl408 Cl507 Cl527 Cl380 Lup02 Lup13 Lup20 Lup21 Lup23 
M1EL5 1 45 45 63 85 65 65 61 61 75 75 641 72 72 72 52 601 56 60 80 80 491 53 62 74 70 94 62 622 671 672 56 60 57 61 -9 -9 41 41 59 63
W26T6 1 69 73 73 79 651 651 57 65 71 71 682 801 64 68 -9 -9 56 56 80 80 491 612 50 58 70 74 461 82 672 751 52 52 61 61 56 601 41 57 63 63
W26XX 1 45 73 71 77 651 691 61 57 631 67 681 76 103 103 52 40 56 60 92 92 53 53 62 62 54 82 661 70 71 79 56 52 61 61 -9 -9 57 57 59 59
M013P 1 73 77 63 75 651 651 61 65 63 79 76 722 72 72 52 72 56 60 76 76 53 57 66 66 94 90 661 581 71 79 56 56 61 61 56 56 41 53 63 63
M1ELA 1 73 73 73 67 691 57 61 61 71 79 601 80 64 64 52 56 48 76 80 76 53 53 66 70 70 90 701 701 672 672 56 56 57 57 56 60 41 57 63 63
M2C73 1 73 77 63 71 691 691 61 57 71 792 801 80 80 80 481 61 60 64 92 88 53 57 50 66 90 86 581 501 671 75 56 60 61 65 56 601 57 37 63 67
W23P4 1 56 65 55 55 691 61 61 61 792 792 72 682 76 76 61 80 72 72 76 84 491 53 62 54 70 82 62 66 79 711 60 48 61 65 56 68 41 57 63 63
W247C 1 45 41 63 63 691 731 61 53 75 63 76 76 1151 1151 52 681 56 56 80 80 57 45 62 58 74 86 66 66 -9 -9 56 56 61 61 56 56 41 41 63 63
W24K1 1 41 52 71 71 811 811 61 53 71 67 681 681 72 123 56 61 60 72 72 72 57 57 54 54 82 86 581 741 79 79 60 60 57 57 56 56 41 41 63 63
W24ME 1 69 69 63 59 731 611 69 69 71 79 72 761 115 115 52 64 56 64 80 76 612 61 62 62 86 701 58 58 671 79 56 56 57 57 64 72 57 57 63 63
W2514 1 45 52 63 55 611 611 65 69 71 71 76 722 76 83 52 52 56 72 80 72 53 53 54 54 86 78 541 541 75 75 56 48 57 57 56 60 41 45 63 63
W26MA 1 65 52 59 81 691 69 61 65 79 79 681 681 68 68 52 57 56 56 80 72 57 57 62 62 74 86 62 70 672 67 56 48 57 53 56 56 57 45 63 63
W26MM 1 45 41 63 73 651 651 61 61 75 75 72 722 103 1231 601 601 60 60 80 88 57 57 58 66 62 741 58 74 671 79 56 561 57 61 56 56 41 41 63 63
W26MU 1 69 73 63 71 65 811 61 61 671 671 682 601 72 76 601 56 56 64 80 84 612 61 62 54 741 66 62 58 711 791 56 56 61 61 64 681 41 53 63 63
W26P0 1 69 73 63 63 691 77 61 61 75 831 722 761 72 72 52 75 56 761 92 72 57 651 66 70 74 78 62 741 79 591 56 56 61 61 56 56 41 57 59 63
W26P3 1 41 48 67 83 651 651 61 61 67 63 76 762 1192 131 40 57 56 64 88 88 61 651 70 54 74 661 661 621 671 79 56 48 65 53 56 641 57 45 63 63
W26T5 1 45 41 79 75 69 49 61 57 75 79 722 722 1191 1191 52 601 56 641 80 76 53 53 62 62 741 741 62 701 75 711 56 56 57 57 56 56 57 57 63 63
W26TE 1 41 41 73 81 691 691 53 69 75 79 722 721 64 64 52 52 60 64 76 76 53 53 62 66 82 58 701 78 672 67 60 60 57 65 56 60 45 45 59 63
W26TF 1 41 81 67 93 651 691 61 57 67 792 801 76 72 72 52 601 60 68 80 76 61 61 58 58 94 98 70 781 711 552 52 48 61 53 56 601 41 41 63 67
W26U8 1 69 69 67 67 65 811 61 61 71 63 641 681 68 68 52 481 56 60 76 72 57 57 66 54 70 70 62 66 79 711 56 60 61 61 64 64 41 57 63 63
W26UJ 1 73 49 101 69 651 651 61 61 71 671 801 681 72 752 40 64 60 72 80 84 57 69 62 50 74 82 661 66 79 75 60 48 61 61 56 601 41 41 63 63
W26UK 1 77 41 71 77 651 45 61 61 631 631 722 84 143 143 52 40 56 56 88 84 61 571 62 66 82 82 701 66 71 79 52 52 61 61 601 601 41 53 59 59
W26UT 1 77 81 81 81 69 49 61 61 63 752 681 721 79 79 52 64 641 641 80 84 491 491 70 78 74 90 62 66 672 672 52 52 61 53 56 56 57 45 63 63
W26XT 1 45 52 67 93 651 731 57 53 67 67 641 80 119 119 64 64 56 56 76 84 61 65 62 74 82 741 701 621 671 75 60 52 61 65 60 60 57 531 63 63
CC06H2 1 77 49 55 83 651 651 61 61 75 75 681 84 68 68 56 61 56 60 76 84 53 45 62 58 70 62 661 66 672 79 56 60 61 61 56 56 57 57 63 63
CC06H4 1 77 49 63 85 691 491 61 65 71 71 76 76 68 1431 601 56 56 60 80 72 53 57 58 70 54 741 581 541 71 75 60 48 57 53 56 601 57 45 63 63
CC06H5 1 45 65 63 71 691 69 65 69 63 752 84 64 72 1112 52 40 56 64 84 84 53 61 62 79 66 781 621 462 671 711 56 60 65 53 -9 -9 41 53 63 63
CC06H6 1 41 60 67 51 65 69 61 61 75 671 681 722 1193 1591 40 72 56 68 76 72 45 69 62 66 82 58 701 66 671 671 56 56 61 65 56 601 41 37 63 63
CC06HE 1 45 73 63 67 65 651 61 69 71 631 681 722 72 1112 52 56 56 601 80 76 57 61 66 54 82 741 581 66 671 552 56 56 65 53 56 72 57 53 63 63
CC06HF 1 73 52 85 81 691 691 61 57 67 67 641 72 1232 139 601 40 60 64 76 72 491 61 66 75 82 86 661 66 711 792 56 56 65 65 56 68 41 611 59 63
CC06HH 1 45 41 63 75 65 69 61 73 71 71 76 722 68 1231 681 71 56 60 84 72 53 37 66 70 70 78 661 581 79 552 48 48 61 53 56 56 57 45 59 59
CC06HJ 1 73 52 63 71 691 571 61 61 63 55 72 762 1111 1111 64 28 56 64 80 80 491 61 62 66 82 82 661 67 792 593 56 56 61 61 56 64 41 57 59 63
CC06HL 1 73 77 85 100 691 69 65 73 71 752 681 722 1431 127 681 71 60 60 76 84 53 57 58 58 82 78 62 70 79 59 56 60 61 65 56 56 57 57 59 63
CC06HP 1 77 60 63 71 731 611 61 53 752 1401 801 84 139 1391 52 52 56 60 80 84 45 571 62 66 70 86 66 621 79 79 60 48 65 53 56 56 41 53 63 63
CC06HT 1 73 41 85 92 731 731 61 57 67 59 72 762 1431 1112 56 65 60 52 80 64 53 57 62 58 82 82 62 621 75 75 56 48 61 53 56 64 41 53 63 63
CC06HU 1 73 48 85 71 691 771 65 53 63 752 722 68 1431 121 56 681 60 60 80 84 53 57 62 58 82 78 62 58 593 59 56 56 61 61 56 601 57 57 59 63
CC06HY 1 73 60 73 1121 651 731 61 61 67 63 76 84 68 68 601 61 56 76 92 84 491 57 62 74 62 58 62 67 75 552 56 56 61 61 601 68 41 57 59 63
CC06J0 1 73 41 75 83 691 691 61 57 67 712 72 722 76 1313 52 601 60 68 76 84 61 69 54 54 62 741 461 66 671 79 60 48 53 53 601 641 53 45 63 63
CC06J1 1 45 41 1001 89 731 771 61 61 79 831 641 682 79 1113 40 441 60 64 80 88 53 612 62 66 62 66 541 54 671 711 56 48 57 61 56 641 45 45 59 63
CC06J2 1 77 41 63 81 65 731 57 65 75 712 76 722 80 1431 72 56 60 64 80 76 57 61 62 66 82 66 70 741 671 711 52 48 61 53 56 60 41 41 59 63
CT.0YCY 1 45 45 63 51 89 89 61 65 71 71 681 722 68 87 52 481 56 56 72 72 53 57 54 54 82 86 701 58 71 75 56 56 57 57 56 56 41 45 63 63
CT.0YEC 1 73 41 81 711 651 652 61 57 71 631 801 76 1391 1031 52 56 56 56 88 88 53 61 66 66 82 82 70 701 75 75 56 52 61 61 601 60 57 45 63 63
CT.0YEF 1 52 52 63 59 65 89 61 69 71 63 681 681 76 76 52 52 56 60 72 72 53 53 58 54 86 78 661 621 751 751 56 56 57 57 56 56 41 41 63 63
CT.0YEU 1 45 52 67 83 651 771 61 65 71 67 681 722 103 76 40 56 56 681 80 80 53 651 62 54 78 781 62 58 75 711 56 56 57 65 56 56 41 57 63 63
CT.0YF2 1 45 41 85 67 53 73 61 61 71 67 681 681 72 123 61 64 56 60 88 88 53 65 62 58 66 66 62 501 671 79 56 60 57 61 -9 -9 41 41 63 63
CT.0YF8 1 73 52 79 77 811 80 61 53 792 792 681 681 87 87 52 52 56 56 88 72 491 571 62 75 66 141 661 58 79 711 60 52 57 57 56 56 41 57 63 63
CT.0YFA 1 52 84 59 83 69 771 65 69 792 833 72 762 68 87 52 40 56 72 72 72 491 53 62 75 78 66 70 58 751 79 56 60 61 61 56 56 57 57 63 63
CT.0YFE 1 73 52 77 55 69 80 61 53 792 1322 72 681 87 87 52 52 56 56 88 72 53 571 62 75 66 141 661 70 79 79 56 60 57 61 56 56 57 57 63 63
CT.0YFP 1 77 52 63 79 77 77 65 65 75 752 72 681 87 87 52 52 56 72 72 72 53 57 62 54 74 66 58 58 79 631 60 60 57 53 56 56 57 53 63 63
CT.0YFU 1 56 52 63 79 69 69 61 61 712 136 72 681 87 87 52 52 56 60 72 72 57 57 54 75 82 141 661 58 79 711 56 56 57 57 56 56 41 57 63 63
CT.0YK7 1 56 56 55 116 651 651 57 65 67 671 76 762 83 83 52 64 60 72 80 72 53 61 54 54 54 86 581 462 751 75 56 60 57 65 56 56 57 45 63 63
CX.10PT 1 69 56 71 71 651 73 61 49 75 67 681 681 72 72 52 56 60 64 80 76 57 61 58 66 86 98 70 66 672 672 56 56 57 57 56 60 41 53 63 63
DAM021 1 89 89 85 85 651 651 61 57 63 831 80 80 1391 155 56 481 60 64 80 80 491 53 62 58 62 66 501 541 833 833 48 48 65 65 56 56 41 57 59 63
DAM034 1 77 52 63 51 691 89 57 69 631 136 681 722 79 79 52 52 56 56 72 72 53 612 62 62 82 66 58 58 672 79 56 52 57 61 56 68 41 53 63 63
DAM07X 1 73 41 71 83 69 771 61 57 75 79 681 722 68 1193 52 40 56 64 80 92 57 45 62 74 741 741 621 67 711 712 56 52 57 61 56 56 57 57 59 59
EF.15J6 1 69 73 81 51 651 69 65 73 71 71 722 762 1112 1312 601 36 56 72 80 88 53 651 58 66 82 701 661 541 79 711 56 48 57 61 56 60 41 45 59 59
HRV010 1 73 48 71 80 65 65 61 65 752 752 681 762 68 1272 601 601 -9 -9 -9 -9 57 57 62 66 90 62 621 621 672 711 56 48 61 61 56 64 41 57 59 63
HRV02J 1 56 41 71 71 65 691 57 73 63 63 84 843 1431 151 601 56 -9 -9 80 80 53 57 62 62 78 66 66 58 79 79 56 56 61 61 56 60 53 45 59 63
HRV078 1 73 73 75 59 65 611 61 57 75 752 801 80 76 76 52 36 60 60 80 84 57 61 62 66 90 62 661 58 75 552 56 56 53 53 56 601 41 41 63 63
HRV0FH 1 45 77 63 43 69 53 61 73 75 71 641 72 155 1351 601 61 56 68 72 72 53 57 66 54 82 82 661 501 75 711 48 48 57 53 56 56 41 41 63 63
HRV0H5 1 73 73 63 84 69 771 61 65 63 164 762 721 76 131 52 481 56 72 80 80 57 45 62 58 86 66 661 701 671 711 56 56 61 53 56 60 37 45 63 63
HRV0JF 1 69 69 79 59 49 531 57 69 79 79 722 762 115 115 441 79 60 64 80 80 53 571 62 66 82 62 62 70 672 672 56 48 61 61 56 56 41 41 63 63
HRV0JJ 1 41 52 77 88 611 69 61 65 63 792 76 84 115 115 481 28 64 72 80 80 53 57 70 78 82 62 661 58 711 552 56 48 57 61 56 64 41 41 63 63
HRV0JM 1 73 56 63 85 65 651 65 69 71 831 76 721 1112 1351 56 36 64 72 80 88 53 65 54 54 70 102 66 541 671 79 52 561 61 53 601 60 41 57 63 63
HRV0K6 1 69 77 67 67 65 651 61 61 71 79 641 681 68 1112 52 64 56 56 76 76 61 61 50 54 70 70 62 66 79 59 56 56 61 65 56 64 41 57 63 63
HRV0K7 1 56 41 67 104 65 73 61 49 71 831 641 722 80 80 56 56 56 60 80 88 57 61 62 66 78 66 661 541 591 591 60 52 61 61 56 60 57 491 63 63
HRV0KP 1 77 65 75 75 651 731 61 61 71 67 80 80 72 752 52 52 56 56 76 76 491 651 62 62 62 66 62 621 -9 -9 56 56 61 65 56 60 45 45 63 63
HRV1AX 1 45 73 63 71 69 69 61 57 671 671 681 80 135 1432 481 441 56 68 76 84 53 53 74 70 62 58 58 541 672 71 56 60 61 65 56 56 57 45 59 63
HRV1C4 1 45 77 71 81 651 651 57 49 833 872 72 721 68 123 681 65 56 56 76 84 53 45 66 54 54 82 701 741 79 552 56 48 57 61 68 68 45 45 63 63
HRV1CH 1 69 52 63 100 49 571 61 61 631 1282 682 681 76 1152 601 56 64 64 72 72 57 691 66 66 86 62 741 621 79 712 56 60 61 61 56 60 41 45 59 63
HRV1FA 1 45 77 67 97 691 73 57 49 71 67 641 641 76 76 601 36 -9 -9 76 76 53 53 66 66 54 82 661 661 671 711 48 48 61 61 56 60 53 45 59 63
HRV1FK 1 69 41 73 55 691 731 61 73 75 75 722 762 64 64 601 56 56 60 76 76 53 53 62 74 86 98 70 701 672 672 60 60 61 53 56 56 41 57 63 63
HRV1H8 1 45 73 81 89 651 731 61 65 79 833 76 76 68 123 56 481 56 56 80 80 53 57 74 54 70 70 501 541 671 672 56 60 61 53 -9 -9 41 45 59 63
HRV1HT 1 41 49 73 71 69 69 61 57 63 831 72 721 64 68 56 441 56 60 76 76 53 57 70 54 74 86 741 621 -9 -9 -9 -9 61 65 56 56 41 45 59 63
HRV1XU 1 73 73 63 71 77 49 57 49 752 833 682 681 72 72 65 73 -9 -9 88 84 61 61 66 54 62 62 661 621 -9 -9 56 60 53 53 56 56 41 53 63 63
HRV4TF 1 45 69 79 59 731 49 65 53 67 59 801 762 72 72 52 64 56 601 76 76 57 61 66 66 90 781 66 621 75 63 60 60 61 61 56 56 41 57 59 63
HRV6F0 1 45 69 79 75 691 731 61 61 75 67 641 722 72 119 601 64 -9 -9 80 80 61 571 66 70 66 661 661 701 -9 -9 56 56 61 53 56 601 41 45 59 59
HRVE6L 1 52 49 77 67 651 49 57 57 752 148 76 80 72 72 601 28 56 60 76 76 57 61 62 66 74 661 58 621 71 71 52 52 57 53 56 601 41 57 63 63
M27HM 1 73 41 81 88 731 49 61 65 67 712 681 64 72 1271 52 52 56 641 76 76 57 571 74 74 90 90 62 78 79 79 52 48 61 61 -9 -9 41 53 63 63
M27HP 1 45 49 67 81 651 69 61 69 71 67 681 681 72 131 52 61 56 60 80 80 53 57 62 66 94 78 62 541 75 711 56 48 57 57 56 56 41 41 59 63
M2AK4 1 41 41 79 75 69 693 61 61 71 67 641 641 1311 1472 56 36 60 64 80 80 491 57 70 54 82 78 701 501 79 552 56 56 65 53 56 601 57 57 59 63
M2ALA 1 56 41 63 71 771 93 61 61 136 144 682 681 76 76 52 64 60 721 92 72 57 45 54 54 82 82 70 621 751 593 56 48 57 53 56 60 41 57 63 63
M2C56 1 77 77 81 104 651 691 65 53 671 671 72 72 131 137 56 602 60 68 80 76 65 65 62 62 74 86 50 50 671 711 56 56 61 61 56 56 41 41 63 63
M2CUX 1 69 77 63 88 49 73 57 65 631 831 681 76 87 88 52 52 56 60 80 76 491 531 66 54 82 66 661 581 671 751 56 56 57 61 56 601 41 41 59 63
M2E24 1 52 49 100 89 651 771 65 49 63 671 681 681 68 76 52 441 56 72 80 88 57 61 66 66 82 82 661 58 79 67 56 56 57 57 56 56 57 57 63 63
M2EA7 1 77 56 63 75 49 771 61 65 79 752 801 722 79 79 52 40 56 64 84 72 491 53 74 58 94 62 62 581 -9 -9 56 56 65 53 56 60 57 45 63 63
M2EH6 1 45 77 71 51 69 85 61 65 75 71 72 722 76 76 52 61 56 72 84 72 57 61 58 82 82 82 701 66 671 75 56 56 57 61 56 56 41 41 63 63
M2EKC 1 73 41 67 59 691 691 65 53 79 119 762 721 64 60 64 75 64 68 80 76 69 571 62 70 78 106 70 50 671 63 48 48 53 53 56 64 41 41 59 63
MSV083 1 45 48 63 81 69 771 61 53 79 59 72 762 712 712 52 56 60 60 76 76 491 57 62 50 90 66 58 621 71 711 60 48 57 61 56 56 53 45 63 63
MSV084 1 45 61 71 69 65 85 61 69 75 59 76 721 76 1112 601 56 56 601 80 84 491 57 62 62 82 66 66 66 79 79 56 60 61 53 56 60 45 45 59 63
MSV0LJ 1 41 41 63 81 65 731 61 69 752 1402 722 721 72 80 601 481 56 56 80 76 53 57 74 70 94 66 661 541 79 79 56 52 61 53 56 56 53 53 63 63
MSV1H5 1 69 60 67 81 61 611 61 57 63 831 641 80 115 1152 40 72 56 60 76 76 57 61 62 62 82 82 70 621 672 711 56 56 61 65 60 64 41 45 63 63
MSV1KM 1 45 41 71 81 651 691 57 57 631 671 801 76 143 1391 40 56 56 56 92 84 53 57 62 66 82 82 70 701 75 711 56 48 61 61 601 60 53 53 63 63
MSV23F 1 73 77 85 71 65 691 61 57 67 63 721 881 72 72 52 601 56 60 80 88 491 61 62 62 54 90 701 621 71 71 -9 -9 61 53 56 601 41 53 59 63
MSV2L8 1 45 45 81 81 731 771 65 69 712 712 681 722 72 64 52 56 56 56 80 80 491 57 62 70 74 62 62 66 79 79 52 52 61 65 56 56 53 53 63 63
MSV2P7 1 69 52 75 67 651 611 61 65 67 79 681 681 1151 1271 52 40 -9 -9 92 72 491 57 66 54 74 74 661 621 71 79 56 56 57 61 56 56 41 57 63 63
MSV2TJ 1 45 56 73 89 651 53 61 61 75 75 682 76 83 1071 56 61 56 56 80 88 61 65 62 66 54 78 58 50 79 75 60 48 57 61 56 56 57 57 59 59
MSV2XM 1 45 45 63 71 65 49 57 49 71 67 681 76 76 79 601 601 60 601 88 88 53 53 66 70 70 62 62 661 79 711 60 48 61 61 60 64 57 53 59 63
MSV327 1 69 52 63 63 811 89 61 61 71 792 681 76 80 80 52 52 56 72 80 76 57 69 62 54 82 78 541 63 -9 -9 56 56 57 57 56 56 41 53 59 67
MSV33L 1 73 49 85 67 691 73 61 61 75 712 681 84 1112 1112 40 56 56 60 76 84 57 61 62 62 66 98 70 66 671 711 60 48 61 65 -9 -9 57 57 63 67
h001 2 77 65 71 70 49 73 61 61 63 148 68 68 64 68 52 601 56 60 72 72 57 531 58 70 82 741 581 621 79 552 56 64 57 65 56 56 41 41 59 63
h002 2 77 56 79 59 691 531 65 53 75 631 681 721 72 76 56 28 56 56 76 72 57 61 50 66 66 501 70 781 71 79 56 60 57 53 56 72 41 41 63 63
h003 2 73 73 71 59 65 651 57 57 67 79 72 76 68 68 52 61 60 60 84 72 53 651 74 54 90 90 661 701 672 75 56 48 65 53 601 60 41 37 63 63
h004 2 41 89 55 83 731 73 61 57 71 792 72 76 1272 1351 40 64 56 64 76 72 53 57 74 66 54 82 661 58 71 79 56 56 57 53 56 56 57 57 59 63
h005 2 73 56 67 104 65 611 61 57 71 831 641 762 68 76 52 40 56 60 76 88 53 57 74 50 74 82 501 58 751 71 60 52 57 61 56 681 41 57 63 63
h006 2 73 56 63 67 65 651 61 49 71 752 681 722 68 115 52 56 56 60 80 72 57 61 58 54 741 66 62 541 71 79 56 48 57 57 56 601 41 53 63 67
h007 2 69 41 75 70 65 53 61 57 67 1282 801 681 83 87 52 73 56 56 80 92 53 57 62 54 82 90 66 582 672 79 56 60 57 65 601 60 41 57 63 63
h008 2 41 52 55 100 69 73 61 61 71 59 801 681 64 68 52 40 60 64 80 84 53 45 74 58 78 622 62 54 711 552 56 56 57 61 56 56 41 57 59 63
h009 2 52 52 81 81 731 81 61 53 63 671 641 84 72 143 601 64 60 60 76 88 57 61 74 58 741 102 62 50 71 712 56 60 57 61 56 56 57 53 63 63
h010 2 73 61 63 81 651 77 61 65 75 71 641 68 72 68 52 40 56 60 80 92 53 691 62 74 90 66 58 58 672 79 56 48 57 61 56 601 41 53 59 63
h011 2 77 56 63 1121 65 65 61 69 792 752 72 682 64 83 56 56 56 60 80 76 57 571 62 62 661 98 70 581 71 79 56 48 57 65 56 641 57 53 63 55
h012 2 73 77 85 71 65 651 61 57 71 752 76 762 103 119 56 65 60 68 80 80 57 57 62 54 70 82 741 621 671 593 56 60 61 53 56 56 41 41 63 67
h013 2 69 56 75 55 651 77 61 61 75 71 76 762 68 1112 601 61 60 68 72 72 53 57 66 54 74 66 701 741 71 552 56 56 57 53 60 64 57 57 59 63
h014 2 45 60 71 81 651 49 61 57 631 833 681 721 79 155 52 56 56 761 80 80 57 57 74 74 78 66 621 50 75 711 56 48 61 53 56 56 41 45 59 63
h015 2 77 52 63 100 65 651 61 49 71 79 84 841 80 752 71 441 56 60 80 80 61 65 58 75 74 82 501 621 71 711 561 64 57 57 56 60 41 53 59 63
h016 2 69 77 73 88 49 93 61 73 71 792 681 76 68 68 52 40 56 72 80 72 57 57 62 58 70 82 58 74 711 833 60 60 61 65 68 641 41 53 63 63
h017 2 45 65 63 71 651 691 57 49 71 833 76 80 72 1152 481 36 56 60 76 88 53 61 62 66 82 622 66 54 671 672 60 64 61 53 60 681 57 37 59 63
h018 2 41 41 73 71 77 49 61 57 67 63 76 722 83 1191 52 601 56 72 80 72 53 57 62 58 70 661 661 70 75 552 60 48 61 61 56 641 57 53 59 63
h019 2 73 48 75 81 65 491 61 65 71 63 641 762 115 752 52 64 56 60 76 76 57 45 62 50 82 66 62 701 71 79 48 48 61 53 56 60 41 57 59 63
h020 2 77 52 55 81 53 73 57 65 75 631 72 72 64 68 52 56 56 76 80 88 57 57 62 62 74 58 701 58 79 552 56 56 61 61 56 60 57 53 63 63
h021 2 77 77 63 69 69 49 61 57 75 67 84 84 64 1111 52 64 64 72 80 72 57 57 74 58 70 82 621 67 79 79 56 48 57 53 68 641 57 45 63 63
h022 2 48 60 63 59 69 73 61 61 75 71 72 76 68 123 52 52 56 56 76 84 612 57 62 70 78 62 661 66 672 79 52 52 57 65 60 68 57 45 63 63
h023 2 69 65 79 104 65 69 61 49 75 67 681 84 115 1431 52 601 56 60 80 88 491 691 62 74 70 62 581 581 79 75 60 48 61 65 56 601 41 53 63 67
h024 2 73 60 63 63 65 811 65 69 631 67 681 84 64 1152 52 64 56 60 80 72 45 691 62 66 62 62 66 741 75 75 56 60 57 57 68 64 53 45 59 63
h025 2 45 45 63 71 65 691 61 57 71 67 80 64 68 1431 52 57 56 68 88 72 53 57 58 78 86 501 581 701 79 79 60 561 57 65 56 56 41 61 63 63
h026 2 77 41 63 55 65 691 61 61 712 712 72 722 68 87 52 56 56 68 76 72 53 571 62 74 66 58 701 58 79 593 56 60 61 65 601 60 41 57 63 63
h027 2 45 45 71 67 69 77 57 49 75 71 72 681 79 1112 52 56 56 56 88 72 57 45 66 54 82 501 62 58 751 79 56 48 61 61 601 68 41 45 63 63
h028 2 69 65 71 55 65 731 57 57 75 63 681 762 64 79 52 64 60 68 84 72 53 57 66 78 70 741 70 501 79 75 56 56 57 61 56 601 53 611 63 63
h029 2 49 49 75 67 65 49 61 61 71 63 72 76 72 1232 52 601 56 60 76 72 57 57 54 75 86 62 70 58 79 79 60 60 61 53 56 601 41 53 63 63
h030 2 45 45 63 67 651 69 61 61 752 1322 681 76 80 87 52 28 60 761 76 84 57 61 74 50 82 66 58 58 671 79 56 60 57 61 56 601 57 45 59 67
h031 2 56 81 63 73 65 771 61 65 67 79 72 722 123 119 52 75 56 72 76 88 491 57 54 54 82 62 661 701 751 75 56 48 61 53 601 601 41 53 63 63
h032 2 73 60 63 75 651 49 61 53 67 67 681 681 76 155 52 61 56 68 80 76 57 57 66 70 82 622 62 70 79 79 56 60 57 61 56 56 41 53 63 63
h033 2 41 52 67 104 691 73 61 61 79 712 681 601 64 76 52 56 60 641 80 88 61 61 58 66 70 98 701 66 671 71 56 56 57 65 56 56 41 45 59 63
h034 2 45 65 85 67 651 69 57 57 631 79 681 681 76 1112 52 52 56 60 80 84 57 65 66 75 70 82 661 541 711 833 56 561 57 61 64 64 57 53 63 63
h035 2 45 52 71 88 651 651 61 61 67 833 681 762 123 1112 56 65 56 60 80 72 61 571 62 66 54 98 661 701 671 672 56 60 57 53 56 601 41 41 59 63
h036 2 45 73 67 55 65 731 61 65 75 831 762 762 72 72 52 61 60 60 84 72 57 61 50 58 86 781 58 621 71 67 56 56 57 57 56 64 41 57 63 63
h037 2 41 41 67 67 731 69 57 65 67 831 762 762 64 1112 40 56 56 72 76 72 491 53 62 62 78 66 70 701 711 551 60 52 57 61 56 60 41 41 63 63
h038 2 41 41 71 59 771 93 61 57 67 59 76 762 72 64 52 64 56 56 80 80 53 571 54 54 62 98 621 54 79 79 52 48 61 61 601 601 41 53 59 63
h039 2 45 56 79 100 731 49 61 69 63 752 801 721 64 103 601 64 60 60 80 76 61 571 50 66 74 82 701 66 79 712 52 48 61 53 56 601 57 53 59 63
h040 2 73 52 73 69 691 731 61 73 75 67 722 80 103 1151 52 36 56 56 76 72 53 61 62 50 74 90 741 53 672 792 56 48 61 53 601 60 41 57 63 67
h041 2 77 65 85 81 651 69 61 69 75 71 72 72 76 87 56 56 56 68 80 80 612 57 66 54 82 622 58 74 75 712 56 60 57 61 56 56 41 41 59 63
h042 2 65 52 55 81 811 77 61 65 71 63 722 84 72 79 601 64 60 761 80 76 57 571 58 70 70 66 82 582 672 711 56 56 57 65 56 56 57 45 59 59
h043 2 73 41 85 1121 65 65 61 61 63 831 681 722 119 1113 40 36 60 60 80 76 57 57 62 75 70 94 661 661 79 67 56 52 61 53 56 64 41 41 63 55
h044 2 65 52 63 59 65 69 61 57 75 67 80 84 76 1193 52 56 64 681 80 84 57 65 62 58 82 86 661 58 671 75 60 48 57 61 56 601 57 53 63 63
h045 2 45 73 85 77 611 69 61 57 67 752 722 721 64 131 40 56 60 68 80 72 57 45 62 62 90 781 661 621 79 79 56 56 61 61 56 601 41 57 63 63
h046 2 45 69 71 81 651 73 57 65 63 63 681 76 123 135 601 28 56 56 80 80 69 571 62 50 86 62 661 50 79 711 56 56 57 53 56 60 41 45 63 67
h047 2 77 52 55 55 69 771 61 57 63 752 641 722 1431 87 56 28 56 56 76 72 53 49 62 50 82 86 62 661 79 75 60 48 57 61 56 68 57 53 63 63
h048 2 45 56 59 69 651 731 61 57 67 63 762 721 68 1151 40 56 60 64 80 88 53 53 58 58 82 66 741 582 79 552 56 48 57 61 56 56 41 45 63 63
h049 2 73 56 85 81 65 65 57 49 67 792 682 84 68 76 64 441 56 64 92 72 57 61 62 54 82 622 62 541 751 79 56 48 57 57 56 64 53 45 63 63
h050 2 77 41 63 75 65 69 61 53 67 752 722 84 1591 87 52 56 56 60 92 76 53 61 62 62 66 781 62 66 672 711 56 56 61 53 56 56 53 45 63 63
h051 2 77 61 79 59 731 49 57 57 71 833 761 762 72 1112 52 602 60 64 80 76 53 57 74 66 70 54 661 70 671 672 56 56 61 61 60 60 57 57 63 63
h052 2 45 65 59 51 65 651 57 57 79 712 682 681 64 1152 52 61 72 68 80 76 57 57 66 54 78 741 62 66 71 711 56 56 61 53 60 60 57 45 59 63
h053 2 77 52 63 85 49 73 61 61 63 752 76 68 68 135 52 61 56 60 92 84 57 61 62 66 74 82 70 701 672 552 56 56 61 61 60 60 41 41 59 63
h054 2 45 77 85 55 651 93 57 57 71 67 722 722 1112 135 52 52 56 601 84 72 53 65 62 62 82 66 58 582 672 552 56 60 57 53 56 56 53 53 59 63
h055 2 77 81 71 55 65 691 57 69 752 1282 681 84 115 83 601 681 56 60 76 84 53 53 50 70 82 741 701 741 75 711 60 64 57 57 56 601 57 57 63 55
h056 2 45 52 85 71 69 69 57 57 631 67 641 84 64 103 52 601 56 64 92 88 57 57 62 58 74 622 501 462 671 711 56 64 61 61 56 60 41 53 63 55
h057 2 73 41 63 67 691 731 65 49 71 67 681 841 68 155 40 61 56 60 80 72 53 61 58 54 70 82 461 701 75 551 56 60 57 53 56 60 57 57 59 63
h058 2 56 41 63 71 691 611 57 57 831 831 72 681 72 752 52 71 60 64 76 72 53 651 62 62 62 741 58 58 671 71 60 48 61 65 56 60 41 45 63 63
h059 2 65 41 71 55 691 69 57 69 67 1401 722 841 80 76 52 56 56 60 72 72 53 45 50 66 74 74 70 701 71 552 56 56 57 57 56 60 41 57 63 63
h060 2 73 65 67 55 691 69 61 61 792 1401 682 722 76 115 56 65 56 64 80 76 53 57 50 58 82 66 62 701 71 79 56 56 61 53 56 601 41 53 63 63
h061 2 73 77 67 78 69 53 57 65 67 79 681 762 64 60 57 79 60 641 80 76 57 571 62 54 66 66 62 661 71 631 56 60 61 53 56 56 57 45 59 63
h062 2 45 41 63 55 691 81 61 57 79 59 801 76 68 1272 52 52 60 64 76 88 53 53 62 54 82 86 62 621 79 75 56 561 57 61 56 60 57 49 63 63
h063 2 45 56 63 1001 611 77 57 69 75 67 681 721 76 83 52 64 56 64 76 76 53 69 54 75 82 78 58 621 671 79 52 48 61 61 56 681 41 53 63 63
h064 2 56 65 59 81 65 61 61 57 79 752 72 76 72 68 72 481 60 68 80 72 57 65 54 75 82 78 62 70 79 79 56 60 57 61 56 681 41 53 63 63
h065 2 77 41 71 101 65 73 61 61 752 712 681 681 76 1591 52 71 56 60 80 80 53 571 58 70 82 58 66 541 671 79 60 52 57 57 56 641 57 57 59 59
h066 2 45 56 63 116 49 571 61 53 71 67 722 722 72 72 56 64 56 68 92 72 53 65 62 54 82 78 70 581 71 79 56 60 61 61 56 60 41 49 59 63
h067 2 73 73 1121 88 611 491 73 73 75 792 72 72 72 76 52 65 60 60 76 84 53 61 62 62 741 66 701 541 711 792 60 48 57 61 56 56 41 53 63 63
h068 2 69 52 77 1001 691 93 57 57 71 55 72 68 68 87 52 64 64 72 80 76 61 571 62 50 74 62 541 54 79 552 56 60 57 57 56 56 41 45 59 63
h069 2 65 52 73 51 651 611 61 57 71 63 681 681 1151 115 52 56 60 76 76 76 491 53 62 66 94 661 66 541 711 591 60 60 57 53 56 601 41 41 59 63
h070 2 41 41 63 55 691 611 57 65 67 752 72 76 72 1431 56 64 48 64 88 72 57 45 54 75 82 78 461 661 79 552 56 60 57 61 56 60 57 45 63 63
h071 2 45 52 75 55 691 73 57 69 67 671 72 721 103 1351 56 441 56 56 80 76 612 57 66 54 82 86 58 541 71 593 56 48 61 53 56 56 41 53 63 63
h072 2 73 65 63 51 65 49 57 49 75 67 72 601 72 64 52 56 56 56 84 72 53 531 62 58 66 622 58 54 751 79 60 48 53 53 56 56 41 41 63 63
h073 2 45 69 55 89 65 49 61 61 71 792 722 722 76 115 52 481 56 60 80 72 57 65 62 66 86 66 66 66 711 552 56 56 57 65 56 60 53 45 63 67
h074 2 45 41 63 63 65 69 61 49 67 752 72 682 72 76 56 481 56 64 76 84 57 65 66 66 82 62 621 50 751 711 56 52 57 61 56 601 57 53 63 63
h075 2 69 41 89 78 69 69 61 57 75 833 72 68 72 1472 52 52 56 56 80 84 57 57 62 62 82 66 661 58 71 79 48 64 61 53 56 60 57 57 59 55
h076 2 65 52 71 59 77 73 61 73 1401 148 801 761 115 1472 40 61 56 72 80 72 57 65 62 66 82 622 621 621 671 672 56 60 57 53 56 60 53 61 63 63
h077 2 45 52 71 97 651 651 61 53 71 671 801 681 64 1192 52 601 56 64 76 76 53 53 62 58 74 78 70 70 711 59 56 48 61 53 56 56 41 53 63 55
h078 2 41 60 63 71 691 73 61 57 71 71 72 84 72 79 56 64 60 641 76 76 61 651 58 70 90 622 661 54 75 711 56 48 57 61 56 60 53 45 59 63
h079 2 73 41 63 89 65 69 61 61 63 712 72 64 83 131 601 64 56 641 80 72 491 57 50 66 82 82 54 50 71 551 60 48 61 61 60 641 41 53 63 63
h080 2 77 61 73 71 651 611 61 61 67 63 681 721 64 143 52 28 56 60 80 84 651 69 58 66 54 78 541 541 71 79 52 64 57 53 56 64 41 57 63 63
h081 2 69 73 75 55 691 69 61 65 631 833 72 681 64 68 52 601 60 64 80 88 61 61 74 54 66 98 461 582 751 711 56 60 57 65 56 601 41 53 59 63
h082 2 52 49 75 81 69 53 61 49 63 79 681 76 68 115 52 56 56 56 88 84 57 61 62 58 82 66 661 501 671 79 56 56 61 61 56 56 41 53 63 63
h083 2 45 73 85 81 65 651 57 53 79 79 76 68 68 88 681 28 60 60 84 72 53 65 58 70 82 82 70 462 711 552 56 52 57 57 56 601 41 57 63 63
h084 2 73 48 63 63 691 85 61 65 71 792 681 68 72 1031 481 80 64 64 80 76 57 61 62 62 82 98 581 53 671 79 52 561 61 61 56 56 41 41 63 63
h085 2 41 52 71 70 65 65 61 57 67 63 76 722 115 1112 64 28 56 56 80 84 491 61 74 58 82 62 58 462 71 593 56 56 61 53 601 64 41 41 63 63
h086 2 41 52 75 81 731 611 61 65 67 67 76 84 64 1112 481 65 56 76 80 80 57 61 62 66 82 82 661 781 79 552 52 64 57 61 601 64 41 41 63 63
h087 2 65 41 63 104 691 73 61 57 75 712 681 722 72 80 52 601 56 64 80 80 53 65 58 54 82 781 621 621 671 79 56 56 57 57 56 56 41 57 59 63
h088 2 45 45 73 71 651 69 61 57 67 792 801 84 64 1271 64 68 56 56 84 72 53 53 62 66 62 66 581 621 79 593 56 60 57 65 56 56 41 61 59 63
h089 2 52 48 63 83 69 73 61 61 792 55 681 76 72 76 64 57 60 68 88 72 45 531 74 54 82 90 661 701 79 79 56 52 61 61 56 60 41 45 63 63
h090 2 73 56 63 55 77 73 61 69 63 59 641 72 64 119 441 73 56 64 80 88 491 53 66 70 66 66 621 621 671 79 56 56 57 53 56 56 41 45 63 63
h091 2 49 49 71 51 69 77 61 61 75 712 72 722 752 712 681 64 60 60 84 72 53 57 62 58 78 66 661 541 671 79 56 56 57 53 56 56 41 45 63 63
h092 2 45 69 63 71 651 85 65 65 71 67 681 681 103 87 601 56 64 64 80 76 57 45 62 62 82 66 501 621 711 833 60 48 57 61 56 56 57 57 63 63
h093 2 69 65 71 81 65 651 61 61 75 59 681 80 76 83 52 52 56 56 76 88 53 57 74 58 70 66 58 621 711 551 56 48 57 53 56 56 57 57 63 63
h094 2 52 49 63 63 691 69 61 61 75 71 762 68 76 1271 52 52 72 68 80 88 53 61 50 54 74 62 661 541 671 71 60 60 61 65 56 64 41 57 59 63
h095 2 41 52 83 70 69 49 61 65 63 671 72 721 72 72 601 57 56 64 92 92 53 61 62 54 86 62 62 58 71 79 48 48 61 53 56 56 57 57 63 63
h096 2 41 49 73 55 65 65 61 57 831 833 641 722 115 79 56 75 72 68 80 76 57 61 50 66 74 82 661 741 552 833 56 64 61 65 56 56 57 45 63 63
h097 2 73 56 63 67 65 651 61 69 71 67 641 762 83 88 52 56 56 64 92 72 53 61 62 74 82 58 62 661 79 79 52 64 61 53 56 56 41 57 63 63
h098 2 69 73 63 71 69 73 61 61 712 712 722 64 64 1272 52 601 56 72 76 84 491 53 62 50 74 741 701 582 71 79 56 64 65 53 56 72 37 45 63 63
h099 2 73 52 75 55 65 69 65 65 75 75 681 722 68 80 52 52 56 64 76 76 57 61 78 75 70 66 581 701 75 711 56 48 65 53 56 60 57 53 63 55
h100 2 73 48 63 63 691 69 61 69 75 831 801 76 1151 1152 52 64 60 68 76 72 57 571 58 66 74 66 62 62 75 711 56 56 61 53 56 56 57 49 59 63
h0011 3 52 52 71 55 65 691 61 57 75 71 76 84 64 1112 52 64 72 68 80 84 491 57 74 54 70 62 701 582 79 67 56 64 57 61 60 64 41 45 63 55
h0021 3 73 52 63 63 691 77 61 61 71 671 72 68 64 1112 52 56 56 64 80 76 53 53 62 66 82 86 66 582 71 79 56 56 61 61 60 64 57 611 63 55
h0031 3 45 73 63 67 65 77 61 57 67 833 76 722 76 1432 481 64 56 641 80 88 53 45 54 54 74 82 661 582 71 79 56 56 57 61 56 56 45 45 63 55
h0041 3 69 73 79 55 651 651 61 57 631 63 72 72 64 1351 601 441 56 56 76 76 61 61 66 54 82 90 62 501 71 79 56 48 57 53 56 64 41 41 63 63
h0051 3 73 65 63 104 49 73 61 73 75 752 84 68 64 76 56 681 56 56 80 76 53 45 62 50 62 66 70 46 71 63 60 48 61 53 56 56 57 611 63 67
h0061 3 45 49 93 78 65 651 61 53 67 63 681 68 83 87 56 64 64 72 80 76 57 45 62 50 741 66 62 621 79 631 56 60 57 53 56 60 41 41 63 63
h0071 3 77 60 55 59 611 69 61 53 67 752 681 841 64 1431 64 64 64 64 76 72 53 691 54 79 54 62 661 581 79 711 56 60 61 53 56 64 41 49 59 63
h0081 3 45 41 59 81 65 49 61 57 75 71 681 762 76 1031 56 64 60 72 80 76 53 57 50 66 82 86 581 58 71 711 56 56 61 53 56 601 53 53 63 55
h0091 3 73 77 63 85 89 693 61 69 67 712 641 76 103 76 601 56 60 60 80 92 53 61 62 54 86 781 58 58 79 75 48 64 61 53 56 60 53 45 59 55
h0101 3 73 41 63 88 65 61 61 69 75 67 681 80 68 1472 52 56 56 60 80 76 53 53 58 70 90 62 62 53 79 833 56 56 61 61 60 60 41 57 67 55
h0111 3 73 41 63 101 771 73 61 61 712 1282 72 681 64 76 52 64 56 60 80 80 491 53 50 54 54 78 66 621 79 593 56 56 57 53 56 60 57 611 63 63
h0121 3 73 49 55 81 651 77 61 65 67 144 72 681 76 1431 52 64 56 64 80 80 53 57 50 54 62 501 66 53 751 711 60 561 57 57 56 56 41 53 63 63
h0131 3 77 49 63 85 69 73 61 57 75 67 84 84 68 68 52 56 60 68 80 72 53 57 58 78 70 741 621 53 671 71 56 56 61 53 56 56 41 41 59 63
h0141 3 65 41 55 81 651 731 61 61 75 71 641 76 72 68 40 36 56 64 80 76 57 61 62 58 74 66 581 741 71 711 56 60 61 53 56 64 41 41 63 55
h0151 3 73 41 55 78 691 73 61 69 71 67 682 681 64 68 56 64 56 64 76 76 491 61 62 58 82 82 701 54 671 79 56 64 57 53 56 601 57 53 59 55
h0161 3 56 65 63 83 65 611 61 65 71 71 76 64 64 76 52 28 56 60 80 80 61 61 62 66 82 66 70 541 75 551 56 60 57 61 56 60 41 41 63 63
h0171 3 45 73 71 59 65 69 61 57 63 1401 722 68 68 68 56 64 60 64 80 72 57 57 62 58 82 501 66 54 71 711 56 56 57 61 601 60 57 53 63 63
h0181 3 77 65 67 81 691 89 61 57 631 752 80 841 64 68 601 56 56 60 80 76 61 69 62 50 54 62 70 54 671 75 56 64 57 65 56 56 41 57 63 63
h0191 3 69 65 63 70 691 49 65 65 67 831 72 801 68 1151 56 61 60 72 80 80 53 531 50 54 82 62 541 50 751 79 60 64 57 57 56 601 53 37 63 55
h0201 3 73 49 63 67 65 77 61 61 71 752 84 68 64 83 52 64 76 761 80 72 491 691 62 74 62 501 501 58 71 711 56 60 57 53 56 56 57 57 63 63
h0211 3 65 60 75 100 651 73 61 69 63 752 72 762 80 76 52 52 60 60 80 76 491 57 50 54 82 622 66 621 672 591 60 48 61 61 56 56 53 45 63 63
h0221 3 41 52 63 71 651 69 65 69 75 752 76 80 72 68 64 68 56 68 88 84 53 61 62 58 86 781 661 54 79 79 56 56 61 53 56 56 57 53 63 55
h0231 3 69 69 1001 70 77 49 61 53 71 71 722 762 103 1112 52 64 60 72 80 92 491 57 62 58 78 62 70 582 672 79 56 52 57 57 56 56 41 57 63 55
h0241 3 65 52 73 55 691 691 61 61 75 75 681 80 68 115 64 71 56 64 80 76 53 61 62 54 74 82 58 58 751 551 60 48 57 57 60 72 41 41 63 63
h0251 3 45 45 59 89 65 69 61 57 67 148 681 681 72 72 601 56 56 64 84 72 571 531 50 66 82 622 62 70 67 59 56 60 61 61 60 641 41 57 63 63
h0261 3 73 77 63 97 731 77 61 61 67 63 722 841 64 143 481 28 56 64 76 76 53 57 58 66 90 66 501 50 79 792 56 52 57 61 56 56 41 53 63 55
h0271 3 73 56 67 51 65 651 61 61 67 752 681 68 68 1113 52 441 56 64 76 88 53 57 62 54 86 741 62 54 671 71 56 52 57 57 56 56 41 61 63 63
h0281 3 52 89 55 69 77 491 61 53 67 67 681 76 64 76 52 601 56 64 80 76 57 571 50 66 86 622 58 58 671 552 60 48 57 61 56 56 53 53 63 63
h0291 3 73 52 81 70 69 77 61 57 71 752 72 722 68 155 52 64 60 72 76 76 45 61 62 66 74 622 661 54 711 551 56 60 57 53 56 60 41 41 63 63
h0301 3 45 73 89 89 69 53 61 57 79 752 641 722 64 68 52 64 56 60 80 80 57 61 58 66 74 66 70 58 79 593 56 60 57 57 601 60 611 61 63 55
h0311 3 56 65 63 73 651 77 61 57 71 67 801 76 72 64 681 64 56 64 76 84 491 57 62 50 86 66 661 582 671 79 60 48 57 61 56 56 57 53 63 55
h0321 3 77 52 63 70 65 691 61 57 71 752 721 721 68 76 52 64 56 56 76 72 53 65 58 66 78 66 661 581 79 593 56 60 53 53 56 56 57 53 63 63
h0331 3 69 52 67 55 651 73 61 57 75 712 762 721 72 1152 56 36 56 60 80 88 57 69 54 75 66 622 661 58 751 552 56 56 57 65 56 681 41 57 59 59
h0341 3 56 65 63 1121 731 77 61 69 79 831 72 88 68 1112 40 641 56 60 80 76 57 651 62 78 62 102 741 54 71 79 60 48 57 57 56 60 41 53 63 63
h0351 3 77 65 63 85 65 651 57 57 71 79 72 681 76 60 52 61 60 60 84 84 57 61 62 58 62 62 82 54 671 75 48 64 57 61 56 56 57 53 63 63
h0361 3 65 52 55 81 611 69 57 57 67 148 682 76 72 119 52 56 56 60 76 76 61 61 62 62 90 622 621 582 71 75 56 48 57 61 56 60 57 53 63 63
h0371 3 56 52 63 71 651 73 61 61 75 136 681 722 72 1112 52 56 56 60 76 72 57 61 66 75 54 86 661 582 672 552 56 60 61 53 56 601 45 61 63 55
h0381 3 45 77 63 71 65 731 61 69 75 55 641 762 72 68 52 481 56 60 76 88 53 53 74 54 70 741 661 50 79 59 56 56 61 65 56 56 41 45 63 55
h0391 3 49 61 63 83 651 691 57 65 71 67 801 68 79 1472 28 68 76 68 80 92 57 57 66 54 74 78 62 54 711 593 52 52 53 53 56 56 45 45 63 63
h0401 3 45 73 63 88 73 93 61 53 75 67 76 721 68 87 681 64 60 64 80 84 57 57 58 58 70 74 621 54 672 591 60 48 61 53 56 68 41 41 63 63
h0411 3 73 41 55 70 691 69 61 65 67 63 72 601 1151 119 64 64 56 64 80 72 57 571 62 54 82 62 621 50 79 552 56 56 57 65 56 56 41 53 63 63
h0421 3 65 65 63 81 69 73 57 65 75 55 801 68 64 1112 40 441 60 72 76 84 57 65 62 66 86 622 701 58 79 551 56 60 57 53 56 56 53 53 63 67
h0431 3 45 81 67 93 77 93 61 65 75 872 681 722 64 1272 56 71 60 60 80 88 53 57 66 54 86 62 66 54 71 593 56 60 57 61 56 56 41 57 63 63
h0441 3 77 41 71 97 69 771 61 61 67 671 641 72 68 151 52 40 60 72 80 80 57 61 62 66 82 58 62 58 71 79 56 64 61 53 56 60 41 57 63 55
h0451 3 65 41 71 55 731 73 61 65 67 63 72 681 64 64 52 52 76 601 80 80 45 61 62 66 62 66 661 541 671 79 56 56 61 53 64 641 41 45 63 63
h0461 3 73 41 81 89 651 611 57 65 75 67 80 841 64 80 64 64 56 64 80 72 57 57 66 54 58 622 581 582 71 79 48 48 61 53 56 56 41 45 59 59
h0471 3 45 77 85 71 731 69 61 65 71 67 681 721 76 87 52 481 56 60 76 88 61 61 62 74 66 622 661 661 79 79 56 52 61 53 56 56 57 53 63 63
h0481 3 45 77 81 83 651 73 61 69 67 55 681 76 76 131 52 52 56 60 80 92 53 53 62 58 86 66 58 621 79 711 56 48 57 53 60 64 41 57 59 63
h0491 3 69 41 63 73 65 73 61 65 67 67 72 762 64 1193 28 441 56 68 80 72 53 57 62 58 70 86 621 582 79 67 56 48 61 61 56 56 57 45 63 63
h0501 3 56 40 85 55 731 49 61 53 67 1322 721 841 76 83 52 52 56 72 80 84 57 45 50 58 82 62 66 58 71 79 56 48 61 53 56 64 41 53 63 55
h0511 3 56 52 71 70 77 771 53 73 71 59 722 841 72 72 40 56 60 76 80 80 45 571 50 78 82 82 661 623 71 71 56 64 61 65 56 56 41 53 63 55
h0521 3 41 52 63 73 69 73 57 53 75 63 641 681 1111 60 601 64 56 56 92 92 53 57 74 58 62 58 661 70 71 75 56 60 65 53 56 56 57 49 63 63
h0531 3 73 73 77 100 691 691 61 61 79 831 72 681 72 72 601 64 60 68 80 84 53 49 58 54 70 98 66 582 79 79 56 48 57 61 56 601 41 41 63 55
h0541 3 73 65 63 55 65 77 61 65 67 671 72 801 68 1591 52 68 68 68 80 76 53 57 66 66 74 82 701 54 79 552 56 56 61 61 56 72 41 53 59 55
h0551 3 45 81 55 59 65 651 61 57 792 712 72 681 72 119 52 61 56 60 80 72 612 57 50 58 74 66 701 541 79 79 56 56 57 61 56 60 41 53 59 63
h0561 3 69 52 63 63 691 491 61 61 67 831 76 76 64 115 481 61 60 60 76 72 57 61 62 50 82 622 661 50 79 833 52 64 61 53 56 60 53 49 59 55
h0571 3 69 41 63 55 651 69 61 65 75 67 76 68 68 87 56 36 60 48 80 72 53 53 62 70 82 741 461 582 71 79 56 60 57 61 56 60 41 57 59 63
h0581 3 56 65 77 55 651 651 61 61 71 67 72 72 68 143 52 28 56 68 80 84 57 651 54 54 54 78 621 53 751 75 48 64 57 57 60 64 57 53 63 55
h0591 3 41 48 79 67 77 771 61 57 71 752 681 681 68 87 52 64 64 641 80 76 571 65 62 62 741 622 661 50 79 79 56 60 57 57 56 56 53 53 63 55
h0601 3 77 41 67 78 651 811 61 53 75 67 80 84 72 119 52 56 56 60 76 88 491 53 62 66 82 62 701 58 71 71 56 52 57 61 56 60 53 45 63 55
h0611 3 77 65 73 70 65 691 57 65 67 148 722 762 64 1112 52 64 60 64 76 76 491 53 78 75 82 66 581 58 672 79 56 60 57 53 56 60 41 53 59 55
h0621 3 73 73 85 55 69 73 57 65 75 71 641 721 64 68 52 52 64 64 80 92 612 61 62 58 82 741 70 50 671 712 56 60 57 61 56 60 41 57 59 63
h0631 3 45 73 63 1121 651 651 61 57 67 148 72 721 72 72 52 40 56 72 84 72 57 57 58 54 90 501 66 621 71 552 56 48 57 65 56 56 41 41 63 63
h0641 3 77 48 67 1001 651 73 57 69 71 67 641 68 68 68 56 481 64 72 80 80 57 61 74 70 74 62 62 541 79 79 56 60 57 61 56 56 41 41 63 63
h0651 3 77 60 73 55 651 691 61 61 67 752 84 84 72 64 52 601 56 64 80 84 57 57 58 54 66 622 501 54 671 552 56 48 61 53 56 56 53 53 63 55
h0661 3 45 69 55 83 651 69 61 61 71 631 682 841 72 712 52 52 56 64 76 76 53 651 58 54 58 781 621 582 711 591 56 60 61 53 56 64 53 45 63 63
h0671 3 45 73 63 85 49 73 61 65 71 67 801 76 1431 1272 601 56 56 60 76 84 57 57 58 66 82 78 581 781 79 792 56 60 57 61 56 56 45 61 63 55
h0681 3 69 41 63 59 69 69 61 65 75 71 681 681 79 1472 601 64 60 48 72 72 57 691 62 58 82 82 661 701 79 552 56 52 61 61 601 60 41 45 59 67
h0691 3 73 65 63 63 65 69 61 53 71 79 762 721 76 1113 52 56 64 64 80 88 491 57 62 75 94 54 581 58 671 71 56 64 57 61 601 64 57 49 59 63
h0701 3 73 52 63 55 49 80 61 57 63 752 76 762 68 1272 52 71 60 68 72 72 53 57 62 50 82 66 621 54 79 551 56 64 57 65 56 56 41 57 63 63
h0711 3 56 48 71 55 691 77 61 61 67 831 72 762 72 115 52 40 56 64 80 80 57 61 58 75 98 622 70 66 79 552 56 56 61 53 56 56 41 41 63 63
h0721 3 45 49 63 67 65 691 61 57 75 71 76 68 64 79 40 64 56 64 76 88 57 65 58 66 66 98 70 581 71 71 60 64 57 65 601 60 45 61 59 63
h0731 3 65 52 55 100 73 73 61 57 75 67 641 762 76 1272 56 61 60 68 80 88 57 45 58 70 70 78 78 50 671 79 56 60 61 53 56 601 41 49 59 55
h0741 3 45 77 77 70 651 77 61 57 71 71 72 722 68 712 64 71 56 64 76 72 61 571 66 54 82 622 701 53 671 751 56 60 57 57 56 601 41 45 63 55
h0751 3 73 41 85 67 65 73 61 69 75 71 681 681 76 115 40 64 76 641 80 72 57 57 62 50 62 98 661 582 672 833 60 64 61 61 601 68 41 53 63 67
h0761 3 77 60 63 100 65 651 61 57 75 671 681 722 1313 712 61 64 60 60 92 84 57 61 50 54 82 62 62 661 79 79 56 60 61 65 60 60 41 45 63 63
h0771 3 45 41 63 67 731 93 61 65 71 71 722 68 76 83 601 56 60 60 80 76 57 45 62 58 82 78 701 54 79 712 48 64 61 61 56 60 53 49 59 63
h0781 3 77 52 63 70 77 89 57 69 71 63 72 722 64 752 52 481 56 60 80 76 53 57 62 58 66 622 62 66 672 75 56 64 57 53 56 641 57 57 63 63
h0791 3 73 73 63 85 651 77 61 57 75 71 762 841 64 1151 52 56 56 64 80 80 61 571 50 58 701 622 66 58 751 711 60 52 57 53 56 601 41 57 59 63
h0801 3 52 49 63 71 691 89 61 57 71 833 641 68 72 76 52 601 64 68 80 72 53 61 62 70 82 62 462 50 711 67 56 52 53 53 56 60 41 61 63 63
h0811 3 77 65 67 69 65 77 61 73 63 59 681 722 72 752 52 64 56 60 80 72 57 57 58 70 82 62 541 621 75 75 56 48 57 53 56 60 57 45 59 63
h0821 3 69 41 63 55 651 77 61 69 71 63 681 68 72 1193 601 481 56 56 80 72 53 57 62 74 66 66 501 50 711 551 56 56 61 53 60 64 41 57 63 63
h0831 3 56 65 67 51 65 93 61 61 67 79 681 762 76 1431 52 441 56 56 80 76 491 571 50 50 82 622 661 54 672 551 56 48 57 53 56 601 41 45 63 55
h0841 3 56 81 73 74 691 77 61 69 792 671 682 76 80 1313 56 56 60 72 80 80 53 61 62 66 94 86 701 582 79 79 60 60 57 61 56 56 41 53 63 63
h0851 3 65 41 81 70 65 89 61 57 67 792 72 722 72 79 52 441 60 60 80 76 57 57 58 66 82 86 66 54 671 833 60 48 57 57 56 56 41 53 63 55
h0861 3 77 52 79 1121 65 69 57 49 67 63 681 80 1151 123 52 481 60 60 80 76 53 57 62 58 94 66 62 54 79 79 56 56 57 61 56 56 41 41 63 63
h0871 3 45 48 63 63 571 73 57 53 75 59 801 76 68 87 52 441 56 60 76 72 53 57 62 74 54 82 70 66 79 711 56 48 61 53 56 64 41 41 63 63
h0881 3 65 65 69 84 691 73 61 57 75 71 722 84 76 76 52 56 56 60 76 84 57 651 50 54 82 661 54 50 671 711 56 48 57 53 56 64 57 45 59 63
h0891 3 73 65 83 83 651 691 53 69 67 136 801 76 76 76 64 71 56 56 76 72 53 531 50 58 82 62 66 541 79 711 56 48 61 53 56 60 53 61 63 55
h0901 3 41 41 71 70 69 49 53 53 67 63 72 682 68 1112 601 601 56 60 76 84 53 45 74 50 82 62 62 70 79 711 56 56 61 61 60 641 41 57 63 63
h0911 3 41 60 71 67 69 49 61 61 71 59 641 681 64 68 52 56 76 76 76 88 57 531 54 54 54 661 70 54 79 551 56 48 57 61 56 56 53 53 63 63
h0921 3 69 52 71 81 65 65 61 57 79 59 72 76 64 76 601 56 60 64 80 80 45 61 62 66 82 501 70 621 71 75 56 60 57 61 56 60 57 53 63 63
h0931 3 45 45 79 55 69 81 61 61 75 59 76 721 115 1431 52 68 60 60 72 72 53 57 50 66 82 82 741 58 79 75 56 60 61 61 60 641 41 45 63 63
h0941 3 48 49 63 77 731 69 61 57 67 63 72 80 76 76 52 56 56 60 80 72 57 571 74 58 82 62 66 582 79 552 56 52 57 61 56 56 53 37 59 59
h0951 3 65 49 55 59 65 651 61 61 71 79 681 721 80 1112 52 52 56 60 72 72 491 651 58 66 70 501 501 582 75 551 56 52 57 65 56 56 57 45 63 55
h0961 3 45 52 71 81 65 771 61 61 71 792 681 721 68 80 52 52 60 64 76 84 57 61 58 70 82 622 62 62 751 711 48 48 61 61 56 56 41 41 63 63
h0971 3 69 77 67 59 651 691 61 61 752 752 722 722 68 135 61 57 64 68 76 72 53 53 66 66 74 90 581 54 671 71 60 64 57 53 56 60 41 41 63 55
h0981 3 45 69 71 55 691 81 61 61 71 67 76 841 64 68 40 57 56 68 76 72 61 49 62 50 62 661 661 582 79 79 56 56 57 57 60 68 41 45 59 63
h0991 3 56 41 67 89 65 691 61 61 67 752 72 881 72 151 64 28 60 68 80 80 57 571 74 66 74 62 701 54 672 552 56 64 61 53 56 601 57 53 63 63
h1001 3 45 77 75 55 65 651 61 57 67 831 681 76 87 1311 40 56 56 72 80 76 491 61 62 62 78 62 621 54 79 75 56 48 57 57 68 641 41 57 59 59
h0012 4 45 65 79 70 65 651 61 57 67 59 681 841 64 1112 681 68 60 64 80 80 491 57 50 54 82 62 661 54 79 552 60 48 57 53 56 60 53 45 63 55
h0022 4 77 77 67 55 69 77 61 69 67 712 76 68 64 123 52 52 60 76 76 76 61 571 50 66 741 66 78 582 672 71 48 64 57 61 60 60 57 49 59 55
h0032 4 73 52 63 59 651 73 57 57 67 59 681 762 64 64 75 68 60 64 76 76 57 57 62 50 86 501 661 582 71 79 48 64 61 61 60 641 41 53 59 55
h0042 4 73 65 63 59 651 73 61 53 67 67 721 841 68 115 601 56 60 64 76 84 53 61 50 58 66 58 70 54 671 79 56 56 61 53 56 64 41 53 63 63
h0052 4 41 40 55 1121 691 69 61 65 71 67 72 762 64 1591 601 64 60 68 80 76 57 45 50 66 86 62 541 582 79 711 60 64 57 61 60 68 41 53 63 63
h0062 4 65 52 85 55 77 491 61 69 63 671 72 841 68 76 40 68 60 60 76 76 57 61 58 66 74 741 741 582 71 79 60 60 57 53 56 601 41 41 63 63
h0072 4 65 41 63 63 65 69 61 61 67 59 72 841 72 68 52 601 60 76 76 64 53 61 50 58 54 66 70 582 71 711 56 60 61 53 56 68 45 49 63 55
h0082 4 69 52 63 75 77 89 61 57 71 67 762 841 72 64 52 52 60 72 76 84 53 57 58 54 78 622 58 582 79 79 56 56 57 53 56 56 53 45 63 63
h0092 4 65 52 73 55 65 73 61 61 67 67 681 841 72 68 52 64 60 60 80 76 57 57 62 58 82 62 621 54 671 551 56 48 57 61 56 60 41 53 63 55
h0102 4 69 77 67 55 691 73 61 57 75 67 761 68 72 68 52 64 64 64 80 88 61 61 62 58 82 622 501 582 671 79 56 56 57 53 56 60 57 53 63 55
h0112 4 73 81 63 77 651 73 61 61 831 55 681 841 64 76 601 40 60 68 80 80 53 57 74 50 82 622 70 50 79 552 56 56 57 61 56 60 41 611 63 55
h0122 4 77 65 63 70 651 81 61 57 67 59 72 841 64 103 481 64 64 64 76 72 57 61 58 70 66 501 66 54 79 791 60 64 57 61 56 60 53 45 59 63
h0132 4 41 49 63 67 77 73 61 61 67 63 72 841 68 87 52 64 56 64 80 64 57 45 74 58 78 62 661 54 712 551 60 64 57 53 64 72 45 611 63 55
h0142 4 69 77 89 70 65 611 61 57 75 55 76 721 68 68 52 61 56 64 76 72 53 57 50 58 70 62 58 623 671 551 56 64 57 61 60 60 41 41 63 63
h0152 4 73 49 63 55 691 73 61 53 75 63 72 681 68 76 64 441 56 68 80 80 61 61 50 58 54 82 741 54 79 75 56 56 57 61 56 56 41 611 63 55
h0162 4 77 81 63 70 69 77 61 61 75 71 681 68 68 76 601 481 64 64 80 76 57 61 62 50 82 62 701 54 71 75 56 52 57 57 56 60 57 53 63 63
h0172 4 65 48 63 67 49 73 57 65 75 831 681 68 72 103 52 481 56 76 76 76 53 57 50 66 62 66 62 54 672 551 56 60 53 53 56 64 41 61 59 55
h0182 4 73 65 73 55 691 81 57 57 67 63 722 68 72 68 52 64 60 76 80 72 57 61 58 58 54 62 621 54 671 71 56 52 57 61 56 60 57 57 63 55
h0192 4 69 77 55 55 651 69 57 69 67 831 641 841 68 1151 481 64 56 64 80 76 57 61 62 58 74 741 62 50 71 79 56 60 61 53 601 60 41 53 63 55
h0202 4 73 73 63 74 691 69 57 53 67 872 681 762 64 139 52 52 56 64 80 80 57 49 62 62 94 62 661 623 71 79 60 64 57 61 56 60 41 53 59 55
h0212 4 45 69 83 74 69 89 61 61 67 59 72 80 72 64 52 52 60 68 76 84 57 57 62 58 74 66 62 53 751 551 56 48 57 57 56 60 41 57 59 55
h0222 4 77 48 67 78 69 77 61 57 63 792 76 722 68 1112 52 36 56 64 80 76 57 57 74 50 86 62 541 54 71 75 56 52 57 53 601 60 41 53 63 63
h0232 4 69 73 71 55 65 69 61 61 71 67 72 76 64 115 601 56 60 64 80 80 53 57 58 70 62 66 62 54 71 75 56 48 61 61 601 64 53 53 63 55
h0242 4 65 48 77 78 65 69 61 57 75 71 76 721 64 1591 52 601 56 64 80 76 612 57 62 58 86 62 701 582 671 79 56 48 57 53 60 64 57 611 63 63
h0252 4 73 77 73 55 691 77 61 57 71 67 80 68 64 68 52 64 60 64 80 80 69 531 58 58 78 622 541 54 671 551 52 64 61 65 56 60 41 53 59 55
h0262 4 73 41 63 67 69 49 61 61 71 79 72 80 72 64 40 64 64 68 80 76 57 61 58 66 62 781 621 582 79 79 56 56 57 61 56 56 41 53 63 55
h0272 4 69 77 75 55 651 77 57 57 631 63 72 68 68 76 52 601 56 60 76 72 57 65 58 54 62 62 661 582 751 71 56 60 57 61 56 56 41 53 59 63
h0282 4 65 61 67 55 65 73 57 53 67 752 722 762 64 76 52 601 56 60 80 88 57 61 50 54 86 622 501 50 672 79 56 56 57 57 60 60 41 53 63 55
h0292 4 73 73 55 81 611 77 61 73 75 752 72 72 68 79 52 64 64 72 76 72 57 61 70 54 74 62 661 54 672 79 52 48 57 57 56 68 57 53 63 55
h0302 4 77 65 63 74 651 77 53 53 67 67 762 841 64 87 52 52 60 72 80 76 57 61 62 50 66 622 621 582 792 551 48 64 61 53 56 56 53 611 59 55
h0312 4 77 49 67 55 49 73 61 61 71 71 72 681 64 76 52 52 56 60 80 92 61 65 62 58 82 501 66 582 79 711 56 48 61 53 56 60 57 53 67 55
h0322 4 69 73 55 89 69 49 61 57 71 671 721 841 68 135 56 64 60 64 76 72 57 57 74 50 70 501 62 582 79 711 48 64 57 57 56 60 41 53 63 55
h0332 4 65 52 55 70 651 69 53 53 67 712 76 721 72 64 40 64 60 60 80 76 57 57 58 66 54 622 62 54 671 79 60 64 61 53 601 60 57 611 63 55
h0342 4 65 41 1001 70 691 73 65 53 67 148 682 68 64 119 601 481 64 68 80 88 57 45 58 70 70 622 741 582 751 79 60 64 57 61 56 56 41 53 63 63
h0352 4 77 65 63 55 65 651 53 69 75 63 721 841 68 1351 601 64 60 64 80 80 57 57 58 66 62 501 54 54 79 711 48 64 57 61 56 60 41 61 63 63
h0362 4 77 65 75 70 65 651 57 73 67 67 681 68 72 64 52 601 60 64 80 80 57 61 58 54 62 98 621 54 671 79 56 60 57 61 56 64 53 49 59 63
h0372 4 69 77 63 70 65 77 61 57 71 67 76 722 64 79 52 64 76 64 80 76 61 571 58 54 74 501 501 54 71 71 60 60 57 53 56 60 53 45 63 55
h0382 4 65 41 63 104 691 69 61 57 67 148 72 761 72 68 61 64 56 60 80 76 45 61 58 70 62 66 541 54 71 59 56 64 57 57 60 60 41 41 63 55
h0392 4 65 41 101 70 65 651 53 69 71 79 72 76 64 76 52 64 68 601 80 80 53 57 58 58 82 622 701 53 79 75 48 64 53 53 60 641 53 53 63 63
h0402 4 69 73 55 89 49 73 61 61 71 67 681 68 68 1112 52 641 64 64 80 72 53 61 62 50 62 66 58 582 833 551 56 56 57 57 56 60 45 61 63 55
h0412 4 69 77 67 78 77 77 61 61 71 67 72 722 64 115 56 28 56 64 80 92 53 57 62 54 70 62 701 54 672 551 56 56 57 53 601 60 53 45 63 63
h0422 4 45 69 75 55 65 77 61 57 67 831 76 722 64 80 40 64 60 641 92 76 57 691 58 54 74 501 66 50 79 711 60 60 57 53 56 56 53 45 63 63
h0432 4 65 41 63 81 65 651 61 65 71 67 681 762 68 76 52 52 56 64 80 72 491 531 62 50 54 62 58 54 79 75 56 64 57 53 56 601 41 57 63 63
h0442 4 65 41 71 70 651 73 57 65 63 63 72 76 64 115 52 64 60 68 80 92 53 61 62 50 741 622 661 50 79 711 60 60 65 53 56 56 41 49 63 63
h0452 4 45 65 73 70 611 81 57 65 75 67 641 80 68 76 56 68 56 64 80 84 53 61 62 50 741 622 541 46 79 75 60 64 57 61 56 60 57 53 63 55
h0462 4 73 65 55 88 65 811 57 53 75 752 72 681 72 68 52 52 64 64 80 72 57 57 62 58 82 62 62 54 79 75 60 64 57 61 56 56 57 49 63 63
h0472 4 77 41 55 74 69 81 61 53 75 67 722 68 64 1391 52 64 60 64 80 80 61 61 62 54 70 54 541 582 671 71 56 64 57 65 56 60 41 49 59 63
h0482 4 45 65 55 80 89 73 53 73 67 792 72 76 72 68 52 64 60 76 80 76 45 49 62 58 74 622 541 50 71 79 60 48 57 53 56 60 41 53 63 63
h0492 4 56 65 63 59 691 73 61 57 71 63 72 88 68 79 52 441 56 64 80 76 57 57 62 58 82 62 58 54 71 79 52 64 57 61 56 56 41 53 63 55
h0502 4 73 48 63 55 73 693 61 57 75 67 84 88 64 68 481 68 56 64 80 72 57 45 50 66 74 62 62 54 79 552 56 56 57 57 56 60 45 49 63 55
h0512 4 77 41 63 71 65 651 57 69 67 752 72 72 68 68 481 68 76 64 80 76 491 61 58 75 62 58 66 54 71 71 56 48 57 61 56 60 57 611 59 55
h0522 4 73 65 79 55 691 73 61 49 71 67 72 722 68 115 56 64 56 64 76 88 57 61 74 58 86 622 70 582 71 711 56 56 57 57 56 601 57 53 63 55
h0532 4 69 73 63 55 65 61 61 61 67 67 84 68 68 1391 56 64 56 64 76 72 57 69 50 54 82 62 621 50 79 552 56 64 61 65 56 56 57 53 63 55
h0542 4 45 77 89 70 77 73 57 57 67 63 76 722 64 1311 601 65 64 52 80 88 57 57 50 66 78 66 62 54 71 552 56 48 57 65 56 60 41 53 63 63
h0552 4 45 65 55 89 65 69 61 57 63 55 80 68 64 80 28 68 48 68 80 76 61 61 50 54 86 62 54 53 67 551 60 64 57 61 56 60 41 53 63 55
h0562 4 73 65 63 116 65 73 57 53 71 59 76 601 72 64 601 64 56 76 80 72 57 65 50 66 78 62 581 54 59 551 48 64 53 53 56 60 41 49 59 63
h0572 4 69 73 63 71 69 73 61 53 75 144 681 76 64 151 40 641 56 60 80 76 61 69 62 58 82 622 661 54 79 79 52 64 53 53 56 56 41 57 63 55
h0582 4 69 56 55 81 731 81 61 61 71 63 681 68 76 60 52 61 60 60 76 72 57 57 62 50 98 622 58 54 71 79 56 64 57 61 56 60 41 53 63 55
h0592 4 73 77 73 55 651 69 61 57 67 67 722 841 72 64 52 601 56 64 76 88 53 57 62 50 74 62 621 46 79 79 60 64 57 53 56 60 57 53 63 63
h0602 4 73 65 63 100 65 65 61 61 63 712 80 841 68 119 52 601 56 64 80 80 61 531 74 54 62 66 70 582 71 552 56 56 57 61 60 64 41 41 63 63
h0612 4 69 69 73 74 611 77 61 61 75 67 722 841 68 1193 40 64 56 64 76 84 491 65 62 58 62 62 621 54 75 551 56 48 57 57 601 64 57 611 63 55
h0622 4 77 49 63 75 65 89 61 57 67 67 722 841 68 1472 52 56 60 60 76 88 53 57 50 66 94 62 58 582 71 79 56 56 57 61 56 60 53 53 63 55
h0632 4 73 65 55 59 65 65 61 57 71 67 641 841 64 1272 56 64 56 60 76 76 53 61 58 54 62 62 581 582 79 551 56 64 57 53 56 56 57 53 63 63
h0642 4 77 60 63 77 65 65 61 69 67 63 721 841 68 1112 601 601 64 64 76 76 65 531 62 58 70 62 66 54 671 79 56 48 65 53 60 60 53 45 63 63
h0652 4 41 40 71 55 65 49 57 53 67 792 84 68 72 64 56 83 60 68 80 76 53 531 62 58 82 622 66 54 711 551 56 64 53 53 56 56 57 61 59 63
h0662 4 73 81 63 67 731 73 57 53 71 67 761 68 68 87 601 64 56 64 80 80 57 57 62 50 741 622 58 50 79 551 56 64 57 57 56 56 41 41 59 55
h0672 4 73 65 63 55 89 73 61 57 67 67 762 84 72 64 52 64 60 641 92 76 57 45 50 54 66 66 541 54 79 593 56 52 53 53 56 60 53 53 63 63
h0682 4 73 52 77 55 65 691 61 53 67 59 72 76 64 1112 56 64 60 60 80 76 53 57 58 54 62 141 621 54 71 75 56 56 57 57 56 64 41 53 63 55
h0692 4 65 52 81 78 731 77 61 57 71 71 72 841 64 1431 64 36 60 64 80 80 53 57 58 58 78 622 62 582 71 552 56 48 57 53 60 64 41 53 63 55
h0702 4 69 77 63 77 811 77 61 57 71 792 641 841 68 1391 52 601 56 64 76 72 57 651 58 54 94 622 661 54 79 711 56 60 57 65 56 601 41 45 59 55
h0712 4 65 52 55 711 69 77 57 57 71 67 681 762 68 123 52 64 60 60 80 92 61 61 62 58 94 501 661 582 672 71 60 64 61 53 56 60 41 41 63 55
h0722 4 45 77 55 70 811 73 61 53 71 63 76 68 68 712 52 56 60 64 80 80 53 57 50 54 74 62 62 53 71 79 56 64 57 61 56 60 45 49 63 63
h0732 4 73 77 63 67 65 771 61 73 67 55 72 76 72 68 52 481 56 60 80 76 57 49 62 62 82 62 661 54 79 79 56 56 57 53 56 68 41 53 67 55
h0742 4 69 41 63 97 65 69 61 57 67 136 72 76 68 80 52 52 60 76 80 76 57 61 50 70 54 622 70 582 71 75 56 60 57 53 56 60 41 61 63 55
h0752 4 77 65 71 74 651 73 61 61 71 1282 681 841 72 64 52 64 60 64 76 72 491 57 50 58 86 62 541 582 79 75 56 48 61 53 56 60 41 53 59 55
h0762 4 73 65 63 55 65 531 61 57 67 671 681 68 68 68 52 64 56 60 80 88 57 57 58 70 58 622 581 582 552 551 56 56 57 65 56 56 53 45 63 55
h0772 4 45 69 67 55 611 77 57 53 71 67 72 721 64 1112 52 52 56 60 76 88 53 61 74 58 74 62 66 54 71 712 56 60 57 61 601 64 57 53 59 63
h0782 4 45 65 63 55 651 73 61 61 71 67 84 841 68 752 71 68 56 60 76 76 53 49 50 58 62 66 581 582 71 75 56 64 57 57 56 64 53 49 63 55
h0792 4 65 41 67 55 65 731 61 57 71 59 72 801 64 68 56 65 56 76 80 72 45 49 62 58 70 66 62 54 591 551 56 56 57 61 56 56 41 61 63 55
h0802 4 77 65 85 55 69 69 61 57 75 71 722 68 64 119 56 641 56 60 80 76 53 61 58 54 74 622 621 46 79 67 56 56 61 53 56 601 41 61 59 63
h0812 4 69 65 67 55 69 77 53 69 67 55 76 841 76 60 52 40 56 60 76 72 53 57 58 66 82 62 621 50 79 711 56 60 57 61 60 68 41 53 63 63
h0822 4 73 77 81 70 65 651 61 49 71 67 681 76 64 712 481 57 60 76 80 72 57 57 58 54 62 661 741 54 751 79 56 64 57 53 56 60 531 611 63 63
h0832 4 65 65 67 55 49 73 61 65 71 67 72 80 64 1271 64 441 60 76 76 84 57 49 62 50 54 62 541 54 79 551 56 64 53 53 56 56 41 53 59 55
h0842 4 69 73 89 70 691 69 57 57 67 671 681 76 64 79 52 71 64 72 80 84 53 531 50 58 78 62 67 54 71 833 56 64 57 53 60 68 41 45 63 63
h0852 4 45 65 81 74 65 651 57 69 71 631 722 68 68 1151 56 56 56 76 76 76 53 61 50 50 90 622 66 582 711 551 56 56 53 53 56 64 53 53 63 63
h0862 4 73 65 71 55 69 81 61 61 75 67 76 76 68 151 52 56 72 68 80 76 53 57 58 58 62 741 621 582 672 71 56 64 57 53 56 64 41 611 63 55
h0872 4 73 40 1121 74 691 73 57 57 67 59 72 841 68 123 56 68 64 641 80 76 57 45 50 66 86 622 66 54 671 71 56 64 57 53 601 60 57 61 63 55
h0882 4 73 65 67 74 65 80 53 69 71 67 72 84 64 143 52 64 56 64 80 76 53 57 62 58 62 501 701 54 71 711 56 561 57 57 56 60 41 49 63 55
h0892 4 73 77 63 81 69 73 61 61 631 67 80 762 72 68 52 64 60 64 76 88 53 531 58 78 86 622 621 46 672 71 56 56 61 53 56 60 53 45 63 55
h0902 4 69 65 63 71 691 73 61 57 71 67 76 76 64 752 52 64 72 68 76 88 57 57 58 66 74 58 70 54 71 552 48 64 57 57 56 56 53 45 63 63
h0912 4 73 65 63 63 651 73 57 65 75 712 681 76 64 1151 52 64 56 64 76 72 61 531 50 50 62 62 70 582 79 79 60 64 57 57 56 56 53 45 63 63
h0922 4 73 65 63 63 77 77 57 57 75 631 762 68 68 83 52 681 60 64 80 76 57 57 50 66 54 62 661 582 751 71 56 56 61 53 56 64 41 41 59 63
h0932 4 73 73 85 70 65 611 61 65 71 792 722 68 64 135 64 65 60 60 76 72 53 531 74 58 86 66 62 54 552 551 56 60 57 61 601 60 45 61 63 55
h0942 4 73 65 85 55 93 81 61 57 792 55 76 762 64 1431 64 64 60 60 80 80 651 65 58 54 90 622 70 46 71 79 56 56 61 53 56 56 45 49 63 55
h0952 4 65 41 63 81 65 69 61 57 67 63 76 84 72 64 52 601 60 68 76 88 57 65 58 70 82 66 70 46 751 71 56 60 57 53 56 601 57 53 63 63
h0962 4 69 73 75 55 49 73 61 69 75 67 682 76 72 64 52 481 56 76 76 76 53 57 50 66 62 66 66 54 71 79 56 52 57 57 56 60 41 45 63 63
h0972 4 77 56 55 84 65 691 61 57 67 712 641 72 64 68 56 481 56 60 80 72 57 57 62 58 86 66 58 582 79 593 48 64 57 53 56 60 45 61 59 59
h0982 4 41 81 55 81 69 771 61 65 67 63 722 88 64 1591 601 73 64 68 76 84 53 57 58 54 54 82 541 50 71 75 56 64 61 53 56 56 41 57 63 55
h0992 4 73 65 63 55 69 73 57 57 71 63 681 841 68 76 601 56 56 64 80 76 57 57 58 78 54 82 66 582 79 552 48 48 61 53 64 641 41 53 63 63
h1002 4 77 52 63 55 691 81 61 57 71 63 681 841 72 79 601 40 60 64 80 88 57 49 66 54 70 54 70 582 79 552 60 64 57 61 56 56 57 611 67 55
h0013 5 69 41 1001 70 651 81 57 57 71 71 721 841 64 1431 481 481 76 68 80 72 491 57 50 58 62 62 54 54 71 71 56 60 57 53 56 60 41 53 63 55
h0023 5 45 40 55 59 65 69 61 61 71 59 721 68 68 68 64 68 56 64 80 76 57 49 62 54 70 62 582 582 551 551 48 64 57 57 56 60 41 41 63 55
h0033 5 65 52 71 55 691 73 61 57 71 71 601 841 64 68 601 64 64 72 76 76 53 57 58 54 622 622 54 46 71 59 56 56 57 61 56 56 41 45 55 55
h0043 5 65 65 55 74 811 77 61 57 67 59 681 762 64 68 52 52 68 68 76 76 53 61 50 50 622 501 541 582 79 79 56 56 57 61 60 60 41 57 63 63
h0053 5 65 52 89 70 65 69 61 61 71 67 76 841 72 64 52 481 60 72 80 80 69 531 58 58 62 622 54 582 71 71 56 64 57 57 60 60 41 53 63 55
h0063 5 56 41 55 116 65 61 57 53 71 67 76 841 68 68 481 64 76 64 92 76 57 57 50 54 86 62 66 582 672 551 56 64 57 57 56 56 41 53 63 55
h0073 5 65 65 75 78 65 771 57 65 75 67 76 762 64 68 601 56 60 64 80 80 57 57 58 54 62 62 54 54 79 551 56 64 61 53 56 60 41 53 63 63
h0083 5 69 77 63 70 691 81 61 61 67 63 72 841 68 68 52 601 60 64 76 84 57 531 50 50 62 501 661 46 71 79 56 64 57 61 56 60 53 53 63 55
h0093 5 65 65 63 74 69 77 61 57 75 71 72 72 68 1431 64 641 56 64 80 76 53 57 58 78 62 661 54 582 71 79 56 60 65 53 56 641 53 53 63 63
h0103 5 77 65 67 70 49 73 61 61 67 671 681 68 68 68 52 68 64 64 80 64 57 49 50 50 62 62 54 582 71 79 56 48 57 57 56 60 57 53 63 55
h0113 5 69 65 55 89 69 73 57 53 67 752 76 68 64 76 52 68 60 60 80 76 57 531 50 58 70 622 62 582 751 551 56 56 53 53 56 60 53 61 55 55
h0123 5 69 65 63 71 49 73 61 57 75 712 72 80 68 76 64 68 68 68 80 88 53 57 58 54 62 62 50 582 59 551 48 64 57 61 56 601 45 611 63 55
h0133 5 56 65 55 89 691 77 61 61 67 67 841 88 72 143 52 441 64 64 80 76 57 61 58 66 66 66 581 50 79 593 56 64 57 61 56 601 53 53 59 55
h0143 5 69 65 79 74 651 73 61 57 67 63 76 841 64 1151 56 64 60 64 76 76 57 57 62 50 82 62 54 582 711 551 56 64 53 53 601 60 53 53 59 63
h0153 5 69 73 63 55 69 771 61 57 67 55 72 68 64 64 601 601 60 64 80 76 57 57 50 58 86 62 70 54 71 75 56 56 57 57 60 60 53 611 55 55
h0163 5 65 40 55 101 65 89 57 57 67 67 681 76 64 68 40 64 60 76 80 80 65 49 50 54 66 501 501 54 79 591 56 56 61 53 56 56 41 53 55 55
h0173 5 77 65 63 63 73 81 61 61 75 67 76 88 64 64 481 64 60 60 80 76 61 61 58 54 62 62 661 54 71 551 60 64 57 57 56 56 53 49 63 55
h0183 5 69 49 55 89 691 652 57 57 67 59 72 68 72 68 52 68 64 68 76 72 57 57 58 54 62 62 50 582 671 551 56 56 57 61 601 60 41 53 55 55
h0193 5 77 77 73 55 65 69 61 53 67 63 72 76 64 123 52 641 76 64 80 76 53 61 50 66 70 62 582 582 79 79 48 64 57 53 56 56 41 611 55 55
h0203 5 56 65 63 67 65 69 61 57 71 67 641 68 64 80 52 601 64 64 76 88 57 57 50 50 66 622 661 582 71 71 56 64 53 53 56 56 41 41 63 55
h0213 5 41 81 71 55 77 77 61 57 75 75 80 68 68 87 52 40 76 64 80 76 57 69 62 50 66 622 62 582 79 711 48 64 57 65 56 64 53 53 63 63
h0223 5 65 65 63 55 651 69 57 57 67 67 762 68 68 115 481 64 56 60 80 76 57 45 58 58 62 62 58 54 75 551 56 60 57 57 56 60 53 611 63 55
h0233 5 73 77 79 74 65 651 57 57 67 63 68 841 72 68 56 64 60 64 80 80 45 531 58 58 74 66 54 54 71 71 52 48 61 53 60 64 45 61 63 55
h0243 5 73 65 71 55 65 65 61 61 71 67 841 841 64 68 52 61 64 68 92 76 57 61 58 66 70 501 541 582 71 79 56 56 57 57 56 60 57 53 63 55
h0253 5 69 65 63 63 69 73 61 57 67 63 68 841 72 115 52 64 60 68 80 92 61 61 62 50 62 501 53 623 71 551 56 64 57 57 56 68 611 611 63 63
h0263 5 69 73 63 55 69 73 57 53 75 67 681 762 64 68 52 52 64 68 80 80 61 61 58 58 74 62 50 582 71 79 48 64 57 57 60 60 57 53 55 55
h0273 5 65 65 67 70 69 69 61 57 67 136 72 76 72 68 64 83 76 64 80 76 57 57 58 54 62 62 62 582 71 79 56 64 57 57 56 56 53 53 63 55
h0283 5 73 65 104 78 69 73 61 53 75 67 681 841 64 68 481 64 64 72 80 80 57 57 58 78 74 62 66 582 71 59 56 48 53 53 56 60 611 49 63 63
h0293 5 56 65 55 1001 73 73 61 57 67 752 762 68 64 64 83 68 76 64 80 80 57 57 50 54 62 62 50 582 79 711 56 56 57 53 60 60 53 49 63 55
h0303 5 65 65 63 63 77 89 57 53 71 67 76 762 68 1431 52 64 64 68 80 76 53 57 62 58 62 622 661 54 79 551 56 64 57 61 56 56 41 49 55 55
h0313 5 73 65 75 55 65 65 61 61 75 71 84 68 72 68 52 68 64 72 80 88 57 57 62 50 78 501 541 54 71 71 56 64 57 65 56 56 53 53 63 63
h0323 5 65 65 81 70 651 69 57 69 792 59 68 68 68 68 64 64 76 76 80 76 57 45 62 50 62 622 62 582 671 79 56 56 61 53 60 64 41 61 55 55
h0333 5 73 65 63 74 65 69 61 69 67 67 68 841 64 64 52 68 60 64 80 76 61 61 58 54 62 62 541 54 71 711 56 64 53 53 56 64 41 53 59 55
h0343 5 77 65 67 74 65 77 61 73 71 67 72 76 64 64 481 481 56 60 80 80 53 61 50 54 62 622 54 54 71 79 56 60 53 53 56 64 57 53 63 55
h0353 5 69 65 55 74 65 73 61 53 71 79 68 841 64 68 601 36 56 60 80 80 57 531 58 54 86 622 58 582 71 71 56 56 61 53 56 56 57 611 63 63
h0363 5 77 65 71 70 65 73 61 61 67 59 80 841 64 64 52 64 60 60 80 76 57 49 50 50 62 622 54 54 79 551 56 64 57 53 601 64 41 53 63 63
h0373 5 69 77 67 74 65 77 61 61 67 792 68 841 68 79 52 64 76 64 80 76 57 57 62 58 62 66 66 54 71 79 48 64 57 57 56 60 49 49 63 55
h0383 5 65 81 55 70 611 77 61 61 67 67 722 762 87 60 56 64 56 60 80 80 57 49 50 50 54 622 54 50 71 71 64 64 57 57 56 68 41 49 59 55
h0393 5 73 41 55 55 691 77 61 57 67 59 72 76 64 68 52 52 60 64 80 76 491 61 50 58 86 62 621 623 71 833 48 64 53 53 601 60 53 53 59 55
h0403 5 69 73 55 55 731 77 65 53 67 67 722 841 64 64 601 64 60 64 80 76 57 57 50 54 78 62 70 54 79 551 56 60 57 53 56 64 611 49 63 63
h0413 5 65 41 55 55 65 73 57 57 67 63 76 841 68 68 52 68 56 72 80 76 45 61 58 66 622 622 54 582 671 79 56 64 57 53 56 60 41 53 63 55
h0423 5 77 41 74 78 80 812 61 61 67 67 72 72 64 64 56 64 60 64 80 76 57 61 58 58 622 501 54 54 71 711 56 48 61 53 56 64 41 49 63 63
h0433 5 73 65 75 78 65 69 61 61 67 67 72 762 68 68 56 64 60 60 76 72 57 57 50 50 62 622 66 53 71 79 56 64 53 53 56 60 41 53 63 63
h0443 5 65 41 63 84 691 77 61 57 67 55 601 841 64 79 52 481 64 64 80 76 57 57 50 58 54 66 58 54 551 551 56 56 57 53 56 56 41 49 63 55
h0453 5 69 65 55 55 65 69 57 57 67 63 801 76 68 68 61 83 64 72 80 88 57 61 50 54 62 622 582 46 711 551 56 64 57 53 60 60 41 53 63 55
h0463 5 65 65 63 55 77 73 61 53 75 67 80 841 68 68 52 64 64 68 80 76 53 57 58 66 62 622 54 46 79 79 56 56 61 53 56 60 57 611 63 63
h0473 5 73 65 78 70 77 73 61 73 63 55 682 68 68 80 52 601 60 60 80 80 61 531 50 58 62 622 54 53 672 71 56 48 61 53 56 56 41 61 63 55
h0483 5 69 69 63 55 65 77 57 69 67 1282 72 84 64 64 481 64 60 64 80 76 57 61 50 58 70 62 582 582 79 551 56 64 57 57 56 56 57 49 63 67
h0493 5 65 52 63 59 65 77 61 57 75 67 72 841 64 76 52 64 64 64 80 76 57 49 50 58 62 622 70 582 79 75 56 56 57 65 60 64 57 53 63 63
h0503 5 73 65 55 70 77 49 61 57 67 67 72 681 68 68 52 481 56 60 80 92 57 65 58 54 62 622 54 582 71 551 64 64 57 57 60 60 41 49 63 55
h0513 5 41 81 63 70 69 693 61 61 71 67 681 68 72 64 52 56 60 68 80 80 57 49 58 58 62 622 541 54 79 551 48 64 57 61 60 60 61 61 63 55
h0523 5 65 65 63 55 651 73 61 53 75 55 841 841 68 68 40 68 60 64 80 88 61 49 50 50 62 62 54 582 71 552 56 56 57 53 60 64 611 611 63 63
h0533 5 65 65 63 55 73 81 57 57 75 67 841 841 68 76 52 64 60 60 80 72 57 531 62 54 66 622 66 582 671 71 56 56 53 53 56 60 45 61 63 55
h0543 5 73 81 63 74 65 77 57 57 67 63 68 841 72 68 52 52 60 52 80 76 57 61 50 58 622 622 741 54 71 833 56 64 53 53 60 60 53 61 63 55
h0553 5 73 41 55 78 771 81 61 57 55 59 72 721 64 87 56 64 64 64 80 76 61 65 50 50 62 62 621 582 71 71 48 64 57 53 56 60 53 49 59 63
h0563 5 77 65 67 55 65 73 57 53 67 59 76 841 64 64 601 64 60 64 80 88 491 57 50 50 70 62 661 54 79 552 56 60 57 65 56 64 53 53 55 55
h0573 5 65 49 67 55 611 69 61 57 67 55 76 68 64 68 64 64 64 64 80 76 61 61 62 58 66 622 54 582 71 551 56 64 57 61 56 60 53 49 63 63
h0583 5 45 65 63 55 691 73 57 53 71 67 762 68 64 68 52 64 60 68 80 76 57 61 50 50 54 54 50 623 79 593 56 56 57 53 56 60 57 53 63 63
h0593 5 73 49 74 78 65 691 57 65 67 792 72 76 68 60 64 71 60 64 80 80 57 61 62 58 66 622 62 50 71 79 56 64 57 65 56 60 41 53 63 63
h0603 5 65 65 55 81 65 73 61 57 67 63 72 841 68 83 52 68 60 64 80 76 57 57 54 78 86 62 661 54 71 71 48 64 61 53 68 64 57 53 63 63
h0613 5 73 65 63 55 73 73 61 53 67 67 72 841 68 68 52 64 68 68 76 76 61 65 50 54 54 66 582 53 71 552 56 64 57 53 60 64 57 53 63 55
h0623 5 65 81 63 55 651 49 61 57 71 671 68 88 68 87 64 641 76 64 76 76 57 57 58 58 62 62 661 623 71 551 56 60 57 53 56 60 53 61 63 55
h0633 5 77 65 74 78 69 69 61 57 71 67 72 762 72 68 52 641 64 68 80 72 57 61 62 50 54 501 582 53 79 79 56 60 57 53 56 60 45 611 63 63
h0643 5 77 65 55 70 651 49 57 53 67 67 80 762 68 1431 64 441 60 64 80 76 57 57 50 58 62 622 582 582 79 79 60 48 57 53 56 56 41 49 63 55
h0653 5 65 65 63 70 73 81 61 57 67 752 72 68 72 68 52 481 56 64 80 80 53 57 58 66 70 622 70 54 71 551 60 60 57 53 56 56 611 49 63 55
h0663 5 45 73 63 78 65 77 61 61 631 67 80 68 72 68 52 64 56 76 80 80 57 61 58 54 70 94 621 54 672 711 56 56 57 53 60 64 41 45 63 55
h0673 5 73 81 55 81 811 69 61 57 67 67 72 68 64 64 52 64 64 64 80 76 61 61 50 66 78 62 621 582 71 79 56 60 57 57 601 64 53 611 55 55
h0683 5 65 65 63 67 65 651 61 61 75 59 72 681 64 712 52 68 60 68 76 76 53 57 50 58 54 62 54 50 71 79 56 48 53 53 601 60 53 53 63 55
h0693 5 65 65 67 55 65 81 61 57 67 63 801 68 68 76 56 68 76 64 80 88 57 61 50 58 62 66 54 582 71 833 56 64 57 61 56 56 41 53 63 63
h0703 5 69 65 67 55 65 69 61 57 71 59 76 841 64 712 64 36 56 68 80 76 61 61 58 66 74 62 741 582 71 71 56 60 61 53 60 60 53 49 63 63
h0713 5 73 65 63 55 65 77 61 57 71 67 72 76 68 1112 52 52 64 68 80 76 57 531 58 58 66 622 66 582 71 71 56 64 61 53 56 56 61 49 59 63
h0723 5 69 73 63 55 611 77 61 61 71 67 72 681 68 60 601 64 60 64 76 76 61 61 50 66 66 622 50 582 71 79 64 64 57 53 56 60 53 53 63 55
h0733 5 73 81 63 67 65 65 61 57 75 63 72 80 68 68 52 641 68 68 76 76 45 61 50 58 82 622 58 54 79 79 48 64 57 53 56 64 53 49 63 55
h0743 5 65 65 55 55 65 77 57 53 63 59 841 88 79 60 64 64 64 64 80 76 57 65 62 58 141 622 541 54 71 551 56 48 61 53 56 60 57 49 63 63
h0753 5 73 65 63 55 651 73 61 57 67 55 68 841 64 64 64 64 76 64 80 76 53 57 62 58 66 501 582 582 671 551 60 64 65 53 601 60 41 49 63 55
h0763 5 77 65 63 63 73 81 61 61 75 63 682 76 64 68 52 64 60 64 76 88 57 61 58 58 82 62 54 582 71 551 56 64 61 53 56 60 41 53 63 55
h0773 5 65 41 100 74 69 73 61 57 71 67 841 841 68 76 601 64 60 68 80 80 57 531 50 54 62 66 54 46 71 79 56 64 57 53 56 56 41 53 63 63
h0783 5 77 41 55 55 73 73 61 57 71 67 76 841 72 68 52 68 56 60 80 76 57 61 50 58 66 622 54 46 79 551 561 64 57 61 60 641 53 53 63 55
h0793 5 73 65 63 59 651 69 61 57 67 63 722 841 68 76 52 40 56 64 80 76 491 49 62 58 62 741 54 50 671 79 56 56 57 53 56 60 41 57 63 63
h0803 5 69 65 63 55 65 49 57 57 71 55 68 841 68 68 601 56 76 72 80 76 57 61 58 54 66 66 54 53 71 79 56 56 57 61 56 64 53 53 63 55
h0813 5 77 65 55 74 65 81 61 57 71 67 72 72 64 64 52 481 60 64 80 76 57 61 50 58 74 74 50 582 71 833 64 64 57 53 601 60 45 49 63 63
h0823 5 65 65 63 89 49 81 57 57 67 831 601 68 64 68 64 64 60 64 76 72 57 61 50 58 62 62 621 54 711 551 56 64 57 61 60 60 41 53 63 55
h0833 5 73 48 63 63 65 65 61 57 67 67 72 68 64 68 52 64 56 68 76 76 57 61 58 54 62 66 582 582 71 79 56 48 57 53 60 60 41 49 63 55
h0843 5 69 77 55 70 65 73 61 53 631 55 841 841 68 1193 52 481 56 64 80 80 61 49 50 54 62 62 54 582 79 551 56 48 57 57 56 64 41 53 63 63
h0853 5 65 60 55 81 811 77 61 57 75 67 762 68 72 68 64 68 60 64 80 76 57 61 74 50 70 622 54 54 71 712 56 56 53 53 56 56 41 53 63 55
h0863 5 65 41 55 55 651 69 61 57 71 63 841 841 64 64 601 64 60 64 80 80 57 61 62 58 86 622 54 582 71 551 56 64 57 53 56 60 611 61 63 55
h0873 5 73 41 55 55 65 69 57 65 75 55 76 80 68 68 52 64 60 68 80 80 57 531 58 54 82 622 54 54 751 79 56 56 57 53 601 64 53 45 59 63
h0883 5 69 41 1121 70 77 73 57 57 67 792 762 841 64 68 52 64 60 68 80 80 57 61 62 58 62 62 50 582 551 551 60 48 53 53 60 60 41 611 55 55
h0893 5 65 40 81 78 65 65 61 69 71 63 841 841 68 68 52 52 56 60 80 88 491 65 58 58 86 62 661 54 79 59 60 64 53 53 56 60 53 53 63 55
h0903 5 45 77 89 74 73 81 57 57 67 67 72 80 68 68 601 64 56 64 80 80 61 61 62 50 62 66 70 582 71 71 60 60 57 57 601 60 53 45 63 55
h0913 5 65 81 1001 74 73 81 57 57 71 63 72 68 64 64 52 52 56 60 80 76 57 571 50 70 66 622 70 46 79 551 64 64 57 61 56 56 57 49 63 55
h0923 5 69 73 55 70 69 73 57 57 75 71 68 68 64 68 56 481 60 72 76 76 57 531 62 54 62 622 541 54 591 551 56 48 57 53 56 56 41 53 63 63
h0933 5 77 65 75 55 73 73 61 57 67 67 84 68 72 64 601 64 64 64 76 72 61 61 62 50 66 622 741 54 71 79 64 64 57 61 60 60 53 611 63 55
h0943 5 45 65 55 97 77 652 57 57 71 67 72 68 64 103 40 641 56 64 76 88 57 57 50 58 62 62 54 54 79 75 56 64 57 57 601 60 57 49 63 55
h0953 5 65 65 71 55 77 49 61 57 75 67 681 841 64 64 40 64 60 72 80 76 57 61 50 66 82 62 70 54 672 71 56 52 61 53 56 641 611 49 63 55
h0963 5 69 65 63 85 77 73 57 69 55 55 761 68 64 64 601 64 60 68 76 72 57 61 50 50 62 62 54 50 71 75 56 56 57 61 56 56 57 53 63 55
h0973 5 69 40 75 55 691 73 61 57 71 67 762 68 64 68 52 601 60 64 80 80 57 61 50 58 622 622 54 582 711 551 56 56 61 53 56 56 53 61 63 55
h0983 5 69 65 73 74 65 812 61 61 67 63 68 841 64 64 64 68 60 64 80 76 57 61 58 54 62 62 582 582 71 71 56 64 53 53 56 64 57 611 63 55
h0993 5 69 73 59 74 77 73 61 61 71 67 68 88 68 76 52 601 60 64 76 76 53 57 58 58 74 622 541 54 71 79 60 60 61 53 56 60 45 49 63 55
h1003 5 73 41 97 74 69 77 61 57 67 55 72 841 72 64 52 601 60 76 80 76 61 49 50 58 62 741 66 582 671 71 56 56 53 53 60 60 53 53 59 63
h0014 6 65 48 59 74 65 731 61 61 67 67 68 841 64 64 52 64 60 60 80 76 57 49 62 50 74 501 66 54 71 71 56 64 57 57 601 60 41 611 63 63
h0024 6 65 41 55 74 77 73 57 57 67 67 76 68 64 68 52 40 60 60 80 80 57 61 50 58 74 62 54 582 71 71 56 56 61 53 56 56 57 53 63 63
h0034 6 65 40 55 55 65 81 57 57 67 55 76 88 68 1193 601 64 76 64 76 72 57 61 50 50 54 62 54 582 71 75 56 56 57 57 56 60 53 53 63 55
h0044 6 69 65 55 89 65 77 57 65 67 63 68 68 68 68 52 601 76 68 76 76 57 61 50 58 62 62 50 50 71 552 64 64 57 53 56 60 49 49 63 55
h0054 6 73 56 78 70 69 73 61 57 71 752 68 68 64 68 601 56 60 64 80 76 57 61 62 58 62 622 54 46 71 79 56 64 57 57 60 60 53 49 63 55
h0064 6 69 65 63 55 65 65 57 57 71 63 76 762 64 68 52 641 60 64 80 76 57 57 58 58 62 62 54 53 671 79 64 64 53 53 56 60 57 53 63 63
h0074 6 69 65 55 74 65 65 61 57 67 136 68 68 64 68 40 68 60 64 80 80 57 531 50 54 62 622 54 582 71 79 56 64 57 53 64 64 49 49 63 55
h0084 6 73 65 63 89 69 77 61 57 67 67 80 762 64 68 601 64 60 60 80 76 53 531 58 54 622 622 54 582 71 71 56 64 57 53 601 60 611 61 63 63
h0094 6 69 65 63 63 65 77 61 57 67 55 72 76 64 68 64 68 56 64 80 76 57 49 50 58 622 622 66 582 71 79 48 64 57 57 56 60 53 61 63 55
h0104 6 73 65 55 55 69 73 57 53 67 59 841 88 64 64 52 52 76 64 80 76 57 531 50 58 62 501 621 54 79 551 56 64 61 53 60 64 53 49 63 63
h0114 6 65 65 63 74 77 73 61 57 75 59 68 841 64 68 481 64 60 76 80 76 57 57 58 58 661 501 623 623 71 711 56 64 57 53 56 60 57 61 63 55
h0124 6 69 65 55 55 651 81 57 57 67 67 72 841 68 80 52 601 64 64 80 76 65 49 50 58 622 622 54 582 672 79 56 56 57 53 60 64 53 61 55 55
h0134 6 65 81 81 74 73 81 61 61 67 59 76 841 64 64 52 64 60 76 80 76 57 65 50 50 62 622 70 54 71 79 60 52 57 61 56 60 41 53 63 55
h0144 6 69 69 55 74 651 69 61 57 67 63 72 68 64 64 64 83 72 68 80 76 57 61 58 78 62 501 54 46 79 79 48 64 57 53 56 56 41 53 55 55
h0154 6 41 41 55 55 65 73 61 61 67 67 681 76 64 68 52 481 60 68 80 76 57 49 50 58 70 62 66 54 79 79 60 48 53 53 56 56 53 53 63 55
h0164 6 69 65 55 104 65 73 61 57 67 67 68 841 72 68 52 68 60 60 80 80 491 57 58 54 70 622 62 54 71 551 56 60 57 53 601 64 45 611 63 55
h0174 6 65 65 74 78 65 73 61 57 752 55 72 721 64 68 601 481 56 60 76 76 57 61 50 58 62 501 582 582 671 79 56 56 57 57 56 60 41 53 63 55
h0184 6 73 41 63 55 77 77 61 53 75 71 72 841 64 68 64 64 60 64 76 72 61 61 50 58 66 622 70 54 71 711 60 64 61 53 60 60 53 53 63 63
h0194 6 65 65 55 74 77 693 57 57 75 67 76 841 72 68 601 481 60 64 76 76 45 61 58 54 62 62 54 582 71 71 56 56 57 53 56 64 41 49 63 55
h0204 6 69 65 74 78 65 69 57 53 71 67 72 76 64 68 52 64 60 64 80 76 57 61 62 50 62 62 582 582 71 833 56 60 57 53 60 60 41 57 63 55
h0214 6 77 65 63 55 65 69 57 53 75 63 72 841 72 68 601 64 64 68 80 80 57 531 50 58 86 62 54 582 672 71 56 60 53 53 56 60 53 611 63 55
h0224 6 69 65 55 70 77 77 61 57 71 59 76 76 64 68 52 601 64 64 80 76 53 61 50 50 62 622 54 54 71 552 56 64 57 53 56 60 53 53 63 55
h0234 6 65 81 63 73 65 73 57 57 71 67 68 841 64 64 52 481 60 64 76 76 61 49 58 58 62 501 501 54 79 551 48 64 57 53 56 60 53 49 63 63
h0244 6 69 65 55 70 691 69 61 57 71 67 76 76 72 68 52 641 76 64 80 80 57 61 58 54 70 62 661 53 751 79 56 64 53 53 56 641 53 49 63 55
h0254 6 73 65 55 70 651 73 61 61 75 67 76 841 68 79 601 481 64 64 80 80 57 57 62 58 86 62 582 582 71 79 48 64 57 57 60 60 41 53 63 63
h0264 6 73 81 67 55 691 77 61 57 71 67 68 68 64 68 601 64 60 64 80 76 61 61 50 58 62 62 54 582 71 79 56 56 53 53 56 56 41 53 55 55
h0274 6 65 65 78 70 652 73 61 57 67 67 72 72 64 79 52 52 60 64 80 80 57 61 50 58 62 62 54 582 71 71 56 64 53 53 56 60 57 61 63 55
h0284 6 65 81 55 84 65 77 61 61 75 67 762 68 64 68 601 601 64 64 76 88 53 57 50 58 62 62 62 582 71 551 56 64 57 53 56 60 41 53 63 63
h0294 6 73 65 55 55 65 65 61 57 71 67 68 841 64 68 601 64 60 60 80 80 57 57 50 50 62 66 541 582 71 551 56 64 61 53 56 56 53 49 63 55
h0304 6 65 65 63 55 77 73 61 57 67 67 72 68 72 64 64 68 60 68 76 76 57 57 62 58 62 62 54 623 71 79 56 60 57 61 56 60 53 53 63 63
h0314 6 69 77 63 74 69 73 61 61 67 59 68 841 68 68 52 64 60 64 80 76 57 57 50 58 62 62 54 582 71 71 56 64 57 53 56 60 41 57 59 55
h0324 6 69 65 63 100 69 81 61 61 71 63 762 68 64 68 56 64 60 64 80 80 57 531 50 50 62 501 541 54 71 71 56 56 57 57 56 68 57 49 63 63
h0334 6 65 41 63 73 65 77 61 61 75 63 841 88 64 64 52 641 60 76 80 80 61 61 62 58 54 62 54 582 71 79 56 56 57 53 56 60 57 53 63 63
h0344 6 69 41 55 55 77 81 61 57 67 55 68 841 72 68 52 52 76 64 80 80 57 61 50 58 54 62 582 582 833 551 56 60 61 61 56 60 53 611 55 55
h0354 6 69 73 55 55 65 65 57 53 71 67 762 68 64 64 52 61 60 64 80 76 57 57 50 50 62 62 54 53 71 551 56 64 57 61 56 60 53 53 59 63
h0364 6 65 65 55 55 73 73 61 57 67 63 841 841 64 68 52 64 64 64 80 76 57 57 50 50 66 622 582 582 71 551 64 64 57 57 56 60 41 53 59 55
h0374 6 69 69 84 70 73 73 61 57 67 752 762 841 68 68 52 64 60 64 80 76 57 57 58 58 62 501 54 54 71 551 56 64 53 53 60 60 41 61 63 55
h0384 6 65 65 63 55 69 77 57 57 71 67 72 72 64 68 52 68 64 64 80 72 57 57 50 58 54 501 54 46 71 71 56 56 57 61 56 60 53 611 59 63
h0394 6 69 65 63 74 77 81 61 57 75 71 68 841 68 68 64 64 60 64 80 76 45 61 58 58 622 501 54 54 79 59 56 64 61 53 56 60 53 49 63 63
h0404 6 73 77 63 55 65 812 61 61 71 67 72 72 64 76 64 36 76 64 80 88 57 61 50 58 62 62 582 582 71 71 64 64 57 53 64 64 41 611 63 55
h0414 6 69 65 55 70 49 81 61 53 67 67 762 841 64 79 52 56 60 64 80 80 57 61 50 50 66 622 54 54 71 71 56 64 57 57 60 68 53 53 55 55
h0424 6 69 65 55 70 65 77 57 57 63 55 72 681 68 68 52 68 64 64 80 80 57 531 50 58 62 66 582 623 79 75 56 64 53 53 56 60 57 49 63 63
h0434 6 69 77 71 55 65 65 61 57 67 67 681 76 64 76 601 56 68 68 76 76 57 531 50 58 62 66 66 53 71 71 56 64 57 53 56 56 53 53 63 55
h0444 6 77 65 55 1121 73 812 61 57 71 67 76 841 68 1431 52 64 60 64 80 76 57 61 50 50 62 622 54 53 71 71 56 64 61 53 64 64 45 611 63 63
h0454 6 65 65 63 71 65 69 61 61 71 55 68 68 68 68 64 64 60 64 80 76 57 57 50 58 62 622 54 582 71 79 56 56 57 53 56 64 57 53 55 55
h0464 6 73 65 55 70 77 73 61 57 71 67 72 68 68 68 52 40 60 60 80 76 61 49 58 54 62 501 54 582 551 551 56 64 57 61 56 60 41 53 63 55
h0474 6 73 41 63 74 65 73 57 57 67 67 841 841 64 64 40 64 60 64 80 88 57 61 50 58 54 66 54 50 79 551 56 64 53 53 60 64 53 53 55 55
h0484 6 65 65 63 67 65 65 61 53 67 67 80 841 68 79 64 64 76 64 76 76 61 61 50 66 62 62 54 582 79 79 56 64 57 53 56 64 611 49 63 55
h0494 6 65 49 89 70 65 77 61 57 67 67 76 76 64 68 52 64 60 60 76 88 57 57 62 54 62 622 541 54 79 79 56 64 57 53 56 56 53 49 55 55
h0504 6 69 65 63 1121 651 69 57 57 67 59 841 841 72 68 56 481 60 64 76 72 65 49 50 54 62 66 582 46 79 551 60 64 57 57 56 60 53 49 63 55
h0514 6 69 65 63 104 65 65 61 61 63 55 72 681 64 68 52 64 64 68 80 76 57 61 50 50 62 62 582 582 71 551 60 48 61 53 60 60 41 53 63 63
h0524 6 65 65 55 55 73 73 57 57 71 67 68 841 64 68 52 601 64 68 80 80 57 49 58 66 622 501 582 623 71 71 56 60 65 53 56 64 41 49 63 55
h0534 6 73 65 63 55 69 77 61 61 67 67 72 88 64 68 52 64 76 72 80 80 57 61 58 58 62 661 582 582 71 593 56 64 57 53 56 60 53 49 55 55
h0544 6 65 40 55 78 65 81 61 57 67 67 682 68 72 68 601 64 60 60 80 76 57 45 62 66 62 62 582 582 71 552 56 56 61 53 60 60 53 53 63 55
h0554 6 73 65 55 78 65 77 57 57 75 67 72 68 64 68 52 641 60 76 80 80 57 531 58 66 86 62 66 54 79 79 56 64 61 53 56 64 53 49 55 55
h0564 6 65 65 63 55 69 73 57 57 71 67 72 841 64 68 52 481 60 76 80 76 57 57 58 66 78 66 54 582 71 79 56 56 61 61 56 56 53 49 63 55
h0574 6 65 65 63 55 65 77 53 53 71 59 80 84 72 64 52 64 60 64 76 76 57 57 50 66 62 58 54 582 71 79 56 64 57 53 601 60 53 49 63 63
h0584 6 65 65 78 70 65 49 61 53 71 67 72 841 64 68 52 481 64 68 80 80 65 49 58 58 54 622 66 582 751 551 56 64 57 65 60 60 53 49 63 55
h0594 6 69 77 55 81 65 77 61 57 71 67 80 68 64 79 52 601 60 68 76 76 57 61 50 58 62 501 54 582 71 71 56 48 61 53 56 60 41 53 63 55
h0604 6 65 65 63 55 691 77 53 53 63 59 72 76 64 68 64 64 64 68 80 76 57 57 50 58 62 501 70 582 551 551 56 56 57 57 60 641 53 53 63 63
h0614 6 69 48 63 74 69 77 53 53 67 63 762 841 68 68 52 481 60 64 80 80 57 57 50 50 62 62 54 50 71 71 56 56 57 53 56 60 53 53 63 63
h0624 6 69 65 55 55 77 73 57 57 67 67 72 76 64 68 601 68 56 60 80 76 61 61 62 58 62 622 621 54 71 79 64 64 61 53 60 60 57 53 63 55
h0634 6 69 73 63 78 77 73 61 57 67 67 72 68 64 68 52 52 60 72 80 76 491 61 62 58 62 66 54 582 71 79 56 56 53 53 56 60 41 45 63 55
h0644 6 65 65 63 74 65 77 61 57 67 55 76 80 64 68 481 68 60 64 76 76 53 65 50 58 66 622 54 54 71 712 48 64 57 53 56 641 53 611 63 55
h0654 6 65 65 67 78 65 73 61 57 71 63 72 68 64 64 481 64 60 76 80 76 61 531 50 58 62 62 54 582 71 79 56 64 61 53 60 60 53 53 55 55
h0664 6 65 40 67 55 69 77 57 57 67 67 72 84 64 68 64 641 60 64 80 76 57 61 58 54 622 622 54 582 71 79 56 48 57 57 56 60 53 61 55 55
h0674 6 69 69 63 55 69 81 61 57 71 63 72 841 68 68 601 64 60 64 76 76 57 61 50 50 62 62 54 53 671 79 64 64 57 53 60 60 53 611 63 55
h0684 6 69 69 55 55 691 73 61 61 67 67 76 68 72 64 52 64 64 68 80 76 61 571 50 50 622 501 582 582 79 551 56 56 57 53 60 64 53 53 55 55
h0694 6 65 41 63 55 77 73 61 57 71 55 80 841 64 64 52 52 60 64 80 76 57 61 62 50 74 622 50 46 79 551 56 64 57 53 60 60 53 53 59 63
h0704 6 65 81 63 55 65 731 61 53 75 67 72 88 68 68 52 481 60 64 80 76 61 61 50 78 74 62 582 623 71 79 56 64 57 53 60 64 611 61 63 55
h0714 6 73 65 71 55 77 73 61 57 67 59 68 841 64 68 601 481 60 64 80 80 57 531 54 54 62 66 54 582 71 79 48 48 57 61 56 60 53 611 55 55
h0724 6 65 65 63 70 65 69 57 57 71 63 762 68 64 68 64 68 60 64 80 80 57 49 50 58 66 622 621 54 71 551 56 64 53 53 601 60 41 49 59 63
h0734 6 65 65 55 70 65 73 57 57 67 67 841 841 68 68 52 64 64 64 80 76 57 61 62 58 62 622 582 582 71 79 56 64 57 53 56 56 53 53 63 55
h0744 6 65 65 55 70 73 73 61 57 67 67 76 841 64 68 64 64 64 64 80 76 61 65 58 70 62 62 58 54 71 71 56 64 53 53 60 64 53 49 63 63
h0754 6 73 41 55 70 65 81 61 61 67 59 72 80 64 68 64 64 60 64 80 80 531 49 50 50 62 62 53 623 71 551 60 64 57 53 56 60 611 61 63 63
h0764 6 73 65 67 74 69 49 61 57 71 67 841 841 68 68 52 52 64 64 92 76 57 61 74 58 62 622 582 46 79 551 56 56 61 53 56 56 53 53 63 63
h0774 6 77 77 55 55 811 77 61 61 67 59 72 76 64 64 64 64 60 76 80 80 57 61 58 58 74 62 741 582 71 551 56 64 57 61 60 60 41 611 63 55
h0784 6 65 65 63 63 77 73 61 57 67 67 68 68 64 68 64 64 60 64 80 76 57 57 54 54 66 66 50 46 59 551 64 64 57 61 60 64 611 61 63 55
h0794 6 69 65 63 74 69 69 61 57 67 67 76 68 72 68 481 64 60 64 80 76 57 61 62 58 62 66 582 623 71 71 56 56 57 53 56 60 53 53 63 55
h0804 6 69 73 63 74 651 69 57 69 71 71 68 841 64 68 601 68 76 64 80 76 53 57 50 50 66 501 54 582 71 71 56 56 61 61 56 60 41 53 63 55
h0814 6 77 65 71 55 69 77 61 61 71 67 641 72 64 68 52 64 60 68 80 76 61 49 50 66 62 62 62 582 71 79 56 64 57 53 60 60 53 49 63 55
h0824 6 73 65 55 70 77 81 57 57 59 59 68 68 64 68 601 641 72 68 80 76 61 531 58 58 62 622 54 53 79 551 56 64 57 61 56 60 41 53 63 55
h0834 6 65 65 55 74 77 77 61 57 67 67 841 88 68 76 64 64 64 64 80 64 57 61 50 58 62 622 582 582 79 79 56 56 57 65 56 56 41 53 59 63
h0844 6 69 77 55 55 65 65 57 53 67 63 722 68 68 68 64 64 76 76 80 80 61 61 50 50 86 62 54 582 671 79 64 64 57 53 56 60 53 611 63 63
h0854 6 41 81 63 55 73 73 61 61 59 59 76 68 64 68 64 68 56 60 80 76 57 531 50 58 62 622 54 53 71 551 56 64 57 61 601 60 61 49 55 55
h0864 6 65 65 67 74 65 812 61 61 67 67 68 841 64 64 40 68 60 76 80 80 57 49 50 58 66 622 582 46 71 551 56 56 57 53 56 60 41 53 55 55
h0874 6 69 41 63 74 65 77 61 57 67 59 841 88 72 68 52 601 64 64 76 76 57 65 58 66 62 501 54 582 71 79 56 56 57 65 56 60 41 53 63 55
h0884 6 77 65 75 74 65 651 57 57 71 67 80 841 68 68 40 64 60 64 76 76 57 57 66 54 62 622 541 582 71 551 56 56 57 57 56 60 57 57 55 55
h0894 6 73 73 55 55 77 81 57 57 67 67 76 68 68 60 52 481 64 64 76 72 61 571 50 54 62 66 58 582 71 71 56 48 57 57 56 60 53 611 55 55
h0904 6 65 41 55 55 652 73 57 57 67 63 841 841 64 64 64 64 60 60 80 76 57 61 50 58 62 501 54 54 71 79 56 60 57 57 56 64 53 49 63 55
h0914 6 65 65 63 75 65 691 57 65 67 63 76 841 64 64 601 68 60 76 80 80 57 57 50 54 74 54 53 623 71 551 48 64 57 53 60 64 53 53 63 55
h0924 6 69 73 63 67 77 89 61 61 71 67 681 76 68 68 641 68 64 72 80 76 57 61 54 54 62 622 54 54 71 79 60 48 53 53 56 60 41 41 63 63
h0934 6 65 65 70 70 77 77 61 57 67 63 72 841 68 68 52 481 60 68 80 64 491 491 50 58 62 622 54 54 79 79 56 56 57 53 60 60 53 61 55 55
h0944 6 45 41 63 55 65 77 61 53 71 67 841 88 68 68 52 64 60 60 76 76 57 57 58 58 62 66 54 54 671 551 56 56 57 53 56 64 53 611 63 55
h0954 6 69 65 55 55 69 77 61 57 67 67 681 841 64 68 52 56 64 64 80 80 57 61 62 50 70 62 50 582 71 79 56 64 57 53 56 60 41 611 63 55
h0964 6 65 81 63 55 65 73 61 57 67 67 76 841 64 68 52 64 60 60 80 80 57 61 50 50 741 622 541 54 79 79 56 64 53 53 56 60 41 45 63 55
h0974 6 65 65 63 55 65 69 61 61 75 67 72 841 68 68 52 52 56 72 80 76 57 57 50 66 62 622 54 582 71 71 56 64 57 57 56 60 53 611 63 55
h0984 6 65 65 63 55 65 49 53 53 71 67 68 68 64 68 64 68 60 76 80 80 57 57 50 50 66 661 54 50 671 71 56 56 61 53 56 60 41 53 55 55
h0994 6 56 65 67 55 611 77 61 57 67 67 80 841 64 68 64 64 60 64 80 76 57 531 62 50 54 622 54 54 79 551 56 56 61 53 60 60 57 53 63 55
h1004 6 69 41 63 70 69 812 61 61 71 67 841 841 64 68 52 481 60 60 76 76 57 61 50 58 62 622 582 582 71 711 56 56 57 53 56 60 41 49 63 55
CK.0PLA 7 69 77 55 74 65 77 57 53 67 67 72 68 64 68 52 481 64 68 76 76 57 57 50 54 62 62 582 582 -9 -9 56 56 57 61 56 60 53 61 63 63
CK.0PLC 7 69 77 55 55 69 69 61 61 67 59 68 841 68 60 52 601 64 68 80 76 61 61 62 50 62 62 54 46 672 71 56 56 57 57 56 60 41 41 55 55
CK.0PLE 7 73 65 55 55 65 65 61 57 67 59 72 72 64 68 52 52 64 68 76 76 57 61 50 58 54 62 54 54 79 551 56 56 57 53 56 60 53 611 63 55
CK.0PLF 7 69 40 55 55 73 73 61 57 67 67 68 841 64 68 40 56 64 64 76 76 57 57 50 58 62 62 54 53 79 79 56 64 57 53 56 60 57 53 59 55
CK.0PLH 7 69 65 55 55 65 73 57 57 67 67 762 841 68 68 52 641 64 64 76 76 491 61 50 58 62 62 54 53 79 79 56 64 57 57 56 56 53 611 63 63
CK.0PLJ 7 65 48 63 63 65 69 61 61 75 55 72 72 68 68 52 64 64 68 76 76 57 61 50 50 62 66 50 582 71 79 56 64 57 61 60 64 41 53 55 55
CK.0PLK 7 69 65 55 55 69 77 61 57 67 67 76 76 64 68 481 64 60 64 80 76 57 61 50 58 62 62 582 582 551 551 56 64 57 53 56 60 41 53 55 55
CK.0PLL 7 65 41 55 74 65 69 61 57 75 63 841 841 64 68 52 601 76 64 80 76 61 61 50 50 66 622 46 623 71 79 56 60 57 57 56 56 53 53 55 55
CK.0PLM 7 73 65 55 55 65 73 61 53 67 55 76 76 68 68 64 64 64 72 76 76 57 65 58 58 66 622 54 50 71 71 56 64 53 53 60 60 611 49 63 63
CK.0PLP 7 65 41 63 78 69 77 61 57 67 55 841 841 64 68 52 601 76 64 80 76 61 61 50 58 62 58 46 623 71 79 56 60 57 57 56 56 53 53 55 55
CK.0PLT 7 65 81 55 74 65 69 61 57 71 67 68 841 64 68 64 64 60 60 80 80 57 57 50 58 62 622 54 582 71 551 56 64 57 57 56 64 53 49 63 55
CK.0PLU 7 73 65 63 55 65 69 61 57 71 67 72 76 64 68 64 641 64 64 80 76 57 61 62 50 62 622 582 582 71 79 56 64 57 53 60 60 53 611 63 55
CK.0PLX 7 69 81 55 78 73 73 57 57 67 67 762 841 64 68 601 64 60 60 80 76 61 531 50 58 70 501 54 54 71 79 52 48 57 57 56 56 53 53 63 63
CK.0PLY 7 69 65 63 74 77 77 61 57 71 71 76 68 64 68 64 64 60 64 80 80 57 531 58 58 62 501 582 582 -9 -9 64 64 57 53 60 60 53 49 63 55
CK.0PM0 7 69 65 63 55 65 65 61 57 71 67 72 68 64 68 601 481 60 60 80 80 531 49 50 58 74 62 54 582 551 551 56 64 57 53 60 64 41 611 63 55
CK.0PM1 7 77 81 55 55 69 73 57 57 75 67 76 68 64 68 64 83 60 64 80 80 57 57 58 58 62 501 54 54 71 551 56 64 57 57 56 60 53 49 63 63
CK.0PM2 7 69 65 63 55 69 77 61 57 71 71 76 80 64 64 52 68 64 68 80 76 57 57 58 58 62 622 54 50 79 79 56 56 57 53 56 60 49 49 63 63
CK.0PM3 7 69 40 55 55 651 77 57 57 55 59 72 762 68 68 64 64 60 64 80 76 57 61 50 50 62 501 54 582 71 551 56 48 57 53 56 60 41 49 55 55
CK.0PM4 7 69 65 63 74 81 812 57 65 71 67 841 88 64 68 64 64 76 76 80 76 57 57 58 54 54 62 582 582 71 71 56 64 61 53 60 60 41 611 55 55
CK.0PM7 7 65 65 63 63 65 77 61 61 71 67 68 68 68 68 52 64 64 64 76 76 61 61 58 58 62 66 582 46 551 551 48 64 57 53 60 64 53 611 63 63
CK.0PM8 7 65 65 74 74 77 77 61 57 71 63 68 841 64 64 601 64 76 64 80 80 61 49 58 58 62 622 54 54 71 79 56 56 53 53 60 60 41 53 55 55
CK.0PMA 7 65 65 63 74 65 65 61 57 75 71 72 68 72 64 601 64 64 64 80 76 57 57 62 50 62 622 54 54 71 71 60 64 57 53 60 64 53 49 63 63
M2C06 7 65 65 55 70 77 81 61 53 75 67 72 76 64 68 64 68 60 76 80 80 61 49 50 50 66 622 54 582 71 71 64 64 57 61 60 64 53 49 63 63
M2C07 7 65 65 74 70 77 73 61 53 67 67 76 841 64 68 64 64 60 60 80 76 57 61 58 58 62 622 54 582 71 79 56 64 57 53 56 60 53 49 55 55
M2C08 7 65 65 78 70 73 81 61 57 67 67 841 841 64 68 52 68 60 60 80 80 57 61 50 58 62 622 54 582 71 79 56 64 57 53 60 64 53 61 63 55
M2C0A 7 65 65 70 70 77 73 61 61 75 67 72 72 72 68 52 68 60 60 80 80 61 61 50 58 622 622 54 582 71 79 56 64 57 53 60 64 53 53 63 55
M2C0C 7 77 65 63 63 65 652 61 57 67 67 68 68 64 68 52 52 60 60 80 76 57 57 50 58 62 501 54 582 79 79 56 56 53 53 60 60 61 61 55 55
M2C0E 7 69 73 55 70 73 81 61 57 71 67 72 72 64 68 64 68 68 68 76 76 57 57 50 58 62 62 582 582 71 79 56 56 57 53 56 60 53 53 63 63
h01 8 65 65 74 74 65 65 61 57 67 67 72 72 64 68 64 68 60 64 80 80 61 49 58 58 62 622 54 50 71 71 56 56 57 57 56 60 41 53 63 55
h02 8 65 65 74 74 65 73 61 57 67 67 72 841 68 68 64 641 60 68 76 76 57 61 50 50 62 62 54 582 71 79 56 64 57 57 56 56 53 611 59 63
h03 8 77 40 63 70 69 69 61 61 67 55 72 68 64 68 40 64 60 60 76 76 57 61 50 58 54 501 54 54 79 79 56 56 57 53 56 60 53 53 63 63
h04 8 65 65 55 70 65 65 61 61 67 55 72 76 64 64 52 64 76 68 76 76 57 57 50 58 62 622 54 582 71 79 64 64 57 53 56 60 53 611 63 63
h05 8 69 41 55 70 77 77 61 57 67 55 72 76 72 64 64 68 60 64 80 76 57 57 50 58 62 622 582 582 71 551 56 64 57 61 60 60 53 49 63 55
h06 8 69 65 63 55 65 77 57 57 71 67 76 68 72 60 52 64 60 64 76 76 57 49 58 54 62 622 54 54 672 71 64 64 57 53 60 60 53 61 63 63
h07 8 69 69 55 55 73 81 61 57 71 67 841 841 68 68 601 641 60 68 80 76 61 49 50 58 62 66 54 50 71 551 56 64 57 57 56 60 53 53 63 63
h08 8 73 81 55 55 69 69 61 57 71 67 68 841 68 68 52 64 64 64 80 76 57 531 50 50 66 622 54 54 71 551 56 60 53 53 56 60 41 53 55 55
h09 8 69 65 55 55 65 73 57 57 71 67 72 762 64 68 64 68 76 64 80 80 61 61 58 58 66 501 54 54 71 79 64 64 57 53 60 60 49 49 55 55
h10 8 77 81 63 74 69 81 61 57 67 67 68 841 68 68 601 64 60 68 80 80 57 61 62 58 66 501 50 582 79 79 56 64 57 53 56 64 53 53 63 63
h11 8 65 40 55 74 77 73 57 53 67 67 72 72 68 68 52 52 60 64 76 76 61 61 58 58 62 62 54 582 71 551 64 64 57 57 56 60 41 611 63 63
h12 8 69 65 55 55 65 73 61 53 67 67 72 76 64 64 56 64 60 64 80 76 57 49 50 54 74 62 46 623 71 79 56 56 57 57 56 56 41 49 63 55
h13 8 73 65 55 74 65 69 61 57 67 67 76 762 64 68 64 641 76 64 80 76 57 61 58 58 62 622 582 582 71 71 56 56 57 53 60 60 41 53 63 63
h14 8 65 40 63 70 65 73 61 57 71 67 72 68 68 68 64 641 64 64 76 76 57 57 50 58 62 62 54 582 71 79 64 64 57 57 56 60 53 49 63 63
h15 8 73 65 63 55 65 73 57 57 55 55 68 841 64 68 52 64 76 64 80 76 61 61 58 58 622 622 54 582 71 71 56 64 57 53 60 64 53 53 63 55
h16 8 69 65 55 55 65 77 61 53 67 67 762 68 64 68 52 64 60 76 80 76 57 57 58 58 62 622 54 582 71 79 56 64 57 57 60 60 53 53 63 55
h17 8 69 65 55 55 69 77 61 61 67 67 72 72 64 68 64 64 60 64 80 80 491 57 58 58 62 501 582 623 79 79 56 64 57 57 56 64 53 611 63 55
h18 8 65 65 55 74 65 77 61 57 67 59 76 68 68 68 40 83 64 68 80 76 57 57 50 58 66 622 54 50 79 551 56 64 53 53 60 64 41 53 55 55
h19 8 69 65 74 70 65 69 57 53 67 59 72 76 64 68 64 641 60 64 76 76 61 61 50 58 62 62 54 54 79 551 56 48 57 53 60 60 41 53 55 55
h20 8 65 65 55 70 65 77 57 57 75 67 76 841 64 68 64 68 64 68 76 76 57 57 50 58 62 62 54 582 71 79 56 64 57 57 56 60 57 53 63 55
h21 8 65 40 63 55 65 69 61 61 71 67 76 68 68 68 52 64 64 64 76 76 57 61 50 58 62 622 582 46 71 79 48 64 57 53 60 60 53 61 63 63
h22 8 69 65 55 74 65 65 61 57 75 67 76 76 64 64 52 40 76 64 80 76 57 57 58 58 62 62 54 46 71 71 48 64 57 53 60 64 53 49 55 55
h23 8 69 65 55 55 77 812 61 57 67 59 76 762 64 68 64 64 60 60 80 80 57 61 50 58 62 501 54 582 71 79 60 64 57 57 56 56 41 49 63 55
h24 8 69 65 63 63 77 77 61 65 67 67 72 76 64 68 64 64 64 68 80 76 61 61 58 58 58 622 54 46 551 551 56 64 57 53 56 64 53 611 55 55
h25 8 65 41 74 74 65 73 61 53 67 67 68 68 64 68 52 64 60 64 80 80 61 61 62 58 62 501 54 582 672 79 56 64 57 57 60 60 53 61 63 63
h26 8 69 69 74 74 77 73 61 61 71 71 68 68 68 68 64 64 60 64 80 76 57 57 50 58 62 62 54 582 79 79 56 64 57 53 56 56 41 53 55 55
h27 8 65 40 63 55 65 81 57 53 71 71 76 841 64 68 52 641 64 68 80 80 61 531 50 50 66 622 54 582 551 551 64 64 53 53 56 60 41 53 55 55
h28 8 65 65 55 55 65 73 57 57 75 67 76 76 64 68 601 481 60 60 76 76 61 61 50 58 62 62 54 582 71 79 56 56 57 57 56 60 41 53 55 55
h29 8 73 65 55 55 65 69 61 61 71 67 68 841 72 64 52 52 64 64 80 76 61 49 50 50 62 58 54 582 71 71 56 64 57 57 56 64 53 61 63 63
h30 8 69 73 55 55 69 77 61 61 71 55 68 841 72 68 64 68 60 68 80 76 57 57 50 58 62 622 582 46 71 71 48 64 57 57 56 64 53 53 63 55
h31 8 77 81 63 74 77 77 57 57 71 63 72 72 72 68 52 601 64 72 80 80 57 61 50 50 622 501 54 54 71 79 56 56 57 53 56 60 53 49 63 63
h32 8 73 81 63 55 77 73 57 57 71 67 68 841 68 68 601 68 60 60 80 80 57 61 50 50 70 62 54 582 71 79 56 64 57 53 60 60 53 53 63 63
h33 8 69 65 55 55 65 69 61 61 75 67 72 841 68 68 64 64 76 64 80 76 57 57 58 58 62 66 54 54 71 71 56 56 57 61 60 64 53 611 63 63
h34 8 65 65 63 55 73 81 61 61 67 67 72 76 64 64 52 64 60 76 80 76 57 61 50 58 62 62 582 582 79 79 64 64 53 53 56 60 53 49 55 55
h35 8 69 65 63 70 69 77 53 53 67 67 72 841 72 68 52 64 60 64 76 76 57 61 50 58 62 622 54 582 71 79 60 64 57 53 56 56 53 49 63 55
h36 8 69 73 55 70 77 77 61 57 71 67 76 68 68 68 52 64 60 64 80 76 61 61 50 50 74 622 54 582 71 79 56 56 57 61 60 64 53 49 63 63
h37 8 77 65 55 55 69 69 61 61 75 67 841 841 68 68 52 64 60 64 80 76 57 57 50 58 54 62 582 582 79 551 56 56 53 53 60 64 53 49 63 55
h38 8 69 73 55 55 69 73 57 57 75 63 841 841 68 68 601 64 64 64 76 76 57 61 50 58 62 66 54 582 71 79 56 56 57 57 56 60 53 49 63 63
h39 8 73 65 55 74 77 77 61 57 71 67 72 68 68 68 52 64 64 64 80 80 57 61 58 58 622 501 54 623 71 551 56 64 61 53 56 60 41 53 55 55
h40 8 73 65 63 74 65 77 61 61 67 67 68 841 68 68 52 64 60 64 80 76 57 61 58 58 62 62 54 582 71 551 56 64 57 57 60 60 53 611 63 63
h41 8 69 65 63 55 73 81 61 57 67 67 841 841 64 68 52 64 64 64 80 80 61 61 50 50 70 58 582 582 71 79 56 64 57 53 56 60 611 611 63 55
h42 8 69 77 63 63 77 81 57 53 67 59 68 68 64 68 64 64 60 76 80 80 57 61 50 58 622 622 54 623 71 71 56 60 57 57 56 60 53 53 59 63
h43 8 69 65 63 55 65 81 61 61 71 71 72 72 68 68 52 601 60 68 76 76 57 57 50 58 62 501 54 623 71 551 56 64 57 57 60 64 53 53 55 55
h44 8 69 73 55 55 65 77 61 53 71 67 68 68 64 64 64 64 76 64 80 80 57 61 58 58 62 622 582 623 79 551 56 64 57 57 56 64 53 53 55 55
h45 8 69 65 55 55 81 812 57 57 75 71 72 76 64 68 52 601 60 60 80 80 57 61 58 58 70 62 582 582 71 79 56 48 57 53 60 60 53 611 63 63
h46 8 65 65 55 78 77 81 57 57 67 67 68 841 64 64 52 601 64 64 80 76 57 61 62 50 62 62 54 582 71 71 52 64 57 53 56 60 53 49 55 55
h47 8 69 41 63 55 69 69 61 53 67 67 76 841 64 68 601 481 76 64 80 76 57 49 50 50 622 501 54 582 71 551 56 64 57 57 56 60 53 53 63 55
h48 8 77 81 74 70 69 77 57 65 55 59 68 841 64 64 601 64 60 60 76 76 57 49 50 58 62 62 54 46 71 71 48 64 57 53 56 56 611 49 63 55
h49 8 69 77 55 74 69 77 61 61 71 67 76 68 64 68 64 68 60 64 80 76 61 531 50 58 62 501 54 582 71 79 64 64 61 53 56 60 53 611 59 55
h50 8 69 77 55 74 65 69 61 57 75 67 841 841 68 68 52 68 60 68 76 76 57 57 50 58 62 62 54 54 71 79 56 56 57 53 60 60 41 53 63 55
h51 8 69 81 63 78 65 69 61 57 63 55 68 841 72 64 601 64 60 72 76 76 57 531 50 58 62 62 54 53 71 79 56 60 57 57 56 60 53 53 63 63
h52 8 69 65 78 70 73 73 61 57 71 67 68 841 68 68 52 641 76 64 76 76 57 57 58 58 622 622 582 46 71 79 64 64 61 61 56 60 53 53 63 55
h53 8 69 65 55 74 73 81 61 61 75 67 72 68 64 68 64 64 60 68 80 76 61 49 50 58 62 622 582 582 79 79 48 64 57 61 56 64 53 49 63 63
h54 8 69 65 55 70 69 81 61 53 67 67 68 841 64 68 481 64 60 76 80 76 57 57 50 58 62 62 54 582 79 79 48 64 57 57 56 60 53 611 59 55
h55 8 77 65 63 70 65 69 61 61 67 55 76 68 64 64 601 64 64 68 80 80 61 49 50 58 62 62 50 582 79 551 56 64 53 53 56 56 41 611 63 55
h56 8 77 81 55 70 65 73 57 57 67 59 72 76 64 64 64 68 60 64 80 80 57 61 50 58 54 66 54 582 71 71 64 64 57 53 56 56 53 53 63 55
h57 8 77 65 55 70 69 652 57 57 71 59 72 68 72 68 64 64 64 68 76 76 57 57 50 50 62 622 54 582 71 79 64 64 57 53 56 60 49 49 63 63
h58 8 69 65 55 74 65 77 61 57 67 59 68 841 64 64 52 52 60 64 80 80 61 61 50 58 62 62 582 582 71 79 56 56 57 53 60 64 61 61 55 55
h59 8 65 65 63 78 77 73 61 57 67 67 72 762 64 68 52 68 60 76 80 80 61 531 50 50 62 62 54 582 551 551 56 64 53 53 56 60 53 53 63 63
h60 8 65 65 63 55 65 65 57 53 75 67 68 841 64 68 601 64 60 60 80 80 57 61 50 58 62 62 54 582 71 551 56 64 57 57 56 64 53 53 55 55
h61 8 73 65 55 55 69 81 61 61 71 67 72 841 64 68 64 64 64 68 80 80 57 57 50 58 62 62 54 54 71 551 56 56 57 53 60 60 53 49 63 55
h62 8 69 81 55 74 69 69 61 61 71 67 72 841 64 68 40 64 60 64 80 80 57 61 50 50 62 622 54 582 79 551 56 56 57 57 56 64 53 53 63 55
h63 8 77 65 55 78 77 73 61 61 67 67 72 68 68 68 52 64 76 64 80 76 57 61 50 58 62 622 582 582 71 551 64 64 57 57 56 64 53 49 55 55
h64 8 73 81 55 74 65 65 61 57 75 67 72 72 64 68 52 68 64 64 80 80 57 57 50 50 62 622 582 46 551 551 56 56 57 53 60 60 61 49 55 55
h65 8 65 65 55 55 65 77 61 57 67 55 68 68 68 68 52 56 68 68 76 76 57 57 50 58 70 622 54 582 79 551 56 56 57 53 60 64 53 49 55 55
h66 8 69 65 55 74 69 812 61 57 67 55 72 68 64 64 64 64 76 64 80 76 57 57 62 50 62 62 54 582 71 79 56 56 53 53 56 56 53 61 63 55
h67 8 69 69 74 78 652 73 57 57 67 59 72 841 68 68 52 64 60 68 80 80 57 61 58 58 622 501 54 54 79 79 64 64 57 57 60 60 53 61 59 59
h68 8 65 65 63 55 651 81 57 57 75 67 72 72 64 64 64 83 60 64 80 76 61 65 50 58 62 622 54 50 79 551 56 64 57 53 60 60 41 53 55 55
h69 8 69 65 55 55 69 73 61 57 67 63 76 841 68 68 52 64 60 60 76 76 57 49 62 50 62 58 54 46 71 79 56 48 53 53 60 60 49 49 63 55
h70 8 69 65 63 63 65 77 61 57 67 67 72 841 72 64 64 641 60 60 80 80 57 531 50 50 66 501 54 53 79 79 56 48 57 53 56 56 611 61 63 63
h71 8 65 65 55 74 77 77 53 53 71 71 72 76 68 68 64 64 64 64 76 76 57 57 50 58 62 62 582 582 79 551 56 64 57 53 56 56 41 53 63 63
h72 8 65 65 63 70 69 73 57 57 71 67 76 762 72 68 64 64 60 64 80 80 57 57 50 58 62 66 582 582 71 79 56 56 53 53 56 60 41 53 63 63
