       M1EL5  1 0.9782 0.0218 
       W26T6  1 0.9536 0.0464 
       W26XX  1 0.9809 0.0191 
       M013P  1 0.9722 0.0278 
       M1ELA  1 0.9437 0.0563 
       M2C73  1 0.9777 0.0223 
       W23P4  1 0.9659 0.0341 
       W247C  1 0.9748 0.0252 
       W24K1  1 0.9798 0.0202 
       W24ME  1 0.9587 0.0413 
       W2514  1 0.9762 0.0238 
       W26MA  1 0.9601 0.0399 
       W26MM  1 0.9633 0.0367 
       W26MU  1 0.9741 0.0259 
       W26P0  1 0.9798 0.0202 
       W26P3  1 0.9808 0.0192 
       W26T5  1 0.9832 0.0168 
       W26TE  1 0.9680 0.0320 
       W26TF  1 0.9450 0.0550 
       W26U8  1 0.9324 0.0676 
       W26UJ  1 0.9767 0.0233 
       W26UK  1 0.9849 0.0151 
       W26UT  1 0.9812 0.0188 
       W26XT  1 0.9640 0.0360 
      CC06H2  1 0.9530 0.0470 
      CC06H4  1 0.9604 0.0396 
      CC06H5  1 0.9698 0.0302 
      CC06H6  1 0.9856 0.0144 
      CC06HE  1 0.9780 0.0220 
      CC06HF  1 0.9437 0.0563 
      CC06HH  1 0.9819 0.0181 
      CC06HJ  1 0.9621 0.0379 
      CC06HL  1 0.9814 0.0186 
      CC06HP  1 0.9819 0.0181 
      CC06HT  1 0.9543 0.0457 
      CC06HU  1 0.9747 0.0253 
      CC06HY  1 0.9537 0.0463 
      CC06J0  1 0.9559 0.0441 
      CC06J1  1 0.9571 0.0429 
      CC06J2  1 0.9708 0.0292 
     CT.0YCY  1 0.9753 0.0247 
     CT.0YEC  1 0.9806 0.0194 
     CT.0YEF  1 0.9820 0.0180 
     CT.0YEU  1 0.9852 0.0148 
     CT.0YF2  1 0.9702 0.0298 
     CT.0YF8  1 0.9866 0.0134 
     CT.0YFA  1 0.9851 0.0149 
     CT.0YFE  1 0.9792 0.0208 
     CT.0YFP  1 0.9669 0.0331 
     CT.0YFU  1 0.9786 0.0214 
     CT.0YK7  1 0.9661 0.0339 
     CX.10PT  1 0.9098 0.0902 
      DAM021  1 0.9719 0.0281 
      DAM034  1 0.9847 0.0153 
      DAM07X  1 0.9799 0.0201 
     EF.15J6  1 0.9796 0.0204 
      HRV010  1 0.9656 0.0344 
      HRV02J  1 0.9732 0.0268 
      HRV078  1 0.9675 0.0325 
      HRV0FH  1 0.9825 0.0175 
      HRV0H5  1 0.9709 0.0291 
      HRV0JF  1 0.9754 0.0246 
      HRV0JJ  1 0.9726 0.0274 
      HRV0JM  1 0.9811 0.0189 
      HRV0K6  1 0.9151 0.0849 
      HRV0K7  1 0.9811 0.0189 
      HRV0KP  1 0.9441 0.0559 
      HRV1AX  1 0.9733 0.0267 
      HRV1C4  1 0.9838 0.0162 
      HRV1CH  1 0.9731 0.0269 
      HRV1FA  1 0.9736 0.0264 
      HRV1FK  1 0.9595 0.0405 
      HRV1H8  1 0.9788 0.0212 
      HRV1HT  1 0.9632 0.0368 
      HRV1XU  1 0.9241 0.0759 
      HRV4TF  1 0.9721 0.0279 
      HRV6F0  1 0.9684 0.0316 
      HRVE6L  1 0.9582 0.0418 
       M27HM  1 0.9805 0.0195 
       M27HP  1 0.9806 0.0194 
       M2AK4  1 0.9765 0.0235 
       M2ALA  1 0.9798 0.0202 
       M2C56  1 0.9778 0.0222 
       M2CUX  1 0.9657 0.0343 
       M2E24  1 0.9808 0.0192 
       M2EA7  1 0.9733 0.0267 
       M2EH6  1 0.9809 0.0191 
       M2EKC  1 0.9585 0.0415 
      MSV083  1 0.9276 0.0724 
      MSV084  1 0.9785 0.0215 
      MSV0LJ  1 0.9727 0.0273 
      MSV1H5  1 0.9760 0.0240 
      MSV1KM  1 0.9819 0.0181 
      MSV23F  1 0.9389 0.0611 
      MSV2L8  1 0.9723 0.0277 
      MSV2P7  1 0.9760 0.0240 
      MSV2TJ  1 0.9843 0.0157 
      MSV2XM  1 0.9652 0.0348 
      MSV327  1 0.9695 0.0305 
      MSV33L  1 0.9836 0.0164 
        h001  2 0.6827 0.3173 
        h002  2 0.9529 0.0471 
        h003  2 0.9561 0.0439 
        h004  2 0.9144 0.0856 
        h005  2 0.9594 0.0406 
        h006  2 0.9396 0.0604 
        h007  2 0.9141 0.0859 
        h008  2 0.7710 0.2290 
        h009  2 0.8947 0.1053 
        h010  2 0.9469 0.0531 
        h011  2 0.9084 0.0916 
        h012  2 0.9753 0.0247 
        h013  2 0.8642 0.1358 
        h014  2 0.9829 0.0171 
        h015  2 0.8356 0.1644 
        h016  2 0.9653 0.0347 
        h017  2 0.8474 0.1526 
        h018  2 0.9701 0.0299 
        h019  2 0.9366 0.0634 
        h020  2 0.8351 0.1649 
        h021  2 0.9131 0.0869 
        h022  2 0.9551 0.0449 
        h023  2 0.9532 0.0468 
        h024  2 0.9235 0.0765 
        h025  2 0.9235 0.0765 
        h026  2 0.9652 0.0348 
        h027  2 0.9746 0.0254 
        h028  2 0.7611 0.2389 
        h029  2 0.9572 0.0428 
        h030  2 0.9752 0.0248 
        h031  2 0.9651 0.0349 
        h032  2 0.9353 0.0647 
        h033  2 0.9598 0.0402 
        h034  2 0.9596 0.0404 
        h035  2 0.9830 0.0170 
        h036  2 0.9033 0.0967 
        h037  2 0.9431 0.0569 
        h038  2 0.8649 0.1351 
        h039  2 0.9547 0.0453 
        h040  2 0.9682 0.0318 
        h041  2 0.9499 0.0501 
        h042  2 0.8390 0.1610 
        h043  2 0.9475 0.0525 
        h044  2 0.9382 0.0618 
        h045  2 0.9733 0.0267 
        h046  2 0.9299 0.0701 
        h047  2 0.9154 0.0846 
        h048  2 0.9024 0.0976 
        h049  2 0.8943 0.1057 
        h050  2 0.9714 0.0286 
        h051  2 0.9690 0.0310 
        h052  2 0.8941 0.1059 
        h053  2 0.9384 0.0616 
        h054  2 0.9150 0.0850 
        h055  2 0.8890 0.1110 
        h056  2 0.7684 0.2316 
        h057  2 0.8564 0.1436 
        h058  2 0.9656 0.0344 
        h059  2 0.8264 0.1736 
        h060  2 0.8450 0.1550 
        h061  2 0.9180 0.0820 
        h062  2 0.8166 0.1834 
        h063  2 0.9659 0.0341 
        h064  2 0.9269 0.0731 
        h065  2 0.9793 0.0207 
        h066  2 0.9349 0.0651 
        h067  2 0.9797 0.0203 
        h068  2 0.6352 0.3648 
        h069  2 0.9613 0.0387 
        h070  2 0.9531 0.0469 
        h071  2 0.9508 0.0492 
        h072  2 0.7714 0.2286 
        h073  2 0.9571 0.0429 
        h074  2 0.9508 0.0492 
        h075  2 0.7224 0.2776 
        h076  2 0.8997 0.1003 
        h077  2 0.9289 0.0711 
        h078  2 0.7998 0.2002 
        h079  2 0.7769 0.2231 
        h080  2 0.9045 0.0955 
        h081  2 0.8100 0.1900 
        h082  2 0.9741 0.0259 
        h083  2 0.9589 0.0411 
        h084  2 0.9389 0.0611 
        h085  2 0.8690 0.1310 
        h086  2 0.8905 0.1095 
        h087  2 0.9381 0.0619 
        h088  2 0.9150 0.0850 
        h089  2 0.9426 0.0574 
        h090  2 0.9057 0.0943 
        h091  2 0.9610 0.0390 
        h092  2 0.9733 0.0267 
        h093  2 0.8902 0.1098 
        h094  2 0.8957 0.1043 
        h095  2 0.9480 0.0520 
        h096  2 0.9058 0.0942 
        h097  2 0.9491 0.0509 
        h098  2 0.8161 0.1839 
        h099  2 0.8586 0.1414 
        h100  2 0.9260 0.0740 
       h0011  3 0.6704 0.3296 
       h0021  3 0.6680 0.3320 
       h0031  3 0.8130 0.1870 
       h0041  3 0.8628 0.1372 
       h0051  3 0.7446 0.2554 
       h0061  3 0.7984 0.2016 
       h0071  3 0.7030 0.2970 
       h0081  3 0.8491 0.1509 
       h0091  3 0.8873 0.1127 
       h0101  3 0.8348 0.1652 
       h0111  3 0.8119 0.1881 
       h0121  3 0.7375 0.2625 
       h0131  3 0.8321 0.1679 
       h0141  3 0.7497 0.2503 
       h0151  3 0.5839 0.4161 
       h0161  3 0.8531 0.1469 
       h0171  3 0.6188 0.3812 
       h0181  3 0.6774 0.3226 
       h0191  3 0.6484 0.3516 
       h0201  3 0.7658 0.2342 
       h0211  3 0.9047 0.0953 
       h0221  3 0.7749 0.2251 
       h0231  3 0.6802 0.3198 
       h0241  3 0.8368 0.1632 
       h0251  3 0.9326 0.0674 
       h0261  3 0.7245 0.2755 
       h0271  3 0.8201 0.1799 
       h0281  3 0.7406 0.2594 
       h0291  3 0.6322 0.3678 
       h0301  3 0.6844 0.3156 
       h0311  3 0.6616 0.3384 
       h0321  3 0.9136 0.0864 
       h0331  3 0.9575 0.0425 
       h0341  3 0.6424 0.3576 
       h0351  3 0.6899 0.3101 
       h0361  3 0.6903 0.3097 
       h0371  3 0.8908 0.1092 
       h0381  3 0.9275 0.0725 
       h0391  3 0.8390 0.1610 
       h0401  3 0.8066 0.1934 
       h0411  3 0.7942 0.2058 
       h0421  3 0.6305 0.3695 
       h0431  3 0.8836 0.1164 
       h0441  3 0.7774 0.2226 
       h0451  3 0.7114 0.2886 
       h0461  3 0.7156 0.2844 
       h0471  3 0.9489 0.0511 
       h0481  3 0.9450 0.0550 
       h0491  3 0.8535 0.1465 
       h0501  3 0.6773 0.3227 
       h0511  3 0.6339 0.3661 
       h0521  3 0.8696 0.1304 
       h0531  3 0.8216 0.1784 
       h0541  3 0.6377 0.3623 
       h0551  3 0.8690 0.1310 
       h0561  3 0.5821 0.4179 
       h0571  3 0.8087 0.1913 
       h0581  3 0.6749 0.3251 
       h0591  3 0.7517 0.2483 
       h0601  3 0.8300 0.1700 
       h0611  3 0.7118 0.2882 
       h0621  3 0.8386 0.1614 
       h0631  3 0.9477 0.0523 
       h0641  3 0.7785 0.2215 
       h0651  3 0.6834 0.3166 
       h0661  3 0.7997 0.2003 
       h0671  3 0.9099 0.0901 
       h0681  3 0.9737 0.0263 
       h0691  3 0.7738 0.2262 
       h0701  3 0.7426 0.2574 
       h0711  3 0.8473 0.1527 
       h0721  3 0.6914 0.3086 
       h0731  3 0.7535 0.2465 
       h0741  3 0.7676 0.2324 
       h0751  3 0.8006 0.1994 
       h0761  3 0.9232 0.0768 
       h0771  3 0.7770 0.2230 
       h0781  3 0.7508 0.2492 
       h0791  3 0.7676 0.2324 
       h0801  3 0.8801 0.1199 
       h0811  3 0.8517 0.1483 
       h0821  3 0.7930 0.2070 
       h0831  3 0.7342 0.2658 
       h0841  3 0.8612 0.1388 
       h0851  3 0.6773 0.3227 
       h0861  3 0.8761 0.1239 
       h0871  3 0.9511 0.0489 
       h0881  3 0.8115 0.1885 
       h0891  3 0.7374 0.2626 
       h0901  3 0.8753 0.1247 
       h0911  3 0.6240 0.3760 
       h0921  3 0.7702 0.2298 
       h0931  3 0.8655 0.1345 
       h0941  3 0.8902 0.1098 
       h0951  3 0.8044 0.1956 
       h0961  3 0.9546 0.0454 
       h0971  3 0.8138 0.1862 
       h0981  3 0.5268 0.4732 
       h0991  3 0.8044 0.1956 
       h1001  3 0.8972 0.1028 
       h0012  4 0.4871 0.5129 
       h0022  4 0.4722 0.5278 
       h0032  4 0.4616 0.5384 
       h0042  4 0.5422 0.4578 
       h0052  4 0.5409 0.4591 
       h0062  4 0.6154 0.3846 
       h0072  4 0.3710 0.6290 
       h0082  4 0.5784 0.4216 
       h0092  4 0.3776 0.6224 
       h0102  4 0.3994 0.6006 
       h0112  4 0.5713 0.4287 
       h0122  4 0.3802 0.6198 
       h0132  4 0.4840 0.5160 
       h0142  4 0.4868 0.5132 
       h0152  4 0.5572 0.4428 
       h0162  4 0.4141 0.5859 
       h0172  4 0.5703 0.4297 
       h0182  4 0.4072 0.5928 
       h0192  4 0.5202 0.4798 
       h0202  4 0.5171 0.4829 
       h0212  4 0.5635 0.4365 
       h0222  4 0.6103 0.3897 
       h0232  4 0.4920 0.5080 
       h0242  4 0.5474 0.4526 
       h0252  4 0.3891 0.6109 
       h0262  4 0.5331 0.4669 
       h0272  4 0.5714 0.4286 
       h0282  4 0.4947 0.5053 
       h0292  4 0.6649 0.3351 
       h0302  4 0.3021 0.6979 
       h0312  4 0.6776 0.3224 
       h0322  4 0.4772 0.5228 
       h0332  4 0.4382 0.5618 
       h0342  4 0.5945 0.4055 
       h0352  4 0.3658 0.6342 
       h0362  4 0.4542 0.5458 
       h0372  4 0.3034 0.6966 
       h0382  4 0.4909 0.5091 
       h0392  4 0.5301 0.4699 
       h0402  4 0.3889 0.6111 
       h0412  4 0.6051 0.3949 
       h0422  4 0.7182 0.2818 
       h0432  4 0.6638 0.3362 
       h0442  4 0.6574 0.3426 
       h0452  4 0.5801 0.4199 
       h0462  4 0.5771 0.4229 
       h0472  4 0.3887 0.6113 
       h0482  4 0.4699 0.5301 
       h0492  4 0.5017 0.4983 
       h0502  4 0.4388 0.5612 
       h0512  4 0.4144 0.5856 
       h0522  4 0.5707 0.4293 
       h0532  4 0.5814 0.4186 
       h0542  4 0.6033 0.3967 
       h0552  4 0.3550 0.6450 
       h0562  4 0.4360 0.5640 
       h0572  4 0.5905 0.4095 
       h0582  4 0.5199 0.4801 
       h0592  4 0.5043 0.4957 
       h0602  4 0.5418 0.4582 
       h0612  4 0.4868 0.5132 
       h0622  4 0.5392 0.4608 
       h0632  4 0.3946 0.6054 
       h0642  4 0.5559 0.4441 
       h0652  4 0.4743 0.5257 
       h0662  4 0.4404 0.5596 
       h0672  4 0.4847 0.5153 
       h0682  4 0.4882 0.5118 
       h0692  4 0.4030 0.5970 
       h0702  4 0.7133 0.2867 
       h0712  4 0.4743 0.5257 
       h0722  4 0.4455 0.5545 
       h0732  4 0.5607 0.4393 
       h0742  4 0.3780 0.6220 
       h0752  4 0.4877 0.5123 
       h0762  4 0.4746 0.5254 
       h0772  4 0.6658 0.3342 
       h0782  4 0.3655 0.6345 
       h0792  4 0.5510 0.4490 
       h0802  4 0.5892 0.4108 
       h0812  4 0.6085 0.3915 
       h0822  4 0.5585 0.4415 
       h0832  4 0.3375 0.6625 
       h0842  4 0.5430 0.4570 
       h0852  4 0.5315 0.4685 
       h0862  4 0.3762 0.6238 
       h0872  4 0.3859 0.6141 
       h0882  4 0.4613 0.5387 
       h0892  4 0.5272 0.4728 
       h0902  4 0.5088 0.4912 
       h0912  4 0.4717 0.5283 
       h0922  4 0.4623 0.5377 
       h0932  4 0.6617 0.3383 
       h0942  4 0.4562 0.5438 
       h0952  4 0.6536 0.3464 
       h0962  4 0.5697 0.4303 
       h0972  4 0.6403 0.3597 
       h0982  4 0.6605 0.3395 
       h0992  4 0.5491 0.4509 
       h1002  4 0.5915 0.4085 
       h0013  5 0.2784 0.7216 
       h0023  5 0.2726 0.7274 
       h0033  5 0.3543 0.6457 
       h0043  5 0.2432 0.7568 
       h0053  5 0.1400 0.8600 
       h0063  5 0.3404 0.6596 
       h0073  5 0.2377 0.7623 
       h0083  5 0.1657 0.8343 
       h0093  5 0.3196 0.6804 
       h0103  5 0.1725 0.8275 
       h0113  5 0.1937 0.8063 
       h0123  5 0.4201 0.5799 
       h0133  5 0.4598 0.5402 
       h0143  5 0.3107 0.6893 
       h0153  5 0.1626 0.8374 
       h0163  5 0.3075 0.6925 
       h0173  5 0.0785 0.9215 
       h0183  5 0.2496 0.7504 
       h0193  5 0.2439 0.7561 
       h0203  5 0.3141 0.6859 
       h0213  5 0.4231 0.5769 
       h0223  5 0.2580 0.7420 
       h0233  5 0.3098 0.6902 
       h0243  5 0.2797 0.7203 
       h0253  5 0.1816 0.8184 
       h0263  5 0.0823 0.9177 
       h0273  5 0.1075 0.8925 
       h0283  5 0.2463 0.7537 
       h0293  5 0.1667 0.8333 
       h0303  5 0.2529 0.7471 
       h0313  5 0.3793 0.6207 
       h0323  5 0.2786 0.7214 
       h0333  5 0.1436 0.8564 
       h0343  5 0.2392 0.7608 
       h0353  5 0.3090 0.6910 
       h0363  5 0.0803 0.9197 
       h0373  5 0.1440 0.8560 
       h0383  5 0.2737 0.7263 
       h0393  5 0.2351 0.7649 
       h0403  5 0.2634 0.7366 
       h0413  5 0.1707 0.8293 
       h0423  5 0.1862 0.8138 
       h0433  5 0.2009 0.7991 
       h0443  5 0.2300 0.7700 
       h0453  5 0.1843 0.8157 
       h0463  5 0.1412 0.8588 
       h0473  5 0.2430 0.7570 
       h0483  5 0.2263 0.7737 
       h0493  5 0.3160 0.6840 
       h0503  5 0.1706 0.8294 
       h0513  5 0.1796 0.8204 
       h0523  5 0.0750 0.9250 
       h0533  5 0.2491 0.7509 
       h0543  5 0.1008 0.8992 
       h0553  5 0.2551 0.7449 
       h0563  5 0.2357 0.7643 
       h0573  5 0.1376 0.8624 
       h0583  5 0.2050 0.7950 
       h0593  5 0.4207 0.5793 
       h0603  5 0.3319 0.6681 
       h0613  5 0.0522 0.9478 
       h0623  5 0.1948 0.8052 
       h0633  5 0.1874 0.8126 
       h0643  5 0.2258 0.7742 
       h0653  5 0.2835 0.7165 
       h0663  5 0.4912 0.5088 
       h0673  5 0.2460 0.7540 
       h0683  5 0.2733 0.7267 
       h0693  5 0.2456 0.7544 
       h0703  5 0.3046 0.6954 
       h0713  5 0.1499 0.8501 
       h0723  5 0.1411 0.8589 
       h0733  5 0.2126 0.7874 
       h0743  5 0.1697 0.8303 
       h0753  5 0.2052 0.7948 
       h0763  5 0.1953 0.8047 
       h0773  5 0.1522 0.8478 
       h0783  5 0.1750 0.8250 
       h0793  5 0.5494 0.4506 
       h0803  5 0.0743 0.9257 
       h0813  5 0.1076 0.8924 
       h0823  5 0.2447 0.7553 
       h0833  5 0.1050 0.8950 
       h0843  5 0.1860 0.8140 
       h0853  5 0.2951 0.7049 
       h0863  5 0.0610 0.9390 
       h0873  5 0.3402 0.6598 
       h0883  5 0.1261 0.8739 
       h0893  5 0.3505 0.6495 
       h0903  5 0.2980 0.7020 
       h0913  5 0.2813 0.7187 
       h0923  5 0.2353 0.7647 
       h0933  5 0.2017 0.7983 
       h0943  5 0.2907 0.7093 
       h0953  5 0.3902 0.6098 
       h0963  5 0.2713 0.7287 
       h0973  5 0.1434 0.8566 
       h0983  5 0.0455 0.9545 
       h0993  5 0.3244 0.6756 
       h1003  5 0.2140 0.7860 
       h0014  6 0.2440 0.7560 
       h0024  6 0.0533 0.9467 
       h0034  6 0.1179 0.8821 
       h0044  6 0.0526 0.9474 
       h0054  6 0.1306 0.8694 
       h0064  6 0.0423 0.9577 
       h0074  6 0.0335 0.9665 
       h0084  6 0.1028 0.8972 
       h0094  6 0.0706 0.9294 
       h0104  6 0.0450 0.9550 
       h0114  6 0.0650 0.9350 
       h0124  6 0.0808 0.9192 
       h0134  6 0.1834 0.8166 
       h0144  6 0.0624 0.9376 
       h0154  6 0.1758 0.8242 
       h0164  6 0.2475 0.7525 
       h0174  6 0.1751 0.8249 
       h0184  6 0.1966 0.8034 
       h0194  6 0.0745 0.9255 
       h0204  6 0.0458 0.9542 
       h0214  6 0.0709 0.9291 
       h0224  6 0.0615 0.9385 
       h0234  6 0.0821 0.9179 
       h0244  6 0.2274 0.7726 
       h0254  6 0.1130 0.8870 
       h0264  6 0.0476 0.9524 
       h0274  6 0.0242 0.9758 
       h0284  6 0.1805 0.8195 
       h0294  6 0.0318 0.9682 
       h0304  6 0.0349 0.9651 
       h0314  6 0.0313 0.9687 
       h0324  6 0.1984 0.8016 
       h0334  6 0.1055 0.8945 
       h0344  6 0.0376 0.9624 
       h0354  6 0.0788 0.9212 
       h0364  6 0.0187 0.9813 
       h0374  6 0.0677 0.9323 
       h0384  6 0.0672 0.9328 
       h0394  6 0.0489 0.9511 
       h0404  6 0.1325 0.8675 
       h0414  6 0.0754 0.9246 
       h0424  6 0.1100 0.8900 
       h0434  6 0.2278 0.7722 
       h0444  6 0.1378 0.8622 
       h0454  6 0.0516 0.9484 
       h0464  6 0.0272 0.9728 
       h0474  6 0.0386 0.9614 
       h0484  6 0.0417 0.9583 
       h0494  6 0.1553 0.8447 
       h0504  6 0.1771 0.8229 
       h0514  6 0.1447 0.8553 
       h0524  6 0.0734 0.9266 
       h0534  6 0.0673 0.9327 
       h0544  6 0.1762 0.8238 
       h0554  6 0.0928 0.9072 
       h0564  6 0.1287 0.8713 
       h0574  6 0.1261 0.8739 
       h0584  6 0.1341 0.8659 
       h0594  6 0.1064 0.8936 
       h0604  6 0.1138 0.8862 
       h0614  6 0.0349 0.9651 
       h0624  6 0.1158 0.8842 
       h0634  6 0.1268 0.8732 
       h0644  6 0.1418 0.8582 
       h0654  6 0.0187 0.9813 
       h0664  6 0.0496 0.9504 
       h0674  6 0.0222 0.9778 
       h0684  6 0.0736 0.9264 
       h0694  6 0.0438 0.9562 
       h0704  6 0.0832 0.9168 
       h0714  6 0.0727 0.9273 
       h0724  6 0.0859 0.9141 
       h0734  6 0.0178 0.9822 
       h0744  6 0.0867 0.9133 
       h0754  6 0.0220 0.9780 
       h0764  6 0.1901 0.8099 
       h0774  6 0.1198 0.8802 
       h0784  6 0.0321 0.9679 
       h0794  6 0.0242 0.9758 
       h0804  6 0.1794 0.8206 
       h0814  6 0.1674 0.8326 
       h0824  6 0.0211 0.9789 
       h0834  6 0.1161 0.8839 
       h0844  6 0.0919 0.9081 
       h0854  6 0.0701 0.9299 
       h0864  6 0.0201 0.9799 
       h0874  6 0.1090 0.8910 
       h0884  6 0.2229 0.7771 
       h0894  6 0.1597 0.8403 
       h0904  6 0.0195 0.9805 
       h0914  6 0.1373 0.8627 
       h0924  6 0.2786 0.7214 
       h0934  6 0.0342 0.9658 
       h0944  6 0.0895 0.9105 
       h0954  6 0.0934 0.9066 
       h0964  6 0.1277 0.8723 
       h0974  6 0.0867 0.9133 
       h0984  6 0.0683 0.9317 
       h0994  6 0.1649 0.8351 
       h1004  6 0.0527 0.9473 
     CK.0PLA  7 0.0250 0.9750 
     CK.0PLC  7 0.0508 0.9492 
     CK.0PLE  7 0.0179 0.9821 
     CK.0PLF  7 0.0416 0.9584 
     CK.0PLH  7 0.0239 0.9761 
     CK.0PLJ  7 0.0428 0.9572 
     CK.0PLK  7 0.0150 0.9850 
     CK.0PLL  7 0.0244 0.9756 
     CK.0PLM  7 0.0198 0.9802 
     CK.0PLP  7 0.0225 0.9775 
     CK.0PLT  7 0.0144 0.9856 
     CK.0PLU  7 0.0190 0.9810 
     CK.0PLX  7 0.0605 0.9395 
     CK.0PLY  7 0.0143 0.9857 
     CK.0PM0  7 0.0188 0.9812 
     CK.0PM1  7 0.0166 0.9834 
     CK.0PM2  7 0.0214 0.9786 
     CK.0PM3  7 0.0236 0.9764 
     CK.0PM4  7 0.0324 0.9676 
     CK.0PM7  7 0.0171 0.9829 
     CK.0PM8  7 0.0145 0.9855 
     CK.0PMA  7 0.0268 0.9732 
       M2C06  7 0.0167 0.9833 
       M2C07  7 0.0133 0.9867 
       M2C08  7 0.0135 0.9865 
       M2C0A  7 0.0171 0.9829 
       M2C0C  7 0.0164 0.9836 
       M2C0E  7 0.0175 0.9825 
         h01  8 0.0162 0.9838 
         h02  8 0.0184 0.9816 
         h03  8 0.0241 0.9759 
         h04  8 0.0154 0.9846 
         h05  8 0.0189 0.9811 
         h06  8 0.0313 0.9687 
         h07  8 0.0161 0.9839 
         h08  8 0.0198 0.9802 
         h09  8 0.0129 0.9871 
         h10  8 0.0261 0.9739 
         h11  8 0.0162 0.9838 
         h12  8 0.0398 0.9602 
         h13  8 0.0182 0.9818 
         h14  8 0.0148 0.9852 
         h15  8 0.0136 0.9864 
         h16  8 0.0147 0.9853 
         h17  8 0.0218 0.9782 
         h18  8 0.0166 0.9834 
         h19  8 0.0155 0.9845 
         h20  8 0.0191 0.9809 
         h21  8 0.0174 0.9826 
         h22  8 0.0168 0.9832 
         h23  8 0.0208 0.9792 
         h24  8 0.0278 0.9722 
         h25  8 0.0350 0.9650 
         h26  8 0.0171 0.9829 
         h27  8 0.0149 0.9851 
         h28  8 0.0178 0.9822 
         h29  8 0.0214 0.9786 
         h30  8 0.0185 0.9815 
         h31  8 0.0259 0.9741 
         h32  8 0.0189 0.9811 
         h33  8 0.0202 0.9798 
         h34  8 0.0141 0.9859 
         h35  8 0.0200 0.9800 
         h36  8 0.0242 0.9758 
         h37  8 0.0176 0.9824 
         h38  8 0.0199 0.9801 
         h39  8 0.0181 0.9819 
         h40  8 0.0156 0.9844 
         h41  8 0.0177 0.9823 
         h42  8 0.0228 0.9772 
         h43  8 0.0153 0.9847 
         h44  8 0.0142 0.9858 
         h45  8 0.0233 0.9767 
         h46  8 0.0380 0.9620 
         h47  8 0.0168 0.9832 
         h48  8 0.0296 0.9704 
         h49  8 0.0210 0.9790 
         h50  8 0.0187 0.9813 
         h51  8 0.0287 0.9713 
         h52  8 0.0189 0.9811 
         h53  8 0.0212 0.9788 
         h54  8 0.0184 0.9816 
         h55  8 0.0196 0.9804 
         h56  8 0.0162 0.9838 
         h57  8 0.0164 0.9836 
         h58  8 0.0137 0.9863 
         h59  8 0.0154 0.9846 
         h60  8 0.0145 0.9855 
         h61  8 0.0148 0.9852 
         h62  8 0.0184 0.9816 
         h63  8 0.0133 0.9867 
         h64  8 0.0147 0.9853 
         h65  8 0.0225 0.9775 
         h66  8 0.0186 0.9814 
         h67  8 0.0210 0.9790 
         h68  8 0.0245 0.9755 
         h69  8 0.0235 0.9765 
         h70  8 0.0240 0.9760 
         h71  8 0.0181 0.9819 
         h72  8 0.0245 0.9755 
