       M1EL5  1 0.9781 0.0219 
       W26T6  1 0.9534 0.0466 
       W26XX  1 0.9809 0.0191 
       M013P  1 0.9723 0.0277 
       M1ELA  1 0.9435 0.0565 
       M2C73  1 0.9776 0.0224 
       W23P4  1 0.9658 0.0342 
       W247C  1 0.9747 0.0253 
       W24K1  1 0.9798 0.0202 
       W24ME  1 0.9587 0.0413 
       W2514  1 0.9763 0.0237 
       W26MA  1 0.9601 0.0399 
       W26MM  1 0.9634 0.0366 
       W26MU  1 0.9741 0.0259 
       W26P0  1 0.9797 0.0203 
       W26P3  1 0.9807 0.0193 
       W26T5  1 0.9832 0.0168 
       W26TE  1 0.9678 0.0322 
       W26TF  1 0.9446 0.0554 
       W26U8  1 0.9327 0.0673 
       W26UJ  1 0.9767 0.0233 
       W26UK  1 0.9849 0.0151 
       W26UT  1 0.9811 0.0189 
       W26XT  1 0.9640 0.0360 
      CC06H2  1 0.9530 0.0470 
      CC06H4  1 0.9604 0.0396 
      CC06H5  1 0.9698 0.0302 
      CC06H6  1 0.9856 0.0144 
      CC06HE  1 0.9780 0.0220 
      CC06HF  1 0.9435 0.0565 
      CC06HH  1 0.9819 0.0181 
      CC06HJ  1 0.9619 0.0381 
      CC06HL  1 0.9813 0.0187 
      CC06HP  1 0.9819 0.0181 
      CC06HT  1 0.9543 0.0457 
      CC06HU  1 0.9746 0.0254 
      CC06HY  1 0.9536 0.0464 
      CC06J0  1 0.9557 0.0443 
      CC06J1  1 0.9570 0.0430 
      CC06J2  1 0.9708 0.0292 
     CT.0YCY  1 0.9752 0.0248 
     CT.0YEC  1 0.9806 0.0194 
     CT.0YEF  1 0.9820 0.0180 
     CT.0YEU  1 0.9852 0.0148 
     CT.0YF2  1 0.9702 0.0298 
     CT.0YF8  1 0.9866 0.0134 
     CT.0YFA  1 0.9852 0.0148 
     CT.0YFE  1 0.9792 0.0208 
     CT.0YFP  1 0.9670 0.0330 
     CT.0YFU  1 0.9785 0.0215 
     CT.0YK7  1 0.9662 0.0338 
     CX.10PT  1 0.9100 0.0900 
      DAM021  1 0.9719 0.0281 
      DAM034  1 0.9847 0.0153 
      DAM07X  1 0.9798 0.0202 
     EF.15J6  1 0.9797 0.0203 
      HRV010  1 0.9655 0.0345 
      HRV02J  1 0.9731 0.0269 
      HRV078  1 0.9675 0.0325 
      HRV0FH  1 0.9825 0.0175 
      HRV0H5  1 0.9707 0.0293 
      HRV0JF  1 0.9754 0.0246 
      HRV0JJ  1 0.9727 0.0273 
      HRV0JM  1 0.9811 0.0189 
      HRV0K6  1 0.9149 0.0851 
      HRV0K7  1 0.9812 0.0188 
      HRV0KP  1 0.9439 0.0561 
      HRV1AX  1 0.9733 0.0267 
      HRV1C4  1 0.9837 0.0163 
      HRV1CH  1 0.9731 0.0269 
      HRV1FA  1 0.9737 0.0263 
      HRV1FK  1 0.9595 0.0405 
      HRV1H8  1 0.9788 0.0212 
      HRV1HT  1 0.9633 0.0367 
      HRV1XU  1 0.9243 0.0757 
      HRV4TF  1 0.9720 0.0280 
      HRV6F0  1 0.9685 0.0315 
      HRVE6L  1 0.9584 0.0416 
       M27HM  1 0.9804 0.0196 
       M27HP  1 0.9805 0.0195 
       M2AK4  1 0.9765 0.0235 
       M2ALA  1 0.9797 0.0203 
       M2C56  1 0.9778 0.0222 
       M2CUX  1 0.9654 0.0346 
       M2E24  1 0.9809 0.0191 
       M2EA7  1 0.9734 0.0266 
       M2EH6  1 0.9809 0.0191 
       M2EKC  1 0.9585 0.0415 
      MSV083  1 0.9277 0.0723 
      MSV084  1 0.9785 0.0215 
      MSV0LJ  1 0.9724 0.0276 
      MSV1H5  1 0.9760 0.0240 
      MSV1KM  1 0.9819 0.0181 
      MSV23F  1 0.9388 0.0612 
      MSV2L8  1 0.9723 0.0277 
      MSV2P7  1 0.9760 0.0240 
      MSV2TJ  1 0.9843 0.0157 
      MSV2XM  1 0.9652 0.0348 
      MSV327  1 0.9695 0.0305 
      MSV33L  1 0.9836 0.0164 
        h001  2 0.6826 0.3174 
        h002  2 0.9527 0.0473 
        h003  2 0.9563 0.0437 
        h004  2 0.9143 0.0857 
        h005  2 0.9595 0.0405 
        h006  2 0.9398 0.0602 
        h007  2 0.9139 0.0861 
        h008  2 0.7706 0.2294 
        h009  2 0.8945 0.1055 
        h010  2 0.9469 0.0531 
        h011  2 0.9080 0.0920 
        h012  2 0.9753 0.0247 
        h013  2 0.8640 0.1360 
        h014  2 0.9829 0.0171 
        h015  2 0.8355 0.1645 
        h016  2 0.9652 0.0348 
        h017  2 0.8473 0.1527 
        h018  2 0.9701 0.0299 
        h019  2 0.9367 0.0633 
        h020  2 0.8343 0.1657 
        h021  2 0.9127 0.0873 
        h022  2 0.9549 0.0451 
        h023  2 0.9531 0.0469 
        h024  2 0.9235 0.0765 
        h025  2 0.9233 0.0767 
        h026  2 0.9652 0.0348 
        h027  2 0.9745 0.0255 
        h028  2 0.7610 0.2390 
        h029  2 0.9572 0.0428 
        h030  2 0.9752 0.0248 
        h031  2 0.9650 0.0350 
        h032  2 0.9352 0.0648 
        h033  2 0.9598 0.0402 
        h034  2 0.9594 0.0406 
        h035  2 0.9829 0.0171 
        h036  2 0.9034 0.0966 
        h037  2 0.9431 0.0569 
        h038  2 0.8643 0.1357 
        h039  2 0.9548 0.0452 
        h040  2 0.9681 0.0319 
        h041  2 0.9501 0.0499 
        h042  2 0.8389 0.1611 
        h043  2 0.9475 0.0525 
        h044  2 0.9383 0.0617 
        h045  2 0.9731 0.0269 
        h046  2 0.9298 0.0702 
        h047  2 0.9150 0.0850 
        h048  2 0.9023 0.0977 
        h049  2 0.8946 0.1054 
        h050  2 0.9714 0.0286 
        h051  2 0.9690 0.0310 
        h052  2 0.8941 0.1059 
        h053  2 0.9384 0.0616 
        h054  2 0.9148 0.0852 
        h055  2 0.8889 0.1111 
        h056  2 0.7680 0.2320 
        h057  2 0.8561 0.1439 
        h058  2 0.9656 0.0344 
        h059  2 0.8261 0.1739 
        h060  2 0.8446 0.1554 
        h061  2 0.9175 0.0825 
        h062  2 0.8164 0.1836 
        h063  2 0.9661 0.0339 
        h064  2 0.9269 0.0731 
        h065  2 0.9795 0.0205 
        h066  2 0.9346 0.0654 
        h067  2 0.9796 0.0204 
        h068  2 0.6355 0.3645 
        h069  2 0.9611 0.0389 
        h070  2 0.9534 0.0466 
        h071  2 0.9510 0.0490 
        h072  2 0.7713 0.2287 
        h073  2 0.9572 0.0428 
        h074  2 0.9508 0.0492 
        h075  2 0.7225 0.2775 
        h076  2 0.8995 0.1005 
        h077  2 0.9286 0.0714 
        h078  2 0.7998 0.2002 
        h079  2 0.7768 0.2232 
        h080  2 0.9043 0.0957 
        h081  2 0.8100 0.1900 
        h082  2 0.9741 0.0259 
        h083  2 0.9590 0.0410 
        h084  2 0.9386 0.0614 
        h085  2 0.8689 0.1311 
        h086  2 0.8904 0.1096 
        h087  2 0.9381 0.0619 
        h088  2 0.9146 0.0854 
        h089  2 0.9424 0.0576 
        h090  2 0.9052 0.0948 
        h091  2 0.9610 0.0390 
        h092  2 0.9733 0.0267 
        h093  2 0.8903 0.1097 
        h094  2 0.8956 0.1044 
        h095  2 0.9479 0.0521 
        h096  2 0.9056 0.0944 
        h097  2 0.9491 0.0509 
        h098  2 0.8156 0.1844 
        h099  2 0.8585 0.1415 
        h100  2 0.9260 0.0740 
       h0011  3 0.6703 0.3297 
       h0021  3 0.6679 0.3321 
       h0031  3 0.8125 0.1875 
       h0041  3 0.8629 0.1371 
       h0051  3 0.7443 0.2557 
       h0061  3 0.7980 0.2020 
       h0071  3 0.7028 0.2972 
       h0081  3 0.8490 0.1510 
       h0091  3 0.8874 0.1126 
       h0101  3 0.8346 0.1654 
       h0111  3 0.8114 0.1886 
       h0121  3 0.7369 0.2631 
       h0131  3 0.8322 0.1678 
       h0141  3 0.7498 0.2502 
       h0151  3 0.5843 0.4157 
       h0161  3 0.8532 0.1468 
       h0171  3 0.6191 0.3809 
       h0181  3 0.6773 0.3227 
       h0191  3 0.6481 0.3519 
       h0201  3 0.7655 0.2345 
       h0211  3 0.9049 0.0951 
       h0221  3 0.7750 0.2250 
       h0231  3 0.6799 0.3201 
       h0241  3 0.8364 0.1636 
       h0251  3 0.9325 0.0675 
       h0261  3 0.7240 0.2760 
       h0271  3 0.8199 0.1801 
       h0281  3 0.7404 0.2596 
       h0291  3 0.6320 0.3680 
       h0301  3 0.6844 0.3156 
       h0311  3 0.6616 0.3384 
       h0321  3 0.9135 0.0865 
       h0331  3 0.9576 0.0424 
       h0341  3 0.6423 0.3577 
       h0351  3 0.6898 0.3102 
       h0361  3 0.6905 0.3095 
       h0371  3 0.8904 0.1096 
       h0381  3 0.9273 0.0727 
       h0391  3 0.8386 0.1614 
       h0401  3 0.8074 0.1926 
       h0411  3 0.7942 0.2058 
       h0421  3 0.6305 0.3695 
       h0431  3 0.8835 0.1165 
       h0441  3 0.7777 0.2223 
       h0451  3 0.7113 0.2887 
       h0461  3 0.7154 0.2846 
       h0471  3 0.9488 0.0512 
       h0481  3 0.9445 0.0555 
       h0491  3 0.8532 0.1468 
       h0501  3 0.6773 0.3227 
       h0511  3 0.6334 0.3666 
       h0521  3 0.8686 0.1314 
       h0531  3 0.8214 0.1786 
       h0541  3 0.6380 0.3620 
       h0551  3 0.8686 0.1314 
       h0561  3 0.5817 0.4183 
       h0571  3 0.8084 0.1916 
       h0581  3 0.6744 0.3256 
       h0591  3 0.7514 0.2486 
       h0601  3 0.8298 0.1702 
       h0611  3 0.7120 0.2880 
       h0621  3 0.8381 0.1619 
       h0631  3 0.9476 0.0524 
       h0641  3 0.7784 0.2216 
       h0651  3 0.6835 0.3165 
       h0661  3 0.7996 0.2004 
       h0671  3 0.9095 0.0905 
       h0681  3 0.9735 0.0265 
       h0691  3 0.7734 0.2266 
       h0701  3 0.7426 0.2574 
       h0711  3 0.8478 0.1522 
       h0721  3 0.6914 0.3086 
       h0731  3 0.7534 0.2466 
       h0741  3 0.7681 0.2319 
       h0751  3 0.8003 0.1997 
       h0761  3 0.9234 0.0766 
       h0771  3 0.7771 0.2229 
       h0781  3 0.7508 0.2492 
       h0791  3 0.7678 0.2322 
       h0801  3 0.8803 0.1197 
       h0811  3 0.8520 0.1480 
       h0821  3 0.7928 0.2072 
       h0831  3 0.7338 0.2662 
       h0841  3 0.8610 0.1390 
       h0851  3 0.6776 0.3224 
       h0861  3 0.8761 0.1239 
       h0871  3 0.9510 0.0490 
       h0881  3 0.8112 0.1888 
       h0891  3 0.7372 0.2628 
       h0901  3 0.8750 0.1250 
       h0911  3 0.6231 0.3769 
       h0921  3 0.7698 0.2302 
       h0931  3 0.8650 0.1350 
       h0941  3 0.8901 0.1099 
       h0951  3 0.8040 0.1960 
       h0961  3 0.9548 0.0452 
       h0971  3 0.8137 0.1863 
       h0981  3 0.5271 0.4729 
       h0991  3 0.8037 0.1963 
       h1001  3 0.8968 0.1032 
       h0012  4 0.4870 0.5130 
       h0022  4 0.4722 0.5278 
       h0032  4 0.4617 0.5383 
       h0042  4 0.5425 0.4575 
       h0052  4 0.5412 0.4588 
       h0062  4 0.6156 0.3844 
       h0072  4 0.3709 0.6291 
       h0082  4 0.5785 0.4215 
       h0092  4 0.3776 0.6224 
       h0102  4 0.3995 0.6005 
       h0112  4 0.5715 0.4285 
       h0122  4 0.3802 0.6198 
       h0132  4 0.4842 0.5158 
       h0142  4 0.4868 0.5132 
       h0152  4 0.5570 0.4430 
       h0162  4 0.4140 0.5860 
       h0172  4 0.5701 0.4299 
       h0182  4 0.4070 0.5930 
       h0192  4 0.5203 0.4797 
       h0202  4 0.5170 0.4830 
       h0212  4 0.5632 0.4368 
       h0222  4 0.6105 0.3895 
       h0232  4 0.4919 0.5081 
       h0242  4 0.5476 0.4524 
       h0252  4 0.3891 0.6109 
       h0262  4 0.5330 0.4670 
       h0272  4 0.5712 0.4288 
       h0282  4 0.4951 0.5049 
       h0292  4 0.6649 0.3351 
       h0302  4 0.3020 0.6980 
       h0312  4 0.6775 0.3225 
       h0322  4 0.4771 0.5229 
       h0332  4 0.4380 0.5620 
       h0342  4 0.5946 0.4054 
       h0352  4 0.3657 0.6343 
       h0362  4 0.4542 0.5458 
       h0372  4 0.3035 0.6965 
       h0382  4 0.4909 0.5091 
       h0392  4 0.5305 0.4695 
       h0402  4 0.3893 0.6107 
       h0412  4 0.6050 0.3950 
       h0422  4 0.7179 0.2821 
       h0432  4 0.6638 0.3362 
       h0442  4 0.6575 0.3425 
       h0452  4 0.5799 0.4201 
       h0462  4 0.5773 0.4227 
       h0472  4 0.3888 0.6112 
       h0482  4 0.4701 0.5299 
       h0492  4 0.5021 0.4979 
       h0502  4 0.4389 0.5611 
       h0512  4 0.4146 0.5854 
       h0522  4 0.5705 0.4295 
       h0532  4 0.5817 0.4183 
       h0542  4 0.6033 0.3967 
       h0552  4 0.3549 0.6451 
       h0562  4 0.4359 0.5641 
       h0572  4 0.5903 0.4097 
       h0582  4 0.5199 0.4801 
       h0592  4 0.5043 0.4957 
       h0602  4 0.5421 0.4579 
       h0612  4 0.4869 0.5131 
       h0622  4 0.5394 0.4606 
       h0632  4 0.3945 0.6055 
       h0642  4 0.5558 0.4442 
       h0652  4 0.4743 0.5257 
       h0662  4 0.4402 0.5598 
       h0672  4 0.4843 0.5157 
       h0682  4 0.4882 0.5118 
       h0692  4 0.4032 0.5968 
       h0702  4 0.7134 0.2866 
       h0712  4 0.4738 0.5262 
       h0722  4 0.4450 0.5550 
       h0732  4 0.5604 0.4396 
       h0742  4 0.3778 0.6222 
       h0752  4 0.4879 0.5121 
       h0762  4 0.4744 0.5256 
       h0772  4 0.6656 0.3344 
       h0782  4 0.3657 0.6343 
       h0792  4 0.5509 0.4491 
       h0802  4 0.5891 0.4109 
       h0812  4 0.6081 0.3919 
       h0822  4 0.5581 0.4419 
       h0832  4 0.3371 0.6629 
       h0842  4 0.5430 0.4570 
       h0852  4 0.5316 0.4684 
       h0862  4 0.3761 0.6239 
       h0872  4 0.3858 0.6142 
       h0882  4 0.4613 0.5387 
       h0892  4 0.5267 0.4733 
       h0902  4 0.5087 0.4913 
       h0912  4 0.4718 0.5282 
       h0922  4 0.4624 0.5376 
       h0932  4 0.6616 0.3384 
       h0942  4 0.4561 0.5439 
       h0952  4 0.6530 0.3470 
       h0962  4 0.5692 0.4308 
       h0972  4 0.6403 0.3597 
       h0982  4 0.6605 0.3395 
       h0992  4 0.5489 0.4511 
       h1002  4 0.5913 0.4087 
       h0013  5 0.2781 0.7219 
       h0023  5 0.2728 0.7272 
       h0033  5 0.3545 0.6455 
       h0043  5 0.2433 0.7567 
       h0053  5 0.1399 0.8601 
       h0063  5 0.3400 0.6600 
       h0073  5 0.2382 0.7618 
       h0083  5 0.1657 0.8343 
       h0093  5 0.3197 0.6803 
       h0103  5 0.1727 0.8273 
       h0113  5 0.1938 0.8062 
       h0123  5 0.4202 0.5798 
       h0133  5 0.4594 0.5406 
       h0143  5 0.3106 0.6894 
       h0153  5 0.1628 0.8372 
       h0163  5 0.3077 0.6923 
       h0173  5 0.0785 0.9215 
       h0183  5 0.2498 0.7502 
       h0193  5 0.2438 0.7562 
       h0203  5 0.3144 0.6856 
       h0213  5 0.4233 0.5767 
       h0223  5 0.2580 0.7420 
       h0233  5 0.3099 0.6901 
       h0243  5 0.2797 0.7203 
       h0253  5 0.1818 0.8182 
       h0263  5 0.0826 0.9174 
       h0273  5 0.1071 0.8929 
       h0283  5 0.2466 0.7534 
       h0293  5 0.1664 0.8336 
       h0303  5 0.2530 0.7470 
       h0313  5 0.3791 0.6209 
       h0323  5 0.2783 0.7217 
       h0333  5 0.1439 0.8561 
       h0343  5 0.2393 0.7607 
       h0353  5 0.3088 0.6912 
       h0363  5 0.0805 0.9195 
       h0373  5 0.1439 0.8561 
       h0383  5 0.2737 0.7263 
       h0393  5 0.2354 0.7646 
       h0403  5 0.2631 0.7369 
       h0413  5 0.1706 0.8294 
       h0423  5 0.1861 0.8139 
       h0433  5 0.2012 0.7988 
       h0443  5 0.2299 0.7701 
       h0453  5 0.1845 0.8155 
       h0463  5 0.1415 0.8585 
       h0473  5 0.2433 0.7567 
       h0483  5 0.2264 0.7736 
       h0493  5 0.3160 0.6840 
       h0503  5 0.1709 0.8291 
       h0513  5 0.1799 0.8201 
       h0523  5 0.0750 0.9250 
       h0533  5 0.2490 0.7510 
       h0543  5 0.1010 0.8990 
       h0553  5 0.2550 0.7450 
       h0563  5 0.2357 0.7643 
       h0573  5 0.1378 0.8622 
       h0583  5 0.2050 0.7950 
       h0593  5 0.4208 0.5792 
       h0603  5 0.3318 0.6682 
       h0613  5 0.0521 0.9479 
       h0623  5 0.1949 0.8051 
       h0633  5 0.1872 0.8128 
       h0643  5 0.2261 0.7739 
       h0653  5 0.2836 0.7164 
       h0663  5 0.4911 0.5089 
       h0673  5 0.2462 0.7538 
       h0683  5 0.2734 0.7266 
       h0693  5 0.2456 0.7544 
       h0703  5 0.3043 0.6957 
       h0713  5 0.1503 0.8497 
       h0723  5 0.1412 0.8588 
       h0733  5 0.2120 0.7880 
       h0743  5 0.1697 0.8303 
       h0753  5 0.2054 0.7946 
       h0763  5 0.1952 0.8048 
       h0773  5 0.1522 0.8478 
       h0783  5 0.1747 0.8253 
       h0793  5 0.5493 0.4507 
       h0803  5 0.0746 0.9254 
       h0813  5 0.1077 0.8923 
       h0823  5 0.2448 0.7552 
       h0833  5 0.1050 0.8950 
       h0843  5 0.1858 0.8142 
       h0853  5 0.2951 0.7049 
       h0863  5 0.0612 0.9388 
       h0873  5 0.3402 0.6598 
       h0883  5 0.1259 0.8741 
       h0893  5 0.3505 0.6495 
       h0903  5 0.2981 0.7019 
       h0913  5 0.2812 0.7188 
       h0923  5 0.2350 0.7650 
       h0933  5 0.2018 0.7982 
       h0943  5 0.2908 0.7092 
       h0953  5 0.3902 0.6098 
       h0963  5 0.2712 0.7288 
       h0973  5 0.1437 0.8563 
       h0983  5 0.0456 0.9544 
       h0993  5 0.3246 0.6754 
       h1003  5 0.2140 0.7860 
       h0014  6 0.2444 0.7556 
       h0024  6 0.0533 0.9467 
       h0034  6 0.1179 0.8821 
       h0044  6 0.0526 0.9474 
       h0054  6 0.1306 0.8694 
       h0064  6 0.0421 0.9579 
       h0074  6 0.0335 0.9665 
       h0084  6 0.1031 0.8969 
       h0094  6 0.0709 0.9291 
       h0104  6 0.0450 0.9550 
       h0114  6 0.0650 0.9350 
       h0124  6 0.0810 0.9190 
       h0134  6 0.1834 0.8166 
       h0144  6 0.0621 0.9379 
       h0154  6 0.1764 0.8236 
       h0164  6 0.2474 0.7526 
       h0174  6 0.1749 0.8251 
       h0184  6 0.1966 0.8034 
       h0194  6 0.0745 0.9255 
       h0204  6 0.0458 0.9542 
       h0214  6 0.0713 0.9287 
       h0224  6 0.0615 0.9385 
       h0234  6 0.0821 0.9179 
       h0244  6 0.2272 0.7728 
       h0254  6 0.1131 0.8869 
       h0264  6 0.0477 0.9523 
       h0274  6 0.0242 0.9758 
       h0284  6 0.1806 0.8194 
       h0294  6 0.0320 0.9680 
       h0304  6 0.0350 0.9650 
       h0314  6 0.0315 0.9685 
       h0324  6 0.1984 0.8016 
       h0334  6 0.1055 0.8945 
       h0344  6 0.0377 0.9623 
       h0354  6 0.0787 0.9213 
       h0364  6 0.0188 0.9812 
       h0374  6 0.0677 0.9323 
       h0384  6 0.0673 0.9327 
       h0394  6 0.0489 0.9511 
       h0404  6 0.1327 0.8673 
       h0414  6 0.0756 0.9244 
       h0424  6 0.1101 0.8899 
       h0434  6 0.2279 0.7721 
       h0444  6 0.1375 0.8625 
       h0454  6 0.0516 0.9484 
       h0464  6 0.0271 0.9729 
       h0474  6 0.0386 0.9614 
       h0484  6 0.0417 0.9583 
       h0494  6 0.1558 0.8442 
       h0504  6 0.1768 0.8232 
       h0514  6 0.1450 0.8550 
       h0524  6 0.0734 0.9266 
       h0534  6 0.0673 0.9327 
       h0544  6 0.1765 0.8235 
       h0554  6 0.0934 0.9066 
       h0564  6 0.1289 0.8711 
       h0574  6 0.1260 0.8740 
       h0584  6 0.1343 0.8657 
       h0594  6 0.1065 0.8935 
       h0604  6 0.1138 0.8862 
       h0614  6 0.0349 0.9651 
       h0624  6 0.1161 0.8839 
       h0634  6 0.1268 0.8732 
       h0644  6 0.1421 0.8579 
       h0654  6 0.0186 0.9814 
       h0664  6 0.0495 0.9505 
       h0674  6 0.0223 0.9777 
       h0684  6 0.0737 0.9263 
       h0694  6 0.0439 0.9561 
       h0704  6 0.0829 0.9171 
       h0714  6 0.0728 0.9272 
       h0724  6 0.0861 0.9139 
       h0734  6 0.0177 0.9823 
       h0744  6 0.0869 0.9131 
       h0754  6 0.0219 0.9781 
       h0764  6 0.1904 0.8096 
       h0774  6 0.1197 0.8803 
       h0784  6 0.0321 0.9679 
       h0794  6 0.0241 0.9759 
       h0804  6 0.1793 0.8207 
       h0814  6 0.1678 0.8322 
       h0824  6 0.0211 0.9789 
       h0834  6 0.1164 0.8836 
       h0844  6 0.0920 0.9080 
       h0854  6 0.0703 0.9297 
       h0864  6 0.0201 0.9799 
       h0874  6 0.1092 0.8908 
       h0884  6 0.2230 0.7770 
       h0894  6 0.1599 0.8401 
       h0904  6 0.0196 0.9804 
       h0914  6 0.1377 0.8623 
       h0924  6 0.2788 0.7212 
       h0934  6 0.0342 0.9658 
       h0944  6 0.0895 0.9105 
       h0954  6 0.0936 0.9064 
       h0964  6 0.1278 0.8722 
       h0974  6 0.0868 0.9132 
       h0984  6 0.0685 0.9315 
       h0994  6 0.1648 0.8352 
       h1004  6 0.0527 0.9473 
     CK.0PLA  7 0.0251 0.9749 
     CK.0PLC  7 0.0510 0.9490 
     CK.0PLE  7 0.0178 0.9822 
     CK.0PLF  7 0.0416 0.9584 
     CK.0PLH  7 0.0238 0.9762 
     CK.0PLJ  7 0.0428 0.9572 
     CK.0PLK  7 0.0151 0.9849 
     CK.0PLL  7 0.0244 0.9756 
     CK.0PLM  7 0.0198 0.9802 
     CK.0PLP  7 0.0225 0.9775 
     CK.0PLT  7 0.0144 0.9856 
     CK.0PLU  7 0.0190 0.9810 
     CK.0PLX  7 0.0607 0.9393 
     CK.0PLY  7 0.0143 0.9857 
     CK.0PM0  7 0.0188 0.9812 
     CK.0PM1  7 0.0166 0.9834 
     CK.0PM2  7 0.0214 0.9786 
     CK.0PM3  7 0.0236 0.9764 
     CK.0PM4  7 0.0324 0.9676 
     CK.0PM7  7 0.0171 0.9829 
     CK.0PM8  7 0.0145 0.9855 
     CK.0PMA  7 0.0270 0.9730 
       M2C06  7 0.0167 0.9833 
       M2C07  7 0.0133 0.9867 
       M2C08  7 0.0135 0.9865 
       M2C0A  7 0.0171 0.9829 
       M2C0C  7 0.0164 0.9836 
       M2C0E  7 0.0175 0.9825 
         h01  8 0.0162 0.9838 
         h02  8 0.0183 0.9817 
         h03  8 0.0241 0.9759 
         h04  8 0.0155 0.9845 
         h05  8 0.0190 0.9810 
         h06  8 0.0313 0.9687 
         h07  8 0.0161 0.9839 
         h08  8 0.0199 0.9801 
         h09  8 0.0129 0.9871 
         h10  8 0.0263 0.9737 
         h11  8 0.0161 0.9839 
         h12  8 0.0398 0.9602 
         h13  8 0.0182 0.9818 
         h14  8 0.0148 0.9852 
         h15  8 0.0136 0.9864 
         h16  8 0.0147 0.9853 
         h17  8 0.0218 0.9782 
         h18  8 0.0167 0.9833 
         h19  8 0.0154 0.9846 
         h20  8 0.0191 0.9809 
         h21  8 0.0174 0.9826 
         h22  8 0.0168 0.9832 
         h23  8 0.0207 0.9793 
         h24  8 0.0278 0.9722 
         h25  8 0.0351 0.9649 
         h26  8 0.0171 0.9829 
         h27  8 0.0149 0.9851 
         h28  8 0.0177 0.9823 
         h29  8 0.0214 0.9786 
         h30  8 0.0184 0.9816 
         h31  8 0.0260 0.9740 
         h32  8 0.0188 0.9812 
         h33  8 0.0202 0.9798 
         h34  8 0.0141 0.9859 
         h35  8 0.0200 0.9800 
         h36  8 0.0242 0.9758 
         h37  8 0.0177 0.9823 
         h38  8 0.0199 0.9801 
         h39  8 0.0181 0.9819 
         h40  8 0.0156 0.9844 
         h41  8 0.0177 0.9823 
         h42  8 0.0227 0.9773 
         h43  8 0.0153 0.9847 
         h44  8 0.0141 0.9859 
         h45  8 0.0234 0.9766 
         h46  8 0.0379 0.9621 
         h47  8 0.0168 0.9832 
         h48  8 0.0296 0.9704 
         h49  8 0.0211 0.9789 
         h50  8 0.0187 0.9813 
         h51  8 0.0287 0.9713 
         h52  8 0.0189 0.9811 
         h53  8 0.0212 0.9788 
         h54  8 0.0184 0.9816 
         h55  8 0.0196 0.9804 
         h56  8 0.0161 0.9839 
         h57  8 0.0164 0.9836 
         h58  8 0.0137 0.9863 
         h59  8 0.0154 0.9846 
         h60  8 0.0145 0.9855 
         h61  8 0.0148 0.9852 
         h62  8 0.0185 0.9815 
         h63  8 0.0133 0.9867 
         h64  8 0.0146 0.9854 
         h65  8 0.0225 0.9775 
         h66  8 0.0186 0.9814 
         h67  8 0.0210 0.9790 
         h68  8 0.0245 0.9755 
         h69  8 0.0234 0.9766 
         h70  8 0.0240 0.9760 
         h71  8 0.0182 0.9818 
         h72  8 0.0246 0.9754 
