       M1EL5  1 0.0231 0.9769 
       W26T6  1 0.0443 0.9557 
       W26XX  1 0.0175 0.9825 
       M013P  1 0.0225 0.9775 
       M1ELA  1 0.0399 0.9601 
       M2C73  1 0.0194 0.9806 
       W23P4  1 0.0320 0.9680 
       W247C  1 0.0217 0.9783 
       W24K1  1 0.0184 0.9816 
       W24ME  1 0.0417 0.9583 
       W2514  1 0.0204 0.9796 
       W26MA  1 0.0351 0.9649 
       W26MM  1 0.0360 0.9640 
       W26MU  1 0.0241 0.9759 
       W26P0  1 0.0192 0.9808 
       W26P3  1 0.0170 0.9830 
       W26T5  1 0.0162 0.9838 
       W26TE  1 0.0250 0.9750 
       W26TF  1 0.0613 0.9387 
       W26U8  1 0.0547 0.9453 
       W26UJ  1 0.0220 0.9780 
       W26UK  1 0.0139 0.9861 
       W26UT  1 0.0168 0.9832 
       W26XT  1 0.0318 0.9682 
      CC06H2  1 0.0410 0.9590 
      CC06H4  1 0.0342 0.9658 
      CC06H5  1 0.0270 0.9730 
      CC06H6  1 0.0141 0.9859 
      CC06HE  1 0.0206 0.9794 
      CC06HF  1 0.0596 0.9404 
      CC06HH  1 0.0170 0.9830 
      CC06HJ  1 0.0285 0.9715 
      CC06HL  1 0.0180 0.9820 
      CC06HP  1 0.0154 0.9846 
      CC06HT  1 0.0327 0.9673 
      CC06HU  1 0.0254 0.9746 
      CC06HY  1 0.0327 0.9673 
      CC06J0  1 0.0391 0.9609 
      CC06J1  1 0.0262 0.9738 
      CC06J2  1 0.0297 0.9703 
     CT.0YCY  1 0.0199 0.9801 
     CT.0YEC  1 0.0140 0.9860 
     CT.0YEF  1 0.0175 0.9825 
     CT.0YEU  1 0.0137 0.9863 
     CT.0YF2  1 0.0354 0.9646 
     CT.0YF8  1 0.0121 0.9879 
     CT.0YFA  1 0.0143 0.9857 
     CT.0YFE  1 0.0201 0.9799 
     CT.0YFP  1 0.0372 0.9628 
     CT.0YFU  1 0.0216 0.9784 
     CT.0YK7  1 0.0319 0.9681 
     CX.10PT  1 0.0874 0.9126 
      DAM021  1 0.0194 0.9806 
      DAM034  1 0.0140 0.9860 
      DAM07X  1 0.0176 0.9824 
     EF.15J6  1 0.0188 0.9812 
      HRV010  1 0.0313 0.9687 
      HRV02J  1 0.0268 0.9732 
      HRV078  1 0.0281 0.9719 
      HRV0FH  1 0.0174 0.9826 
      HRV0H5  1 0.0220 0.9780 
      HRV0JF  1 0.0191 0.9809 
      HRV0JJ  1 0.0204 0.9796 
      HRV0JM  1 0.0165 0.9835 
      HRV0K6  1 0.0874 0.9126 
      HRV0K7  1 0.0202 0.9798 
      HRV0KP  1 0.0436 0.9564 
      HRV1AX  1 0.0213 0.9787 
      HRV1C4  1 0.0148 0.9852 
      HRV1CH  1 0.0216 0.9784 
      HRV1FA  1 0.0257 0.9743 
      HRV1FK  1 0.0367 0.9633 
      HRV1H8  1 0.0169 0.9831 
      HRV1HT  1 0.0359 0.9641 
      HRV1XU  1 0.0526 0.9474 
      HRV4TF  1 0.0231 0.9769 
      HRV6F0  1 0.0289 0.9711 
      HRVE6L  1 0.0325 0.9675 
       M27HM  1 0.0186 0.9814 
       M27HP  1 0.0174 0.9826 
       M2AK4  1 0.0214 0.9786 
       M2ALA  1 0.0171 0.9829 
       M2C56  1 0.0229 0.9771 
       M2CUX  1 0.0285 0.9715 
       M2E24  1 0.0164 0.9836 
       M2EA7  1 0.0190 0.9810 
       M2EH6  1 0.0189 0.9811 
       M2EKC  1 0.0503 0.9497 
      MSV083  1 0.0688 0.9312 
      MSV084  1 0.0208 0.9792 
      MSV0LJ  1 0.0269 0.9731 
      MSV1H5  1 0.0217 0.9783 
      MSV1KM  1 0.0168 0.9832 
      MSV23F  1 0.0488 0.9512 
      MSV2L8  1 0.0220 0.9780 
      MSV2P7  1 0.0203 0.9797 
      MSV2TJ  1 0.0155 0.9845 
      MSV2XM  1 0.0296 0.9704 
      MSV327  1 0.0272 0.9728 
      MSV33L  1 0.0161 0.9839 
        h001  2 0.0219 0.9781 
        h002  2 0.1229 0.8771 
        h003  2 0.0682 0.9318 
        h004  2 0.0307 0.9693 
        h005  2 0.0390 0.9610 
        h006  2 0.1446 0.8554 
        h007  2 0.1026 0.8974 
        h008  2 0.0936 0.9064 
        h009  2 0.0358 0.9642 
        h010  2 0.1658 0.8342 
        h011  2 0.0298 0.9702 
        h012  2 0.0276 0.9724 
        h013  2 0.0800 0.9200 
        h014  2 0.0459 0.9541 
        h015  2 0.3298 0.6702 
        h016  2 0.0764 0.9236 
        h017  2 0.0280 0.9720 
        h018  2 0.0298 0.9702 
        h019  2 0.1519 0.8481 
        h020  2 0.1434 0.8566 
        h021  2 0.1396 0.8604 
        h022  2 0.0223 0.9777 
        h023  2 0.0776 0.9224 
        h024  2 0.0549 0.9451 
        h025  2 0.2310 0.7690 
        h026  2 0.1422 0.8578 
        h027  2 0.0644 0.9356 
        h028  2 0.0826 0.9174 
        h029  2 0.0628 0.9372 
        h030  2 0.0393 0.9607 
        h031  2 0.1020 0.8980 
        h032  2 0.0181 0.9819 
        h033  2 0.1186 0.8814 
        h034  2 0.0894 0.9106 
        h035  2 0.0893 0.9107 
        h036  2 0.0617 0.9383 
        h037  2 0.0399 0.9601 
        h038  2 0.0903 0.9097 
        h039  2 0.0959 0.9041 
        h040  2 0.0308 0.9692 
        h041  2 0.0711 0.9289 
        h042  2 0.0249 0.9751 
        h043  2 0.0595 0.9405 
        h044  2 0.1780 0.8220 
        h045  2 0.0380 0.9620 
        h046  2 0.1811 0.8189 
        h047  2 0.0793 0.9207 
        h048  2 0.2016 0.7984 
        h049  2 0.0552 0.9448 
        h050  2 0.0314 0.9686 
        h051  2 0.0397 0.9603 
        h052  2 0.0417 0.9583 
        h053  2 0.1075 0.8925 
        h054  2 0.0475 0.9525 
        h055  2 0.0337 0.9663 
        h056  2 0.0900 0.9100 
        h057  2 0.0957 0.9043 
        h058  2 0.0565 0.9435 
        h059  2 0.0353 0.9647 
        h060  2 0.0934 0.9066 
        h061  2 0.0274 0.9726 
        h062  2 0.0460 0.9540 
        h063  2 0.1545 0.8455 
        h064  2 0.0321 0.9679 
        h065  2 0.0765 0.9235 
        h066  2 0.0247 0.9753 
        h067  2 0.1997 0.8003 
        h068  2 0.0314 0.9686 
        h069  2 0.0579 0.9421 
        h070  2 0.0457 0.9543 
        h071  2 0.0310 0.9690 
        h072  2 0.0627 0.9373 
        h073  2 0.0251 0.9749 
        h074  2 0.0480 0.9520 
        h075  2 0.0402 0.9598 
        h076  2 0.1087 0.8913 
        h077  2 0.0620 0.9380 
        h078  2 0.1249 0.8751 
        h079  2 0.0641 0.9359 
        h080  2 0.0164 0.9836 
        h081  2 0.0530 0.9470 
        h082  2 0.0586 0.9414 
        h083  2 0.0379 0.9621 
        h084  2 0.0506 0.9494 
        h085  2 0.1539 0.8461 
        h086  2 0.2743 0.7257 
        h087  2 0.1267 0.8733 
        h088  2 0.0564 0.9436 
        h089  2 0.0592 0.9408 
        h090  2 0.1235 0.8765 
        h091  2 0.1083 0.8917 
        h092  2 0.0357 0.9643 
        h093  2 0.1135 0.8865 
        h094  2 0.0541 0.9459 
        h095  2 0.0178 0.9822 
        h096  2 0.1316 0.8684 
        h097  2 0.0382 0.9618 
        h098  2 0.1515 0.8485 
        h099  2 0.1320 0.8680 
        h100  2 0.1324 0.8676 
       h0011  3 0.0680 0.9320 
       h0021  3 0.4453 0.5547 
       h0031  3 0.2908 0.7092 
       h0041  3 0.2963 0.7037 
       h0051  3 0.2124 0.7876 
       h0061  3 0.0827 0.9173 
       h0071  3 0.0906 0.9094 
       h0081  3 0.2677 0.7323 
       h0091  3 0.0940 0.9060 
       h0101  3 0.0610 0.9390 
       h0111  3 0.0954 0.9046 
       h0121  3 0.0988 0.9012 
       h0131  3 0.0869 0.9131 
       h0141  3 0.2304 0.7696 
       h0151  3 0.1500 0.8500 
       h0161  3 0.1119 0.8881 
       h0171  3 0.4444 0.5556 
       h0181  3 0.2427 0.7573 
       h0191  3 0.2148 0.7852 
       h0201  3 0.4026 0.5974 
       h0211  3 0.0510 0.9490 
       h0221  3 0.3244 0.6756 
       h0231  3 0.3109 0.6891 
       h0241  3 0.1816 0.8184 
       h0251  3 0.1494 0.8506 
       h0261  3 0.3565 0.6435 
       h0271  3 0.0791 0.9209 
       h0281  3 0.1988 0.8012 
       h0291  3 0.0734 0.9266 
       h0301  3 0.0536 0.9464 
       h0311  3 0.1019 0.8981 
       h0321  3 0.2085 0.7915 
       h0331  3 0.0384 0.9616 
       h0341  3 0.0601 0.9399 
       h0351  3 0.2198 0.7802 
       h0361  3 0.1533 0.8467 
       h0371  3 0.3204 0.6796 
       h0381  3 0.3045 0.6955 
       h0391  3 0.4331 0.5669 
       h0401  3 0.0375 0.9625 
       h0411  3 0.2687 0.7313 
       h0421  3 0.2064 0.7936 
       h0431  3 0.3716 0.6284 
       h0441  3 0.0492 0.9508 
       h0451  3 0.1748 0.8252 
       h0461  3 0.1923 0.8077 
       h0471  3 0.2025 0.7975 
       h0481  3 0.2831 0.7169 
       h0491  3 0.0289 0.9711 
       h0501  3 0.1464 0.8536 
       h0511  3 0.2104 0.7896 
       h0521  3 0.2576 0.7424 
       h0531  3 0.2426 0.7574 
       h0541  3 0.2677 0.7323 
       h0551  3 0.1832 0.8168 
       h0561  3 0.2529 0.7471 
       h0571  3 0.3858 0.6142 
       h0581  3 0.0393 0.9607 
       h0591  3 0.2483 0.7517 
       h0601  3 0.2319 0.7681 
       h0611  3 0.3034 0.6966 
       h0621  3 0.3265 0.6735 
       h0631  3 0.3222 0.6778 
       h0641  3 0.4302 0.5698 
       h0651  3 0.3263 0.6737 
       h0661  3 0.2572 0.7428 
       h0671  3 0.1342 0.8658 
       h0681  3 0.0656 0.9344 
       h0691  3 0.1754 0.8246 
       h0701  3 0.1648 0.8352 
       h0711  3 0.2104 0.7896 
       h0721  3 0.3547 0.6453 
       h0731  3 0.2022 0.7978 
       h0741  3 0.0909 0.9091 
       h0751  3 0.1205 0.8795 
       h0761  3 0.0554 0.9446 
       h0771  3 0.1447 0.8553 
       h0781  3 0.1536 0.8464 
       h0791  3 0.1424 0.8576 
       h0801  3 0.0574 0.9426 
       h0811  3 0.2901 0.7099 
       h0821  3 0.3834 0.6166 
       h0831  3 0.0273 0.9727 
       h0841  3 0.2585 0.7415 
       h0851  3 0.1806 0.8194 
       h0861  3 0.1430 0.8570 
       h0871  3 0.0501 0.9499 
       h0881  3 0.2719 0.7281 
       h0891  3 0.1979 0.8021 
       h0901  3 0.0302 0.9698 
       h0911  3 0.0633 0.9367 
       h0921  3 0.2313 0.7687 
       h0931  3 0.1848 0.8152 
       h0941  3 0.2286 0.7714 
       h0951  3 0.3010 0.6990 
       h0961  3 0.2135 0.7865 
       h0971  3 0.0513 0.9487 
       h0981  3 0.1495 0.8505 
       h0991  3 0.0370 0.9630 
       h1001  3 0.4068 0.5932 
       h0012  4 0.6296 0.3704 
       h0022  4 0.5084 0.4916 
       h0032  4 0.5020 0.4980 
       h0042  4 0.3642 0.6358 
       h0052  4 0.4627 0.5373 
       h0062  4 0.5323 0.4677 
       h0072  4 0.5819 0.4181 
       h0082  4 0.6712 0.3288 
       h0092  4 0.5947 0.4053 
       h0102  4 0.4241 0.5759 
       h0112  4 0.5728 0.4272 
       h0122  4 0.5656 0.4344 
       h0132  4 0.5182 0.4818 
       h0142  4 0.3569 0.6431 
       h0152  4 0.4724 0.5276 
       h0162  4 0.4464 0.5536 
       h0172  4 0.5126 0.4874 
       h0182  4 0.6056 0.3944 
       h0192  4 0.4390 0.5610 
       h0202  4 0.5416 0.4584 
       h0212  4 0.5113 0.4887 
       h0222  4 0.4536 0.5464 
       h0232  4 0.5281 0.4719 
       h0242  4 0.5751 0.4249 
       h0252  4 0.5104 0.4896 
       h0262  4 0.6170 0.3830 
       h0272  4 0.4576 0.5424 
       h0282  4 0.5241 0.4759 
       h0292  4 0.5987 0.4013 
       h0302  4 0.4728 0.5272 
       h0312  4 0.4848 0.5152 
       h0322  4 0.4839 0.5161 
       h0332  4 0.4924 0.5076 
       h0342  4 0.4550 0.5450 
       h0352  4 0.3837 0.6163 
       h0362  4 0.5031 0.4969 
       h0372  4 0.6715 0.3285 
       h0382  4 0.6648 0.3352 
       h0392  4 0.4117 0.5883 
       h0402  4 0.4881 0.5119 
       h0412  4 0.4785 0.5215 
       h0422  4 0.5520 0.4480 
       h0432  4 0.6347 0.3653 
       h0442  4 0.3336 0.6664 
       h0452  4 0.5612 0.4388 
       h0462  4 0.5073 0.4927 
       h0472  4 0.5640 0.4360 
       h0482  4 0.4509 0.5491 
       h0492  4 0.3946 0.6054 
       h0502  4 0.6072 0.3928 
       h0512  4 0.4011 0.5989 
       h0522  4 0.4669 0.5331 
       h0532  4 0.5180 0.4820 
       h0542  4 0.5362 0.4638 
       h0552  4 0.5806 0.4194 
       h0562  4 0.4811 0.5189 
       h0572  4 0.5301 0.4699 
       h0582  4 0.5966 0.4034 
       h0592  4 0.4442 0.5558 
       h0602  4 0.4310 0.5690 
       h0612  4 0.4630 0.5370 
       h0622  4 0.4207 0.5793 
       h0632  4 0.5809 0.4191 
       h0642  4 0.5210 0.4790 
       h0652  4 0.4060 0.5940 
       h0662  4 0.4685 0.5315 
       h0672  4 0.5843 0.4157 
       h0682  4 0.4450 0.5550 
       h0692  4 0.4411 0.5589 
       h0702  4 0.3200 0.6800 
       h0712  4 0.5957 0.4043 
       h0722  4 0.5001 0.4999 
       h0732  4 0.5141 0.4859 
       h0742  4 0.4328 0.5672 
       h0752  4 0.4880 0.5120 
       h0762  4 0.4947 0.5053 
       h0772  4 0.3924 0.6076 
       h0782  4 0.5125 0.4875 
       h0792  4 0.4454 0.5546 
       h0802  4 0.4449 0.5551 
       h0812  4 0.5441 0.4559 
       h0822  4 0.5581 0.4419 
       h0832  4 0.5643 0.4357 
       h0842  4 0.4532 0.5468 
       h0852  4 0.4995 0.5005 
       h0862  4 0.5969 0.4031 
       h0872  4 0.5995 0.4005 
       h0882  4 0.4981 0.5019 
       h0892  4 0.5243 0.4757 
       h0902  4 0.4802 0.5198 
       h0912  4 0.4592 0.5408 
       h0922  4 0.4595 0.5405 
       h0932  4 0.5683 0.4317 
       h0942  4 0.3863 0.6137 
       h0952  4 0.4344 0.5656 
       h0962  4 0.3323 0.6677 
       h0972  4 0.4381 0.5619 
       h0982  4 0.3700 0.6300 
       h0992  4 0.5878 0.4122 
       h1002  4 0.4887 0.5113 
       h0013  5 0.9262 0.0738 
       h0023  5 0.8348 0.1652 
       h0033  5 0.6419 0.3581 
       h0043  5 0.7969 0.2031 
       h0053  5 0.7867 0.2133 
       h0063  5 0.7350 0.2650 
       h0073  5 0.7533 0.2467 
       h0083  5 0.8213 0.1787 
       h0093  5 0.7343 0.2657 
       h0103  5 0.7905 0.2095 
       h0113  5 0.8504 0.1496 
       h0123  5 0.7354 0.2646 
       h0133  5 0.9720 0.0280 
       h0143  5 0.9109 0.0891 
       h0153  5 0.6303 0.3697 
       h0163  5 0.8161 0.1839 
       h0173  5 0.6927 0.3073 
       h0183  5 0.5879 0.4121 
       h0193  5 0.7853 0.2147 
       h0203  5 0.8792 0.1208 
       h0213  5 0.6635 0.3365 
       h0223  5 0.8588 0.1412 
       h0233  5 0.6961 0.3039 
       h0243  5 0.8722 0.1278 
       h0253  5 0.7171 0.2829 
       h0263  5 0.8185 0.1815 
       h0273  5 0.7054 0.2946 
       h0283  5 0.6546 0.3454 
       h0293  5 0.8069 0.1931 
       h0303  5 0.9148 0.0852 
       h0313  5 0.7073 0.2927 
       h0323  5 0.5008 0.4992 
       h0333  5 0.7868 0.2132 
       h0343  5 0.8786 0.1214 
       h0353  5 0.8614 0.1386 
       h0363  5 0.8720 0.1280 
       h0373  5 0.6091 0.3909 
       h0383  5 0.7252 0.2748 
       h0393  5 0.7424 0.2576 
       h0403  5 0.8986 0.1014 
       h0413  5 0.7928 0.2072 
       h0423  5 0.9066 0.0934 
       h0433  5 0.7449 0.2551 
       h0443  5 0.7467 0.2533 
       h0453  5 0.7653 0.2347 
       h0463  5 0.9576 0.0424 
       h0473  5 0.7214 0.2786 
       h0483  5 0.8189 0.1811 
       h0493  5 0.9454 0.0546 
       h0503  5 0.6278 0.3722 
       h0513  5 0.6285 0.3715 
       h0523  5 0.8688 0.1312 
       h0533  5 0.7114 0.2886 
       h0543  5 0.9515 0.0485 
       h0553  5 0.8672 0.1328 
       h0563  5 0.8180 0.1820 
       h0573  5 0.9581 0.0419 
       h0583  5 0.9003 0.0997 
       h0593  5 0.8019 0.1981 
       h0603  5 0.9286 0.0714 
       h0613  5 0.7960 0.2040 
       h0623  5 0.6866 0.3134 
       h0633  5 0.8503 0.1497 
       h0643  5 0.7537 0.2463 
       h0653  5 0.7027 0.2973 
       h0663  5 0.8932 0.1068 
       h0673  5 0.8150 0.1850 
       h0683  5 0.8449 0.1551 
       h0693  5 0.6838 0.3162 
       h0703  5 0.8010 0.1990 
       h0713  5 0.7089 0.2911 
       h0723  5 0.9376 0.0624 
       h0733  5 0.7338 0.2662 
       h0743  5 0.5922 0.4078 
       h0753  5 0.8015 0.1985 
       h0763  5 0.6993 0.3007 
       h0773  5 0.7477 0.2523 
       h0783  5 0.9546 0.0454 
       h0793  5 0.9347 0.0653 
       h0803  5 0.8218 0.1782 
       h0813  5 0.7810 0.2190 
       h0823  5 0.8988 0.1012 
       h0833  5 0.7027 0.2973 
       h0843  5 0.8165 0.1835 
       h0853  5 0.9683 0.0317 
       h0863  5 0.6252 0.3748 
       h0873  5 0.8723 0.1277 
       h0883  5 0.8442 0.1558 
       h0893  5 0.6963 0.3037 
       h0903  5 0.6853 0.3147 
       h0913  5 0.9406 0.0594 
       h0923  5 0.8557 0.1443 
       h0933  5 0.8262 0.1738 
       h0943  5 0.8950 0.1050 
       h0953  5 0.8095 0.1905 
       h0963  5 0.7244 0.2756 
       h0973  5 0.9055 0.0945 
       h0983  5 0.7835 0.2165 
       h0993  5 0.7704 0.2296 
       h1003  5 0.7001 0.2999 
       h0014  6 0.9871 0.0129 
       h0024  6 0.9237 0.0763 
       h0034  6 0.8701 0.1299 
       h0044  6 0.9347 0.0653 
       h0054  6 0.9397 0.0603 
       h0064  6 0.8742 0.1258 
       h0074  6 0.9276 0.0724 
       h0084  6 0.9456 0.0544 
       h0094  6 0.9097 0.0903 
       h0104  6 0.9695 0.0305 
       h0114  6 0.9763 0.0237 
       h0124  6 0.9713 0.0287 
       h0134  6 0.8979 0.1021 
       h0144  6 0.8957 0.1043 
       h0154  6 0.9509 0.0491 
       h0164  6 0.9742 0.0258 
       h0174  6 0.9808 0.0192 
       h0184  6 0.9577 0.0423 
       h0194  6 0.9644 0.0356 
       h0204  6 0.9807 0.0193 
       h0214  6 0.9448 0.0552 
       h0224  6 0.9752 0.0248 
       h0234  6 0.9378 0.0622 
       h0244  6 0.9844 0.0156 
       h0254  6 0.7914 0.2086 
       h0264  6 0.7850 0.2150 
       h0274  6 0.9210 0.0790 
       h0284  6 0.9561 0.0439 
       h0294  6 0.7594 0.2406 
       h0304  6 0.8013 0.1987 
       h0314  6 0.8192 0.1808 
       h0324  6 0.9136 0.0864 
       h0334  6 0.9536 0.0464 
       h0344  6 0.8520 0.1480 
       h0354  6 0.9434 0.0566 
       h0364  6 0.9474 0.0526 
       h0374  6 0.9725 0.0275 
       h0384  6 0.8342 0.1658 
       h0394  6 0.9556 0.0444 
       h0404  6 0.8456 0.1544 
       h0414  6 0.9363 0.0637 
       h0424  6 0.8847 0.1153 
       h0434  6 0.7846 0.2154 
       h0444  6 0.8960 0.1040 
       h0454  6 0.9733 0.0267 
       h0464  6 0.9679 0.0321 
       h0474  6 0.7271 0.2729 
       h0484  6 0.8868 0.1132 
       h0494  6 0.9717 0.0283 
       h0504  6 0.9038 0.0962 
       h0514  6 0.9595 0.0405 
       h0524  6 0.9684 0.0316 
       h0534  6 0.9293 0.0707 
       h0544  6 0.9665 0.0335 
       h0554  6 0.8527 0.1473 
       h0564  6 0.8768 0.1232 
       h0574  6 0.9518 0.0482 
       h0584  6 0.9018 0.0982 
       h0594  6 0.9816 0.0184 
       h0604  6 0.8013 0.1987 
       h0614  6 0.9428 0.0572 
       h0624  6 0.9501 0.0499 
       h0634  6 0.9201 0.0799 
       h0644  6 0.9739 0.0261 
       h0654  6 0.8396 0.1604 
       h0664  6 0.9548 0.0452 
       h0674  6 0.9416 0.0584 
       h0684  6 0.9388 0.0612 
       h0694  6 0.9807 0.0193 
       h0704  6 0.9509 0.0491 
       h0714  6 0.9695 0.0305 
       h0724  6 0.9042 0.0958 
       h0734  6 0.9725 0.0275 
       h0744  6 0.9320 0.0680 
       h0754  6 0.9800 0.0200 
       h0764  6 0.8965 0.1035 
       h0774  6 0.8861 0.1139 
       h0784  6 0.9130 0.0870 
       h0794  6 0.9054 0.0946 
       h0804  6 0.9121 0.0879 
       h0814  6 0.8453 0.1547 
       h0824  6 0.9758 0.0242 
       h0834  6 0.8370 0.1630 
       h0844  6 0.9211 0.0789 
       h0854  6 0.9819 0.0181 
       h0864  6 0.8079 0.1921 
       h0874  6 0.9444 0.0556 
       h0884  6 0.9506 0.0494 
       h0894  6 0.9287 0.0713 
       h0904  6 0.9778 0.0222 
       h0914  6 0.8788 0.1212 
       h0924  6 0.9645 0.0355 
       h0934  6 0.9522 0.0478 
       h0944  6 0.9064 0.0936 
       h0954  6 0.9855 0.0145 
       h0964  6 0.9441 0.0559 
       h0974  6 0.9424 0.0576 
       h0984  6 0.7595 0.2405 
       h0994  6 0.9558 0.0442 
       h1004  6 0.8981 0.1019 
     CK.0PLA  7 0.9730 0.0270 
     CK.0PLC  7 0.9692 0.0308 
     CK.0PLE  7 0.9849 0.0151 
     CK.0PLF  7 0.9627 0.0373 
     CK.0PLH  7 0.9820 0.0180 
     CK.0PLJ  7 0.9811 0.0189 
     CK.0PLK  7 0.9867 0.0133 
     CK.0PLL  7 0.9820 0.0180 
     CK.0PLM  7 0.9604 0.0396 
     CK.0PLP  7 0.9837 0.0163 
     CK.0PLT  7 0.9876 0.0124 
     CK.0PLU  7 0.9836 0.0164 
     CK.0PLX  7 0.9731 0.0269 
     CK.0PLY  7 0.9874 0.0126 
     CK.0PM0  7 0.9845 0.0155 
     CK.0PM1  7 0.9856 0.0144 
     CK.0PM2  7 0.9802 0.0198 
     CK.0PM3  7 0.9809 0.0191 
     CK.0PM4  7 0.9808 0.0192 
     CK.0PM7  7 0.9851 0.0149 
     CK.0PM8  7 0.9874 0.0126 
     CK.0PMA  7 0.9783 0.0217 
       M2C06  7 0.9861 0.0139 
       M2C07  7 0.9882 0.0118 
       M2C08  7 0.9882 0.0118 
       M2C0A  7 0.9844 0.0156 
       M2C0C  7 0.9836 0.0164 
       M2C0E  7 0.9851 0.0149 
         h01  8 0.9839 0.0161 
         h02  8 0.9830 0.0170 
         h03  8 0.9867 0.0133 
         h04  8 0.9879 0.0121 
         h05  8 0.9856 0.0144 
         h06  8 0.9843 0.0157 
         h07  8 0.9850 0.0150 
         h08  8 0.9663 0.0337 
         h09  8 0.9750 0.0250 
         h10  8 0.9852 0.0148 
         h11  8 0.9861 0.0139 
         h12  8 0.9826 0.0174 
         h13  8 0.9852 0.0148 
         h14  8 0.9852 0.0148 
         h15  8 0.9880 0.0120 
         h16  8 0.9743 0.0257 
         h17  8 0.9876 0.0124 
         h18  8 0.9834 0.0166 
         h19  8 0.9772 0.0228 
         h20  8 0.9822 0.0178 
         h21  8 0.9873 0.0127 
         h22  8 0.9833 0.0167 
         h23  8 0.9788 0.0212 
         h24  8 0.9781 0.0219 
         h25  8 0.9863 0.0137 
         h26  8 0.9841 0.0159 
         h27  8 0.9807 0.0193 
         h28  8 0.9862 0.0138 
         h29  8 0.9887 0.0113 
         h30  8 0.9791 0.0209 
         h31  8 0.9784 0.0216 
         h32  8 0.9834 0.0166 
         h33  8 0.9717 0.0283 
         h34  8 0.9839 0.0161 
         h35  8 0.9808 0.0192 
         h36  8 0.9849 0.0151 
         h37  8 0.9849 0.0151 
         h38  8 0.9762 0.0238 
         h39  8 0.9832 0.0168 
         h40  8 0.9828 0.0172 
         h41  8 0.9847 0.0153 
         h42  8 0.9839 0.0161 
         h43  8 0.9789 0.0211 
         h44  8 0.9842 0.0158 
         h45  8 0.9838 0.0162 
         h46  8 0.9850 0.0150 
         h47  8 0.9823 0.0177 
         h48  8 0.9740 0.0260 
         h49  8 0.9829 0.0171 
         h50  8 0.9859 0.0141 
         h51  8 0.9665 0.0335 
         h52  8 0.9867 0.0133 
         h53  8 0.9844 0.0156 
         h54  8 0.9828 0.0172 
         h55  8 0.9880 0.0120 
         h56  8 0.9802 0.0198 
         h57  8 0.9858 0.0142 
         h58  8 0.9839 0.0161 
         h59  8 0.9820 0.0180 
         h60  8 0.9849 0.0151 
         h61  8 0.9838 0.0162 
         h62  8 0.9860 0.0140 
         h63  8 0.9817 0.0183 
         h64  8 0.9854 0.0146 
         h65  8 0.9870 0.0130 
         h66  8 0.9844 0.0156 
         h67  8 0.9852 0.0148 
         h68  8 0.9792 0.0208 
         h69  8 0.9868 0.0132 
         h70  8 0.9854 0.0146 
         h71  8 0.9777 0.0223 
         h72  8 0.9837 0.0163 
