       M1EL5  1 0.0229 0.9771 
       W26T6  1 0.0437 0.9563 
       W26XX  1 0.0173 0.9827 
       M013P  1 0.0225 0.9775 
       M1ELA  1 0.0395 0.9605 
       M2C73  1 0.0194 0.9806 
       W23P4  1 0.0316 0.9684 
       W247C  1 0.0216 0.9784 
       W24K1  1 0.0183 0.9817 
       W24ME  1 0.0415 0.9585 
       W2514  1 0.0203 0.9797 
       W26MA  1 0.0349 0.9651 
       W26MM  1 0.0357 0.9643 
       W26MU  1 0.0239 0.9761 
       W26P0  1 0.0191 0.9809 
       W26P3  1 0.0169 0.9831 
       W26T5  1 0.0160 0.9840 
       W26TE  1 0.0249 0.9751 
       W26TF  1 0.0607 0.9393 
       W26U8  1 0.0543 0.9457 
       W26UJ  1 0.0219 0.9781 
       W26UK  1 0.0138 0.9862 
       W26UT  1 0.0166 0.9834 
       W26XT  1 0.0317 0.9683 
      CC06H2  1 0.0408 0.9592 
      CC06H4  1 0.0341 0.9659 
      CC06H5  1 0.0267 0.9733 
      CC06H6  1 0.0140 0.9860 
      CC06HE  1 0.0204 0.9796 
      CC06HF  1 0.0583 0.9417 
      CC06HH  1 0.0170 0.9830 
      CC06HJ  1 0.0282 0.9718 
      CC06HL  1 0.0179 0.9821 
      CC06HP  1 0.0153 0.9847 
      CC06HT  1 0.0324 0.9676 
      CC06HU  1 0.0252 0.9748 
      CC06HY  1 0.0326 0.9674 
      CC06J0  1 0.0387 0.9613 
      CC06J1  1 0.0260 0.9740 
      CC06J2  1 0.0296 0.9704 
     CT.0YCY  1 0.0199 0.9801 
     CT.0YEC  1 0.0139 0.9861 
     CT.0YEF  1 0.0174 0.9826 
     CT.0YEU  1 0.0136 0.9864 
     CT.0YF2  1 0.0351 0.9649 
     CT.0YF8  1 0.0121 0.9879 
     CT.0YFA  1 0.0142 0.9858 
     CT.0YFE  1 0.0201 0.9799 
     CT.0YFP  1 0.0370 0.9630 
     CT.0YFU  1 0.0216 0.9784 
     CT.0YK7  1 0.0317 0.9683 
     CX.10PT  1 0.0872 0.9128 
      DAM021  1 0.0193 0.9807 
      DAM034  1 0.0139 0.9861 
      DAM07X  1 0.0176 0.9824 
     EF.15J6  1 0.0187 0.9813 
      HRV010  1 0.0310 0.9690 
      HRV02J  1 0.0266 0.9734 
      HRV078  1 0.0278 0.9722 
      HRV0FH  1 0.0173 0.9827 
      HRV0H5  1 0.0220 0.9780 
      HRV0JF  1 0.0189 0.9811 
      HRV0JJ  1 0.0203 0.9797 
      HRV0JM  1 0.0164 0.9836 
      HRV0K6  1 0.0866 0.9134 
      HRV0K7  1 0.0202 0.9798 
      HRV0KP  1 0.0431 0.9569 
      HRV1AX  1 0.0211 0.9789 
      HRV1C4  1 0.0148 0.9852 
      HRV1CH  1 0.0214 0.9786 
      HRV1FA  1 0.0256 0.9744 
      HRV1FK  1 0.0365 0.9635 
      HRV1H8  1 0.0168 0.9832 
      HRV1HT  1 0.0357 0.9643 
      HRV1XU  1 0.0523 0.9477 
      HRV4TF  1 0.0231 0.9769 
      HRV6F0  1 0.0288 0.9712 
      HRVE6L  1 0.0321 0.9679 
       M27HM  1 0.0185 0.9815 
       M27HP  1 0.0173 0.9827 
       M2AK4  1 0.0213 0.9787 
       M2ALA  1 0.0170 0.9830 
       M2C56  1 0.0227 0.9773 
       M2CUX  1 0.0284 0.9716 
       M2E24  1 0.0163 0.9837 
       M2EA7  1 0.0190 0.9810 
       M2EH6  1 0.0187 0.9813 
       M2EKC  1 0.0489 0.9511 
      MSV083  1 0.0684 0.9316 
      MSV084  1 0.0206 0.9794 
      MSV0LJ  1 0.0268 0.9732 
      MSV1H5  1 0.0215 0.9785 
      MSV1KM  1 0.0167 0.9833 
      MSV23F  1 0.0484 0.9516 
      MSV2L8  1 0.0217 0.9783 
      MSV2P7  1 0.0202 0.9798 
      MSV2TJ  1 0.0154 0.9846 
      MSV2XM  1 0.0295 0.9705 
      MSV327  1 0.0271 0.9729 
      MSV33L  1 0.0161 0.9839 
        h001  2 0.0217 0.9783 
        h002  2 0.1218 0.8782 
        h003  2 0.0679 0.9321 
        h004  2 0.0305 0.9695 
        h005  2 0.0386 0.9614 
        h006  2 0.1438 0.8562 
        h007  2 0.1011 0.8989 
        h008  2 0.0918 0.9082 
        h009  2 0.0355 0.9645 
        h010  2 0.1655 0.8345 
        h011  2 0.0294 0.9706 
        h012  2 0.0275 0.9725 
        h013  2 0.0789 0.9211 
        h014  2 0.0459 0.9541 
        h015  2 0.3296 0.6704 
        h016  2 0.0755 0.9245 
        h017  2 0.0277 0.9723 
        h018  2 0.0296 0.9704 
        h019  2 0.1502 0.8498 
        h020  2 0.1424 0.8576 
        h021  2 0.1367 0.8633 
        h022  2 0.0222 0.9778 
        h023  2 0.0768 0.9232 
        h024  2 0.0538 0.9462 
        h025  2 0.2300 0.7700 
        h026  2 0.1419 0.8581 
        h027  2 0.0637 0.9363 
        h028  2 0.0818 0.9182 
        h029  2 0.0626 0.9374 
        h030  2 0.0390 0.9610 
        h031  2 0.1001 0.8999 
        h032  2 0.0180 0.9820 
        h033  2 0.1176 0.8824 
        h034  2 0.0886 0.9114 
        h035  2 0.0885 0.9115 
        h036  2 0.0615 0.9385 
        h037  2 0.0397 0.9603 
        h038  2 0.0891 0.9109 
        h039  2 0.0952 0.9048 
        h040  2 0.0305 0.9695 
        h041  2 0.0711 0.9289 
        h042  2 0.0248 0.9752 
        h043  2 0.0587 0.9413 
        h044  2 0.1772 0.8228 
        h045  2 0.0376 0.9624 
        h046  2 0.1802 0.8198 
        h047  2 0.0785 0.9215 
        h048  2 0.2003 0.7997 
        h049  2 0.0548 0.9452 
        h050  2 0.0309 0.9691 
        h051  2 0.0396 0.9604 
        h052  2 0.0410 0.9590 
        h053  2 0.1069 0.8931 
        h054  2 0.0470 0.9530 
        h055  2 0.0336 0.9664 
        h056  2 0.0895 0.9105 
        h057  2 0.0949 0.9051 
        h058  2 0.0555 0.9445 
        h059  2 0.0351 0.9649 
        h060  2 0.0927 0.9073 
        h061  2 0.0271 0.9729 
        h062  2 0.0456 0.9544 
        h063  2 0.1521 0.8479 
        h064  2 0.0320 0.9680 
        h065  2 0.0748 0.9252 
        h066  2 0.0245 0.9755 
        h067  2 0.1974 0.8026 
        h068  2 0.0312 0.9688 
        h069  2 0.0573 0.9427 
        h070  2 0.0453 0.9547 
        h071  2 0.0309 0.9691 
        h072  2 0.0618 0.9382 
        h073  2 0.0250 0.9750 
        h074  2 0.0477 0.9523 
        h075  2 0.0396 0.9604 
        h076  2 0.1069 0.8931 
        h077  2 0.0615 0.9385 
        h078  2 0.1237 0.8763 
        h079  2 0.0638 0.9362 
        h080  2 0.0163 0.9837 
        h081  2 0.0526 0.9474 
        h082  2 0.0580 0.9420 
        h083  2 0.0375 0.9625 
        h084  2 0.0501 0.9499 
        h085  2 0.1528 0.8472 
        h086  2 0.2735 0.7265 
        h087  2 0.1254 0.8746 
        h088  2 0.0561 0.9439 
        h089  2 0.0586 0.9414 
        h090  2 0.1221 0.8779 
        h091  2 0.1068 0.8932 
        h092  2 0.0356 0.9644 
        h093  2 0.1118 0.8882 
        h094  2 0.0535 0.9465 
        h095  2 0.0177 0.9823 
        h096  2 0.1306 0.8694 
        h097  2 0.0379 0.9621 
        h098  2 0.1491 0.8509 
        h099  2 0.1304 0.8696 
        h100  2 0.1317 0.8683 
       h0011  3 0.0674 0.9326 
       h0021  3 0.4447 0.5553 
       h0031  3 0.2903 0.7097 
       h0041  3 0.2947 0.7053 
       h0051  3 0.2116 0.7884 
       h0061  3 0.0815 0.9185 
       h0071  3 0.0897 0.9103 
       h0081  3 0.2661 0.7339 
       h0091  3 0.0934 0.9066 
       h0101  3 0.0602 0.9398 
       h0111  3 0.0948 0.9052 
       h0121  3 0.0979 0.9021 
       h0131  3 0.0861 0.9139 
       h0141  3 0.2282 0.7718 
       h0151  3 0.1492 0.8508 
       h0161  3 0.1100 0.8900 
       h0171  3 0.4440 0.5560 
       h0181  3 0.2426 0.7574 
       h0191  3 0.2132 0.7868 
       h0201  3 0.4022 0.5978 
       h0211  3 0.0507 0.9493 
       h0221  3 0.3243 0.6757 
       h0231  3 0.3100 0.6900 
       h0241  3 0.1805 0.8195 
       h0251  3 0.1482 0.8518 
       h0261  3 0.3548 0.6452 
       h0271  3 0.0780 0.9220 
       h0281  3 0.1979 0.8021 
       h0291  3 0.0726 0.9274 
       h0301  3 0.0529 0.9471 
       h0311  3 0.1007 0.8993 
       h0321  3 0.2073 0.7927 
       h0331  3 0.0381 0.9619 
       h0341  3 0.0596 0.9404 
       h0351  3 0.2175 0.7825 
       h0361  3 0.1509 0.8491 
       h0371  3 0.3198 0.6802 
       h0381  3 0.3032 0.6968 
       h0391  3 0.4323 0.5677 
       h0401  3 0.0374 0.9626 
       h0411  3 0.2679 0.7321 
       h0421  3 0.2051 0.7949 
       h0431  3 0.3709 0.6291 
       h0441  3 0.0490 0.9510 
       h0451  3 0.1734 0.8266 
       h0461  3 0.1907 0.8093 
       h0471  3 0.2015 0.7985 
       h0481  3 0.2825 0.7175 
       h0491  3 0.0287 0.9713 
       h0501  3 0.1442 0.8558 
       h0511  3 0.2094 0.7906 
       h0521  3 0.2556 0.7444 
       h0531  3 0.2418 0.7582 
       h0541  3 0.2659 0.7341 
       h0551  3 0.1816 0.8184 
       h0561  3 0.2521 0.7479 
       h0571  3 0.3849 0.6151 
       h0581  3 0.0392 0.9608 
       h0591  3 0.2471 0.7529 
       h0601  3 0.2308 0.7692 
       h0611  3 0.3025 0.6975 
       h0621  3 0.3250 0.6750 
       h0631  3 0.3215 0.6785 
       h0641  3 0.4297 0.5703 
       h0651  3 0.3247 0.6753 
       h0661  3 0.2565 0.7435 
       h0671  3 0.1325 0.8675 
       h0681  3 0.0652 0.9348 
       h0691  3 0.1742 0.8258 
       h0701  3 0.1641 0.8359 
       h0711  3 0.2087 0.7913 
       h0721  3 0.3532 0.6468 
       h0731  3 0.2007 0.7993 
       h0741  3 0.0899 0.9101 
       h0751  3 0.1195 0.8805 
       h0761  3 0.0549 0.9451 
       h0771  3 0.1428 0.8572 
       h0781  3 0.1519 0.8481 
       h0791  3 0.1418 0.8582 
       h0801  3 0.0560 0.9440 
       h0811  3 0.2895 0.7105 
       h0821  3 0.3829 0.6171 
       h0831  3 0.0273 0.9727 
       h0841  3 0.2571 0.7429 
       h0851  3 0.1796 0.8204 
       h0861  3 0.1417 0.8583 
       h0871  3 0.0497 0.9503 
       h0881  3 0.2709 0.7291 
       h0891  3 0.1962 0.8038 
       h0901  3 0.0299 0.9701 
       h0911  3 0.0624 0.9376 
       h0921  3 0.2302 0.7698 
       h0931  3 0.1842 0.8158 
       h0941  3 0.2278 0.7722 
       h0951  3 0.3006 0.6994 
       h0961  3 0.2110 0.7890 
       h0971  3 0.0507 0.9493 
       h0981  3 0.1488 0.8512 
       h0991  3 0.0365 0.9635 
       h1001  3 0.4060 0.5940 
       h0012  4 0.6296 0.3704 
       h0022  4 0.5080 0.4920 
       h0032  4 0.5017 0.4983 
       h0042  4 0.3635 0.6365 
       h0052  4 0.4621 0.5379 
       h0062  4 0.5322 0.4678 
       h0072  4 0.5815 0.4185 
       h0082  4 0.6711 0.3289 
       h0092  4 0.5948 0.4052 
       h0102  4 0.4235 0.5765 
       h0112  4 0.5725 0.4275 
       h0122  4 0.5652 0.4348 
       h0132  4 0.5175 0.4825 
       h0142  4 0.3568 0.6432 
       h0152  4 0.4722 0.5278 
       h0162  4 0.4442 0.5558 
       h0172  4 0.5118 0.4882 
       h0182  4 0.6053 0.3947 
       h0192  4 0.4383 0.5617 
       h0202  4 0.5420 0.4580 
       h0212  4 0.5111 0.4889 
       h0222  4 0.4532 0.5468 
       h0232  4 0.5281 0.4719 
       h0242  4 0.5744 0.4256 
       h0252  4 0.5101 0.4899 
       h0262  4 0.6170 0.3830 
       h0272  4 0.4580 0.5420 
       h0282  4 0.5238 0.4762 
       h0292  4 0.5982 0.4018 
       h0302  4 0.4721 0.5279 
       h0312  4 0.4848 0.5152 
       h0322  4 0.4831 0.5169 
       h0332  4 0.4918 0.5082 
       h0342  4 0.4546 0.5454 
       h0352  4 0.3833 0.6167 
       h0362  4 0.5027 0.4973 
       h0372  4 0.6714 0.3286 
       h0382  4 0.6646 0.3354 
       h0392  4 0.4111 0.5889 
       h0402  4 0.4873 0.5127 
       h0412  4 0.4779 0.5221 
       h0422  4 0.5518 0.4482 
       h0432  4 0.6345 0.3655 
       h0442  4 0.3326 0.6674 
       h0452  4 0.5608 0.4392 
       h0462  4 0.5071 0.4929 
       h0472  4 0.5636 0.4364 
       h0482  4 0.4508 0.5492 
       h0492  4 0.3937 0.6063 
       h0502  4 0.6070 0.3930 
       h0512  4 0.4001 0.5999 
       h0522  4 0.4666 0.5334 
       h0532  4 0.5186 0.4814 
       h0542  4 0.5360 0.4640 
       h0552  4 0.5805 0.4195 
       h0562  4 0.4805 0.5195 
       h0572  4 0.5303 0.4697 
       h0582  4 0.5963 0.4037 
       h0592  4 0.4439 0.5561 
       h0602  4 0.4302 0.5698 
       h0612  4 0.4620 0.5380 
       h0622  4 0.4201 0.5799 
       h0632  4 0.5802 0.4198 
       h0642  4 0.5208 0.4792 
       h0652  4 0.4053 0.5947 
       h0662  4 0.4683 0.5317 
       h0672  4 0.5841 0.4159 
       h0682  4 0.4444 0.5556 
       h0692  4 0.4407 0.5593 
       h0702  4 0.3190 0.6810 
       h0712  4 0.5951 0.4049 
       h0722  4 0.4995 0.5005 
       h0732  4 0.5135 0.4865 
       h0742  4 0.4325 0.5675 
       h0752  4 0.4872 0.5128 
       h0762  4 0.4939 0.5061 
       h0772  4 0.3912 0.6088 
       h0782  4 0.5121 0.4879 
       h0792  4 0.4450 0.5550 
       h0802  4 0.4449 0.5551 
       h0812  4 0.5441 0.4559 
       h0822  4 0.5578 0.4422 
       h0832  4 0.5641 0.4359 
       h0842  4 0.4535 0.5465 
       h0852  4 0.4992 0.5008 
       h0862  4 0.5962 0.4038 
       h0872  4 0.5992 0.4008 
       h0882  4 0.4980 0.5020 
       h0892  4 0.5240 0.4760 
       h0902  4 0.4800 0.5200 
       h0912  4 0.4590 0.5410 
       h0922  4 0.4589 0.5411 
       h0932  4 0.5678 0.4322 
       h0942  4 0.3855 0.6145 
       h0952  4 0.4343 0.5657 
       h0962  4 0.3316 0.6684 
       h0972  4 0.4381 0.5619 
       h0982  4 0.3696 0.6304 
       h0992  4 0.5870 0.4130 
       h1002  4 0.4878 0.5122 
       h0013  5 0.9262 0.0738 
       h0023  5 0.8354 0.1646 
       h0033  5 0.6416 0.3584 
       h0043  5 0.7963 0.2037 
       h0053  5 0.7874 0.2126 
       h0063  5 0.7349 0.2651 
       h0073  5 0.7537 0.2463 
       h0083  5 0.8214 0.1786 
       h0093  5 0.7341 0.2659 
       h0103  5 0.7908 0.2092 
       h0113  5 0.8506 0.1494 
       h0123  5 0.7351 0.2649 
       h0133  5 0.9722 0.0278 
       h0143  5 0.9113 0.0887 
       h0153  5 0.6303 0.3697 
       h0163  5 0.8162 0.1838 
       h0173  5 0.6928 0.3072 
       h0183  5 0.5880 0.4120 
       h0193  5 0.7852 0.2148 
       h0203  5 0.8803 0.1197 
       h0213  5 0.6634 0.3366 
       h0223  5 0.8591 0.1409 
       h0233  5 0.6962 0.3038 
       h0243  5 0.8731 0.1269 
       h0253  5 0.7175 0.2825 
       h0263  5 0.8187 0.1813 
       h0273  5 0.7054 0.2946 
       h0283  5 0.6545 0.3455 
       h0293  5 0.8075 0.1925 
       h0303  5 0.9154 0.0846 
       h0313  5 0.7076 0.2924 
       h0323  5 0.5002 0.4998 
       h0333  5 0.7865 0.2135 
       h0343  5 0.8795 0.1205 
       h0353  5 0.8622 0.1378 
       h0363  5 0.8722 0.1278 
       h0373  5 0.6087 0.3913 
       h0383  5 0.7252 0.2748 
       h0393  5 0.7425 0.2575 
       h0403  5 0.8992 0.1008 
       h0413  5 0.7926 0.2074 
       h0423  5 0.9073 0.0927 
       h0433  5 0.7446 0.2554 
       h0443  5 0.7469 0.2531 
       h0453  5 0.7653 0.2347 
       h0463  5 0.9579 0.0421 
       h0473  5 0.7216 0.2784 
       h0483  5 0.8185 0.1815 
       h0493  5 0.9458 0.0542 
       h0503  5 0.6273 0.3727 
       h0513  5 0.6280 0.3720 
       h0523  5 0.8690 0.1310 
       h0533  5 0.7115 0.2885 
       h0543  5 0.9520 0.0480 
       h0553  5 0.8675 0.1325 
       h0563  5 0.8174 0.1826 
       h0573  5 0.9586 0.0414 
       h0583  5 0.9011 0.0989 
       h0593  5 0.8014 0.1986 
       h0603  5 0.9291 0.0709 
       h0613  5 0.7963 0.2037 
       h0623  5 0.6862 0.3138 
       h0633  5 0.8509 0.1491 
       h0643  5 0.7535 0.2465 
       h0653  5 0.7025 0.2975 
       h0663  5 0.8939 0.1061 
       h0673  5 0.8151 0.1849 
       h0683  5 0.8458 0.1542 
       h0693  5 0.6830 0.3170 
       h0703  5 0.8011 0.1989 
       h0713  5 0.7092 0.2908 
       h0723  5 0.9376 0.0624 
       h0733  5 0.7335 0.2665 
       h0743  5 0.5925 0.4075 
       h0753  5 0.8022 0.1978 
       h0763  5 0.6992 0.3008 
       h0773  5 0.7477 0.2523 
       h0783  5 0.9548 0.0452 
       h0793  5 0.9356 0.0644 
       h0803  5 0.8221 0.1779 
       h0813  5 0.7811 0.2189 
       h0823  5 0.8998 0.1002 
       h0833  5 0.7030 0.2970 
       h0843  5 0.8168 0.1832 
       h0853  5 0.9683 0.0317 
       h0863  5 0.6251 0.3749 
       h0873  5 0.8731 0.1269 
       h0883  5 0.8447 0.1553 
       h0893  5 0.6961 0.3039 
       h0903  5 0.6852 0.3148 
       h0913  5 0.9407 0.0593 
       h0923  5 0.8555 0.1445 
       h0933  5 0.8264 0.1736 
       h0943  5 0.8958 0.1042 
       h0953  5 0.8097 0.1903 
       h0963  5 0.7244 0.2756 
       h0973  5 0.9057 0.0943 
       h0983  5 0.7836 0.2164 
       h0993  5 0.7701 0.2299 
       h1003  5 0.7005 0.2995 
       h0014  6 0.9872 0.0128 
       h0024  6 0.9243 0.0757 
       h0034  6 0.8707 0.1293 
       h0044  6 0.9351 0.0649 
       h0054  6 0.9399 0.0601 
       h0064  6 0.8747 0.1253 
       h0074  6 0.9284 0.0716 
       h0084  6 0.9458 0.0542 
       h0094  6 0.9104 0.0896 
       h0104  6 0.9699 0.0301 
       h0114  6 0.9764 0.0236 
       h0124  6 0.9715 0.0285 
       h0134  6 0.8984 0.1016 
       h0144  6 0.8967 0.1033 
       h0154  6 0.9512 0.0488 
       h0164  6 0.9742 0.0258 
       h0174  6 0.9810 0.0190 
       h0184  6 0.9581 0.0419 
       h0194  6 0.9648 0.0352 
       h0204  6 0.9807 0.0193 
       h0214  6 0.9451 0.0549 
       h0224  6 0.9754 0.0246 
       h0234  6 0.9384 0.0616 
       h0244  6 0.9845 0.0155 
       h0254  6 0.7917 0.2083 
       h0264  6 0.7849 0.2151 
       h0274  6 0.9212 0.0788 
       h0284  6 0.9568 0.0432 
       h0294  6 0.7594 0.2406 
       h0304  6 0.8012 0.1988 
       h0314  6 0.8189 0.1811 
       h0324  6 0.9140 0.0860 
       h0334  6 0.9543 0.0457 
       h0344  6 0.8521 0.1479 
       h0354  6 0.9440 0.0560 
       h0364  6 0.9476 0.0524 
       h0374  6 0.9727 0.0273 
       h0384  6 0.8347 0.1653 
       h0394  6 0.9555 0.0445 
       h0404  6 0.8453 0.1547 
       h0414  6 0.9365 0.0635 
       h0424  6 0.8849 0.1151 
       h0434  6 0.7849 0.2151 
       h0444  6 0.8963 0.1037 
       h0454  6 0.9734 0.0266 
       h0464  6 0.9682 0.0318 
       h0474  6 0.7270 0.2730 
       h0484  6 0.8870 0.1130 
       h0494  6 0.9720 0.0280 
       h0504  6 0.9037 0.0963 
       h0514  6 0.9599 0.0401 
       h0524  6 0.9686 0.0314 
       h0534  6 0.9300 0.0700 
       h0544  6 0.9670 0.0330 
       h0554  6 0.8537 0.1463 
       h0564  6 0.8773 0.1227 
       h0574  6 0.9524 0.0476 
       h0584  6 0.9021 0.0979 
       h0594  6 0.9817 0.0183 
       h0604  6 0.8016 0.1984 
       h0614  6 0.9433 0.0567 
       h0624  6 0.9508 0.0492 
       h0634  6 0.9210 0.0790 
       h0644  6 0.9741 0.0259 
       h0654  6 0.8397 0.1603 
       h0664  6 0.9551 0.0449 
       h0674  6 0.9419 0.0581 
       h0684  6 0.9390 0.0610 
       h0694  6 0.9808 0.0192 
       h0704  6 0.9513 0.0487 
       h0714  6 0.9695 0.0305 
       h0724  6 0.9043 0.0957 
       h0734  6 0.9726 0.0274 
       h0744  6 0.9323 0.0677 
       h0754  6 0.9801 0.0199 
       h0764  6 0.8957 0.1043 
       h0774  6 0.8857 0.1143 
       h0784  6 0.9134 0.0866 
       h0794  6 0.9056 0.0944 
       h0804  6 0.9118 0.0882 
       h0814  6 0.8463 0.1537 
       h0824  6 0.9759 0.0241 
       h0834  6 0.8374 0.1626 
       h0844  6 0.9214 0.0786 
       h0854  6 0.9820 0.0180 
       h0864  6 0.8081 0.1919 
       h0874  6 0.9450 0.0550 
       h0884  6 0.9510 0.0490 
       h0894  6 0.9296 0.0704 
       h0904  6 0.9779 0.0221 
       h0914  6 0.8793 0.1207 
       h0924  6 0.9647 0.0353 
       h0934  6 0.9523 0.0477 
       h0944  6 0.9068 0.0932 
       h0954  6 0.9856 0.0144 
       h0964  6 0.9444 0.0556 
       h0974  6 0.9427 0.0573 
       h0984  6 0.7595 0.2405 
       h0994  6 0.9561 0.0439 
       h1004  6 0.8982 0.1018 
     CK.0PLA  7 0.9733 0.0267 
     CK.0PLC  7 0.9692 0.0308 
     CK.0PLE  7 0.9849 0.0151 
     CK.0PLF  7 0.9628 0.0372 
     CK.0PLH  7 0.9822 0.0178 
     CK.0PLJ  7 0.9812 0.0188 
     CK.0PLK  7 0.9867 0.0133 
     CK.0PLL  7 0.9820 0.0180 
     CK.0PLM  7 0.9607 0.0393 
     CK.0PLP  7 0.9837 0.0163 
     CK.0PLT  7 0.9877 0.0123 
     CK.0PLU  7 0.9836 0.0164 
     CK.0PLX  7 0.9731 0.0269 
     CK.0PLY  7 0.9875 0.0125 
     CK.0PM0  7 0.9846 0.0154 
     CK.0PM1  7 0.9856 0.0144 
     CK.0PM2  7 0.9803 0.0197 
     CK.0PM3  7 0.9810 0.0190 
     CK.0PM4  7 0.9809 0.0191 
     CK.0PM7  7 0.9852 0.0148 
     CK.0PM8  7 0.9874 0.0126 
     CK.0PMA  7 0.9784 0.0216 
       M2C06  7 0.9861 0.0139 
       M2C07  7 0.9883 0.0117 
       M2C08  7 0.9882 0.0118 
       M2C0A  7 0.9844 0.0156 
       M2C0C  7 0.9837 0.0163 
       M2C0E  7 0.9851 0.0149 
         h01  8 0.9840 0.0160 
         h02  8 0.9830 0.0170 
         h03  8 0.9868 0.0132 
         h04  8 0.9879 0.0121 
         h05  8 0.9856 0.0144 
         h06  8 0.9844 0.0156 
         h07  8 0.9851 0.0149 
         h08  8 0.9664 0.0336 
         h09  8 0.9751 0.0249 
         h10  8 0.9853 0.0147 
         h11  8 0.9861 0.0139 
         h12  8 0.9827 0.0173 
         h13  8 0.9852 0.0148 
         h14  8 0.9853 0.0147 
         h15  8 0.9880 0.0120 
         h16  8 0.9744 0.0256 
         h17  8 0.9876 0.0124 
         h18  8 0.9836 0.0164 
         h19  8 0.9772 0.0228 
         h20  8 0.9823 0.0177 
         h21  8 0.9874 0.0126 
         h22  8 0.9834 0.0166 
         h23  8 0.9789 0.0211 
         h24  8 0.9782 0.0218 
         h25  8 0.9863 0.0137 
         h26  8 0.9842 0.0158 
         h27  8 0.9807 0.0193 
         h28  8 0.9862 0.0138 
         h29  8 0.9888 0.0112 
         h30  8 0.9793 0.0207 
         h31  8 0.9786 0.0214 
         h32  8 0.9835 0.0165 
         h33  8 0.9717 0.0283 
         h34  8 0.9841 0.0159 
         h35  8 0.9809 0.0191 
         h36  8 0.9850 0.0150 
         h37  8 0.9851 0.0149 
         h38  8 0.9763 0.0237 
         h39  8 0.9833 0.0167 
         h40  8 0.9829 0.0171 
         h41  8 0.9848 0.0152 
         h42  8 0.9839 0.0161 
         h43  8 0.9790 0.0210 
         h44  8 0.9843 0.0157 
         h45  8 0.9840 0.0160 
         h46  8 0.9851 0.0149 
         h47  8 0.9824 0.0176 
         h48  8 0.9742 0.0258 
         h49  8 0.9829 0.0171 
         h50  8 0.9859 0.0141 
         h51  8 0.9667 0.0333 
         h52  8 0.9867 0.0133 
         h53  8 0.9844 0.0156 
         h54  8 0.9828 0.0172 
         h55  8 0.9881 0.0119 
         h56  8 0.9804 0.0196 
         h57  8 0.9858 0.0142 
         h58  8 0.9840 0.0160 
         h59  8 0.9821 0.0179 
         h60  8 0.9850 0.0150 
         h61  8 0.9839 0.0161 
         h62  8 0.9860 0.0140 
         h63  8 0.9818 0.0182 
         h64  8 0.9854 0.0146 
         h65  8 0.9871 0.0129 
         h66  8 0.9845 0.0155 
         h67  8 0.9853 0.0147 
         h68  8 0.9794 0.0206 
         h69  8 0.9869 0.0131 
         h70  8 0.9855 0.0145 
         h71  8 0.9778 0.0222 
         h72  8 0.9837 0.0163 
