       M1EL5  1 0.0231 0.9769 
       W26T6  1 0.0440 0.9560 
       W26XX  1 0.0174 0.9826 
       M013P  1 0.0225 0.9775 
       M1ELA  1 0.0396 0.9604 
       M2C73  1 0.0195 0.9805 
       W23P4  1 0.0316 0.9684 
       W247C  1 0.0217 0.9783 
       W24K1  1 0.0183 0.9817 
       W24ME  1 0.0415 0.9585 
       W2514  1 0.0204 0.9796 
       W26MA  1 0.0351 0.9649 
       W26MM  1 0.0359 0.9641 
       W26MU  1 0.0239 0.9761 
       W26P0  1 0.0191 0.9809 
       W26P3  1 0.0169 0.9831 
       W26T5  1 0.0162 0.9838 
       W26TE  1 0.0251 0.9749 
       W26TF  1 0.0611 0.9389 
       W26U8  1 0.0546 0.9454 
       W26UJ  1 0.0218 0.9782 
       W26UK  1 0.0139 0.9861 
       W26UT  1 0.0167 0.9833 
       W26XT  1 0.0318 0.9682 
      CC06H2  1 0.0409 0.9591 
      CC06H4  1 0.0342 0.9658 
      CC06H5  1 0.0268 0.9732 
      CC06H6  1 0.0140 0.9860 
      CC06HE  1 0.0206 0.9794 
      CC06HF  1 0.0587 0.9413 
      CC06HH  1 0.0169 0.9831 
      CC06HJ  1 0.0283 0.9717 
      CC06HL  1 0.0180 0.9820 
      CC06HP  1 0.0154 0.9846 
      CC06HT  1 0.0326 0.9674 
      CC06HU  1 0.0252 0.9748 
      CC06HY  1 0.0327 0.9673 
      CC06J0  1 0.0388 0.9612 
      CC06J1  1 0.0260 0.9740 
      CC06J2  1 0.0296 0.9704 
     CT.0YCY  1 0.0198 0.9802 
     CT.0YEC  1 0.0140 0.9860 
     CT.0YEF  1 0.0174 0.9826 
     CT.0YEU  1 0.0137 0.9863 
     CT.0YF2  1 0.0352 0.9648 
     CT.0YF8  1 0.0121 0.9879 
     CT.0YFA  1 0.0142 0.9858 
     CT.0YFE  1 0.0201 0.9799 
     CT.0YFP  1 0.0369 0.9631 
     CT.0YFU  1 0.0215 0.9785 
     CT.0YK7  1 0.0318 0.9682 
     CX.10PT  1 0.0873 0.9127 
      DAM021  1 0.0193 0.9807 
      DAM034  1 0.0140 0.9860 
      DAM07X  1 0.0176 0.9824 
     EF.15J6  1 0.0188 0.9812 
      HRV010  1 0.0312 0.9688 
      HRV02J  1 0.0267 0.9733 
      HRV078  1 0.0279 0.9721 
      HRV0FH  1 0.0173 0.9827 
      HRV0H5  1 0.0220 0.9780 
      HRV0JF  1 0.0190 0.9810 
      HRV0JJ  1 0.0204 0.9796 
      HRV0JM  1 0.0165 0.9835 
      HRV0K6  1 0.0872 0.9128 
      HRV0K7  1 0.0202 0.9798 
      HRV0KP  1 0.0433 0.9567 
      HRV1AX  1 0.0212 0.9788 
      HRV1C4  1 0.0148 0.9852 
      HRV1CH  1 0.0215 0.9785 
      HRV1FA  1 0.0257 0.9743 
      HRV1FK  1 0.0366 0.9634 
      HRV1H8  1 0.0169 0.9831 
      HRV1HT  1 0.0359 0.9641 
      HRV1XU  1 0.0525 0.9475 
      HRV4TF  1 0.0232 0.9768 
      HRV6F0  1 0.0288 0.9712 
      HRVE6L  1 0.0323 0.9677 
       M27HM  1 0.0184 0.9816 
       M27HP  1 0.0173 0.9827 
       M2AK4  1 0.0213 0.9787 
       M2ALA  1 0.0170 0.9830 
       M2C56  1 0.0229 0.9771 
       M2CUX  1 0.0285 0.9715 
       M2E24  1 0.0163 0.9837 
       M2EA7  1 0.0190 0.9810 
       M2EH6  1 0.0188 0.9812 
       M2EKC  1 0.0498 0.9502 
      MSV083  1 0.0685 0.9315 
      MSV084  1 0.0207 0.9793 
      MSV0LJ  1 0.0269 0.9731 
      MSV1H5  1 0.0217 0.9783 
      MSV1KM  1 0.0168 0.9832 
      MSV23F  1 0.0488 0.9512 
      MSV2L8  1 0.0219 0.9781 
      MSV2P7  1 0.0202 0.9798 
      MSV2TJ  1 0.0154 0.9846 
      MSV2XM  1 0.0295 0.9705 
      MSV327  1 0.0272 0.9728 
      MSV33L  1 0.0161 0.9839 
        h001  2 0.0219 0.9781 
        h002  2 0.1226 0.8774 
        h003  2 0.0680 0.9320 
        h004  2 0.0305 0.9695 
        h005  2 0.0387 0.9613 
        h006  2 0.1440 0.8560 
        h007  2 0.1020 0.8980 
        h008  2 0.0923 0.9077 
        h009  2 0.0355 0.9645 
        h010  2 0.1659 0.8341 
        h011  2 0.0296 0.9704 
        h012  2 0.0277 0.9723 
        h013  2 0.0796 0.9204 
        h014  2 0.0460 0.9540 
        h015  2 0.3293 0.6707 
        h016  2 0.0759 0.9241 
        h017  2 0.0278 0.9722 
        h018  2 0.0296 0.9704 
        h019  2 0.1516 0.8484 
        h020  2 0.1428 0.8572 
        h021  2 0.1374 0.8626 
        h022  2 0.0222 0.9778 
        h023  2 0.0772 0.9228 
        h024  2 0.0546 0.9454 
        h025  2 0.2305 0.7695 
        h026  2 0.1423 0.8577 
        h027  2 0.0641 0.9359 
        h028  2 0.0823 0.9177 
        h029  2 0.0627 0.9373 
        h030  2 0.0392 0.9608 
        h031  2 0.1008 0.8992 
        h032  2 0.0180 0.9820 
        h033  2 0.1182 0.8818 
        h034  2 0.0887 0.9113 
        h035  2 0.0887 0.9113 
        h036  2 0.0614 0.9386 
        h037  2 0.0398 0.9602 
        h038  2 0.0898 0.9102 
        h039  2 0.0955 0.9045 
        h040  2 0.0307 0.9693 
        h041  2 0.0711 0.9289 
        h042  2 0.0249 0.9751 
        h043  2 0.0590 0.9410 
        h044  2 0.1779 0.8221 
        h045  2 0.0378 0.9622 
        h046  2 0.1805 0.8195 
        h047  2 0.0789 0.9211 
        h048  2 0.2009 0.7991 
        h049  2 0.0549 0.9451 
        h050  2 0.0309 0.9691 
        h051  2 0.0397 0.9603 
        h052  2 0.0414 0.9586 
        h053  2 0.1071 0.8929 
        h054  2 0.0474 0.9526 
        h055  2 0.0335 0.9665 
        h056  2 0.0892 0.9108 
        h057  2 0.0950 0.9050 
        h058  2 0.0560 0.9440 
        h059  2 0.0351 0.9649 
        h060  2 0.0930 0.9070 
        h061  2 0.0272 0.9728 
        h062  2 0.0458 0.9542 
        h063  2 0.1538 0.8462 
        h064  2 0.0320 0.9680 
        h065  2 0.0756 0.9244 
        h066  2 0.0246 0.9754 
        h067  2 0.1988 0.8012 
        h068  2 0.0313 0.9687 
        h069  2 0.0575 0.9425 
        h070  2 0.0454 0.9546 
        h071  2 0.0310 0.9690 
        h072  2 0.0623 0.9377 
        h073  2 0.0250 0.9750 
        h074  2 0.0478 0.9522 
        h075  2 0.0400 0.9600 
        h076  2 0.1083 0.8917 
        h077  2 0.0617 0.9383 
        h078  2 0.1242 0.8758 
        h079  2 0.0636 0.9364 
        h080  2 0.0164 0.9836 
        h081  2 0.0527 0.9473 
        h082  2 0.0584 0.9416 
        h083  2 0.0378 0.9622 
        h084  2 0.0502 0.9498 
        h085  2 0.1528 0.8472 
        h086  2 0.2739 0.7261 
        h087  2 0.1259 0.8741 
        h088  2 0.0560 0.9440 
        h089  2 0.0590 0.9410 
        h090  2 0.1229 0.8771 
        h091  2 0.1077 0.8923 
        h092  2 0.0356 0.9644 
        h093  2 0.1126 0.8874 
        h094  2 0.0538 0.9462 
        h095  2 0.0177 0.9823 
        h096  2 0.1308 0.8692 
        h097  2 0.0380 0.9620 
        h098  2 0.1504 0.8496 
        h099  2 0.1313 0.8687 
        h100  2 0.1320 0.8680 
       h0011  3 0.0680 0.9320 
       h0021  3 0.4451 0.5549 
       h0031  3 0.2906 0.7094 
       h0041  3 0.2957 0.7043 
       h0051  3 0.2118 0.7882 
       h0061  3 0.0819 0.9181 
       h0071  3 0.0900 0.9100 
       h0081  3 0.2672 0.7328 
       h0091  3 0.0938 0.9062 
       h0101  3 0.0607 0.9393 
       h0111  3 0.0952 0.9048 
       h0121  3 0.0978 0.9022 
       h0131  3 0.0864 0.9136 
       h0141  3 0.2295 0.7705 
       h0151  3 0.1497 0.8503 
       h0161  3 0.1112 0.8888 
       h0171  3 0.4447 0.5553 
       h0181  3 0.2426 0.7574 
       h0191  3 0.2143 0.7857 
       h0201  3 0.4027 0.5973 
       h0211  3 0.0508 0.9492 
       h0221  3 0.3247 0.6753 
       h0231  3 0.3107 0.6893 
       h0241  3 0.1812 0.8188 
       h0251  3 0.1485 0.8515 
       h0261  3 0.3563 0.6437 
       h0271  3 0.0784 0.9216 
       h0281  3 0.1985 0.8015 
       h0291  3 0.0727 0.9273 
       h0301  3 0.0531 0.9469 
       h0311  3 0.1012 0.8988 
       h0321  3 0.2079 0.7921 
       h0331  3 0.0384 0.9616 
       h0341  3 0.0599 0.9401 
       h0351  3 0.2186 0.7814 
       h0361  3 0.1519 0.8481 
       h0371  3 0.3200 0.6800 
       h0381  3 0.3038 0.6962 
       h0391  3 0.4326 0.5674 
       h0401  3 0.0375 0.9625 
       h0411  3 0.2686 0.7314 
       h0421  3 0.2056 0.7944 
       h0431  3 0.3713 0.6287 
       h0441  3 0.0490 0.9510 
       h0451  3 0.1743 0.8257 
       h0461  3 0.1913 0.8087 
       h0471  3 0.2021 0.7979 
       h0481  3 0.2830 0.7170 
       h0491  3 0.0289 0.9711 
       h0501  3 0.1449 0.8551 
       h0511  3 0.2102 0.7898 
       h0521  3 0.2563 0.7437 
       h0531  3 0.2420 0.7580 
       h0541  3 0.2668 0.7332 
       h0551  3 0.1824 0.8176 
       h0561  3 0.2524 0.7476 
       h0571  3 0.3856 0.6144 
       h0581  3 0.0393 0.9607 
       h0591  3 0.2476 0.7524 
       h0601  3 0.2317 0.7683 
       h0611  3 0.3029 0.6971 
       h0621  3 0.3260 0.6740 
       h0631  3 0.3218 0.6782 
       h0641  3 0.4303 0.5697 
       h0651  3 0.3255 0.6745 
       h0661  3 0.2566 0.7434 
       h0671  3 0.1331 0.8669 
       h0681  3 0.0655 0.9345 
       h0691  3 0.1750 0.8250 
       h0701  3 0.1646 0.8354 
       h0711  3 0.2094 0.7906 
       h0721  3 0.3540 0.6460 
       h0731  3 0.2016 0.7984 
       h0741  3 0.0902 0.9098 
       h0751  3 0.1201 0.8799 
       h0761  3 0.0551 0.9449 
       h0771  3 0.1435 0.8565 
       h0781  3 0.1531 0.8469 
       h0791  3 0.1420 0.8580 
       h0801  3 0.0565 0.9435 
       h0811  3 0.2895 0.7105 
       h0821  3 0.3834 0.6166 
       h0831  3 0.0273 0.9727 
       h0841  3 0.2580 0.7420 
       h0851  3 0.1803 0.8197 
       h0861  3 0.1421 0.8579 
       h0871  3 0.0500 0.9500 
       h0881  3 0.2712 0.7288 
       h0891  3 0.1972 0.8028 
       h0901  3 0.0300 0.9700 
       h0911  3 0.0629 0.9371 
       h0921  3 0.2303 0.7697 
       h0931  3 0.1847 0.8153 
       h0941  3 0.2282 0.7718 
       h0951  3 0.3009 0.6991 
       h0961  3 0.2119 0.7881 
       h0971  3 0.0509 0.9491 
       h0981  3 0.1491 0.8509 
       h0991  3 0.0366 0.9634 
       h1001  3 0.4064 0.5936 
       h0012  4 0.6300 0.3700 
       h0022  4 0.5080 0.4920 
       h0032  4 0.5017 0.4983 
       h0042  4 0.3639 0.6361 
       h0052  4 0.4623 0.5377 
       h0062  4 0.5320 0.4680 
       h0072  4 0.5816 0.4184 
       h0082  4 0.6712 0.3288 
       h0092  4 0.5946 0.4054 
       h0102  4 0.4242 0.5758 
       h0112  4 0.5728 0.4272 
       h0122  4 0.5656 0.4344 
       h0132  4 0.5181 0.4819 
       h0142  4 0.3563 0.6437 
       h0152  4 0.4725 0.5275 
       h0162  4 0.4452 0.5548 
       h0172  4 0.5124 0.4876 
       h0182  4 0.6053 0.3947 
       h0192  4 0.4388 0.5612 
       h0202  4 0.5419 0.4581 
       h0212  4 0.5112 0.4888 
       h0222  4 0.4533 0.5467 
       h0232  4 0.5281 0.4719 
       h0242  4 0.5747 0.4253 
       h0252  4 0.5098 0.4902 
       h0262  4 0.6170 0.3830 
       h0272  4 0.4577 0.5423 
       h0282  4 0.5239 0.4761 
       h0292  4 0.5989 0.4011 
       h0302  4 0.4726 0.5274 
       h0312  4 0.4848 0.5152 
       h0322  4 0.4837 0.5163 
       h0332  4 0.4921 0.5079 
       h0342  4 0.4547 0.5453 
       h0352  4 0.3836 0.6164 
       h0362  4 0.5030 0.4970 
       h0372  4 0.6715 0.3285 
       h0382  4 0.6643 0.3357 
       h0392  4 0.4114 0.5886 
       h0402  4 0.4880 0.5120 
       h0412  4 0.4781 0.5219 
       h0422  4 0.5518 0.4482 
       h0432  4 0.6346 0.3654 
       h0442  4 0.3326 0.6674 
       h0452  4 0.5612 0.4388 
       h0462  4 0.5073 0.4927 
       h0472  4 0.5644 0.4356 
       h0482  4 0.4512 0.5488 
       h0492  4 0.3945 0.6055 
       h0502  4 0.6072 0.3928 
       h0512  4 0.4007 0.5993 
       h0522  4 0.4669 0.5331 
       h0532  4 0.5184 0.4816 
       h0542  4 0.5359 0.4641 
       h0552  4 0.5808 0.4192 
       h0562  4 0.4810 0.5190 
       h0572  4 0.5304 0.4696 
       h0582  4 0.5966 0.4034 
       h0592  4 0.4439 0.5561 
       h0602  4 0.4300 0.5700 
       h0612  4 0.4622 0.5378 
       h0622  4 0.4204 0.5796 
       h0632  4 0.5809 0.4191 
       h0642  4 0.5213 0.4787 
       h0652  4 0.4057 0.5943 
       h0662  4 0.4682 0.5318 
       h0672  4 0.5845 0.4155 
       h0682  4 0.4451 0.5549 
       h0692  4 0.4411 0.5589 
       h0702  4 0.3196 0.6804 
       h0712  4 0.5958 0.4042 
       h0722  4 0.4997 0.5003 
       h0732  4 0.5142 0.4858 
       h0742  4 0.4328 0.5672 
       h0752  4 0.4874 0.5126 
       h0762  4 0.4944 0.5056 
       h0772  4 0.3919 0.6081 
       h0782  4 0.5122 0.4878 
       h0792  4 0.4451 0.5549 
       h0802  4 0.4455 0.5545 
       h0812  4 0.5444 0.4556 
       h0822  4 0.5581 0.4419 
       h0832  4 0.5639 0.4361 
       h0842  4 0.4532 0.5468 
       h0852  4 0.4992 0.5008 
       h0862  4 0.5969 0.4031 
       h0872  4 0.5996 0.4004 
       h0882  4 0.4980 0.5020 
       h0892  4 0.5242 0.4758 
       h0902  4 0.4802 0.5198 
       h0912  4 0.4590 0.5410 
       h0922  4 0.4591 0.5409 
       h0932  4 0.5676 0.4324 
       h0942  4 0.3862 0.6138 
       h0952  4 0.4344 0.5656 
       h0962  4 0.3318 0.6682 
       h0972  4 0.4383 0.5617 
       h0982  4 0.3698 0.6302 
       h0992  4 0.5875 0.4125 
       h1002  4 0.4883 0.5117 
       h0013  5 0.9261 0.0739 
       h0023  5 0.8352 0.1648 
       h0033  5 0.6418 0.3582 
       h0043  5 0.7963 0.2037 
       h0053  5 0.7868 0.2132 
       h0063  5 0.7349 0.2651 
       h0073  5 0.7535 0.2465 
       h0083  5 0.8215 0.1785 
       h0093  5 0.7342 0.2658 
       h0103  5 0.7908 0.2092 
       h0113  5 0.8505 0.1495 
       h0123  5 0.7352 0.2648 
       h0133  5 0.9721 0.0279 
       h0143  5 0.9109 0.0891 
       h0153  5 0.6301 0.3699 
       h0163  5 0.8163 0.1837 
       h0173  5 0.6931 0.3069 
       h0183  5 0.5872 0.4128 
       h0193  5 0.7854 0.2146 
       h0203  5 0.8797 0.1203 
       h0213  5 0.6632 0.3368 
       h0223  5 0.8589 0.1411 
       h0233  5 0.6962 0.3038 
       h0243  5 0.8730 0.1270 
       h0253  5 0.7174 0.2826 
       h0263  5 0.8187 0.1813 
       h0273  5 0.7053 0.2947 
       h0283  5 0.6545 0.3455 
       h0293  5 0.8074 0.1926 
       h0303  5 0.9156 0.0844 
       h0313  5 0.7073 0.2927 
       h0323  5 0.5004 0.4996 
       h0333  5 0.7867 0.2133 
       h0343  5 0.8793 0.1207 
       h0353  5 0.8619 0.1381 
       h0363  5 0.8722 0.1278 
       h0373  5 0.6091 0.3909 
       h0383  5 0.7252 0.2748 
       h0393  5 0.7426 0.2574 
       h0403  5 0.8990 0.1010 
       h0413  5 0.7924 0.2076 
       h0423  5 0.9071 0.0929 
       h0433  5 0.7449 0.2551 
       h0443  5 0.7468 0.2532 
       h0453  5 0.7652 0.2348 
       h0463  5 0.9578 0.0422 
       h0473  5 0.7217 0.2783 
       h0483  5 0.8191 0.1809 
       h0493  5 0.9456 0.0544 
       h0503  5 0.6275 0.3725 
       h0513  5 0.6283 0.3717 
       h0523  5 0.8688 0.1312 
       h0533  5 0.7117 0.2883 
       h0543  5 0.9519 0.0481 
       h0553  5 0.8675 0.1325 
       h0563  5 0.8177 0.1823 
       h0573  5 0.9586 0.0414 
       h0583  5 0.9009 0.0991 
       h0593  5 0.8018 0.1982 
       h0603  5 0.9288 0.0712 
       h0613  5 0.7961 0.2039 
       h0623  5 0.6864 0.3136 
       h0633  5 0.8509 0.1491 
       h0643  5 0.7536 0.2464 
       h0653  5 0.7025 0.2975 
       h0663  5 0.8937 0.1063 
       h0673  5 0.8151 0.1849 
       h0683  5 0.8458 0.1542 
       h0693  5 0.6834 0.3166 
       h0703  5 0.8011 0.1989 
       h0713  5 0.7092 0.2908 
       h0723  5 0.9381 0.0619 
       h0733  5 0.7339 0.2661 
       h0743  5 0.5928 0.4072 
       h0753  5 0.8021 0.1979 
       h0763  5 0.6994 0.3006 
       h0773  5 0.7478 0.2522 
       h0783  5 0.9547 0.0453 
       h0793  5 0.9356 0.0644 
       h0803  5 0.8221 0.1779 
       h0813  5 0.7810 0.2190 
       h0823  5 0.8990 0.1010 
       h0833  5 0.7029 0.2971 
       h0843  5 0.8166 0.1834 
       h0853  5 0.9682 0.0318 
       h0863  5 0.6250 0.3750 
       h0873  5 0.8728 0.1272 
       h0883  5 0.8447 0.1553 
       h0893  5 0.6962 0.3038 
       h0903  5 0.6852 0.3148 
       h0913  5 0.9408 0.0592 
       h0923  5 0.8555 0.1445 
       h0933  5 0.8263 0.1737 
       h0943  5 0.8956 0.1044 
       h0953  5 0.8096 0.1904 
       h0963  5 0.7244 0.2756 
       h0973  5 0.9059 0.0941 
       h0983  5 0.7838 0.2162 
       h0993  5 0.7703 0.2297 
       h1003  5 0.7002 0.2998 
       h0014  6 0.9871 0.0129 
       h0024  6 0.9243 0.0757 
       h0034  6 0.8708 0.1292 
       h0044  6 0.9351 0.0649 
       h0054  6 0.9398 0.0602 
       h0064  6 0.8746 0.1254 
       h0074  6 0.9281 0.0719 
       h0084  6 0.9459 0.0541 
       h0094  6 0.9103 0.0897 
       h0104  6 0.9698 0.0302 
       h0114  6 0.9764 0.0236 
       h0124  6 0.9714 0.0286 
       h0134  6 0.8984 0.1016 
       h0144  6 0.8963 0.1037 
       h0154  6 0.9512 0.0488 
       h0164  6 0.9743 0.0257 
       h0174  6 0.9810 0.0190 
       h0184  6 0.9580 0.0420 
       h0194  6 0.9648 0.0352 
       h0204  6 0.9807 0.0193 
       h0214  6 0.9449 0.0551 
       h0224  6 0.9753 0.0247 
       h0234  6 0.9381 0.0619 
       h0244  6 0.9846 0.0154 
       h0254  6 0.7915 0.2085 
       h0264  6 0.7850 0.2150 
       h0274  6 0.9212 0.0788 
       h0284  6 0.9566 0.0434 
       h0294  6 0.7596 0.2404 
       h0304  6 0.8010 0.1990 
       h0314  6 0.8194 0.1806 
       h0324  6 0.9138 0.0862 
       h0334  6 0.9540 0.0460 
       h0344  6 0.8521 0.1479 
       h0354  6 0.9439 0.0561 
       h0364  6 0.9475 0.0525 
       h0374  6 0.9726 0.0274 
       h0384  6 0.8345 0.1655 
       h0394  6 0.9559 0.0441 
       h0404  6 0.8456 0.1544 
       h0414  6 0.9364 0.0636 
       h0424  6 0.8851 0.1149 
       h0434  6 0.7846 0.2154 
       h0444  6 0.8965 0.1035 
       h0454  6 0.9734 0.0266 
       h0464  6 0.9681 0.0319 
       h0474  6 0.7273 0.2727 
       h0484  6 0.8871 0.1129 
       h0494  6 0.9719 0.0281 
       h0504  6 0.9037 0.0963 
       h0514  6 0.9599 0.0401 
       h0524  6 0.9685 0.0315 
       h0534  6 0.9296 0.0704 
       h0544  6 0.9667 0.0333 
       h0554  6 0.8532 0.1468 
       h0564  6 0.8772 0.1228 
       h0574  6 0.9520 0.0480 
       h0584  6 0.9020 0.0980 
       h0594  6 0.9816 0.0184 
       h0604  6 0.8019 0.1981 
       h0614  6 0.9431 0.0569 
       h0624  6 0.9505 0.0495 
       h0634  6 0.9208 0.0792 
       h0644  6 0.9740 0.0260 
       h0654  6 0.8397 0.1603 
       h0664  6 0.9551 0.0449 
       h0674  6 0.9417 0.0583 
       h0684  6 0.9387 0.0613 
       h0694  6 0.9808 0.0192 
       h0704  6 0.9510 0.0490 
       h0714  6 0.9696 0.0304 
       h0724  6 0.9043 0.0957 
       h0734  6 0.9726 0.0274 
       h0744  6 0.9325 0.0675 
       h0754  6 0.9801 0.0199 
       h0764  6 0.8965 0.1035 
       h0774  6 0.8858 0.1142 
       h0784  6 0.9131 0.0869 
       h0794  6 0.9056 0.0944 
       h0804  6 0.9120 0.0880 
       h0814  6 0.8459 0.1541 
       h0824  6 0.9758 0.0242 
       h0834  6 0.8375 0.1625 
       h0844  6 0.9215 0.0785 
       h0854  6 0.9820 0.0180 
       h0864  6 0.8081 0.1919 
       h0874  6 0.9451 0.0549 
       h0884  6 0.9508 0.0492 
       h0894  6 0.9290 0.0710 
       h0904  6 0.9780 0.0220 
       h0914  6 0.8792 0.1208 
       h0924  6 0.9646 0.0354 
       h0934  6 0.9523 0.0477 
       h0944  6 0.9068 0.0932 
       h0954  6 0.9856 0.0144 
       h0964  6 0.9443 0.0557 
       h0974  6 0.9428 0.0572 
       h0984  6 0.7599 0.2401 
       h0994  6 0.9560 0.0440 
       h1004  6 0.8981 0.1019 
     CK.0PLA  7 0.9732 0.0268 
     CK.0PLC  7 0.9692 0.0308 
     CK.0PLE  7 0.9849 0.0151 
     CK.0PLF  7 0.9628 0.0372 
     CK.0PLH  7 0.9821 0.0179 
     CK.0PLJ  7 0.9812 0.0188 
     CK.0PLK  7 0.9867 0.0133 
     CK.0PLL  7 0.9820 0.0180 
     CK.0PLM  7 0.9605 0.0395 
     CK.0PLP  7 0.9837 0.0163 
     CK.0PLT  7 0.9877 0.0123 
     CK.0PLU  7 0.9836 0.0164 
     CK.0PLX  7 0.9731 0.0269 
     CK.0PLY  7 0.9874 0.0126 
     CK.0PM0  7 0.9844 0.0156 
     CK.0PM1  7 0.9856 0.0144 
     CK.0PM2  7 0.9803 0.0197 
     CK.0PM3  7 0.9809 0.0191 
     CK.0PM4  7 0.9808 0.0192 
     CK.0PM7  7 0.9852 0.0148 
     CK.0PM8  7 0.9874 0.0126 
     CK.0PMA  7 0.9783 0.0217 
       M2C06  7 0.9861 0.0139 
       M2C07  7 0.9882 0.0118 
       M2C08  7 0.9882 0.0118 
       M2C0A  7 0.9844 0.0156 
       M2C0C  7 0.9837 0.0163 
       M2C0E  7 0.9851 0.0149 
         h01  8 0.9839 0.0161 
         h02  8 0.9830 0.0170 
         h03  8 0.9868 0.0132 
         h04  8 0.9879 0.0121 
         h05  8 0.9856 0.0144 
         h06  8 0.9843 0.0157 
         h07  8 0.9850 0.0150 
         h08  8 0.9665 0.0335 
         h09  8 0.9751 0.0249 
         h10  8 0.9853 0.0147 
         h11  8 0.9861 0.0139 
         h12  8 0.9827 0.0173 
         h13  8 0.9852 0.0148 
         h14  8 0.9853 0.0147 
         h15  8 0.9880 0.0120 
         h16  8 0.9743 0.0257 
         h17  8 0.9876 0.0124 
         h18  8 0.9835 0.0165 
         h19  8 0.9772 0.0228 
         h20  8 0.9823 0.0177 
         h21  8 0.9874 0.0126 
         h22  8 0.9833 0.0167 
         h23  8 0.9789 0.0211 
         h24  8 0.9782 0.0218 
         h25  8 0.9863 0.0137 
         h26  8 0.9842 0.0158 
         h27  8 0.9807 0.0193 
         h28  8 0.9862 0.0138 
         h29  8 0.9888 0.0112 
         h30  8 0.9793 0.0207 
         h31  8 0.9785 0.0215 
         h32  8 0.9834 0.0166 
         h33  8 0.9717 0.0283 
         h34  8 0.9840 0.0160 
         h35  8 0.9809 0.0191 
         h36  8 0.9849 0.0151 
         h37  8 0.9850 0.0150 
         h38  8 0.9761 0.0239 
         h39  8 0.9832 0.0168 
         h40  8 0.9829 0.0171 
         h41  8 0.9848 0.0152 
         h42  8 0.9838 0.0162 
         h43  8 0.9789 0.0211 
         h44  8 0.9842 0.0158 
         h45  8 0.9840 0.0160 
         h46  8 0.9852 0.0148 
         h47  8 0.9823 0.0177 
         h48  8 0.9742 0.0258 
         h49  8 0.9829 0.0171 
         h50  8 0.9859 0.0141 
         h51  8 0.9665 0.0335 
         h52  8 0.9867 0.0133 
         h53  8 0.9844 0.0156 
         h54  8 0.9828 0.0172 
         h55  8 0.9881 0.0119 
         h56  8 0.9803 0.0197 
         h57  8 0.9858 0.0142 
         h58  8 0.9840 0.0160 
         h59  8 0.9820 0.0180 
         h60  8 0.9849 0.0151 
         h61  8 0.9838 0.0162 
         h62  8 0.9860 0.0140 
         h63  8 0.9818 0.0182 
         h64  8 0.9854 0.0146 
         h65  8 0.9871 0.0129 
         h66  8 0.9844 0.0156 
         h67  8 0.9853 0.0147 
         h68  8 0.9792 0.0208 
         h69  8 0.9869 0.0131 
         h70  8 0.9854 0.0146 
         h71  8 0.9777 0.0223 
         h72  8 0.9836 0.0164 
