1:	0.9662 0.0068 0.0110 0.0081 0.0078 	100
2:	0.9707 0.0067 0.0087 0.0071 0.0069 	200
3:	0.3868 0.0277 0.0062 0.5323 0.0469 	6
4:	0.4892 0.0280 0.0135 0.3904 0.0789 	100
5:	0.4590 0.0123 0.0196 0.0241 0.4851 	100
6:	0.4848 0.4795 0.0116 0.0115 0.0128 	100
7:	0.4872 0.0076 0.4854 0.0119 0.0080 	100
8:	0.4440 0.0128 0.0214 0.4931 0.0287 	100
9:	0.0195 0.0055 0.0080 0.8237 0.1432 	2
10:	0.2017 0.0368 0.0130 0.6353 0.1132 	100
11:	0.1608 0.0114 0.0201 0.0245 0.7831 	100
12:	0.2136 0.7417 0.0128 0.0170 0.0149 	100
13:	0.1917 0.0071 0.7754 0.0129 0.0128 	100
14:	0.1671 0.0091 0.0293 0.7787 0.0157 	100
15:	0.0693 0.0199 0.0158 0.7729 0.1221 	42
16:	0.0658 0.0324 0.0101 0.8050 0.0867 	100
17:	0.0438 0.0107 0.0187 0.0182 0.9085 	100
18:	0.0885 0.8732 0.0082 0.0157 0.0145 	100
19:	0.0618 0.0081 0.9051 0.0131 0.0120 	100
20:	0.0493 0.0101 0.0297 0.8941 0.0168 	100
21:	0.0049 0.0424 0.0179 0.8855 0.0492 	105
22:	0.0101 0.0266 0.0090 0.8680 0.0863 	240
23:	0.0126 0.0203 0.0198 0.3711 0.5762 	68
24:	0.0055 0.0108 0.0099 0.0182 0.9555 	31
25:	0.0052 0.0145 0.0088 0.0196 0.9518 	125
26:	0.0050 0.0074 0.0121 0.0138 0.9618 	53
27:	0.0044 0.0067 0.0123 0.0145 0.9621 	125
28:	0.0032 0.9836 0.0041 0.0044 0.0046 	28
29:	0.0031 0.9845 0.0040 0.0043 0.0042 	300
30:	0.0033 0.0041 0.9828 0.0050 0.0049 	27
31:	0.0033 0.0041 0.9841 0.0044 0.0042 	300
32:	0.0045 0.0089 0.0172 0.9587 0.0107 	40
33:	0.0045 0.0091 0.0186 0.9579 0.0098 	300
