1:	0.9757 0.0046 0.0080 0.0060 0.0057 	100
2:	0.9784 0.0037 0.0067 0.0061 0.0051 	250
3:	0.3555 0.0248 0.5992 0.0102 0.0103 	6
4:	0.0365 0.0645 0.8855 0.0020 0.0115 	2
5:	0.0604 0.0165 0.9000 0.0073 0.0158 	42
6:	0.0149 0.0157 0.9276 0.0240 0.0178 	105
7:	0.0085 0.0081 0.9325 0.0073 0.0436 	240
8:	0.0163 0.0416 0.4051 0.0093 0.5277 	68
9:	0.0051 0.0057 0.0103 0.0048 0.9741 	31
10:	0.0045 0.0059 0.0119 0.0053 0.9725 	125
11:	0.0062 0.0092 0.0121 0.0045 0.9680 	53
12:	0.0060 0.0108 0.0095 0.0042 0.9694 	125
13:	0.0020 0.0024 0.0029 0.9899 0.0028 	28
14:	0.0019 0.0022 0.0023 0.9914 0.0021 	300
15:	0.9676 0.0199 0.0033 0.0026 0.0066 	27
16:	0.9792 0.0105 0.0032 0.0030 0.0042 	300
17:	0.0043 0.9810 0.0048 0.0043 0.0057 	40
18:	0.0031 0.9839 0.0043 0.0041 0.0046 	300
