1:	0.9849 0.0068 0.0048 0.0035 	100
2:	0.9886 0.0042 0.0037 0.0034 	250
3:	0.4523 0.0043 0.5288 0.0146 	6
4:	0.0728 0.0050 0.9192 0.0030 	2
5:	0.0825 0.0074 0.8977 0.0123 	42
6:	0.0029 0.0136 0.9478 0.0357 	105
7:	0.0079 0.0055 0.9690 0.0176 	240
8:	0.0075 0.0094 0.9733 0.0098 	68
9:	0.0045 0.0077 0.9834 0.0044 	31
10:	0.0040 0.0047 0.9863 0.0050 	125
11:	0.0081 0.0137 0.9740 0.0043 	53
12:	0.0072 0.0081 0.9804 0.0042 	125
13:	0.0016 0.0021 0.0025 0.9937 	28
14:	0.0016 0.0020 0.0023 0.9942 	300
15:	0.0018 0.9933 0.0028 0.0021 	27
16:	0.0017 0.9942 0.0022 0.0019 	300
17:	0.0032 0.0143 0.9747 0.0079 	40
18:	0.0029 0.0177 0.9719 0.0075 	300
