

----------------------------------------------------
STRUCTURE by Pritchard, Stephens and Donnelly (2000)
     and Falush, Stephens and Pritchard (2003)
       Code by Pritchard, Falush and Hubisz
             Version 2.3.4 (Jul 2012)
----------------------------------------------------



Command line arguments:   /home/eva.pavlovic/Structure/structure -m parameter_job_4b1_1_3 
Input File:    /home/eva.pavlovic/data_job_4b1_1_3

Run parameters:
   700 individuals
   20 loci
   2 populations assumed
   300000 Burn-in period
   3000000 Reps


--------------------------------------------
Proportion of membership of each pre-defined
 population in each of the 2 clusters

Given    Inferred Clusters       Number of
 Pop       1      2             Individuals

  1:     0.032  0.968             100
  2:     0.090  0.910             100
  3:     0.219  0.781             100
  4:     0.502  0.498             100
  5:     0.783  0.217             100
  6:     0.902  0.098             100
  7:     0.978  0.022              28
  8:     0.979  0.021              72
--------------------------------------------

Allele-freq. divergence among pops (Net nucleotide distance),
computed using point estimates of P.

      1       2      
 1      -    0.1166  
 2   0.1166     -    

Average distances (expected heterozygosity) between individuals in same cluster:
cluster  1  : 0.6533 
cluster  2  : 0.7974 

--------------------------------------------
Estimated Ln Prob of Data   = -50076.8
Mean value of ln likelihood = -49760.2
Variance of ln likelihood   = 633.4
Mean value of alpha         = 0.3392

Mean value of Fst_1         = 0.2645
Mean value of Fst_2         = 0.0050


Inferred ancestry of individuals:
        Label (%Miss) Pop:  Inferred clusters
  1    M1EL5    (5)    1 :  0.028 0.972 
  2    W26T6    (5)    1 :  0.046 0.954 
  3    W26XX    (5)    1 :  0.021 0.979 
  4    M013P    (0)    1 :  0.025 0.975 
  5    M1ELA    (0)    1 :  0.045 0.955 
  6    M2C73    (0)    1 :  0.023 0.977 
  7    W23P4    (0)    1 :  0.038 0.962 
  8    W247C    (5)    1 :  0.030 0.970 
  9    W24K1    (0)    1 :  0.020 0.980 
 10    W24ME    (0)    1 :  0.047 0.953 
 11    W2514    (0)    1 :  0.025 0.975 
 12    W26MA    (0)    1 :  0.043 0.957 
 13    W26MM    (0)    1 :  0.045 0.955 
 14    W26MU    (0)    1 :  0.026 0.974 
 15    W26P0    (0)    1 :  0.022 0.978 
 16    W26P3    (0)    1 :  0.021 0.979 
 17    W26T5    (0)    1 :  0.018 0.982 
 18    W26TE    (0)    1 :  0.026 0.974 
 19    W26TF    (0)    1 :  0.075 0.925 
 20    W26U8    (0)    1 :  0.066 0.934 
 21    W26UJ    (0)    1 :  0.024 0.976 
 22    W26UK    (0)    1 :  0.014 0.986 
 23    W26UT    (0)    1 :  0.018 0.982 
 24    W26XT    (0)    1 :  0.050 0.950 
 25   CC06H2    (0)    1 :  0.059 0.941 
 26   CC06H4    (0)    1 :  0.045 0.955 
 27   CC06H5    (5)    1 :  0.028 0.972 
 28   CC06H6    (0)    1 :  0.016 0.984 
 29   CC06HE    (0)    1 :  0.022 0.978 
 30   CC06HF    (0)    1 :  0.059 0.941 
 31   CC06HH    (0)    1 :  0.021 0.979 
 32   CC06HJ    (0)    1 :  0.030 0.970 
 33   CC06HL    (0)    1 :  0.021 0.979 
 34   CC06HP    (0)    1 :  0.018 0.982 
 35   CC06HT    (0)    1 :  0.040 0.960 
 36   CC06HU    (0)    1 :  0.021 0.979 
 37   CC06HY    (0)    1 :  0.048 0.952 
 38   CC06J0    (0)    1 :  0.048 0.952 
 39   CC06J1    (0)    1 :  0.027 0.973 
 40   CC06J2    (0)    1 :  0.037 0.963 
 41  CT.0YCY    (0)    1 :  0.023 0.977 
 42  CT.0YEC    (0)    1 :  0.020 0.980 
 43  CT.0YEF    (0)    1 :  0.020 0.980 
 44  CT.0YEU    (0)    1 :  0.015 0.985 
 45  CT.0YF2    (5)    1 :  0.045 0.955 
 46  CT.0YF8    (0)    1 :  0.013 0.987 
 47  CT.0YFA    (0)    1 :  0.015 0.985 
 48  CT.0YFE    (0)    1 :  0.022 0.978 
 49  CT.0YFP    (0)    1 :  0.051 0.949 
 50  CT.0YFU    (0)    1 :  0.023 0.977 
 51  CT.0YK7    (0)    1 :  0.043 0.957 
 52  CX.10PT    (0)    1 :  0.113 0.887 
 53   DAM021    (0)    1 :  0.025 0.975 
 54   DAM034    (0)    1 :  0.015 0.985 
 55   DAM07X    (0)    1 :  0.022 0.978 
 56  EF.15J6    (0)    1 :  0.021 0.979 
 57   HRV010   (10)    1 :  0.038 0.962 
 58   HRV02J    (5)    1 :  0.027 0.973 
 59   HRV078    (0)    1 :  0.035 0.965 
 60   HRV0FH    (0)    1 :  0.020 0.980 
 61   HRV0H5    (0)    1 :  0.027 0.973 
 62   HRV0JF    (0)    1 :  0.023 0.977 
 63   HRV0JJ    (0)    1 :  0.028 0.972 
 64   HRV0JM    (0)    1 :  0.023 0.977 
 65   HRV0K6    (0)    1 :  0.089 0.911 
 66   HRV0K7    (0)    1 :  0.021 0.979 
 67   HRV0KP    (5)    1 :  0.052 0.948 
 68   HRV1AX    (0)    1 :  0.024 0.976 
 69   HRV1C4    (0)    1 :  0.018 0.982 
 70   HRV1CH    (0)    1 :  0.026 0.974 
 71   HRV1FA    (5)    1 :  0.031 0.969 
 72   HRV1FK    (0)    1 :  0.040 0.960 
 73   HRV1H8    (5)    1 :  0.023 0.977 
 74   HRV1HT   (10)    1 :  0.034 0.966 
 75   HRV1XU   (10)    1 :  0.066 0.934 
 76   HRV4TF    (0)    1 :  0.025 0.975 
 77   HRV6F0   (10)    1 :  0.033 0.967 
 78   HRVE6L    (0)    1 :  0.032 0.968 
 79    M27HM    (5)    1 :  0.022 0.978 
 80    M27HP    (0)    1 :  0.020 0.980 
 81    M2AK4    (0)    1 :  0.024 0.976 
 82    M2ALA    (0)    1 :  0.021 0.979 
 83    M2C56    (0)    1 :  0.029 0.971 
 84    M2CUX    (0)    1 :  0.030 0.970 
 85    M2E24    (0)    1 :  0.019 0.981 
 86    M2EA7    (5)    1 :  0.026 0.974 
 87    M2EH6    (0)    1 :  0.023 0.977 
 88    M2EKC    (0)    1 :  0.043 0.957 
 89   MSV083    (0)    1 :  0.055 0.945 
 90   MSV084    (0)    1 :  0.023 0.977 
 91   MSV0LJ    (0)    1 :  0.032 0.968 
 92   MSV1H5    (0)    1 :  0.023 0.977 
 93   MSV1KM    (0)    1 :  0.019 0.981 
 94   MSV23F    (5)    1 :  0.048 0.952 
 95   MSV2L8    (0)    1 :  0.026 0.974 
 96   MSV2P7    (5)    1 :  0.023 0.977 
 97   MSV2TJ    (0)    1 :  0.019 0.981 
 98   MSV2XM    (0)    1 :  0.037 0.963 
 99   MSV327    (5)    1 :  0.034 0.966 
100   MSV33L    (5)    1 :  0.017 0.983 
101     h001    (0)    2 :  0.085 0.915 
102     h002    (0)    2 :  0.060 0.940 
103     h003    (0)    2 :  0.125 0.875 
104     h004    (0)    2 :  0.209 0.791 
105     h005    (0)    2 :  0.163 0.837 
106     h006    (0)    2 :  0.109 0.891 
107     h007    (0)    2 :  0.114 0.886 
108     h008    (0)    2 :  0.124 0.876 
109     h009    (0)    2 :  0.026 0.974 
110     h010    (0)    2 :  0.075 0.925 
111     h011    (0)    2 :  0.070 0.930 
112     h012    (0)    2 :  0.024 0.976 
113     h013    (0)    2 :  0.018 0.982 
114     h014    (0)    2 :  0.153 0.847 
115     h015    (0)    2 :  0.077 0.923 
116     h016    (0)    2 :  0.042 0.958 
117     h017    (0)    2 :  0.152 0.848 
118     h018    (0)    2 :  0.042 0.958 
119     h019    (0)    2 :  0.106 0.894 
120     h020    (0)    2 :  0.072 0.928 
121     h021    (0)    2 :  0.180 0.820 
122     h022    (0)    2 :  0.052 0.948 
123     h023    (0)    2 :  0.038 0.962 
124     h024    (0)    2 :  0.049 0.951 
125     h025    (0)    2 :  0.091 0.909 
126     h026    (0)    2 :  0.048 0.952 
127     h027    (0)    2 :  0.167 0.833 
128     h028    (0)    2 :  0.113 0.887 
129     h029    (0)    2 :  0.048 0.952 
130     h030    (0)    2 :  0.100 0.900 
131     h031    (0)    2 :  0.075 0.925 
132     h032    (0)    2 :  0.043 0.957 
133     h033    (0)    2 :  0.138 0.862 
134     h034    (0)    2 :  0.026 0.974 
135     h035    (0)    2 :  0.025 0.975 
136     h036    (0)    2 :  0.084 0.916 
137     h037    (0)    2 :  0.059 0.941 
138     h038    (0)    2 :  0.243 0.757 
139     h039    (0)    2 :  0.047 0.953 
140     h040    (0)    2 :  0.034 0.966 
141     h041    (0)    2 :  0.051 0.949 
142     h042    (0)    2 :  0.092 0.908 
143     h043    (0)    2 :  0.050 0.950 
144     h044    (0)    2 :  0.092 0.908 
145     h045    (0)    2 :  0.152 0.848 
146     h046    (0)    2 :  0.038 0.962 
147     h047    (0)    2 :  0.199 0.801 
148     h048    (0)    2 :  0.058 0.942 
149     h049    (0)    2 :  0.030 0.970 
150     h050    (0)    2 :  0.043 0.957 
151     h051    (0)    2 :  0.029 0.971 
152     h052    (0)    2 :  0.039 0.961 
153     h053    (0)    2 :  0.121 0.879 
154     h054    (0)    2 :  0.070 0.930 
155     h055    (0)    2 :  0.025 0.975 
156     h056    (0)    2 :  0.297 0.703 
157     h057    (0)    2 :  0.115 0.885 
158     h058    (0)    2 :  0.029 0.971 
159     h059    (0)    2 :  0.149 0.851 
160     h060    (0)    2 :  0.054 0.946 
161     h061    (0)    2 :  0.109 0.891 
162     h062    (0)    2 :  0.135 0.865 
163     h063    (0)    2 :  0.147 0.853 
164     h064    (0)    2 :  0.050 0.950 
165     h065    (0)    2 :  0.200 0.800 
166     h066    (0)    2 :  0.063 0.937 
167     h067    (0)    2 :  0.018 0.982 
168     h068    (0)    2 :  0.024 0.976 
169     h069    (0)    2 :  0.082 0.918 
170     h070    (0)    2 :  0.026 0.974 
171     h071    (0)    2 :  0.142 0.858 
172     h072    (0)    2 :  0.067 0.933 
173     h073    (0)    2 :  0.106 0.894 
174     h074    (0)    2 :  0.039 0.961 
175     h075    (0)    2 :  0.114 0.886 
176     h076    (0)    2 :  0.201 0.799 
177     h077    (0)    2 :  0.136 0.864 
178     h078    (0)    2 :  0.076 0.924 
179     h079    (0)    2 :  0.055 0.945 
180     h080    (0)    2 :  0.016 0.984 
181     h081    (0)    2 :  0.092 0.908 
182     h082    (0)    2 :  0.109 0.891 
183     h083    (0)    2 :  0.030 0.970 
184     h084    (0)    2 :  0.061 0.939 
185     h085    (0)    2 :  0.059 0.941 
186     h086    (0)    2 :  0.051 0.949 
187     h087    (0)    2 :  0.024 0.976 
188     h088    (0)    2 :  0.045 0.955 
189     h089    (0)    2 :  0.065 0.935 
190     h090    (0)    2 :  0.124 0.876 
191     h091    (0)    2 :  0.241 0.759 
192     h092    (0)    2 :  0.102 0.898 
193     h093    (0)    2 :  0.211 0.789 
194     h094    (0)    2 :  0.087 0.913 
195     h095    (0)    2 :  0.257 0.743 
196     h096    (0)    2 :  0.075 0.925 
197     h097    (0)    2 :  0.129 0.871 
198     h098    (0)    2 :  0.045 0.955 
199     h099    (0)    2 :  0.106 0.894 
200     h100    (0)    2 :  0.024 0.976 
201    h0011    (0)    3 :  0.026 0.974 
202    h0021    (0)    3 :  0.204 0.796 
203    h0031    (0)    3 :  0.404 0.596 
204    h0041    (0)    3 :  0.301 0.699 
205    h0051    (0)    3 :  0.363 0.637 
206    h0061    (0)    3 :  0.094 0.906 
207    h0071    (0)    3 :  0.403 0.597 
208    h0081    (0)    3 :  0.175 0.825 
209    h0091    (0)    3 :  0.077 0.923 
210    h0101    (0)    3 :  0.204 0.796 
211    h0111    (0)    3 :  0.188 0.812 
212    h0121    (0)    3 :  0.117 0.883 
213    h0131    (0)    3 :  0.215 0.785 
214    h0141    (0)    3 :  0.257 0.743 
215    h0151    (0)    3 :  0.157 0.843 
216    h0161    (0)    3 :  0.178 0.822 
217    h0171    (0)    3 :  0.206 0.794 
218    h0181    (0)    3 :  0.377 0.623 
219    h0191    (0)    3 :  0.333 0.667 
220    h0201    (0)    3 :  0.237 0.763 
221    h0211    (0)    3 :  0.331 0.669 
222    h0221    (0)    3 :  0.198 0.802 
223    h0231    (0)    3 :  0.096 0.904 
224    h0241    (0)    3 :  0.077 0.923 
225    h0251    (0)    3 :  0.190 0.810 
226    h0261    (0)    3 :  0.289 0.711 
227    h0271    (0)    3 :  0.028 0.972 
228    h0281    (0)    3 :  0.349 0.651 
229    h0291    (0)    3 :  0.278 0.722 
230    h0301    (0)    3 :  0.236 0.764 
231    h0311    (0)    3 :  0.080 0.920 
232    h0321    (0)    3 :  0.194 0.806 
233    h0331    (0)    3 :  0.303 0.697 
234    h0341    (0)    3 :  0.204 0.796 
235    h0351    (0)    3 :  0.283 0.717 
236    h0361    (0)    3 :  0.185 0.815 
237    h0371    (0)    3 :  0.324 0.676 
238    h0381    (0)    3 :  0.202 0.798 
239    h0391    (0)    3 :  0.212 0.788 
240    h0401    (0)    3 :  0.112 0.888 
241    h0411    (0)    3 :  0.149 0.851 
242    h0421    (0)    3 :  0.131 0.869 
243    h0431    (0)    3 :  0.048 0.952 
244    h0441    (0)    3 :  0.216 0.784 
245    h0451    (0)    3 :  0.178 0.822 
246    h0461    (0)    3 :  0.201 0.799 
247    h0471    (0)    3 :  0.239 0.761 
248    h0481    (0)    3 :  0.117 0.883 
249    h0491    (0)    3 :  0.231 0.769 
250    h0501    (0)    3 :  0.055 0.945 
251    h0511    (0)    3 :  0.271 0.729 
252    h0521    (0)    3 :  0.240 0.760 
253    h0531    (0)    3 :  0.415 0.585 
254    h0541    (0)    3 :  0.169 0.831 
255    h0551    (0)    3 :  0.234 0.766 
256    h0561    (0)    3 :  0.299 0.701 
257    h0571    (0)    3 :  0.172 0.828 
258    h0581    (0)    3 :  0.101 0.899 
259    h0591    (0)    3 :  0.322 0.678 
260    h0601    (0)    3 :  0.269 0.731 
261    h0611    (0)    3 :  0.230 0.770 
262    h0621    (0)    3 :  0.381 0.619 
263    h0631    (0)    3 :  0.090 0.910 
264    h0641    (0)    3 :  0.264 0.736 
265    h0651    (0)    3 :  0.332 0.668 
266    h0661    (0)    3 :  0.302 0.698 
267    h0671    (0)    3 :  0.185 0.815 
268    h0681    (0)    3 :  0.420 0.580 
269    h0691    (0)    3 :  0.290 0.710 
270    h0701    (0)    3 :  0.218 0.782 
271    h0711    (0)    3 :  0.096 0.904 
272    h0721    (0)    3 :  0.296 0.704 
273    h0731    (0)    3 :  0.121 0.879 
274    h0741    (0)    3 :  0.343 0.657 
275    h0751    (0)    3 :  0.208 0.792 
276    h0761    (0)    3 :  0.293 0.707 
277    h0771    (0)    3 :  0.048 0.952 
278    h0781    (0)    3 :  0.361 0.639 
279    h0791    (0)    3 :  0.155 0.845 
280    h0801    (0)    3 :  0.448 0.552 
281    h0811    (0)    3 :  0.073 0.927 
282    h0821    (0)    3 :  0.186 0.814 
283    h0831    (0)    3 :  0.178 0.822 
284    h0841    (0)    3 :  0.262 0.738 
285    h0851    (0)    3 :  0.130 0.870 
286    h0861    (0)    3 :  0.168 0.832 
287    h0871    (0)    3 :  0.439 0.561 
288    h0881    (0)    3 :  0.268 0.732 
289    h0891    (0)    3 :  0.316 0.684 
290    h0901    (0)    3 :  0.062 0.938 
291    h0911    (0)    3 :  0.134 0.866 
292    h0921    (0)    3 :  0.356 0.644 
293    h0931    (0)    3 :  0.266 0.734 
294    h0941    (0)    3 :  0.074 0.926 
295    h0951    (0)    3 :  0.235 0.765 
296    h0961    (0)    3 :  0.199 0.801 
297    h0971    (0)    3 :  0.184 0.816 
298    h0981    (0)    3 :  0.081 0.919 
299    h0991    (0)    3 :  0.225 0.775 
300    h1001    (0)    3 :  0.213 0.787 
301    h0012    (0)    4 :  0.593 0.407 
302    h0022    (0)    4 :  0.584 0.416 
303    h0032    (0)    4 :  0.406 0.594 
304    h0042    (0)    4 :  0.524 0.476 
305    h0052    (0)    4 :  0.345 0.655 
306    h0062    (0)    4 :  0.602 0.398 
307    h0072    (0)    4 :  0.441 0.559 
308    h0082    (0)    4 :  0.375 0.625 
309    h0092    (0)    4 :  0.538 0.462 
310    h0102    (0)    4 :  0.561 0.439 
311    h0112    (0)    4 :  0.376 0.624 
312    h0122    (0)    4 :  0.642 0.358 
313    h0132    (0)    4 :  0.500 0.500 
314    h0142    (0)    4 :  0.420 0.580 
315    h0152    (0)    4 :  0.650 0.350 
316    h0162    (0)    4 :  0.539 0.461 
317    h0172    (0)    4 :  0.569 0.431 
318    h0182    (0)    4 :  0.488 0.512 
319    h0192    (0)    4 :  0.455 0.545 
320    h0202    (0)    4 :  0.515 0.485 
321    h0212    (0)    4 :  0.506 0.494 
322    h0222    (0)    4 :  0.414 0.586 
323    h0232    (0)    4 :  0.564 0.436 
324    h0242    (0)    4 :  0.567 0.433 
325    h0252    (0)    4 :  0.437 0.563 
326    h0262    (0)    4 :  0.521 0.479 
327    h0272    (0)    4 :  0.535 0.465 
328    h0282    (0)    4 :  0.462 0.538 
329    h0292    (0)    4 :  0.462 0.538 
330    h0302    (0)    4 :  0.562 0.438 
331    h0312    (0)    4 :  0.551 0.449 
332    h0322    (0)    4 :  0.642 0.358 
333    h0332    (0)    4 :  0.369 0.631 
334    h0342    (0)    4 :  0.485 0.515 
335    h0352    (0)    4 :  0.429 0.571 
336    h0362    (0)    4 :  0.484 0.516 
337    h0372    (0)    4 :  0.536 0.464 
338    h0382    (0)    4 :  0.431 0.569 
339    h0392    (0)    4 :  0.513 0.487 
340    h0402    (0)    4 :  0.461 0.539 
341    h0412    (0)    4 :  0.576 0.424 
342    h0422    (0)    4 :  0.448 0.552 
343    h0432    (0)    4 :  0.465 0.535 
344    h0442    (0)    4 :  0.380 0.620 
345    h0452    (0)    4 :  0.477 0.523 
346    h0462    (0)    4 :  0.396 0.604 
347    h0472    (0)    4 :  0.570 0.430 
348    h0482    (0)    4 :  0.415 0.585 
349    h0492    (0)    4 :  0.645 0.355 
350    h0502    (0)    4 :  0.295 0.705 
351    h0512    (0)    4 :  0.407 0.593 
352    h0522    (0)    4 :  0.617 0.383 
353    h0532    (0)    4 :  0.587 0.413 
354    h0542    (0)    4 :  0.511 0.489 
355    h0552    (0)    4 :  0.499 0.501 
356    h0562    (0)    4 :  0.560 0.440 
357    h0572    (0)    4 :  0.424 0.576 
358    h0582    (0)    4 :  0.531 0.469 
359    h0592    (0)    4 :  0.416 0.584 
360    h0602    (0)    4 :  0.540 0.460 
361    h0612    (0)    4 :  0.479 0.521 
362    h0622    (0)    4 :  0.536 0.464 
363    h0632    (0)    4 :  0.331 0.669 
364    h0642    (0)    4 :  0.497 0.503 
365    h0652    (0)    4 :  0.520 0.480 
366    h0662    (0)    4 :  0.565 0.435 
367    h0672    (0)    4 :  0.506 0.494 
368    h0682    (0)    4 :  0.533 0.467 
369    h0692    (0)    4 :  0.438 0.562 
370    h0702    (0)    4 :  0.638 0.362 
371    h0712    (0)    4 :  0.481 0.519 
372    h0722    (0)    4 :  0.492 0.508 
373    h0732    (0)    4 :  0.461 0.539 
374    h0742    (0)    4 :  0.517 0.483 
375    h0752    (0)    4 :  0.378 0.622 
376    h0762    (0)    4 :  0.457 0.543 
377    h0772    (0)    4 :  0.485 0.515 
378    h0782    (0)    4 :  0.487 0.513 
379    h0792    (0)    4 :  0.500 0.500 
380    h0802    (0)    4 :  0.499 0.501 
381    h0812    (0)    4 :  0.441 0.559 
382    h0822    (0)    4 :  0.528 0.472 
383    h0832    (0)    4 :  0.483 0.517 
384    h0842    (0)    4 :  0.457 0.543 
385    h0852    (0)    4 :  0.590 0.410 
386    h0862    (0)    4 :  0.305 0.695 
387    h0872    (0)    4 :  0.641 0.359 
388    h0882    (0)    4 :  0.750 0.250 
389    h0892    (0)    4 :  0.499 0.501 
390    h0902    (0)    4 :  0.460 0.540 
391    h0912    (0)    4 :  0.671 0.329 
392    h0922    (0)    4 :  0.537 0.463 
393    h0932    (0)    4 :  0.514 0.486 
394    h0942    (0)    4 :  0.643 0.357 
395    h0952    (0)    4 :  0.353 0.647 
396    h0962    (0)    4 :  0.479 0.521 
397    h0972    (0)    4 :  0.628 0.372 
398    h0982    (0)    4 :  0.467 0.533 
399    h0992    (0)    4 :  0.594 0.406 
400    h1002    (0)    4 :  0.522 0.478 
401    h0013    (0)    5 :  0.655 0.345 
402    h0023    (0)    5 :  0.809 0.191 
403    h0033    (0)    5 :  0.754 0.246 
404    h0043    (0)    5 :  0.787 0.213 
405    h0053    (0)    5 :  0.705 0.295 
406    h0063    (0)    5 :  0.963 0.037 
407    h0073    (0)    5 :  0.789 0.211 
408    h0083    (0)    5 :  0.853 0.147 
409    h0093    (0)    5 :  0.828 0.172 
410    h0103    (0)    5 :  0.787 0.213 
411    h0113    (0)    5 :  0.899 0.101 
412    h0123    (0)    5 :  0.470 0.530 
413    h0133    (0)    5 :  0.796 0.204 
414    h0143    (0)    5 :  0.829 0.171 
415    h0153    (0)    5 :  0.891 0.109 
416    h0163    (0)    5 :  0.681 0.319 
417    h0173    (0)    5 :  0.760 0.240 
418    h0183    (0)    5 :  0.682 0.318 
419    h0193    (0)    5 :  0.739 0.261 
420    h0203    (0)    5 :  0.857 0.143 
421    h0213    (0)    5 :  0.940 0.060 
422    h0223    (0)    5 :  0.768 0.232 
423    h0233    (0)    5 :  0.948 0.052 
424    h0243    (0)    5 :  0.806 0.194 
425    h0253    (0)    5 :  0.668 0.332 
426    h0263    (0)    5 :  0.732 0.268 
427    h0273    (0)    5 :  0.758 0.242 
428    h0283    (0)    5 :  0.707 0.293 
429    h0293    (0)    5 :  0.785 0.215 
430    h0303    (0)    5 :  0.718 0.282 
431    h0313    (0)    5 :  0.795 0.205 
432    h0323    (0)    5 :  0.627 0.373 
433    h0333    (0)    5 :  0.837 0.163 
434    h0343    (0)    5 :  0.539 0.461 
435    h0353    (0)    5 :  0.600 0.400 
436    h0363    (0)    5 :  0.876 0.124 
437    h0373    (0)    5 :  0.909 0.091 
438    h0383    (0)    5 :  0.745 0.255 
439    h0393    (0)    5 :  0.937 0.063 
440    h0403    (0)    5 :  0.648 0.352 
441    h0413    (0)    5 :  0.636 0.364 
442    h0423    (0)    5 :  0.769 0.231 
443    h0433    (0)    5 :  0.764 0.236 
444    h0443    (0)    5 :  0.933 0.067 
445    h0453    (0)    5 :  0.711 0.289 
446    h0463    (0)    5 :  0.788 0.212 
447    h0473    (0)    5 :  0.698 0.302 
448    h0483    (0)    5 :  0.961 0.039 
449    h0493    (0)    5 :  0.502 0.498 
450    h0503    (0)    5 :  0.909 0.091 
451    h0513    (0)    5 :  0.737 0.263 
452    h0523    (0)    5 :  0.801 0.199 
453    h0533    (0)    5 :  0.811 0.189 
454    h0543    (0)    5 :  0.720 0.280 
455    h0553    (0)    5 :  0.703 0.297 
456    h0563    (0)    5 :  0.877 0.123 
457    h0573    (0)    5 :  0.577 0.423 
458    h0583    (0)    5 :  0.756 0.244 
459    h0593    (0)    5 :  0.850 0.150 
460    h0603    (0)    5 :  0.769 0.231 
461    h0613    (0)    5 :  0.867 0.133 
462    h0623    (0)    5 :  0.517 0.483 
463    h0633    (0)    5 :  0.666 0.334 
464    h0643    (0)    5 :  0.841 0.159 
465    h0653    (0)    5 :  0.723 0.277 
466    h0663    (0)    5 :  0.860 0.140 
467    h0673    (0)    5 :  0.957 0.043 
468    h0683    (0)    5 :  0.843 0.157 
469    h0693    (0)    5 :  0.801 0.199 
470    h0703    (0)    5 :  0.954 0.046 
471    h0713    (0)    5 :  0.958 0.042 
472    h0723    (0)    5 :  0.981 0.019 
473    h0733    (0)    5 :  0.649 0.351 
474    h0743    (0)    5 :  0.888 0.112 
475    h0753    (0)    5 :  0.751 0.249 
476    h0763    (0)    5 :  0.884 0.116 
477    h0773    (0)    5 :  0.738 0.262 
478    h0783    (0)    5 :  0.946 0.054 
479    h0793    (0)    5 :  0.745 0.255 
480    h0803    (0)    5 :  0.703 0.297 
481    h0813    (0)    5 :  0.734 0.266 
482    h0823    (0)    5 :  0.966 0.034 
483    h0833    (0)    5 :  0.647 0.353 
484    h0843    (0)    5 :  0.953 0.047 
485    h0853    (0)    5 :  0.662 0.338 
486    h0863    (0)    5 :  0.896 0.104 
487    h0873    (0)    5 :  0.795 0.205 
488    h0883    (0)    5 :  0.610 0.390 
489    h0893    (0)    5 :  0.688 0.312 
490    h0903    (0)    5 :  0.835 0.165 
491    h0913    (0)    5 :  0.743 0.257 
492    h0923    (0)    5 :  0.716 0.284 
493    h0933    (0)    5 :  0.827 0.173 
494    h0943    (0)    5 :  0.829 0.171 
495    h0953    (0)    5 :  0.728 0.272 
496    h0963    (0)    5 :  0.810 0.190 
497    h0973    (0)    5 :  0.865 0.135 
498    h0983    (0)    5 :  0.875 0.125 
499    h0993    (0)    5 :  0.886 0.114 
500    h1003    (0)    5 :  0.780 0.220 
501    h0014    (0)    6 :  0.962 0.038 
502    h0024    (0)    6 :  0.939 0.061 
503    h0034    (0)    6 :  0.882 0.118 
504    h0044    (0)    6 :  0.970 0.030 
505    h0054    (0)    6 :  0.956 0.044 
506    h0064    (0)    6 :  0.891 0.109 
507    h0074    (0)    6 :  0.924 0.076 
508    h0084    (0)    6 :  0.829 0.171 
509    h0094    (0)    6 :  0.983 0.017 
510    h0104    (0)    6 :  0.855 0.145 
511    h0114    (0)    6 :  0.945 0.055 
512    h0124    (0)    6 :  0.980 0.020 
513    h0134    (0)    6 :  0.854 0.146 
514    h0144    (0)    6 :  0.976 0.024 
515    h0154    (0)    6 :  0.942 0.058 
516    h0164    (0)    6 :  0.848 0.152 
517    h0174    (0)    6 :  0.968 0.032 
518    h0184    (0)    6 :  0.978 0.022 
519    h0194    (0)    6 :  0.867 0.133 
520    h0204    (0)    6 :  0.874 0.126 
521    h0214    (0)    6 :  0.886 0.114 
522    h0224    (0)    6 :  0.982 0.018 
523    h0234    (0)    6 :  0.969 0.031 
524    h0244    (0)    6 :  0.930 0.070 
525    h0254    (0)    6 :  0.959 0.041 
526    h0264    (0)    6 :  0.958 0.042 
527    h0274    (0)    6 :  0.807 0.193 
528    h0284    (0)    6 :  0.971 0.029 
529    h0294    (0)    6 :  0.953 0.047 
530    h0304    (0)    6 :  0.869 0.131 
531    h0314    (0)    6 :  0.937 0.063 
532    h0324    (0)    6 :  0.888 0.112 
533    h0334    (0)    6 :  0.797 0.203 
534    h0344    (0)    6 :  0.938 0.062 
535    h0354    (0)    6 :  0.805 0.195 
536    h0364    (0)    6 :  0.969 0.031 
537    h0374    (0)    6 :  0.956 0.044 
538    h0384    (0)    6 :  0.948 0.052 
539    h0394    (0)    6 :  0.954 0.046 
540    h0404    (0)    6 :  0.904 0.096 
541    h0414    (0)    6 :  0.779 0.221 
542    h0424    (0)    6 :  0.788 0.212 
543    h0434    (0)    6 :  0.926 0.074 
544    h0444    (0)    6 :  0.848 0.152 
545    h0454    (0)    6 :  0.981 0.019 
546    h0464    (0)    6 :  0.804 0.196 
547    h0474    (0)    6 :  0.975 0.025 
548    h0484    (0)    6 :  0.932 0.068 
549    h0494    (0)    6 :  0.966 0.034 
550    h0504    (0)    6 :  0.749 0.251 
551    h0514    (0)    6 :  0.873 0.127 
552    h0524    (0)    6 :  0.943 0.057 
553    h0534    (0)    6 :  0.968 0.032 
554    h0544    (0)    6 :  0.966 0.034 
555    h0554    (0)    6 :  0.948 0.052 
556    h0564    (0)    6 :  0.908 0.092 
557    h0574    (0)    6 :  0.963 0.037 
558    h0584    (0)    6 :  0.687 0.313 
559    h0594    (0)    6 :  0.974 0.026 
560    h0604    (0)    6 :  0.896 0.104 
561    h0614    (0)    6 :  0.864 0.136 
562    h0624    (0)    6 :  0.969 0.031 
563    h0634    (0)    6 :  0.979 0.021 
564    h0644    (0)    6 :  0.954 0.046 
565    h0654    (0)    6 :  0.949 0.051 
566    h0664    (0)    6 :  0.664 0.336 
567    h0674    (0)    6 :  0.753 0.247 
568    h0684    (0)    6 :  0.918 0.082 
569    h0694    (0)    6 :  0.859 0.141 
570    h0704    (0)    6 :  0.906 0.094 
571    h0714    (0)    6 :  0.808 0.192 
572    h0724    (0)    6 :  0.926 0.074 
573    h0734    (0)    6 :  0.961 0.039 
574    h0744    (0)    6 :  0.928 0.072 
575    h0754    (0)    6 :  0.863 0.137 
576    h0764    (0)    6 :  0.864 0.136 
577    h0774    (0)    6 :  0.820 0.180 
578    h0784    (0)    6 :  0.878 0.122 
579    h0794    (0)    6 :  0.814 0.186 
580    h0804    (0)    6 :  0.882 0.118 
581    h0814    (0)    6 :  0.948 0.052 
582    h0824    (0)    6 :  0.704 0.296 
583    h0834    (0)    6 :  0.933 0.067 
584    h0844    (0)    6 :  0.889 0.111 
585    h0854    (0)    6 :  0.913 0.087 
586    h0864    (0)    6 :  0.812 0.188 
587    h0874    (0)    6 :  0.905 0.095 
588    h0884    (0)    6 :  0.924 0.076 
589    h0894    (0)    6 :  0.950 0.050 
590    h0904    (0)    6 :  0.904 0.096 
591    h0914    (0)    6 :  0.919 0.081 
592    h0924    (0)    6 :  0.882 0.118 
593    h0934    (0)    6 :  0.965 0.035 
594    h0944    (0)    6 :  0.972 0.028 
595    h0954    (0)    6 :  0.953 0.047 
596    h0964    (0)    6 :  0.941 0.059 
597    h0974    (0)    6 :  0.905 0.095 
598    h0984    (0)    6 :  0.869 0.131 
599    h0994    (0)    6 :  0.780 0.220 
600    h1004    (0)    6 :  0.901 0.099 
601  CK.0PLA    (5)    7 :  0.969 0.031 
602  CK.0PLC    (0)    7 :  0.966 0.034 
603  CK.0PLE    (0)    7 :  0.983 0.017 
604  CK.0PLF    (0)    7 :  0.938 0.062 
605  CK.0PLH    (0)    7 :  0.975 0.025 
606  CK.0PLJ    (0)    7 :  0.974 0.026 
607  CK.0PLK    (0)    7 :  0.986 0.014 
608  CK.0PLL    (0)    7 :  0.971 0.029 
609  CK.0PLM    (0)    7 :  0.980 0.020 
610  CK.0PLP    (0)    7 :  0.975 0.025 
611  CK.0PLT    (0)    7 :  0.986 0.014 
612  CK.0PLU    (0)    7 :  0.982 0.018 
613  CK.0PLX    (0)    7 :  0.975 0.025 
614  CK.0PLY    (5)    7 :  0.986 0.014 
615  CK.0PM0    (0)    7 :  0.983 0.017 
616  CK.0PM1    (0)    7 :  0.985 0.015 
617  CK.0PM2    (0)    7 :  0.979 0.021 
618  CK.0PM3    (0)    7 :  0.978 0.022 
619  CK.0PM4    (0)    7 :  0.971 0.029 
620  CK.0PM7    (0)    7 :  0.983 0.017 
621  CK.0PM8    (0)    7 :  0.985 0.015 
622  CK.0PMA    (0)    7 :  0.970 0.030 
623    M2C06    (0)    7 :  0.983 0.017 
624    M2C07    (0)    7 :  0.987 0.013 
625    M2C08    (0)    7 :  0.987 0.013 
626    M2C0A    (0)    7 :  0.982 0.018 
627    M2C0C    (0)    7 :  0.985 0.015 
628    M2C0E    (0)    7 :  0.983 0.017 
629      h01    (0)    8 :  0.983 0.017 
630      h02    (0)    8 :  0.985 0.015 
631      h03    (0)    8 :  0.975 0.025 
632      h04    (0)    8 :  0.985 0.015 
633      h05    (0)    8 :  0.979 0.021 
634      h06    (0)    8 :  0.982 0.018 
635      h07    (0)    8 :  0.967 0.033 
636      h08    (0)    8 :  0.980 0.020 
637      h09    (0)    8 :  0.981 0.019 
638      h10    (0)    8 :  0.982 0.018 
639      h11    (0)    8 :  0.985 0.015 
640      h12    (0)    8 :  0.979 0.021 
641      h13    (0)    8 :  0.983 0.017 
642      h14    (0)    8 :  0.983 0.017 
643      h15    (0)    8 :  0.981 0.019 
644      h16    (0)    8 :  0.973 0.027 
645      h17    (0)    8 :  0.984 0.016 
646      h18    (0)    8 :  0.988 0.012 
647      h19    (0)    8 :  0.981 0.019 
648      h20    (0)    8 :  0.984 0.016 
649      h21    (0)    8 :  0.984 0.016 
650      h22    (0)    8 :  0.979 0.021 
651      h23    (0)    8 :  0.982 0.018 
652      h24    (0)    8 :  0.972 0.028 
653      h25    (0)    8 :  0.977 0.023 
654      h26    (0)    8 :  0.982 0.018 
655      h27    (0)    8 :  0.981 0.019 
656      h28    (0)    8 :  0.985 0.015 
657      h29    (0)    8 :  0.984 0.016 
658      h30    (0)    8 :  0.986 0.014 
659      h31    (0)    8 :  0.987 0.013 
660      h32    (0)    8 :  0.984 0.016 
661      h33    (0)    8 :  0.978 0.022 
662      h34    (0)    8 :  0.985 0.015 
663      h35    (0)    8 :  0.976 0.024 
664      h36    (0)    8 :  0.982 0.018 
665      h37    (0)    8 :  0.967 0.033 
666      h38    (0)    8 :  0.981 0.019 
667      h39    (0)    8 :  0.986 0.014 
668      h40    (0)    8 :  0.983 0.017 
669      h41    (0)    8 :  0.985 0.015 
670      h42    (0)    8 :  0.977 0.023 
671      h43    (0)    8 :  0.977 0.023 
672      h44    (0)    8 :  0.976 0.024 
673      h45    (0)    8 :  0.979 0.021 
674      h46    (0)    8 :  0.985 0.015 
675      h47    (0)    8 :  0.978 0.022 
676      h48    (0)    8 :  0.980 0.020 
677      h49    (0)    8 :  0.980 0.020 
678      h50    (0)    8 :  0.981 0.019 
679      h51    (0)    8 :  0.982 0.018 
680      h52    (0)    8 :  0.953 0.047 
681      h53    (0)    8 :  0.986 0.014 
682      h54    (0)    8 :  0.982 0.018 
683      h55    (0)    8 :  0.985 0.015 
684      h56    (0)    8 :  0.970 0.030 
685      h57    (0)    8 :  0.979 0.021 
686      h58    (0)    8 :  0.979 0.021 
687      h59    (0)    8 :  0.986 0.014 
688      h60    (0)    8 :  0.975 0.025 
689      h61    (0)    8 :  0.947 0.053 
690      h62    (0)    8 :  0.978 0.022 
691      h63    (0)    8 :  0.964 0.036 
692      h64    (0)    8 :  0.986 0.014 
693      h65    (0)    8 :  0.981 0.019 
694      h66    (0)    8 :  0.981 0.019 
695      h67    (0)    8 :  0.970 0.030 
696      h68    (0)    8 :  0.974 0.026 
697      h69    (0)    8 :  0.984 0.016 
698      h70    (0)    8 :  0.985 0.015 
699      h71    (0)    8 :  0.984 0.016 
700      h72    (0)    8 :  0.945 0.055 


Estimated Allele Frequencies in each cluster
First column gives estimated ancestral frequencies


Locus 1 : Cl147 
16 alleles
0.0% missing data
  45   (0.173) 0.013 0.187 
  69   (0.086) 0.195 0.084 
  73   (0.147) 0.068 0.153 
  77   (0.102) 0.072 0.103 
  56   (0.037) 0.000 0.037 
  65   (0.043) 0.514 0.037 
  41   (0.159) 0.039 0.168 
  52   (0.086) 0.001 0.093 
  48   (0.032) 0.011 0.027 
  81   (0.025) 0.054 0.018 
  49   (0.049) 0.001 0.051 
  60   (0.024) 0.001 0.022 
  84   (0.009) 0.000 0.005 
  89   (0.010) 0.000 0.007 
  61   (0.009) 0.000 0.005 
  40   (0.011) 0.032 0.005 

Locus 2 : Cl233 
32 alleles
0.0% missing data
  63   (0.183) 0.229 0.201 
  85   (0.051) 0.003 0.054 
  73   (0.049) 0.001 0.053 
  79   (0.047) 0.000 0.052 
  71   (0.069) 0.000 0.079 
  77   (0.040) 0.001 0.042 
  75   (0.027) 0.000 0.027 
  67   (0.088) 0.007 0.096 
  55   (0.051) 0.456 0.048 
  59   (0.030) 0.000 0.031 
  81   (0.085) 0.004 0.094 
  83   (0.021) 0.000 0.020 
  93   (0.013) 0.000 0.011 
 101   (0.007) 0.000 0.004 
  69   (0.011) 0.000 0.008 
  51   (0.037) 0.000 0.039 
 100   (0.015) 0.000 0.012 
  92   (0.009) 0.000 0.005 
1121   (0.011) 0.000 0.008 
1001   (0.011) 0.000 0.008 
  89   (0.023) 0.001 0.021 
 711   (0.009) 0.000 0.005 
 116   (0.010) 0.000 0.007 
  80   (0.006) 0.000 0.002 
  43   (0.010) 0.000 0.007 
  84   (0.010) 0.000 0.007 
  88   (0.022) 0.000 0.022 
 104   (0.015) 0.000 0.012 
  97   (0.008) 0.000 0.005 
  70   (0.018) 0.110 0.012 
  74   (0.007) 0.139 0.003 
  78   (0.008) 0.048 0.003 

Locus 3 : Cl264 
26 alleles
0.0% missing data
  65   (0.075) 0.252 0.075 
 651   (0.181) 0.021 0.205 
 691   (0.128) 0.005 0.145 
  57   (0.006) 0.000 0.002 
  61   (0.016) 0.000 0.013 
 731   (0.077) 0.009 0.081 
 811   (0.029) 0.000 0.030 
 611   (0.036) 0.004 0.034 
  69   (0.113) 0.173 0.119 
  77   (0.032) 0.235 0.027 
  49   (0.049) 0.000 0.053 
  45   (0.011) 0.000 0.008 
 491   (0.009) 0.000 0.005 
 571   (0.010) 0.000 0.007 
 771   (0.069) 0.003 0.076 
  89   (0.015) 0.000 0.012 
 652   (0.011) 0.025 0.005 
  53   (0.019) 0.000 0.018 
  73   (0.040) 0.186 0.036 
  80   (0.009) 0.000 0.005 
 531   (0.006) 0.000 0.002 
 693   (0.007) 0.000 0.004 
  93   (0.014) 0.002 0.009 
  85   (0.013) 0.000 0.011 
  81   (0.013) 0.070 0.008 
 812   (0.015) 0.016 0.009 

Locus 4 : Cl274 
7 alleles
0.0% missing data
  61   (0.463) 0.490 0.476 
  57   (0.167) 0.413 0.165 
  65   (0.142) 0.021 0.144 
  53   (0.081) 0.062 0.076 
  69   (0.062) 0.003 0.061 
  73   (0.047) 0.012 0.042 
  49   (0.037) 0.000 0.036 

Locus 5 : Cl285 
24 alleles
0.0% missing data
  75   (0.119) 0.120 0.125 
  71   (0.173) 0.182 0.187 
 631   (0.032) 0.001 0.032 
  67   (0.102) 0.540 0.104 
  63   (0.088) 0.026 0.092 
  79   (0.084) 0.001 0.095 
 792   (0.025) 0.000 0.024 
 671   (0.044) 0.004 0.044 
 831   (0.046) 0.003 0.046 
 752   (0.083) 0.004 0.090 
  55   (0.032) 0.072 0.026 
1401   (0.014) 0.000 0.011 
  59   (0.029) 0.046 0.024 
 712   (0.030) 0.002 0.029 
 833   (0.021) 0.000 0.019 
1322   (0.007) 0.000 0.004 
 136   (0.012) 0.000 0.009 
 164   (0.009) 0.000 0.005 
 872   (0.007) 0.000 0.004 
1282   (0.011) 0.000 0.008 
 148   (0.011) 0.000 0.008 
 144   (0.007) 0.000 0.004 
 119   (0.009) 0.000 0.005 
1402   (0.006) 0.000 0.002 

Locus 6 : Cl291 
19 alleles
0.0% missing data
 641   (0.058) 0.001 0.061 
  72   (0.089) 0.232 0.089 
 682   (0.037) 0.002 0.036 
 801   (0.052) 0.002 0.054 
 681   (0.201) 0.007 0.225 
  76   (0.094) 0.219 0.094 
 722   (0.110) 0.008 0.117 
 601   (0.014) 0.000 0.011 
  80   (0.060) 0.021 0.058 
 761   (0.015) 0.000 0.012 
 762   (0.083) 0.053 0.083 
 721   (0.042) 0.000 0.044 
  84   (0.035) 0.000 0.036 
  64   (0.016) 0.000 0.014 
  68   (0.027) 0.196 0.021 
 843   (0.018) 0.001 0.014 
 881   (0.009) 0.000 0.005 
 841   (0.026) 0.243 0.019 
  88   (0.015) 0.015 0.008 

Locus 7 : Cl308 
48 alleles
0.0% missing data
  72   (0.119) 0.023 0.144 
  64   (0.078) 0.404 0.087 
  68   (0.081) 0.515 0.090 
 103   (0.019) 0.002 0.017 
  80   (0.041) 0.012 0.042 
  76   (0.064) 0.000 0.079 
1151   (0.020) 0.001 0.020 
 123   (0.025) 0.000 0.027 
 115   (0.031) 0.006 0.032 
  83   (0.023) 0.001 0.024 
1231   (0.010) 0.000 0.008 
1192   (0.009) 0.000 0.007 
 131   (0.021) 0.001 0.021 
1191   (0.011) 0.000 0.009 
 752   (0.010) 0.000 0.008 
 143   (0.015) 0.000 0.015 
  79   (0.023) 0.000 0.024 
 119   (0.015) 0.000 0.013 
1431   (0.024) 0.000 0.027 
1112   (0.024) 0.000 0.027 
1193   (0.009) 0.000 0.007 
1591   (0.012) 0.000 0.011 
1232   (0.007) 0.000 0.004 
 139   (0.025) 0.004 0.024 
1111   (0.009) 0.000 0.007 
 127   (0.007) 0.000 0.004 
1391   (0.038) 0.001 0.044 
 121   (0.007) 0.000 0.004 
1313   (0.009) 0.000 0.007 
1113   (0.007) 0.000 0.004 
  87   (0.042) 0.001 0.049 
1031   (0.007) 0.000 0.004 
 155   (0.015) 0.000 0.013 
1312   (0.008) 0.000 0.005 
1272   (0.007) 0.000 0.004 
 151   (0.005) 0.000 0.002 
1351   (0.010) 0.000 0.008 
 135   (0.009) 0.000 0.007 
1432   (0.010) 0.000 0.008 
1152   (0.011) 0.000 0.009 
1271   (0.011) 0.000 0.009 
1311   (0.005) 0.000 0.002 
1472   (0.008) 0.000 0.005 
 137   (0.010) 0.000 0.008 
  88   (0.008) 0.000 0.005 
  60   (0.014) 0.025 0.010 
 712   (0.012) 0.000 0.011 
1071   (0.013) 0.003 0.008 

Locus 8 : Cl330 
23 alleles
0.1% missing data
  52   (0.273) 0.236 0.304 
 601   (0.106) 0.098 0.112 
  40   (0.079) 0.015 0.083 
  72   (0.025) 0.001 0.024 
  56   (0.131) 0.012 0.145 
 481   (0.042) 0.070 0.038 
  61   (0.045) 0.003 0.045 
  80   (0.011) 0.000 0.008 
 681   (0.037) 0.013 0.033 
  64   (0.063) 0.389 0.061 
  57   (0.011) 0.000 0.008 
  75   (0.020) 0.000 0.019 
  71   (0.012) 0.000 0.009 
  28   (0.015) 0.000 0.012 
  65   (0.016) 0.000 0.013 
 441   (0.021) 0.000 0.020 
  36   (0.023) 0.006 0.018 
  79   (0.012) 0.000 0.009 
  73   (0.011) 0.000 0.008 
 602   (0.007) 0.000 0.004 
  68   (0.025) 0.089 0.019 
  83   (0.008) 0.036 0.003 
 641   (0.006) 0.030 0.002 

Locus 9 : Cl344 
13 alleles
0.9% missing data
  56   (0.380) 0.015 0.415 
  60   (0.251) 0.318 0.257 
  48   (0.009) 0.000 0.005 
  76   (0.018) 0.085 0.011 
  64   (0.130) 0.453 0.128 
  72   (0.092) 0.021 0.091 
 761   (0.009) 0.000 0.005 
 641   (0.019) 0.000 0.017 
  68   (0.049) 0.108 0.042 
 601   (0.014) 0.000 0.011 
  52   (0.008) 0.000 0.004 
 681   (0.009) 0.000 0.005 
 721   (0.011) 0.000 0.007 

Locus 10 : Cl366 
7 alleles
0.1% missing data
  80   (0.312) 0.501 0.312 
  92   (0.059) 0.009 0.054 
  76   (0.239) 0.468 0.236 
  88   (0.084) 0.001 0.086 
  84   (0.109) 0.001 0.114 
  72   (0.182) 0.020 0.185 
  64   (0.016) 0.000 0.012 

Locus 11 : Cl375 
14 alleles
0.0% missing data
 491   (0.096) 0.010 0.099 
  53   (0.236) 0.017 0.257 
 612   (0.029) 0.001 0.027 
  57   (0.246) 0.458 0.257 
  45   (0.049) 0.005 0.047 
  61   (0.164) 0.374 0.168 
 651   (0.021) 0.000 0.019 
  69   (0.028) 0.003 0.024 
 571   (0.049) 0.001 0.050 
  65   (0.021) 0.028 0.014 
  37   (0.009) 0.000 0.005 
 691   (0.012) 0.003 0.007 
 531   (0.025) 0.046 0.019 
  49   (0.015) 0.054 0.008 

Locus 12 : Cl408 
11 alleles
0.0% missing data
  62   (0.301) 0.062 0.314 
  74   (0.069) 0.019 0.065 
  50   (0.050) 0.403 0.043 
  58   (0.099) 0.483 0.093 
  66   (0.180) 0.002 0.194 
  70   (0.071) 0.001 0.074 
  54   (0.164) 0.024 0.168 
  78   (0.008) 0.000 0.004 
  79   (0.006) 0.000 0.003 
  75   (0.031) 0.000 0.029 
  82   (0.020) 0.007 0.013 

Locus 13 : Cl507 
21 alleles
0.0% missing data
  70   (0.076) 0.029 0.076 
  94   (0.027) 0.000 0.026 
  74   (0.059) 0.025 0.057 
  54   (0.031) 0.039 0.025 
  82   (0.186) 0.001 0.214 
  90   (0.049) 0.001 0.051 
  86   (0.068) 0.000 0.075 
 701   (0.014) 0.000 0.011 
  78   (0.058) 0.000 0.062 
  62   (0.097) 0.532 0.096 
 741   (0.063) 0.013 0.062 
  66   (0.118) 0.064 0.122 
 661   (0.015) 0.000 0.012 
  58   (0.024) 0.009 0.018 
  98   (0.015) 0.000 0.012 
 781   (0.025) 0.000 0.023 
 141   (0.026) 0.000 0.025 
 102   (0.009) 0.000 0.005 
 106   (0.006) 0.000 0.003 
 622   (0.023) 0.217 0.016 
 501   (0.015) 0.068 0.009 

Locus 14 : Cl527 
26 alleles
0.0% missing data
  62   (0.099) 0.002 0.110 
 622   (0.006) 0.000 0.002 
 461   (0.007) 0.000 0.004 
  82   (0.006) 0.000 0.002 
 661   (0.125) 0.018 0.134 
  70   (0.082) 0.018 0.084 
 581   (0.049) 0.001 0.051 
 701   (0.073) 0.001 0.081 
 501   (0.019) 0.000 0.018 
  66   (0.088) 0.000 0.099 
 741   (0.028) 0.000 0.027 
  58   (0.087) 0.001 0.097 
 541   (0.064) 0.003 0.067 
  74   (0.006) 0.000 0.002 
 621   (0.084) 0.002 0.093 
  78   (0.011) 0.000 0.008 
 781   (0.012) 0.000 0.009 
 462   (0.015) 0.000 0.012 
  67   (0.016) 0.000 0.013 
  54   (0.030) 0.369 0.024 
  50   (0.032) 0.039 0.027 
  63   (0.007) 0.000 0.004 
 582   (0.028) 0.396 0.021 
  46   (0.008) 0.070 0.003 
  53   (0.009) 0.047 0.003 
 623   (0.009) 0.033 0.003 

Locus 15 : Cl380 
19 alleles
1.3% missing data
 671   (0.120) 0.017 0.126 
 672   (0.101) 0.017 0.104 
 751   (0.031) 0.000 0.031 
  71   (0.129) 0.393 0.131 
  79   (0.213) 0.351 0.223 
  75   (0.095) 0.001 0.105 
 711   (0.113) 0.002 0.124 
  67   (0.025) 0.001 0.022 
 791   (0.007) 0.000 0.004 
 591   (0.014) 0.000 0.011 
 552   (0.037) 0.000 0.038 
 792   (0.008) 0.000 0.004 
 593   (0.015) 0.000 0.013 
  59   (0.014) 0.000 0.011 
 631   (0.013) 0.008 0.007 
 833   (0.021) 0.001 0.017 
 712   (0.010) 0.000 0.007 
  63   (0.015) 0.000 0.013 
 551   (0.017) 0.208 0.011 

Locus 16 : Lup02 
6 alleles
0.3% missing data
  56   (0.473) 0.545 0.482 
  60   (0.196) 0.039 0.200 
  52   (0.119) 0.033 0.117 
  48   (0.178) 0.070 0.178 
 561   (0.011) 0.000 0.007 
  64   (0.024) 0.313 0.016 

Locus 17 : Lup13 
4 alleles
0.0% missing data
  57   (0.257) 0.512 0.251 
  61   (0.436) 0.078 0.447 
  65   (0.123) 0.005 0.125 
  53   (0.184) 0.405 0.178 

Locus 18 : Lup20 
8 alleles
1.0% missing data
  56   (0.587) 0.379 0.607 
 601   (0.092) 0.001 0.096 
  60   (0.140) 0.479 0.135 
  68   (0.034) 0.000 0.032 
  64   (0.078) 0.138 0.072 
  72   (0.025) 0.000 0.023 
 681   (0.018) 0.002 0.012 
 641   (0.025) 0.000 0.023 

Locus 19 : Lup21 
10 alleles
0.0% missing data
  41   (0.334) 0.155 0.344 
  57   (0.286) 0.022 0.301 
  53   (0.142) 0.460 0.138 
  37   (0.014) 0.000 0.011 
  45   (0.161) 0.003 0.172 
 531   (0.012) 0.000 0.008 
 611   (0.012) 0.118 0.006 
 491   (0.008) 0.000 0.004 
  49   (0.016) 0.175 0.009 
  61   (0.015) 0.066 0.008 

Locus 20 : Lup23 
4 alleles
0.0% missing data
  59   (0.189) 0.018 0.191 
  63   (0.755) 0.503 0.768 
  67   (0.029) 0.009 0.022 
  55   (0.028) 0.470 0.019 

Values of parameters used in structure:
DATAFILE=/home/eva.pavlovic/data_job_4b1_1_3,	OUTFILE=/home/eva.pavlovic/ParallelStructure/26_results_20MS/4b1_Italy_low_numbers/4b1_Italy_low_numbers_1/results_job_4b1_1_3,	NUMINDS=700,	NUMLOCI=20,	MISSING=-9,	LABEL=1,	POPDATA=1,	POPFLAG=0,	PHENOTYPE=0,	EXTRACOLS=0,	MAXPOPS=2,	BURNIN=300000,	NUMREPS=3000000,	USEPOPINFO=0,	INFERALPHA=1,	INFERLAMBDA=0,	POPSPECIFICLAMBDA=0,	POPALPHAS=0,	COMPUTEPROB=1,	NOADMIX=0,	ADMBURNIN=2500,	UPDATEFREQ=1,	PRINTLIKES=0,	INTERMEDSAVE=0,	PRINTKLD=0,	PRINTNET=0,	PRINTLAMBDA=0,	ANCESTDIST=0,	NUMBOXES=1000,	ANCESTPINT=0.90000,	GENSBACK=2,	MIGRPRIOR=0.05000,	PRINTQHAT=1,	PRINTQSUM=0,	ALPHA=1.0000,	FREQSCORR=1,	FPRIORMEAN=0.0100,	FPRIORSD=0.0500,	ONEFST=0,	LAMBDA=1.0000,	UNIFPRIORALPHA=1,	ALPHAMAX=10.0000,	ALPHAPRIORA=1.0000,	ALPHAPRIORB=2.0000,	ALPHAPROPSD=0.0250,	STARTATPOPINFO=0,	RANDOMIZE=1,	LINKAGE=0,	METROFREQ=10,	REPORTHITRATE=0,	MARKOVPHASE=-1,	PHASED=0,	PLOIDY=2,	PHASEINFO=0	LOCPRIOR=0, 	LOCPRIORINIT=1.000000, 	LOCDATA=0, 	LOCISPOP=0, 	LOCPRIORSTEP=0.100000, 	MAXLOCPRIOR=20.000000, 	SEED=1772704127,	
[STRAT parameters]:    NUMSIMSTATS=1000,	PHENOTYPECOL=-9,	POOLFREQ=10,	LOCUSxONLY=0,	EMERROR=0.00100,	MISSINGPHENO=-9,	