       M1EL5  1 0.0274 0.9726 
       W26T6  1 0.0455 0.9545 
       W26XX  1 0.0204 0.9796 
       M013P  1 0.0247 0.9753 
       M1ELA  1 0.0435 0.9565 
       M2C73  1 0.0229 0.9771 
       W23P4  1 0.0373 0.9627 
       W247C  1 0.0294 0.9706 
       W24K1  1 0.0202 0.9798 
       W24ME  1 0.0466 0.9534 
       W2514  1 0.0248 0.9752 
       W26MA  1 0.0426 0.9574 
       W26MM  1 0.0445 0.9555 
       W26MU  1 0.0253 0.9747 
       W26P0  1 0.0215 0.9785 
       W26P3  1 0.0203 0.9797 
       W26T5  1 0.0174 0.9826 
       W26TE  1 0.0255 0.9745 
       W26TF  1 0.0730 0.9270 
       W26U8  1 0.0652 0.9348 
       W26UJ  1 0.0238 0.9762 
       W26UK  1 0.0135 0.9865 
       W26UT  1 0.0178 0.9822 
       W26XT  1 0.0488 0.9512 
      CC06H2  1 0.0579 0.9421 
      CC06H4  1 0.0445 0.9555 
      CC06H5  1 0.0275 0.9725 
      CC06H6  1 0.0155 0.9845 
      CC06HE  1 0.0217 0.9783 
      CC06HF  1 0.0564 0.9436 
      CC06HH  1 0.0209 0.9791 
      CC06HJ  1 0.0293 0.9707 
      CC06HL  1 0.0211 0.9789 
      CC06HP  1 0.0175 0.9825 
      CC06HT  1 0.0390 0.9610 
      CC06HU  1 0.0207 0.9793 
      CC06HY  1 0.0473 0.9527 
      CC06J0  1 0.0473 0.9527 
      CC06J1  1 0.0263 0.9737 
      CC06J2  1 0.0362 0.9638 
     CT.0YCY  1 0.0226 0.9774 
     CT.0YEC  1 0.0189 0.9811 
     CT.0YEF  1 0.0201 0.9799 
     CT.0YEU  1 0.0152 0.9848 
     CT.0YF2  1 0.0438 0.9562 
     CT.0YF8  1 0.0128 0.9872 
     CT.0YFA  1 0.0150 0.9850 
     CT.0YFE  1 0.0216 0.9784 
     CT.0YFP  1 0.0493 0.9507 
     CT.0YFU  1 0.0231 0.9769 
     CT.0YK7  1 0.0421 0.9579 
     CX.10PT  1 0.1118 0.8882 
      DAM021  1 0.0246 0.9754 
      DAM034  1 0.0149 0.9851 
      DAM07X  1 0.0213 0.9787 
     EF.15J6  1 0.0208 0.9792 
      HRV010  1 0.0372 0.9628 
      HRV02J  1 0.0268 0.9732 
      HRV078  1 0.0347 0.9653 
      HRV0FH  1 0.0194 0.9806 
      HRV0H5  1 0.0266 0.9734 
      HRV0JF  1 0.0228 0.9772 
      HRV0JJ  1 0.0275 0.9725 
      HRV0JM  1 0.0222 0.9778 
      HRV0K6  1 0.0875 0.9125 
      HRV0K7  1 0.0205 0.9795 
      HRV0KP  1 0.0516 0.9484 
      HRV1AX  1 0.0237 0.9763 
      HRV1C4  1 0.0175 0.9825 
      HRV1CH  1 0.0256 0.9744 
      HRV1FA  1 0.0305 0.9695 
      HRV1FK  1 0.0392 0.9608 
      HRV1H8  1 0.0232 0.9768 
      HRV1HT  1 0.0339 0.9661 
      HRV1XU  1 0.0647 0.9353 
      HRV4TF  1 0.0244 0.9756 
      HRV6F0  1 0.0329 0.9671 
      HRVE6L  1 0.0315 0.9685 
       M27HM  1 0.0216 0.9784 
       M27HP  1 0.0201 0.9799 
       M2AK4  1 0.0236 0.9764 
       M2ALA  1 0.0210 0.9790 
       M2C56  1 0.0289 0.9711 
       M2CUX  1 0.0292 0.9708 
       M2E24  1 0.0185 0.9815 
       M2EA7  1 0.0258 0.9742 
       M2EH6  1 0.0225 0.9775 
       M2EKC  1 0.0417 0.9583 
      MSV083  1 0.0538 0.9462 
      MSV084  1 0.0224 0.9776 
      MSV0LJ  1 0.0319 0.9681 
      MSV1H5  1 0.0225 0.9775 
      MSV1KM  1 0.0186 0.9814 
      MSV23F  1 0.0470 0.9530 
      MSV2L8  1 0.0260 0.9740 
      MSV2P7  1 0.0229 0.9771 
      MSV2TJ  1 0.0183 0.9817 
      MSV2XM  1 0.0370 0.9630 
      MSV327  1 0.0339 0.9661 
      MSV33L  1 0.0171 0.9829 
        h001  2 0.0834 0.9166 
        h002  2 0.0592 0.9408 
        h003  2 0.1236 0.8764 
        h004  2 0.2065 0.7935 
        h005  2 0.1601 0.8399 
        h006  2 0.1045 0.8955 
        h007  2 0.1131 0.8869 
        h008  2 0.1207 0.8793 
        h009  2 0.0261 0.9739 
        h010  2 0.0718 0.9282 
        h011  2 0.0686 0.9314 
        h012  2 0.0237 0.9763 
        h013  2 0.0175 0.9825 
        h014  2 0.1517 0.8483 
        h015  2 0.0749 0.9251 
        h016  2 0.0407 0.9593 
        h017  2 0.1479 0.8521 
        h018  2 0.0412 0.9588 
        h019  2 0.1030 0.8970 
        h020  2 0.0716 0.9284 
        h021  2 0.1779 0.8221 
        h022  2 0.0501 0.9499 
        h023  2 0.0370 0.9630 
        h024  2 0.0478 0.9522 
        h025  2 0.0884 0.9116 
        h026  2 0.0473 0.9527 
        h027  2 0.1649 0.8351 
        h028  2 0.1102 0.8898 
        h029  2 0.0463 0.9537 
        h030  2 0.0975 0.9025 
        h031  2 0.0739 0.9261 
        h032  2 0.0424 0.9576 
        h033  2 0.1348 0.8652 
        h034  2 0.0252 0.9748 
        h035  2 0.0243 0.9757 
        h036  2 0.0815 0.9185 
        h037  2 0.0577 0.9423 
        h038  2 0.2415 0.7585 
        h039  2 0.0460 0.9540 
        h040  2 0.0335 0.9665 
        h041  2 0.0491 0.9509 
        h042  2 0.0892 0.9108 
        h043  2 0.0494 0.9506 
        h044  2 0.0890 0.9110 
        h045  2 0.1499 0.8501 
        h046  2 0.0371 0.9629 
        h047  2 0.1966 0.8034 
        h048  2 0.0563 0.9437 
        h049  2 0.0290 0.9710 
        h050  2 0.0423 0.9577 
        h051  2 0.0282 0.9718 
        h052  2 0.0384 0.9616 
        h053  2 0.1181 0.8819 
        h054  2 0.0679 0.9321 
        h055  2 0.0243 0.9757 
        h056  2 0.2952 0.7048 
        h057  2 0.1124 0.8876 
        h058  2 0.0285 0.9715 
        h059  2 0.1425 0.8575 
        h060  2 0.0527 0.9473 
        h061  2 0.1050 0.8950 
        h062  2 0.1320 0.8680 
        h063  2 0.1453 0.8547 
        h064  2 0.0491 0.9509 
        h065  2 0.1961 0.8039 
        h066  2 0.0620 0.9380 
        h067  2 0.0179 0.9821 
        h068  2 0.0234 0.9766 
        h069  2 0.0800 0.9200 
        h070  2 0.0256 0.9744 
        h071  2 0.1402 0.8598 
        h072  2 0.0649 0.9351 
        h073  2 0.1036 0.8964 
        h074  2 0.0388 0.9612 
        h075  2 0.1124 0.8876 
        h076  2 0.1972 0.8028 
        h077  2 0.1315 0.8685 
        h078  2 0.0736 0.9264 
        h079  2 0.0535 0.9465 
        h080  2 0.0158 0.9842 
        h081  2 0.0894 0.9106 
        h082  2 0.1047 0.8953 
        h083  2 0.0297 0.9703 
        h084  2 0.0603 0.9397 
        h085  2 0.0564 0.9436 
        h086  2 0.0489 0.9511 
        h087  2 0.0239 0.9761 
        h088  2 0.0437 0.9563 
        h089  2 0.0642 0.9358 
        h090  2 0.1212 0.8788 
        h091  2 0.2384 0.7616 
        h092  2 0.0988 0.9012 
        h093  2 0.2083 0.7917 
        h094  2 0.0858 0.9142 
        h095  2 0.2548 0.7452 
        h096  2 0.0737 0.9263 
        h097  2 0.1273 0.8727 
        h098  2 0.0438 0.9562 
        h099  2 0.1036 0.8964 
        h100  2 0.0236 0.9764 
       h0011  3 0.0253 0.9747 
       h0021  3 0.2014 0.7986 
       h0031  3 0.4026 0.5974 
       h0041  3 0.2999 0.7001 
       h0051  3 0.3626 0.6374 
       h0061  3 0.0927 0.9073 
       h0071  3 0.4018 0.5982 
       h0081  3 0.1710 0.8290 
       h0091  3 0.0755 0.9245 
       h0101  3 0.1998 0.8002 
       h0111  3 0.1838 0.8162 
       h0121  3 0.1150 0.8850 
       h0131  3 0.2094 0.7906 
       h0141  3 0.2552 0.7448 
       h0151  3 0.1550 0.8450 
       h0161  3 0.1741 0.8259 
       h0171  3 0.2002 0.7998 
       h0181  3 0.3729 0.6271 
       h0191  3 0.3313 0.6687 
       h0201  3 0.2342 0.7658 
       h0211  3 0.3263 0.6737 
       h0221  3 0.1968 0.8032 
       h0231  3 0.0941 0.9059 
       h0241  3 0.0761 0.9239 
       h0251  3 0.1865 0.8135 
       h0261  3 0.2869 0.7131 
       h0271  3 0.0275 0.9725 
       h0281  3 0.3478 0.6522 
       h0291  3 0.2762 0.7238 
       h0301  3 0.2311 0.7689 
       h0311  3 0.0778 0.9222 
       h0321  3 0.1912 0.8088 
       h0331  3 0.3007 0.6993 
       h0341  3 0.1990 0.8010 
       h0351  3 0.2813 0.7187 
       h0361  3 0.1830 0.8170 
       h0371  3 0.3217 0.6783 
       h0381  3 0.1970 0.8030 
       h0391  3 0.2107 0.7893 
       h0401  3 0.1100 0.8900 
       h0411  3 0.1458 0.8542 
       h0421  3 0.1271 0.8729 
       h0431  3 0.0466 0.9534 
       h0441  3 0.2121 0.7879 
       h0451  3 0.1755 0.8245 
       h0461  3 0.1997 0.8003 
       h0471  3 0.2359 0.7641 
       h0481  3 0.1130 0.8870 
       h0491  3 0.2263 0.7737 
       h0501  3 0.0524 0.9476 
       h0511  3 0.2679 0.7321 
       h0521  3 0.2353 0.7647 
       h0531  3 0.4144 0.5856 
       h0541  3 0.1638 0.8362 
       h0551  3 0.2321 0.7679 
       h0561  3 0.2972 0.7028 
       h0571  3 0.1695 0.8305 
       h0581  3 0.0993 0.9007 
       h0591  3 0.3195 0.6805 
       h0601  3 0.2665 0.7335 
       h0611  3 0.2248 0.7752 
       h0621  3 0.3804 0.6196 
       h0631  3 0.0882 0.9118 
       h0641  3 0.2625 0.7375 
       h0651  3 0.3298 0.6702 
       h0661  3 0.3003 0.6997 
       h0671  3 0.1826 0.8174 
       h0681  3 0.4188 0.5812 
       h0691  3 0.2871 0.7129 
       h0701  3 0.2160 0.7840 
       h0711  3 0.0942 0.9058 
       h0721  3 0.2937 0.7063 
       h0731  3 0.1184 0.8816 
       h0741  3 0.3411 0.6589 
       h0751  3 0.2058 0.7942 
       h0761  3 0.2912 0.7088 
       h0771  3 0.0468 0.9532 
       h0781  3 0.3594 0.6406 
       h0791  3 0.1510 0.8490 
       h0801  3 0.4473 0.5527 
       h0811  3 0.0714 0.9286 
       h0821  3 0.1829 0.8171 
       h0831  3 0.1758 0.8242 
       h0841  3 0.2598 0.7402 
       h0851  3 0.1286 0.8714 
       h0861  3 0.1650 0.8350 
       h0871  3 0.4375 0.5625 
       h0881  3 0.2655 0.7345 
       h0891  3 0.3143 0.6857 
       h0901  3 0.0604 0.9396 
       h0911  3 0.1323 0.8677 
       h0921  3 0.3551 0.6449 
       h0931  3 0.2626 0.7374 
       h0941  3 0.0726 0.9274 
       h0951  3 0.2339 0.7661 
       h0961  3 0.1953 0.8047 
       h0971  3 0.1827 0.8173 
       h0981  3 0.0796 0.9204 
       h0991  3 0.2221 0.7779 
       h1001  3 0.2097 0.7903 
       h0012  4 0.5927 0.4073 
       h0022  4 0.5835 0.4165 
       h0032  4 0.4044 0.5956 
       h0042  4 0.5233 0.4767 
       h0052  4 0.3435 0.6565 
       h0062  4 0.6011 0.3989 
       h0072  4 0.4401 0.5599 
       h0082  4 0.3730 0.6270 
       h0092  4 0.5365 0.4635 
       h0102  4 0.5605 0.4395 
       h0112  4 0.3751 0.6249 
       h0122  4 0.6413 0.3587 
       h0132  4 0.4992 0.5008 
       h0142  4 0.4189 0.5811 
       h0152  4 0.6488 0.3512 
       h0162  4 0.5388 0.4612 
       h0172  4 0.5683 0.4317 
       h0182  4 0.4869 0.5131 
       h0192  4 0.4540 0.5460 
       h0202  4 0.5141 0.4859 
       h0212  4 0.5047 0.4953 
       h0222  4 0.4126 0.5874 
       h0232  4 0.5626 0.4374 
       h0242  4 0.5663 0.4337 
       h0252  4 0.4361 0.5639 
       h0262  4 0.5207 0.4793 
       h0272  4 0.5338 0.4662 
       h0282  4 0.4612 0.5388 
       h0292  4 0.4618 0.5382 
       h0302  4 0.5625 0.4375 
       h0312  4 0.5497 0.4503 
       h0322  4 0.6423 0.3577 
       h0332  4 0.3673 0.6327 
       h0342  4 0.4839 0.5161 
       h0352  4 0.4283 0.5717 
       h0362  4 0.4840 0.5160 
       h0372  4 0.5355 0.4645 
       h0382  4 0.4308 0.5692 
       h0392  4 0.5121 0.4879 
       h0402  4 0.4605 0.5395 
       h0412  4 0.5758 0.4242 
       h0422  4 0.4475 0.5525 
       h0432  4 0.4634 0.5366 
       h0442  4 0.3775 0.6225 
       h0452  4 0.4762 0.5238 
       h0462  4 0.3948 0.6052 
       h0472  4 0.5696 0.4304 
       h0482  4 0.4141 0.5859 
       h0492  4 0.6451 0.3549 
       h0502  4 0.2926 0.7074 
       h0512  4 0.4043 0.5957 
       h0522  4 0.6171 0.3829 
       h0532  4 0.5861 0.4139 
       h0542  4 0.5103 0.4897 
       h0552  4 0.4981 0.5019 
       h0562  4 0.5592 0.4408 
       h0572  4 0.4206 0.5794 
       h0582  4 0.5294 0.4706 
       h0592  4 0.4148 0.5852 
       h0602  4 0.5396 0.4604 
       h0612  4 0.4771 0.5229 
       h0622  4 0.5352 0.4648 
       h0632  4 0.3297 0.6703 
       h0642  4 0.4961 0.5039 
       h0652  4 0.5185 0.4815 
       h0662  4 0.5637 0.4363 
       h0672  4 0.5053 0.4947 
       h0682  4 0.5321 0.4679 
       h0692  4 0.4376 0.5624 
       h0702  4 0.6381 0.3619 
       h0712  4 0.4800 0.5200 
       h0722  4 0.4900 0.5100 
       h0732  4 0.4596 0.5404 
       h0742  4 0.5167 0.4833 
       h0752  4 0.3769 0.6231 
       h0762  4 0.4567 0.5433 
       h0772  4 0.4831 0.5169 
       h0782  4 0.4863 0.5137 
       h0792  4 0.4987 0.5013 
       h0802  4 0.4980 0.5020 
       h0812  4 0.4409 0.5591 
       h0822  4 0.5262 0.4738 
       h0832  4 0.4809 0.5191 
       h0842  4 0.4569 0.5431 
       h0852  4 0.5899 0.4101 
       h0862  4 0.3023 0.6977 
       h0872  4 0.6416 0.3584 
       h0882  4 0.7508 0.2492 
       h0892  4 0.4982 0.5018 
       h0902  4 0.4586 0.5414 
       h0912  4 0.6703 0.3297 
       h0922  4 0.5364 0.4636 
       h0932  4 0.5129 0.4871 
       h0942  4 0.6429 0.3571 
       h0952  4 0.3510 0.6490 
       h0962  4 0.4783 0.5217 
       h0972  4 0.6276 0.3724 
       h0982  4 0.4660 0.5340 
       h0992  4 0.5929 0.4071 
       h1002  4 0.5220 0.4780 
       h0013  5 0.6537 0.3463 
       h0023  5 0.8100 0.1900 
       h0033  5 0.7540 0.2460 
       h0043  5 0.7876 0.2124 
       h0053  5 0.7053 0.2947 
       h0063  5 0.9639 0.0361 
       h0073  5 0.7902 0.2098 
       h0083  5 0.8521 0.1479 
       h0093  5 0.8289 0.1711 
       h0103  5 0.7876 0.2124 
       h0113  5 0.9006 0.0994 
       h0123  5 0.4676 0.5324 
       h0133  5 0.7969 0.2031 
       h0143  5 0.8307 0.1693 
       h0153  5 0.8916 0.1084 
       h0163  5 0.6808 0.3192 
       h0173  5 0.7598 0.2402 
       h0183  5 0.6826 0.3174 
       h0193  5 0.7394 0.2606 
       h0203  5 0.8555 0.1445 
       h0213  5 0.9412 0.0588 
       h0223  5 0.7680 0.2320 
       h0233  5 0.9490 0.0510 
       h0243  5 0.8056 0.1944 
       h0253  5 0.6678 0.3322 
       h0263  5 0.7326 0.2674 
       h0273  5 0.7584 0.2416 
       h0283  5 0.7067 0.2933 
       h0293  5 0.7857 0.2143 
       h0303  5 0.7175 0.2825 
       h0313  5 0.7964 0.2036 
       h0323  5 0.6274 0.3726 
       h0333  5 0.8375 0.1625 
       h0343  5 0.5374 0.4626 
       h0353  5 0.5998 0.4002 
       h0363  5 0.8764 0.1236 
       h0373  5 0.9097 0.0903 
       h0383  5 0.7459 0.2541 
       h0393  5 0.9381 0.0619 
       h0403  5 0.6480 0.3520 
       h0413  5 0.6349 0.3651 
       h0423  5 0.7695 0.2305 
       h0433  5 0.7646 0.2354 
       h0443  5 0.9339 0.0661 
       h0453  5 0.7114 0.2886 
       h0463  5 0.7885 0.2115 
       h0473  5 0.6981 0.3019 
       h0483  5 0.9617 0.0383 
       h0493  5 0.5013 0.4987 
       h0503  5 0.9101 0.0899 
       h0513  5 0.7366 0.2634 
       h0523  5 0.8018 0.1982 
       h0533  5 0.8123 0.1877 
       h0543  5 0.7191 0.2809 
       h0553  5 0.7032 0.2968 
       h0563  5 0.8773 0.1227 
       h0573  5 0.5761 0.4239 
       h0583  5 0.7563 0.2437 
       h0593  5 0.8496 0.1504 
       h0603  5 0.7694 0.2306 
       h0613  5 0.8677 0.1323 
       h0623  5 0.5161 0.4839 
       h0633  5 0.6653 0.3347 
       h0643  5 0.8408 0.1592 
       h0653  5 0.7227 0.2773 
       h0663  5 0.8597 0.1403 
       h0673  5 0.9579 0.0421 
       h0683  5 0.8453 0.1547 
       h0693  5 0.8011 0.1989 
       h0703  5 0.9549 0.0451 
       h0713  5 0.9585 0.0415 
       h0723  5 0.9810 0.0190 
       h0733  5 0.6480 0.3520 
       h0743  5 0.8890 0.1110 
       h0753  5 0.7508 0.2492 
       h0763  5 0.8847 0.1153 
       h0773  5 0.7386 0.2614 
       h0783  5 0.9469 0.0531 
       h0793  5 0.7448 0.2552 
       h0803  5 0.7030 0.2970 
       h0813  5 0.7344 0.2656 
       h0823  5 0.9666 0.0334 
       h0833  5 0.6460 0.3540 
       h0843  5 0.9536 0.0464 
       h0853  5 0.6617 0.3383 
       h0863  5 0.8956 0.1044 
       h0873  5 0.7964 0.2036 
       h0883  5 0.6087 0.3913 
       h0893  5 0.6884 0.3116 
       h0903  5 0.8360 0.1640 
       h0913  5 0.7439 0.2561 
       h0923  5 0.7160 0.2840 
       h0933  5 0.8264 0.1736 
       h0943  5 0.8292 0.1708 
       h0953  5 0.7281 0.2719 
       h0963  5 0.8101 0.1899 
       h0973  5 0.8653 0.1347 
       h0983  5 0.8769 0.1231 
       h0993  5 0.8866 0.1134 
       h1003  5 0.7806 0.2194 
       h0014  6 0.9624 0.0376 
       h0024  6 0.9403 0.0597 
       h0034  6 0.8831 0.1169 
       h0044  6 0.9705 0.0295 
       h0054  6 0.9567 0.0433 
       h0064  6 0.8917 0.1083 
       h0074  6 0.9248 0.0752 
       h0084  6 0.8297 0.1703 
       h0094  6 0.9826 0.0174 
       h0104  6 0.8556 0.1444 
       h0114  6 0.9453 0.0547 
       h0124  6 0.9797 0.0203 
       h0134  6 0.8547 0.1453 
       h0144  6 0.9760 0.0240 
       h0154  6 0.9416 0.0584 
       h0164  6 0.8498 0.1502 
       h0174  6 0.9681 0.0319 
       h0184  6 0.9785 0.0215 
       h0194  6 0.8675 0.1325 
       h0204  6 0.8745 0.1255 
       h0214  6 0.8868 0.1132 
       h0224  6 0.9824 0.0176 
       h0234  6 0.9696 0.0304 
       h0244  6 0.9318 0.0682 
       h0254  6 0.9592 0.0408 
       h0264  6 0.9585 0.0415 
       h0274  6 0.8082 0.1918 
       h0284  6 0.9708 0.0292 
       h0294  6 0.9535 0.0465 
       h0304  6 0.8706 0.1294 
       h0314  6 0.9386 0.0614 
       h0324  6 0.8886 0.1114 
       h0334  6 0.7975 0.2025 
       h0344  6 0.9384 0.0616 
       h0354  6 0.8064 0.1936 
       h0364  6 0.9689 0.0311 
       h0374  6 0.9571 0.0429 
       h0384  6 0.9483 0.0517 
       h0394  6 0.9546 0.0454 
       h0404  6 0.9054 0.0946 
       h0414  6 0.7798 0.2202 
       h0424  6 0.7890 0.2110 
       h0434  6 0.9279 0.0721 
       h0444  6 0.8495 0.1505 
       h0454  6 0.9816 0.0184 
       h0464  6 0.8041 0.1959 
       h0474  6 0.9751 0.0249 
       h0484  6 0.9311 0.0689 
       h0494  6 0.9665 0.0335 
       h0504  6 0.7490 0.2510 
       h0514  6 0.8736 0.1264 
       h0524  6 0.9438 0.0562 
       h0534  6 0.9678 0.0322 
       h0544  6 0.9666 0.0334 
       h0554  6 0.9492 0.0508 
       h0564  6 0.9073 0.0927 
       h0574  6 0.9630 0.0370 
       h0584  6 0.6856 0.3144 
       h0594  6 0.9740 0.0260 
       h0604  6 0.8970 0.1030 
       h0614  6 0.8631 0.1369 
       h0624  6 0.9697 0.0303 
       h0634  6 0.9787 0.0213 
       h0644  6 0.9552 0.0448 
       h0654  6 0.9496 0.0504 
       h0664  6 0.6632 0.3368 
       h0674  6 0.7523 0.2477 
       h0684  6 0.9195 0.0805 
       h0694  6 0.8601 0.1399 
       h0704  6 0.9077 0.0923 
       h0714  6 0.8084 0.1916 
       h0724  6 0.9246 0.0754 
       h0734  6 0.9614 0.0386 
       h0744  6 0.9287 0.0713 
       h0754  6 0.8633 0.1367 
       h0764  6 0.8638 0.1362 
       h0774  6 0.8200 0.1800 
       h0784  6 0.8779 0.1221 
       h0794  6 0.8137 0.1863 
       h0804  6 0.8825 0.1175 
       h0814  6 0.9494 0.0506 
       h0824  6 0.7037 0.2963 
       h0834  6 0.9341 0.0659 
       h0844  6 0.8906 0.1094 
       h0854  6 0.9141 0.0859 
       h0864  6 0.8120 0.1880 
       h0874  6 0.9061 0.0939 
       h0884  6 0.9259 0.0741 
       h0894  6 0.9513 0.0487 
       h0904  6 0.9053 0.0947 
       h0914  6 0.9202 0.0798 
       h0924  6 0.8829 0.1171 
       h0934  6 0.9655 0.0345 
       h0944  6 0.9720 0.0280 
       h0954  6 0.9533 0.0467 
       h0964  6 0.9419 0.0581 
       h0974  6 0.9065 0.0935 
       h0984  6 0.8714 0.1286 
       h0994  6 0.7814 0.2186 
       h1004  6 0.9012 0.0988 
     CK.0PLA  7 0.9696 0.0304 
     CK.0PLC  7 0.9664 0.0336 
     CK.0PLE  7 0.9835 0.0165 
     CK.0PLF  7 0.9395 0.0605 
     CK.0PLH  7 0.9754 0.0246 
     CK.0PLJ  7 0.9742 0.0258 
     CK.0PLK  7 0.9864 0.0136 
     CK.0PLL  7 0.9713 0.0287 
     CK.0PLM  7 0.9807 0.0193 
     CK.0PLP  7 0.9748 0.0252 
     CK.0PLT  7 0.9862 0.0138 
     CK.0PLU  7 0.9826 0.0174 
     CK.0PLX  7 0.9752 0.0248 
     CK.0PLY  7 0.9862 0.0138 
     CK.0PM0  7 0.9834 0.0166 
     CK.0PM1  7 0.9850 0.0150 
     CK.0PM2  7 0.9792 0.0208 
     CK.0PM3  7 0.9781 0.0219 
     CK.0PM4  7 0.9712 0.0288 
     CK.0PM7  7 0.9834 0.0166 
     CK.0PM8  7 0.9851 0.0149 
     CK.0PMA  7 0.9702 0.0298 
       M2C06  7 0.9828 0.0172 
       M2C07  7 0.9872 0.0128 
       M2C08  7 0.9870 0.0130 
       M2C0A  7 0.9819 0.0181 
       M2C0C  7 0.9848 0.0152 
       M2C0E  7 0.9834 0.0166 
         h01  8 0.9828 0.0172 
         h02  8 0.9852 0.0148 
         h03  8 0.9751 0.0249 
         h04  8 0.9855 0.0145 
         h05  8 0.9794 0.0206 
         h06  8 0.9823 0.0177 
         h07  8 0.9676 0.0324 
         h08  8 0.9798 0.0202 
         h09  8 0.9816 0.0184 
         h10  8 0.9820 0.0180 
         h11  8 0.9849 0.0151 
         h12  8 0.9791 0.0209 
         h13  8 0.9829 0.0171 
         h14  8 0.9832 0.0168 
         h15  8 0.9814 0.0186 
         h16  8 0.9733 0.0267 
         h17  8 0.9845 0.0155 
         h18  8 0.9879 0.0121 
         h19  8 0.9815 0.0185 
         h20  8 0.9842 0.0158 
         h21  8 0.9839 0.0161 
         h22  8 0.9795 0.0205 
         h23  8 0.9820 0.0180 
         h24  8 0.9726 0.0274 
         h25  8 0.9773 0.0227 
         h26  8 0.9824 0.0176 
         h27  8 0.9811 0.0189 
         h28  8 0.9856 0.0144 
         h29  8 0.9840 0.0160 
         h30  8 0.9857 0.0143 
         h31  8 0.9868 0.0132 
         h32  8 0.9836 0.0164 
         h33  8 0.9787 0.0213 
         h34  8 0.9856 0.0144 
         h35  8 0.9759 0.0241 
         h36  8 0.9826 0.0174 
         h37  8 0.9670 0.0330 
         h38  8 0.9808 0.0192 
         h39  8 0.9859 0.0141 
         h40  8 0.9827 0.0173 
         h41  8 0.9849 0.0151 
         h42  8 0.9775 0.0225 
         h43  8 0.9772 0.0228 
         h44  8 0.9761 0.0239 
         h45  8 0.9791 0.0209 
         h46  8 0.9851 0.0149 
         h47  8 0.9786 0.0214 
         h48  8 0.9805 0.0195 
         h49  8 0.9799 0.0201 
         h50  8 0.9815 0.0185 
         h51  8 0.9817 0.0183 
         h52  8 0.9534 0.0466 
         h53  8 0.9859 0.0141 
         h54  8 0.9820 0.0180 
         h55  8 0.9851 0.0149 
         h56  8 0.9697 0.0303 
         h57  8 0.9791 0.0209 
         h58  8 0.9789 0.0211 
         h59  8 0.9860 0.0140 
         h60  8 0.9752 0.0248 
         h61  8 0.9480 0.0520 
         h62  8 0.9784 0.0216 
         h63  8 0.9640 0.0360 
         h64  8 0.9858 0.0142 
         h65  8 0.9811 0.0189 
         h66  8 0.9814 0.0186 
         h67  8 0.9706 0.0294 
         h68  8 0.9746 0.0254 
         h69  8 0.9841 0.0159 
         h70  8 0.9847 0.0153 
         h71  8 0.9840 0.0160 
         h72  8 0.9456 0.0544 
