       M1EL5  1 0.9725 0.0275 
       W26T6  1 0.9543 0.0457 
       W26XX  1 0.9795 0.0205 
       M013P  1 0.9751 0.0249 
       M1ELA  1 0.9564 0.0436 
       M2C73  1 0.9770 0.0230 
       W23P4  1 0.9625 0.0375 
       W247C  1 0.9706 0.0294 
       W24K1  1 0.9798 0.0202 
       W24ME  1 0.9532 0.0468 
       W2514  1 0.9752 0.0248 
       W26MA  1 0.9573 0.0427 
       W26MM  1 0.9553 0.0447 
       W26MU  1 0.9746 0.0254 
       W26P0  1 0.9785 0.0215 
       W26P3  1 0.9798 0.0202 
       W26T5  1 0.9825 0.0175 
       W26TE  1 0.9744 0.0256 
       W26TF  1 0.9270 0.0730 
       W26U8  1 0.9347 0.0653 
       W26UJ  1 0.9761 0.0239 
       W26UK  1 0.9865 0.0135 
       W26UT  1 0.9822 0.0178 
       W26XT  1 0.9509 0.0491 
      CC06H2  1 0.9420 0.0580 
      CC06H4  1 0.9553 0.0447 
      CC06H5  1 0.9725 0.0275 
      CC06H6  1 0.9844 0.0156 
      CC06HE  1 0.9782 0.0218 
      CC06HF  1 0.9429 0.0571 
      CC06HH  1 0.9789 0.0211 
      CC06HJ  1 0.9706 0.0294 
      CC06HL  1 0.9788 0.0212 
      CC06HP  1 0.9824 0.0176 
      CC06HT  1 0.9609 0.0391 
      CC06HU  1 0.9792 0.0208 
      CC06HY  1 0.9525 0.0475 
      CC06J0  1 0.9526 0.0474 
      CC06J1  1 0.9735 0.0265 
      CC06J2  1 0.9636 0.0364 
     CT.0YCY  1 0.9773 0.0227 
     CT.0YEC  1 0.9809 0.0191 
     CT.0YEF  1 0.9799 0.0201 
     CT.0YEU  1 0.9849 0.0151 
     CT.0YF2  1 0.9560 0.0440 
     CT.0YF8  1 0.9872 0.0128 
     CT.0YFA  1 0.9850 0.0150 
     CT.0YFE  1 0.9784 0.0216 
     CT.0YFP  1 0.9502 0.0498 
     CT.0YFU  1 0.9768 0.0232 
     CT.0YK7  1 0.9579 0.0421 
     CX.10PT  1 0.8877 0.1123 
      DAM021  1 0.9753 0.0247 
      DAM034  1 0.9850 0.0150 
      DAM07X  1 0.9787 0.0213 
     EF.15J6  1 0.9791 0.0209 
      HRV010  1 0.9626 0.0374 
      HRV02J  1 0.9731 0.0269 
      HRV078  1 0.9653 0.0347 
      HRV0FH  1 0.9805 0.0195 
      HRV0H5  1 0.9732 0.0268 
      HRV0JF  1 0.9771 0.0229 
      HRV0JJ  1 0.9724 0.0276 
      HRV0JM  1 0.9777 0.0223 
      HRV0K6  1 0.9123 0.0877 
      HRV0K7  1 0.9795 0.0205 
      HRV0KP  1 0.9485 0.0515 
      HRV1AX  1 0.9762 0.0238 
      HRV1C4  1 0.9825 0.0175 
      HRV1CH  1 0.9742 0.0258 
      HRV1FA  1 0.9694 0.0306 
      HRV1FK  1 0.9608 0.0392 
      HRV1H8  1 0.9768 0.0232 
      HRV1HT  1 0.9659 0.0341 
      HRV1XU  1 0.9351 0.0649 
      HRV4TF  1 0.9755 0.0245 
      HRV6F0  1 0.9671 0.0329 
      HRVE6L  1 0.9685 0.0315 
       M27HM  1 0.9783 0.0217 
       M27HP  1 0.9799 0.0201 
       M2AK4  1 0.9763 0.0237 
       M2ALA  1 0.9790 0.0210 
       M2C56  1 0.9711 0.0289 
       M2CUX  1 0.9708 0.0292 
       M2E24  1 0.9814 0.0186 
       M2EA7  1 0.9741 0.0259 
       M2EH6  1 0.9775 0.0225 
       M2EKC  1 0.9581 0.0419 
      MSV083  1 0.9459 0.0541 
      MSV084  1 0.9774 0.0226 
      MSV0LJ  1 0.9680 0.0320 
      MSV1H5  1 0.9774 0.0226 
      MSV1KM  1 0.9813 0.0187 
      MSV23F  1 0.9527 0.0473 
      MSV2L8  1 0.9740 0.0260 
      MSV2P7  1 0.9772 0.0228 
      MSV2TJ  1 0.9816 0.0184 
      MSV2XM  1 0.9629 0.0371 
      MSV327  1 0.9661 0.0339 
      MSV33L  1 0.9828 0.0172 
        h001  2 0.9164 0.0836 
        h002  2 0.9404 0.0596 
        h003  2 0.8762 0.1238 
        h004  2 0.7932 0.2068 
        h005  2 0.8387 0.1613 
        h006  2 0.8944 0.1056 
        h007  2 0.8871 0.1129 
        h008  2 0.8786 0.1214 
        h009  2 0.9738 0.0262 
        h010  2 0.9275 0.0725 
        h011  2 0.9311 0.0689 
        h012  2 0.9762 0.0238 
        h013  2 0.9824 0.0176 
        h014  2 0.8480 0.1520 
        h015  2 0.9248 0.0752 
        h016  2 0.9590 0.0410 
        h017  2 0.8516 0.1484 
        h018  2 0.9585 0.0415 
        h019  2 0.8964 0.1036 
        h020  2 0.9284 0.0716 
        h021  2 0.8221 0.1779 
        h022  2 0.9493 0.0507 
        h023  2 0.9626 0.0374 
        h024  2 0.9519 0.0481 
        h025  2 0.9112 0.0888 
        h026  2 0.9525 0.0475 
        h027  2 0.8347 0.1653 
        h028  2 0.8890 0.1110 
        h029  2 0.9533 0.0467 
        h030  2 0.9020 0.0980 
        h031  2 0.9260 0.0740 
        h032  2 0.9574 0.0426 
        h033  2 0.8646 0.1354 
        h034  2 0.9746 0.0254 
        h035  2 0.9756 0.0244 
        h036  2 0.9175 0.0825 
        h037  2 0.9420 0.0580 
        h038  2 0.7576 0.2424 
        h039  2 0.9540 0.0460 
        h040  2 0.9663 0.0337 
        h041  2 0.9506 0.0494 
        h042  2 0.9101 0.0899 
        h043  2 0.9507 0.0493 
        h044  2 0.9105 0.0895 
        h045  2 0.8496 0.1504 
        h046  2 0.9629 0.0371 
        h047  2 0.8026 0.1974 
        h048  2 0.9433 0.0567 
        h049  2 0.9708 0.0292 
        h050  2 0.9574 0.0426 
        h051  2 0.9718 0.0282 
        h052  2 0.9614 0.0386 
        h053  2 0.8812 0.1188 
        h054  2 0.9314 0.0686 
        h055  2 0.9756 0.0244 
        h056  2 0.7044 0.2956 
        h057  2 0.8871 0.1129 
        h058  2 0.9714 0.0286 
        h059  2 0.8562 0.1438 
        h060  2 0.9469 0.0531 
        h061  2 0.8941 0.1059 
        h062  2 0.8671 0.1329 
        h063  2 0.8551 0.1449 
        h064  2 0.9508 0.0492 
        h065  2 0.8030 0.1970 
        h066  2 0.9375 0.0625 
        h067  2 0.9821 0.0179 
        h068  2 0.9764 0.0236 
        h069  2 0.9198 0.0802 
        h070  2 0.9743 0.0257 
        h071  2 0.8593 0.1407 
        h072  2 0.9346 0.0654 
        h073  2 0.8955 0.1045 
        h074  2 0.9612 0.0388 
        h075  2 0.8871 0.1129 
        h076  2 0.8016 0.1984 
        h077  2 0.8678 0.1322 
        h078  2 0.9260 0.0740 
        h079  2 0.9461 0.0539 
        h080  2 0.9841 0.0159 
        h081  2 0.9099 0.0901 
        h082  2 0.8941 0.1059 
        h083  2 0.9703 0.0297 
        h084  2 0.9394 0.0606 
        h085  2 0.9431 0.0569 
        h086  2 0.9507 0.0493 
        h087  2 0.9759 0.0241 
        h088  2 0.9561 0.0439 
        h089  2 0.9357 0.0643 
        h090  2 0.8780 0.1220 
        h091  2 0.7610 0.2390 
        h092  2 0.9004 0.0996 
        h093  2 0.7912 0.2088 
        h094  2 0.9137 0.0863 
        h095  2 0.7446 0.2554 
        h096  2 0.9259 0.0741 
        h097  2 0.8723 0.1277 
        h098  2 0.9561 0.0439 
        h099  2 0.8962 0.1038 
        h100  2 0.9762 0.0238 
       h0011  3 0.9746 0.0254 
       h0021  3 0.7979 0.2021 
       h0031  3 0.5969 0.4031 
       h0041  3 0.7000 0.3000 
       h0051  3 0.6371 0.3629 
       h0061  3 0.9068 0.0932 
       h0071  3 0.5978 0.4022 
       h0081  3 0.8282 0.1718 
       h0091  3 0.9243 0.0757 
       h0101  3 0.7989 0.2011 
       h0111  3 0.8149 0.1851 
       h0121  3 0.8847 0.1153 
       h0131  3 0.7893 0.2107 
       h0141  3 0.7440 0.2560 
       h0151  3 0.8448 0.1552 
       h0161  3 0.8248 0.1752 
       h0171  3 0.7981 0.2019 
       h0181  3 0.6262 0.3738 
       h0191  3 0.6682 0.3318 
       h0201  3 0.7650 0.2350 
       h0211  3 0.6719 0.3281 
       h0221  3 0.8028 0.1972 
       h0231  3 0.9052 0.0948 
       h0241  3 0.9237 0.0763 
       h0251  3 0.8119 0.1881 
       h0261  3 0.7124 0.2876 
       h0271  3 0.9724 0.0276 
       h0281  3 0.6522 0.3478 
       h0291  3 0.7237 0.2763 
       h0301  3 0.7674 0.2326 
       h0311  3 0.9219 0.0781 
       h0321  3 0.8083 0.1917 
       h0331  3 0.6985 0.3015 
       h0341  3 0.7999 0.2001 
       h0351  3 0.7181 0.2819 
       h0361  3 0.8174 0.1826 
       h0371  3 0.6777 0.3223 
       h0381  3 0.8015 0.1985 
       h0391  3 0.7891 0.2109 
       h0401  3 0.8893 0.1107 
       h0411  3 0.8536 0.1464 
       h0421  3 0.8718 0.1282 
       h0431  3 0.9531 0.0469 
       h0441  3 0.7867 0.2133 
       h0451  3 0.8234 0.1766 
       h0461  3 0.7999 0.2001 
       h0471  3 0.7635 0.2365 
       h0481  3 0.8860 0.1140 
       h0491  3 0.7722 0.2278 
       h0501  3 0.9468 0.0532 
       h0511  3 0.7312 0.2688 
       h0521  3 0.7632 0.2368 
       h0531  3 0.5851 0.4149 
       h0541  3 0.8345 0.1655 
       h0551  3 0.7675 0.2325 
       h0561  3 0.7022 0.2978 
       h0571  3 0.8299 0.1701 
       h0581  3 0.9004 0.0996 
       h0591  3 0.6800 0.3200 
       h0601  3 0.7330 0.2670 
       h0611  3 0.7738 0.2262 
       h0621  3 0.6195 0.3805 
       h0631  3 0.9117 0.0883 
       h0641  3 0.7372 0.2628 
       h0651  3 0.6699 0.3301 
       h0661  3 0.6996 0.3004 
       h0671  3 0.8172 0.1828 
       h0681  3 0.5807 0.4193 
       h0691  3 0.7120 0.2880 
       h0701  3 0.7836 0.2164 
       h0711  3 0.9056 0.0944 
       h0721  3 0.7055 0.2945 
       h0731  3 0.8812 0.1188 
       h0741  3 0.6588 0.3412 
       h0751  3 0.7938 0.2062 
       h0761  3 0.7084 0.2916 
       h0771  3 0.9528 0.0472 
       h0781  3 0.6400 0.3600 
       h0791  3 0.8481 0.1519 
       h0801  3 0.5522 0.4478 
       h0811  3 0.9284 0.0716 
       h0821  3 0.8163 0.1837 
       h0831  3 0.8231 0.1769 
       h0841  3 0.7396 0.2604 
       h0851  3 0.8711 0.1289 
       h0861  3 0.8344 0.1656 
       h0871  3 0.5618 0.4382 
       h0881  3 0.7336 0.2664 
       h0891  3 0.6852 0.3148 
       h0901  3 0.9395 0.0605 
       h0911  3 0.8674 0.1326 
       h0921  3 0.6450 0.3550 
       h0931  3 0.7364 0.2636 
       h0941  3 0.9271 0.0729 
       h0951  3 0.7659 0.2341 
       h0961  3 0.8039 0.1961 
       h0971  3 0.8171 0.1829 
       h0981  3 0.9202 0.0798 
       h0991  3 0.7775 0.2225 
       h1001  3 0.7898 0.2102 
       h0012  4 0.4073 0.5927 
       h0022  4 0.4164 0.5836 
       h0032  4 0.5951 0.4049 
       h0042  4 0.4759 0.5241 
       h0052  4 0.6559 0.3441 
       h0062  4 0.3986 0.6014 
       h0072  4 0.5597 0.4403 
       h0082  4 0.6264 0.3736 
       h0092  4 0.4625 0.5375 
       h0102  4 0.4392 0.5608 
       h0112  4 0.6246 0.3754 
       h0122  4 0.3585 0.6415 
       h0132  4 0.5004 0.4996 
       h0142  4 0.5806 0.4194 
       h0152  4 0.3512 0.6488 
       h0162  4 0.4612 0.5388 
       h0172  4 0.4316 0.5684 
       h0182  4 0.5130 0.4870 
       h0192  4 0.5460 0.4540 
       h0202  4 0.4855 0.5145 
       h0212  4 0.4948 0.5052 
       h0222  4 0.5870 0.4130 
       h0232  4 0.4370 0.5630 
       h0242  4 0.4333 0.5667 
       h0252  4 0.5633 0.4367 
       h0262  4 0.4791 0.5209 
       h0272  4 0.4661 0.5339 
       h0282  4 0.5385 0.4615 
       h0292  4 0.5383 0.4617 
       h0302  4 0.4371 0.5629 
       h0312  4 0.4495 0.5505 
       h0322  4 0.3575 0.6425 
       h0332  4 0.6320 0.3680 
       h0342  4 0.5161 0.4839 
       h0352  4 0.5714 0.4286 
       h0362  4 0.5160 0.4840 
       h0372  4 0.4643 0.5357 
       h0382  4 0.5697 0.4303 
       h0392  4 0.4877 0.5123 
       h0402  4 0.5389 0.4611 
       h0412  4 0.4242 0.5758 
       h0422  4 0.5526 0.4474 
       h0432  4 0.5363 0.4637 
       h0442  4 0.6220 0.3780 
       h0452  4 0.5238 0.4762 
       h0462  4 0.6048 0.3952 
       h0472  4 0.4302 0.5698 
       h0482  4 0.5859 0.4141 
       h0492  4 0.3550 0.6450 
       h0502  4 0.7066 0.2934 
       h0512  4 0.5955 0.4045 
       h0522  4 0.3824 0.6176 
       h0532  4 0.4139 0.5861 
       h0542  4 0.4894 0.5106 
       h0552  4 0.5016 0.4984 
       h0562  4 0.4400 0.5600 
       h0572  4 0.5781 0.4219 
       h0582  4 0.4701 0.5299 
       h0592  4 0.5851 0.4149 
       h0602  4 0.4606 0.5394 
       h0612  4 0.5226 0.4774 
       h0622  4 0.4647 0.5353 
       h0632  4 0.6699 0.3301 
       h0642  4 0.5037 0.4963 
       h0652  4 0.4808 0.5192 
       h0662  4 0.4358 0.5642 
       h0672  4 0.4947 0.5053 
       h0682  4 0.4673 0.5327 
       h0692  4 0.5620 0.4380 
       h0702  4 0.3614 0.6386 
       h0712  4 0.5193 0.4807 
       h0722  4 0.5095 0.4905 
       h0732  4 0.5401 0.4599 
       h0742  4 0.4832 0.5168 
       h0752  4 0.6224 0.3776 
       h0762  4 0.5429 0.4571 
       h0772  4 0.5165 0.4835 
       h0782  4 0.5136 0.4864 
       h0792  4 0.5011 0.4989 
       h0802  4 0.5019 0.4981 
       h0812  4 0.5591 0.4409 
       h0822  4 0.4732 0.5268 
       h0832  4 0.5185 0.4815 
       h0842  4 0.5431 0.4569 
       h0852  4 0.4100 0.5900 
       h0862  4 0.6968 0.3032 
       h0872  4 0.3581 0.6419 
       h0882  4 0.2491 0.7509 
       h0892  4 0.5015 0.4985 
       h0902  4 0.5409 0.4591 
       h0912  4 0.3296 0.6704 
       h0922  4 0.4635 0.5365 
       h0932  4 0.4871 0.5129 
       h0942  4 0.3571 0.6429 
       h0952  4 0.6487 0.3513 
       h0962  4 0.5212 0.4788 
       h0972  4 0.3721 0.6279 
       h0982  4 0.5338 0.4662 
       h0992  4 0.4067 0.5933 
       h1002  4 0.4780 0.5220 
       h0013  5 0.3462 0.6538 
       h0023  5 0.1899 0.8101 
       h0033  5 0.2460 0.7540 
       h0043  5 0.2122 0.7878 
       h0053  5 0.2948 0.7052 
       h0063  5 0.0362 0.9638 
       h0073  5 0.2099 0.7901 
       h0083  5 0.1474 0.8526 
       h0093  5 0.1713 0.8287 
       h0103  5 0.2124 0.7876 
       h0113  5 0.0998 0.9002 
       h0123  5 0.5309 0.4691 
       h0133  5 0.2034 0.7966 
       h0143  5 0.1697 0.8303 
       h0153  5 0.1085 0.8915 
       h0163  5 0.3188 0.6812 
       h0173  5 0.2399 0.7601 
       h0183  5 0.3176 0.6824 
       h0193  5 0.2607 0.7393 
       h0203  5 0.1440 0.8560 
       h0213  5 0.0591 0.9409 
       h0223  5 0.2322 0.7678 
       h0233  5 0.0512 0.9488 
       h0243  5 0.1938 0.8062 
       h0253  5 0.3318 0.6682 
       h0263  5 0.2674 0.7326 
       h0273  5 0.2415 0.7585 
       h0283  5 0.2930 0.7070 
       h0293  5 0.2142 0.7858 
       h0303  5 0.2824 0.7176 
       h0313  5 0.2035 0.7965 
       h0323  5 0.3725 0.6275 
       h0333  5 0.1627 0.8373 
       h0343  5 0.4623 0.5377 
       h0353  5 0.4001 0.5999 
       h0363  5 0.1239 0.8761 
       h0373  5 0.0904 0.9096 
       h0383  5 0.2538 0.7462 
       h0393  5 0.0619 0.9381 
       h0403  5 0.3519 0.6481 
       h0413  5 0.3647 0.6353 
       h0423  5 0.2307 0.7693 
       h0433  5 0.2353 0.7647 
       h0443  5 0.0661 0.9339 
       h0453  5 0.2886 0.7114 
       h0463  5 0.2116 0.7884 
       h0473  5 0.3018 0.6982 
       h0483  5 0.0384 0.9616 
       h0493  5 0.4987 0.5013 
       h0503  5 0.0901 0.9099 
       h0513  5 0.2633 0.7367 
       h0523  5 0.1983 0.8017 
       h0533  5 0.1876 0.8124 
       h0543  5 0.2804 0.7196 
       h0553  5 0.2970 0.7030 
       h0563  5 0.1225 0.8775 
       h0573  5 0.4235 0.5765 
       h0583  5 0.2440 0.7560 
       h0593  5 0.1504 0.8496 
       h0603  5 0.2304 0.7696 
       h0613  5 0.1322 0.8678 
       h0623  5 0.4832 0.5168 
       h0633  5 0.3345 0.6655 
       h0643  5 0.1590 0.8410 
       h0653  5 0.2771 0.7229 
       h0663  5 0.1401 0.8599 
       h0673  5 0.0422 0.9578 
       h0683  5 0.1551 0.8449 
       h0693  5 0.1988 0.8012 
       h0703  5 0.0453 0.9547 
       h0713  5 0.0416 0.9584 
       h0723  5 0.0191 0.9809 
       h0733  5 0.3517 0.6483 
       h0743  5 0.1112 0.8888 
       h0753  5 0.2491 0.7509 
       h0763  5 0.1156 0.8844 
       h0773  5 0.2615 0.7385 
       h0783  5 0.0535 0.9465 
       h0793  5 0.2550 0.7450 
       h0803  5 0.2969 0.7031 
       h0813  5 0.2657 0.7343 
       h0823  5 0.0336 0.9664 
       h0833  5 0.3536 0.6464 
       h0843  5 0.0464 0.9536 
       h0853  5 0.3378 0.6622 
       h0863  5 0.1044 0.8956 
       h0873  5 0.2034 0.7966 
       h0883  5 0.3904 0.6096 
       h0893  5 0.3115 0.6885 
       h0903  5 0.1639 0.8361 
       h0913  5 0.2562 0.7438 
       h0923  5 0.2839 0.7161 
       h0933  5 0.1736 0.8264 
       h0943  5 0.1709 0.8291 
       h0953  5 0.2721 0.7279 
       h0963  5 0.1899 0.8101 
       h0973  5 0.1347 0.8653 
       h0983  5 0.1232 0.8768 
       h0993  5 0.1131 0.8869 
       h1003  5 0.2192 0.7808 
       h0014  6 0.0376 0.9624 
       h0024  6 0.0596 0.9404 
       h0034  6 0.1175 0.8825 
       h0044  6 0.0297 0.9703 
       h0054  6 0.0437 0.9563 
       h0064  6 0.1083 0.8917 
       h0074  6 0.0752 0.9248 
       h0084  6 0.1704 0.8296 
       h0094  6 0.0173 0.9827 
       h0104  6 0.1445 0.8555 
       h0114  6 0.0549 0.9451 
       h0124  6 0.0203 0.9797 
       h0134  6 0.1452 0.8548 
       h0144  6 0.0240 0.9760 
       h0154  6 0.0579 0.9421 
       h0164  6 0.1505 0.8495 
       h0174  6 0.0319 0.9681 
       h0184  6 0.0215 0.9785 
       h0194  6 0.1329 0.8671 
       h0204  6 0.1260 0.8740 
       h0214  6 0.1129 0.8871 
       h0224  6 0.0176 0.9824 
       h0234  6 0.0305 0.9695 
       h0244  6 0.0684 0.9316 
       h0254  6 0.0408 0.9592 
       h0264  6 0.0417 0.9583 
       h0274  6 0.1921 0.8079 
       h0284  6 0.0293 0.9707 
       h0294  6 0.0465 0.9535 
       h0304  6 0.1296 0.8704 
       h0314  6 0.0617 0.9383 
       h0324  6 0.1115 0.8885 
       h0334  6 0.2026 0.7974 
       h0344  6 0.0617 0.9383 
       h0354  6 0.1936 0.8064 
       h0364  6 0.0311 0.9689 
       h0374  6 0.0430 0.9570 
       h0384  6 0.0518 0.9482 
       h0394  6 0.0454 0.9546 
       h0404  6 0.0945 0.9055 
       h0414  6 0.2200 0.7800 
       h0424  6 0.2116 0.7884 
       h0434  6 0.0723 0.9277 
       h0444  6 0.1509 0.8491 
       h0454  6 0.0184 0.9816 
       h0464  6 0.1955 0.8045 
       h0474  6 0.0251 0.9749 
       h0484  6 0.0687 0.9313 
       h0494  6 0.0336 0.9664 
       h0504  6 0.2510 0.7490 
       h0514  6 0.1267 0.8733 
       h0524  6 0.0562 0.9438 
       h0534  6 0.0320 0.9680 
       h0544  6 0.0331 0.9669 
       h0554  6 0.0510 0.9490 
       h0564  6 0.0931 0.9069 
       h0574  6 0.0372 0.9628 
       h0584  6 0.3141 0.6859 
       h0594  6 0.0261 0.9739 
       h0604  6 0.1031 0.8969 
       h0614  6 0.1369 0.8631 
       h0624  6 0.0305 0.9695 
       h0634  6 0.0213 0.9787 
       h0644  6 0.0450 0.9550 
       h0654  6 0.0503 0.9497 
       h0664  6 0.3366 0.6634 
       h0674  6 0.2475 0.7525 
       h0684  6 0.0806 0.9194 
       h0694  6 0.1402 0.8598 
       h0704  6 0.0927 0.9073 
       h0714  6 0.1912 0.8088 
       h0724  6 0.0750 0.9250 
       h0734  6 0.0387 0.9613 
       h0744  6 0.0713 0.9287 
       h0754  6 0.1369 0.8631 
       h0764  6 0.1363 0.8637 
       h0774  6 0.1802 0.8198 
       h0784  6 0.1219 0.8781 
       h0794  6 0.1860 0.8140 
       h0804  6 0.1176 0.8824 
       h0814  6 0.0507 0.9493 
       h0824  6 0.2964 0.7036 
       h0834  6 0.0660 0.9340 
       h0844  6 0.1094 0.8906 
       h0854  6 0.0861 0.9139 
       h0864  6 0.1874 0.8126 
       h0874  6 0.0941 0.9059 
       h0884  6 0.0746 0.9254 
       h0894  6 0.0488 0.9512 
       h0904  6 0.0951 0.9049 
       h0914  6 0.0800 0.9200 
       h0924  6 0.1170 0.8830 
       h0934  6 0.0347 0.9653 
       h0944  6 0.0281 0.9719 
       h0954  6 0.0469 0.9531 
       h0964  6 0.0580 0.9420 
       h0974  6 0.0936 0.9064 
       h0984  6 0.1285 0.8715 
       h0994  6 0.2187 0.7813 
       h1004  6 0.0989 0.9011 
     CK.0PLA  7 0.0305 0.9695 
     CK.0PLC  7 0.0335 0.9665 
     CK.0PLE  7 0.0165 0.9835 
     CK.0PLF  7 0.0605 0.9395 
     CK.0PLH  7 0.0246 0.9754 
     CK.0PLJ  7 0.0257 0.9743 
     CK.0PLK  7 0.0136 0.9864 
     CK.0PLL  7 0.0289 0.9711 
     CK.0PLM  7 0.0194 0.9806 
     CK.0PLP  7 0.0252 0.9748 
     CK.0PLT  7 0.0138 0.9862 
     CK.0PLU  7 0.0174 0.9826 
     CK.0PLX  7 0.0248 0.9752 
     CK.0PLY  7 0.0138 0.9862 
     CK.0PM0  7 0.0167 0.9833 
     CK.0PM1  7 0.0150 0.9850 
     CK.0PM2  7 0.0208 0.9792 
     CK.0PM3  7 0.0218 0.9782 
     CK.0PM4  7 0.0288 0.9712 
     CK.0PM7  7 0.0166 0.9834 
     CK.0PM8  7 0.0150 0.9850 
     CK.0PMA  7 0.0298 0.9702 
       M2C06  7 0.0172 0.9828 
       M2C07  7 0.0128 0.9872 
       M2C08  7 0.0131 0.9869 
       M2C0A  7 0.0182 0.9818 
       M2C0C  7 0.0152 0.9848 
       M2C0E  7 0.0166 0.9834 
         h01  8 0.0172 0.9828 
         h02  8 0.0147 0.9853 
         h03  8 0.0247 0.9753 
         h04  8 0.0145 0.9855 
         h05  8 0.0207 0.9793 
         h06  8 0.0178 0.9822 
         h07  8 0.0325 0.9675 
         h08  8 0.0203 0.9797 
         h09  8 0.0185 0.9815 
         h10  8 0.0181 0.9819 
         h11  8 0.0151 0.9849 
         h12  8 0.0209 0.9791 
         h13  8 0.0171 0.9829 
         h14  8 0.0169 0.9831 
         h15  8 0.0187 0.9813 
         h16  8 0.0267 0.9733 
         h17  8 0.0155 0.9845 
         h18  8 0.0121 0.9879 
         h19  8 0.0185 0.9815 
         h20  8 0.0158 0.9842 
         h21  8 0.0161 0.9839 
         h22  8 0.0205 0.9795 
         h23  8 0.0180 0.9820 
         h24  8 0.0274 0.9726 
         h25  8 0.0226 0.9774 
         h26  8 0.0177 0.9823 
         h27  8 0.0189 0.9811 
         h28  8 0.0144 0.9856 
         h29  8 0.0160 0.9840 
         h30  8 0.0143 0.9857 
         h31  8 0.0132 0.9868 
         h32  8 0.0164 0.9836 
         h33  8 0.0213 0.9787 
         h34  8 0.0144 0.9856 
         h35  8 0.0242 0.9758 
         h36  8 0.0174 0.9826 
         h37  8 0.0330 0.9670 
         h38  8 0.0192 0.9808 
         h39  8 0.0142 0.9858 
         h40  8 0.0174 0.9826 
         h41  8 0.0151 0.9849 
         h42  8 0.0226 0.9774 
         h43  8 0.0228 0.9772 
         h44  8 0.0239 0.9761 
         h45  8 0.0209 0.9791 
         h46  8 0.0149 0.9851 
         h47  8 0.0215 0.9785 
         h48  8 0.0196 0.9804 
         h49  8 0.0200 0.9800 
         h50  8 0.0185 0.9815 
         h51  8 0.0183 0.9817 
         h52  8 0.0468 0.9532 
         h53  8 0.0141 0.9859 
         h54  8 0.0180 0.9820 
         h55  8 0.0149 0.9851 
         h56  8 0.0302 0.9698 
         h57  8 0.0210 0.9790 
         h58  8 0.0211 0.9789 
         h59  8 0.0140 0.9860 
         h60  8 0.0249 0.9751 
         h61  8 0.0521 0.9479 
         h62  8 0.0218 0.9782 
         h63  8 0.0361 0.9639 
         h64  8 0.0142 0.9858 
         h65  8 0.0189 0.9811 
         h66  8 0.0186 0.9814 
         h67  8 0.0296 0.9704 
         h68  8 0.0254 0.9746 
         h69  8 0.0159 0.9841 
         h70  8 0.0154 0.9846 
         h71  8 0.0161 0.9839 
         h72  8 0.0542 0.9458 
