       M1EL5  1 0.9726 0.0274 
       W26T6  1 0.9545 0.0455 
       W26XX  1 0.9795 0.0205 
       M013P  1 0.9753 0.0247 
       M1ELA  1 0.9566 0.0434 
       M2C73  1 0.9770 0.0230 
       W23P4  1 0.9628 0.0372 
       W247C  1 0.9706 0.0294 
       W24K1  1 0.9798 0.0202 
       W24ME  1 0.9534 0.0466 
       W2514  1 0.9753 0.0247 
       W26MA  1 0.9575 0.0425 
       W26MM  1 0.9554 0.0446 
       W26MU  1 0.9747 0.0253 
       W26P0  1 0.9785 0.0215 
       W26P3  1 0.9797 0.0203 
       W26T5  1 0.9825 0.0175 
       W26TE  1 0.9745 0.0255 
       W26TF  1 0.9272 0.0728 
       W26U8  1 0.9352 0.0648 
       W26UJ  1 0.9761 0.0239 
       W26UK  1 0.9865 0.0135 
       W26UT  1 0.9822 0.0178 
       W26XT  1 0.9511 0.0489 
      CC06H2  1 0.9421 0.0579 
      CC06H4  1 0.9555 0.0445 
      CC06H5  1 0.9726 0.0274 
      CC06H6  1 0.9845 0.0155 
      CC06HE  1 0.9783 0.0217 
      CC06HF  1 0.9432 0.0568 
      CC06HH  1 0.9790 0.0210 
      CC06HJ  1 0.9708 0.0292 
      CC06HL  1 0.9789 0.0211 
      CC06HP  1 0.9825 0.0175 
      CC06HT  1 0.9612 0.0388 
      CC06HU  1 0.9793 0.0207 
      CC06HY  1 0.9530 0.0470 
      CC06J0  1 0.9529 0.0471 
      CC06J1  1 0.9736 0.0264 
      CC06J2  1 0.9637 0.0363 
     CT.0YCY  1 0.9774 0.0226 
     CT.0YEC  1 0.9811 0.0189 
     CT.0YEF  1 0.9799 0.0201 
     CT.0YEU  1 0.9849 0.0151 
     CT.0YF2  1 0.9562 0.0438 
     CT.0YF8  1 0.9872 0.0128 
     CT.0YFA  1 0.9850 0.0150 
     CT.0YFE  1 0.9783 0.0217 
     CT.0YFP  1 0.9509 0.0491 
     CT.0YFU  1 0.9770 0.0230 
     CT.0YK7  1 0.9580 0.0420 
     CX.10PT  1 0.8880 0.1120 
      DAM021  1 0.9753 0.0247 
      DAM034  1 0.9851 0.0149 
      DAM07X  1 0.9787 0.0213 
     EF.15J6  1 0.9792 0.0208 
      HRV010  1 0.9627 0.0373 
      HRV02J  1 0.9732 0.0268 
      HRV078  1 0.9653 0.0347 
      HRV0FH  1 0.9806 0.0194 
      HRV0H5  1 0.9733 0.0267 
      HRV0JF  1 0.9772 0.0228 
      HRV0JJ  1 0.9726 0.0274 
      HRV0JM  1 0.9777 0.0223 
      HRV0K6  1 0.9127 0.0873 
      HRV0K7  1 0.9795 0.0205 
      HRV0KP  1 0.9487 0.0513 
      HRV1AX  1 0.9764 0.0236 
      HRV1C4  1 0.9826 0.0174 
      HRV1CH  1 0.9743 0.0257 
      HRV1FA  1 0.9696 0.0304 
      HRV1FK  1 0.9610 0.0390 
      HRV1H8  1 0.9768 0.0232 
      HRV1HT  1 0.9662 0.0338 
      HRV1XU  1 0.9354 0.0646 
      HRV4TF  1 0.9756 0.0244 
      HRV6F0  1 0.9671 0.0329 
      HRVE6L  1 0.9685 0.0315 
       M27HM  1 0.9785 0.0215 
       M27HP  1 0.9799 0.0201 
       M2AK4  1 0.9765 0.0235 
       M2ALA  1 0.9791 0.0209 
       M2C56  1 0.9712 0.0288 
       M2CUX  1 0.9708 0.0292 
       M2E24  1 0.9815 0.0185 
       M2EA7  1 0.9742 0.0258 
       M2EH6  1 0.9775 0.0225 
       M2EKC  1 0.9585 0.0415 
      MSV083  1 0.9461 0.0539 
      MSV084  1 0.9775 0.0225 
      MSV0LJ  1 0.9681 0.0319 
      MSV1H5  1 0.9775 0.0225 
      MSV1KM  1 0.9814 0.0186 
      MSV23F  1 0.9529 0.0471 
      MSV2L8  1 0.9740 0.0260 
      MSV2P7  1 0.9772 0.0228 
      MSV2TJ  1 0.9817 0.0183 
      MSV2XM  1 0.9630 0.0370 
      MSV327  1 0.9661 0.0339 
      MSV33L  1 0.9829 0.0171 
        h001  2 0.9172 0.0828 
        h002  2 0.9407 0.0593 
        h003  2 0.8763 0.1237 
        h004  2 0.7939 0.2061 
        h005  2 0.8397 0.1603 
        h006  2 0.8954 0.1046 
        h007  2 0.8874 0.1126 
        h008  2 0.8793 0.1207 
        h009  2 0.9739 0.0261 
        h010  2 0.9281 0.0719 
        h011  2 0.9314 0.0686 
        h012  2 0.9763 0.0237 
        h013  2 0.9825 0.0175 
        h014  2 0.8488 0.1512 
        h015  2 0.9252 0.0748 
        h016  2 0.9593 0.0407 
        h017  2 0.8524 0.1476 
        h018  2 0.9588 0.0412 
        h019  2 0.8971 0.1029 
        h020  2 0.9289 0.0711 
        h021  2 0.8230 0.1770 
        h022  2 0.9499 0.0501 
        h023  2 0.9630 0.0370 
        h024  2 0.9522 0.0478 
        h025  2 0.9116 0.0884 
        h026  2 0.9529 0.0471 
        h027  2 0.8353 0.1647 
        h028  2 0.8898 0.1102 
        h029  2 0.9540 0.0460 
        h030  2 0.9027 0.0973 
        h031  2 0.9262 0.0738 
        h032  2 0.9576 0.0424 
        h033  2 0.8652 0.1348 
        h034  2 0.9748 0.0252 
        h035  2 0.9757 0.0243 
        h036  2 0.9184 0.0816 
        h037  2 0.9421 0.0579 
        h038  2 0.7584 0.2416 
        h039  2 0.9541 0.0459 
        h040  2 0.9664 0.0336 
        h041  2 0.9509 0.0491 
        h042  2 0.9108 0.0892 
        h043  2 0.9505 0.0495 
        h044  2 0.9112 0.0888 
        h045  2 0.8500 0.1500 
        h046  2 0.9629 0.0371 
        h047  2 0.8033 0.1967 
        h048  2 0.9436 0.0564 
        h049  2 0.9711 0.0289 
        h050  2 0.9577 0.0423 
        h051  2 0.9719 0.0281 
        h052  2 0.9616 0.0384 
        h053  2 0.8824 0.1176 
        h054  2 0.9318 0.0682 
        h055  2 0.9758 0.0242 
        h056  2 0.7046 0.2954 
        h057  2 0.8875 0.1125 
        h058  2 0.9715 0.0285 
        h059  2 0.8579 0.1421 
        h060  2 0.9471 0.0529 
        h061  2 0.8950 0.1050 
        h062  2 0.8684 0.1316 
        h063  2 0.8550 0.1450 
        h064  2 0.9512 0.0488 
        h065  2 0.8038 0.1962 
        h066  2 0.9381 0.0619 
        h067  2 0.9821 0.0179 
        h068  2 0.9766 0.0234 
        h069  2 0.9202 0.0798 
        h070  2 0.9744 0.0256 
        h071  2 0.8600 0.1400 
        h072  2 0.9350 0.0650 
        h073  2 0.8964 0.1036 
        h074  2 0.9614 0.0386 
        h075  2 0.8882 0.1118 
        h076  2 0.8030 0.1970 
        h077  2 0.8696 0.1304 
        h078  2 0.9263 0.0737 
        h079  2 0.9465 0.0535 
        h080  2 0.9842 0.0158 
        h081  2 0.9107 0.0893 
        h082  2 0.8955 0.1045 
        h083  2 0.9704 0.0296 
        h084  2 0.9396 0.0604 
        h085  2 0.9437 0.0563 
        h086  2 0.9511 0.0489 
        h087  2 0.9760 0.0240 
        h088  2 0.9565 0.0435 
        h089  2 0.9359 0.0641 
        h090  2 0.8783 0.1217 
        h091  2 0.7616 0.2384 
        h092  2 0.9012 0.0988 
        h093  2 0.7912 0.2088 
        h094  2 0.9145 0.0855 
        h095  2 0.7449 0.2551 
        h096  2 0.9266 0.0734 
        h097  2 0.8733 0.1267 
        h098  2 0.9561 0.0439 
        h099  2 0.8973 0.1027 
        h100  2 0.9764 0.0236 
       h0011  3 0.9748 0.0252 
       h0021  3 0.7986 0.2014 
       h0031  3 0.5972 0.4028 
       h0041  3 0.7007 0.2993 
       h0051  3 0.6376 0.3624 
       h0061  3 0.9073 0.0927 
       h0071  3 0.5980 0.4020 
       h0081  3 0.8290 0.1710 
       h0091  3 0.9244 0.0756 
       h0101  3 0.8000 0.2000 
       h0111  3 0.8161 0.1839 
       h0121  3 0.8857 0.1143 
       h0131  3 0.7909 0.2091 
       h0141  3 0.7446 0.2554 
       h0151  3 0.8457 0.1543 
       h0161  3 0.8259 0.1741 
       h0171  3 0.7997 0.2003 
       h0181  3 0.6273 0.3727 
       h0191  3 0.6684 0.3316 
       h0201  3 0.7657 0.2343 
       h0211  3 0.6739 0.3261 
       h0221  3 0.8039 0.1961 
       h0231  3 0.9060 0.0940 
       h0241  3 0.9240 0.0760 
       h0251  3 0.8134 0.1866 
       h0261  3 0.7132 0.2868 
       h0271  3 0.9725 0.0275 
       h0281  3 0.6523 0.3477 
       h0291  3 0.7240 0.2760 
       h0301  3 0.7687 0.2313 
       h0311  3 0.9224 0.0776 
       h0321  3 0.8089 0.1911 
       h0331  3 0.6993 0.3007 
       h0341  3 0.8013 0.1987 
       h0351  3 0.7188 0.2812 
       h0361  3 0.8181 0.1819 
       h0371  3 0.6780 0.3220 
       h0381  3 0.8028 0.1972 
       h0391  3 0.7899 0.2101 
       h0401  3 0.8899 0.1101 
       h0411  3 0.8541 0.1459 
       h0421  3 0.8726 0.1274 
       h0431  3 0.9536 0.0464 
       h0441  3 0.7880 0.2120 
       h0451  3 0.8243 0.1757 
       h0461  3 0.7998 0.2002 
       h0471  3 0.7646 0.2354 
       h0481  3 0.8872 0.1128 
       h0491  3 0.7738 0.2262 
       h0501  3 0.9476 0.0524 
       h0511  3 0.7322 0.2678 
       h0521  3 0.7648 0.2352 
       h0531  3 0.5859 0.4141 
       h0541  3 0.8360 0.1640 
       h0551  3 0.7680 0.2320 
       h0561  3 0.7028 0.2972 
       h0571  3 0.8310 0.1690 
       h0581  3 0.9013 0.0987 
       h0591  3 0.6808 0.3192 
       h0601  3 0.7332 0.2668 
       h0611  3 0.7752 0.2248 
       h0621  3 0.6200 0.3800 
       h0631  3 0.9123 0.0877 
       h0641  3 0.7377 0.2623 
       h0651  3 0.6704 0.3296 
       h0661  3 0.6998 0.3002 
       h0671  3 0.8174 0.1826 
       h0681  3 0.5811 0.4189 
       h0691  3 0.7129 0.2871 
       h0701  3 0.7844 0.2156 
       h0711  3 0.9061 0.0939 
       h0721  3 0.7067 0.2933 
       h0731  3 0.8819 0.1181 
       h0741  3 0.6590 0.3410 
       h0751  3 0.7950 0.2050 
       h0761  3 0.7091 0.2909 
       h0771  3 0.9532 0.0468 
       h0781  3 0.6406 0.3594 
       h0791  3 0.8489 0.1511 
       h0801  3 0.5528 0.4472 
       h0811  3 0.9286 0.0714 
       h0821  3 0.8174 0.1826 
       h0831  3 0.8242 0.1758 
       h0841  3 0.7399 0.2601 
       h0851  3 0.8718 0.1282 
       h0861  3 0.8351 0.1649 
       h0871  3 0.5623 0.4377 
       h0881  3 0.7342 0.2658 
       h0891  3 0.6859 0.3141 
       h0901  3 0.9396 0.0604 
       h0911  3 0.8680 0.1320 
       h0921  3 0.6448 0.3552 
       h0931  3 0.7376 0.2624 
       h0941  3 0.9274 0.0726 
       h0951  3 0.7660 0.2340 
       h0961  3 0.8047 0.1953 
       h0971  3 0.8177 0.1823 
       h0981  3 0.9209 0.0791 
       h0991  3 0.7779 0.2221 
       h1001  3 0.7899 0.2101 
       h0012  4 0.4072 0.5928 
       h0022  4 0.4165 0.5835 
       h0032  4 0.5956 0.4044 
       h0042  4 0.4761 0.5239 
       h0052  4 0.6566 0.3434 
       h0062  4 0.3988 0.6012 
       h0072  4 0.5603 0.4397 
       h0082  4 0.6275 0.3725 
       h0092  4 0.4633 0.5367 
       h0102  4 0.4399 0.5601 
       h0112  4 0.6251 0.3749 
       h0122  4 0.3587 0.6413 
       h0132  4 0.5007 0.4993 
       h0142  4 0.5810 0.4190 
       h0152  4 0.3514 0.6486 
       h0162  4 0.4612 0.5388 
       h0172  4 0.4316 0.5684 
       h0182  4 0.5131 0.4869 
       h0192  4 0.5463 0.4537 
       h0202  4 0.4861 0.5139 
       h0212  4 0.4956 0.5044 
       h0222  4 0.5873 0.4127 
       h0232  4 0.4373 0.5627 
       h0242  4 0.4335 0.5665 
       h0252  4 0.5642 0.4358 
       h0262  4 0.4793 0.5207 
       h0272  4 0.4661 0.5339 
       h0282  4 0.5387 0.4613 
       h0292  4 0.5384 0.4616 
       h0302  4 0.4379 0.5621 
       h0312  4 0.4501 0.5499 
       h0322  4 0.3577 0.6423 
       h0332  4 0.6326 0.3674 
       h0342  4 0.5163 0.4837 
       h0352  4 0.5720 0.4280 
       h0362  4 0.5162 0.4838 
       h0372  4 0.4645 0.5355 
       h0382  4 0.5693 0.4307 
       h0392  4 0.4878 0.5122 
       h0402  4 0.5394 0.4606 
       h0412  4 0.4243 0.5757 
       h0422  4 0.5528 0.4472 
       h0432  4 0.5371 0.4629 
       h0442  4 0.6229 0.3771 
       h0452  4 0.5242 0.4758 
       h0462  4 0.6053 0.3947 
       h0472  4 0.4301 0.5699 
       h0482  4 0.5862 0.4138 
       h0492  4 0.3548 0.6452 
       h0502  4 0.7075 0.2925 
       h0512  4 0.5960 0.4040 
       h0522  4 0.3827 0.6173 
       h0532  4 0.4140 0.5860 
       h0542  4 0.4897 0.5103 
       h0552  4 0.5024 0.4976 
       h0562  4 0.4406 0.5594 
       h0572  4 0.5792 0.4208 
       h0582  4 0.4708 0.5292 
       h0592  4 0.5853 0.4147 
       h0602  4 0.4606 0.5394 
       h0612  4 0.5229 0.4771 
       h0622  4 0.4648 0.5352 
       h0632  4 0.6705 0.3295 
       h0642  4 0.5042 0.4958 
       h0652  4 0.4811 0.5189 
       h0662  4 0.4360 0.5640 
       h0672  4 0.4951 0.5049 
       h0682  4 0.4681 0.5319 
       h0692  4 0.5625 0.4375 
       h0702  4 0.3617 0.6383 
       h0712  4 0.5197 0.4803 
       h0722  4 0.5100 0.4900 
       h0732  4 0.5402 0.4598 
       h0742  4 0.4835 0.5165 
       h0752  4 0.6233 0.3767 
       h0762  4 0.5437 0.4563 
       h0772  4 0.5171 0.4829 
       h0782  4 0.5133 0.4867 
       h0792  4 0.5015 0.4985 
       h0802  4 0.5023 0.4977 
       h0812  4 0.5591 0.4409 
       h0822  4 0.4737 0.5263 
       h0832  4 0.5191 0.4809 
       h0842  4 0.5435 0.4565 
       h0852  4 0.4103 0.5897 
       h0862  4 0.6975 0.3025 
       h0872  4 0.3581 0.6419 
       h0882  4 0.2492 0.7508 
       h0892  4 0.5017 0.4983 
       h0902  4 0.5412 0.4588 
       h0912  4 0.3303 0.6697 
       h0922  4 0.4637 0.5363 
       h0932  4 0.4874 0.5126 
       h0942  4 0.3571 0.6429 
       h0952  4 0.6494 0.3506 
       h0962  4 0.5215 0.4785 
       h0972  4 0.3724 0.6276 
       h0982  4 0.5339 0.4661 
       h0992  4 0.4070 0.5930 
       h1002  4 0.4784 0.5216 
       h0013  5 0.3463 0.6537 
       h0023  5 0.1897 0.8103 
       h0033  5 0.2462 0.7538 
       h0043  5 0.2123 0.7877 
       h0053  5 0.2948 0.7052 
       h0063  5 0.0361 0.9639 
       h0073  5 0.2096 0.7904 
       h0083  5 0.1473 0.8527 
       h0093  5 0.1713 0.8287 
       h0103  5 0.2122 0.7878 
       h0113  5 0.0993 0.9007 
       h0123  5 0.5317 0.4683 
       h0133  5 0.2033 0.7967 
       h0143  5 0.1688 0.8312 
       h0153  5 0.1084 0.8916 
       h0163  5 0.3191 0.6809 
       h0173  5 0.2402 0.7598 
       h0183  5 0.3175 0.6825 
       h0193  5 0.2607 0.7393 
       h0203  5 0.1441 0.8559 
       h0213  5 0.0590 0.9410 
       h0223  5 0.2324 0.7676 
       h0233  5 0.0510 0.9490 
       h0243  5 0.1946 0.8054 
       h0253  5 0.3320 0.6680 
       h0263  5 0.2672 0.7328 
       h0273  5 0.2413 0.7587 
       h0283  5 0.2930 0.7070 
       h0293  5 0.2140 0.7860 
       h0303  5 0.2824 0.7176 
       h0313  5 0.2032 0.7968 
       h0323  5 0.3728 0.6272 
       h0333  5 0.1626 0.8374 
       h0343  5 0.4626 0.5374 
       h0353  5 0.3999 0.6001 
       h0363  5 0.1240 0.8760 
       h0373  5 0.0902 0.9098 
       h0383  5 0.2540 0.7460 
       h0393  5 0.0619 0.9381 
       h0403  5 0.3521 0.6479 
       h0413  5 0.3651 0.6349 
       h0423  5 0.2304 0.7696 
       h0433  5 0.2351 0.7649 
       h0443  5 0.0659 0.9341 
       h0453  5 0.2884 0.7116 
       h0463  5 0.2117 0.7883 
       h0473  5 0.3020 0.6980 
       h0483  5 0.0383 0.9617 
       h0493  5 0.4985 0.5015 
       h0503  5 0.0902 0.9098 
       h0513  5 0.2635 0.7365 
       h0523  5 0.1983 0.8017 
       h0533  5 0.1882 0.8118 
       h0543  5 0.2806 0.7194 
       h0553  5 0.2970 0.7030 
       h0563  5 0.1224 0.8776 
       h0573  5 0.4236 0.5764 
       h0583  5 0.2442 0.7558 
       h0593  5 0.1501 0.8499 
       h0603  5 0.2304 0.7696 
       h0613  5 0.1322 0.8678 
       h0623  5 0.4839 0.5161 
       h0633  5 0.3346 0.6654 
       h0643  5 0.1594 0.8406 
       h0653  5 0.2772 0.7228 
       h0663  5 0.1400 0.8600 
       h0673  5 0.0420 0.9580 
       h0683  5 0.1544 0.8456 
       h0693  5 0.1989 0.8011 
       h0703  5 0.0450 0.9550 
       h0713  5 0.0414 0.9586 
       h0723  5 0.0190 0.9810 
       h0733  5 0.3515 0.6485 
       h0743  5 0.1106 0.8894 
       h0753  5 0.2495 0.7505 
       h0763  5 0.1151 0.8849 
       h0773  5 0.2616 0.7384 
       h0783  5 0.0531 0.9469 
       h0793  5 0.2552 0.7448 
       h0803  5 0.2973 0.7027 
       h0813  5 0.2659 0.7341 
       h0823  5 0.0334 0.9666 
       h0833  5 0.3538 0.6462 
       h0843  5 0.0465 0.9535 
       h0853  5 0.3376 0.6624 
       h0863  5 0.1041 0.8959 
       h0873  5 0.2035 0.7965 
       h0883  5 0.3908 0.6092 
       h0893  5 0.3116 0.6884 
       h0903  5 0.1634 0.8366 
       h0913  5 0.2562 0.7438 
       h0923  5 0.2841 0.7159 
       h0933  5 0.1734 0.8266 
       h0943  5 0.1709 0.8291 
       h0953  5 0.2719 0.7281 
       h0963  5 0.1900 0.8100 
       h0973  5 0.1346 0.8654 
       h0983  5 0.1227 0.8773 
       h0993  5 0.1132 0.8868 
       h1003  5 0.2192 0.7808 
       h0014  6 0.0375 0.9625 
       h0024  6 0.0597 0.9403 
       h0034  6 0.1167 0.8833 
       h0044  6 0.0297 0.9703 
       h0054  6 0.0435 0.9565 
       h0064  6 0.1085 0.8915 
       h0074  6 0.0752 0.9248 
       h0084  6 0.1702 0.8298 
       h0094  6 0.0173 0.9827 
       h0104  6 0.1442 0.8558 
       h0114  6 0.0548 0.9452 
       h0124  6 0.0203 0.9797 
       h0134  6 0.1453 0.8547 
       h0144  6 0.0239 0.9761 
       h0154  6 0.0581 0.9419 
       h0164  6 0.1504 0.8496 
       h0174  6 0.0318 0.9682 
       h0184  6 0.0215 0.9785 
       h0194  6 0.1326 0.8674 
       h0204  6 0.1255 0.8745 
       h0214  6 0.1130 0.8870 
       h0224  6 0.0176 0.9824 
       h0234  6 0.0306 0.9694 
       h0244  6 0.0680 0.9320 
       h0254  6 0.0408 0.9592 
       h0264  6 0.0416 0.9584 
       h0274  6 0.1919 0.8081 
       h0284  6 0.0293 0.9707 
       h0294  6 0.0465 0.9535 
       h0304  6 0.1297 0.8703 
       h0314  6 0.0613 0.9387 
       h0324  6 0.1116 0.8884 
       h0334  6 0.2028 0.7972 
       h0344  6 0.0614 0.9386 
       h0354  6 0.1937 0.8063 
       h0364  6 0.0311 0.9689 
       h0374  6 0.0430 0.9570 
       h0384  6 0.0518 0.9482 
       h0394  6 0.0455 0.9545 
       h0404  6 0.0944 0.9056 
       h0414  6 0.2203 0.7797 
       h0424  6 0.2107 0.7893 
       h0434  6 0.0722 0.9278 
       h0444  6 0.1508 0.8492 
       h0454  6 0.0184 0.9816 
       h0464  6 0.1960 0.8040 
       h0474  6 0.0249 0.9751 
       h0484  6 0.0690 0.9310 
       h0494  6 0.0335 0.9665 
       h0504  6 0.2511 0.7489 
       h0514  6 0.1267 0.8733 
       h0524  6 0.0563 0.9437 
       h0534  6 0.0323 0.9677 
       h0544  6 0.0332 0.9668 
       h0554  6 0.0509 0.9491 
       h0564  6 0.0935 0.9065 
       h0574  6 0.0372 0.9628 
       h0584  6 0.3143 0.6857 
       h0594  6 0.0260 0.9740 
       h0604  6 0.1029 0.8971 
       h0614  6 0.1370 0.8630 
       h0624  6 0.0303 0.9697 
       h0634  6 0.0212 0.9788 
       h0644  6 0.0448 0.9552 
       h0654  6 0.0502 0.9498 
       h0664  6 0.3366 0.6634 
       h0674  6 0.2478 0.7522 
       h0684  6 0.0807 0.9193 
       h0694  6 0.1399 0.8601 
       h0704  6 0.0924 0.9076 
       h0714  6 0.1917 0.8083 
       h0724  6 0.0757 0.9243 
       h0734  6 0.0386 0.9614 
       h0744  6 0.0710 0.9290 
       h0754  6 0.1365 0.8635 
       h0764  6 0.1363 0.8637 
       h0774  6 0.1802 0.8198 
       h0784  6 0.1221 0.8779 
       h0794  6 0.1862 0.8138 
       h0804  6 0.1182 0.8818 
       h0814  6 0.0506 0.9494 
       h0824  6 0.2962 0.7038 
       h0834  6 0.0659 0.9341 
       h0844  6 0.1095 0.8905 
       h0854  6 0.0857 0.9143 
       h0864  6 0.1876 0.8124 
       h0874  6 0.0941 0.9059 
       h0884  6 0.0740 0.9260 
       h0894  6 0.0488 0.9512 
       h0904  6 0.0951 0.9049 
       h0914  6 0.0798 0.9202 
       h0924  6 0.1170 0.8830 
       h0934  6 0.0345 0.9655 
       h0944  6 0.0284 0.9716 
       h0954  6 0.0465 0.9535 
       h0964  6 0.0579 0.9421 
       h0974  6 0.0933 0.9067 
       h0984  6 0.1287 0.8713 
       h0994  6 0.2185 0.7815 
       h1004  6 0.0988 0.9012 
     CK.0PLA  7 0.0303 0.9697 
     CK.0PLC  7 0.0335 0.9665 
     CK.0PLE  7 0.0165 0.9835 
     CK.0PLF  7 0.0603 0.9397 
     CK.0PLH  7 0.0245 0.9755 
     CK.0PLJ  7 0.0258 0.9742 
     CK.0PLK  7 0.0136 0.9864 
     CK.0PLL  7 0.0289 0.9711 
     CK.0PLM  7 0.0194 0.9806 
     CK.0PLP  7 0.0253 0.9747 
     CK.0PLT  7 0.0138 0.9862 
     CK.0PLU  7 0.0174 0.9826 
     CK.0PLX  7 0.0248 0.9752 
     CK.0PLY  7 0.0137 0.9863 
     CK.0PM0  7 0.0167 0.9833 
     CK.0PM1  7 0.0150 0.9850 
     CK.0PM2  7 0.0208 0.9792 
     CK.0PM3  7 0.0218 0.9782 
     CK.0PM4  7 0.0287 0.9713 
     CK.0PM7  7 0.0166 0.9834 
     CK.0PM8  7 0.0150 0.9850 
     CK.0PMA  7 0.0297 0.9703 
       M2C06  7 0.0172 0.9828 
       M2C07  7 0.0127 0.9873 
       M2C08  7 0.0131 0.9869 
       M2C0A  7 0.0181 0.9819 
       M2C0C  7 0.0151 0.9849 
       M2C0E  7 0.0166 0.9834 
         h01  8 0.0171 0.9829 
         h02  8 0.0148 0.9852 
         h03  8 0.0248 0.9752 
         h04  8 0.0145 0.9855 
         h05  8 0.0206 0.9794 
         h06  8 0.0177 0.9823 
         h07  8 0.0325 0.9675 
         h08  8 0.0202 0.9798 
         h09  8 0.0184 0.9816 
         h10  8 0.0180 0.9820 
         h11  8 0.0151 0.9849 
         h12  8 0.0209 0.9791 
         h13  8 0.0171 0.9829 
         h14  8 0.0168 0.9832 
         h15  8 0.0186 0.9814 
         h16  8 0.0266 0.9734 
         h17  8 0.0155 0.9845 
         h18  8 0.0120 0.9880 
         h19  8 0.0185 0.9815 
         h20  8 0.0158 0.9842 
         h21  8 0.0160 0.9840 
         h22  8 0.0204 0.9796 
         h23  8 0.0180 0.9820 
         h24  8 0.0273 0.9727 
         h25  8 0.0225 0.9775 
         h26  8 0.0176 0.9824 
         h27  8 0.0189 0.9811 
         h28  8 0.0144 0.9856 
         h29  8 0.0160 0.9840 
         h30  8 0.0143 0.9857 
         h31  8 0.0132 0.9868 
         h32  8 0.0164 0.9836 
         h33  8 0.0213 0.9787 
         h34  8 0.0144 0.9856 
         h35  8 0.0242 0.9758 
         h36  8 0.0174 0.9826 
         h37  8 0.0330 0.9670 
         h38  8 0.0192 0.9808 
         h39  8 0.0141 0.9859 
         h40  8 0.0174 0.9826 
         h41  8 0.0151 0.9849 
         h42  8 0.0224 0.9776 
         h43  8 0.0228 0.9772 
         h44  8 0.0240 0.9760 
         h45  8 0.0209 0.9791 
         h46  8 0.0149 0.9851 
         h47  8 0.0214 0.9786 
         h48  8 0.0195 0.9805 
         h49  8 0.0201 0.9799 
         h50  8 0.0185 0.9815 
         h51  8 0.0183 0.9817 
         h52  8 0.0466 0.9534 
         h53  8 0.0141 0.9859 
         h54  8 0.0180 0.9820 
         h55  8 0.0149 0.9851 
         h56  8 0.0302 0.9698 
         h57  8 0.0209 0.9791 
         h58  8 0.0211 0.9789 
         h59  8 0.0140 0.9860 
         h60  8 0.0248 0.9752 
         h61  8 0.0518 0.9482 
         h62  8 0.0218 0.9782 
         h63  8 0.0360 0.9640 
         h64  8 0.0142 0.9858 
         h65  8 0.0188 0.9812 
         h66  8 0.0186 0.9814 
         h67  8 0.0294 0.9706 
         h68  8 0.0253 0.9747 
         h69  8 0.0159 0.9841 
         h70  8 0.0154 0.9846 
         h71  8 0.0160 0.9840 
         h72  8 0.0544 0.9456 
