1:	0.9823 0.0064 0.0037 0.0034 0.0042 	100
2:	0.9849 0.0047 0.0035 0.0035 0.0035 	250
3:	0.4565 0.0052 0.4912 0.0133 0.0338 	6
4:	0.0649 0.0085 0.8517 0.0025 0.0725 	2
5:	0.0679 0.0110 0.8794 0.0135 0.0281 	42
6:	0.0030 0.0142 0.9367 0.0310 0.0150 	105
7:	0.0067 0.0058 0.9672 0.0129 0.0075 	240
8:	0.0068 0.0112 0.9372 0.0079 0.0368 	68
9:	0.0040 0.0094 0.9747 0.0040 0.0078 	31
10:	0.0029 0.0058 0.9778 0.0040 0.0095 	125
11:	0.0053 0.0175 0.9563 0.0047 0.0163 	53
12:	0.0054 0.0088 0.9633 0.0042 0.0183 	125
13:	0.0016 0.0020 0.0024 0.9919 0.0020 	28
14:	0.0016 0.0020 0.0023 0.9920 0.0022 	300
15:	0.0017 0.9893 0.0025 0.0021 0.0044 	27
16:	0.0017 0.9915 0.0020 0.0020 0.0028 	300
17:	0.0023 0.0057 0.0052 0.0039 0.9830 	40
18:	0.0021 0.0045 0.0045 0.0044 0.9845 	300
