       M1EL5  1 0.0339 0.9661 
       W26T6  1 0.0697 0.9303 
       W26XX  1 0.0215 0.9785 
       M013P  1 0.0176 0.9824 
       M1ELA  1 0.0697 0.9303 
       M2C73  1 0.0254 0.9746 
       W23P4  1 0.0835 0.9165 
       W247C  1 0.0196 0.9804 
       W24K1  1 0.0190 0.9810 
       W24ME  1 0.0703 0.9297 
       W2514  1 0.0303 0.9697 
       W26MA  1 0.0322 0.9678 
       W26MM  1 0.0203 0.9797 
       W26MU  1 0.0326 0.9674 
       W26P0  1 0.0333 0.9667 
       W26P3  1 0.0147 0.9853 
       W26T5  1 0.0184 0.9816 
       W26TE  1 0.0348 0.9652 
       W26TF  1 0.0190 0.9810 
       W26U8  1 0.0551 0.9449 
       W26UJ  1 0.0175 0.9825 
       W26UK  1 0.0153 0.9847 
       W26UT  1 0.0160 0.9840 
       W26XT  1 0.0174 0.9826 
      CC06H2  1 0.0435 0.9565 
      CC06H4  1 0.0325 0.9675 
      CC06H5  1 0.0661 0.9339 
      CC06H6  1 0.0251 0.9749 
      CC06HE  1 0.0191 0.9809 
      CC06HF  1 0.0495 0.9505 
      CC06HH  1 0.0188 0.9812 
      CC06HJ  1 0.0515 0.9485 
      CC06HL  1 0.0151 0.9849 
      CC06HP  1 0.0191 0.9809 
      CC06HT  1 0.0604 0.9396 
      CC06HU  1 0.0364 0.9636 
      CC06HY  1 0.0296 0.9704 
      CC06J0  1 0.0289 0.9711 
      CC06J1  1 0.0565 0.9435 
      CC06J2  1 0.0220 0.9780 
     CT.0YCY  1 0.0255 0.9745 
     CT.0YEC  1 0.0154 0.9846 
     CT.0YEF  1 0.0250 0.9750 
     CT.0YEU  1 0.0177 0.9823 
     CT.0YF2  1 0.0409 0.9591 
     CT.0YF8  1 0.0189 0.9811 
     CT.0YFA  1 0.0280 0.9720 
     CT.0YFE  1 0.0299 0.9701 
     CT.0YFP  1 0.0277 0.9723 
     CT.0YFU  1 0.0284 0.9716 
     CT.0YK7  1 0.0242 0.9758 
     CX.10PT  1 0.0621 0.9379 
      DAM021  1 0.0315 0.9685 
      DAM034  1 0.0369 0.9631 
      DAM07X  1 0.0280 0.9720 
     EF.15J6  1 0.0191 0.9809 
      HRV010  1 0.0197 0.9803 
      HRV02J  1 0.0351 0.9649 
      HRV078  1 0.0302 0.9698 
      HRV0FH  1 0.0193 0.9807 
      HRV0H5  1 0.0309 0.9691 
      HRV0JF  1 0.0413 0.9587 
      HRV0JJ  1 0.0412 0.9588 
      HRV0JM  1 0.0246 0.9754 
      HRV0K6  1 0.0498 0.9502 
      HRV0K7  1 0.0221 0.9779 
      HRV0KP  1 0.0323 0.9677 
      HRV1AX  1 0.0526 0.9474 
      HRV1C4  1 0.0382 0.9618 
      HRV1CH  1 0.0309 0.9691 
      HRV1FA  1 0.0308 0.9692 
      HRV1FK  1 0.0288 0.9712 
      HRV1H8  1 0.0246 0.9754 
      HRV1HT  1 0.0396 0.9604 
      HRV1XU  1 0.0311 0.9689 
      HRV4TF  1 0.0180 0.9820 
      HRV6F0  1 0.0271 0.9729 
      HRVE6L  1 0.0414 0.9586 
       M27HM  1 0.0366 0.9634 
       M27HP  1 0.0201 0.9799 
       M2AK4  1 0.0201 0.9799 
       M2ALA  1 0.0173 0.9827 
       M2C56  1 0.0288 0.9712 
       M2CUX  1 0.0399 0.9601 
       M2E24  1 0.0191 0.9809 
       M2EA7  1 0.0205 0.9795 
       M2EH6  1 0.0211 0.9789 
       M2EKC  1 0.0757 0.9243 
      MSV083  1 0.0241 0.9759 
      MSV084  1 0.0336 0.9664 
      MSV0LJ  1 0.0424 0.9576 
      MSV1H5  1 0.0342 0.9658 
      MSV1KM  1 0.0180 0.9820 
      MSV23F  1 0.0269 0.9731 
      MSV2L8  1 0.0302 0.9698 
      MSV2P7  1 0.0214 0.9786 
      MSV2TJ  1 0.0310 0.9690 
      MSV2XM  1 0.0299 0.9701 
      MSV327  1 0.0241 0.9759 
      MSV33L  1 0.0160 0.9840 
        h001  2 0.0884 0.9116 
        h002  2 0.0348 0.9652 
        h003  2 0.0203 0.9797 
        h004  2 0.0587 0.9413 
        h005  2 0.0408 0.9592 
        h006  2 0.0586 0.9414 
        h007  2 0.0978 0.9022 
        h008  2 0.0551 0.9449 
        h009  2 0.2218 0.7782 
        h010  2 0.0630 0.9370 
        h011  2 0.0985 0.9015 
        h012  2 0.1008 0.8992 
        h013  2 0.0259 0.9741 
        h014  2 0.0253 0.9747 
        h015  2 0.0309 0.9691 
        h016  2 0.0385 0.9615 
        h017  2 0.1451 0.8549 
        h018  2 0.0313 0.9687 
        h019  2 0.0441 0.9559 
        h020  2 0.0439 0.9561 
        h021  2 0.0343 0.9657 
        h022  2 0.0368 0.9632 
        h023  2 0.0424 0.9576 
        h024  2 0.0297 0.9703 
        h025  2 0.0472 0.9528 
        h026  2 0.0301 0.9699 
        h027  2 0.0360 0.9640 
        h028  2 0.0272 0.9728 
        h029  2 0.0579 0.9421 
        h030  2 0.0626 0.9374 
        h031  2 0.0774 0.9226 
        h032  2 0.2662 0.7338 
        h033  2 0.0743 0.9257 
        h034  2 0.0435 0.9565 
        h035  2 0.0335 0.9665 
        h036  2 0.0543 0.9457 
        h037  2 0.2119 0.7881 
        h038  2 0.0709 0.9291 
        h039  2 0.0361 0.9639 
        h040  2 0.1715 0.8285 
        h041  2 0.0388 0.9612 
        h042  2 0.1579 0.8421 
        h043  2 0.0444 0.9556 
        h044  2 0.0678 0.9322 
        h045  2 0.0252 0.9748 
        h046  2 0.2686 0.7314 
        h047  2 0.1330 0.8670 
        h048  2 0.1038 0.8962 
        h049  2 0.0384 0.9616 
        h050  2 0.0241 0.9759 
        h051  2 0.2271 0.7729 
        h052  2 0.1429 0.8571 
        h053  2 0.1432 0.8568 
        h054  2 0.0306 0.9694 
        h055  2 0.0335 0.9665 
        h056  2 0.1543 0.8457 
        h057  2 0.0454 0.9546 
        h058  2 0.0523 0.9477 
        h059  2 0.0439 0.9561 
        h060  2 0.0772 0.9228 
        h061  2 0.1490 0.8510 
        h062  2 0.0449 0.9551 
        h063  2 0.0293 0.9707 
        h064  2 0.0575 0.9425 
        h065  2 0.0437 0.9563 
        h066  2 0.0911 0.9089 
        h067  2 0.0335 0.9665 
        h068  2 0.0922 0.9078 
        h069  2 0.1354 0.8646 
        h070  2 0.0505 0.9495 
        h071  2 0.0681 0.9319 
        h072  2 0.0834 0.9166 
        h073  2 0.0213 0.9787 
        h074  2 0.0436 0.9564 
        h075  2 0.0266 0.9734 
        h076  2 0.0407 0.9593 
        h077  2 0.2646 0.7354 
        h078  2 0.0662 0.9338 
        h079  2 0.1108 0.8892 
        h080  2 0.0546 0.9454 
        h081  2 0.0183 0.9817 
        h082  2 0.0316 0.9684 
        h083  2 0.2316 0.7684 
        h084  2 0.0529 0.9471 
        h085  2 0.0772 0.9228 
        h086  2 0.0523 0.9477 
        h087  2 0.0274 0.9726 
        h088  2 0.0410 0.9590 
        h089  2 0.0895 0.9105 
        h090  2 0.2035 0.7965 
        h091  2 0.3400 0.6600 
        h092  2 0.0687 0.9313 
        h093  2 0.2089 0.7911 
        h094  2 0.0343 0.9657 
        h095  2 0.0157 0.9843 
        h096  2 0.0954 0.9046 
        h097  2 0.0283 0.9717 
        h098  2 0.0961 0.9039 
        h099  2 0.0263 0.9737 
        h100  2 0.0620 0.9380 
       h0011  3 0.2417 0.7583 
       h0021  3 0.1452 0.8548 
       h0031  3 0.0662 0.9338 
       h0041  3 0.0927 0.9073 
       h0051  3 0.1528 0.8472 
       h0061  3 0.1907 0.8093 
       h0071  3 0.1584 0.8416 
       h0081  3 0.0770 0.9230 
       h0091  3 0.0754 0.9246 
       h0101  3 0.2038 0.7962 
       h0111  3 0.2459 0.7541 
       h0121  3 0.0826 0.9174 
       h0131  3 0.3571 0.6429 
       h0141  3 0.0516 0.9484 
       h0151  3 0.3364 0.6636 
       h0161  3 0.0624 0.9376 
       h0171  3 0.3201 0.6799 
       h0181  3 0.2555 0.7445 
       h0191  3 0.0611 0.9389 
       h0201  3 0.3501 0.6499 
       h0211  3 0.3057 0.6943 
       h0221  3 0.1201 0.8799 
       h0231  3 0.1206 0.8794 
       h0241  3 0.2029 0.7971 
       h0251  3 0.1996 0.8004 
       h0261  3 0.2568 0.7432 
       h0271  3 0.2484 0.7516 
       h0281  3 0.1227 0.8773 
       h0291  3 0.2780 0.7220 
       h0301  3 0.1613 0.8387 
       h0311  3 0.3689 0.6311 
       h0321  3 0.1037 0.8963 
       h0331  3 0.2545 0.7455 
       h0341  3 0.2214 0.7786 
       h0351  3 0.3020 0.6980 
       h0361  3 0.2731 0.7269 
       h0371  3 0.0333 0.9667 
       h0381  3 0.1283 0.8717 
       h0391  3 0.1597 0.8403 
       h0401  3 0.0783 0.9217 
       h0411  3 0.4389 0.5611 
       h0421  3 0.2821 0.7179 
       h0431  3 0.1825 0.8175 
       h0441  3 0.0506 0.9494 
       h0451  3 0.1333 0.8667 
       h0461  3 0.2872 0.7128 
       h0471  3 0.2121 0.7879 
       h0481  3 0.0898 0.9102 
       h0491  3 0.4480 0.5520 
       h0501  3 0.1087 0.8913 
       h0511  3 0.1860 0.8140 
       h0521  3 0.2658 0.7342 
       h0531  3 0.2841 0.7159 
       h0541  3 0.1539 0.8461 
       h0551  3 0.1640 0.8360 
       h0561  3 0.2425 0.7575 
       h0571  3 0.0977 0.9023 
       h0581  3 0.1948 0.8052 
       h0591  3 0.2960 0.7040 
       h0601  3 0.1916 0.8084 
       h0611  3 0.1578 0.8422 
       h0621  3 0.0806 0.9194 
       h0631  3 0.3030 0.6970 
       h0641  3 0.0521 0.9479 
       h0651  3 0.1161 0.8839 
       h0661  3 0.1666 0.8334 
       h0671  3 0.0660 0.9340 
       h0681  3 0.0765 0.9235 
       h0691  3 0.1716 0.8284 
       h0701  3 0.1702 0.8298 
       h0711  3 0.3864 0.6136 
       h0721  3 0.3315 0.6685 
       h0731  3 0.0323 0.9677 
       h0741  3 0.3463 0.6537 
       h0751  3 0.0230 0.9770 
       h0761  3 0.2079 0.7921 
       h0771  3 0.2721 0.7279 
       h0781  3 0.0443 0.9557 
       h0791  3 0.1900 0.8100 
       h0801  3 0.1979 0.8021 
       h0811  3 0.3768 0.6232 
       h0821  3 0.1890 0.8110 
       h0831  3 0.1156 0.8844 
       h0841  3 0.3931 0.6069 
       h0851  3 0.3020 0.6980 
       h0861  3 0.0992 0.9008 
       h0871  3 0.0445 0.9555 
       h0881  3 0.0750 0.9250 
       h0891  3 0.1638 0.8362 
       h0901  3 0.0457 0.9543 
       h0911  3 0.3377 0.6623 
       h0921  3 0.3061 0.6939 
       h0931  3 0.1956 0.8044 
       h0941  3 0.1890 0.8110 
       h0951  3 0.0346 0.9654 
       h0961  3 0.4265 0.5735 
       h0971  3 0.2263 0.7737 
       h0981  3 0.2172 0.7828 
       h0991  3 0.2254 0.7746 
       h1001  3 0.1103 0.8897 
      MSV1TX  4 0.4079 0.5921 
      MSV025  4 0.7251 0.2749 
      MSV02C  4 0.6017 0.3983 
      MSV02E  4 0.6388 0.3612 
      MSV0TF  4 0.6633 0.3367 
       M2EL8  4 0.7675 0.2325 
       h0012  5 0.4954 0.5046 
       h0022  5 0.6386 0.3614 
       h0032  5 0.4347 0.5653 
       h0042  5 0.4860 0.5140 
       h0052  5 0.6194 0.3806 
       h0062  5 0.5533 0.4467 
       h0072  5 0.5975 0.4025 
       h0082  5 0.5191 0.4809 
       h0092  5 0.4276 0.5724 
       h0102  5 0.3588 0.6412 
       h0112  5 0.5636 0.4364 
       h0122  5 0.4952 0.5048 
       h0132  5 0.4753 0.5247 
       h0142  5 0.3968 0.6032 
       h0152  5 0.5250 0.4750 
       h0162  5 0.0818 0.9182 
       h0172  5 0.3205 0.6795 
       h0182  5 0.2294 0.7706 
       h0192  5 0.3258 0.6742 
       h0202  5 0.7740 0.2260 
       h0212  5 0.5907 0.4093 
       h0222  5 0.5714 0.4286 
       h0232  5 0.3748 0.6252 
       h0242  5 0.4284 0.5716 
       h0252  5 0.5555 0.4445 
       h0262  5 0.5950 0.4050 
       h0272  5 0.5794 0.4206 
       h0282  5 0.3937 0.6063 
       h0292  5 0.5916 0.4084 
       h0302  5 0.6707 0.3293 
       h0312  5 0.4289 0.5711 
       h0322  5 0.6378 0.3622 
       h0332  5 0.5003 0.4997 
       h0342  5 0.4547 0.5453 
       h0352  5 0.6735 0.3265 
       h0362  5 0.5589 0.4411 
       h0372  5 0.5043 0.4957 
       h0382  5 0.5891 0.4109 
       h0392  5 0.3482 0.6518 
       h0402  5 0.4164 0.5836 
       h0412  5 0.5242 0.4758 
       h0422  5 0.4414 0.5586 
       h0432  5 0.3578 0.6422 
       h0442  5 0.4295 0.5705 
       h0452  5 0.5112 0.4888 
       h0462  5 0.5623 0.4377 
       h0472  5 0.6759 0.3241 
       h0482  5 0.7005 0.2995 
       h0492  5 0.4698 0.5302 
       h0502  5 0.5212 0.4788 
       h0512  5 0.1764 0.8236 
       h0522  5 0.5318 0.4682 
       h0532  5 0.6836 0.3164 
       h0542  5 0.5624 0.4376 
       h0552  5 0.6081 0.3919 
       h0562  5 0.6286 0.3714 
       h0572  5 0.4678 0.5322 
       h0582  5 0.6113 0.3887 
       h0592  5 0.6122 0.3878 
       h0602  5 0.2199 0.7801 
       h0612  5 0.5200 0.4800 
       h0622  5 0.6722 0.3278 
       h0632  5 0.3947 0.6053 
       h0642  5 0.5285 0.4715 
       h0652  5 0.5711 0.4289 
       h0662  5 0.3566 0.6434 
       h0672  5 0.4275 0.5725 
       h0682  5 0.3623 0.6377 
       h0692  5 0.4064 0.5936 
       h0702  5 0.6491 0.3509 
       h0712  5 0.6223 0.3777 
       h0722  5 0.2454 0.7546 
       h0732  5 0.4645 0.5355 
       h0742  5 0.4733 0.5267 
       h0752  5 0.5088 0.4912 
       h0762  5 0.5562 0.4438 
       h0772  5 0.5560 0.4440 
       h0782  5 0.4613 0.5387 
       h0792  5 0.5915 0.4085 
       h0802  5 0.4016 0.5984 
       h0812  5 0.3624 0.6376 
       h0822  5 0.3461 0.6539 
       h0832  5 0.6794 0.3206 
       h0842  5 0.4662 0.5338 
       h0852  5 0.7553 0.2447 
       h0862  5 0.2782 0.7218 
       h0872  5 0.4952 0.5048 
       h0882  5 0.5544 0.4456 
       h0892  5 0.3802 0.6198 
       h0902  5 0.2292 0.7708 
       h0912  5 0.4944 0.5056 
       h0922  5 0.3591 0.6409 
       h0932  5 0.5942 0.4058 
       h0942  5 0.4481 0.5519 
       h0952  5 0.6523 0.3477 
       h0962  5 0.4464 0.5536 
       h0972  5 0.3772 0.6228 
       h0982  5 0.4121 0.5879 
       h0992  5 0.4496 0.5504 
       h1002  5 0.4001 0.5999 
      MSV21T  6 0.9506 0.0494 
       M2E71  6 0.8528 0.1472 
       h0013  7 0.7662 0.2338 
       h0023  7 0.9676 0.0324 
       h0033  7 0.9104 0.0896 
       h0043  7 0.7440 0.2560 
       h0053  7 0.7248 0.2752 
       h0063  7 0.7594 0.2406 
       h0073  7 0.6860 0.3140 
       h0083  7 0.8647 0.1353 
       h0093  7 0.8015 0.1985 
       h0103  7 0.8031 0.1969 
       h0113  7 0.7812 0.2188 
       h0123  7 0.8777 0.1223 
       h0133  7 0.8274 0.1726 
       h0143  7 0.5864 0.4136 
       h0153  7 0.5278 0.4722 
       h0163  7 0.5778 0.4222 
       h0173  7 0.9743 0.0257 
       h0183  7 0.9565 0.0435 
       h0193  7 0.9203 0.0797 
       h0203  7 0.6309 0.3691 
       h0213  7 0.6443 0.3557 
       h0223  7 0.9533 0.0467 
       h0233  7 0.8840 0.1160 
       h0243  7 0.9058 0.0942 
       h0253  7 0.8836 0.1164 
       h0263  7 0.7643 0.2357 
       h0273  7 0.7496 0.2504 
       h0283  7 0.9541 0.0459 
       h0293  7 0.8305 0.1695 
       h0303  7 0.8159 0.1841 
       h0313  7 0.7673 0.2327 
       h0323  7 0.6879 0.3121 
       h0333  7 0.6348 0.3652 
       h0343  7 0.6260 0.3740 
       h0353  7 0.9172 0.0828 
       h0363  7 0.8377 0.1623 
       h0373  7 0.7878 0.2122 
       h0383  7 0.7217 0.2783 
       h0393  7 0.6425 0.3575 
       h0403  7 0.7877 0.2123 
       h0413  7 0.6620 0.3380 
       h0423  7 0.6375 0.3625 
       h0433  7 0.9383 0.0617 
       h0443  7 0.6204 0.3796 
       h0453  7 0.9270 0.0730 
       h0463  7 0.7646 0.2354 
       h0473  7 0.7523 0.2477 
       h0483  7 0.7802 0.2198 
       h0493  7 0.7976 0.2024 
       h0503  7 0.9522 0.0478 
       h0513  7 0.9480 0.0520 
       h0523  7 0.7362 0.2638 
       h0533  7 0.8984 0.1016 
       h0543  7 0.8623 0.1377 
       h0553  7 0.8853 0.1147 
       h0563  7 0.8795 0.1205 
       h0573  7 0.7021 0.2979 
       h0583  7 0.9164 0.0836 
       h0593  7 0.9324 0.0676 
       h0603  7 0.7002 0.2998 
       h0613  7 0.9303 0.0697 
       h0623  7 0.5751 0.4249 
       h0633  7 0.8332 0.1668 
       h0643  7 0.8460 0.1540 
       h0653  7 0.8143 0.1857 
       h0663  7 0.8815 0.1185 
       h0673  7 0.8727 0.1273 
       h0683  7 0.9083 0.0917 
       h0693  7 0.6210 0.3790 
       h0703  7 0.8838 0.1162 
       h0713  7 0.8782 0.1218 
       h0723  7 0.9677 0.0323 
       h0733  7 0.5800 0.4200 
       h0743  7 0.6964 0.3036 
       h0753  7 0.8778 0.1222 
       h0763  7 0.8296 0.1704 
       h0773  7 0.5679 0.4321 
       h0783  7 0.7055 0.2945 
       h0793  7 0.5866 0.4134 
       h0803  7 0.6787 0.3213 
       h0813  7 0.7667 0.2333 
       h0823  7 0.7349 0.2651 
       h0833  7 0.9533 0.0467 
       h0843  7 0.4613 0.5387 
       h0853  7 0.8869 0.1131 
       h0863  7 0.8183 0.1817 
       h0873  7 0.7946 0.2054 
       h0883  7 0.7607 0.2393 
       h0893  7 0.8364 0.1636 
       h0903  7 0.7651 0.2349 
       h0913  7 0.5984 0.4016 
       h0923  7 0.9439 0.0561 
       h0933  7 0.6968 0.3032 
       h0943  7 0.7404 0.2596 
       h0953  7 0.7103 0.2897 
       h0963  7 0.7499 0.2501 
       h0973  7 0.7056 0.2944 
       h0983  7 0.9523 0.0477 
       h0993  7 0.5839 0.4161 
       h1003  7 0.7937 0.2063 
       W23CA  8 0.9775 0.0225 
     AP.085Y  8 0.9707 0.0293 
     CH.0LLY  8 0.9084 0.0916 
       M0LEC  8 0.9831 0.0169 
       M2C3H  8 0.9644 0.0356 
       M2CHL  8 0.8782 0.1218 
       W26P7  8 0.9629 0.0371 
     AP.07M5  8 0.9338 0.0662 
     AP.080U  8 0.9526 0.0474 
     AP.082A  8 0.9810 0.0190 
     AP.0843  8 0.9697 0.0303 
     AP.0844  8 0.8916 0.1084 
     AP.084X  8 0.9773 0.0227 
     AP.086Y  8 0.9756 0.0244 
     AP.0870  8 0.9683 0.0317 
     AP.0878  8 0.9587 0.0413 
     AP.087F  8 0.9639 0.0361 
     AP.087Y  8 0.9093 0.0907 
     AP.088P  8 0.9622 0.0378 
     AP.08AK  8 0.9293 0.0707 
     CH.0LLM  8 0.9725 0.0275 
     CH.0LLU  8 0.9271 0.0729 
     CH.0LM0  8 0.9574 0.0426 
     CH.0LM3  8 0.9412 0.0588 
       W26MY  8 0.8374 0.1626 
       W26P6  8 0.9522 0.0478 
      HRV07U  8 0.8774 0.1226 
      HRV1CT  8 0.9777 0.0223 
      HRV1CU  8 0.9831 0.0169 
      HRV1E6  8 0.9821 0.0179 
      HRV081  8 0.9851 0.0149 
      HRV1E3  8 0.9602 0.0398 
      MSV21E  8 0.9557 0.0443 
      MSV216  8 0.9586 0.0414 
       M0TYK  8 0.9547 0.0453 
      MSV2AA  8 0.9505 0.0495 
     CK.0PET  8 0.8425 0.1575 
       M2E8C  8 0.9718 0.0282 
      MSV23X  8 0.9531 0.0469 
      MSV32A  8 0.8919 0.1081 
     AP.0838  8 0.9719 0.0281 
     AP.088F  8 0.9692 0.0308 
       h0014  9 0.7821 0.2179 
       h0024  9 0.8842 0.1158 
       h0034  9 0.9553 0.0447 
       h0044  9 0.9822 0.0178 
       h0054  9 0.7914 0.2086 
       h0064  9 0.9137 0.0863 
       h0074  9 0.9311 0.0689 
       h0084  9 0.9585 0.0415 
       h0094  9 0.9850 0.0150 
       h0104  9 0.9820 0.0180 
       h0114  9 0.9676 0.0324 
       h0124  9 0.8925 0.1075 
       h0134  9 0.9704 0.0296 
       h0144  9 0.9310 0.0690 
       h0154  9 0.9408 0.0592 
       h0164  9 0.6165 0.3835 
       h0174  9 0.8397 0.1603 
       h0184  9 0.9390 0.0610 
       h0194  9 0.9769 0.0231 
       h0204  9 0.9067 0.0933 
       h0214  9 0.9531 0.0469 
       h0224  9 0.9232 0.0768 
       h0234  9 0.9797 0.0203 
       h0244  9 0.9744 0.0256 
       h0254  9 0.6682 0.3318 
       h0264  9 0.8570 0.1430 
       h0274  9 0.7697 0.2303 
       h0284  9 0.8736 0.1264 
       h0294  9 0.8989 0.1011 
       h0304  9 0.9788 0.0212 
       h0314  9 0.7980 0.2020 
       h0324  9 0.9252 0.0748 
       h0334  9 0.9595 0.0405 
       h0344  9 0.9208 0.0792 
       h0354  9 0.9662 0.0338 
       h0364  9 0.9241 0.0759 
       h0374  9 0.8940 0.1060 
       h0384  9 0.7747 0.2253 
       h0394  9 0.9771 0.0229 
       h0404  9 0.7373 0.2627 
       h0414  9 0.9141 0.0859 
       h0424  9 0.9262 0.0738 
       h0434  9 0.9174 0.0826 
       h0444  9 0.9095 0.0905 
       h0454  9 0.8666 0.1334 
       h0464  9 0.9524 0.0476 
       h0474  9 0.7076 0.2924 
       h0484  9 0.6993 0.3007 
       h0494  9 0.8533 0.1467 
       h0504  9 0.8262 0.1738 
       h0514  9 0.7653 0.2347 
       h0524  9 0.8341 0.1659 
       h0534  9 0.9596 0.0404 
       h0544  9 0.7771 0.2229 
       h0554  9 0.8975 0.1025 
       h0564  9 0.9726 0.0274 
       h0574  9 0.9659 0.0341 
       h0584  9 0.7668 0.2332 
       h0594  9 0.8649 0.1351 
       h0604  9 0.9699 0.0301 
       h0614  9 0.6975 0.3025 
       h0624  9 0.9557 0.0443 
       h0634  9 0.9727 0.0273 
       h0644  9 0.9746 0.0254 
       h0654  9 0.9492 0.0508 
       h0664  9 0.9719 0.0281 
       h0674  9 0.9594 0.0406 
       h0684  9 0.8730 0.1270 
       h0694  9 0.6796 0.3204 
       h0704  9 0.9664 0.0336 
       h0714  9 0.9482 0.0518 
       h0724  9 0.9627 0.0373 
       h0734  9 0.9192 0.0808 
       h0744  9 0.8744 0.1256 
       h0754  9 0.9074 0.0926 
       h0764  9 0.8489 0.1511 
       h0774  9 0.9329 0.0671 
       h0784  9 0.8124 0.1876 
       h0794  9 0.9545 0.0455 
       h0804  9 0.8365 0.1635 
       h0814  9 0.9121 0.0879 
       h0824  9 0.9544 0.0456 
       h0834  9 0.7260 0.2740 
       h0844  9 0.8838 0.1162 
       h0854  9 0.7366 0.2634 
       h0864  9 0.9111 0.0889 
       h0874  9 0.9728 0.0272 
       h0884  9 0.8809 0.1191 
       h0894  9 0.8721 0.1279 
       h0904  9 0.9100 0.0900 
       h0914  9 0.9251 0.0749 
       h0924  9 0.8850 0.1150 
       h0934  9 0.9255 0.0745 
       h0944  9 0.9212 0.0788 
       h0954  9 0.9777 0.0223 
       h0964  9 0.9684 0.0316 
       h0974  9 0.8219 0.1781 
       h0984  9 0.9102 0.0898 
       h0994  9 0.8516 0.1484 
       h1004  9 0.9317 0.0683 
      HRV0JX 10 0.9628 0.0372 
      HRV00K 10 0.9779 0.0221 
       M0XPJ 10 0.9802 0.0198 
      HRV07J 10 0.9836 0.0164 
     AP.0884 10 0.9823 0.0177 
       W26T0 10 0.9708 0.0292 
      HRV0HC 10 0.9620 0.0380 
      HRV055 10 0.9861 0.0139 
     AP.08A5 10 0.9844 0.0156 
       M04XM 10 0.9815 0.0185 
       W26LK 10 0.9826 0.0174 
      HRV04F 10 0.9838 0.0162 
       M1EL3 10 0.9703 0.0297 
      HRV1EA 10 0.9672 0.0328 
       M2C3A 10 0.9804 0.0196 
      HRV0M2 10 0.9735 0.0265 
       M0ETF 10 0.9828 0.0172 
     AP.087A 10 0.9822 0.0178 
      HRV05L 10 0.9802 0.0198 
       M2CHM 10 0.9065 0.0935 
      HRV0JP 10 0.9824 0.0176 
      HRV0H3 10 0.9771 0.0229 
      HRV02A 10 0.9593 0.0407 
      HRV1EC 10 0.9809 0.0191 
       M04PF 10 0.9822 0.0178 
       M0EYT 10 0.9824 0.0176 
      HRV0LJ 10 0.9647 0.0353 
       W26MJ 10 0.8660 0.1340 
      HRV1C7 10 0.9805 0.0195 
       M023A 10 0.9852 0.0148 
       M05JC 10 0.9836 0.0164 
     AP.0883 10 0.9492 0.0508 
      HRV01F 10 0.9509 0.0491 
     CH.0LM5 10 0.9809 0.0191 
     AP.0881 10 0.9180 0.0820 
       M1EKX 10 0.9845 0.0155 
       M2AY0 10 0.9659 0.0341 
       W26X2 10 0.9784 0.0216 
     AP.08AM 10 0.9790 0.0210 
     AP.08AJ 10 0.9700 0.0300 
      HRV07H 10 0.9863 0.0137 
      HRV077 10 0.9754 0.0246 
     AP.088J 10 0.9755 0.0245 
       W23E8 10 0.9831 0.0169 
     AP.0872 10 0.9853 0.0147 
      HRV0J3 10 0.9774 0.0226 
       W26UE 10 0.9799 0.0201 
      HRV0KE 10 0.9831 0.0169 
      HRV026 10 0.9730 0.0270 
       M2AY5 10 0.9780 0.0220 
       W26TC 10 0.9821 0.0179 
      HRV0MJ 10 0.9491 0.0509 
      HRV05H 10 0.9627 0.0373 
      HRV02K 10 0.9543 0.0457 
       M05PH 10 0.9789 0.0211 
      HRV0KA 10 0.9823 0.0177 
     AP.07M7 10 0.9868 0.0132 
       W26TJ 10 0.8287 0.1713 
     AP.07MA 10 0.9684 0.0316 
       M2AY8 10 0.8509 0.1491 
     AP.08AH 10 0.9730 0.0270 
      HRV0HM 10 0.9330 0.0670 
     AP.08A0 10 0.9846 0.0154 
     AP.086X 10 0.9821 0.0179 
       M03MM 10 0.9729 0.0271 
      HRV025 10 0.9683 0.0317 
      HRV1E4 10 0.9851 0.0149 
     AP.08A4 10 0.8957 0.1043 
       M182M 10 0.9700 0.0300 
     CH.0LM1 10 0.9761 0.0239 
       W23F0 10 0.9702 0.0298 
      HRV01M 10 0.9776 0.0224 
      HRV0HU 10 0.9683 0.0317 
      HRV0M6 10 0.9227 0.0773 
      HRV05J 10 0.9805 0.0195 
     AP.087H 10 0.9835 0.0165 
      HRV031 10 0.9835 0.0165 
       W26UF 10 0.9840 0.0160 
       M2AXY 10 0.9778 0.0222 
     AP.08AC 10 0.9557 0.0443 
       M157H 10 0.9808 0.0192 
       M05X5 10 0.9369 0.0631 
       W26PX 10 0.9390 0.0610 
      HRV00P 10 0.9838 0.0162 
      HRV0ML 10 0.9835 0.0165 
     AP.07U8 10 0.9753 0.0247 
     AP.088C 10 0.9589 0.0411 
      HRV1C6 10 0.9841 0.0159 
       M1EKY 10 0.9848 0.0152 
      HRV0K1 10 0.9825 0.0175 
      HRV04C 10 0.9818 0.0182 
      HRV1E8 10 0.9814 0.0186 
      HRV0K3 10 0.9746 0.0254 
      HRV01U 10 0.9815 0.0185 
       M0A6K 10 0.9780 0.0220 
     AP.088X 10 0.9683 0.0317 
       W26PT 10 0.9716 0.0284 
      HRV02C 10 0.9843 0.0157 
     AP.0864 10 0.9857 0.0143 
     AP.08A3 10 0.9825 0.0175 
