1:	0.9786 0.0059 0.0039 0.0035 0.0043 0.0038 	100
2:	0.9796 0.0046 0.0038 0.0039 0.0043 0.0038 	250
3:	0.4041 0.0040 0.5477 0.0087 0.0287 0.0068 	6
4:	0.0457 0.0170 0.8591 0.0025 0.0636 0.0120 	2
5:	0.0431 0.0132 0.9055 0.0071 0.0164 0.0147 	42
6:	0.0029 0.0168 0.9242 0.0239 0.0153 0.0169 	105
7:	0.0065 0.0063 0.9285 0.0076 0.0082 0.0429 	240
8:	0.0095 0.0147 0.4177 0.0091 0.0426 0.5064 	68
9:	0.0035 0.0050 0.0127 0.0047 0.0057 0.9684 	31
10:	0.0029 0.0033 0.0108 0.0049 0.0046 0.9734 	125
11:	0.0039 0.0078 0.0102 0.0043 0.0089 0.9649 	53
12:	0.0030 0.0073 0.0057 0.0045 0.0105 0.9690 	125
13:	0.0017 0.0020 0.0027 0.9888 0.0022 0.0026 	28
14:	0.0016 0.0020 0.0024 0.9896 0.0023 0.0021 	300
15:	0.0017 0.9869 0.0019 0.0023 0.0045 0.0027 	27
16:	0.0017 0.9893 0.0018 0.0021 0.0029 0.0022 	300
17:	0.0021 0.0061 0.0047 0.0040 0.9780 0.0051 	40
18:	0.0021 0.0044 0.0042 0.0050 0.9798 0.0044 	300
