       M1EL5  1 0.9733 0.0267 
       W26T6  1 0.9606 0.0394 
       W26XX  1 0.9761 0.0239 
       M013P  1 0.9654 0.0346 
       M1ELA  1 0.9417 0.0583 
       M2C73  1 0.9765 0.0235 
       W23P4  1 0.9297 0.0703 
       W247C  1 0.9709 0.0291 
       W24K1  1 0.9758 0.0242 
       W24ME  1 0.9539 0.0461 
       W2514  1 0.9621 0.0379 
       W26MA  1 0.9489 0.0511 
       W26MM  1 0.9590 0.0410 
       W26MU  1 0.9731 0.0269 
       W26P0  1 0.9775 0.0225 
       W26P3  1 0.9790 0.0210 
       W26T5  1 0.9798 0.0202 
       W26TE  1 0.9672 0.0328 
       W26TF  1 0.9381 0.0619 
       W26U8  1 0.9457 0.0543 
       W26UJ  1 0.9685 0.0315 
       W26UK  1 0.9828 0.0172 
       W26UT  1 0.9797 0.0203 
       W26XT  1 0.9532 0.0468 
      CC06H2  1 0.9349 0.0651 
      CC06H4  1 0.9527 0.0473 
      CC06H5  1 0.9616 0.0384 
      CC06H6  1 0.9824 0.0176 
      CC06HE  1 0.9769 0.0231 
      CC06HF  1 0.9559 0.0441 
      CC06HH  1 0.9801 0.0199 
      CC06HJ  1 0.9680 0.0320 
      CC06HL  1 0.9799 0.0201 
      CC06HP  1 0.9806 0.0194 
      CC06HT  1 0.9596 0.0404 
      CC06HU  1 0.9782 0.0218 
      CC06HY  1 0.9505 0.0495 
      CC06J0  1 0.9525 0.0475 
      CC06J1  1 0.9654 0.0346 
      CC06J2  1 0.9652 0.0348 
     CT.0YCY  1 0.9689 0.0311 
     CT.0YEC  1 0.9813 0.0187 
     CT.0YEF  1 0.9784 0.0216 
     CT.0YEU  1 0.9832 0.0168 
     CT.0YF2  1 0.9535 0.0465 
     CT.0YF8  1 0.9844 0.0156 
     CT.0YFA  1 0.9841 0.0159 
     CT.0YFE  1 0.9577 0.0423 
     CT.0YFP  1 0.9579 0.0421 
     CT.0YFU  1 0.9743 0.0257 
     CT.0YK7  1 0.9437 0.0563 
     CX.10PT  1 0.8866 0.1134 
      DAM021  1 0.9745 0.0255 
      DAM034  1 0.9826 0.0174 
      DAM07X  1 0.9786 0.0214 
     EF.15J6  1 0.9785 0.0215 
      HRV010  1 0.9645 0.0355 
      HRV02J  1 0.9699 0.0301 
      HRV078  1 0.9653 0.0347 
      HRV0FH  1 0.9781 0.0219 
      HRV0H5  1 0.9719 0.0281 
      HRV0JF  1 0.9762 0.0238 
      HRV0JJ  1 0.9716 0.0284 
      HRV0JM  1 0.9801 0.0199 
      HRV0K6  1 0.9286 0.0714 
      HRV0K7  1 0.9757 0.0243 
      HRV0KP  1 0.9256 0.0744 
      HRV1AX  1 0.9664 0.0336 
      HRV1C4  1 0.9821 0.0179 
      HRV1CH  1 0.9749 0.0251 
      HRV1FA  1 0.9646 0.0354 
      HRV1FK  1 0.9446 0.0554 
      HRV1H8  1 0.9780 0.0220 
      HRV1HT  1 0.9632 0.0368 
      HRV1XU  1 0.9319 0.0681 
      HRV4TF  1 0.9673 0.0327 
      HRV6F0  1 0.9656 0.0344 
      HRVE6L  1 0.9449 0.0551 
       M27HM  1 0.9778 0.0222 
       M27HP  1 0.9769 0.0231 
       M2AK4  1 0.9762 0.0238 
       M2ALA  1 0.9760 0.0240 
       M2C56  1 0.9733 0.0267 
       M2CUX  1 0.9503 0.0497 
       M2E24  1 0.9796 0.0204 
       M2EA7  1 0.9755 0.0245 
       M2EH6  1 0.9784 0.0216 
       M2EKC  1 0.9371 0.0629 
      MSV083  1 0.8986 0.1014 
      MSV084  1 0.9737 0.0263 
      MSV0LJ  1 0.9681 0.0319 
      MSV1H5  1 0.9743 0.0257 
      MSV1KM  1 0.9793 0.0207 
      MSV23F  1 0.9253 0.0747 
      MSV2L8  1 0.9733 0.0267 
      MSV2P7  1 0.9713 0.0287 
      MSV2TJ  1 0.9820 0.0180 
      MSV2XM  1 0.9644 0.0356 
      MSV327  1 0.9636 0.0364 
      MSV33L  1 0.9792 0.0208 
        h001  2 0.8523 0.1477 
        h002  2 0.9192 0.0808 
        h003  2 0.9282 0.0718 
        h004  2 0.9125 0.0875 
        h005  2 0.7978 0.2022 
        h006  2 0.9638 0.0362 
        h007  2 0.9368 0.0632 
        h008  2 0.9141 0.0859 
        h009  2 0.8221 0.1779 
        h010  2 0.9229 0.0771 
        h011  2 0.9809 0.0191 
        h012  2 0.9535 0.0465 
        h013  2 0.9504 0.0496 
        h014  2 0.9079 0.0921 
        h015  2 0.9182 0.0818 
        h016  2 0.9399 0.0601 
        h017  2 0.9062 0.0938 
        h018  2 0.9101 0.0899 
        h019  2 0.8448 0.1552 
        h020  2 0.9317 0.0683 
        h021  2 0.9724 0.0276 
        h022  2 0.8986 0.1014 
        h023  2 0.9276 0.0724 
        h024  2 0.8209 0.1791 
        h025  2 0.9509 0.0491 
        h026  2 0.9651 0.0349 
        h027  2 0.8746 0.1254 
        h028  2 0.9136 0.0864 
        h029  2 0.8010 0.1990 
        h030  2 0.9199 0.0801 
        h031  2 0.9327 0.0673 
        h032  2 0.9258 0.0742 
        h033  2 0.9611 0.0389 
        h034  2 0.9771 0.0229 
        h035  2 0.8900 0.1100 
        h036  2 0.8183 0.1817 
        h037  2 0.9643 0.0357 
        h038  2 0.9008 0.0992 
        h039  2 0.9310 0.0690 
        h040  2 0.9284 0.0716 
        h041  2 0.9054 0.0946 
        h042  2 0.9552 0.0448 
        h043  2 0.9315 0.0685 
        h044  2 0.8030 0.1970 
        h045  2 0.9483 0.0517 
        h046  2 0.9726 0.0274 
        h047  2 0.9145 0.0855 
        h048  2 0.9679 0.0321 
        h049  2 0.9622 0.0378 
        h050  2 0.9053 0.0947 
        h051  2 0.8002 0.1998 
        h052  2 0.7763 0.2237 
        h053  2 0.8930 0.1070 
        h054  2 0.9631 0.0369 
        h055  2 0.8375 0.1625 
        h056  2 0.8571 0.1429 
        h057  2 0.9355 0.0645 
        h058  2 0.9503 0.0497 
        h059  2 0.8920 0.1080 
        h060  2 0.7432 0.2568 
        h061  2 0.9341 0.0659 
        h062  2 0.9394 0.0606 
        h063  2 0.9037 0.0963 
        h064  2 0.8040 0.1960 
        h065  2 0.9679 0.0321 
        h066  2 0.8974 0.1026 
        h067  2 0.8860 0.1140 
        h068  2 0.8540 0.1460 
        h069  2 0.9592 0.0408 
        h070  2 0.8773 0.1227 
        h071  2 0.8579 0.1421 
        h072  2 0.9056 0.0944 
        h073  2 0.8668 0.1332 
        h074  2 0.9671 0.0329 
        h075  2 0.7703 0.2297 
        h076  2 0.8398 0.1602 
        h077  2 0.9616 0.0384 
        h078  2 0.8981 0.1019 
        h079  2 0.8271 0.1729 
        h080  2 0.7300 0.2700 
        h081  2 0.8332 0.1668 
        h082  2 0.9587 0.0413 
        h083  2 0.9356 0.0644 
        h084  2 0.8936 0.1064 
        h085  2 0.9685 0.0315 
        h086  2 0.9192 0.0808 
        h087  2 0.9303 0.0697 
        h088  2 0.9051 0.0949 
        h089  2 0.8929 0.1071 
        h090  2 0.9521 0.0479 
        h091  2 0.9393 0.0607 
        h092  2 0.9756 0.0244 
        h093  2 0.9583 0.0417 
        h094  2 0.8400 0.1600 
        h095  2 0.9713 0.0287 
        h096  2 0.9770 0.0230 
        h097  2 0.8646 0.1354 
        h098  2 0.9609 0.0391 
        h099  2 0.8600 0.1400 
        h100  2 0.8006 0.1994 
       h0011  3 0.7811 0.2189 
       h0021  3 0.8893 0.1107 
       h0031  3 0.8861 0.1139 
       h0041  3 0.6388 0.3612 
       h0051  3 0.7290 0.2710 
       h0061  3 0.5922 0.4078 
       h0071  3 0.7493 0.2507 
       h0081  3 0.7593 0.2407 
       h0091  3 0.8746 0.1254 
       h0101  3 0.5886 0.4114 
       h0111  3 0.8509 0.1491 
       h0121  3 0.6442 0.3558 
       h0131  3 0.8208 0.1792 
       h0141  3 0.5654 0.4346 
       h0151  3 0.7586 0.2414 
       h0161  3 0.8429 0.1571 
       h0171  3 0.8120 0.1880 
       h0181  3 0.8297 0.1703 
       h0191  3 0.8063 0.1937 
       h0201  3 0.9198 0.0802 
       h0211  3 0.8066 0.1934 
       h0221  3 0.7196 0.2804 
       h0231  3 0.8783 0.1217 
       h0241  3 0.8689 0.1311 
       h0251  3 0.6900 0.3100 
       h0261  3 0.8193 0.1807 
       h0271  3 0.9585 0.0415 
       h0281  3 0.7095 0.2905 
       h0291  3 0.8204 0.1796 
       h0301  3 0.7967 0.2033 
       h0311  3 0.9196 0.0804 
       h0321  3 0.9503 0.0497 
       h0331  3 0.9106 0.0894 
       h0341  3 0.7525 0.2475 
       h0351  3 0.9060 0.0940 
       h0361  3 0.7852 0.2148 
       h0371  3 0.8418 0.1582 
       h0381  3 0.8411 0.1589 
       h0391  3 0.7951 0.2049 
       h0401  3 0.8809 0.1191 
       h0411  3 0.6184 0.3816 
       h0421  3 0.7950 0.2050 
       h0431  3 0.6188 0.3812 
       h0441  3 0.7037 0.2963 
       h0451  3 0.7053 0.2947 
       h0461  3 0.7868 0.2132 
       h0471  3 0.7442 0.2558 
       h0481  3 0.6987 0.3013 
       h0491  3 0.8081 0.1919 
       h0501  3 0.9061 0.0939 
       h0511  3 0.7687 0.2313 
       h0521  3 0.7468 0.2532 
       h0531  3 0.9272 0.0728 
       h0541  3 0.7426 0.2574 
       h0551  3 0.6867 0.3133 
       h0561  3 0.7940 0.2060 
       h0571  3 0.6941 0.3059 
       h0581  3 0.8532 0.1468 
       h0591  3 0.5963 0.4037 
       h0601  3 0.7785 0.2215 
       h0611  3 0.9098 0.0902 
       h0621  3 0.7326 0.2674 
       h0631  3 0.7534 0.2466 
       h0641  3 0.7206 0.2794 
       h0651  3 0.8569 0.1431 
       h0661  3 0.6010 0.3990 
       h0671  3 0.9255 0.0745 
       h0681  3 0.7326 0.2674 
       h0691  3 0.6487 0.3513 
       h0701  3 0.7000 0.3000 
       h0711  3 0.7273 0.2727 
       h0721  3 0.6857 0.3143 
       h0731  3 0.8020 0.1980 
       h0741  3 0.8154 0.1846 
       h0751  3 0.7523 0.2477 
       h0761  3 0.7037 0.2963 
       h0771  3 0.7988 0.2012 
       h0781  3 0.7781 0.2219 
       h0791  3 0.7869 0.2131 
       h0801  3 0.8153 0.1847 
       h0811  3 0.7427 0.2573 
       h0821  3 0.7114 0.2886 
       h0831  3 0.5825 0.4175 
       h0841  3 0.9604 0.0396 
       h0851  3 0.8645 0.1355 
       h0861  3 0.9190 0.0810 
       h0871  3 0.7590 0.2410 
       h0881  3 0.9587 0.0413 
       h0891  3 0.9056 0.0944 
       h0901  3 0.8846 0.1154 
       h0911  3 0.8578 0.1422 
       h0921  3 0.6978 0.3022 
       h0931  3 0.8177 0.1823 
       h0941  3 0.8752 0.1248 
       h0951  3 0.6083 0.3917 
       h0961  3 0.9758 0.0242 
       h0971  3 0.7900 0.2100 
       h0981  3 0.7191 0.2809 
       h0991  3 0.8505 0.1495 
       h1001  3 0.4944 0.5056 
       h0012  4 0.4654 0.5346 
       h0022  4 0.4231 0.5769 
       h0032  4 0.4226 0.5774 
       h0042  4 0.4510 0.5490 
       h0052  4 0.5230 0.4770 
       h0062  4 0.4559 0.5441 
       h0072  4 0.5919 0.4081 
       h0082  4 0.4645 0.5355 
       h0092  4 0.4909 0.5091 
       h0102  4 0.6056 0.3944 
       h0112  4 0.4156 0.5844 
       h0122  4 0.5365 0.4635 
       h0132  4 0.4251 0.5749 
       h0142  4 0.4680 0.5320 
       h0152  4 0.4052 0.5948 
       h0162  4 0.4629 0.5371 
       h0172  4 0.5526 0.4474 
       h0182  4 0.4307 0.5693 
       h0192  4 0.4562 0.5438 
       h0202  4 0.4058 0.5942 
       h0212  4 0.5349 0.4651 
       h0222  4 0.6267 0.3733 
       h0232  4 0.6116 0.3884 
       h0242  4 0.5005 0.4995 
       h0252  4 0.5429 0.4571 
       h0262  4 0.5666 0.4334 
       h0272  4 0.5778 0.4222 
       h0282  4 0.4049 0.5951 
       h0292  4 0.5434 0.4566 
       h0302  4 0.5005 0.4995 
       h0312  4 0.4760 0.5240 
       h0322  4 0.4735 0.5265 
       h0332  4 0.5002 0.4998 
       h0342  4 0.6109 0.3891 
       h0352  4 0.5560 0.4440 
       h0362  4 0.6406 0.3594 
       h0372  4 0.5142 0.4858 
       h0382  4 0.5922 0.4078 
       h0392  4 0.6738 0.3262 
       h0402  4 0.5569 0.4431 
       h0412  4 0.4233 0.5767 
       h0422  4 0.4573 0.5427 
       h0432  4 0.4135 0.5865 
       h0442  4 0.4507 0.5493 
       h0452  4 0.5760 0.4240 
       h0462  4 0.5237 0.4763 
       h0472  4 0.5261 0.4739 
       h0482  4 0.4779 0.5221 
       h0492  4 0.5548 0.4452 
       h0502  4 0.5286 0.4714 
       h0512  4 0.4657 0.5343 
       h0522  4 0.5531 0.4469 
       h0532  4 0.5429 0.4571 
       h0542  4 0.3597 0.6403 
       h0552  4 0.3829 0.6171 
       h0562  4 0.6213 0.3787 
       h0572  4 0.4575 0.5425 
       h0582  4 0.5263 0.4737 
       h0592  4 0.4574 0.5426 
       h0602  4 0.4161 0.5839 
       h0612  4 0.4653 0.5347 
       h0622  4 0.4264 0.5736 
       h0632  4 0.4517 0.5483 
       h0642  4 0.4743 0.5257 
       h0652  4 0.3590 0.6410 
       h0662  4 0.5245 0.4755 
       h0672  4 0.4542 0.5458 
       h0682  4 0.4986 0.5014 
       h0692  4 0.5247 0.4753 
       h0702  4 0.5275 0.4725 
       h0712  4 0.4325 0.5675 
       h0722  4 0.5167 0.4833 
       h0732  4 0.3156 0.6844 
       h0742  4 0.3930 0.6070 
       h0752  4 0.5378 0.4622 
       h0762  4 0.4761 0.5239 
       h0772  4 0.3433 0.6567 
       h0782  4 0.5128 0.4872 
       h0792  4 0.5121 0.4879 
       h0802  4 0.4995 0.5005 
       h0812  4 0.7230 0.2770 
       h0822  4 0.4726 0.5274 
       h0832  4 0.4347 0.5653 
       h0842  4 0.6806 0.3194 
       h0852  4 0.5011 0.4989 
       h0862  4 0.4256 0.5744 
       h0872  4 0.4940 0.5060 
       h0882  4 0.4312 0.5688 
       h0892  4 0.4795 0.5205 
       h0902  4 0.5667 0.4333 
       h0912  4 0.5024 0.4976 
       h0922  4 0.3941 0.6059 
       h0932  4 0.5791 0.4209 
       h0942  4 0.6314 0.3686 
       h0952  4 0.5124 0.4876 
       h0962  4 0.4861 0.5139 
       h0972  4 0.4438 0.5562 
       h0982  4 0.4793 0.5207 
       h0992  4 0.4137 0.5863 
       h1002  4 0.6726 0.3274 
       h0013  5 0.2352 0.7648 
       h0023  5 0.3978 0.6022 
       h0033  5 0.2873 0.7127 
       h0043  5 0.2908 0.7092 
       h0053  5 0.2535 0.7465 
       h0063  5 0.3112 0.6888 
       h0073  5 0.1881 0.8119 
       h0083  5 0.4004 0.5996 
       h0093  5 0.3792 0.6208 
       h0103  5 0.1867 0.8133 
       h0113  5 0.1810 0.8190 
       h0123  5 0.2209 0.7791 
       h0133  5 0.2620 0.7380 
       h0143  5 0.3180 0.6820 
       h0153  5 0.2552 0.7448 
       h0163  5 0.3009 0.6991 
       h0173  5 0.2300 0.7700 
       h0183  5 0.2730 0.7270 
       h0193  5 0.3315 0.6685 
       h0203  5 0.3242 0.6758 
       h0213  5 0.3189 0.6811 
       h0223  5 0.0965 0.9035 
       h0233  5 0.2447 0.7553 
       h0243  5 0.2128 0.7872 
       h0253  5 0.2017 0.7983 
       h0263  5 0.4121 0.5879 
       h0273  5 0.4078 0.5922 
       h0283  5 0.2338 0.7662 
       h0293  5 0.3209 0.6791 
       h0303  5 0.1589 0.8411 
       h0313  5 0.5219 0.4781 
       h0323  5 0.2940 0.7060 
       h0333  5 0.1472 0.8528 
       h0343  5 0.2481 0.7519 
       h0353  5 0.4054 0.5946 
       h0363  5 0.3742 0.6258 
       h0373  5 0.2379 0.7621 
       h0383  5 0.0986 0.9014 
       h0393  5 0.2266 0.7734 
       h0403  5 0.1841 0.8159 
       h0413  5 0.2270 0.7730 
       h0423  5 0.1302 0.8698 
       h0433  5 0.1823 0.8177 
       h0443  5 0.1920 0.8080 
       h0453  5 0.1962 0.8038 
       h0463  5 0.1386 0.8614 
       h0473  5 0.3590 0.6410 
       h0483  5 0.2759 0.7241 
       h0493  5 0.2157 0.7843 
       h0503  5 0.1716 0.8284 
       h0513  5 0.0698 0.9302 
       h0523  5 0.2072 0.7928 
       h0533  5 0.1612 0.8388 
       h0543  5 0.1429 0.8571 
       h0553  5 0.2991 0.7009 
       h0563  5 0.3114 0.6886 
       h0573  5 0.3685 0.6315 
       h0583  5 0.2489 0.7511 
       h0593  5 0.3347 0.6653 
       h0603  5 0.2119 0.7881 
       h0613  5 0.2491 0.7509 
       h0623  5 0.2294 0.7706 
       h0633  5 0.3817 0.6183 
       h0643  5 0.1285 0.8715 
       h0653  5 0.2466 0.7534 
       h0663  5 0.2939 0.7061 
       h0673  5 0.2456 0.7544 
       h0683  5 0.1288 0.8712 
       h0693  5 0.2227 0.7773 
       h0703  5 0.1150 0.8850 
       h0713  5 0.2023 0.7977 
       h0723  5 0.1197 0.8803 
       h0733  5 0.4791 0.5209 
       h0743  5 0.2852 0.7148 
       h0753  5 0.1522 0.8478 
       h0763  5 0.2669 0.7331 
       h0773  5 0.0563 0.9437 
       h0783  5 0.0633 0.9367 
       h0793  5 0.2147 0.7853 
       h0803  5 0.3231 0.6769 
       h0813  5 0.1105 0.8895 
       h0823  5 0.2460 0.7540 
       h0833  5 0.1747 0.8253 
       h0843  5 0.1503 0.8497 
       h0853  5 0.3580 0.6420 
       h0863  5 0.1192 0.8808 
       h0873  5 0.3761 0.6239 
       h0883  5 0.2701 0.7299 
       h0893  5 0.3099 0.6901 
       h0903  5 0.2100 0.7900 
       h0913  5 0.3625 0.6375 
       h0923  5 0.3579 0.6421 
       h0933  5 0.3404 0.6596 
       h0943  5 0.3079 0.6921 
       h0953  5 0.1846 0.8154 
       h0963  5 0.0553 0.9447 
       h0973  5 0.1897 0.8103 
       h0983  5 0.2403 0.7597 
       h0993  5 0.3405 0.6595 
       h1003  5 0.3236 0.6764 
       h0014  6 0.0659 0.9341 
       h0024  6 0.0819 0.9181 
       h0034  6 0.2284 0.7716 
       h0044  6 0.0182 0.9818 
       h0054  6 0.1891 0.8109 
       h0064  6 0.1305 0.8695 
       h0074  6 0.0790 0.9210 
       h0084  6 0.0639 0.9361 
       h0094  6 0.2713 0.7287 
       h0104  6 0.0812 0.9188 
       h0114  6 0.1152 0.8848 
       h0124  6 0.0256 0.9744 
       h0134  6 0.1003 0.8997 
       h0144  6 0.1573 0.8427 
       h0154  6 0.1427 0.8573 
       h0164  6 0.1146 0.8854 
       h0174  6 0.1922 0.8078 
       h0184  6 0.0448 0.9552 
       h0194  6 0.0831 0.9169 
       h0204  6 0.1353 0.8647 
       h0214  6 0.1841 0.8159 
       h0224  6 0.0817 0.9183 
       h0234  6 0.2589 0.7411 
       h0244  6 0.1711 0.8289 
       h0254  6 0.1225 0.8775 
       h0264  6 0.0596 0.9404 
       h0274  6 0.1126 0.8874 
       h0284  6 0.2409 0.7591 
       h0294  6 0.1760 0.8240 
       h0304  6 0.2529 0.7471 
       h0314  6 0.1652 0.8348 
       h0324  6 0.0193 0.9807 
       h0334  6 0.0737 0.9263 
       h0344  6 0.1720 0.8280 
       h0354  6 0.3041 0.6959 
       h0364  6 0.0232 0.9768 
       h0374  6 0.1130 0.8870 
       h0384  6 0.0771 0.9229 
       h0394  6 0.0521 0.9479 
       h0404  6 0.1223 0.8777 
       h0414  6 0.1608 0.8392 
       h0424  6 0.0847 0.9153 
       h0434  6 0.0213 0.9787 
       h0444  6 0.1341 0.8659 
       h0454  6 0.1906 0.8094 
       h0464  6 0.1389 0.8611 
       h0474  6 0.1106 0.8894 
       h0484  6 0.0249 0.9751 
       h0494  6 0.0921 0.9079 
       h0504  6 0.0613 0.9387 
       h0514  6 0.1266 0.8734 
       h0524  6 0.0842 0.9158 
       h0534  6 0.1401 0.8599 
       h0544  6 0.0757 0.9243 
       h0554  6 0.0288 0.9712 
       h0564  6 0.1018 0.8982 
       h0574  6 0.0636 0.9364 
       h0584  6 0.3263 0.6737 
       h0594  6 0.0638 0.9362 
       h0604  6 0.0717 0.9283 
       h0614  6 0.1222 0.8778 
       h0624  6 0.1400 0.8600 
       h0634  6 0.0194 0.9806 
       h0644  6 0.2002 0.7998 
       h0654  6 0.0666 0.9334 
       h0664  6 0.1107 0.8893 
       h0674  6 0.0478 0.9522 
       h0684  6 0.1343 0.8657 
       h0694  6 0.2750 0.7250 
       h0704  6 0.1486 0.8514 
       h0714  6 0.1697 0.8303 
       h0724  6 0.0910 0.9090 
       h0734  6 0.2134 0.7866 
       h0744  6 0.0814 0.9186 
       h0754  6 0.1529 0.8471 
       h0764  6 0.1735 0.8265 
       h0774  6 0.1510 0.8490 
       h0784  6 0.1390 0.8610 
       h0794  6 0.1015 0.8985 
       h0804  6 0.1641 0.8359 
       h0814  6 0.1140 0.8860 
       h0824  6 0.3331 0.6669 
       h0834  6 0.1465 0.8535 
       h0844  6 0.1012 0.8988 
       h0854  6 0.0535 0.9465 
       h0864  6 0.1603 0.8397 
       h0874  6 0.1214 0.8786 
       h0884  6 0.0483 0.9517 
       h0894  6 0.0818 0.9182 
       h0904  6 0.1618 0.8382 
       h0914  6 0.1184 0.8816 
       h0924  6 0.1196 0.8804 
       h0934  6 0.0590 0.9410 
       h0944  6 0.1335 0.8665 
       h0954  6 0.0192 0.9808 
       h0964  6 0.2579 0.7421 
       h0974  6 0.2479 0.7521 
       h0984  6 0.0384 0.9616 
       h0994  6 0.1903 0.8097 
       h1004  6 0.0877 0.9123 
     CK.0PLA  7 0.0271 0.9729 
     CK.0PLC  7 0.0333 0.9667 
     CK.0PLE  7 0.0202 0.9798 
     CK.0PLF  7 0.1116 0.8884 
     CK.0PLH  7 0.0264 0.9736 
     CK.0PLJ  7 0.0260 0.9740 
     CK.0PLK  7 0.0162 0.9838 
     CK.0PLL  7 0.0249 0.9751 
     CK.0PLM  7 0.0278 0.9722 
     CK.0PLP  7 0.0236 0.9764 
     CK.0PLT  7 0.0156 0.9844 
     CK.0PLU  7 0.0193 0.9807 
     CK.0PLX  7 0.0500 0.9500 
     CK.0PLY  7 0.0157 0.9843 
     CK.0PM0  7 0.0219 0.9781 
     CK.0PM1  7 0.0174 0.9826 
     CK.0PM2  7 0.0242 0.9758 
     CK.0PM3  7 0.0349 0.9651 
     CK.0PM4  7 0.0468 0.9532 
     CK.0PM7  7 0.0190 0.9810 
     CK.0PM8  7 0.0168 0.9832 
     CK.0PMA  7 0.0235 0.9765 
       M2C06  7 0.0174 0.9826 
       M2C07  7 0.0145 0.9855 
       M2C08  7 0.0151 0.9849 
       M2C0A  7 0.0186 0.9814 
       M2C0C  7 0.0185 0.9815 
       M2C0E  7 0.0194 0.9806 
         h01  8 0.0238 0.9762 
         h02  8 0.0170 0.9830 
         h03  8 0.0177 0.9823 
         h04  8 0.0300 0.9700 
         h05  8 0.0142 0.9858 
         h06  8 0.0661 0.9339 
         h07  8 0.0172 0.9828 
         h08  8 0.0193 0.9807 
         h09  8 0.0234 0.9766 
         h10  8 0.0205 0.9795 
         h11  8 0.0274 0.9726 
         h12  8 0.0154 0.9846 
         h13  8 0.0270 0.9730 
         h14  8 0.0378 0.9622 
         h15  8 0.0144 0.9856 
         h16  8 0.0187 0.9813 
         h17  8 0.0212 0.9788 
         h18  8 0.0240 0.9760 
         h19  8 0.0262 0.9738 
         h20  8 0.0175 0.9825 
         h21  8 0.0175 0.9825 
         h22  8 0.0192 0.9808 
         h23  8 0.0324 0.9676 
         h24  8 0.0359 0.9641 
         h25  8 0.0191 0.9809 
         h26  8 0.0157 0.9843 
         h27  8 0.0210 0.9790 
         h28  8 0.0156 0.9844 
         h29  8 0.0196 0.9804 
         h30  8 0.0149 0.9851 
         h31  8 0.0179 0.9821 
         h32  8 0.0183 0.9817 
         h33  8 0.0361 0.9639 
         h34  8 0.0848 0.9152 
         h35  8 0.0225 0.9775 
         h36  8 0.0329 0.9671 
         h37  8 0.0207 0.9793 
         h38  8 0.0215 0.9785 
         h39  8 0.0217 0.9783 
         h40  8 0.0264 0.9736 
         h41  8 0.0313 0.9687 
         h42  8 0.0501 0.9499 
         h43  8 0.0219 0.9781 
         h44  8 0.0209 0.9791 
         h45  8 0.0289 0.9711 
         h46  8 0.0198 0.9802 
         h47  8 0.0230 0.9770 
         h48  8 0.0266 0.9734 
         h49  8 0.0170 0.9830 
         h50  8 0.0193 0.9807 
         h51  8 0.0170 0.9830 
         h52  8 0.0194 0.9806 
         h53  8 0.0188 0.9812 
         h54  8 0.0322 0.9678 
         h55  8 0.0230 0.9770 
         h56  8 0.0277 0.9723 
         h57  8 0.0273 0.9727 
         h58  8 0.0159 0.9841 
         h59  8 0.0171 0.9829 
         h60  8 0.0209 0.9791 
         h61  8 0.0192 0.9808 
         h62  8 0.0168 0.9832 
         h63  8 0.0187 0.9813 
         h64  8 0.0167 0.9833 
         h65  8 0.0190 0.9810 
         h66  8 0.0160 0.9840 
         h67  8 0.0141 0.9859 
         h68  8 0.0203 0.9797 
         h69  8 0.0277 0.9723 
         h70  8 0.0220 0.9780 
         h71  8 0.0180 0.9820 
         h72  8 0.0292 0.9708 
