

----------------------------------------------------
STRUCTURE by Pritchard, Stephens and Donnelly (2000)
     and Falush, Stephens and Pritchard (2003)
       Code by Pritchard, Falush and Hubisz
             Version 2.3.4 (Jul 2012)
----------------------------------------------------



Command line arguments:   /home/eva.pavlovic/Structure/structure -m parameter_job_4b1_7_4 
Input File:    /home/eva.pavlovic/data_job_4b1_7_4

Run parameters:
   700 individuals
   20 loci
   2 populations assumed
   300000 Burn-in period
   3000000 Reps


--------------------------------------------
Proportion of membership of each pre-defined
 population in each of the 2 clusters

Given    Inferred Clusters       Number of
 Pop       1      2             Individuals

  1:     0.965  0.035             100
  2:     0.904  0.096             100
  3:     0.782  0.218             100
  4:     0.497  0.503             100
  5:     0.248  0.752             100
  6:     0.125  0.875             100
  7:     0.027  0.973              28
  8:     0.024  0.976              72
--------------------------------------------

Allele-freq. divergence among pops (Net nucleotide distance),
computed using point estimates of P.

      1       2      
 1      -    0.1154  
 2   0.1154     -    

Average distances (expected heterozygosity) between individuals in same cluster:
cluster  1  : 0.7931 
cluster  2  : 0.6518 

--------------------------------------------
Estimated Ln Prob of Data   = -49785.5
Mean value of ln likelihood = -49492.8
Variance of ln likelihood   = 585.5
Mean value of alpha         = 0.3869

Mean value of Fst_1         = 0.0115
Mean value of Fst_2         = 0.2984


Inferred ancestry of individuals:
        Label (%Miss) Pop:  Inferred clusters
  1    M1EL5    (5)    1 :  0.973 0.027 
  2    W26T6    (5)    1 :  0.961 0.039 
  3    W26XX    (5)    1 :  0.976 0.024 
  4    M013P    (0)    1 :  0.965 0.035 
  5    M1ELA    (0)    1 :  0.942 0.058 
  6    M2C73    (0)    1 :  0.976 0.024 
  7    W23P4    (0)    1 :  0.930 0.070 
  8    W247C    (5)    1 :  0.971 0.029 
  9    W24K1    (0)    1 :  0.976 0.024 
 10    W24ME    (0)    1 :  0.954 0.046 
 11    W2514    (0)    1 :  0.962 0.038 
 12    W26MA    (0)    1 :  0.949 0.051 
 13    W26MM    (0)    1 :  0.959 0.041 
 14    W26MU    (0)    1 :  0.973 0.027 
 15    W26P0    (0)    1 :  0.977 0.023 
 16    W26P3    (0)    1 :  0.979 0.021 
 17    W26T5    (0)    1 :  0.980 0.020 
 18    W26TE    (0)    1 :  0.967 0.033 
 19    W26TF    (0)    1 :  0.938 0.062 
 20    W26U8    (0)    1 :  0.946 0.054 
 21    W26UJ    (0)    1 :  0.969 0.031 
 22    W26UK    (0)    1 :  0.983 0.017 
 23    W26UT    (0)    1 :  0.980 0.020 
 24    W26XT    (0)    1 :  0.953 0.047 
 25   CC06H2    (0)    1 :  0.935 0.065 
 26   CC06H4    (0)    1 :  0.953 0.047 
 27   CC06H5    (5)    1 :  0.962 0.038 
 28   CC06H6    (0)    1 :  0.982 0.018 
 29   CC06HE    (0)    1 :  0.977 0.023 
 30   CC06HF    (0)    1 :  0.956 0.044 
 31   CC06HH    (0)    1 :  0.980 0.020 
 32   CC06HJ    (0)    1 :  0.968 0.032 
 33   CC06HL    (0)    1 :  0.980 0.020 
 34   CC06HP    (0)    1 :  0.981 0.019 
 35   CC06HT    (0)    1 :  0.960 0.040 
 36   CC06HU    (0)    1 :  0.978 0.022 
 37   CC06HY    (0)    1 :  0.951 0.049 
 38   CC06J0    (0)    1 :  0.952 0.048 
 39   CC06J1    (0)    1 :  0.966 0.034 
 40   CC06J2    (0)    1 :  0.965 0.035 
 41  CT.0YCY    (0)    1 :  0.969 0.031 
 42  CT.0YEC    (0)    1 :  0.981 0.019 
 43  CT.0YEF    (0)    1 :  0.978 0.022 
 44  CT.0YEU    (0)    1 :  0.983 0.017 
 45  CT.0YF2    (5)    1 :  0.954 0.046 
 46  CT.0YF8    (0)    1 :  0.984 0.016 
 47  CT.0YFA    (0)    1 :  0.984 0.016 
 48  CT.0YFE    (0)    1 :  0.958 0.042 
 49  CT.0YFP    (0)    1 :  0.958 0.042 
 50  CT.0YFU    (0)    1 :  0.974 0.026 
 51  CT.0YK7    (0)    1 :  0.944 0.056 
 52  CX.10PT    (0)    1 :  0.887 0.113 
 53   DAM021    (0)    1 :  0.975 0.025 
 54   DAM034    (0)    1 :  0.983 0.017 
 55   DAM07X    (0)    1 :  0.978 0.022 
 56  EF.15J6    (0)    1 :  0.978 0.022 
 57   HRV010   (10)    1 :  0.964 0.036 
 58   HRV02J    (5)    1 :  0.970 0.030 
 59   HRV078    (0)    1 :  0.965 0.035 
 60   HRV0FH    (0)    1 :  0.978 0.022 
 61   HRV0H5    (0)    1 :  0.972 0.028 
 62   HRV0JF    (0)    1 :  0.976 0.024 
 63   HRV0JJ    (0)    1 :  0.972 0.028 
 64   HRV0JM    (0)    1 :  0.980 0.020 
 65   HRV0K6    (0)    1 :  0.928 0.072 
 66   HRV0K7    (0)    1 :  0.976 0.024 
 67   HRV0KP    (5)    1 :  0.926 0.074 
 68   HRV1AX    (0)    1 :  0.966 0.034 
 69   HRV1C4    (0)    1 :  0.982 0.018 
 70   HRV1CH    (0)    1 :  0.975 0.025 
 71   HRV1FA    (5)    1 :  0.965 0.035 
 72   HRV1FK    (0)    1 :  0.945 0.055 
 73   HRV1H8    (5)    1 :  0.978 0.022 
 74   HRV1HT   (10)    1 :  0.963 0.037 
 75   HRV1XU   (10)    1 :  0.932 0.068 
 76   HRV4TF    (0)    1 :  0.967 0.033 
 77   HRV6F0   (10)    1 :  0.966 0.034 
 78   HRVE6L    (0)    1 :  0.945 0.055 
 79    M27HM    (5)    1 :  0.978 0.022 
 80    M27HP    (0)    1 :  0.977 0.023 
 81    M2AK4    (0)    1 :  0.976 0.024 
 82    M2ALA    (0)    1 :  0.976 0.024 
 83    M2C56    (0)    1 :  0.973 0.027 
 84    M2CUX    (0)    1 :  0.950 0.050 
 85    M2E24    (0)    1 :  0.980 0.020 
 86    M2EA7    (5)    1 :  0.976 0.024 
 87    M2EH6    (0)    1 :  0.978 0.022 
 88    M2EKC    (0)    1 :  0.938 0.062 
 89   MSV083    (0)    1 :  0.899 0.101 
 90   MSV084    (0)    1 :  0.974 0.026 
 91   MSV0LJ    (0)    1 :  0.968 0.032 
 92   MSV1H5    (0)    1 :  0.974 0.026 
 93   MSV1KM    (0)    1 :  0.979 0.021 
 94   MSV23F    (5)    1 :  0.926 0.074 
 95   MSV2L8    (0)    1 :  0.973 0.027 
 96   MSV2P7    (5)    1 :  0.971 0.029 
 97   MSV2TJ    (0)    1 :  0.982 0.018 
 98   MSV2XM    (0)    1 :  0.964 0.036 
 99   MSV327    (5)    1 :  0.964 0.036 
100   MSV33L    (5)    1 :  0.979 0.021 
101     h001    (0)    2 :  0.853 0.147 
102     h002    (0)    2 :  0.919 0.081 
103     h003    (0)    2 :  0.929 0.071 
104     h004    (0)    2 :  0.913 0.087 
105     h005    (0)    2 :  0.798 0.202 
106     h006    (0)    2 :  0.964 0.036 
107     h007    (0)    2 :  0.937 0.063 
108     h008    (0)    2 :  0.914 0.086 
109     h009    (0)    2 :  0.822 0.178 
110     h010    (0)    2 :  0.923 0.077 
111     h011    (0)    2 :  0.981 0.019 
112     h012    (0)    2 :  0.954 0.046 
113     h013    (0)    2 :  0.950 0.050 
114     h014    (0)    2 :  0.908 0.092 
115     h015    (0)    2 :  0.918 0.082 
116     h016    (0)    2 :  0.940 0.060 
117     h017    (0)    2 :  0.906 0.094 
118     h018    (0)    2 :  0.910 0.090 
119     h019    (0)    2 :  0.845 0.155 
120     h020    (0)    2 :  0.932 0.068 
121     h021    (0)    2 :  0.972 0.028 
122     h022    (0)    2 :  0.899 0.101 
123     h023    (0)    2 :  0.928 0.072 
124     h024    (0)    2 :  0.821 0.179 
125     h025    (0)    2 :  0.951 0.049 
126     h026    (0)    2 :  0.965 0.035 
127     h027    (0)    2 :  0.875 0.125 
128     h028    (0)    2 :  0.914 0.086 
129     h029    (0)    2 :  0.801 0.199 
130     h030    (0)    2 :  0.920 0.080 
131     h031    (0)    2 :  0.933 0.067 
132     h032    (0)    2 :  0.926 0.074 
133     h033    (0)    2 :  0.961 0.039 
134     h034    (0)    2 :  0.977 0.023 
135     h035    (0)    2 :  0.890 0.110 
136     h036    (0)    2 :  0.818 0.182 
137     h037    (0)    2 :  0.964 0.036 
138     h038    (0)    2 :  0.901 0.099 
139     h039    (0)    2 :  0.931 0.069 
140     h040    (0)    2 :  0.929 0.071 
141     h041    (0)    2 :  0.906 0.094 
142     h042    (0)    2 :  0.955 0.045 
143     h043    (0)    2 :  0.931 0.069 
144     h044    (0)    2 :  0.803 0.197 
145     h045    (0)    2 :  0.948 0.052 
146     h046    (0)    2 :  0.973 0.027 
147     h047    (0)    2 :  0.915 0.085 
148     h048    (0)    2 :  0.968 0.032 
149     h049    (0)    2 :  0.962 0.038 
150     h050    (0)    2 :  0.905 0.095 
151     h051    (0)    2 :  0.801 0.199 
152     h052    (0)    2 :  0.777 0.223 
153     h053    (0)    2 :  0.893 0.107 
154     h054    (0)    2 :  0.963 0.037 
155     h055    (0)    2 :  0.838 0.162 
156     h056    (0)    2 :  0.857 0.143 
157     h057    (0)    2 :  0.936 0.064 
158     h058    (0)    2 :  0.950 0.050 
159     h059    (0)    2 :  0.893 0.107 
160     h060    (0)    2 :  0.743 0.257 
161     h061    (0)    2 :  0.934 0.066 
162     h062    (0)    2 :  0.939 0.061 
163     h063    (0)    2 :  0.904 0.096 
164     h064    (0)    2 :  0.804 0.196 
165     h065    (0)    2 :  0.968 0.032 
166     h066    (0)    2 :  0.898 0.102 
167     h067    (0)    2 :  0.886 0.114 
168     h068    (0)    2 :  0.854 0.146 
169     h069    (0)    2 :  0.959 0.041 
170     h070    (0)    2 :  0.878 0.122 
171     h071    (0)    2 :  0.858 0.142 
172     h072    (0)    2 :  0.906 0.094 
173     h073    (0)    2 :  0.867 0.133 
174     h074    (0)    2 :  0.967 0.033 
175     h075    (0)    2 :  0.770 0.230 
176     h076    (0)    2 :  0.840 0.160 
177     h077    (0)    2 :  0.962 0.038 
178     h078    (0)    2 :  0.898 0.102 
179     h079    (0)    2 :  0.828 0.172 
180     h080    (0)    2 :  0.730 0.270 
181     h081    (0)    2 :  0.833 0.167 
182     h082    (0)    2 :  0.959 0.041 
183     h083    (0)    2 :  0.936 0.064 
184     h084    (0)    2 :  0.894 0.106 
185     h085    (0)    2 :  0.969 0.031 
186     h086    (0)    2 :  0.920 0.080 
187     h087    (0)    2 :  0.930 0.070 
188     h088    (0)    2 :  0.905 0.095 
189     h089    (0)    2 :  0.893 0.107 
190     h090    (0)    2 :  0.952 0.048 
191     h091    (0)    2 :  0.940 0.060 
192     h092    (0)    2 :  0.976 0.024 
193     h093    (0)    2 :  0.958 0.042 
194     h094    (0)    2 :  0.840 0.160 
195     h095    (0)    2 :  0.972 0.028 
196     h096    (0)    2 :  0.977 0.023 
197     h097    (0)    2 :  0.865 0.135 
198     h098    (0)    2 :  0.961 0.039 
199     h099    (0)    2 :  0.860 0.140 
200     h100    (0)    2 :  0.801 0.199 
201    h0011    (0)    3 :  0.781 0.219 
202    h0021    (0)    3 :  0.890 0.110 
203    h0031    (0)    3 :  0.886 0.114 
204    h0041    (0)    3 :  0.639 0.361 
205    h0051    (0)    3 :  0.729 0.271 
206    h0061    (0)    3 :  0.592 0.408 
207    h0071    (0)    3 :  0.750 0.250 
208    h0081    (0)    3 :  0.760 0.240 
209    h0091    (0)    3 :  0.875 0.125 
210    h0101    (0)    3 :  0.589 0.411 
211    h0111    (0)    3 :  0.852 0.148 
212    h0121    (0)    3 :  0.644 0.356 
213    h0131    (0)    3 :  0.821 0.179 
214    h0141    (0)    3 :  0.565 0.435 
215    h0151    (0)    3 :  0.759 0.241 
216    h0161    (0)    3 :  0.843 0.157 
217    h0171    (0)    3 :  0.812 0.188 
218    h0181    (0)    3 :  0.830 0.170 
219    h0191    (0)    3 :  0.807 0.193 
220    h0201    (0)    3 :  0.920 0.080 
221    h0211    (0)    3 :  0.806 0.194 
222    h0221    (0)    3 :  0.719 0.281 
223    h0231    (0)    3 :  0.878 0.122 
224    h0241    (0)    3 :  0.869 0.131 
225    h0251    (0)    3 :  0.690 0.310 
226    h0261    (0)    3 :  0.819 0.181 
227    h0271    (0)    3 :  0.959 0.041 
228    h0281    (0)    3 :  0.709 0.291 
229    h0291    (0)    3 :  0.821 0.179 
230    h0301    (0)    3 :  0.797 0.203 
231    h0311    (0)    3 :  0.919 0.081 
232    h0321    (0)    3 :  0.950 0.050 
233    h0331    (0)    3 :  0.911 0.089 
234    h0341    (0)    3 :  0.753 0.247 
235    h0351    (0)    3 :  0.906 0.094 
236    h0361    (0)    3 :  0.785 0.215 
237    h0371    (0)    3 :  0.842 0.158 
238    h0381    (0)    3 :  0.841 0.159 
239    h0391    (0)    3 :  0.795 0.205 
240    h0401    (0)    3 :  0.881 0.119 
241    h0411    (0)    3 :  0.618 0.382 
242    h0421    (0)    3 :  0.795 0.205 
243    h0431    (0)    3 :  0.619 0.381 
244    h0441    (0)    3 :  0.704 0.296 
245    h0451    (0)    3 :  0.705 0.295 
246    h0461    (0)    3 :  0.787 0.213 
247    h0471    (0)    3 :  0.744 0.256 
248    h0481    (0)    3 :  0.699 0.301 
249    h0491    (0)    3 :  0.809 0.191 
250    h0501    (0)    3 :  0.907 0.093 
251    h0511    (0)    3 :  0.769 0.231 
252    h0521    (0)    3 :  0.747 0.253 
253    h0531    (0)    3 :  0.928 0.072 
254    h0541    (0)    3 :  0.743 0.257 
255    h0551    (0)    3 :  0.686 0.314 
256    h0561    (0)    3 :  0.794 0.206 
257    h0571    (0)    3 :  0.694 0.306 
258    h0581    (0)    3 :  0.853 0.147 
259    h0591    (0)    3 :  0.596 0.404 
260    h0601    (0)    3 :  0.779 0.221 
261    h0611    (0)    3 :  0.910 0.090 
262    h0621    (0)    3 :  0.733 0.267 
263    h0631    (0)    3 :  0.754 0.246 
264    h0641    (0)    3 :  0.721 0.279 
265    h0651    (0)    3 :  0.857 0.143 
266    h0661    (0)    3 :  0.601 0.399 
267    h0671    (0)    3 :  0.926 0.074 
268    h0681    (0)    3 :  0.732 0.268 
269    h0691    (0)    3 :  0.649 0.351 
270    h0701    (0)    3 :  0.700 0.300 
271    h0711    (0)    3 :  0.728 0.272 
272    h0721    (0)    3 :  0.686 0.314 
273    h0731    (0)    3 :  0.802 0.198 
274    h0741    (0)    3 :  0.816 0.184 
275    h0751    (0)    3 :  0.752 0.248 
276    h0761    (0)    3 :  0.704 0.296 
277    h0771    (0)    3 :  0.799 0.201 
278    h0781    (0)    3 :  0.779 0.221 
279    h0791    (0)    3 :  0.787 0.213 
280    h0801    (0)    3 :  0.816 0.184 
281    h0811    (0)    3 :  0.743 0.257 
282    h0821    (0)    3 :  0.712 0.288 
283    h0831    (0)    3 :  0.582 0.418 
284    h0841    (0)    3 :  0.961 0.039 
285    h0851    (0)    3 :  0.865 0.135 
286    h0861    (0)    3 :  0.919 0.081 
287    h0871    (0)    3 :  0.759 0.241 
288    h0881    (0)    3 :  0.959 0.041 
289    h0891    (0)    3 :  0.905 0.095 
290    h0901    (0)    3 :  0.885 0.115 
291    h0911    (0)    3 :  0.858 0.142 
292    h0921    (0)    3 :  0.698 0.302 
293    h0931    (0)    3 :  0.818 0.182 
294    h0941    (0)    3 :  0.876 0.124 
295    h0951    (0)    3 :  0.609 0.391 
296    h0961    (0)    3 :  0.976 0.024 
297    h0971    (0)    3 :  0.790 0.210 
298    h0981    (0)    3 :  0.719 0.281 
299    h0991    (0)    3 :  0.851 0.149 
300    h1001    (0)    3 :  0.495 0.505 
301    h0012    (0)    4 :  0.466 0.534 
302    h0022    (0)    4 :  0.423 0.577 
303    h0032    (0)    4 :  0.422 0.578 
304    h0042    (0)    4 :  0.451 0.549 
305    h0052    (0)    4 :  0.523 0.477 
306    h0062    (0)    4 :  0.456 0.544 
307    h0072    (0)    4 :  0.592 0.408 
308    h0082    (0)    4 :  0.465 0.535 
309    h0092    (0)    4 :  0.491 0.509 
310    h0102    (0)    4 :  0.606 0.394 
311    h0112    (0)    4 :  0.415 0.585 
312    h0122    (0)    4 :  0.537 0.463 
313    h0132    (0)    4 :  0.425 0.575 
314    h0142    (0)    4 :  0.468 0.532 
315    h0152    (0)    4 :  0.405 0.595 
316    h0162    (0)    4 :  0.463 0.537 
317    h0172    (0)    4 :  0.552 0.448 
318    h0182    (0)    4 :  0.431 0.569 
319    h0192    (0)    4 :  0.456 0.544 
320    h0202    (0)    4 :  0.406 0.594 
321    h0212    (0)    4 :  0.535 0.465 
322    h0222    (0)    4 :  0.627 0.373 
323    h0232    (0)    4 :  0.612 0.388 
324    h0242    (0)    4 :  0.500 0.500 
325    h0252    (0)    4 :  0.543 0.457 
326    h0262    (0)    4 :  0.566 0.434 
327    h0272    (0)    4 :  0.578 0.422 
328    h0282    (0)    4 :  0.405 0.595 
329    h0292    (0)    4 :  0.543 0.457 
330    h0302    (0)    4 :  0.501 0.499 
331    h0312    (0)    4 :  0.476 0.524 
332    h0322    (0)    4 :  0.473 0.527 
333    h0332    (0)    4 :  0.500 0.500 
334    h0342    (0)    4 :  0.611 0.389 
335    h0352    (0)    4 :  0.556 0.444 
336    h0362    (0)    4 :  0.640 0.360 
337    h0372    (0)    4 :  0.513 0.487 
338    h0382    (0)    4 :  0.592 0.408 
339    h0392    (0)    4 :  0.674 0.326 
340    h0402    (0)    4 :  0.556 0.444 
341    h0412    (0)    4 :  0.423 0.577 
342    h0422    (0)    4 :  0.457 0.543 
343    h0432    (0)    4 :  0.413 0.587 
344    h0442    (0)    4 :  0.451 0.549 
345    h0452    (0)    4 :  0.576 0.424 
346    h0462    (0)    4 :  0.524 0.476 
347    h0472    (0)    4 :  0.526 0.474 
348    h0482    (0)    4 :  0.478 0.522 
349    h0492    (0)    4 :  0.555 0.445 
350    h0502    (0)    4 :  0.528 0.472 
351    h0512    (0)    4 :  0.466 0.534 
352    h0522    (0)    4 :  0.553 0.447 
353    h0532    (0)    4 :  0.543 0.457 
354    h0542    (0)    4 :  0.359 0.641 
355    h0552    (0)    4 :  0.383 0.617 
356    h0562    (0)    4 :  0.621 0.379 
357    h0572    (0)    4 :  0.458 0.542 
358    h0582    (0)    4 :  0.526 0.474 
359    h0592    (0)    4 :  0.457 0.543 
360    h0602    (0)    4 :  0.416 0.584 
361    h0612    (0)    4 :  0.465 0.535 
362    h0622    (0)    4 :  0.426 0.574 
363    h0632    (0)    4 :  0.451 0.549 
364    h0642    (0)    4 :  0.474 0.526 
365    h0652    (0)    4 :  0.359 0.641 
366    h0662    (0)    4 :  0.525 0.475 
367    h0672    (0)    4 :  0.454 0.546 
368    h0682    (0)    4 :  0.499 0.501 
369    h0692    (0)    4 :  0.525 0.475 
370    h0702    (0)    4 :  0.527 0.473 
371    h0712    (0)    4 :  0.432 0.568 
372    h0722    (0)    4 :  0.517 0.483 
373    h0732    (0)    4 :  0.316 0.684 
374    h0742    (0)    4 :  0.393 0.607 
375    h0752    (0)    4 :  0.538 0.462 
376    h0762    (0)    4 :  0.476 0.524 
377    h0772    (0)    4 :  0.343 0.657 
378    h0782    (0)    4 :  0.513 0.487 
379    h0792    (0)    4 :  0.512 0.488 
380    h0802    (0)    4 :  0.500 0.500 
381    h0812    (0)    4 :  0.723 0.277 
382    h0822    (0)    4 :  0.473 0.527 
383    h0832    (0)    4 :  0.435 0.565 
384    h0842    (0)    4 :  0.680 0.320 
385    h0852    (0)    4 :  0.501 0.499 
386    h0862    (0)    4 :  0.425 0.575 
387    h0872    (0)    4 :  0.494 0.506 
388    h0882    (0)    4 :  0.431 0.569 
389    h0892    (0)    4 :  0.480 0.520 
390    h0902    (0)    4 :  0.567 0.433 
391    h0912    (0)    4 :  0.502 0.498 
392    h0922    (0)    4 :  0.394 0.606 
393    h0932    (0)    4 :  0.579 0.421 
394    h0942    (0)    4 :  0.631 0.369 
395    h0952    (0)    4 :  0.512 0.488 
396    h0962    (0)    4 :  0.486 0.514 
397    h0972    (0)    4 :  0.444 0.556 
398    h0982    (0)    4 :  0.479 0.521 
399    h0992    (0)    4 :  0.414 0.586 
400    h1002    (0)    4 :  0.672 0.328 
401    h0013    (0)    5 :  0.235 0.765 
402    h0023    (0)    5 :  0.398 0.602 
403    h0033    (0)    5 :  0.287 0.713 
404    h0043    (0)    5 :  0.290 0.710 
405    h0053    (0)    5 :  0.254 0.746 
406    h0063    (0)    5 :  0.311 0.689 
407    h0073    (0)    5 :  0.188 0.812 
408    h0083    (0)    5 :  0.400 0.600 
409    h0093    (0)    5 :  0.379 0.621 
410    h0103    (0)    5 :  0.186 0.814 
411    h0113    (0)    5 :  0.181 0.819 
412    h0123    (0)    5 :  0.221 0.779 
413    h0133    (0)    5 :  0.262 0.738 
414    h0143    (0)    5 :  0.318 0.682 
415    h0153    (0)    5 :  0.255 0.745 
416    h0163    (0)    5 :  0.301 0.699 
417    h0173    (0)    5 :  0.230 0.770 
418    h0183    (0)    5 :  0.273 0.727 
419    h0193    (0)    5 :  0.331 0.669 
420    h0203    (0)    5 :  0.324 0.676 
421    h0213    (0)    5 :  0.319 0.681 
422    h0223    (0)    5 :  0.097 0.903 
423    h0233    (0)    5 :  0.245 0.755 
424    h0243    (0)    5 :  0.213 0.787 
425    h0253    (0)    5 :  0.202 0.798 
426    h0263    (0)    5 :  0.412 0.588 
427    h0273    (0)    5 :  0.408 0.592 
428    h0283    (0)    5 :  0.233 0.767 
429    h0293    (0)    5 :  0.321 0.679 
430    h0303    (0)    5 :  0.158 0.842 
431    h0313    (0)    5 :  0.522 0.478 
432    h0323    (0)    5 :  0.294 0.706 
433    h0333    (0)    5 :  0.147 0.853 
434    h0343    (0)    5 :  0.248 0.752 
435    h0353    (0)    5 :  0.405 0.595 
436    h0363    (0)    5 :  0.374 0.626 
437    h0373    (0)    5 :  0.238 0.762 
438    h0383    (0)    5 :  0.098 0.902 
439    h0393    (0)    5 :  0.226 0.774 
440    h0403    (0)    5 :  0.184 0.816 
441    h0413    (0)    5 :  0.226 0.774 
442    h0423    (0)    5 :  0.130 0.870 
443    h0433    (0)    5 :  0.182 0.818 
444    h0443    (0)    5 :  0.192 0.808 
445    h0453    (0)    5 :  0.196 0.804 
446    h0463    (0)    5 :  0.138 0.862 
447    h0473    (0)    5 :  0.359 0.641 
448    h0483    (0)    5 :  0.276 0.724 
449    h0493    (0)    5 :  0.216 0.784 
450    h0503    (0)    5 :  0.171 0.829 
451    h0513    (0)    5 :  0.070 0.930 
452    h0523    (0)    5 :  0.207 0.793 
453    h0533    (0)    5 :  0.161 0.839 
454    h0543    (0)    5 :  0.143 0.857 
455    h0553    (0)    5 :  0.299 0.701 
456    h0563    (0)    5 :  0.311 0.689 
457    h0573    (0)    5 :  0.368 0.632 
458    h0583    (0)    5 :  0.249 0.751 
459    h0593    (0)    5 :  0.334 0.666 
460    h0603    (0)    5 :  0.211 0.789 
461    h0613    (0)    5 :  0.249 0.751 
462    h0623    (0)    5 :  0.229 0.771 
463    h0633    (0)    5 :  0.382 0.618 
464    h0643    (0)    5 :  0.128 0.872 
465    h0653    (0)    5 :  0.246 0.754 
466    h0663    (0)    5 :  0.294 0.706 
467    h0673    (0)    5 :  0.245 0.755 
468    h0683    (0)    5 :  0.129 0.871 
469    h0693    (0)    5 :  0.223 0.777 
470    h0703    (0)    5 :  0.115 0.885 
471    h0713    (0)    5 :  0.202 0.798 
472    h0723    (0)    5 :  0.120 0.880 
473    h0733    (0)    5 :  0.479 0.521 
474    h0743    (0)    5 :  0.285 0.715 
475    h0753    (0)    5 :  0.152 0.848 
476    h0763    (0)    5 :  0.266 0.734 
477    h0773    (0)    5 :  0.056 0.944 
478    h0783    (0)    5 :  0.063 0.937 
479    h0793    (0)    5 :  0.215 0.785 
480    h0803    (0)    5 :  0.323 0.677 
481    h0813    (0)    5 :  0.110 0.890 
482    h0823    (0)    5 :  0.246 0.754 
483    h0833    (0)    5 :  0.175 0.825 
484    h0843    (0)    5 :  0.150 0.850 
485    h0853    (0)    5 :  0.358 0.642 
486    h0863    (0)    5 :  0.119 0.881 
487    h0873    (0)    5 :  0.375 0.625 
488    h0883    (0)    5 :  0.270 0.730 
489    h0893    (0)    5 :  0.310 0.690 
490    h0903    (0)    5 :  0.210 0.790 
491    h0913    (0)    5 :  0.362 0.638 
492    h0923    (0)    5 :  0.358 0.642 
493    h0933    (0)    5 :  0.340 0.660 
494    h0943    (0)    5 :  0.308 0.692 
495    h0953    (0)    5 :  0.184 0.816 
496    h0963    (0)    5 :  0.055 0.945 
497    h0973    (0)    5 :  0.189 0.811 
498    h0983    (0)    5 :  0.240 0.760 
499    h0993    (0)    5 :  0.340 0.660 
500    h1003    (0)    5 :  0.323 0.677 
501    h0014    (0)    6 :  0.066 0.934 
502    h0024    (0)    6 :  0.082 0.918 
503    h0034    (0)    6 :  0.228 0.772 
504    h0044    (0)    6 :  0.018 0.982 
505    h0054    (0)    6 :  0.189 0.811 
506    h0064    (0)    6 :  0.131 0.869 
507    h0074    (0)    6 :  0.079 0.921 
508    h0084    (0)    6 :  0.063 0.937 
509    h0094    (0)    6 :  0.271 0.729 
510    h0104    (0)    6 :  0.081 0.919 
511    h0114    (0)    6 :  0.115 0.885 
512    h0124    (0)    6 :  0.026 0.974 
513    h0134    (0)    6 :  0.100 0.900 
514    h0144    (0)    6 :  0.157 0.843 
515    h0154    (0)    6 :  0.142 0.858 
516    h0164    (0)    6 :  0.114 0.886 
517    h0174    (0)    6 :  0.192 0.808 
518    h0184    (0)    6 :  0.045 0.955 
519    h0194    (0)    6 :  0.083 0.917 
520    h0204    (0)    6 :  0.135 0.865 
521    h0214    (0)    6 :  0.184 0.816 
522    h0224    (0)    6 :  0.081 0.919 
523    h0234    (0)    6 :  0.259 0.741 
524    h0244    (0)    6 :  0.171 0.829 
525    h0254    (0)    6 :  0.122 0.878 
526    h0264    (0)    6 :  0.059 0.941 
527    h0274    (0)    6 :  0.112 0.888 
528    h0284    (0)    6 :  0.240 0.760 
529    h0294    (0)    6 :  0.176 0.824 
530    h0304    (0)    6 :  0.252 0.748 
531    h0314    (0)    6 :  0.165 0.835 
532    h0324    (0)    6 :  0.019 0.981 
533    h0334    (0)    6 :  0.073 0.927 
534    h0344    (0)    6 :  0.172 0.828 
535    h0354    (0)    6 :  0.303 0.697 
536    h0364    (0)    6 :  0.023 0.977 
537    h0374    (0)    6 :  0.112 0.888 
538    h0384    (0)    6 :  0.077 0.923 
539    h0394    (0)    6 :  0.052 0.948 
540    h0404    (0)    6 :  0.122 0.878 
541    h0414    (0)    6 :  0.161 0.839 
542    h0424    (0)    6 :  0.085 0.915 
543    h0434    (0)    6 :  0.021 0.979 
544    h0444    (0)    6 :  0.134 0.866 
545    h0454    (0)    6 :  0.191 0.809 
546    h0464    (0)    6 :  0.139 0.861 
547    h0474    (0)    6 :  0.110 0.890 
548    h0484    (0)    6 :  0.025 0.975 
549    h0494    (0)    6 :  0.092 0.908 
550    h0504    (0)    6 :  0.061 0.939 
551    h0514    (0)    6 :  0.126 0.874 
552    h0524    (0)    6 :  0.084 0.916 
553    h0534    (0)    6 :  0.140 0.860 
554    h0544    (0)    6 :  0.075 0.925 
555    h0554    (0)    6 :  0.029 0.971 
556    h0564    (0)    6 :  0.102 0.898 
557    h0574    (0)    6 :  0.063 0.937 
558    h0584    (0)    6 :  0.326 0.674 
559    h0594    (0)    6 :  0.063 0.937 
560    h0604    (0)    6 :  0.071 0.929 
561    h0614    (0)    6 :  0.122 0.878 
562    h0624    (0)    6 :  0.140 0.860 
563    h0634    (0)    6 :  0.019 0.981 
564    h0644    (0)    6 :  0.200 0.800 
565    h0654    (0)    6 :  0.066 0.934 
566    h0664    (0)    6 :  0.110 0.890 
567    h0674    (0)    6 :  0.048 0.952 
568    h0684    (0)    6 :  0.134 0.866 
569    h0694    (0)    6 :  0.275 0.725 
570    h0704    (0)    6 :  0.148 0.852 
571    h0714    (0)    6 :  0.169 0.831 
572    h0724    (0)    6 :  0.091 0.909 
573    h0734    (0)    6 :  0.213 0.787 
574    h0744    (0)    6 :  0.081 0.919 
575    h0754    (0)    6 :  0.153 0.847 
576    h0764    (0)    6 :  0.173 0.827 
577    h0774    (0)    6 :  0.150 0.850 
578    h0784    (0)    6 :  0.139 0.861 
579    h0794    (0)    6 :  0.101 0.899 
580    h0804    (0)    6 :  0.164 0.836 
581    h0814    (0)    6 :  0.114 0.886 
582    h0824    (0)    6 :  0.333 0.667 
583    h0834    (0)    6 :  0.146 0.854 
584    h0844    (0)    6 :  0.101 0.899 
585    h0854    (0)    6 :  0.053 0.947 
586    h0864    (0)    6 :  0.160 0.840 
587    h0874    (0)    6 :  0.121 0.879 
588    h0884    (0)    6 :  0.048 0.952 
589    h0894    (0)    6 :  0.082 0.918 
590    h0904    (0)    6 :  0.162 0.838 
591    h0914    (0)    6 :  0.118 0.882 
592    h0924    (0)    6 :  0.119 0.881 
593    h0934    (0)    6 :  0.059 0.941 
594    h0944    (0)    6 :  0.133 0.867 
595    h0954    (0)    6 :  0.019 0.981 
596    h0964    (0)    6 :  0.258 0.742 
597    h0974    (0)    6 :  0.248 0.752 
598    h0984    (0)    6 :  0.038 0.962 
599    h0994    (0)    6 :  0.190 0.810 
600    h1004    (0)    6 :  0.087 0.913 
601  CK.0PLA    (5)    7 :  0.027 0.973 
602  CK.0PLC    (0)    7 :  0.033 0.967 
603  CK.0PLE    (0)    7 :  0.020 0.980 
604  CK.0PLF    (0)    7 :  0.112 0.888 
605  CK.0PLH    (0)    7 :  0.026 0.974 
606  CK.0PLJ    (0)    7 :  0.026 0.974 
607  CK.0PLK    (0)    7 :  0.016 0.984 
608  CK.0PLL    (0)    7 :  0.025 0.975 
609  CK.0PLM    (0)    7 :  0.028 0.972 
610  CK.0PLP    (0)    7 :  0.024 0.976 
611  CK.0PLT    (0)    7 :  0.016 0.984 
612  CK.0PLU    (0)    7 :  0.019 0.981 
613  CK.0PLX    (0)    7 :  0.050 0.950 
614  CK.0PLY    (5)    7 :  0.016 0.984 
615  CK.0PM0    (0)    7 :  0.022 0.978 
616  CK.0PM1    (0)    7 :  0.017 0.983 
617  CK.0PM2    (0)    7 :  0.024 0.976 
618  CK.0PM3    (0)    7 :  0.035 0.965 
619  CK.0PM4    (0)    7 :  0.047 0.953 
620  CK.0PM7    (0)    7 :  0.019 0.981 
621  CK.0PM8    (0)    7 :  0.017 0.983 
622  CK.0PMA    (0)    7 :  0.023 0.977 
623    M2C06    (0)    7 :  0.017 0.983 
624    M2C07    (0)    7 :  0.014 0.986 
625    M2C08    (0)    7 :  0.015 0.985 
626    M2C0A    (0)    7 :  0.019 0.981 
627    M2C0C    (0)    7 :  0.018 0.982 
628    M2C0E    (0)    7 :  0.019 0.981 
629      h01    (0)    8 :  0.024 0.976 
630      h02    (0)    8 :  0.017 0.983 
631      h03    (0)    8 :  0.018 0.982 
632      h04    (0)    8 :  0.030 0.970 
633      h05    (0)    8 :  0.014 0.986 
634      h06    (0)    8 :  0.066 0.934 
635      h07    (0)    8 :  0.017 0.983 
636      h08    (0)    8 :  0.019 0.981 
637      h09    (0)    8 :  0.023 0.977 
638      h10    (0)    8 :  0.021 0.979 
639      h11    (0)    8 :  0.027 0.973 
640      h12    (0)    8 :  0.015 0.985 
641      h13    (0)    8 :  0.027 0.973 
642      h14    (0)    8 :  0.038 0.962 
643      h15    (0)    8 :  0.014 0.986 
644      h16    (0)    8 :  0.019 0.981 
645      h17    (0)    8 :  0.021 0.979 
646      h18    (0)    8 :  0.024 0.976 
647      h19    (0)    8 :  0.026 0.974 
648      h20    (0)    8 :  0.018 0.982 
649      h21    (0)    8 :  0.017 0.983 
650      h22    (0)    8 :  0.019 0.981 
651      h23    (0)    8 :  0.032 0.968 
652      h24    (0)    8 :  0.036 0.964 
653      h25    (0)    8 :  0.019 0.981 
654      h26    (0)    8 :  0.016 0.984 
655      h27    (0)    8 :  0.021 0.979 
656      h28    (0)    8 :  0.016 0.984 
657      h29    (0)    8 :  0.020 0.980 
658      h30    (0)    8 :  0.015 0.985 
659      h31    (0)    8 :  0.018 0.982 
660      h32    (0)    8 :  0.018 0.982 
661      h33    (0)    8 :  0.036 0.964 
662      h34    (0)    8 :  0.084 0.916 
663      h35    (0)    8 :  0.022 0.978 
664      h36    (0)    8 :  0.033 0.967 
665      h37    (0)    8 :  0.021 0.979 
666      h38    (0)    8 :  0.021 0.979 
667      h39    (0)    8 :  0.021 0.979 
668      h40    (0)    8 :  0.026 0.974 
669      h41    (0)    8 :  0.031 0.969 
670      h42    (0)    8 :  0.050 0.950 
671      h43    (0)    8 :  0.022 0.978 
672      h44    (0)    8 :  0.021 0.979 
673      h45    (0)    8 :  0.029 0.971 
674      h46    (0)    8 :  0.020 0.980 
675      h47    (0)    8 :  0.023 0.977 
676      h48    (0)    8 :  0.026 0.974 
677      h49    (0)    8 :  0.017 0.983 
678      h50    (0)    8 :  0.019 0.981 
679      h51    (0)    8 :  0.017 0.983 
680      h52    (0)    8 :  0.019 0.981 
681      h53    (0)    8 :  0.019 0.981 
682      h54    (0)    8 :  0.032 0.968 
683      h55    (0)    8 :  0.023 0.977 
684      h56    (0)    8 :  0.028 0.972 
685      h57    (0)    8 :  0.027 0.973 
686      h58    (0)    8 :  0.016 0.984 
687      h59    (0)    8 :  0.017 0.983 
688      h60    (0)    8 :  0.021 0.979 
689      h61    (0)    8 :  0.019 0.981 
690      h62    (0)    8 :  0.017 0.983 
691      h63    (0)    8 :  0.019 0.981 
692      h64    (0)    8 :  0.017 0.983 
693      h65    (0)    8 :  0.019 0.981 
694      h66    (0)    8 :  0.016 0.984 
695      h67    (0)    8 :  0.014 0.986 
696      h68    (0)    8 :  0.020 0.980 
697      h69    (0)    8 :  0.028 0.972 
698      h70    (0)    8 :  0.022 0.978 
699      h71    (0)    8 :  0.018 0.982 
700      h72    (0)    8 :  0.029 0.971 


Estimated Allele Frequencies in each cluster
First column gives estimated ancestral frequencies


Locus 1 : Cl147 
16 alleles
0.0% missing data
  45   (0.123) 0.154 0.001 
  69   (0.122) 0.123 0.243 
  73   (0.167) 0.185 0.066 
  77   (0.112) 0.115 0.077 
  56   (0.045) 0.047 0.000 
  65   (0.032) 0.018 0.468 
  41   (0.126) 0.135 0.039 
  52   (0.086) 0.105 0.001 
  48   (0.039) 0.027 0.019 
  81   (0.028) 0.015 0.048 
  49   (0.031) 0.028 0.000 
  60   (0.027) 0.022 0.000 
  84   (0.015) 0.008 0.000 
  89   (0.017) 0.009 0.000 
  61   (0.011) 0.004 0.000 
  40   (0.019) 0.007 0.038 

Locus 2 : Cl233 
32 alleles
0.0% missing data
  63   (0.157) 0.198 0.252 
  85   (0.029) 0.031 0.000 
  73   (0.027) 0.026 0.000 
  79   (0.039) 0.043 0.001 
  71   (0.109) 0.145 0.007 
  77   (0.022) 0.018 0.000 
  75   (0.049) 0.062 0.000 
  67   (0.096) 0.121 0.014 
  55   (0.030) 0.018 0.407 
  59   (0.044) 0.052 0.001 
  81   (0.066) 0.090 0.001 
  83   (0.038) 0.040 0.002 
  93   (0.015) 0.009 0.000 
 101   (0.017) 0.006 0.011 
  69   (0.018) 0.013 0.000 
  51   (0.022) 0.018 0.000 
 100   (0.019) 0.012 0.001 
  92   (0.010) 0.004 0.000 
1121   (0.013) 0.006 0.000 
1001   (0.011) 0.005 0.000 
  89   (0.029) 0.024 0.003 
 711   (0.012) 0.005 0.000 
 116   (0.008) 0.002 0.000 
  80   (0.010) 0.004 0.000 
  43   (0.010) 0.004 0.000 
  84   (0.008) 0.002 0.000 
  88   (0.015) 0.009 0.000 
 104   (0.016) 0.010 0.000 
  97   (0.010) 0.004 0.000 
  78   (0.019) 0.008 0.049 
  70   (0.018) 0.007 0.103 
  74   (0.011) 0.002 0.146 

Locus 3 : Cl264 
26 alleles
0.0% missing data
  65   (0.098) 0.107 0.255 
 651   (0.138) 0.180 0.009 
 691   (0.119) 0.165 0.002 
  57   (0.016) 0.011 0.000 
  61   (0.012) 0.005 0.000 
 731   (0.068) 0.078 0.006 
 811   (0.036) 0.035 0.002 
 611   (0.040) 0.036 0.006 
  69   (0.111) 0.125 0.167 
  77   (0.042) 0.032 0.243 
  49   (0.040) 0.044 0.000 
  45   (0.013) 0.006 0.000 
 491   (0.013) 0.006 0.000 
 571   (0.017) 0.011 0.000 
 771   (0.045) 0.049 0.001 
  89   (0.027) 0.025 0.000 
 652   (0.018) 0.007 0.013 
  53   (0.018) 0.012 0.000 
  73   (0.042) 0.032 0.218 
  80   (0.012) 0.005 0.000 
 531   (0.010) 0.004 0.000 
 693   (0.008) 0.002 0.000 
  93   (0.013) 0.006 0.000 
  85   (0.017) 0.010 0.000 
 812   (0.014) 0.004 0.018 
  81   (0.014) 0.003 0.060 

Locus 4 : Cl274 
7 alleles
0.0% missing data
  61   (0.459) 0.480 0.456 
  57   (0.178) 0.169 0.464 
  65   (0.159) 0.174 0.004 
  53   (0.067) 0.052 0.074 
  69   (0.064) 0.064 0.001 
  73   (0.040) 0.033 0.001 
  49   (0.034) 0.029 0.000 

Locus 5 : Cl285 
24 alleles
0.0% missing data
  75   (0.105) 0.118 0.113 
  71   (0.149) 0.175 0.202 
 631   (0.030) 0.030 0.000 
  67   (0.104) 0.111 0.464 
  63   (0.097) 0.109 0.050 
  79   (0.075) 0.091 0.003 
 792   (0.054) 0.057 0.005 
 671   (0.035) 0.036 0.000 
 831   (0.038) 0.042 0.000 
 752   (0.052) 0.062 0.001 
  55   (0.030) 0.018 0.061 
1401   (0.012) 0.005 0.000 
  59   (0.033) 0.021 0.085 
 712   (0.036) 0.037 0.000 
 833   (0.037) 0.038 0.001 
1322   (0.015) 0.005 0.013 
 136   (0.021) 0.016 0.001 
 164   (0.012) 0.005 0.000 
 872   (0.010) 0.004 0.000 
1282   (0.012) 0.005 0.000 
 148   (0.013) 0.006 0.000 
 144   (0.010) 0.004 0.000 
 119   (0.009) 0.002 0.000 
1402   (0.010) 0.004 0.000 

Locus 6 : Cl291 
19 alleles
0.0% missing data
 641   (0.058) 0.068 0.000 
  72   (0.124) 0.131 0.242 
 682   (0.039) 0.039 0.000 
 801   (0.040) 0.040 0.000 
 681   (0.163) 0.206 0.006 
  76   (0.103) 0.104 0.183 
 722   (0.091) 0.110 0.002 
 601   (0.014) 0.007 0.000 
  80   (0.068) 0.065 0.022 
 761   (0.014) 0.007 0.000 
 762   (0.071) 0.067 0.045 
 721   (0.037) 0.038 0.000 
  84   (0.045) 0.042 0.004 
  64   (0.017) 0.011 0.000 
  68   (0.044) 0.032 0.255 
 843   (0.016) 0.009 0.000 
 881   (0.012) 0.005 0.000 
 841   (0.027) 0.014 0.217 
  88   (0.017) 0.005 0.022 

Locus 7 : Cl308 
48 alleles
0.0% missing data
  72   (0.091) 0.130 0.045 
  64   (0.068) 0.081 0.398 
  68   (0.091) 0.122 0.528 
 103   (0.016) 0.013 0.000 
  80   (0.028) 0.034 0.000 
  76   (0.072) 0.112 0.003 
1151   (0.015) 0.011 0.000 
 123   (0.020) 0.019 0.000 
 115   (0.031) 0.040 0.000 
  83   (0.021) 0.022 0.000 
1231   (0.019) 0.017 0.000 
1192   (0.008) 0.002 0.000 
 131   (0.014) 0.011 0.000 
1191   (0.011) 0.005 0.000 
 752   (0.011) 0.005 0.000 
 143   (0.018) 0.016 0.000 
  79   (0.029) 0.035 0.000 
 119   (0.013) 0.009 0.000 
1431   (0.028) 0.030 0.002 
1112   (0.031) 0.037 0.001 
1193   (0.020) 0.020 0.000 
1591   (0.011) 0.005 0.000 
1232   (0.013) 0.008 0.000 
 139   (0.013) 0.008 0.000 
1111   (0.014) 0.009 0.000 
 127   (0.008) 0.002 0.000 
1391   (0.026) 0.030 0.000 
 121   (0.009) 0.004 0.000 
1313   (0.012) 0.006 0.000 
1113   (0.009) 0.004 0.000 
  87   (0.038) 0.054 0.000 
1031   (0.008) 0.002 0.000 
 155   (0.013) 0.008 0.000 
1312   (0.012) 0.006 0.000 
1272   (0.013) 0.008 0.000 
 151   (0.009) 0.004 0.000 
1351   (0.012) 0.006 0.000 
 135   (0.009) 0.004 0.000 
1432   (0.008) 0.002 0.000 
1152   (0.019) 0.019 0.000 
1271   (0.015) 0.011 0.000 
1311   (0.011) 0.005 0.000 
1472   (0.008) 0.002 0.000 
 137   (0.013) 0.008 0.000 
  88   (0.009) 0.004 0.000 
  60   (0.012) 0.003 0.021 
 712   (0.011) 0.005 0.000 
1071   (0.010) 0.004 0.000 

Locus 8 : Cl330 
23 alleles
0.1% missing data
  52   (0.243) 0.302 0.246 
 601   (0.108) 0.120 0.102 
  40   (0.080) 0.087 0.018 
  72   (0.016) 0.009 0.000 
  56   (0.135) 0.173 0.009 
 481   (0.048) 0.040 0.078 
  61   (0.058) 0.063 0.004 
  80   (0.009) 0.002 0.000 
 681   (0.026) 0.023 0.000 
  64   (0.067) 0.061 0.411 
  57   (0.017) 0.011 0.000 
  75   (0.018) 0.012 0.000 
  71   (0.013) 0.006 0.000 
  28   (0.020) 0.015 0.000 
  65   (0.018) 0.012 0.000 
 441   (0.024) 0.020 0.000 
  36   (0.028) 0.022 0.003 
  79   (0.008) 0.002 0.000 
  73   (0.009) 0.002 0.000 
 602   (0.014) 0.008 0.000 
  83   (0.017) 0.005 0.010 
 641   (0.013) 0.003 0.029 
  68   (0.010) 0.002 0.088 

Locus 9 : Cl344 
13 alleles
0.9% missing data
  56   (0.317) 0.386 0.009 
  60   (0.247) 0.262 0.350 
  48   (0.019) 0.011 0.001 
  76   (0.023) 0.009 0.107 
  64   (0.147) 0.144 0.403 
  72   (0.092) 0.091 0.011 
 761   (0.014) 0.007 0.000 
 641   (0.021) 0.014 0.000 
  68   (0.049) 0.035 0.117 
 601   (0.024) 0.018 0.000 
  52   (0.013) 0.005 0.000 
 681   (0.017) 0.010 0.000 
 721   (0.018) 0.009 0.001 

Locus 10 : Cl366 
7 alleles
0.1% missing data
  80   (0.301) 0.299 0.470 
  92   (0.045) 0.040 0.001 
  76   (0.238) 0.229 0.513 
  88   (0.128) 0.128 0.011 
  84   (0.102) 0.106 0.002 
  72   (0.173) 0.193 0.002 
  64   (0.013) 0.005 0.000 

Locus 11 : Cl375 
14 alleles
0.0% missing data
 491   (0.096) 0.097 0.012 
  53   (0.221) 0.273 0.005 
 612   (0.020) 0.013 0.000 
  57   (0.254) 0.272 0.531 
  45   (0.029) 0.024 0.000 
  61   (0.173) 0.179 0.354 
 651   (0.033) 0.030 0.000 
  69   (0.029) 0.020 0.003 
 571   (0.042) 0.041 0.000 
  65   (0.035) 0.021 0.013 
  37   (0.020) 0.011 0.001 
 691   (0.018) 0.011 0.000 
 531   (0.019) 0.006 0.045 
  49   (0.010) 0.001 0.035 

Locus 12 : Cl408 
11 alleles
0.0% missing data
  62   (0.269) 0.291 0.105 
  74   (0.058) 0.059 0.001 
  50   (0.062) 0.047 0.382 
  58   (0.143) 0.136 0.452 
  66   (0.181) 0.202 0.011 
  70   (0.078) 0.086 0.001 
  54   (0.135) 0.135 0.048 
  78   (0.014) 0.007 0.000 
  79   (0.020) 0.012 0.000 
  75   (0.026) 0.019 0.000 
  82   (0.014) 0.007 0.000 

Locus 13 : Cl507 
21 alleles
0.0% missing data
  70   (0.073) 0.076 0.008 
  94   (0.043) 0.044 0.001 
  74   (0.051) 0.045 0.010 
  54   (0.043) 0.032 0.035 
  82   (0.151) 0.195 0.005 
  90   (0.048) 0.054 0.000 
  86   (0.076) 0.093 0.001 
 701   (0.024) 0.014 0.005 
  78   (0.049) 0.054 0.001 
  62   (0.101) 0.102 0.535 
 741   (0.043) 0.046 0.001 
  66   (0.099) 0.103 0.103 
 661   (0.022) 0.018 0.000 
  58   (0.041) 0.031 0.022 
  98   (0.043) 0.043 0.002 
 781   (0.028) 0.026 0.000 
 141   (0.018) 0.012 0.000 
 102   (0.009) 0.002 0.000 
 106   (0.009) 0.002 0.000 
 501   (0.014) 0.004 0.103 
 622   (0.014) 0.004 0.169 

Locus 14 : Cl527 
26 alleles
0.0% missing data
  62   (0.098) 0.125 0.003 
 622   (0.010) 0.004 0.000 
 461   (0.013) 0.006 0.000 
  82   (0.009) 0.002 0.000 
 661   (0.126) 0.148 0.038 
  70   (0.057) 0.062 0.004 
 581   (0.039) 0.043 0.000 
 701   (0.070) 0.089 0.001 
 501   (0.025) 0.023 0.000 
  66   (0.078) 0.097 0.002 
 741   (0.027) 0.025 0.000 
  58   (0.076) 0.090 0.004 
 541   (0.062) 0.067 0.006 
  74   (0.015) 0.008 0.000 
 621   (0.077) 0.087 0.007 
  78   (0.016) 0.009 0.000 
 781   (0.009) 0.002 0.000 
 462   (0.021) 0.016 0.000 
  67   (0.025) 0.023 0.000 
  54   (0.031) 0.018 0.395 
  50   (0.037) 0.026 0.041 
  63   (0.012) 0.005 0.000 
 582   (0.032) 0.019 0.383 
  53   (0.012) 0.003 0.028 
 623   (0.012) 0.003 0.041 
  46   (0.011) 0.002 0.048 

Locus 15 : Cl380 
19 alleles
1.3% missing data
 671   (0.091) 0.110 0.001 
 672   (0.103) 0.107 0.020 
 751   (0.027) 0.022 0.000 
  71   (0.067) 0.056 0.445 
  79   (0.252) 0.284 0.327 
  75   (0.098) 0.120 0.001 
 711   (0.111) 0.135 0.002 
  67   (0.021) 0.014 0.000 
 791   (0.032) 0.020 0.014 
 591   (0.029) 0.025 0.000 
 552   (0.037) 0.036 0.000 
 792   (0.015) 0.008 0.000 
 593   (0.026) 0.019 0.001 
  59   (0.018) 0.011 0.000 
 631   (0.013) 0.005 0.000 
 833   (0.011) 0.004 0.000 
 712   (0.015) 0.008 0.000 
  63   (0.015) 0.008 0.000 
 551   (0.018) 0.006 0.189 

Locus 16 : Lup02 
6 alleles
0.3% missing data
  56   (0.476) 0.500 0.524 
  60   (0.171) 0.172 0.059 
  52   (0.120) 0.118 0.014 
  48   (0.179) 0.181 0.063 
 561   (0.015) 0.007 0.000 
  64   (0.038) 0.022 0.340 

Locus 17 : Lup13 
4 alleles
0.0% missing data
  57   (0.266) 0.253 0.582 
  61   (0.460) 0.481 0.104 
  65   (0.087) 0.091 0.001 
  53   (0.188) 0.174 0.313 

Locus 18 : Lup20 
8 alleles
1.0% missing data
  56   (0.586) 0.634 0.413 
 601   (0.087) 0.094 0.001 
  60   (0.142) 0.132 0.460 
  68   (0.029) 0.022 0.000 
  64   (0.090) 0.078 0.121 
  72   (0.022) 0.014 0.000 
 681   (0.013) 0.005 0.000 
 641   (0.032) 0.021 0.004 

Locus 19 : Lup21 
10 alleles
0.0% missing data
  41   (0.348) 0.373 0.139 
  57   (0.217) 0.252 0.004 
  53   (0.155) 0.146 0.466 
  37   (0.022) 0.015 0.000 
  45   (0.164) 0.177 0.010 
 531   (0.015) 0.007 0.000 
 611   (0.025) 0.010 0.120 
 491   (0.009) 0.002 0.000 
  49   (0.017) 0.005 0.202 
  61   (0.027) 0.013 0.058 

Locus 20 : Lup23 
4 alleles
0.0% missing data
  59   (0.208) 0.217 0.008 
  63   (0.731) 0.746 0.495 
  67   (0.031) 0.023 0.000 
  55   (0.030) 0.013 0.496 

Values of parameters used in structure:
DATAFILE=/home/eva.pavlovic/data_job_4b1_7_4,	OUTFILE=/home/eva.pavlovic/ParallelStructure/26_results_20MS/4b1_Italy_low_numbers/4b1_Italy_low_numbers_7/results_job_4b1_7_4,	NUMINDS=700,	NUMLOCI=20,	MISSING=-9,	LABEL=1,	POPDATA=1,	POPFLAG=0,	PHENOTYPE=0,	EXTRACOLS=0,	MAXPOPS=2,	BURNIN=300000,	NUMREPS=3000000,	USEPOPINFO=0,	INFERALPHA=1,	INFERLAMBDA=0,	POPSPECIFICLAMBDA=0,	POPALPHAS=0,	COMPUTEPROB=1,	NOADMIX=0,	ADMBURNIN=2500,	UPDATEFREQ=1,	PRINTLIKES=0,	INTERMEDSAVE=0,	PRINTKLD=0,	PRINTNET=0,	PRINTLAMBDA=0,	ANCESTDIST=0,	NUMBOXES=1000,	ANCESTPINT=0.90000,	GENSBACK=2,	MIGRPRIOR=0.05000,	PRINTQHAT=1,	PRINTQSUM=0,	ALPHA=1.0000,	FREQSCORR=1,	FPRIORMEAN=0.0100,	FPRIORSD=0.0500,	ONEFST=0,	LAMBDA=1.0000,	UNIFPRIORALPHA=1,	ALPHAMAX=10.0000,	ALPHAPRIORA=1.0000,	ALPHAPRIORB=2.0000,	ALPHAPROPSD=0.0250,	STARTATPOPINFO=0,	RANDOMIZE=1,	LINKAGE=0,	METROFREQ=10,	REPORTHITRATE=0,	MARKOVPHASE=-1,	PHASED=0,	PLOIDY=2,	PHASEINFO=0	LOCPRIOR=0, 	LOCPRIORINIT=1.000000, 	LOCDATA=0, 	LOCISPOP=0, 	LOCPRIORSTEP=0.100000, 	MAXLOCPRIOR=20.000000, 	SEED=1772747159,	
[STRAT parameters]:    NUMSIMSTATS=1000,	PHENOTYPECOL=-9,	POOLFREQ=10,	LOCUSxONLY=0,	EMERROR=0.00100,	MISSINGPHENO=-9,	