       M1EL5  1 0.9893 0.0107 
       W26T6  1 0.9743 0.0257 
       W26XX  1 0.9924 0.0076 
       M013P  1 0.9904 0.0096 
       M1ELA  1 0.9720 0.0280 
       M2C73  1 0.9914 0.0086 
       W23P4  1 0.9816 0.0184 
       W247C  1 0.9906 0.0094 
       W24K1  1 0.9923 0.0077 
       W24ME  1 0.9842 0.0158 
       W2514  1 0.9903 0.0097 
       W26MA  1 0.9811 0.0189 
       W26MM  1 0.9831 0.0169 
       W26MU  1 0.9907 0.0093 
       W26P0  1 0.9895 0.0105 
       W26P3  1 0.9928 0.0072 
       W26T5  1 0.9936 0.0064 
       W26TE  1 0.9847 0.0153 
       W26TF  1 0.9699 0.0301 
       W26U8  1 0.9799 0.0201 
       W26UJ  1 0.9902 0.0098 
       W26UK  1 0.9943 0.0057 
       W26UT  1 0.9927 0.0073 
       W26XT  1 0.9857 0.0143 
      CC06H2  1 0.9790 0.0210 
      CC06H4  1 0.9823 0.0177 
      CC06H5  1 0.9865 0.0135 
      CC06H6  1 0.9942 0.0058 
      CC06HE  1 0.9919 0.0081 
      CC06HF  1 0.9826 0.0174 
      CC06HH  1 0.9932 0.0068 
      CC06HJ  1 0.9832 0.0168 
      CC06HL  1 0.9926 0.0074 
      CC06HP  1 0.9937 0.0063 
      CC06HT  1 0.9857 0.0143 
      CC06HU  1 0.9709 0.0291 
      CC06HY  1 0.9850 0.0150 
      CC06J0  1 0.9829 0.0171 
      CC06J1  1 0.9844 0.0156 
      CC06J2  1 0.9882 0.0118 
     CT.0YCY  1 0.9903 0.0097 
     CT.0YEC  1 0.9941 0.0059 
     CT.0YEF  1 0.9923 0.0077 
     CT.0YEU  1 0.9943 0.0057 
     CT.0YF2  1 0.9857 0.0143 
     CT.0YF8  1 0.9951 0.0049 
     CT.0YFA  1 0.9944 0.0056 
     CT.0YFE  1 0.9919 0.0081 
     CT.0YFP  1 0.9653 0.0347 
     CT.0YFU  1 0.9913 0.0087 
     CT.0YK7  1 0.9854 0.0146 
     CX.10PT  1 0.9406 0.0594 
      DAM021  1 0.9912 0.0088 
      DAM034  1 0.9945 0.0055 
      DAM07X  1 0.9925 0.0075 
     EF.15J6  1 0.9919 0.0081 
      HRV010  1 0.9854 0.0146 
      HRV02J  1 0.9897 0.0103 
      HRV078  1 0.9880 0.0120 
      HRV0FH  1 0.9929 0.0071 
      HRV0H5  1 0.9897 0.0103 
      HRV0JF  1 0.9920 0.0080 
      HRV0JJ  1 0.9909 0.0091 
      HRV0JM  1 0.9925 0.0075 
      HRV0K6  1 0.9627 0.0373 
      HRV0K7  1 0.9919 0.0081 
      HRV0KP  1 0.9730 0.0270 
      HRV1AX  1 0.9902 0.0098 
      HRV1C4  1 0.9938 0.0062 
      HRV1CH  1 0.9905 0.0095 
      HRV1FA  1 0.9893 0.0107 
      HRV1FK  1 0.9799 0.0201 
      HRV1H8  1 0.9930 0.0070 
      HRV1HT  1 0.9854 0.0146 
      HRV1XU  1 0.9595 0.0405 
      HRV4TF  1 0.9916 0.0084 
      HRV6F0  1 0.9888 0.0112 
      HRVE6L  1 0.9855 0.0145 
       M27HM  1 0.9928 0.0072 
       M27HP  1 0.9927 0.0073 
       M2AK4  1 0.9913 0.0087 
       M2ALA  1 0.9924 0.0076 
       M2C56  1 0.9880 0.0120 
       M2CUX  1 0.9869 0.0131 
       M2E24  1 0.9931 0.0069 
       M2EA7  1 0.9898 0.0102 
       M2EH6  1 0.9917 0.0083 
       M2EKC  1 0.9767 0.0233 
      MSV083  1 0.9594 0.0406 
      MSV084  1 0.9916 0.0084 
      MSV0LJ  1 0.9898 0.0102 
      MSV1H5  1 0.9919 0.0081 
      MSV1KM  1 0.9934 0.0066 
      MSV23F  1 0.9722 0.0278 
      MSV2L8  1 0.9889 0.0111 
      MSV2P7  1 0.9908 0.0092 
      MSV2TJ  1 0.9933 0.0067 
      MSV2XM  1 0.9872 0.0128 
      MSV327  1 0.9888 0.0112 
      MSV33L  1 0.9937 0.0063 
       h0015  2 0.9912 0.0088 
       h0025  2 0.9948 0.0052 
       h0035  2 0.9946 0.0054 
       h0045  2 0.9873 0.0127 
       h0055  2 0.9845 0.0155 
       h0065  2 0.9913 0.0087 
       h0075  2 0.9924 0.0076 
       h0085  2 0.9851 0.0149 
       h0095  2 0.9841 0.0159 
       h0105  2 0.9803 0.0197 
       h0115  2 0.9937 0.0063 
       h0125  2 0.9851 0.0149 
       h0135  2 0.9898 0.0102 
       h0145  2 0.9841 0.0159 
       h0155  2 0.9849 0.0151 
       h0165  2 0.9857 0.0143 
       h0175  2 0.9903 0.0097 
       h0185  2 0.9901 0.0099 
       h0195  2 0.9911 0.0089 
       h0205  2 0.9720 0.0280 
       h0215  2 0.9931 0.0069 
       h0225  2 0.9938 0.0062 
       h0235  2 0.9891 0.0109 
       h0245  2 0.9936 0.0064 
       h0255  2 0.9908 0.0092 
       h0265  2 0.9555 0.0445 
       h0275  2 0.9918 0.0082 
       h0285  2 0.9872 0.0128 
       h0295  2 0.9840 0.0160 
       h0305  2 0.9840 0.0160 
       h0315  2 0.9610 0.0390 
       h0325  2 0.9846 0.0154 
       h0335  2 0.9908 0.0092 
       h0345  2 0.9887 0.0113 
       h0355  2 0.9888 0.0112 
       h0365  2 0.9934 0.0066 
       h0375  2 0.9522 0.0478 
       h0385  2 0.9804 0.0196 
       h0395  2 0.9934 0.0066 
       h0405  2 0.9881 0.0119 
       h0415  2 0.9881 0.0119 
       h0425  2 0.9922 0.0078 
       h0435  2 0.9924 0.0076 
       h0445  2 0.9786 0.0214 
       h0455  2 0.9309 0.0691 
       h0465  2 0.9890 0.0110 
       h0475  2 0.9839 0.0161 
       h0485  2 0.9923 0.0077 
       h0495  2 0.9662 0.0338 
       h0505  2 0.9920 0.0080 
       h0515  2 0.9894 0.0106 
       h0525  2 0.9889 0.0111 
       h0535  2 0.9902 0.0098 
       h0545  2 0.9912 0.0088 
       h0555  2 0.9911 0.0089 
       h0565  2 0.9931 0.0069 
       h0575  2 0.9905 0.0095 
       h0585  2 0.9917 0.0083 
       h0595  2 0.9935 0.0065 
       h0605  2 0.9905 0.0095 
       h0615  2 0.9812 0.0188 
       h0625  2 0.9663 0.0337 
       h0635  2 0.9891 0.0109 
       h0645  2 0.9912 0.0088 
       h0655  2 0.9814 0.0186 
       h0665  2 0.9912 0.0088 
       h0675  2 0.9954 0.0046 
       h0685  2 0.9893 0.0107 
       h0695  2 0.9917 0.0083 
       h0705  2 0.9796 0.0204 
       h0715  2 0.9944 0.0056 
       h0725  2 0.9917 0.0083 
       h0735  2 0.9902 0.0098 
       h0745  2 0.9908 0.0092 
       h0755  2 0.9915 0.0085 
       h0765  2 0.9876 0.0124 
       h0775  2 0.9871 0.0129 
       h0785  2 0.9691 0.0309 
       h0795  2 0.9865 0.0135 
       h0805  2 0.9929 0.0071 
       h0815  2 0.9903 0.0097 
       h0825  2 0.9929 0.0071 
       h0835  2 0.9909 0.0091 
       h0845  2 0.9926 0.0074 
       h0855  2 0.9928 0.0072 
       h0865  2 0.9924 0.0076 
       h0875  2 0.9952 0.0048 
       h0885  2 0.9869 0.0131 
       h0895  2 0.9838 0.0162 
       h0905  2 0.9886 0.0114 
       h0915  2 0.9889 0.0111 
       h0925  2 0.9913 0.0087 
       h0935  2 0.9949 0.0051 
       h0945  2 0.9551 0.0449 
       h0955  2 0.9885 0.0115 
       h0965  2 0.9925 0.0075 
       h0975  2 0.9915 0.0085 
       h0985  2 0.9875 0.0125 
       h0995  2 0.9885 0.0115 
       h1005  2 0.9951 0.0049 
        h101  2 0.9908 0.0092 
        h102  2 0.9952 0.0048 
        h103  2 0.9930 0.0070 
        h104  2 0.9906 0.0094 
        h105  2 0.9877 0.0123 
        h106  2 0.9895 0.0105 
        h107  2 0.9934 0.0066 
        h108  2 0.9949 0.0051 
        h109  2 0.9936 0.0064 
        h110  2 0.9822 0.0178 
        h111  2 0.9925 0.0075 
        h112  2 0.9905 0.0095 
        h113  2 0.9905 0.0095 
        h114  2 0.9915 0.0085 
        h115  2 0.9910 0.0090 
        h116  2 0.9912 0.0088 
        h117  2 0.9934 0.0066 
        h118  2 0.9825 0.0175 
        h119  2 0.9760 0.0240 
        h120  2 0.9932 0.0068 
        h121  2 0.9910 0.0090 
        h122  2 0.9923 0.0077 
        h123  2 0.9825 0.0175 
        h124  2 0.9908 0.0092 
        h125  2 0.9809 0.0191 
        h126  2 0.9928 0.0072 
        h127  2 0.9913 0.0087 
        h128  2 0.9771 0.0229 
        h129  2 0.9928 0.0072 
        h130  2 0.9837 0.0163 
        h131  2 0.9886 0.0114 
        h132  2 0.9906 0.0094 
        h133  2 0.9769 0.0231 
        h134  2 0.9927 0.0073 
        h135  2 0.9936 0.0064 
        h136  2 0.9887 0.0113 
        h137  2 0.9922 0.0078 
        h138  2 0.9717 0.0283 
        h139  2 0.9583 0.0417 
        h140  2 0.9723 0.0277 
        h141  2 0.9934 0.0066 
        h142  2 0.9933 0.0067 
        h143  2 0.9916 0.0084 
        h144  2 0.9931 0.0069 
        h145  2 0.9879 0.0121 
        h146  2 0.9835 0.0165 
        h147  2 0.9931 0.0069 
        h148  2 0.9898 0.0102 
        h149  2 0.9923 0.0077 
        h150  2 0.9930 0.0070 
        h151  2 0.9926 0.0074 
        h152  2 0.9898 0.0102 
        h153  2 0.9935 0.0065 
        h154  2 0.9855 0.0145 
        h155  2 0.9862 0.0138 
        h156  2 0.9778 0.0222 
        h157  2 0.9903 0.0097 
        h158  2 0.9855 0.0145 
        h159  2 0.9917 0.0083 
        h160  2 0.9875 0.0125 
        h161  2 0.9936 0.0064 
        h162  2 0.9918 0.0082 
        h163  2 0.9846 0.0154 
        h164  2 0.9928 0.0072 
        h165  2 0.9927 0.0073 
        h166  2 0.9940 0.0060 
        h167  2 0.9915 0.0085 
        h168  2 0.9785 0.0215 
        h169  2 0.9770 0.0230 
        h170  2 0.9839 0.0161 
        h171  2 0.9837 0.0163 
        h172  2 0.9602 0.0398 
        h173  2 0.9875 0.0125 
        h174  2 0.9756 0.0244 
        h175  2 0.9748 0.0252 
        h176  2 0.9922 0.0078 
        h177  2 0.9842 0.0158 
        h178  2 0.9896 0.0104 
        h179  2 0.9873 0.0127 
        h180  2 0.9930 0.0070 
        h181  2 0.9923 0.0077 
        h182  2 0.9685 0.0315 
        h183  2 0.9815 0.0185 
        h184  2 0.9885 0.0115 
        h185  2 0.9914 0.0086 
        h186  2 0.9943 0.0057 
        h187  2 0.9867 0.0133 
        h188  2 0.9862 0.0138 
        h189  2 0.9805 0.0195 
        h190  2 0.9871 0.0129 
        h191  2 0.9904 0.0096 
        h192  2 0.9957 0.0043 
        h193  2 0.9832 0.0168 
        h194  2 0.9864 0.0136 
        h195  2 0.9901 0.0099 
        h196  2 0.9903 0.0097 
        h197  2 0.9939 0.0061 
        h198  2 0.9939 0.0061 
        h199  2 0.9897 0.0103 
        h200  2 0.9854 0.0146 
        h201  2 0.9906 0.0094 
        h202  2 0.9770 0.0230 
        h203  2 0.9872 0.0128 
        h204  2 0.9926 0.0074 
        h205  2 0.9921 0.0079 
        h206  2 0.9890 0.0110 
        h207  2 0.9205 0.0795 
        h208  2 0.9890 0.0110 
        h209  2 0.9882 0.0118 
        h210  2 0.9922 0.0078 
        h211  2 0.9747 0.0253 
        h212  2 0.9837 0.0163 
        h213  2 0.9904 0.0096 
        h214  2 0.9842 0.0158 
        h215  2 0.9824 0.0176 
        h216  2 0.9927 0.0073 
        h217  2 0.9846 0.0154 
        h218  2 0.9679 0.0321 
        h219  2 0.9868 0.0132 
        h220  2 0.9926 0.0074 
        h221  2 0.9939 0.0061 
        h222  2 0.9754 0.0246 
        h223  2 0.9408 0.0592 
        h224  2 0.9942 0.0058 
        h225  2 0.9876 0.0124 
        h226  2 0.9909 0.0091 
        h227  2 0.9881 0.0119 
        h228  2 0.9920 0.0080 
        h229  2 0.9903 0.0097 
        h230  2 0.9907 0.0093 
        h231  2 0.9923 0.0077 
        h232  2 0.9869 0.0131 
        h233  2 0.9910 0.0090 
        h234  2 0.9949 0.0051 
        h235  2 0.9928 0.0072 
        h236  2 0.9921 0.0079 
        h237  2 0.9903 0.0097 
        h238  2 0.9893 0.0107 
        h239  2 0.9790 0.0210 
        h240  2 0.9847 0.0153 
        h241  2 0.9919 0.0081 
        h242  2 0.9927 0.0073 
        h243  2 0.9675 0.0325 
        h244  2 0.9918 0.0082 
        h245  2 0.9922 0.0078 
        h246  2 0.9892 0.0108 
        h247  2 0.9938 0.0062 
        h248  2 0.9881 0.0119 
        h249  2 0.9801 0.0199 
        h250  2 0.9805 0.0195 
        h251  2 0.9939 0.0061 
        h252  2 0.9916 0.0084 
        h253  2 0.9942 0.0058 
        h254  2 0.9879 0.0121 
        h255  2 0.9880 0.0120 
        h256  2 0.9921 0.0079 
        h257  2 0.9927 0.0073 
        h258  2 0.9902 0.0098 
        h259  2 0.9538 0.0462 
        h260  2 0.9808 0.0192 
        h261  2 0.9923 0.0077 
        h262  2 0.9865 0.0135 
        h263  2 0.9927 0.0073 
        h264  2 0.9933 0.0067 
        h265  2 0.9874 0.0126 
        h266  2 0.9848 0.0152 
        h267  2 0.9840 0.0160 
        h268  2 0.9821 0.0179 
        h269  2 0.9905 0.0095 
        h270  2 0.9909 0.0091 
        h271  2 0.9909 0.0091 
        h272  2 0.9849 0.0151 
        h273  2 0.9913 0.0087 
        h274  2 0.9883 0.0117 
        h275  2 0.9916 0.0084 
        h276  2 0.9455 0.0545 
        h277  2 0.9907 0.0093 
        h278  2 0.9918 0.0082 
        h279  2 0.9896 0.0104 
        h280  2 0.9901 0.0099 
        h281  2 0.9939 0.0061 
        h282  2 0.9848 0.0152 
        h283  2 0.9938 0.0062 
        h284  2 0.9845 0.0155 
        h285  2 0.9369 0.0631 
        h286  2 0.9930 0.0070 
        h287  2 0.9903 0.0097 
        h288  2 0.9883 0.0117 
        h289  2 0.9915 0.0085 
        h290  2 0.9920 0.0080 
        h291  2 0.9891 0.0109 
        h292  2 0.9767 0.0233 
        h293  2 0.9729 0.0271 
        h294  2 0.9922 0.0078 
        h295  2 0.9922 0.0078 
        h296  2 0.9892 0.0108 
        h297  2 0.9911 0.0089 
        h298  2 0.9806 0.0194 
        h299  2 0.9862 0.0138 
        h300  2 0.9910 0.0090 
        h301  2 0.9917 0.0083 
        h302  2 0.9911 0.0089 
        h303  2 0.9931 0.0069 
        h304  2 0.9910 0.0090 
        h305  2 0.9896 0.0104 
        h306  2 0.9850 0.0150 
        h307  2 0.9951 0.0049 
        h308  2 0.9889 0.0111 
        h309  2 0.9901 0.0099 
        h310  2 0.9795 0.0205 
        h311  2 0.9854 0.0146 
        h312  2 0.9923 0.0077 
        h313  2 0.9890 0.0110 
        h314  2 0.9843 0.0157 
        h315  2 0.9778 0.0222 
        h316  2 0.9894 0.0106 
        h317  2 0.9869 0.0131 
        h318  2 0.9941 0.0059 
        h319  2 0.9918 0.0082 
        h320  2 0.9919 0.0081 
        h321  2 0.9847 0.0153 
        h322  2 0.9857 0.0143 
        h323  2 0.9679 0.0321 
        h324  2 0.9826 0.0174 
        h325  2 0.9929 0.0071 
        h326  2 0.9881 0.0119 
        h327  2 0.9926 0.0074 
        h328  2 0.9902 0.0098 
        h329  2 0.9300 0.0700 
        h330  2 0.9817 0.0183 
        h331  2 0.9912 0.0088 
        h332  2 0.9852 0.0148 
        h333  2 0.9924 0.0076 
        h334  2 0.9925 0.0075 
        h335  2 0.9898 0.0102 
        h336  2 0.9853 0.0147 
        h337  2 0.9915 0.0085 
        h338  2 0.9880 0.0120 
        h339  2 0.9860 0.0140 
        h340  2 0.9920 0.0080 
        h341  2 0.9906 0.0094 
        h342  2 0.9791 0.0209 
        h343  2 0.9812 0.0188 
        h344  2 0.9848 0.0152 
        h345  2 0.9925 0.0075 
        h346  2 0.9900 0.0100 
        h347  2 0.9880 0.0120 
        h348  2 0.9933 0.0067 
        h349  2 0.9942 0.0058 
        h350  2 0.9738 0.0262 
        h351  2 0.9863 0.0137 
        h352  2 0.9899 0.0101 
        h353  2 0.9938 0.0062 
        h354  2 0.9880 0.0120 
        h355  2 0.9951 0.0049 
        h356  2 0.9903 0.0097 
        h357  2 0.9838 0.0162 
        h358  2 0.9904 0.0096 
        h359  2 0.9601 0.0399 
        h360  2 0.9888 0.0112 
        h361  2 0.9941 0.0059 
        h362  2 0.9926 0.0074 
        h363  2 0.9899 0.0101 
        h364  2 0.9899 0.0101 
        h365  2 0.9900 0.0100 
        h366  2 0.9828 0.0172 
        h367  2 0.9928 0.0072 
        h368  2 0.9915 0.0085 
        h369  2 0.9702 0.0298 
        h370  2 0.9917 0.0083 
        h371  2 0.9634 0.0366 
        h372  2 0.9949 0.0051 
        h373  2 0.9811 0.0189 
        h374  2 0.9883 0.0117 
        h375  2 0.9936 0.0064 
        h376  2 0.9924 0.0076 
        h377  2 0.9949 0.0051 
        h378  2 0.9717 0.0283 
        h379  2 0.9663 0.0337 
        h380  2 0.9941 0.0059 
        h381  2 0.9934 0.0066 
        h382  2 0.9915 0.0085 
        h383  2 0.9922 0.0078 
        h384  2 0.9915 0.0085 
        h385  2 0.9924 0.0076 
        h386  2 0.9938 0.0062 
        h387  2 0.9864 0.0136 
        h388  2 0.9925 0.0075 
        h389  2 0.9913 0.0087 
        h390  2 0.9817 0.0183 
        h391  2 0.9938 0.0062 
        h392  2 0.9927 0.0073 
        h393  2 0.9733 0.0267 
        h394  2 0.9894 0.0106 
        h395  2 0.9955 0.0045 
        h396  2 0.9927 0.0073 
        h397  2 0.9932 0.0068 
        h398  2 0.9836 0.0164 
        h399  2 0.9923 0.0077 
        h400  2 0.9884 0.0116 
        h001  3 0.9891 0.0109 
        h002  3 0.9880 0.0120 
        h003  3 0.7948 0.2052 
        h004  3 0.8844 0.1156 
        h005  3 0.9089 0.0911 
        h006  3 0.9901 0.0099 
        h007  3 0.8270 0.1730 
        h008  3 0.9706 0.0294 
        h009  3 0.7458 0.2542 
        h010  3 0.8318 0.1682 
        h011  3 0.9793 0.0207 
        h012  3 0.9423 0.0577 
        h013  3 0.6040 0.3960 
        h014  3 0.9644 0.0356 
        h015  3 0.8272 0.1728 
        h016  3 0.9785 0.0215 
        h017  3 0.8526 0.1474 
        h018  3 0.9415 0.0585 
        h019  3 0.9786 0.0214 
        h020  3 0.8385 0.1615 
        h021  3 0.8549 0.1451 
        h022  3 0.9817 0.0183 
        h023  3 0.7235 0.2765 
        h024  3 0.9727 0.0273 
        h025  3 0.9162 0.0838 
        h026  3 0.9766 0.0234 
        h027  3 0.9278 0.0722 
        h028  3 0.7551 0.2449 
        h029  3 0.9152 0.0848 
        h030  3 0.9822 0.0178 
        h031  3 0.9669 0.0331 
        h032  3 0.7904 0.2096 
        h033  3 0.7512 0.2488 
        h034  3 0.9793 0.0207 
        h035  3 0.7824 0.2176 
        h036  3 0.9779 0.0221 
        h037  3 0.9426 0.0574 
        h038  3 0.7648 0.2352 
        h039  3 0.9066 0.0934 
        h040  3 0.7906 0.2094 
        h041  3 0.7307 0.2693 
        h042  3 0.9874 0.0126 
        h043  3 0.7323 0.2677 
        h044  3 0.9390 0.0610 
        h045  3 0.8451 0.1549 
        h046  3 0.8987 0.1013 
        h047  3 0.9526 0.0474 
        h048  3 0.9470 0.0530 
        h049  3 0.9887 0.0113 
        h050  3 0.9342 0.0658 
        h051  3 0.9619 0.0381 
        h052  3 0.7990 0.2010 
        h053  3 0.9935 0.0065 
        h054  3 0.9111 0.0889 
        h055  3 0.8847 0.1153 
        h056  3 0.8963 0.1037 
        h057  3 0.8492 0.1508 
        h058  3 0.9542 0.0458 
        h059  3 0.9192 0.0808 
        h060  3 0.9716 0.0284 
        h061  3 0.9810 0.0190 
        h062  3 0.9626 0.0374 
        h063  3 0.7929 0.2071 
        h064  3 0.9122 0.0878 
        h065  3 0.9195 0.0805 
        h066  3 0.8573 0.1427 
        h067  3 0.9099 0.0901 
        h068  3 0.9126 0.0874 
        h069  3 0.9121 0.0879 
        h070  3 0.8673 0.1327 
        h071  3 0.8725 0.1275 
        h072  3 0.9510 0.0490 
        h073  3 0.9580 0.0420 
        h074  3 0.9618 0.0382 
        h075  3 0.7054 0.2946 
        h076  3 0.9037 0.0963 
        h077  3 0.9843 0.0157 
        h078  3 0.9426 0.0574 
        h079  3 0.9770 0.0230 
        h080  3 0.9538 0.0462 
        h081  3 0.9741 0.0259 
        h082  3 0.8846 0.1154 
        h083  3 0.6969 0.3031 
        h084  3 0.9532 0.0468 
        h085  3 0.9787 0.0213 
        h086  3 0.8837 0.1163 
        h087  3 0.9377 0.0623 
        h088  3 0.8506 0.1494 
        h089  3 0.9902 0.0098 
        h090  3 0.9787 0.0213 
        h091  3 0.8172 0.1828 
        h092  3 0.8307 0.1693 
        h093  3 0.9943 0.0057 
        h094  3 0.7063 0.2937 
        h095  3 0.9838 0.0162 
        h096  3 0.9920 0.0080 
        h097  3 0.9769 0.0231 
        h098  3 0.9882 0.0118 
        h099  3 0.9868 0.0132 
        h100  3 0.7904 0.2096 
       h0011  4 0.9172 0.0828 
       h0021  4 0.7432 0.2568 
       h0031  4 0.8454 0.1546 
       h0041  4 0.8770 0.1230 
       h0051  4 0.6824 0.3176 
       h0061  4 0.7272 0.2728 
       h0071  4 0.9450 0.0550 
       h0081  4 0.8026 0.1974 
       h0091  4 0.7901 0.2099 
       h0101  4 0.7359 0.2641 
       h0111  4 0.7785 0.2215 
       h0121  4 0.7342 0.2658 
       h0131  4 0.5356 0.4644 
       h0141  4 0.7306 0.2694 
       h0151  4 0.5886 0.4114 
       h0161  4 0.7130 0.2870 
       h0171  4 0.8059 0.1941 
       h0181  4 0.8332 0.1668 
       h0191  4 0.9040 0.0960 
       h0201  4 0.5732 0.4268 
       h0211  4 0.7727 0.2273 
       h0221  4 0.9681 0.0319 
       h0231  4 0.6346 0.3654 
       h0241  4 0.9042 0.0958 
       h0251  4 0.7520 0.2480 
       h0261  4 0.7225 0.2775 
       h0271  4 0.7540 0.2460 
       h0281  4 0.6282 0.3718 
       h0291  4 0.8343 0.1657 
       h0301  4 0.8389 0.1611 
       h0311  4 0.7359 0.2641 
       h0321  4 0.9297 0.0703 
       h0331  4 0.7253 0.2747 
       h0341  4 0.7286 0.2714 
       h0351  4 0.9496 0.0504 
       h0361  4 0.7891 0.2109 
       h0371  4 0.7349 0.2651 
       h0381  4 0.7791 0.2209 
       h0391  4 0.6264 0.3736 
       h0401  4 0.5995 0.4005 
       h0411  4 0.6849 0.3151 
       h0421  4 0.6939 0.3061 
       h0431  4 0.6359 0.3641 
       h0441  4 0.9556 0.0444 
       h0451  4 0.7636 0.2364 
       h0461  4 0.8243 0.1757 
       h0471  4 0.6908 0.3092 
       h0481  4 0.8428 0.1572 
       h0491  4 0.6729 0.3271 
       h0501  4 0.7665 0.2335 
       h0511  4 0.8735 0.1265 
       h0521  4 0.8077 0.1923 
       h0531  4 0.8327 0.1673 
       h0541  4 0.7694 0.2306 
       h0551  4 0.8526 0.1474 
       h0561  4 0.9840 0.0160 
       h0571  4 0.9220 0.0780 
       h0581  4 0.8138 0.1862 
       h0591  4 0.5763 0.4237 
       h0601  4 0.8991 0.1009 
       h0611  4 0.6201 0.3799 
       h0621  4 0.6135 0.3865 
       h0631  4 0.7917 0.2083 
       h0641  4 0.7936 0.2064 
       h0651  4 0.8412 0.1588 
       h0661  4 0.7138 0.2862 
       h0671  4 0.6963 0.3037 
       h0681  4 0.7243 0.2757 
       h0691  4 0.6449 0.3551 
       h0701  4 0.7474 0.2526 
       h0711  4 0.7292 0.2708 
       h0721  4 0.7786 0.2214 
       h0731  4 0.7343 0.2657 
       h0741  4 0.8652 0.1348 
       h0751  4 0.8102 0.1898 
       h0761  4 0.7531 0.2469 
       h0771  4 0.9143 0.0857 
       h0781  4 0.8755 0.1245 
       h0791  4 0.9050 0.0950 
       h0801  4 0.7025 0.2975 
       h0811  4 0.9627 0.0373 
       h0821  4 0.8357 0.1643 
       h0831  4 0.7544 0.2456 
       h0841  4 0.5945 0.4055 
       h0851  4 0.7567 0.2433 
       h0861  4 0.7394 0.2606 
       h0871  4 0.7869 0.2131 
       h0881  4 0.7962 0.2038 
       h0891  4 0.6600 0.3400 
       h0901  4 0.5059 0.4941 
       h0911  4 0.8996 0.1004 
       h0921  4 0.7824 0.2176 
       h0931  4 0.6930 0.3070 
       h0941  4 0.7540 0.2460 
       h0951  4 0.7187 0.2813 
       h0961  4 0.9003 0.0997 
       h0971  4 0.7235 0.2765 
       h0981  4 0.7809 0.2191 
       h0991  4 0.7623 0.2377 
       h1001  4 0.7299 0.2701 
       h0012  5 0.4141 0.5859 
       h0022  5 0.4305 0.5695 
       h0032  5 0.4906 0.5094 
       h0042  5 0.5021 0.4979 
       h0052  5 0.5637 0.4363 
       h0062  5 0.5110 0.4890 
       h0072  5 0.3940 0.6060 
       h0082  5 0.5715 0.4285 
       h0092  5 0.4266 0.5734 
       h0102  5 0.4671 0.5329 
       h0112  5 0.4756 0.5244 
       h0122  5 0.3668 0.6332 
       h0132  5 0.5857 0.4143 
       h0142  5 0.5137 0.4863 
       h0152  5 0.5311 0.4689 
       h0162  5 0.5565 0.4435 
       h0172  5 0.5289 0.4711 
       h0182  5 0.4532 0.5468 
       h0192  5 0.4222 0.5778 
       h0202  5 0.5266 0.4734 
       h0212  5 0.5027 0.4973 
       h0222  5 0.5579 0.4421 
       h0232  5 0.4169 0.5831 
       h0242  5 0.5004 0.4996 
       h0252  5 0.5469 0.4531 
       h0262  5 0.5370 0.4630 
       h0272  5 0.5097 0.4903 
       h0282  5 0.5674 0.4326 
       h0292  5 0.6654 0.3346 
       h0302  5 0.5090 0.4910 
       h0312  5 0.5696 0.4304 
       h0322  5 0.4532 0.5468 
       h0332  5 0.5324 0.4676 
       h0342  5 0.5267 0.4733 
       h0352  5 0.4867 0.5133 
       h0362  5 0.5654 0.4346 
       h0372  5 0.5351 0.4649 
       h0382  5 0.5528 0.4472 
       h0392  5 0.4774 0.5226 
       h0402  5 0.5712 0.4288 
       h0412  5 0.5356 0.4644 
       h0422  5 0.6078 0.3922 
       h0432  5 0.4738 0.5262 
       h0442  5 0.3639 0.6361 
       h0452  5 0.5062 0.4938 
       h0462  5 0.4284 0.5716 
       h0472  5 0.5525 0.4475 
       h0482  5 0.4459 0.5541 
       h0492  5 0.5024 0.4976 
       h0502  5 0.5214 0.4786 
       h0512  5 0.5372 0.4628 
       h0522  5 0.4213 0.5787 
       h0532  5 0.5705 0.4295 
       h0542  5 0.6232 0.3768 
       h0552  5 0.5450 0.4550 
       h0562  5 0.5634 0.4366 
       h0572  5 0.4572 0.5428 
       h0582  5 0.5722 0.4278 
       h0592  5 0.5521 0.4479 
       h0602  5 0.5675 0.4325 
       h0612  5 0.4234 0.5766 
       h0622  5 0.5623 0.4377 
       h0632  5 0.5507 0.4493 
       h0642  5 0.4226 0.5774 
       h0652  5 0.5865 0.4135 
       h0662  5 0.5604 0.4396 
       h0672  5 0.3384 0.6616 
       h0682  5 0.5835 0.4165 
       h0692  5 0.4473 0.5527 
       h0702  5 0.5440 0.4560 
       h0712  5 0.5556 0.4444 
       h0722  5 0.5331 0.4669 
       h0732  5 0.5939 0.4061 
       h0742  5 0.5130 0.4870 
       h0752  5 0.6356 0.3644 
       h0762  5 0.5258 0.4742 
       h0772  5 0.5638 0.4362 
       h0782  5 0.3992 0.6008 
       h0792  5 0.6609 0.3391 
       h0802  5 0.6224 0.3776 
       h0812  5 0.5216 0.4784 
       h0822  5 0.4919 0.5081 
       h0832  5 0.5217 0.4783 
       h0842  5 0.5175 0.4825 
       h0852  5 0.5045 0.4955 
       h0862  5 0.5605 0.4395 
       h0872  5 0.5599 0.4401 
       h0882  5 0.5904 0.4096 
       h0892  5 0.4789 0.5211 
       h0902  5 0.4377 0.5623 
       h0912  5 0.4877 0.5123 
       h0922  5 0.3826 0.6174 
       h0932  5 0.4347 0.5653 
       h0942  5 0.4455 0.5545 
       h0952  5 0.4543 0.5457 
       h0962  5 0.5227 0.4773 
       h0972  5 0.5113 0.4887 
       h0982  5 0.6376 0.3624 
       h0992  5 0.4399 0.5601 
       h1002  5 0.4579 0.5421 
       h0013  6 0.0616 0.9384 
       h0023  6 0.2747 0.7253 
       h0033  6 0.1921 0.8079 
       h0043  6 0.2815 0.7185 
       h0053  6 0.2950 0.7050 
       h0063  6 0.1580 0.8420 
       h0073  6 0.1205 0.8795 
       h0083  6 0.2792 0.7208 
       h0093  6 0.2584 0.7416 
       h0103  6 0.1988 0.8012 
       h0113  6 0.2763 0.7237 
       h0123  6 0.0763 0.9237 
       h0133  6 0.2535 0.7465 
       h0143  6 0.2594 0.7406 
       h0153  6 0.2758 0.7242 
       h0163  6 0.3502 0.6498 
       h0173  6 0.1682 0.8318 
       h0183  6 0.3893 0.6107 
       h0193  6 0.1803 0.8197 
       h0203  6 0.2648 0.7352 
       h0213  6 0.2723 0.7277 
       h0223  6 0.3167 0.6833 
       h0233  6 0.2139 0.7861 
       h0243  6 0.2271 0.7729 
       h0253  6 0.1841 0.8159 
       h0263  6 0.4000 0.6000 
       h0273  6 0.2702 0.7298 
       h0283  6 0.2368 0.7632 
       h0293  6 0.2787 0.7213 
       h0303  6 0.4112 0.5888 
       h0313  6 0.2063 0.7937 
       h0323  6 0.1478 0.8522 
       h0333  6 0.1728 0.8272 
       h0343  6 0.4164 0.5836 
       h0353  6 0.2976 0.7024 
       h0363  6 0.3340 0.6660 
       h0373  6 0.3067 0.6933 
       h0383  6 0.3737 0.6263 
       h0393  6 0.1876 0.8124 
       h0403  6 0.2228 0.7772 
       h0413  6 0.3903 0.6097 
       h0423  6 0.4414 0.5586 
       h0433  6 0.3415 0.6585 
       h0443  6 0.3028 0.6972 
       h0453  6 0.2682 0.7318 
       h0463  6 0.2462 0.7538 
       h0473  6 0.3803 0.6197 
       h0483  6 0.3011 0.6989 
       h0493  6 0.1627 0.8373 
       h0503  6 0.0124 0.9876 
       h0513  6 0.1010 0.8990 
       h0523  6 0.2805 0.7195 
       h0533  6 0.3492 0.6508 
       h0543  6 0.2182 0.7818 
       h0553  6 0.2708 0.7292 
       h0563  6 0.1624 0.8376 
       h0573  6 0.1822 0.8178 
       h0583  6 0.1974 0.8026 
       h0593  6 0.2688 0.7312 
       h0603  6 0.1882 0.8118 
       h0613  6 0.1727 0.8273 
       h0623  6 0.3398 0.6602 
       h0633  6 0.2338 0.7662 
       h0643  6 0.2985 0.7015 
       h0653  6 0.1904 0.8096 
       h0663  6 0.1900 0.8100 
       h0673  6 0.2252 0.7748 
       h0683  6 0.2807 0.7193 
       h0693  6 0.2287 0.7713 
       h0703  6 0.3892 0.6108 
       h0713  6 0.2088 0.7912 
       h0723  6 0.1937 0.8063 
       h0733  6 0.3740 0.6260 
       h0743  6 0.3585 0.6415 
       h0753  6 0.3591 0.6409 
       h0763  6 0.1867 0.8133 
       h0773  6 0.1619 0.8381 
       h0783  6 0.2742 0.7258 
       h0793  6 0.2148 0.7852 
       h0803  6 0.3609 0.6391 
       h0813  6 0.3643 0.6357 
       h0823  6 0.3321 0.6679 
       h0833  6 0.3228 0.6772 
       h0843  6 0.2620 0.7380 
       h0853  6 0.2454 0.7546 
       h0863  6 0.2767 0.7233 
       h0873  6 0.1401 0.8599 
       h0883  6 0.2053 0.7947 
       h0893  6 0.2480 0.7520 
       h0903  6 0.3427 0.6573 
       h0913  6 0.1778 0.8222 
       h0923  6 0.1808 0.8192 
       h0933  6 0.1748 0.8252 
       h0943  6 0.2790 0.7210 
       h0953  6 0.2516 0.7484 
       h0963  6 0.2682 0.7318 
       h0973  6 0.2438 0.7562 
       h0983  6 0.2256 0.7744 
       h0993  6 0.1804 0.8196 
       h1003  6 0.1172 0.8828 
       h0014  7 0.1198 0.8802 
       h0024  7 0.0812 0.9188 
       h0034  7 0.0060 0.9940 
       h0044  7 0.0718 0.9282 
       h0054  7 0.2017 0.7983 
       h0064  7 0.0696 0.9304 
       h0074  7 0.0304 0.9696 
       h0084  7 0.0901 0.9099 
       h0094  7 0.2062 0.7938 
       h0104  7 0.1305 0.8695 
       h0114  7 0.2527 0.7473 
       h0124  7 0.1728 0.8272 
       h0134  7 0.2179 0.7821 
       h0144  7 0.1685 0.8315 
       h0154  7 0.1139 0.8861 
       h0164  7 0.2451 0.7549 
       h0174  7 0.1344 0.8656 
       h0184  7 0.0817 0.9183 
       h0194  7 0.0371 0.9629 
       h0204  7 0.2788 0.7212 
       h0214  7 0.1906 0.8094 
       h0224  7 0.0557 0.9443 
       h0234  7 0.0468 0.9532 
       h0244  7 0.1236 0.8764 
       h0254  7 0.1086 0.8914 
       h0264  7 0.1300 0.8700 
       h0274  7 0.1893 0.8107 
       h0284  7 0.0136 0.9864 
       h0294  7 0.0666 0.9334 
       h0304  7 0.1146 0.8854 
       h0314  7 0.0099 0.9901 
       h0324  7 0.0371 0.9629 
       h0334  7 0.1181 0.8819 
       h0344  7 0.1894 0.8106 
       h0354  7 0.0408 0.9592 
       h0364  7 0.0494 0.9506 
       h0374  7 0.1410 0.8590 
       h0384  7 0.0779 0.9221 
       h0394  7 0.0345 0.9655 
       h0404  7 0.1289 0.8711 
       h0414  7 0.0940 0.9060 
       h0424  7 0.1246 0.8754 
       h0434  7 0.0394 0.9606 
       h0444  7 0.0406 0.9594 
       h0454  7 0.2119 0.7881 
       h0464  7 0.1105 0.8895 
       h0474  7 0.1235 0.8765 
       h0484  7 0.2327 0.7673 
       h0494  7 0.0750 0.9250 
       h0504  7 0.0522 0.9478 
       h0514  7 0.2008 0.7992 
       h0524  7 0.2038 0.7962 
       h0534  7 0.2198 0.7802 
       h0544  7 0.2319 0.7681 
       h0554  7 0.1704 0.8296 
       h0564  7 0.0912 0.9088 
       h0574  7 0.0851 0.9149 
       h0584  7 0.1394 0.8606 
       h0594  7 0.0604 0.9396 
       h0604  7 0.1727 0.8273 
       h0614  7 0.1526 0.8474 
       h0624  7 0.1472 0.8528 
       h0634  7 0.1343 0.8657 
       h0644  7 0.2142 0.7858 
       h0654  7 0.1731 0.8269 
       h0664  7 0.1580 0.8420 
       h0674  7 0.1233 0.8767 
       h0684  7 0.2613 0.7387 
       h0694  7 0.1483 0.8517 
       h0704  7 0.0931 0.9069 
       h0714  7 0.1176 0.8824 
       h0724  7 0.0773 0.9227 
       h0734  7 0.0591 0.9409 
       h0744  7 0.0118 0.9882 
       h0754  7 0.1295 0.8705 
       h0764  7 0.1793 0.8207 
       h0774  7 0.1251 0.8749 
       h0784  7 0.0401 0.9599 
       h0794  7 0.2517 0.7483 
       h0804  7 0.2174 0.7826 
       h0814  7 0.0478 0.9522 
       h0824  7 0.0065 0.9935 
       h0834  7 0.0903 0.9097 
       h0844  7 0.0389 0.9611 
       h0854  7 0.0953 0.9047 
       h0864  7 0.1305 0.8695 
       h0874  7 0.1582 0.8418 
       h0884  7 0.1211 0.8789 
       h0894  7 0.0434 0.9566 
       h0904  7 0.0942 0.9058 
       h0914  7 0.0073 0.9927 
       h0924  7 0.2368 0.7632 
       h0934  7 0.0837 0.9163 
       h0944  7 0.2821 0.7179 
       h0954  7 0.0651 0.9349 
       h0964  7 0.1974 0.8026 
       h0974  7 0.1590 0.8410 
       h0984  7 0.1614 0.8386 
       h0994  7 0.0117 0.9883 
       h1004  7 0.0529 0.9471 
     CK.0PLA  8 0.0107 0.9893 
     CK.0PLC  8 0.0120 0.9880 
     CK.0PLE  8 0.0064 0.9936 
     CK.0PLF  8 0.0204 0.9796 
     CK.0PLH  8 0.0072 0.9928 
     CK.0PLJ  8 0.0083 0.9917 
     CK.0PLK  8 0.0056 0.9944 
     CK.0PLL  8 0.0091 0.9909 
     CK.0PLM  8 0.0071 0.9929 
     CK.0PLP  8 0.0076 0.9924 
     CK.0PLT  8 0.0051 0.9949 
     CK.0PLU  8 0.0067 0.9933 
     CK.0PLX  8 0.0120 0.9880 
     CK.0PLY  8 0.0051 0.9949 
     CK.0PM0  8 0.0064 0.9936 
     CK.0PM1  8 0.0058 0.9942 
     CK.0PM2  8 0.0077 0.9923 
     CK.0PM3  8 0.0093 0.9907 
     CK.0PM4  8 0.0083 0.9917 
     CK.0PM7  8 0.0065 0.9935 
     CK.0PM8  8 0.0054 0.9946 
     CK.0PMA  8 0.0094 0.9906 
       M2C06  8 0.0062 0.9938 
       M2C07  8 0.0049 0.9951 
       M2C08  8 0.0048 0.9952 
       M2C0A  8 0.0061 0.9939 
       M2C0C  8 0.0058 0.9942 
       M2C0E  8 0.0063 0.9937 
      h00111  9 0.0050 0.9950 
      h00211  9 0.0079 0.9921 
      h00311  9 0.0056 0.9944 
      h00411  9 0.0058 0.9942 
      h00511  9 0.0060 0.9940 
      h00611  9 0.0098 0.9902 
      h00711  9 0.0059 0.9941 
      h00811  9 0.0061 0.9939 
      h00911  9 0.0063 0.9937 
      h01011  9 0.0111 0.9889 
      h01111  9 0.0059 0.9941 
      h01211  9 0.0067 0.9933 
      h01311  9 0.0070 0.9930 
      h01411  9 0.0102 0.9898 
      h01511  9 0.0075 0.9925 
      h01611  9 0.0082 0.9918 
      h01711  9 0.0084 0.9916 
      h01811  9 0.0063 0.9937 
      h01911  9 0.0045 0.9955 
      h02011  9 0.0093 0.9907 
      h02111  9 0.0128 0.9872 
      h02211  9 0.0068 0.9932 
      h02311  9 0.0067 0.9933 
      h02411  9 0.0141 0.9859 
      h02511  9 0.0076 0.9924 
      h02611  9 0.0084 0.9916 
      h02711  9 0.0072 0.9928 
      h02811  9 0.0053 0.9947 
      h02911  9 0.0077 0.9923 
      h03011  9 0.0073 0.9927 
      h03111  9 0.0062 0.9938 
      h03211  9 0.0053 0.9947 
      h03311  9 0.0062 0.9938 
      h03411  9 0.0053 0.9947 
      h03511  9 0.0046 0.9954 
      h03611  9 0.0064 0.9936 
      h03711  9 0.0068 0.9932 
      h03811  9 0.0060 0.9940 
      h03911  9 0.0103 0.9897 
      h04011  9 0.0058 0.9942 
      h04111  9 0.0070 0.9930 
      h04211  9 0.0081 0.9919 
      h04311  9 0.0062 0.9938 
      h04411  9 0.0068 0.9932 
      h04511  9 0.0105 0.9895 
      h04611  9 0.0069 0.9931 
      h04711  9 0.0056 0.9944 
      h04811  9 0.0055 0.9945 
      h04911  9 0.0106 0.9894 
      h05011  9 0.0064 0.9936 
      h05111  9 0.0061 0.9939 
      h05211  9 0.0097 0.9903 
      h05311  9 0.0049 0.9951 
      h05411  9 0.0078 0.9922 
      h05511  9 0.0073 0.9927 
      h05611  9 0.0062 0.9938 
      h05711  9 0.0074 0.9926 
      h05811  9 0.0086 0.9914 
      h05911  9 0.0069 0.9931 
      h06011  9 0.0061 0.9939 
      h06111  9 0.0054 0.9946 
      h06211  9 0.0083 0.9917 
      h06311  9 0.0077 0.9923 
      h06411  9 0.0152 0.9848 
      h06511  9 0.0091 0.9909 
      h06611  9 0.0072 0.9928 
      h06711  9 0.0050 0.9950 
      h06811  9 0.0068 0.9932 
      h06911  9 0.0080 0.9920 
      h07011  9 0.0053 0.9947 
      h07111  9 0.0057 0.9943 
      h07211  9 0.0053 0.9947 
      h07311  9 0.0075 0.9925 
      h07411  9 0.0075 0.9925 
      h07511  9 0.0046 0.9954 
      h07611  9 0.0072 0.9928 
      h07711  9 0.0060 0.9940 
      h07811  9 0.0082 0.9918 
      h07911  9 0.0064 0.9936 
      h08011  9 0.0054 0.9946 
      h08111  9 0.0064 0.9936 
      h08211  9 0.0413 0.9587 
      h08311  9 0.0060 0.9940 
      h08411  9 0.0074 0.9926 
      h08511  9 0.0092 0.9908 
      h08611  9 0.0079 0.9921 
      h08711  9 0.0062 0.9938 
      h08811  9 0.0080 0.9920 
      h08911  9 0.0051 0.9949 
      h09011  9 0.0062 0.9938 
      h09111  9 0.0060 0.9940 
      h09211  9 0.0114 0.9886 
      h09311  9 0.0058 0.9942 
      h09411  9 0.0073 0.9927 
      h09511  9 0.0102 0.9898 
      h09611  9 0.0094 0.9906 
      h09711  9 0.0082 0.9918 
      h09811  9 0.0054 0.9946 
      h09911  9 0.0082 0.9918 
      h10011  9 0.0068 0.9932 
       h1011  9 0.0060 0.9940 
       h1021  9 0.0049 0.9951 
       h1031  9 0.0081 0.9919 
       h1041  9 0.0060 0.9940 
       h1051  9 0.0091 0.9909 
       h1061  9 0.0091 0.9909 
       h1071  9 0.0054 0.9946 
       h1081  9 0.0074 0.9926 
       h1091  9 0.0114 0.9886 
       h1101  9 0.0065 0.9935 
       h1111  9 0.0068 0.9932 
       h1121  9 0.0051 0.9949 
       h1131  9 0.0121 0.9879 
       h1141  9 0.0065 0.9935 
       h1151  9 0.0149 0.9851 
       h1161  9 0.0065 0.9935 
       h1171  9 0.0061 0.9939 
       h1181  9 0.0145 0.9855 
       h1191  9 0.0085 0.9915 
       h1201  9 0.0061 0.9939 
       h1211  9 0.0131 0.9869 
       h1221  9 0.0059 0.9941 
       h1231  9 0.0078 0.9922 
       h1241  9 0.0221 0.9779 
       h1251  9 0.0105 0.9895 
       h1261  9 0.0057 0.9943 
       h1271  9 0.0066 0.9934 
       h1281  9 0.0079 0.9921 
       h1291  9 0.0066 0.9934 
       h1301  9 0.0055 0.9945 
       h1311  9 0.0092 0.9908 
       h1321  9 0.0061 0.9939 
       h1331  9 0.0081 0.9919 
       h1341  9 0.0066 0.9934 
       h1351  9 0.0110 0.9890 
       h1361  9 0.0055 0.9945 
       h1371  9 0.0056 0.9944 
       h1381  9 0.0052 0.9948 
       h1391  9 0.0050 0.9950 
       h1401  9 0.0067 0.9933 
       h1411  9 0.0086 0.9914 
       h1421  9 0.0079 0.9921 
       h1431  9 0.0059 0.9941 
       h1441  9 0.0058 0.9942 
       h1451  9 0.0122 0.9878 
       h1461  9 0.0065 0.9935 
       h1471  9 0.0054 0.9946 
       h1481  9 0.0114 0.9886 
       h1491  9 0.0135 0.9865 
       h1501  9 0.0057 0.9943 
       h1511  9 0.0071 0.9929 
       h1521  9 0.0076 0.9924 
       h1531  9 0.0132 0.9868 
       h1541  9 0.0122 0.9878 
       h1551  9 0.0060 0.9940 
       h1561  9 0.0054 0.9946 
       h1571  9 0.0081 0.9919 
       h1581  9 0.0048 0.9952 
       h1591  9 0.0067 0.9933 
       h1601  9 0.0062 0.9938 
       h1611  9 0.0059 0.9941 
       h1621  9 0.0050 0.9950 
       h1631  9 0.0186 0.9814 
       h1641  9 0.0072 0.9928 
       h1651  9 0.0057 0.9943 
       h1661  9 0.0079 0.9921 
       h1671  9 0.0077 0.9923 
       h1681  9 0.0062 0.9938 
       h1691  9 0.0098 0.9902 
       h1701  9 0.0048 0.9952 
       h1711  9 0.0063 0.9937 
       h1721  9 0.0061 0.9939 
       h1731  9 0.0088 0.9912 
       h1741  9 0.0076 0.9924 
       h1751  9 0.0063 0.9937 
       h1761  9 0.0072 0.9928 
       h1771  9 0.0089 0.9911 
       h1781  9 0.0079 0.9921 
       h1791  9 0.0099 0.9901 
       h1801  9 0.0074 0.9926 
       h1811  9 0.0104 0.9896 
       h1821  9 0.0067 0.9933 
       h1831  9 0.0085 0.9915 
       h1841  9 0.0071 0.9929 
       h1851  9 0.0064 0.9936 
       h1861  9 0.0105 0.9895 
       h1871  9 0.0055 0.9945 
       h1881  9 0.0074 0.9926 
       h1891  9 0.0074 0.9926 
       h1901  9 0.0067 0.9933 
       h1911  9 0.0066 0.9934 
       h1921  9 0.0048 0.9952 
       h1931  9 0.0067 0.9933 
       h1941  9 0.0099 0.9901 
       h1951  9 0.0062 0.9938 
       h1961  9 0.0075 0.9925 
       h1971  9 0.0056 0.9944 
       h1981  9 0.0059 0.9941 
       h1991  9 0.0084 0.9916 
       h2001  9 0.0069 0.9931 
       h2011  9 0.0076 0.9924 
       h2021  9 0.0055 0.9945 
       h2031  9 0.0048 0.9952 
       h2041  9 0.0053 0.9947 
       h2051  9 0.0066 0.9934 
       h2061  9 0.0081 0.9919 
       h2071  9 0.0067 0.9933 
       h2081  9 0.0051 0.9949 
       h2091  9 0.0062 0.9938 
       h2101  9 0.0061 0.9939 
       h2111  9 0.0061 0.9939 
       h2121  9 0.0253 0.9747 
       h2131  9 0.0050 0.9950 
       h2141  9 0.0120 0.9880 
       h2151  9 0.0070 0.9930 
       h2161  9 0.0061 0.9939 
       h2171  9 0.0060 0.9940 
       h2181  9 0.0068 0.9932 
       h2191  9 0.0056 0.9944 
       h2201  9 0.0051 0.9949 
       h2211  9 0.0048 0.9952 
       h2221  9 0.0055 0.9945 
       h2231  9 0.0093 0.9907 
       h2241  9 0.0071 0.9929 
       h2251  9 0.0065 0.9935 
       h2261  9 0.0068 0.9932 
       h2271  9 0.0065 0.9935 
       h2281  9 0.0089 0.9911 
       h2291  9 0.0048 0.9952 
       h2301  9 0.0057 0.9943 
       h2311  9 0.0077 0.9923 
       h2321  9 0.0060 0.9940 
       h2331  9 0.0121 0.9879 
       h2341  9 0.0108 0.9892 
       h2351  9 0.0072 0.9928 
       h2361  9 0.0064 0.9936 
       h2371  9 0.0088 0.9912 
       h2381  9 0.0069 0.9931 
       h2391  9 0.0048 0.9952 
       h2401  9 0.0064 0.9936 
       h2411  9 0.0063 0.9937 
       h2421  9 0.0078 0.9922 
       h2431  9 0.0068 0.9932 
       h2441  9 0.0089 0.9911 
       h2451  9 0.0087 0.9913 
       h2461  9 0.0133 0.9867 
       h2471  9 0.0063 0.9937 
       h2481  9 0.0071 0.9929 
       h2491  9 0.0059 0.9941 
       h2501  9 0.0087 0.9913 
       h2511  9 0.0072 0.9928 
       h2521  9 0.0160 0.9840 
       h2531  9 0.0049 0.9951 
       h2541  9 0.0052 0.9948 
       h2551  9 0.0074 0.9926 
       h2561  9 0.0070 0.9930 
       h2571  9 0.0061 0.9939 
       h2581  9 0.0056 0.9944 
       h2591  9 0.0068 0.9932 
       h2601  9 0.0062 0.9938 
       h2611  9 0.0110 0.9890 
       h2621  9 0.0064 0.9936 
       h2631  9 0.0059 0.9941 
       h2641  9 0.0067 0.9933 
       h2651  9 0.0055 0.9945 
       h2661  9 0.0058 0.9942 
       h2671  9 0.0107 0.9893 
       h2681  9 0.0065 0.9935 
       h2691  9 0.0061 0.9939 
       h2701  9 0.0120 0.9880 
       h2711  9 0.0052 0.9948 
       h2721  9 0.0095 0.9905 
       h2731  9 0.0081 0.9919 
       h2741  9 0.0075 0.9925 
       h2751  9 0.0049 0.9951 
       h2761  9 0.0058 0.9942 
       h2771  9 0.0063 0.9937 
       h2781  9 0.0078 0.9922 
       h2791  9 0.0105 0.9895 
       h2801  9 0.0064 0.9936 
       h2811  9 0.0072 0.9928 
       h2821  9 0.0070 0.9930 
       h2831  9 0.0092 0.9908 
       h2841  9 0.0130 0.9870 
       h2851  9 0.0075 0.9925 
       h2861  9 0.0068 0.9932 
       h2871  9 0.0059 0.9941 
       h2881  9 0.0063 0.9937 
       h2891  9 0.0090 0.9910 
       h2901  9 0.0068 0.9932 
       h2911  9 0.0095 0.9905 
       h2921  9 0.0073 0.9927 
       h2931  9 0.0291 0.9709 
       h2941  9 0.0069 0.9931 
       h2951  9 0.0063 0.9937 
       h2961  9 0.0053 0.9947 
       h2971  9 0.0064 0.9936 
       h2981  9 0.0059 0.9941 
       h2991  9 0.0056 0.9944 
       h3001  9 0.0134 0.9866 
       h3011  9 0.0052 0.9948 
       h3021  9 0.0050 0.9950 
       h3031  9 0.0093 0.9907 
       h3041  9 0.0055 0.9945 
       h3051  9 0.0070 0.9930 
       h3061  9 0.0173 0.9827 
       h3071  9 0.0062 0.9938 
       h3081  9 0.0166 0.9834 
       h3091  9 0.0061 0.9939 
       h3101  9 0.0058 0.9942 
       h3111  9 0.0070 0.9930 
       h3121  9 0.0079 0.9921 
       h3131  9 0.0242 0.9758 
       h3141  9 0.0059 0.9941 
       h3151  9 0.0091 0.9909 
       h3161  9 0.0063 0.9937 
       h3171  9 0.0073 0.9927 
       h3181  9 0.0059 0.9941 
       h3191  9 0.0065 0.9935 
       h3201  9 0.0056 0.9944 
       h3211  9 0.0051 0.9949 
       h3221  9 0.0153 0.9847 
       h3231  9 0.0056 0.9944 
       h3241  9 0.0051 0.9949 
       h3251  9 0.0069 0.9931 
       h3261  9 0.0082 0.9918 
       h3271  9 0.0075 0.9925 
       h3281  9 0.0075 0.9925 
       h3291  9 0.0097 0.9903 
       h3301  9 0.0068 0.9932 
       h3311  9 0.0050 0.9950 
       h3321  9 0.0073 0.9927 
       h3331  9 0.0048 0.9952 
       h3341  9 0.0065 0.9935 
       h3351  9 0.0068 0.9932 
       h3361  9 0.0081 0.9919 
       h3371  9 0.0066 0.9934 
       h3381  9 0.0116 0.9884 
       h3391  9 0.0076 0.9924 
       h3401  9 0.0058 0.9942 
       h3411  9 0.0070 0.9930 
       h3421  9 0.0075 0.9925 
       h3431  9 0.0133 0.9867 
       h3441  9 0.0062 0.9938 
       h3451  9 0.0056 0.9944 
       h3461  9 0.0085 0.9915 
       h3471  9 0.0079 0.9921 
       h3481  9 0.0053 0.9947 
       h3491  9 0.0085 0.9915 
       h3501  9 0.0058 0.9942 
       h3511  9 0.0101 0.9899 
       h3521  9 0.0050 0.9950 
       h3531  9 0.0060 0.9940 
       h3541  9 0.0058 0.9942 
       h3551  9 0.0105 0.9895 
       h3561  9 0.0055 0.9945 
       h3571  9 0.0092 0.9908 
       h3581  9 0.0054 0.9946 
       h3591  9 0.0114 0.9886 
       h3601  9 0.0112 0.9888 
       h3611  9 0.0122 0.9878 
       h3621  9 0.0057 0.9943 
       h3631  9 0.0065 0.9935 
       h3641  9 0.0065 0.9935 
       h3651  9 0.0125 0.9875 
       h3661  9 0.0052 0.9948 
       h3671  9 0.0084 0.9916 
       h3681  9 0.0115 0.9885 
       h3691  9 0.0090 0.9910 
       h3701  9 0.0082 0.9918 
       h3711  9 0.0075 0.9925 
       h3721  9 0.0088 0.9912 
       h3731  9 0.0060 0.9940 
       h3741  9 0.0102 0.9898 
       h3751  9 0.0114 0.9886 
       h3761  9 0.0057 0.9943 
       h3771  9 0.0053 0.9947 
       h3781  9 0.0087 0.9913 
       h3791  9 0.0112 0.9888 
       h3801  9 0.0055 0.9945 
       h3811  9 0.0113 0.9887 
       h3821  9 0.0085 0.9915 
       h3831  9 0.0080 0.9920 
       h3841  9 0.0048 0.9952 
       h3851  9 0.0082 0.9918 
       h3861  9 0.0073 0.9927 
       h3871  9 0.0060 0.9940 
       h3881  9 0.0059 0.9941 
       h3891  9 0.0059 0.9941 
       h3901  9 0.0144 0.9856 
       h3911  9 0.0067 0.9933 
       h3921  9 0.0133 0.9867 
       h3931  9 0.0061 0.9939 
       h3941  9 0.0085 0.9915 
       h3951  9 0.0048 0.9952 
       h3961  9 0.0053 0.9947 
       h3971  9 0.0084 0.9916 
       h3981  9 0.0074 0.9926 
       h3991  9 0.0079 0.9921 
       h4001  9 0.0073 0.9927 
        h401  9 0.0075 0.9925 
        h402  9 0.0078 0.9922 
        h403  9 0.0078 0.9922 
        h404  9 0.0061 0.9939 
        h405  9 0.0058 0.9942 
        h406  9 0.0096 0.9904 
        h407  9 0.0063 0.9937 
        h408  9 0.0087 0.9913 
        h409  9 0.0110 0.9890 
        h410  9 0.0181 0.9819 
        h411  9 0.0192 0.9808 
        h412  9 0.0053 0.9947 
        h413  9 0.0063 0.9937 
        h414  9 0.0087 0.9913 
        h415  9 0.0095 0.9905 
        h416  9 0.0081 0.9919 
        h417  9 0.0054 0.9946 
        h418  9 0.0081 0.9919 
        h419  9 0.0116 0.9884 
        h420  9 0.0075 0.9925 
        h421  9 0.0058 0.9942 
        h422  9 0.0071 0.9929 
        h423  9 0.0064 0.9936 
        h424  9 0.0057 0.9943 
        h425  9 0.0065 0.9935 
        h426  9 0.0056 0.9944 
        h427  9 0.0077 0.9923 
        h428  9 0.0101 0.9899 
        h429  9 0.0050 0.9950 
        h430  9 0.0052 0.9948 
        h431  9 0.0088 0.9912 
        h432  9 0.0077 0.9923 
        h433  9 0.0052 0.9948 
        h434  9 0.0070 0.9930 
        h435  9 0.0079 0.9921 
        h436  9 0.0105 0.9895 
        h437  9 0.0120 0.9880 
        h438  9 0.0052 0.9948 
        h439  9 0.0228 0.9772 
        h440  9 0.0065 0.9935 
        h441  9 0.0071 0.9929 
        h442  9 0.0063 0.9937 
        h443  9 0.0089 0.9911 
        h444  9 0.0081 0.9919 
        h445  9 0.0060 0.9940 
        h446  9 0.0060 0.9940 
        h447  9 0.0082 0.9918 
        h448  9 0.0079 0.9921 
        h449  9 0.0070 0.9930 
        h450  9 0.0069 0.9931 
        h451  9 0.0054 0.9946 
        h452  9 0.0093 0.9907 
        h453  9 0.0064 0.9936 
        h454  9 0.0054 0.9946 
        h455  9 0.0057 0.9943 
        h456  9 0.0055 0.9945 
        h457  9 0.0071 0.9929 
        h458  9 0.0107 0.9893 
        h459  9 0.0060 0.9940 
        h460  9 0.0074 0.9926 
        h461  9 0.0082 0.9918 
        h462  9 0.0074 0.9926 
        h463  9 0.0047 0.9953 
        h464  9 0.0060 0.9940 
        h465  9 0.0064 0.9936 
        h466  9 0.0068 0.9932 
        h467  9 0.0079 0.9921 
        h468  9 0.0081 0.9919 
        h469  9 0.0091 0.9909 
        h470  9 0.0063 0.9937 
        h471  9 0.0061 0.9939 
        h472  9 0.0079 0.9921 
