

----------------------------------------------------
STRUCTURE by Pritchard, Stephens and Donnelly (2000)
     and Falush, Stephens and Pritchard (2003)
       Code by Pritchard, Falush and Hubisz
             Version 2.3.4 (Jul 2012)
----------------------------------------------------



Command line arguments:   /home/eva.pavlovic/Structure/structure -m parameter_job_4b1_5_5 
Input File:    /home/eva.pavlovic/data_job_4b1_5_5

Run parameters:
   700 individuals
   20 loci
   2 populations assumed
   300000 Burn-in period
   3000000 Reps


--------------------------------------------
Proportion of membership of each pre-defined
 population in each of the 2 clusters

Given    Inferred Clusters       Number of
 Pop       1      2             Individuals

  1:     0.969  0.031             100
  2:     0.904  0.096             100
  3:     0.788  0.212             100
  4:     0.500  0.500             100
  5:     0.233  0.767             100
  6:     0.109  0.891             100
  7:     0.022  0.978              28
  8:     0.020  0.980              72
--------------------------------------------

Allele-freq. divergence among pops (Net nucleotide distance),
computed using point estimates of P.

      1       2      
 1      -    0.1128  
 2   0.1128     -    

Average distances (expected heterozygosity) between individuals in same cluster:
cluster  1  : 0.7904 
cluster  2  : 0.6541 

--------------------------------------------
Estimated Ln Prob of Data   = -49784.4
Mean value of ln likelihood = -49486.7
Variance of ln likelihood   = 595.4
Mean value of alpha         = 0.3521

Mean value of Fst_1         = 0.0123
Mean value of Fst_2         = 0.2896


Inferred ancestry of individuals:
        Label (%Miss) Pop:  Inferred clusters
  1    M1EL5    (5)    1 :  0.970 0.030 
  2    W26T6    (5)    1 :  0.957 0.043 
  3    W26XX    (5)    1 :  0.980 0.020 
  4    M013P    (0)    1 :  0.971 0.029 
  5    M1ELA    (0)    1 :  0.941 0.059 
  6    M2C73    (0)    1 :  0.977 0.023 
  7    W23P4    (0)    1 :  0.953 0.047 
  8    W247C    (5)    1 :  0.975 0.025 
  9    W24K1    (0)    1 :  0.979 0.021 
 10    W24ME    (0)    1 :  0.956 0.044 
 11    W2514    (0)    1 :  0.973 0.027 
 12    W26MA    (0)    1 :  0.960 0.040 
 13    W26MM    (0)    1 :  0.954 0.046 
 14    W26MU    (0)    1 :  0.976 0.024 
 15    W26P0    (0)    1 :  0.981 0.019 
 16    W26P3    (0)    1 :  0.980 0.020 
 17    W26T5    (0)    1 :  0.981 0.019 
 18    W26TE    (0)    1 :  0.969 0.031 
 19    W26TF    (0)    1 :  0.946 0.054 
 20    W26U8    (0)    1 :  0.951 0.049 
 21    W26UJ    (0)    1 :  0.974 0.026 
 22    W26UK    (0)    1 :  0.985 0.015 
 23    W26UT    (0)    1 :  0.981 0.019 
 24    W26XT    (0)    1 :  0.964 0.036 
 25   CC06H2    (0)    1 :  0.956 0.044 
 26   CC06H4    (0)    1 :  0.959 0.041 
 27   CC06H5    (5)    1 :  0.967 0.033 
 28   CC06H6    (0)    1 :  0.984 0.016 
 29   CC06HE    (0)    1 :  0.980 0.020 
 30   CC06HF    (0)    1 :  0.967 0.033 
 31   CC06HH    (0)    1 :  0.981 0.019 
 32   CC06HJ    (0)    1 :  0.948 0.052 
 33   CC06HL    (0)    1 :  0.977 0.023 
 34   CC06HP    (0)    1 :  0.982 0.018 
 35   CC06HT    (0)    1 :  0.965 0.035 
 36   CC06HU    (0)    1 :  0.975 0.025 
 37   CC06HY    (0)    1 :  0.963 0.037 
 38   CC06J0    (0)    1 :  0.964 0.036 
 39   CC06J1    (0)    1 :  0.970 0.030 
 40   CC06J2    (0)    1 :  0.967 0.033 
 41  CT.0YCY    (0)    1 :  0.974 0.026 
 42  CT.0YEC    (0)    1 :  0.981 0.019 
 43  CT.0YEF    (0)    1 :  0.979 0.021 
 44  CT.0YEU    (0)    1 :  0.985 0.015 
 45  CT.0YF2    (5)    1 :  0.964 0.036 
 46  CT.0YF8    (0)    1 :  0.986 0.014 
 47  CT.0YFA    (0)    1 :  0.985 0.015 
 48  CT.0YFE    (0)    1 :  0.976 0.024 
 49  CT.0YFP    (0)    1 :  0.967 0.033 
 50  CT.0YFU    (0)    1 :  0.973 0.027 
 51  CT.0YK7    (0)    1 :  0.961 0.039 
 52  CX.10PT    (0)    1 :  0.900 0.100 
 53   DAM021    (0)    1 :  0.975 0.025 
 54   DAM034    (0)    1 :  0.984 0.016 
 55   DAM07X    (0)    1 :  0.980 0.020 
 56  EF.15J6    (0)    1 :  0.978 0.022 
 57   HRV010   (10)    1 :  0.961 0.039 
 58   HRV02J    (5)    1 :  0.975 0.025 
 59   HRV078    (0)    1 :  0.972 0.028 
 60   HRV0FH    (0)    1 :  0.975 0.025 
 61   HRV0H5    (0)    1 :  0.973 0.027 
 62   HRV0JF    (0)    1 :  0.979 0.021 
 63   HRV0JJ    (0)    1 :  0.974 0.026 
 64   HRV0JM    (0)    1 :  0.977 0.023 
 65   HRV0K6    (0)    1 :  0.927 0.073 
 66   HRV0K7    (0)    1 :  0.981 0.019 
 67   HRV0KP    (5)    1 :  0.939 0.061 
 68   HRV1AX    (0)    1 :  0.972 0.028 
 69   HRV1C4    (0)    1 :  0.983 0.017 
 70   HRV1CH    (0)    1 :  0.977 0.023 
 71   HRV1FA    (5)    1 :  0.975 0.025 
 72   HRV1FK    (0)    1 :  0.960 0.040 
 73   HRV1H8    (5)    1 :  0.981 0.019 
 74   HRV1HT   (10)    1 :  0.965 0.035 
 75   HRV1XU   (10)    1 :  0.955 0.045 
 76   HRV4TF    (0)    1 :  0.974 0.026 
 77   HRV6F0   (10)    1 :  0.972 0.028 
 78   HRVE6L    (0)    1 :  0.954 0.046 
 79    M27HM    (5)    1 :  0.980 0.020 
 80    M27HP    (0)    1 :  0.979 0.021 
 81    M2AK4    (0)    1 :  0.979 0.021 
 82    M2ALA    (0)    1 :  0.979 0.021 
 83    M2C56    (0)    1 :  0.974 0.026 
 84    M2CUX    (0)    1 :  0.954 0.046 
 85    M2E24    (0)    1 :  0.982 0.018 
 86    M2EA7    (5)    1 :  0.976 0.024 
 87    M2EH6    (0)    1 :  0.977 0.023 
 88    M2EKC    (0)    1 :  0.946 0.054 
 89   MSV083    (0)    1 :  0.907 0.093 
 90   MSV084    (0)    1 :  0.978 0.022 
 91   MSV0LJ    (0)    1 :  0.975 0.025 
 92   MSV1H5    (0)    1 :  0.977 0.023 
 93   MSV1KM    (0)    1 :  0.983 0.017 
 94   MSV23F    (5)    1 :  0.946 0.054 
 95   MSV2L8    (0)    1 :  0.976 0.024 
 96   MSV2P7    (5)    1 :  0.976 0.024 
 97   MSV2TJ    (0)    1 :  0.983 0.017 
 98   MSV2XM    (0)    1 :  0.968 0.032 
 99   MSV327    (5)    1 :  0.968 0.032 
100   MSV33L    (5)    1 :  0.983 0.017 
101     h001    (0)    2 :  0.927 0.073 
102     h002    (0)    2 :  0.970 0.030 
103     h003    (0)    2 :  0.972 0.028 
104     h004    (0)    2 :  0.912 0.088 
105     h005    (0)    2 :  0.814 0.186 
106     h006    (0)    2 :  0.960 0.040 
107     h007    (0)    2 :  0.942 0.058 
108     h008    (0)    2 :  0.936 0.064 
109     h009    (0)    2 :  0.959 0.041 
110     h010    (0)    2 :  0.904 0.096 
111     h011    (0)    2 :  0.909 0.091 
112     h012    (0)    2 :  0.972 0.028 
113     h013    (0)    2 :  0.890 0.110 
114     h014    (0)    2 :  0.931 0.069 
115     h015    (0)    2 :  0.683 0.317 
116     h016    (0)    2 :  0.959 0.041 
117     h017    (0)    2 :  0.955 0.045 
118     h018    (0)    2 :  0.968 0.032 
119     h019    (0)    2 :  0.976 0.024 
120     h020    (0)    2 :  0.911 0.089 
121     h021    (0)    2 :  0.941 0.059 
122     h022    (0)    2 :  0.971 0.029 
123     h023    (0)    2 :  0.963 0.037 
124     h024    (0)    2 :  0.927 0.073 
125     h025    (0)    2 :  0.946 0.054 
126     h026    (0)    2 :  0.970 0.030 
127     h027    (0)    2 :  0.921 0.079 
128     h028    (0)    2 :  0.847 0.153 
129     h029    (0)    2 :  0.887 0.113 
130     h030    (0)    2 :  0.923 0.077 
131     h031    (0)    2 :  0.691 0.309 
132     h032    (0)    2 :  0.654 0.346 
133     h033    (0)    2 :  0.849 0.151 
134     h034    (0)    2 :  0.945 0.055 
135     h035    (0)    2 :  0.910 0.090 
136     h036    (0)    2 :  0.927 0.073 
137     h037    (0)    2 :  0.981 0.019 
138     h038    (0)    2 :  0.974 0.026 
139     h039    (0)    2 :  0.891 0.109 
140     h040    (0)    2 :  0.965 0.035 
141     h041    (0)    2 :  0.946 0.054 
142     h042    (0)    2 :  0.887 0.113 
143     h043    (0)    2 :  0.836 0.164 
144     h044    (0)    2 :  0.893 0.107 
145     h045    (0)    2 :  0.907 0.093 
146     h046    (0)    2 :  0.881 0.119 
147     h047    (0)    2 :  0.949 0.051 
148     h048    (0)    2 :  0.953 0.047 
149     h049    (0)    2 :  0.814 0.186 
150     h050    (0)    2 :  0.882 0.118 
151     h051    (0)    2 :  0.860 0.140 
152     h052    (0)    2 :  0.895 0.105 
153     h053    (0)    2 :  0.943 0.057 
154     h054    (0)    2 :  0.823 0.177 
155     h055    (0)    2 :  0.745 0.255 
156     h056    (0)    2 :  0.716 0.284 
157     h057    (0)    2 :  0.875 0.125 
158     h058    (0)    2 :  0.930 0.070 
159     h059    (0)    2 :  0.895 0.105 
160     h060    (0)    2 :  0.955 0.045 
161     h061    (0)    2 :  0.955 0.045 
162     h062    (0)    2 :  0.981 0.019 
163     h063    (0)    2 :  0.916 0.084 
164     h064    (0)    2 :  0.859 0.141 
165     h065    (0)    2 :  0.718 0.282 
166     h066    (0)    2 :  0.958 0.042 
167     h067    (0)    2 :  0.923 0.077 
168     h068    (0)    2 :  0.944 0.056 
169     h069    (0)    2 :  0.881 0.119 
170     h070    (0)    2 :  0.895 0.105 
171     h071    (0)    2 :  0.895 0.105 
172     h072    (0)    2 :  0.884 0.116 
173     h073    (0)    2 :  0.837 0.163 
174     h074    (0)    2 :  0.963 0.037 
175     h075    (0)    2 :  0.972 0.028 
176     h076    (0)    2 :  0.963 0.037 
177     h077    (0)    2 :  0.929 0.071 
178     h078    (0)    2 :  0.895 0.105 
179     h079    (0)    2 :  0.808 0.192 
180     h080    (0)    2 :  0.961 0.039 
181     h081    (0)    2 :  0.961 0.039 
182     h082    (0)    2 :  0.817 0.183 
183     h083    (0)    2 :  0.814 0.186 
184     h084    (0)    2 :  0.803 0.197 
185     h085    (0)    2 :  0.974 0.026 
186     h086    (0)    2 :  0.961 0.039 
187     h087    (0)    2 :  0.927 0.073 
188     h088    (0)    2 :  0.975 0.025 
189     h089    (0)    2 :  0.960 0.040 
190     h090    (0)    2 :  0.824 0.176 
191     h091    (0)    2 :  0.966 0.034 
192     h092    (0)    2 :  0.807 0.193 
193     h093    (0)    2 :  0.954 0.046 
194     h094    (0)    2 :  0.785 0.215 
195     h095    (0)    2 :  0.865 0.135 
196     h096    (0)    2 :  0.957 0.043 
197     h097    (0)    2 :  0.974 0.026 
198     h098    (0)    2 :  0.909 0.091 
199     h099    (0)    2 :  0.919 0.081 
200     h100    (0)    2 :  0.972 0.028 
201    h0011    (0)    3 :  0.945 0.055 
202    h0021    (0)    3 :  0.827 0.173 
203    h0031    (0)    3 :  0.603 0.397 
204    h0041    (0)    3 :  0.747 0.253 
205    h0051    (0)    3 :  0.796 0.204 
206    h0061    (0)    3 :  0.887 0.113 
207    h0071    (0)    3 :  0.860 0.140 
208    h0081    (0)    3 :  0.791 0.209 
209    h0091    (0)    3 :  0.705 0.295 
210    h0101    (0)    3 :  0.770 0.230 
211    h0111    (0)    3 :  0.822 0.178 
212    h0121    (0)    3 :  0.899 0.101 
213    h0131    (0)    3 :  0.835 0.165 
214    h0141    (0)    3 :  0.694 0.306 
215    h0151    (0)    3 :  0.736 0.264 
216    h0161    (0)    3 :  0.731 0.269 
217    h0171    (0)    3 :  0.930 0.070 
218    h0181    (0)    3 :  0.809 0.191 
219    h0191    (0)    3 :  0.836 0.164 
220    h0201    (0)    3 :  0.941 0.059 
221    h0211    (0)    3 :  0.892 0.108 
222    h0221    (0)    3 :  0.792 0.208 
223    h0231    (0)    3 :  0.880 0.120 
224    h0241    (0)    3 :  0.736 0.264 
225    h0251    (0)    3 :  0.807 0.193 
226    h0261    (0)    3 :  0.704 0.296 
227    h0271    (0)    3 :  0.650 0.350 
228    h0281    (0)    3 :  0.851 0.149 
229    h0291    (0)    3 :  0.678 0.322 
230    h0301    (0)    3 :  0.908 0.092 
231    h0311    (0)    3 :  0.959 0.041 
232    h0321    (0)    3 :  0.673 0.327 
233    h0331    (0)    3 :  0.749 0.251 
234    h0341    (0)    3 :  0.900 0.100 
235    h0351    (0)    3 :  0.818 0.182 
236    h0361    (0)    3 :  0.725 0.275 
237    h0371    (0)    3 :  0.805 0.195 
238    h0381    (0)    3 :  0.822 0.178 
239    h0391    (0)    3 :  0.559 0.441 
240    h0401    (0)    3 :  0.819 0.181 
241    h0411    (0)    3 :  0.851 0.149 
242    h0421    (0)    3 :  0.931 0.069 
243    h0431    (0)    3 :  0.603 0.397 
244    h0441    (0)    3 :  0.656 0.344 
245    h0451    (0)    3 :  0.697 0.303 
246    h0461    (0)    3 :  0.729 0.271 
247    h0471    (0)    3 :  0.903 0.097 
248    h0481    (0)    3 :  0.798 0.202 
249    h0491    (0)    3 :  0.730 0.270 
250    h0501    (0)    3 :  0.941 0.059 
251    h0511    (0)    3 :  0.757 0.243 
252    h0521    (0)    3 :  0.751 0.249 
253    h0531    (0)    3 :  0.701 0.299 
254    h0541    (0)    3 :  0.686 0.314 
255    h0551    (0)    3 :  0.655 0.345 
256    h0561    (0)    3 :  0.762 0.238 
257    h0571    (0)    3 :  0.668 0.332 
258    h0581    (0)    3 :  0.604 0.396 
259    h0591    (0)    3 :  0.945 0.055 
260    h0601    (0)    3 :  0.950 0.050 
261    h0611    (0)    3 :  0.900 0.100 
262    h0621    (0)    3 :  0.678 0.322 
263    h0631    (0)    3 :  0.954 0.046 
264    h0641    (0)    3 :  0.763 0.237 
265    h0651    (0)    3 :  0.709 0.291 
266    h0661    (0)    3 :  0.794 0.206 
267    h0671    (0)    3 :  0.901 0.099 
268    h0681    (0)    3 :  0.684 0.316 
269    h0691    (0)    3 :  0.923 0.077 
270    h0701    (0)    3 :  0.893 0.107 
271    h0711    (0)    3 :  0.795 0.205 
272    h0721    (0)    3 :  0.714 0.286 
273    h0731    (0)    3 :  0.898 0.102 
274    h0741    (0)    3 :  0.765 0.235 
275    h0751    (0)    3 :  0.827 0.173 
276    h0761    (0)    3 :  0.849 0.151 
277    h0771    (0)    3 :  0.689 0.311 
278    h0781    (0)    3 :  0.953 0.047 
279    h0791    (0)    3 :  0.526 0.474 
280    h0801    (0)    3 :  0.882 0.118 
281    h0811    (0)    3 :  0.598 0.402 
282    h0821    (0)    3 :  0.664 0.336 
283    h0831    (0)    3 :  0.706 0.294 
284    h0841    (0)    3 :  0.901 0.099 
285    h0851    (0)    3 :  0.797 0.203 
286    h0861    (0)    3 :  0.710 0.290 
287    h0871    (0)    3 :  0.842 0.158 
288    h0881    (0)    3 :  0.782 0.218 
289    h0891    (0)    3 :  0.800 0.200 
290    h0901    (0)    3 :  0.818 0.182 
291    h0911    (0)    3 :  0.870 0.130 
292    h0921    (0)    3 :  0.946 0.054 
293    h0931    (0)    3 :  0.855 0.145 
294    h0941    (0)    3 :  0.648 0.352 
295    h0951    (0)    3 :  0.609 0.391 
296    h0961    (0)    3 :  0.736 0.264 
297    h0971    (0)    3 :  0.646 0.354 
298    h0981    (0)    3 :  0.917 0.083 
299    h0991    (0)    3 :  0.909 0.091 
300    h1001    (0)    3 :  0.732 0.268 
301    h0012    (0)    4 :  0.486 0.514 
302    h0022    (0)    4 :  0.502 0.498 
303    h0032    (0)    4 :  0.437 0.563 
304    h0042    (0)    4 :  0.664 0.336 
305    h0052    (0)    4 :  0.474 0.526 
306    h0062    (0)    4 :  0.496 0.504 
307    h0072    (0)    4 :  0.594 0.406 
308    h0082    (0)    4 :  0.467 0.533 
309    h0092    (0)    4 :  0.608 0.392 
310    h0102    (0)    4 :  0.356 0.644 
311    h0112    (0)    4 :  0.546 0.454 
312    h0122    (0)    4 :  0.380 0.620 
313    h0132    (0)    4 :  0.429 0.571 
314    h0142    (0)    4 :  0.631 0.369 
315    h0152    (0)    4 :  0.568 0.432 
316    h0162    (0)    4 :  0.525 0.475 
317    h0172    (0)    4 :  0.524 0.476 
318    h0182    (0)    4 :  0.504 0.496 
319    h0192    (0)    4 :  0.429 0.571 
320    h0202    (0)    4 :  0.352 0.648 
321    h0212    (0)    4 :  0.563 0.437 
322    h0222    (0)    4 :  0.536 0.464 
323    h0232    (0)    4 :  0.741 0.259 
324    h0242    (0)    4 :  0.529 0.471 
325    h0252    (0)    4 :  0.376 0.624 
326    h0262    (0)    4 :  0.346 0.654 
327    h0272    (0)    4 :  0.537 0.463 
328    h0282    (0)    4 :  0.452 0.548 
329    h0292    (0)    4 :  0.484 0.516 
330    h0302    (0)    4 :  0.472 0.528 
331    h0312    (0)    4 :  0.568 0.432 
332    h0322    (0)    4 :  0.415 0.585 
333    h0332    (0)    4 :  0.405 0.595 
334    h0342    (0)    4 :  0.448 0.552 
335    h0352    (0)    4 :  0.564 0.436 
336    h0362    (0)    4 :  0.424 0.576 
337    h0372    (0)    4 :  0.579 0.421 
338    h0382    (0)    4 :  0.510 0.490 
339    h0392    (0)    4 :  0.641 0.359 
340    h0402    (0)    4 :  0.410 0.590 
341    h0412    (0)    4 :  0.312 0.688 
342    h0422    (0)    4 :  0.519 0.481 
343    h0432    (0)    4 :  0.510 0.490 
344    h0442    (0)    4 :  0.472 0.528 
345    h0452    (0)    4 :  0.373 0.627 
346    h0462    (0)    4 :  0.507 0.493 
347    h0472    (0)    4 :  0.582 0.418 
348    h0482    (0)    4 :  0.682 0.318 
349    h0492    (0)    4 :  0.297 0.703 
350    h0502    (0)    4 :  0.499 0.501 
351    h0512    (0)    4 :  0.611 0.389 
352    h0522    (0)    4 :  0.433 0.567 
353    h0532    (0)    4 :  0.461 0.539 
354    h0542    (0)    4 :  0.473 0.527 
355    h0552    (0)    4 :  0.490 0.510 
356    h0562    (0)    4 :  0.543 0.457 
357    h0572    (0)    4 :  0.576 0.424 
358    h0582    (0)    4 :  0.350 0.650 
359    h0592    (0)    4 :  0.398 0.602 
360    h0602    (0)    4 :  0.539 0.461 
361    h0612    (0)    4 :  0.613 0.387 
362    h0622    (0)    4 :  0.398 0.602 
363    h0632    (0)    4 :  0.497 0.503 
364    h0642    (0)    4 :  0.512 0.488 
365    h0652    (0)    4 :  0.488 0.512 
366    h0662    (0)    4 :  0.378 0.622 
367    h0672    (0)    4 :  0.369 0.631 
368    h0682    (0)    4 :  0.362 0.638 
369    h0692    (0)    4 :  0.574 0.426 
370    h0702    (0)    4 :  0.395 0.605 
371    h0712    (0)    4 :  0.486 0.514 
372    h0722    (0)    4 :  0.420 0.580 
373    h0732    (0)    4 :  0.429 0.571 
374    h0742    (0)    4 :  0.475 0.525 
375    h0752    (0)    4 :  0.489 0.511 
376    h0762    (0)    4 :  0.558 0.442 
377    h0772    (0)    4 :  0.556 0.444 
378    h0782    (0)    4 :  0.465 0.535 
379    h0792    (0)    4 :  0.462 0.538 
380    h0802    (0)    4 :  0.517 0.483 
381    h0812    (0)    4 :  0.500 0.500 
382    h0822    (0)    4 :  0.663 0.337 
383    h0832    (0)    4 :  0.556 0.444 
384    h0842    (0)    4 :  0.488 0.512 
385    h0852    (0)    4 :  0.725 0.275 
386    h0862    (0)    4 :  0.476 0.524 
387    h0872    (0)    4 :  0.505 0.495 
388    h0882    (0)    4 :  0.474 0.526 
389    h0892    (0)    4 :  0.518 0.482 
390    h0902    (0)    4 :  0.616 0.384 
391    h0912    (0)    4 :  0.615 0.385 
392    h0922    (0)    4 :  0.779 0.221 
393    h0932    (0)    4 :  0.590 0.410 
394    h0942    (0)    4 :  0.563 0.437 
395    h0952    (0)    4 :  0.496 0.504 
396    h0962    (0)    4 :  0.462 0.538 
397    h0972    (0)    4 :  0.387 0.613 
398    h0982    (0)    4 :  0.617 0.383 
399    h0992    (0)    4 :  0.505 0.495 
400    h1002    (0)    4 :  0.432 0.568 
401    h0013    (0)    5 :  0.275 0.725 
402    h0023    (0)    5 :  0.224 0.776 
403    h0033    (0)    5 :  0.166 0.834 
404    h0043    (0)    5 :  0.220 0.780 
405    h0053    (0)    5 :  0.186 0.814 
406    h0063    (0)    5 :  0.077 0.923 
407    h0073    (0)    5 :  0.188 0.812 
408    h0083    (0)    5 :  0.350 0.650 
409    h0093    (0)    5 :  0.211 0.789 
410    h0103    (0)    5 :  0.108 0.892 
411    h0113    (0)    5 :  0.065 0.935 
412    h0123    (0)    5 :  0.266 0.734 
413    h0133    (0)    5 :  0.222 0.778 
414    h0143    (0)    5 :  0.340 0.660 
415    h0153    (0)    5 :  0.317 0.683 
416    h0163    (0)    5 :  0.332 0.668 
417    h0173    (0)    5 :  0.381 0.619 
418    h0183    (0)    5 :  0.351 0.649 
419    h0193    (0)    5 :  0.271 0.729 
420    h0203    (0)    5 :  0.306 0.694 
421    h0213    (0)    5 :  0.209 0.791 
422    h0223    (0)    5 :  0.058 0.942 
423    h0233    (0)    5 :  0.118 0.882 
424    h0243    (0)    5 :  0.122 0.878 
425    h0253    (0)    5 :  0.291 0.709 
426    h0263    (0)    5 :  0.206 0.794 
427    h0273    (0)    5 :  0.236 0.764 
428    h0283    (0)    5 :  0.305 0.695 
429    h0293    (0)    5 :  0.415 0.585 
430    h0303    (0)    5 :  0.174 0.826 
431    h0313    (0)    5 :  0.240 0.760 
432    h0323    (0)    5 :  0.194 0.806 
433    h0333    (0)    5 :  0.197 0.803 
434    h0343    (0)    5 :  0.104 0.896 
435    h0353    (0)    5 :  0.257 0.743 
436    h0363    (0)    5 :  0.095 0.905 
437    h0373    (0)    5 :  0.140 0.860 
438    h0383    (0)    5 :  0.215 0.785 
439    h0393    (0)    5 :  0.299 0.701 
440    h0403    (0)    5 :  0.247 0.753 
441    h0413    (0)    5 :  0.176 0.824 
442    h0423    (0)    5 :  0.306 0.694 
443    h0433    (0)    5 :  0.259 0.741 
444    h0443    (0)    5 :  0.318 0.682 
445    h0453    (0)    5 :  0.335 0.665 
446    h0463    (0)    5 :  0.073 0.927 
447    h0473    (0)    5 :  0.233 0.767 
448    h0483    (0)    5 :  0.275 0.725 
449    h0493    (0)    5 :  0.271 0.729 
450    h0503    (0)    5 :  0.035 0.965 
451    h0513    (0)    5 :  0.415 0.585 
452    h0523    (0)    5 :  0.179 0.821 
453    h0533    (0)    5 :  0.419 0.581 
454    h0543    (0)    5 :  0.217 0.783 
455    h0553    (0)    5 :  0.237 0.763 
456    h0563    (0)    5 :  0.128 0.872 
457    h0573    (0)    5 :  0.174 0.826 
458    h0583    (0)    5 :  0.167 0.833 
459    h0593    (0)    5 :  0.065 0.935 
460    h0603    (0)    5 :  0.154 0.846 
461    h0613    (0)    5 :  0.163 0.837 
462    h0623    (0)    5 :  0.285 0.715 
463    h0633    (0)    5 :  0.068 0.932 
464    h0643    (0)    5 :  0.403 0.597 
465    h0653    (0)    5 :  0.286 0.714 
466    h0663    (0)    5 :  0.109 0.891 
467    h0673    (0)    5 :  0.182 0.818 
468    h0683    (0)    5 :  0.234 0.766 
469    h0693    (0)    5 :  0.021 0.979 
470    h0703    (0)    5 :  0.155 0.845 
471    h0713    (0)    5 :  0.323 0.677 
472    h0723    (0)    5 :  0.131 0.869 
473    h0733    (0)    5 :  0.206 0.794 
474    h0743    (0)    5 :  0.222 0.778 
475    h0753    (0)    5 :  0.340 0.660 
476    h0763    (0)    5 :  0.428 0.572 
477    h0773    (0)    5 :  0.276 0.724 
478    h0783    (0)    5 :  0.372 0.628 
479    h0793    (0)    5 :  0.206 0.794 
480    h0803    (0)    5 :  0.217 0.783 
481    h0813    (0)    5 :  0.211 0.789 
482    h0823    (0)    5 :  0.380 0.620 
483    h0833    (0)    5 :  0.251 0.749 
484    h0843    (0)    5 :  0.139 0.861 
485    h0853    (0)    5 :  0.316 0.684 
486    h0863    (0)    5 :  0.200 0.800 
487    h0873    (0)    5 :  0.289 0.711 
488    h0883    (0)    5 :  0.292 0.708 
489    h0893    (0)    5 :  0.304 0.696 
490    h0903    (0)    5 :  0.391 0.609 
491    h0913    (0)    5 :  0.242 0.758 
492    h0923    (0)    5 :  0.232 0.768 
493    h0933    (0)    5 :  0.326 0.674 
494    h0943    (0)    5 :  0.221 0.779 
495    h0953    (0)    5 :  0.336 0.664 
496    h0963    (0)    5 :  0.047 0.953 
497    h0973    (0)    5 :  0.259 0.741 
498    h0983    (0)    5 :  0.380 0.620 
499    h0993    (0)    5 :  0.277 0.723 
500    h1003    (0)    5 :  0.203 0.797 
501    h0014    (0)    6 :  0.126 0.874 
502    h0024    (0)    6 :  0.083 0.917 
503    h0034    (0)    6 :  0.224 0.776 
504    h0044    (0)    6 :  0.063 0.937 
505    h0054    (0)    6 :  0.105 0.895 
506    h0064    (0)    6 :  0.168 0.832 
507    h0074    (0)    6 :  0.026 0.974 
508    h0084    (0)    6 :  0.136 0.864 
509    h0094    (0)    6 :  0.015 0.985 
510    h0104    (0)    6 :  0.093 0.907 
511    h0114    (0)    6 :  0.033 0.967 
512    h0124    (0)    6 :  0.125 0.875 
513    h0134    (0)    6 :  0.073 0.927 
514    h0144    (0)    6 :  0.144 0.856 
515    h0154    (0)    6 :  0.200 0.800 
516    h0164    (0)    6 :  0.022 0.978 
517    h0174    (0)    6 :  0.201 0.799 
518    h0184    (0)    6 :  0.053 0.947 
519    h0194    (0)    6 :  0.083 0.917 
520    h0204    (0)    6 :  0.036 0.964 
521    h0214    (0)    6 :  0.071 0.929 
522    h0224    (0)    6 :  0.023 0.977 
523    h0234    (0)    6 :  0.022 0.978 
524    h0244    (0)    6 :  0.149 0.851 
525    h0254    (0)    6 :  0.053 0.947 
526    h0264    (0)    6 :  0.262 0.738 
527    h0274    (0)    6 :  0.182 0.818 
528    h0284    (0)    6 :  0.170 0.830 
529    h0294    (0)    6 :  0.067 0.933 
530    h0304    (0)    6 :  0.022 0.978 
531    h0314    (0)    6 :  0.144 0.856 
532    h0324    (0)    6 :  0.073 0.927 
533    h0334    (0)    6 :  0.250 0.750 
534    h0344    (0)    6 :  0.023 0.977 
535    h0354    (0)    6 :  0.057 0.943 
536    h0364    (0)    6 :  0.078 0.922 
537    h0374    (0)    6 :  0.137 0.863 
538    h0384    (0)    6 :  0.098 0.902 
539    h0394    (0)    6 :  0.069 0.931 
540    h0404    (0)    6 :  0.135 0.865 
541    h0414    (0)    6 :  0.171 0.829 
542    h0424    (0)    6 :  0.183 0.817 
543    h0434    (0)    6 :  0.074 0.926 
544    h0444    (0)    6 :  0.059 0.941 
545    h0454    (0)    6 :  0.064 0.936 
546    h0464    (0)    6 :  0.085 0.915 
547    h0474    (0)    6 :  0.075 0.925 
548    h0484    (0)    6 :  0.018 0.982 
549    h0494    (0)    6 :  0.194 0.806 
550    h0504    (0)    6 :  0.115 0.885 
551    h0514    (0)    6 :  0.182 0.818 
552    h0524    (0)    6 :  0.024 0.976 
553    h0534    (0)    6 :  0.075 0.925 
554    h0544    (0)    6 :  0.062 0.938 
555    h0554    (0)    6 :  0.015 0.985 
556    h0564    (0)    6 :  0.070 0.930 
557    h0574    (0)    6 :  0.054 0.946 
558    h0584    (0)    6 :  0.029 0.971 
559    h0594    (0)    6 :  0.073 0.927 
560    h0604    (0)    6 :  0.165 0.835 
561    h0614    (0)    6 :  0.151 0.849 
562    h0624    (0)    6 :  0.093 0.907 
563    h0634    (0)    6 :  0.230 0.770 
564    h0644    (0)    6 :  0.054 0.946 
565    h0654    (0)    6 :  0.092 0.908 
566    h0664    (0)    6 :  0.108 0.892 
567    h0674    (0)    6 :  0.013 0.987 
568    h0684    (0)    6 :  0.179 0.821 
569    h0694    (0)    6 :  0.185 0.815 
570    h0704    (0)    6 :  0.036 0.964 
571    h0714    (0)    6 :  0.059 0.941 
572    h0724    (0)    6 :  0.195 0.805 
573    h0734    (0)    6 :  0.075 0.925 
574    h0744    (0)    6 :  0.129 0.871 
575    h0754    (0)    6 :  0.035 0.965 
576    h0764    (0)    6 :  0.225 0.775 
577    h0774    (0)    6 :  0.135 0.865 
578    h0784    (0)    6 :  0.053 0.947 
579    h0794    (0)    6 :  0.078 0.922 
580    h0804    (0)    6 :  0.248 0.752 
581    h0814    (0)    6 :  0.064 0.936 
582    h0824    (0)    6 :  0.218 0.782 
583    h0834    (0)    6 :  0.087 0.913 
584    h0844    (0)    6 :  0.124 0.876 
585    h0854    (0)    6 :  0.116 0.884 
586    h0864    (0)    6 :  0.253 0.747 
587    h0874    (0)    6 :  0.047 0.953 
588    h0884    (0)    6 :  0.094 0.906 
589    h0894    (0)    6 :  0.158 0.842 
590    h0904    (0)    6 :  0.021 0.979 
591    h0914    (0)    6 :  0.209 0.791 
592    h0924    (0)    6 :  0.019 0.981 
593    h0934    (0)    6 :  0.129 0.871 
594    h0944    (0)    6 :  0.059 0.941 
595    h0954    (0)    6 :  0.216 0.784 
596    h0964    (0)    6 :  0.181 0.819 
597    h0974    (0)    6 :  0.199 0.801 
598    h0984    (0)    6 :  0.136 0.864 
599    h0994    (0)    6 :  0.175 0.825 
600    h1004    (0)    6 :  0.137 0.863 
601  CK.0PLA    (5)    7 :  0.031 0.969 
602  CK.0PLC    (0)    7 :  0.029 0.971 
603  CK.0PLE    (0)    7 :  0.020 0.980 
604  CK.0PLF    (0)    7 :  0.059 0.941 
605  CK.0PLH    (0)    7 :  0.023 0.977 
606  CK.0PLJ    (0)    7 :  0.023 0.977 
607  CK.0PLK    (0)    7 :  0.015 0.985 
608  CK.0PLL    (0)    7 :  0.034 0.966 
609  CK.0PLM    (0)    7 :  0.021 0.979 
610  CK.0PLP    (0)    7 :  0.030 0.970 
611  CK.0PLT    (0)    7 :  0.014 0.986 
612  CK.0PLU    (0)    7 :  0.019 0.981 
613  CK.0PLX    (0)    7 :  0.026 0.974 
614  CK.0PLY    (5)    7 :  0.015 0.985 
615  CK.0PM0    (0)    7 :  0.018 0.982 
616  CK.0PM1    (0)    7 :  0.016 0.984 
617  CK.0PM2    (0)    7 :  0.021 0.979 
618  CK.0PM3    (0)    7 :  0.018 0.982 
619  CK.0PM4    (0)    7 :  0.024 0.976 
620  CK.0PM7    (0)    7 :  0.017 0.983 
621  CK.0PM8    (0)    7 :  0.016 0.984 
622  CK.0PMA    (0)    7 :  0.022 0.978 
623    M2C06    (0)    7 :  0.017 0.983 
624    M2C07    (0)    7 :  0.014 0.986 
625    M2C08    (0)    7 :  0.014 0.986 
626    M2C0A    (0)    7 :  0.017 0.983 
627    M2C0C    (0)    7 :  0.016 0.984 
628    M2C0E    (0)    7 :  0.018 0.982 
629      h01    (0)    8 :  0.038 0.962 
630      h02    (0)    8 :  0.016 0.984 
631      h03    (0)    8 :  0.024 0.976 
632      h04    (0)    8 :  0.027 0.973 
633      h05    (0)    8 :  0.021 0.979 
634      h06    (0)    8 :  0.016 0.984 
635      h07    (0)    8 :  0.018 0.982 
636      h08    (0)    8 :  0.051 0.949 
637      h09    (0)    8 :  0.017 0.983 
638      h10    (0)    8 :  0.021 0.979 
639      h11    (0)    8 :  0.017 0.983 
640      h12    (0)    8 :  0.016 0.984 
641      h13    (0)    8 :  0.017 0.983 
642      h14    (0)    8 :  0.019 0.981 
643      h15    (0)    8 :  0.014 0.986 
644      h16    (0)    8 :  0.039 0.961 
645      h17    (0)    8 :  0.014 0.986 
646      h18    (0)    8 :  0.016 0.984 
647      h19    (0)    8 :  0.018 0.982 
648      h20    (0)    8 :  0.017 0.983 
649      h21    (0)    8 :  0.015 0.985 
650      h22    (0)    8 :  0.022 0.978 
651      h23    (0)    8 :  0.016 0.984 
652      h24    (0)    8 :  0.018 0.982 
653      h25    (0)    8 :  0.021 0.979 
654      h26    (0)    8 :  0.028 0.972 
655      h27    (0)    8 :  0.016 0.984 
656      h28    (0)    8 :  0.022 0.978 
657      h29    (0)    8 :  0.020 0.980 
658      h30    (0)    8 :  0.017 0.983 
659      h31    (0)    8 :  0.022 0.978 
660      h32    (0)    8 :  0.019 0.981 
661      h33    (0)    8 :  0.016 0.984 
662      h34    (0)    8 :  0.036 0.964 
663      h35    (0)    8 :  0.017 0.983 
664      h36    (0)    8 :  0.018 0.982 
665      h37    (0)    8 :  0.016 0.984 
666      h38    (0)    8 :  0.018 0.982 
667      h39    (0)    8 :  0.016 0.984 
668      h40    (0)    8 :  0.020 0.980 
669      h41    (0)    8 :  0.018 0.982 
670      h42    (0)    8 :  0.019 0.981 
671      h43    (0)    8 :  0.020 0.980 
672      h44    (0)    8 :  0.014 0.986 
673      h45    (0)    8 :  0.026 0.974 
674      h46    (0)    8 :  0.033 0.967 
675      h47    (0)    8 :  0.015 0.985 
676      h48    (0)    8 :  0.015 0.985 
677      h49    (0)    8 :  0.016 0.984 
678      h50    (0)    8 :  0.016 0.984 
679      h51    (0)    8 :  0.017 0.983 
680      h52    (0)    8 :  0.014 0.986 
681      h53    (0)    8 :  0.026 0.974 
682      h54    (0)    8 :  0.017 0.983 
683      h55    (0)    8 :  0.016 0.984 
684      h56    (0)    8 :  0.018 0.982 
685      h57    (0)    8 :  0.014 0.986 
686      h58    (0)    8 :  0.026 0.974 
687      h59    (0)    8 :  0.038 0.962 
688      h60    (0)    8 :  0.026 0.974 
689      h61    (0)    8 :  0.018 0.982 
690      h62    (0)    8 :  0.017 0.983 
691      h63    (0)    8 :  0.018 0.982 
692      h64    (0)    8 :  0.020 0.980 
693      h65    (0)    8 :  0.026 0.974 
694      h66    (0)    8 :  0.017 0.983 
695      h67    (0)    8 :  0.027 0.973 
696      h68    (0)    8 :  0.019 0.981 
697      h69    (0)    8 :  0.014 0.986 
698      h70    (0)    8 :  0.019 0.981 
699      h71    (0)    8 :  0.016 0.984 
700      h72    (0)    8 :  0.026 0.974 


Estimated Allele Frequencies in each cluster
First column gives estimated ancestral frequencies


Locus 1 : Cl147 
16 alleles
0.0% missing data
  45   (0.117) 0.142 0.003 
  69   (0.117) 0.118 0.220 
  73   (0.197) 0.225 0.088 
  77   (0.101) 0.101 0.077 
  56   (0.055) 0.060 0.001 
  65   (0.039) 0.024 0.492 
  41   (0.122) 0.136 0.011 
  52   (0.074) 0.085 0.001 
  48   (0.041) 0.028 0.022 
  81   (0.028) 0.013 0.046 
  49   (0.032) 0.029 0.000 
  60   (0.023) 0.016 0.000 
  84   (0.009) 0.002 0.000 
  89   (0.023) 0.016 0.000 
  61   (0.009) 0.002 0.000 
  40   (0.012) 0.002 0.038 

Locus 2 : Cl233 
32 alleles
0.0% missing data
  63   (0.146) 0.182 0.249 
  85   (0.043) 0.042 0.005 
  73   (0.046) 0.056 0.001 
  79   (0.053) 0.067 0.001 
  71   (0.095) 0.129 0.004 
  77   (0.032) 0.034 0.000 
  75   (0.032) 0.035 0.000 
  67   (0.058) 0.077 0.000 
  55   (0.052) 0.044 0.442 
  59   (0.032) 0.034 0.000 
  81   (0.057) 0.074 0.001 
  83   (0.034) 0.035 0.001 
  93   (0.010) 0.004 0.000 
 101   (0.012) 0.005 0.000 
  69   (0.019) 0.013 0.000 
  51   (0.019) 0.013 0.000 
 100   (0.025) 0.023 0.000 
  92   (0.013) 0.006 0.000 
1121   (0.013) 0.006 0.000 
1001   (0.017) 0.010 0.001 
  89   (0.029) 0.028 0.001 
 711   (0.013) 0.006 0.000 
 116   (0.012) 0.005 0.000 
  80   (0.014) 0.008 0.000 
  43   (0.018) 0.012 0.000 
  84   (0.010) 0.004 0.000 
  88   (0.026) 0.024 0.000 
 104   (0.016) 0.009 0.000 
  97   (0.013) 0.006 0.000 
  70   (0.015) 0.004 0.101 
  78   (0.014) 0.003 0.061 
  74   (0.011) 0.002 0.130 

Locus 3 : Cl264 
26 alleles
0.0% missing data
  65   (0.089) 0.093 0.258 
 651   (0.125) 0.152 0.040 
 691   (0.106) 0.151 0.001 
  57   (0.018) 0.012 0.000 
  61   (0.023) 0.016 0.001 
 731   (0.071) 0.094 0.001 
 811   (0.029) 0.027 0.000 
 611   (0.037) 0.041 0.000 
  69   (0.098) 0.108 0.198 
  77   (0.053) 0.046 0.210 
  49   (0.032) 0.033 0.000 
  45   (0.019) 0.013 0.000 
 491   (0.011) 0.004 0.000 
 571   (0.015) 0.008 0.000 
 771   (0.043) 0.050 0.000 
  89   (0.030) 0.025 0.001 
 652   (0.014) 0.003 0.010 
  53   (0.025) 0.022 0.000 
  73   (0.051) 0.043 0.187 
  80   (0.023) 0.017 0.001 
 531   (0.027) 0.020 0.002 
 693   (0.009) 0.002 0.000 
  93   (0.012) 0.005 0.000 
  85   (0.018) 0.012 0.000 
 812   (0.015) 0.004 0.024 
  81   (0.011) 0.002 0.064 

Locus 4 : Cl274 
7 alleles
0.0% missing data
  61   (0.469) 0.498 0.454 
  57   (0.182) 0.174 0.452 
  65   (0.139) 0.136 0.039 
  53   (0.071) 0.057 0.055 
  69   (0.070) 0.075 0.000 
  73   (0.035) 0.029 0.000 
  49   (0.034) 0.029 0.000 

Locus 5 : Cl285 
24 alleles
0.0% missing data
  75   (0.090) 0.095 0.094 
  71   (0.180) 0.216 0.243 
 631   (0.040) 0.044 0.000 
  67   (0.132) 0.147 0.485 
  63   (0.099) 0.110 0.039 
  79   (0.045) 0.053 0.000 
 792   (0.052) 0.059 0.001 
 671   (0.045) 0.052 0.000 
 831   (0.032) 0.033 0.000 
 752   (0.065) 0.078 0.001 
  55   (0.016) 0.004 0.071 
1401   (0.018) 0.009 0.002 
  59   (0.035) 0.023 0.057 
 712   (0.024) 0.020 0.000 
 833   (0.021) 0.016 0.000 
1322   (0.009) 0.002 0.000 
 136   (0.027) 0.017 0.005 
 164   (0.009) 0.002 0.000 
 872   (0.011) 0.004 0.000 
1282   (0.011) 0.004 0.000 
 148   (0.009) 0.002 0.000 
 144   (0.009) 0.002 0.000 
 119   (0.009) 0.002 0.000 
1402   (0.012) 0.005 0.000 

Locus 6 : Cl291 
19 alleles
0.0% missing data
 641   (0.049) 0.052 0.000 
  72   (0.099) 0.096 0.281 
 682   (0.037) 0.033 0.002 
 801   (0.044) 0.045 0.000 
 681   (0.181) 0.226 0.009 
  76   (0.123) 0.128 0.198 
 722   (0.121) 0.157 0.001 
 601   (0.024) 0.019 0.000 
  80   (0.055) 0.046 0.025 
 761   (0.018) 0.011 0.000 
 762   (0.073) 0.067 0.071 
 721   (0.043) 0.045 0.000 
  84   (0.039) 0.040 0.000 
  64   (0.011) 0.004 0.000 
  68   (0.028) 0.014 0.207 
 843   (0.011) 0.004 0.000 
 881   (0.014) 0.007 0.000 
 841   (0.018) 0.005 0.181 
  88   (0.010) 0.001 0.023 

Locus 7 : Cl308 
48 alleles
0.0% missing data
  72   (0.081) 0.122 0.049 
  64   (0.061) 0.076 0.401 
  68   (0.100) 0.150 0.473 
 103   (0.018) 0.016 0.000 
  80   (0.024) 0.028 0.000 
  76   (0.052) 0.089 0.000 
1151   (0.019) 0.017 0.000 
 123   (0.016) 0.013 0.000 
 115   (0.028) 0.033 0.001 
  83   (0.022) 0.024 0.000 
1231   (0.011) 0.005 0.000 
1192   (0.014) 0.006 0.002 
 131   (0.014) 0.011 0.000 
1191   (0.018) 0.017 0.000 
 752   (0.020) 0.016 0.001 
 143   (0.018) 0.016 0.000 
  79   (0.029) 0.033 0.002 
 119   (0.016) 0.013 0.000 
1431   (0.032) 0.041 0.002 
1112   (0.025) 0.031 0.000 
1193   (0.012) 0.006 0.000 
1591   (0.015) 0.012 0.000 
1232   (0.011) 0.005 0.000 
 139   (0.015) 0.012 0.000 
1111   (0.014) 0.010 0.000 
 127   (0.019) 0.010 0.010 
1391   (0.023) 0.027 0.000 
 121   (0.010) 0.004 0.000 
1313   (0.008) 0.002 0.000 
1113   (0.016) 0.007 0.004 
  87   (0.029) 0.039 0.000 
1031   (0.011) 0.005 0.000 
 155   (0.016) 0.013 0.000 
1312   (0.011) 0.005 0.000 
1272   (0.014) 0.008 0.003 
 151   (0.008) 0.002 0.000 
1351   (0.016) 0.007 0.015 
 135   (0.010) 0.004 0.000 
1432   (0.011) 0.005 0.000 
1152   (0.016) 0.011 0.001 
1271   (0.012) 0.006 0.000 
1311   (0.015) 0.010 0.001 
1472   (0.012) 0.006 0.000 
 137   (0.008) 0.002 0.000 
  88   (0.012) 0.006 0.000 
  60   (0.015) 0.005 0.033 
 712   (0.010) 0.004 0.000 
1071   (0.013) 0.008 0.000 

Locus 8 : Cl330 
23 alleles
0.1% missing data
  52   (0.242) 0.310 0.283 
 601   (0.099) 0.112 0.104 
  40   (0.086) 0.095 0.034 
  72   (0.033) 0.023 0.006 
  56   (0.110) 0.135 0.014 
 481   (0.041) 0.031 0.052 
  61   (0.035) 0.037 0.000 
  80   (0.014) 0.006 0.000 
 681   (0.022) 0.018 0.000 
  64   (0.071) 0.067 0.379 
  57   (0.020) 0.015 0.000 
  75   (0.018) 0.012 0.000 
  71   (0.025) 0.015 0.006 
  28   (0.021) 0.016 0.000 
  65   (0.022) 0.016 0.000 
 441   (0.030) 0.030 0.000 
  36   (0.034) 0.035 0.000 
  79   (0.011) 0.004 0.000 
  73   (0.016) 0.009 0.000 
 602   (0.012) 0.005 0.000 
  68   (0.011) 0.002 0.073 
 641   (0.017) 0.006 0.030 
  83   (0.011) 0.002 0.017 

Locus 9 : Cl344 
13 alleles
0.9% missing data
  56   (0.355) 0.431 0.019 
  60   (0.257) 0.276 0.352 
  48   (0.012) 0.004 0.000 
  76   (0.024) 0.009 0.105 
  64   (0.135) 0.130 0.423 
  72   (0.070) 0.060 0.023 
 761   (0.011) 0.004 0.000 
 641   (0.027) 0.021 0.000 
  68   (0.051) 0.036 0.078 
 601   (0.026) 0.019 0.000 
  52   (0.013) 0.005 0.000 
 681   (0.010) 0.002 0.000 
 721   (0.010) 0.002 0.000 

Locus 10 : Cl366 
7 alleles
0.1% missing data
  80   (0.332) 0.328 0.488 
  92   (0.047) 0.042 0.000 
  76   (0.257) 0.247 0.507 
  88   (0.104) 0.109 0.002 
  84   (0.096) 0.104 0.000 
  72   (0.145) 0.159 0.003 
  64   (0.020) 0.011 0.000 

Locus 11 : Cl375 
14 alleles
0.0% missing data
 491   (0.100) 0.102 0.014 
  53   (0.171) 0.216 0.002 
 612   (0.034) 0.028 0.001 
  57   (0.257) 0.277 0.488 
  45   (0.049) 0.050 0.001 
  61   (0.171) 0.177 0.354 
 651   (0.027) 0.022 0.000 
  69   (0.029) 0.021 0.001 
 571   (0.046) 0.048 0.000 
  65   (0.047) 0.034 0.020 
  37   (0.020) 0.008 0.003 
 691   (0.013) 0.005 0.000 
 531   (0.019) 0.006 0.067 
  49   (0.016) 0.004 0.049 

Locus 12 : Cl408 
11 alleles
0.0% missing data
  62   (0.257) 0.280 0.059 
  74   (0.036) 0.032 0.000 
  50   (0.054) 0.037 0.384 
  58   (0.132) 0.122 0.512 
  66   (0.181) 0.213 0.003 
  70   (0.085) 0.084 0.006 
  54   (0.178) 0.188 0.034 
  78   (0.019) 0.011 0.000 
  79   (0.018) 0.009 0.000 
  75   (0.027) 0.021 0.000 
  82   (0.014) 0.005 0.000 

Locus 13 : Cl507 
21 alleles
0.0% missing data
  70   (0.066) 0.062 0.026 
  94   (0.030) 0.028 0.000 
  74   (0.061) 0.057 0.019 
  54   (0.044) 0.034 0.021 
  82   (0.170) 0.233 0.003 
  90   (0.043) 0.047 0.000 
  86   (0.073) 0.086 0.002 
 701   (0.019) 0.012 0.000 
  78   (0.067) 0.080 0.001 
  62   (0.103) 0.104 0.475 
 741   (0.038) 0.035 0.001 
  66   (0.101) 0.107 0.086 
 661   (0.026) 0.021 0.000 
  58   (0.037) 0.025 0.017 
  98   (0.027) 0.023 0.000 
 781   (0.022) 0.016 0.000 
 141   (0.020) 0.013 0.000 
 102   (0.009) 0.002 0.000 
 106   (0.011) 0.004 0.000 
 501   (0.015) 0.004 0.078 
 622   (0.020) 0.007 0.269 

Locus 14 : Cl527 
26 alleles
0.0% missing data
  62   (0.086) 0.093 0.013 
 622   (0.012) 0.005 0.000 
 461   (0.014) 0.006 0.000 
  82   (0.012) 0.005 0.000 
 661   (0.102) 0.133 0.002 
  70   (0.053) 0.064 0.000 
 581   (0.038) 0.039 0.001 
 701   (0.086) 0.109 0.002 
 501   (0.032) 0.029 0.001 
  66   (0.091) 0.115 0.002 
 741   (0.026) 0.021 0.000 
  58   (0.092) 0.115 0.002 
 541   (0.049) 0.057 0.000 
  74   (0.018) 0.008 0.002 
 621   (0.071) 0.086 0.002 
  78   (0.016) 0.009 0.000 
 781   (0.011) 0.004 0.000 
 462   (0.012) 0.005 0.000 
  67   (0.028) 0.024 0.000 
  54   (0.038) 0.024 0.407 
  50   (0.035) 0.022 0.038 
  63   (0.014) 0.006 0.000 
  46   (0.020) 0.007 0.064 
 582   (0.021) 0.008 0.406 
 623   (0.014) 0.003 0.038 
  53   (0.010) 0.001 0.017 

Locus 15 : Cl380 
19 alleles
1.3% missing data
 671   (0.083) 0.099 0.002 
 672   (0.117) 0.129 0.036 
 751   (0.036) 0.036 0.000 
  71   (0.076) 0.068 0.443 
  79   (0.218) 0.248 0.334 
  75   (0.099) 0.115 0.005 
 711   (0.108) 0.118 0.018 
  67   (0.022) 0.017 0.000 
 791   (0.014) 0.007 0.000 
 591   (0.022) 0.016 0.000 
 552   (0.049) 0.052 0.001 
 792   (0.023) 0.016 0.000 
 593   (0.019) 0.012 0.000 
  59   (0.020) 0.014 0.000 
 631   (0.016) 0.008 0.000 
 833   (0.022) 0.017 0.000 
 712   (0.019) 0.012 0.000 
  63   (0.018) 0.011 0.000 
 551   (0.018) 0.006 0.159 

Locus 16 : Lup02 
6 alleles
0.3% missing data
  56   (0.513) 0.544 0.518 
  60   (0.168) 0.168 0.075 
  52   (0.094) 0.086 0.020 
  48   (0.183) 0.185 0.080 
 561   (0.017) 0.008 0.000 
  64   (0.025) 0.010 0.307 

Locus 17 : Lup13 
4 alleles
0.0% missing data
  57   (0.240) 0.224 0.598 
  61   (0.433) 0.458 0.079 
  65   (0.111) 0.115 0.002 
  53   (0.216) 0.204 0.321 

Locus 18 : Lup20 
8 alleles
1.0% missing data
  56   (0.567) 0.616 0.333 
 601   (0.100) 0.104 0.003 
  60   (0.167) 0.157 0.534 
  68   (0.040) 0.037 0.000 
  64   (0.076) 0.061 0.130 
  72   (0.019) 0.011 0.000 
 681   (0.012) 0.004 0.000 
 641   (0.019) 0.011 0.000 

Locus 19 : Lup21 
10 alleles
0.0% missing data
  41   (0.314) 0.342 0.164 
  57   (0.246) 0.283 0.013 
  53   (0.172) 0.168 0.416 
  37   (0.029) 0.022 0.001 
  45   (0.136) 0.140 0.021 
 531   (0.019) 0.011 0.000 
 611   (0.039) 0.023 0.137 
 491   (0.012) 0.004 0.000 
  61   (0.016) 0.004 0.075 
  49   (0.017) 0.004 0.173 

Locus 20 : Lup23 
4 alleles
0.0% missing data
  59   (0.197) 0.197 0.029 
  63   (0.745) 0.769 0.501 
  67   (0.029) 0.021 0.000 
  55   (0.029) 0.013 0.470 

Values of parameters used in structure:
DATAFILE=/home/eva.pavlovic/data_job_4b1_5_5,	OUTFILE=/home/eva.pavlovic/ParallelStructure/26_results_20MS/4b1_Italy_low_numbers/4b1_Italy_low_numbers_5/results_job_4b1_5_5,	NUMINDS=700,	NUMLOCI=20,	MISSING=-9,	LABEL=1,	POPDATA=1,	POPFLAG=0,	PHENOTYPE=0,	EXTRACOLS=0,	MAXPOPS=2,	BURNIN=300000,	NUMREPS=3000000,	USEPOPINFO=0,	INFERALPHA=1,	INFERLAMBDA=0,	POPSPECIFICLAMBDA=0,	POPALPHAS=0,	COMPUTEPROB=1,	NOADMIX=0,	ADMBURNIN=2500,	UPDATEFREQ=1,	PRINTLIKES=0,	INTERMEDSAVE=0,	PRINTKLD=0,	PRINTNET=0,	PRINTLAMBDA=0,	ANCESTDIST=0,	NUMBOXES=1000,	ANCESTPINT=0.90000,	GENSBACK=2,	MIGRPRIOR=0.05000,	PRINTQHAT=1,	PRINTQSUM=0,	ALPHA=1.0000,	FREQSCORR=1,	FPRIORMEAN=0.0100,	FPRIORSD=0.0500,	ONEFST=0,	LAMBDA=1.0000,	UNIFPRIORALPHA=1,	ALPHAMAX=10.0000,	ALPHAPRIORA=1.0000,	ALPHAPRIORB=2.0000,	ALPHAPROPSD=0.0250,	STARTATPOPINFO=0,	RANDOMIZE=1,	LINKAGE=0,	METROFREQ=10,	REPORTHITRATE=0,	MARKOVPHASE=-1,	PHASED=0,	PLOIDY=2,	PHASEINFO=0	LOCPRIOR=0, 	LOCPRIORINIT=1.000000, 	LOCDATA=0, 	LOCISPOP=0, 	LOCPRIORSTEP=0.100000, 	MAXLOCPRIOR=20.000000, 	SEED=1772731339,	
[STRAT parameters]:    NUMSIMSTATS=1000,	PHENOTYPECOL=-9,	POOLFREQ=10,	LOCUSxONLY=0,	EMERROR=0.00100,	MISSINGPHENO=-9,	