       M1EL5  1 0.0299 0.9701 
       W26T6  1 0.0432 0.9568 
       W26XX  1 0.0196 0.9804 
       M013P  1 0.0291 0.9709 
       M1ELA  1 0.0586 0.9414 
       M2C73  1 0.0229 0.9771 
       W23P4  1 0.0473 0.9527 
       W247C  1 0.0249 0.9751 
       W24K1  1 0.0213 0.9787 
       W24ME  1 0.0437 0.9563 
       W2514  1 0.0273 0.9727 
       W26MA  1 0.0403 0.9597 
       W26MM  1 0.0458 0.9542 
       W26MU  1 0.0237 0.9763 
       W26P0  1 0.0189 0.9811 
       W26P3  1 0.0200 0.9800 
       W26T5  1 0.0187 0.9813 
       W26TE  1 0.0306 0.9694 
       W26TF  1 0.0543 0.9457 
       W26U8  1 0.0484 0.9516 
       W26UJ  1 0.0259 0.9741 
       W26UK  1 0.0151 0.9849 
       W26UT  1 0.0188 0.9812 
       W26XT  1 0.0355 0.9645 
      CC06H2  1 0.0438 0.9562 
      CC06H4  1 0.0408 0.9592 
      CC06H5  1 0.0331 0.9669 
      CC06H6  1 0.0156 0.9844 
      CC06HE  1 0.0201 0.9799 
      CC06HF  1 0.0328 0.9672 
      CC06HH  1 0.0189 0.9811 
      CC06HJ  1 0.0524 0.9476 
      CC06HL  1 0.0229 0.9771 
      CC06HP  1 0.0175 0.9825 
      CC06HT  1 0.0349 0.9651 
      CC06HU  1 0.0248 0.9752 
      CC06HY  1 0.0372 0.9628 
      CC06J0  1 0.0358 0.9642 
      CC06J1  1 0.0297 0.9703 
      CC06J2  1 0.0326 0.9674 
     CT.0YCY  1 0.0263 0.9737 
     CT.0YEC  1 0.0190 0.9810 
     CT.0YEF  1 0.0208 0.9792 
     CT.0YEU  1 0.0151 0.9849 
     CT.0YF2  1 0.0360 0.9640 
     CT.0YF8  1 0.0142 0.9858 
     CT.0YFA  1 0.0153 0.9847 
     CT.0YFE  1 0.0238 0.9762 
     CT.0YFP  1 0.0334 0.9666 
     CT.0YFU  1 0.0271 0.9729 
     CT.0YK7  1 0.0394 0.9606 
     CX.10PT  1 0.0997 0.9003 
      DAM021  1 0.0247 0.9753 
      DAM034  1 0.0161 0.9839 
      DAM07X  1 0.0197 0.9803 
     EF.15J6  1 0.0215 0.9785 
      HRV010  1 0.0389 0.9611 
      HRV02J  1 0.0247 0.9753 
      HRV078  1 0.0285 0.9715 
      HRV0FH  1 0.0245 0.9755 
      HRV0H5  1 0.0269 0.9731 
      HRV0JF  1 0.0215 0.9785 
      HRV0JJ  1 0.0264 0.9736 
      HRV0JM  1 0.0231 0.9769 
      HRV0K6  1 0.0728 0.9272 
      HRV0K7  1 0.0192 0.9808 
      HRV0KP  1 0.0609 0.9391 
      HRV1AX  1 0.0282 0.9718 
      HRV1C4  1 0.0166 0.9834 
      HRV1CH  1 0.0234 0.9766 
      HRV1FA  1 0.0250 0.9750 
      HRV1FK  1 0.0403 0.9597 
      HRV1H8  1 0.0192 0.9808 
      HRV1HT  1 0.0347 0.9653 
      HRV1XU  1 0.0454 0.9546 
      HRV4TF  1 0.0257 0.9743 
      HRV6F0  1 0.0278 0.9722 
      HRVE6L  1 0.0458 0.9542 
       M27HM  1 0.0195 0.9805 
       M27HP  1 0.0212 0.9788 
       M2AK4  1 0.0207 0.9793 
       M2ALA  1 0.0205 0.9795 
       M2C56  1 0.0258 0.9742 
       M2CUX  1 0.0455 0.9545 
       M2E24  1 0.0180 0.9820 
       M2EA7  1 0.0237 0.9763 
       M2EH6  1 0.0229 0.9771 
       M2EKC  1 0.0536 0.9464 
      MSV083  1 0.0932 0.9068 
      MSV084  1 0.0221 0.9779 
      MSV0LJ  1 0.0251 0.9749 
      MSV1H5  1 0.0234 0.9766 
      MSV1KM  1 0.0174 0.9826 
      MSV23F  1 0.0543 0.9457 
      MSV2L8  1 0.0237 0.9763 
      MSV2P7  1 0.0242 0.9758 
      MSV2TJ  1 0.0165 0.9835 
      MSV2XM  1 0.0322 0.9678 
      MSV327  1 0.0316 0.9684 
      MSV33L  1 0.0171 0.9829 
        h001  2 0.0735 0.9265 
        h002  2 0.0296 0.9704 
        h003  2 0.0280 0.9720 
        h004  2 0.0880 0.9120 
        h005  2 0.1859 0.8141 
        h006  2 0.0401 0.9599 
        h007  2 0.0584 0.9416 
        h008  2 0.0640 0.9360 
        h009  2 0.0409 0.9591 
        h010  2 0.0954 0.9046 
        h011  2 0.0908 0.9092 
        h012  2 0.0285 0.9715 
        h013  2 0.1104 0.8896 
        h014  2 0.0686 0.9314 
        h015  2 0.3171 0.6829 
        h016  2 0.0408 0.9592 
        h017  2 0.0452 0.9548 
        h018  2 0.0324 0.9676 
        h019  2 0.0244 0.9756 
        h020  2 0.0884 0.9116 
        h021  2 0.0586 0.9414 
        h022  2 0.0291 0.9709 
        h023  2 0.0374 0.9626 
        h024  2 0.0726 0.9274 
        h025  2 0.0539 0.9461 
        h026  2 0.0293 0.9707 
        h027  2 0.0792 0.9208 
        h028  2 0.1523 0.8477 
        h029  2 0.1131 0.8869 
        h030  2 0.0769 0.9231 
        h031  2 0.3088 0.6912 
        h032  2 0.3460 0.6540 
        h033  2 0.1506 0.8494 
        h034  2 0.0553 0.9447 
        h035  2 0.0895 0.9105 
        h036  2 0.0734 0.9266 
        h037  2 0.0190 0.9810 
        h038  2 0.0262 0.9738 
        h039  2 0.1087 0.8913 
        h040  2 0.0351 0.9649 
        h041  2 0.0543 0.9457 
        h042  2 0.1135 0.8865 
        h043  2 0.1632 0.8368 
        h044  2 0.1063 0.8937 
        h045  2 0.0929 0.9071 
        h046  2 0.1194 0.8806 
        h047  2 0.0512 0.9488 
        h048  2 0.0473 0.9527 
        h049  2 0.1856 0.8144 
        h050  2 0.1181 0.8819 
        h051  2 0.1404 0.8596 
        h052  2 0.1054 0.8946 
        h053  2 0.0573 0.9427 
        h054  2 0.1771 0.8229 
        h055  2 0.2544 0.7456 
        h056  2 0.2840 0.7160 
        h057  2 0.1247 0.8753 
        h058  2 0.0702 0.9298 
        h059  2 0.1054 0.8946 
        h060  2 0.0453 0.9547 
        h061  2 0.0443 0.9557 
        h062  2 0.0193 0.9807 
        h063  2 0.0844 0.9156 
        h064  2 0.1409 0.8591 
        h065  2 0.2819 0.7181 
        h066  2 0.0422 0.9578 
        h067  2 0.0769 0.9231 
        h068  2 0.0561 0.9439 
        h069  2 0.1192 0.8808 
        h070  2 0.1045 0.8955 
        h071  2 0.1048 0.8952 
        h072  2 0.1158 0.8842 
        h073  2 0.1628 0.8372 
        h074  2 0.0372 0.9628 
        h075  2 0.0280 0.9720 
        h076  2 0.0370 0.9630 
        h077  2 0.0703 0.9297 
        h078  2 0.1044 0.8956 
        h079  2 0.1912 0.8088 
        h080  2 0.0386 0.9614 
        h081  2 0.0391 0.9609 
        h082  2 0.1832 0.8168 
        h083  2 0.1860 0.8140 
        h084  2 0.1968 0.8032 
        h085  2 0.0258 0.9742 
        h086  2 0.0387 0.9613 
        h087  2 0.0733 0.9267 
        h088  2 0.0254 0.9746 
        h089  2 0.0403 0.9597 
        h090  2 0.1761 0.8239 
        h091  2 0.0336 0.9664 
        h092  2 0.1927 0.8073 
        h093  2 0.0457 0.9543 
        h094  2 0.2150 0.7850 
        h095  2 0.1350 0.8650 
        h096  2 0.0432 0.9568 
        h097  2 0.0265 0.9735 
        h098  2 0.0912 0.9088 
        h099  2 0.0813 0.9187 
        h100  2 0.0275 0.9725 
       h0011  3 0.0541 0.9459 
       h0021  3 0.1728 0.8272 
       h0031  3 0.3962 0.6038 
       h0041  3 0.2530 0.7470 
       h0051  3 0.2039 0.7961 
       h0061  3 0.1134 0.8866 
       h0071  3 0.1395 0.8605 
       h0081  3 0.2091 0.7909 
       h0091  3 0.2949 0.7051 
       h0101  3 0.2298 0.7702 
       h0111  3 0.1774 0.8226 
       h0121  3 0.1007 0.8993 
       h0131  3 0.1655 0.8345 
       h0141  3 0.3056 0.6944 
       h0151  3 0.2638 0.7362 
       h0161  3 0.2689 0.7311 
       h0171  3 0.0695 0.9305 
       h0181  3 0.1907 0.8093 
       h0191  3 0.1642 0.8358 
       h0201  3 0.0589 0.9411 
       h0211  3 0.1079 0.8921 
       h0221  3 0.2082 0.7918 
       h0231  3 0.1197 0.8803 
       h0241  3 0.2637 0.7363 
       h0251  3 0.1930 0.8070 
       h0261  3 0.2964 0.7036 
       h0271  3 0.3504 0.6496 
       h0281  3 0.1489 0.8511 
       h0291  3 0.3215 0.6785 
       h0301  3 0.0922 0.9078 
       h0311  3 0.0414 0.9586 
       h0321  3 0.3267 0.6733 
       h0331  3 0.2509 0.7491 
       h0341  3 0.0998 0.9002 
       h0351  3 0.1819 0.8181 
       h0361  3 0.2750 0.7250 
       h0371  3 0.1946 0.8054 
       h0381  3 0.1779 0.8221 
       h0391  3 0.4411 0.5589 
       h0401  3 0.1811 0.8189 
       h0411  3 0.1491 0.8509 
       h0421  3 0.0696 0.9304 
       h0431  3 0.3961 0.6039 
       h0441  3 0.3439 0.6561 
       h0451  3 0.3022 0.6978 
       h0461  3 0.2710 0.7290 
       h0471  3 0.0963 0.9037 
       h0481  3 0.2017 0.7983 
       h0491  3 0.2698 0.7302 
       h0501  3 0.0591 0.9409 
       h0511  3 0.2427 0.7573 
       h0521  3 0.2484 0.7516 
       h0531  3 0.2988 0.7012 
       h0541  3 0.3138 0.6862 
       h0551  3 0.3459 0.6541 
       h0561  3 0.2379 0.7621 
       h0571  3 0.3317 0.6683 
       h0581  3 0.3963 0.6037 
       h0591  3 0.0552 0.9448 
       h0601  3 0.0498 0.9502 
       h0611  3 0.1001 0.8999 
       h0621  3 0.3213 0.6787 
       h0631  3 0.0460 0.9540 
       h0641  3 0.2372 0.7628 
       h0651  3 0.2911 0.7089 
       h0661  3 0.2059 0.7941 
       h0671  3 0.0986 0.9014 
       h0681  3 0.3154 0.6846 
       h0691  3 0.0769 0.9231 
       h0701  3 0.1066 0.8934 
       h0711  3 0.2046 0.7954 
       h0721  3 0.2855 0.7145 
       h0731  3 0.1021 0.8979 
       h0741  3 0.2353 0.7647 
       h0751  3 0.1731 0.8269 
       h0761  3 0.1506 0.8494 
       h0771  3 0.3107 0.6893 
       h0781  3 0.0465 0.9535 
       h0791  3 0.4731 0.5269 
       h0801  3 0.1184 0.8816 
       h0811  3 0.4015 0.5985 
       h0821  3 0.3358 0.6642 
       h0831  3 0.2945 0.7055 
       h0841  3 0.0987 0.9013 
       h0851  3 0.2026 0.7974 
       h0861  3 0.2905 0.7095 
       h0871  3 0.1578 0.8422 
       h0881  3 0.2176 0.7824 
       h0891  3 0.2002 0.7998 
       h0901  3 0.1816 0.8184 
       h0911  3 0.1300 0.8700 
       h0921  3 0.0536 0.9464 
       h0931  3 0.1447 0.8553 
       h0941  3 0.3526 0.6474 
       h0951  3 0.3911 0.6089 
       h0961  3 0.2642 0.7358 
       h0971  3 0.3543 0.6457 
       h0981  3 0.0830 0.9170 
       h0991  3 0.0907 0.9093 
       h1001  3 0.2675 0.7325 
       h0012  4 0.5137 0.4863 
       h0022  4 0.4979 0.5021 
       h0032  4 0.5631 0.4369 
       h0042  4 0.3358 0.6642 
       h0052  4 0.5257 0.4743 
       h0062  4 0.5040 0.4960 
       h0072  4 0.4062 0.5938 
       h0082  4 0.5336 0.4664 
       h0092  4 0.3914 0.6086 
       h0102  4 0.6447 0.3553 
       h0112  4 0.4545 0.5455 
       h0122  4 0.6200 0.3800 
       h0132  4 0.5704 0.4296 
       h0142  4 0.3688 0.6312 
       h0152  4 0.4320 0.5680 
       h0162  4 0.4757 0.5243 
       h0172  4 0.4755 0.5245 
       h0182  4 0.4963 0.5037 
       h0192  4 0.5707 0.4293 
       h0202  4 0.6485 0.3515 
       h0212  4 0.4367 0.5633 
       h0222  4 0.4642 0.5358 
       h0232  4 0.2589 0.7411 
       h0242  4 0.4710 0.5290 
       h0252  4 0.6244 0.3756 
       h0262  4 0.6530 0.3470 
       h0272  4 0.4623 0.5377 
       h0282  4 0.5478 0.4522 
       h0292  4 0.5159 0.4841 
       h0302  4 0.5283 0.4717 
       h0312  4 0.4322 0.5678 
       h0322  4 0.5853 0.4147 
       h0332  4 0.5948 0.4052 
       h0342  4 0.5518 0.4482 
       h0352  4 0.4356 0.5644 
       h0362  4 0.5761 0.4239 
       h0372  4 0.4210 0.5790 
       h0382  4 0.4901 0.5099 
       h0392  4 0.3591 0.6409 
       h0402  4 0.5900 0.4100 
       h0412  4 0.6885 0.3115 
       h0422  4 0.4805 0.5195 
       h0432  4 0.4898 0.5102 
       h0442  4 0.5279 0.4721 
       h0452  4 0.6267 0.3733 
       h0462  4 0.4921 0.5079 
       h0472  4 0.4172 0.5828 
       h0482  4 0.3174 0.6826 
       h0492  4 0.7031 0.2969 
       h0502  4 0.5007 0.4993 
       h0512  4 0.3891 0.6109 
       h0522  4 0.5670 0.4330 
       h0532  4 0.5388 0.4612 
       h0542  4 0.5266 0.4734 
       h0552  4 0.5100 0.4900 
       h0562  4 0.4568 0.5432 
       h0572  4 0.4241 0.5759 
       h0582  4 0.6505 0.3495 
       h0592  4 0.6018 0.3982 
       h0602  4 0.4615 0.5385 
       h0612  4 0.3869 0.6131 
       h0622  4 0.6019 0.3981 
       h0632  4 0.5022 0.4978 
       h0642  4 0.4878 0.5122 
       h0652  4 0.5115 0.4885 
       h0662  4 0.6221 0.3779 
       h0672  4 0.6310 0.3690 
       h0682  4 0.6383 0.3617 
       h0692  4 0.4265 0.5735 
       h0702  4 0.6044 0.3956 
       h0712  4 0.5138 0.4862 
       h0722  4 0.5805 0.4195 
       h0732  4 0.5708 0.4292 
       h0742  4 0.5252 0.4748 
       h0752  4 0.5108 0.4892 
       h0762  4 0.4418 0.5582 
       h0772  4 0.4440 0.5560 
       h0782  4 0.5350 0.4650 
       h0792  4 0.5387 0.4613 
       h0802  4 0.4834 0.5166 
       h0812  4 0.4999 0.5001 
       h0822  4 0.3367 0.6633 
       h0832  4 0.4434 0.5566 
       h0842  4 0.5123 0.4877 
       h0852  4 0.2752 0.7248 
       h0862  4 0.5239 0.4761 
       h0872  4 0.4945 0.5055 
       h0882  4 0.5258 0.4742 
       h0892  4 0.4820 0.5180 
       h0902  4 0.3838 0.6162 
       h0912  4 0.3840 0.6160 
       h0922  4 0.2211 0.7789 
       h0932  4 0.4095 0.5905 
       h0942  4 0.4365 0.5635 
       h0952  4 0.5044 0.4956 
       h0962  4 0.5382 0.4618 
       h0972  4 0.6130 0.3870 
       h0982  4 0.3830 0.6170 
       h0992  4 0.4953 0.5047 
       h1002  4 0.5678 0.4322 
       h0013  5 0.7251 0.2749 
       h0023  5 0.7763 0.2237 
       h0033  5 0.8335 0.1665 
       h0043  5 0.7798 0.2202 
       h0053  5 0.8142 0.1858 
       h0063  5 0.9235 0.0765 
       h0073  5 0.8123 0.1877 
       h0083  5 0.6500 0.3500 
       h0093  5 0.7890 0.2110 
       h0103  5 0.8926 0.1074 
       h0113  5 0.9343 0.0657 
       h0123  5 0.7344 0.2656 
       h0133  5 0.7782 0.2218 
       h0143  5 0.6604 0.3396 
       h0153  5 0.6824 0.3176 
       h0163  5 0.6677 0.3323 
       h0173  5 0.6191 0.3809 
       h0183  5 0.6487 0.3513 
       h0193  5 0.7291 0.2709 
       h0203  5 0.6936 0.3064 
       h0213  5 0.7909 0.2091 
       h0223  5 0.9423 0.0577 
       h0233  5 0.8820 0.1180 
       h0243  5 0.8779 0.1221 
       h0253  5 0.7086 0.2914 
       h0263  5 0.7934 0.2066 
       h0273  5 0.7640 0.2360 
       h0283  5 0.6943 0.3057 
       h0293  5 0.5848 0.4152 
       h0303  5 0.8263 0.1737 
       h0313  5 0.7593 0.2407 
       h0323  5 0.8058 0.1942 
       h0333  5 0.8032 0.1968 
       h0343  5 0.8961 0.1039 
       h0353  5 0.7430 0.2570 
       h0363  5 0.9053 0.0947 
       h0373  5 0.8597 0.1403 
       h0383  5 0.7852 0.2148 
       h0393  5 0.7004 0.2996 
       h0403  5 0.7528 0.2472 
       h0413  5 0.8245 0.1755 
       h0423  5 0.6937 0.3063 
       h0433  5 0.7408 0.2592 
       h0443  5 0.6819 0.3181 
       h0453  5 0.6653 0.3347 
       h0463  5 0.9277 0.0723 
       h0473  5 0.7667 0.2333 
       h0483  5 0.7252 0.2748 
       h0493  5 0.7299 0.2701 
       h0503  5 0.9644 0.0356 
       h0513  5 0.5856 0.4144 
       h0523  5 0.8202 0.1798 
       h0533  5 0.5811 0.4189 
       h0543  5 0.7833 0.2167 
       h0553  5 0.7622 0.2378 
       h0563  5 0.8721 0.1279 
       h0573  5 0.8263 0.1737 
       h0583  5 0.8327 0.1673 
       h0593  5 0.9350 0.0650 
       h0603  5 0.8463 0.1537 
       h0613  5 0.8372 0.1628 
       h0623  5 0.7149 0.2851 
       h0633  5 0.9328 0.0672 
       h0643  5 0.5967 0.4033 
       h0653  5 0.7142 0.2858 
       h0663  5 0.8910 0.1090 
       h0673  5 0.8181 0.1819 
       h0683  5 0.7656 0.2344 
       h0693  5 0.9786 0.0214 
       h0703  5 0.8453 0.1547 
       h0713  5 0.6768 0.3232 
       h0723  5 0.8689 0.1311 
       h0733  5 0.7942 0.2058 
       h0743  5 0.7781 0.2219 
       h0753  5 0.6598 0.3402 
       h0763  5 0.5719 0.4281 
       h0773  5 0.7237 0.2763 
       h0783  5 0.6284 0.3716 
       h0793  5 0.7945 0.2055 
       h0803  5 0.7830 0.2170 
       h0813  5 0.7888 0.2112 
       h0823  5 0.6199 0.3801 
       h0833  5 0.7489 0.2511 
       h0843  5 0.8614 0.1386 
       h0853  5 0.6844 0.3156 
       h0863  5 0.8004 0.1996 
       h0873  5 0.7109 0.2891 
       h0883  5 0.7079 0.2921 
       h0893  5 0.6959 0.3041 
       h0903  5 0.6093 0.3907 
       h0913  5 0.7574 0.2426 
       h0923  5 0.7680 0.2320 
       h0933  5 0.6741 0.3259 
       h0943  5 0.7791 0.2209 
       h0953  5 0.6636 0.3364 
       h0963  5 0.9527 0.0473 
       h0973  5 0.7407 0.2593 
       h0983  5 0.6203 0.3797 
       h0993  5 0.7229 0.2771 
       h1003  5 0.7965 0.2035 
       h0014  6 0.8741 0.1259 
       h0024  6 0.9172 0.0828 
       h0034  6 0.7760 0.2240 
       h0044  6 0.9374 0.0626 
       h0054  6 0.8946 0.1054 
       h0064  6 0.8322 0.1678 
       h0074  6 0.9742 0.0258 
       h0084  6 0.8637 0.1363 
       h0094  6 0.9853 0.0147 
       h0104  6 0.9068 0.0932 
       h0114  6 0.9670 0.0330 
       h0124  6 0.8747 0.1253 
       h0134  6 0.9269 0.0731 
       h0144  6 0.8564 0.1436 
       h0154  6 0.8001 0.1999 
       h0164  6 0.9779 0.0221 
       h0174  6 0.7990 0.2010 
       h0184  6 0.9473 0.0527 
       h0194  6 0.9168 0.0832 
       h0204  6 0.9640 0.0360 
       h0214  6 0.9287 0.0713 
       h0224  6 0.9774 0.0226 
       h0234  6 0.9778 0.0222 
       h0244  6 0.8514 0.1486 
       h0254  6 0.9468 0.0532 
       h0264  6 0.7379 0.2621 
       h0274  6 0.8179 0.1821 
       h0284  6 0.8298 0.1702 
       h0294  6 0.9336 0.0664 
       h0304  6 0.9779 0.0221 
       h0314  6 0.8561 0.1439 
       h0324  6 0.9271 0.0729 
       h0334  6 0.7499 0.2501 
       h0344  6 0.9773 0.0227 
       h0354  6 0.9434 0.0566 
       h0364  6 0.9220 0.0780 
       h0374  6 0.8634 0.1366 
       h0384  6 0.9022 0.0978 
       h0394  6 0.9310 0.0690 
       h0404  6 0.8653 0.1347 
       h0414  6 0.8292 0.1708 
       h0424  6 0.8167 0.1833 
       h0434  6 0.9262 0.0738 
       h0444  6 0.9410 0.0590 
       h0454  6 0.9358 0.0642 
       h0464  6 0.9147 0.0853 
       h0474  6 0.9250 0.0750 
       h0484  6 0.9825 0.0175 
       h0494  6 0.8061 0.1939 
       h0504  6 0.8855 0.1145 
       h0514  6 0.8183 0.1817 
       h0524  6 0.9757 0.0243 
       h0534  6 0.9253 0.0747 
       h0544  6 0.9382 0.0618 
       h0554  6 0.9851 0.0149 
       h0564  6 0.9298 0.0702 
       h0574  6 0.9462 0.0538 
       h0584  6 0.9712 0.0288 
       h0594  6 0.9269 0.0731 
       h0604  6 0.8344 0.1656 
       h0614  6 0.8493 0.1507 
       h0624  6 0.9073 0.0927 
       h0634  6 0.7697 0.2303 
       h0644  6 0.9462 0.0538 
       h0654  6 0.9080 0.0920 
       h0664  6 0.8920 0.1080 
       h0674  6 0.9872 0.0128 
       h0684  6 0.8210 0.1790 
       h0694  6 0.8148 0.1852 
       h0704  6 0.9637 0.0363 
       h0714  6 0.9408 0.0592 
       h0724  6 0.8044 0.1956 
       h0734  6 0.9244 0.0756 
       h0744  6 0.8717 0.1283 
       h0754  6 0.9648 0.0352 
       h0764  6 0.7744 0.2256 
       h0774  6 0.8656 0.1344 
       h0784  6 0.9471 0.0529 
       h0794  6 0.9215 0.0785 
       h0804  6 0.7520 0.2480 
       h0814  6 0.9356 0.0644 
       h0824  6 0.7825 0.2175 
       h0834  6 0.9135 0.0865 
       h0844  6 0.8755 0.1245 
       h0854  6 0.8844 0.1156 
       h0864  6 0.7474 0.2526 
       h0874  6 0.9534 0.0466 
       h0884  6 0.9060 0.0940 
       h0894  6 0.8422 0.1578 
       h0904  6 0.9785 0.0215 
       h0914  6 0.7914 0.2086 
       h0924  6 0.9809 0.0191 
       h0934  6 0.8711 0.1289 
       h0944  6 0.9410 0.0590 
       h0954  6 0.7835 0.2165 
       h0964  6 0.8192 0.1808 
       h0974  6 0.8007 0.1993 
       h0984  6 0.8644 0.1356 
       h0994  6 0.8257 0.1743 
       h1004  6 0.8632 0.1368 
     CK.0PLA  7 0.9686 0.0314 
     CK.0PLC  7 0.9708 0.0292 
     CK.0PLE  7 0.9806 0.0194 
     CK.0PLF  7 0.9413 0.0587 
     CK.0PLH  7 0.9765 0.0235 
     CK.0PLJ  7 0.9772 0.0228 
     CK.0PLK  7 0.9849 0.0151 
     CK.0PLL  7 0.9663 0.0337 
     CK.0PLM  7 0.9794 0.0206 
     CK.0PLP  7 0.9704 0.0296 
     CK.0PLT  7 0.9856 0.0144 
     CK.0PLU  7 0.9811 0.0189 
     CK.0PLX  7 0.9741 0.0259 
     CK.0PLY  7 0.9855 0.0145 
     CK.0PM0  7 0.9819 0.0181 
     CK.0PM1  7 0.9842 0.0158 
     CK.0PM2  7 0.9789 0.0211 
     CK.0PM3  7 0.9823 0.0177 
     CK.0PM4  7 0.9760 0.0240 
     CK.0PM7  7 0.9828 0.0172 
     CK.0PM8  7 0.9843 0.0157 
     CK.0PMA  7 0.9783 0.0217 
       M2C06  7 0.9830 0.0170 
       M2C07  7 0.9861 0.0139 
       M2C08  7 0.9864 0.0136 
       M2C0A  7 0.9834 0.0166 
       M2C0C  7 0.9837 0.0163 
       M2C0E  7 0.9816 0.0184 
         h01  8 0.9614 0.0386 
         h02  8 0.9837 0.0163 
         h03  8 0.9761 0.0239 
         h04  8 0.9726 0.0274 
         h05  8 0.9787 0.0213 
         h06  8 0.9838 0.0162 
         h07  8 0.9815 0.0185 
         h08  8 0.9486 0.0514 
         h09  8 0.9827 0.0173 
         h10  8 0.9793 0.0207 
         h11  8 0.9829 0.0171 
         h12  8 0.9838 0.0162 
         h13  8 0.9834 0.0166 
         h14  8 0.9808 0.0192 
         h15  8 0.9864 0.0136 
         h16  8 0.9614 0.0386 
         h17  8 0.9855 0.0145 
         h18  8 0.9835 0.0165 
         h19  8 0.9824 0.0176 
         h20  8 0.9830 0.0170 
         h21  8 0.9845 0.0155 
         h22  8 0.9782 0.0218 
         h23  8 0.9840 0.0160 
         h24  8 0.9816 0.0184 
         h25  8 0.9784 0.0216 
         h26  8 0.9719 0.0281 
         h27  8 0.9836 0.0164 
         h28  8 0.9781 0.0219 
         h29  8 0.9803 0.0197 
         h30  8 0.9828 0.0172 
         h31  8 0.9782 0.0218 
         h32  8 0.9807 0.0193 
         h33  8 0.9841 0.0159 
         h34  8 0.9636 0.0364 
         h35  8 0.9835 0.0165 
         h36  8 0.9822 0.0178 
         h37  8 0.9843 0.0157 
         h38  8 0.9821 0.0179 
         h39  8 0.9836 0.0164 
         h40  8 0.9799 0.0201 
         h41  8 0.9822 0.0178 
         h42  8 0.9813 0.0187 
         h43  8 0.9805 0.0195 
         h44  8 0.9858 0.0142 
         h45  8 0.9740 0.0260 
         h46  8 0.9670 0.0330 
         h47  8 0.9851 0.0149 
         h48  8 0.9850 0.0150 
         h49  8 0.9839 0.0161 
         h50  8 0.9843 0.0157 
         h51  8 0.9829 0.0171 
         h52  8 0.9858 0.0142 
         h53  8 0.9743 0.0257 
         h54  8 0.9827 0.0173 
         h55  8 0.9836 0.0164 
         h56  8 0.9821 0.0179 
         h57  8 0.9859 0.0141 
         h58  8 0.9742 0.0258 
         h59  8 0.9623 0.0377 
         h60  8 0.9740 0.0260 
         h61  8 0.9819 0.0181 
         h62  8 0.9828 0.0172 
         h63  8 0.9824 0.0176 
         h64  8 0.9800 0.0200 
         h65  8 0.9740 0.0260 
         h66  8 0.9826 0.0174 
         h67  8 0.9731 0.0269 
         h68  8 0.9811 0.0189 
         h69  8 0.9857 0.0143 
         h70  8 0.9808 0.0192 
         h71  8 0.9836 0.0164 
         h72  8 0.9740 0.0260 
