1:	0.9696 0.0103 0.0068 0.0063 0.0070 	100
2:	0.9693 0.0084 0.0076 0.0074 0.0073 	200
3:	0.3977 0.0091 0.5157 0.0284 0.0492 	6
4:	0.4404 0.0089 0.5163 0.0192 0.0152 	100
5:	0.5059 0.0158 0.4307 0.0114 0.0362 	100
6:	0.4597 0.0069 0.0122 0.5126 0.0086 	100
7:	0.4847 0.4843 0.0116 0.0073 0.0121 	100
8:	0.4635 0.0108 0.0130 0.0097 0.5030 	100
9:	0.0190 0.0171 0.8635 0.0050 0.0954 	2
10:	0.1398 0.0103 0.8116 0.0201 0.0182 	100
11:	0.2090 0.0234 0.7268 0.0116 0.0293 	100
12:	0.1995 0.0095 0.0146 0.7660 0.0104 	100
13:	0.2259 0.7392 0.0127 0.0060 0.0162 	100
14:	0.2010 0.0135 0.0251 0.0139 0.7464 	100
15:	0.0385 0.0173 0.8892 0.0193 0.0357 	42
16:	0.0635 0.0096 0.8880 0.0224 0.0165 	100
17:	0.0715 0.0187 0.8794 0.0070 0.0234 	100
18:	0.0786 0.0094 0.0122 0.8920 0.0078 	100
19:	0.0943 0.8710 0.0115 0.0085 0.0147 	100
20:	0.0608 0.0134 0.0190 0.0111 0.8956 	100
21:	0.0045 0.0174 0.9168 0.0395 0.0218 	105
22:	0.0070 0.0092 0.9489 0.0224 0.0125 	240
23:	0.0070 0.0197 0.9140 0.0129 0.0465 	68
24:	0.0057 0.0154 0.9531 0.0080 0.0178 	31
25:	0.0054 0.0103 0.9560 0.0094 0.0188 	125
26:	0.0073 0.0207 0.9444 0.0075 0.0201 	53
27:	0.0066 0.0171 0.9501 0.0072 0.0191 	125
28:	0.0030 0.0037 0.0044 0.9850 0.0040 	28
29:	0.0029 0.0038 0.0038 0.9854 0.0041 	300
30:	0.0030 0.9802 0.0044 0.0037 0.0086 	27
31:	0.0029 0.9844 0.0036 0.0036 0.0054 	300
32:	0.0039 0.0092 0.0092 0.0065 0.9711 	40
33:	0.0039 0.0099 0.0081 0.0072 0.9709 	300
