1:	0.0057 0.0048 0.0055 0.0082 0.5154 0.0054 0.4551 	100
2:	0.0057 0.0058 0.0057 0.0063 0.5228 0.0052 0.4486 	200
3:	0.0369 0.0139 0.4671 0.0048 0.0451 0.0161 0.4160 	6
4:	0.0110 0.0170 0.4652 0.0125 0.2264 0.0253 0.2427 	100
5:	0.0167 0.0081 0.0261 0.0135 0.2082 0.4703 0.2570 	100
6:	0.0117 0.4872 0.0093 0.0056 0.2339 0.0096 0.2426 	100
7:	0.0073 0.0067 0.0071 0.5081 0.2483 0.0065 0.2159 	100
8:	0.4836 0.0117 0.0127 0.0094 0.2381 0.0129 0.2317 	100
9:	0.0807 0.0035 0.8078 0.0147 0.0209 0.0363 0.0361 	2
10:	0.0155 0.0129 0.7442 0.0107 0.0937 0.0336 0.0894 	100
11:	0.0167 0.0085 0.0185 0.0119 0.0797 0.7650 0.0996 	100
12:	0.0090 0.7322 0.0092 0.0075 0.1122 0.0072 0.1227 	100
13:	0.0092 0.0059 0.0081 0.7628 0.1082 0.0086 0.0971 	100
14:	0.7594 0.0091 0.0132 0.0100 0.0886 0.0133 0.1064 	100
15:	0.0249 0.0122 0.8626 0.0198 0.0460 0.0203 0.0142 	42
16:	0.0096 0.0107 0.8924 0.0084 0.0282 0.0240 0.0267 	100
17:	0.0124 0.0091 0.0131 0.0112 0.0325 0.8863 0.0354 	100
18:	0.0093 0.8646 0.0090 0.0052 0.0540 0.0084 0.0494 	100
19:	0.0114 0.0073 0.0091 0.8937 0.0398 0.0077 0.0311 	100
20:	0.8885 0.0071 0.0121 0.0113 0.0336 0.0117 0.0355 	100
21:	0.0276 0.0259 0.9001 0.0179 0.0035 0.0216 0.0035 	105
22:	0.0102 0.0093 0.9309 0.0075 0.0055 0.0308 0.0059 	240
23:	0.0539 0.0122 0.4356 0.0209 0.0082 0.4585 0.0108 	68
24:	0.0115 0.0084 0.0212 0.0074 0.0045 0.9424 0.0045 	31
25:	0.0121 0.0086 0.0261 0.0064 0.0050 0.9374 0.0045 	125
26:	0.0098 0.0056 0.0119 0.0089 0.0036 0.9564 0.0037 	53
27:	0.0085 0.0049 0.0082 0.0098 0.0032 0.9620 0.0034 	125
28:	0.0036 0.9809 0.0037 0.0032 0.0025 0.0035 0.0026 	28
29:	0.0032 0.9825 0.0033 0.0032 0.0024 0.0030 0.0024 	300
30:	0.0062 0.0031 0.0031 0.9783 0.0025 0.0043 0.0025 	27
31:	0.0042 0.0032 0.0028 0.9815 0.0025 0.0033 0.0025 	300
32:	0.9671 0.0053 0.0060 0.0073 0.0030 0.0082 0.0031 	40
33:	0.9697 0.0059 0.0054 0.0066 0.0029 0.0064 0.0030 	300
