1 1 (5) 1 : 0.974 0.026
2 2 (5) 1 : 0.947 0.053
3 3 (5) 1 : 0.977 0.023
4 4 (0) 1 : 0.969 0.031
5 5 (0) 1 : 0.936 0.064
6 6 (0) 1 : 0.976 0.024
7 7 (0) 1 : 0.948 0.052
8 8 (5) 1 : 0.974 0.026
9 9 (0) 1 : 0.975 0.025
10 10 (0) 1 : 0.938 0.062
11 11 (0) 1 : 0.971 0.029
12 12 (0) 1 : 0.951 0.049
13 13 (0) 1 : 0.959 0.041
14 14 (0) 1 : 0.971 0.029
15 15 (0) 1 : 0.978 0.022
16 16 (0) 1 : 0.977 0.023
17 17 (0) 1 : 0.980 0.020
18 18 (0) 1 : 0.959 0.041
19 19 (0) 1 : 0.930 0.070
20 20 (0) 1 : 0.938 0.062
21 21 (0) 1 : 0.970 0.030
22 22 (0) 1 : 0.983 0.017
23 23 (0) 1 : 0.978 0.022
24 24 (0) 1 : 0.945 0.055
25 25 (0) 1 : 0.946 0.054
26 26 (0) 1 : 0.952 0.048
27 27 (5) 1 : 0.963 0.037
28 28 (0) 1 : 0.983 0.017
29 29 (0) 1 : 0.976 0.024
30 30 (0) 1 : 0.955 0.045
31 31 (0) 1 : 0.979 0.021
32 32 (0) 1 : 0.962 0.038
33 33 (0) 1 : 0.980 0.020
34 34 (0) 1 : 0.980 0.020
35 35 (0) 1 : 0.954 0.046
36 36 (0) 1 : 0.974 0.026
37 37 (0) 1 : 0.960 0.040
38 38 (0) 1 : 0.948 0.052
39 39 (0) 1 : 0.961 0.039
40 40 (0) 1 : 0.963 0.037
41 41 (0) 1 : 0.973 0.027
42 42 (0) 1 : 0.978 0.022
43 43 (0) 1 : 0.979 0.021
44 44 (0) 1 : 0.983 0.017
45 45 (5) 1 : 0.951 0.049
46 46 (0) 1 : 0.985 0.015
47 47 (0) 1 : 0.983 0.017
48 48 (0) 1 : 0.974 0.026
49 49 (0) 1 : 0.965 0.035
50 50 (0) 1 : 0.974 0.026
51 51 (0) 1 : 0.945 0.055
52 52 (0) 1 : 0.869 0.131
53 53 (0) 1 : 0.975 0.025
54 54 (0) 1 : 0.982 0.018
55 55 (0) 1 : 0.978 0.022
56 56 (0) 1 : 0.976 0.024
57 57 (10) 1 : 0.963 0.037
58 58 (5) 1 : 0.968 0.032
59 59 (0) 1 : 0.965 0.035
60 60 (0) 1 : 0.979 0.021
61 61 (0) 1 : 0.974 0.026
62 62 (0) 1 : 0.975 0.025
63 63 (0) 1 : 0.974 0.026
64 64 (0) 1 : 0.980 0.020
65 65 (0) 1 : 0.891 0.109
66 66 (0) 1 : 0.975 0.025
67 67 (5) 1 : 0.927 0.073
68 68 (0) 1 : 0.972 0.028
69 69 (0) 1 : 0.980 0.020
70 70 (0) 1 : 0.972 0.028
71 71 (5) 1 : 0.961 0.039
72 72 (0) 1 : 0.940 0.060
73 73 (5) 1 : 0.979 0.021
74 74 (10) 1 : 0.954 0.046
75 75 (10) 1 : 0.935 0.065
76 76 (0) 1 : 0.961 0.039
77 77 (10) 1 : 0.959 0.041
78 78 (0) 1 : 0.953 0.047
79 79 (5) 1 : 0.975 0.025
80 80 (0) 1 : 0.977 0.023
81 81 (0) 1 : 0.974 0.026
82 82 (0) 1 : 0.975 0.025
83 83 (0) 1 : 0.977 0.023
84 84 (0) 1 : 0.943 0.057
85 85 (0) 1 : 0.979 0.021
86 86 (5) 1 : 0.976 0.024
87 87 (0) 1 : 0.977 0.023
88 88 (0) 1 : 0.945 0.055
89 89 (0) 1 : 0.892 0.108
90 90 (0) 1 : 0.972 0.028
91 91 (0) 1 : 0.966 0.034
92 92 (0) 1 : 0.970 0.030
93 93 (0) 1 : 0.979 0.021
94 94 (5) 1 : 0.930 0.070
95 95 (0) 1 : 0.967 0.033
96 96 (5) 1 : 0.973 0.027
97 97 (0) 1 : 0.981 0.019
98 98 (0) 1 : 0.963 0.037
99 99 (5) 1 : 0.963 0.037
100 100 (5) 1 : 0.979 0.021
101 101 (0) 2 : 0.935 0.065
102 102 (0) 2 : 0.910 0.090
103 103 (0) 2 : 0.875 0.125
104 104 (0) 2 : 0.932 0.068
105 105 (0) 2 : 0.756 0.244
106 106 (0) 2 : 0.843 0.157
107 107 (0) 2 : 0.897 0.103
108 108 (0) 2 : 0.868 0.132
109 109 (0) 2 : 0.916 0.084
110 110 (0) 2 : 0.966 0.034
111 111 (0) 2 : 0.910 0.090
112 112 (0) 2 : 0.952 0.048
113 113 (0) 2 : 0.927 0.073
114 114 (0) 2 : 0.882 0.118
115 115 (0) 2 : 0.907 0.093
116 116 (0) 2 : 0.836 0.164
117 117 (0) 2 : 0.832 0.168
118 118 (0) 2 : 0.912 0.088
119 119 (0) 2 : 0.753 0.247
120 120 (0) 2 : 0.852 0.148
121 121 (0) 2 : 0.908 0.092
122 122 (0) 2 : 0.976 0.024
123 123 (0) 2 : 0.860 0.140
124 124 (0) 2 : 0.936 0.064
125 125 (0) 2 : 0.936 0.064
126 126 (0) 2 : 0.927 0.073
127 127 (0) 2 : 0.979 0.021
128 128 (0) 2 : 0.811 0.189
129 129 (0) 2 : 0.956 0.044
130 130 (0) 2 : 0.892 0.108
131 131 (0) 2 : 0.933 0.067
132 132 (0) 2 : 0.811 0.189
133 133 (0) 2 : 0.887 0.113
134 134 (0) 2 : 0.808 0.192
135 135 (0) 2 : 0.826 0.174
136 136 (0) 2 : 0.961 0.039
137 137 (0) 2 : 0.942 0.058
138 138 (0) 2 : 0.939 0.061
139 139 (0) 2 : 0.859 0.141
140 140 (0) 2 : 0.754 0.246
141 141 (0) 2 : 0.919 0.081
142 142 (0) 2 : 0.892 0.108
143 143 (0) 2 : 0.888 0.112
144 144 (0) 2 : 0.863 0.137
145 145 (0) 2 : 0.947 0.053
146 146 (0) 2 : 0.884 0.116
147 147 (0) 2 : 0.820 0.180
148 148 (0) 2 : 0.887 0.113
149 149 (0) 2 : 0.852 0.148
150 150 (0) 2 : 0.847 0.153
151 151 (0) 2 : 0.866 0.134
152 152 (0) 2 : 0.840 0.160
153 153 (0) 2 : 0.921 0.079
154 154 (0) 2 : 0.978 0.022
155 155 (0) 2 : 0.949 0.051
156 156 (0) 2 : 0.690 0.310
157 157 (0) 2 : 0.940 0.060
158 158 (0) 2 : 0.955 0.045
159 159 (0) 2 : 0.922 0.078
160 160 (0) 2 : 0.974 0.026
161 161 (0) 2 : 0.974 0.026
162 162 (0) 2 : 0.967 0.033
163 163 (0) 2 : 0.941 0.059
164 164 (0) 2 : 0.891 0.109
165 165 (0) 2 : 0.921 0.079
166 166 (0) 2 : 0.934 0.066
167 167 (0) 2 : 0.918 0.082
168 168 (0) 2 : 0.922 0.078
169 169 (0) 2 : 0.970 0.030
170 170 (0) 2 : 0.633 0.367
171 171 (0) 2 : 0.927 0.073
172 172 (0) 2 : 0.924 0.076
173 173 (0) 2 : 0.795 0.205
174 174 (0) 2 : 0.925 0.075
175 175 (0) 2 : 0.712 0.288
176 176 (0) 2 : 0.954 0.046
177 177 (0) 2 : 0.880 0.120
178 178 (0) 2 : 0.842 0.158
179 179 (0) 2 : 0.902 0.098
180 180 (0) 2 : 0.818 0.182
181 181 (0) 2 : 0.952 0.048
182 182 (0) 2 : 0.943 0.057
183 183 (0) 2 : 0.951 0.049
184 184 (0) 2 : 0.968 0.032
185 185 (0) 2 : 0.966 0.034
186 186 (0) 2 : 0.937 0.063
187 187 (0) 2 : 0.960 0.040
188 188 (0) 2 : 0.876 0.124
189 189 (0) 2 : 0.940 0.060
190 190 (0) 2 : 0.741 0.259
191 191 (0) 2 : 0.977 0.023
192 192 (0) 2 : 0.941 0.059
193 193 (0) 2 : 0.958 0.042
194 194 (0) 2 : 0.942 0.058
195 195 (0) 2 : 0.940 0.060
196 196 (0) 2 : 0.864 0.136
197 197 (0) 2 : 0.973 0.027
198 198 (0) 2 : 0.902 0.098
199 199 (0) 2 : 0.971 0.029
200 200 (0) 2 : 0.864 0.136
201 201 (0) 3 : 0.757 0.243
202 202 (0) 3 : 0.825 0.175
203 203 (0) 3 : 0.716 0.284
204 204 (0) 3 : 0.681 0.319
205 205 (0) 3 : 0.746 0.254
206 206 (0) 3 : 0.752 0.248
207 207 (0) 3 : 0.699 0.301
208 208 (0) 3 : 0.977 0.023
209 209 (0) 3 : 0.783 0.217
210 210 (0) 3 : 0.712 0.288
211 211 (0) 3 : 0.870 0.130
212 212 (0) 3 : 0.871 0.129
213 213 (0) 3 : 0.749 0.251
214 214 (0) 3 : 0.887 0.113
215 215 (0) 3 : 0.879 0.121
216 216 (0) 3 : 0.768 0.232
217 217 (0) 3 : 0.845 0.155
218 218 (0) 3 : 0.688 0.312
219 219 (0) 3 : 0.834 0.166
220 220 (0) 3 : 0.459 0.541
221 221 (0) 3 : 0.764 0.236
222 222 (0) 3 : 0.833 0.167
223 223 (0) 3 : 0.814 0.186
224 224 (0) 3 : 0.734 0.266
225 225 (0) 3 : 0.927 0.073
226 226 (0) 3 : 0.823 0.177
227 227 (0) 3 : 0.729 0.271
228 228 (0) 3 : 0.938 0.062
229 229 (0) 3 : 0.725 0.275
230 230 (0) 3 : 0.739 0.261
231 231 (0) 3 : 0.737 0.263
232 232 (0) 3 : 0.630 0.370
233 233 (0) 3 : 0.877 0.123
234 234 (0) 3 : 0.928 0.072
235 235 (0) 3 : 0.650 0.350
236 236 (0) 3 : 0.835 0.165
237 237 (0) 3 : 0.793 0.207
238 238 (0) 3 : 0.891 0.109
239 239 (0) 3 : 0.814 0.186
240 240 (0) 3 : 0.833 0.167
241 241 (0) 3 : 0.849 0.151
242 242 (0) 3 : 0.955 0.045
243 243 (0) 3 : 0.744 0.256
244 244 (0) 3 : 0.799 0.201
245 245 (0) 3 : 0.712 0.288
246 246 (0) 3 : 0.809 0.191
247 247 (0) 3 : 0.796 0.204
248 248 (0) 3 : 0.661 0.339
249 249 (0) 3 : 0.730 0.270
250 250 (0) 3 : 0.730 0.270
251 251 (0) 3 : 0.873 0.127
252 252 (0) 3 : 0.724 0.276
253 253 (0) 3 : 0.525 0.475
254 254 (0) 3 : 0.689 0.311
255 255 (0) 3 : 0.900 0.100
256 256 (0) 3 : 0.898 0.102
257 257 (0) 3 : 0.906 0.094
258 258 (0) 3 : 0.880 0.120
259 259 (0) 3 : 0.838 0.162
260 260 (0) 3 : 0.524 0.476
261 261 (0) 3 : 0.687 0.313
262 262 (0) 3 : 0.945 0.055
263 263 (0) 3 : 0.919 0.081
264 264 (0) 3 : 0.879 0.121
265 265 (0) 3 : 0.855 0.145
266 266 (0) 3 : 0.881 0.119
267 267 (0) 3 : 0.804 0.196
268 268 (0) 3 : 0.757 0.243
269 269 (0) 3 : 0.764 0.236
270 270 (0) 3 : 0.946 0.054
271 271 (0) 3 : 0.772 0.228
272 272 (0) 3 : 0.560 0.440
273 273 (0) 3 : 0.689 0.311
274 274 (0) 3 : 0.763 0.237
275 275 (0) 3 : 0.761 0.239
276 276 (0) 3 : 0.945 0.055
277 277 (0) 3 : 0.738 0.262
278 278 (0) 3 : 0.822 0.178
279 279 (0) 3 : 0.769 0.231
280 280 (0) 3 : 0.883 0.117
281 281 (0) 3 : 0.889 0.111
282 282 (0) 3 : 0.575 0.425
283 283 (0) 3 : 0.874 0.126
284 284 (0) 3 : 0.947 0.053
285 285 (0) 3 : 0.918 0.082
286 286 (0) 3 : 0.809 0.191
287 287 (0) 3 : 0.751 0.249
288 288 (0) 3 : 0.842 0.158
289 289 (0) 3 : 0.588 0.412
290 290 (0) 3 : 0.871 0.129
291 291 (0) 3 : 0.688 0.312
292 292 (0) 3 : 0.688 0.312
293 293 (0) 3 : 0.851 0.149
294 294 (0) 3 : 0.823 0.177
295 295 (0) 3 : 0.821 0.179
296 296 (0) 3 : 0.813 0.187
297 297 (0) 3 : 0.876 0.124
298 298 (0) 3 : 0.768 0.232
299 299 (0) 3 : 0.597 0.403
300 300 (0) 3 : 0.848 0.152
301 301 (0) 4 : 0.714 0.286
302 302 (0) 4 : 0.502 0.498
303 303 (0) 4 : 0.507 0.493
304 304 (0) 4 : 0.659 0.341
305 305 (0) 4 : 0.648 0.352
306 306 (0) 4 : 0.467 0.533
307 307 (0) 4 : 0.466 0.534
308 308 (0) 4 : 0.579 0.421
309 309 (0) 4 : 0.498 0.502
310 310 (0) 4 : 0.412 0.588
311 311 (0) 4 : 0.315 0.685
312 312 (0) 4 : 0.684 0.316
313 313 (0) 4 : 0.643 0.357
314 314 (0) 4 : 0.422 0.578
315 315 (0) 4 : 0.540 0.460
316 316 (0) 4 : 0.459 0.541
317 317 (0) 4 : 0.478 0.522
318 318 (0) 4 : 0.497 0.503
319 319 (0) 4 : 0.431 0.569
320 320 (0) 4 : 0.542 0.458
321 321 (0) 4 : 0.549 0.451
322 322 (0) 4 : 0.500 0.500
323 323 (0) 4 : 0.449 0.551
324 324 (0) 4 : 0.621 0.379
325 325 (0) 4 : 0.590 0.410
326 326 (0) 4 : 0.570 0.430
327 327 (0) 4 : 0.445 0.555
328 328 (0) 4 : 0.477 0.523
329 329 (0) 4 : 0.528 0.472
330 330 (0) 4 : 0.555 0.445
331 331 (0) 4 : 0.538 0.462
332 332 (0) 4 : 0.411 0.589
333 333 (0) 4 : 0.456 0.544
334 334 (0) 4 : 0.461 0.539
335 335 (0) 4 : 0.421 0.579
336 336 (0) 4 : 0.506 0.494
337 337 (0) 4 : 0.475 0.525
338 338 (0) 4 : 0.521 0.479
339 339 (0) 4 : 0.607 0.393
340 340 (0) 4 : 0.428 0.572
341 341 (0) 4 : 0.488 0.512
342 342 (0) 4 : 0.493 0.507
343 343 (0) 4 : 0.529 0.471
344 344 (0) 4 : 0.519 0.481
345 345 (0) 4 : 0.561 0.439
346 346 (0) 4 : 0.382 0.618
347 347 (0) 4 : 0.540 0.460
348 348 (0) 4 : 0.485 0.515
349 349 (0) 4 : 0.644 0.356
350 350 (0) 4 : 0.593 0.407
351 351 (0) 4 : 0.562 0.438
352 352 (0) 4 : 0.530 0.470
353 353 (0) 4 : 0.472 0.528
354 354 (0) 4 : 0.768 0.232
355 355 (0) 4 : 0.623 0.377
356 356 (0) 4 : 0.454 0.546
357 357 (0) 4 : 0.377 0.623
358 358 (0) 4 : 0.637 0.363
359 359 (0) 4 : 0.426 0.574
360 360 (0) 4 : 0.628 0.372
361 361 (0) 4 : 0.356 0.644
362 362 (0) 4 : 0.583 0.417
363 363 (0) 4 : 0.516 0.484
364 364 (0) 4 : 0.528 0.472
365 365 (0) 4 : 0.433 0.567
366 366 (0) 4 : 0.619 0.381
367 367 (0) 4 : 0.331 0.669
368 368 (0) 4 : 0.404 0.596
369 369 (0) 4 : 0.584 0.416
370 370 (0) 4 : 0.515 0.485
371 371 (0) 4 : 0.446 0.554
372 372 (0) 4 : 0.622 0.378
373 373 (0) 4 : 0.431 0.569
374 374 (0) 4 : 0.483 0.517
375 375 (0) 4 : 0.495 0.505
376 376 (0) 4 : 0.467 0.533
377 377 (0) 4 : 0.464 0.536
378 378 (0) 4 : 0.461 0.539
379 379 (0) 4 : 0.607 0.393
380 380 (0) 4 : 0.678 0.322
381 381 (0) 4 : 0.492 0.508
382 382 (0) 4 : 0.504 0.496
383 383 (0) 4 : 0.556 0.444
384 384 (0) 4 : 0.408 0.592
385 385 (0) 4 : 0.512 0.488
386 386 (0) 4 : 0.460 0.540
387 387 (0) 4 : 0.581 0.419
388 388 (0) 4 : 0.482 0.518
389 389 (0) 4 : 0.515 0.485
390 390 (0) 4 : 0.566 0.434
391 391 (0) 4 : 0.482 0.518
392 392 (0) 4 : 0.549 0.451
393 393 (0) 4 : 0.559 0.441
394 394 (0) 4 : 0.629 0.371
395 395 (0) 4 : 0.592 0.408
396 396 (0) 4 : 0.491 0.509
397 397 (0) 4 : 0.484 0.516
398 398 (0) 4 : 0.463 0.537
399 399 (0) 4 : 0.496 0.504
400 400 (0) 4 : 0.509 0.491
401 401 (0) 5 : 0.375 0.625
402 402 (0) 5 : 0.399 0.601
403 403 (0) 5 : 0.367 0.633
404 404 (0) 5 : 0.222 0.778
405 405 (0) 5 : 0.371 0.629
406 406 (0) 5 : 0.163 0.837
407 407 (0) 5 : 0.338 0.662
408 408 (0) 5 : 0.232 0.768
409 409 (0) 5 : 0.305 0.695
410 410 (0) 5 : 0.252 0.748
411 411 (0) 5 : 0.188 0.812
412 412 (0) 5 : 0.273 0.727
413 413 (0) 5 : 0.140 0.860
414 414 (0) 5 : 0.223 0.777
415 415 (0) 5 : 0.246 0.754
416 416 (0) 5 : 0.336 0.664
417 417 (0) 5 : 0.096 0.904
418 418 (0) 5 : 0.276 0.724
419 419 (0) 5 : 0.199 0.801
420 420 (0) 5 : 0.213 0.787
421 421 (0) 5 : 0.256 0.744
422 422 (0) 5 : 0.300 0.700
423 423 (0) 5 : 0.315 0.685
424 424 (0) 5 : 0.324 0.676
425 425 (0) 5 : 0.314 0.686
426 426 (0) 5 : 0.361 0.639
427 427 (0) 5 : 0.076 0.924
428 428 (0) 5 : 0.299 0.701
429 429 (0) 5 : 0.225 0.775
430 430 (0) 5 : 0.161 0.839
431 431 (0) 5 : 0.226 0.774
432 432 (0) 5 : 0.223 0.777
433 433 (0) 5 : 0.221 0.779
434 434 (0) 5 : 0.240 0.760
435 435 (0) 5 : 0.124 0.876
436 436 (0) 5 : 0.196 0.804
437 437 (0) 5 : 0.359 0.641
438 438 (0) 5 : 0.055 0.945
439 439 (0) 5 : 0.355 0.645
440 440 (0) 5 : 0.335 0.665
441 441 (0) 5 : 0.256 0.744
442 442 (0) 5 : 0.280 0.720
443 443 (0) 5 : 0.320 0.680
444 444 (0) 5 : 0.275 0.725
445 445 (0) 5 : 0.326 0.674
446 446 (0) 5 : 0.155 0.845
447 447 (0) 5 : 0.398 0.602
448 448 (0) 5 : 0.228 0.772
449 449 (0) 5 : 0.357 0.643
450 450 (0) 5 : 0.097 0.903
451 451 (0) 5 : 0.375 0.625
452 452 (0) 5 : 0.189 0.811
453 453 (0) 5 : 0.152 0.848
454 454 (0) 5 : 0.035 0.965
455 455 (0) 5 : 0.332 0.668
456 456 (0) 5 : 0.270 0.730
457 457 (0) 5 : 0.256 0.744
458 458 (0) 5 : 0.322 0.678
459 459 (0) 5 : 0.283 0.717
460 460 (0) 5 : 0.199 0.801
461 461 (0) 5 : 0.396 0.604
462 462 (0) 5 : 0.391 0.609
463 463 (0) 5 : 0.334 0.666
464 464 (0) 5 : 0.180 0.820
465 465 (0) 5 : 0.304 0.696
466 466 (0) 5 : 0.111 0.889
467 467 (0) 5 : 0.292 0.708
468 468 (0) 5 : 0.269 0.731
469 469 (0) 5 : 0.258 0.742
470 470 (0) 5 : 0.331 0.669
471 471 (0) 5 : 0.215 0.785
472 472 (0) 5 : 0.220 0.780
473 473 (0) 5 : 0.125 0.875
474 474 (0) 5 : 0.285 0.715
475 475 (0) 5 : 0.152 0.848
476 476 (0) 5 : 0.324 0.676
477 477 (0) 5 : 0.178 0.822
478 478 (0) 5 : 0.068 0.932
479 479 (0) 5 : 0.177 0.823
480 480 (0) 5 : 0.300 0.700
481 481 (0) 5 : 0.280 0.720
482 482 (0) 5 : 0.356 0.644
483 483 (0) 5 : 0.233 0.767
484 484 (0) 5 : 0.255 0.745
485 485 (0) 5 : 0.230 0.770
486 486 (0) 5 : 0.267 0.733
487 487 (0) 5 : 0.328 0.672
488 488 (0) 5 : 0.180 0.820
489 489 (0) 5 : 0.134 0.866
490 490 (0) 5 : 0.350 0.650
491 491 (0) 5 : 0.128 0.872
492 492 (0) 5 : 0.119 0.881
493 493 (0) 5 : 0.217 0.783
494 494 (0) 5 : 0.339 0.661
495 495 (0) 5 : 0.237 0.763
496 496 (0) 5 : 0.164 0.836
497 497 (0) 5 : 0.200 0.800
498 498 (0) 5 : 0.434 0.566
499 499 (0) 5 : 0.339 0.661
500 500 (0) 5 : 0.275 0.725
501 501 (0) 6 : 0.092 0.908
502 502 (0) 6 : 0.166 0.834
503 503 (0) 6 : 0.052 0.948
504 504 (0) 6 : 0.316 0.684
505 505 (0) 6 : 0.041 0.959
506 506 (0) 6 : 0.056 0.944
507 507 (0) 6 : 0.080 0.920
508 508 (0) 6 : 0.166 0.834
509 509 (0) 6 : 0.197 0.803
510 510 (0) 6 : 0.024 0.976
511 511 (0) 6 : 0.081 0.919
512 512 (0) 6 : 0.186 0.814
513 513 (0) 6 : 0.156 0.844
514 514 (0) 6 : 0.064 0.936
515 515 (0) 6 : 0.107 0.893
516 516 (0) 6 : 0.017 0.983
517 517 (0) 6 : 0.094 0.906
518 518 (0) 6 : 0.074 0.926
519 519 (0) 6 : 0.220 0.780
520 520 (0) 6 : 0.056 0.944
521 521 (0) 6 : 0.141 0.859
522 522 (0) 6 : 0.285 0.715
523 523 (0) 6 : 0.149 0.851
524 524 (0) 6 : 0.270 0.730
525 525 (0) 6 : 0.106 0.894
526 526 (0) 6 : 0.094 0.906
527 527 (0) 6 : 0.087 0.913
528 528 (0) 6 : 0.299 0.701
529 529 (0) 6 : 0.260 0.740
530 530 (0) 6 : 0.073 0.927
531 531 (0) 6 : 0.046 0.954
532 532 (0) 6 : 0.084 0.916
533 533 (0) 6 : 0.203 0.797
534 534 (0) 6 : 0.185 0.815
535 535 (0) 6 : 0.071 0.929
536 536 (0) 6 : 0.074 0.926
537 537 (0) 6 : 0.040 0.960
538 538 (0) 6 : 0.178 0.822
539 539 (0) 6 : 0.180 0.820
540 540 (0) 6 : 0.191 0.809
541 541 (0) 6 : 0.118 0.882
542 542 (0) 6 : 0.121 0.879
543 543 (0) 6 : 0.076 0.924
544 544 (0) 6 : 0.160 0.840
545 545 (0) 6 : 0.083 0.917
546 546 (0) 6 : 0.174 0.826
547 547 (0) 6 : 0.197 0.803
548 548 (0) 6 : 0.233 0.767
549 549 (0) 6 : 0.060 0.940
550 550 (0) 6 : 0.152 0.848
551 551 (0) 6 : 0.099 0.901
552 552 (0) 6 : 0.150 0.850
553 553 (0) 6 : 0.093 0.907
554 554 (0) 6 : 0.307 0.693
555 555 (0) 6 : 0.177 0.823
556 556 (0) 6 : 0.028 0.972
557 557 (0) 6 : 0.035 0.965
558 558 (0) 6 : 0.018 0.982
559 559 (0) 6 : 0.027 0.973
560 560 (0) 6 : 0.187 0.813
561 561 (0) 6 : 0.141 0.859
562 562 (0) 6 : 0.098 0.902
563 563 (0) 6 : 0.045 0.955
564 564 (0) 6 : 0.081 0.919
565 565 (0) 6 : 0.028 0.972
566 566 (0) 6 : 0.144 0.856
567 567 (0) 6 : 0.078 0.922
568 568 (0) 6 : 0.115 0.885
569 569 (0) 6 : 0.060 0.940
570 570 (0) 6 : 0.023 0.977
571 571 (0) 6 : 0.101 0.899
572 572 (0) 6 : 0.066 0.934
573 573 (0) 6 : 0.079 0.921
574 574 (0) 6 : 0.021 0.979
575 575 (0) 6 : 0.026 0.974
576 576 (0) 6 : 0.210 0.790
577 577 (0) 6 : 0.251 0.749
578 578 (0) 6 : 0.114 0.886
579 579 (0) 6 : 0.102 0.898
580 580 (0) 6 : 0.165 0.835
581 581 (0) 6 : 0.181 0.819
582 582 (0) 6 : 0.043 0.957
583 583 (0) 6 : 0.059 0.941
584 584 (0) 6 : 0.064 0.936
585 585 (0) 6 : 0.249 0.751
586 586 (0) 6 : 0.142 0.858
587 587 (0) 6 : 0.041 0.959
588 588 (0) 6 : 0.151 0.849
589 589 (0) 6 : 0.062 0.938
590 590 (0) 6 : 0.065 0.935
591 591 (0) 6 : 0.019 0.981
592 592 (0) 6 : 0.060 0.940
593 593 (0) 6 : 0.239 0.761
594 594 (0) 6 : 0.028 0.972
595 595 (0) 6 : 0.155 0.845
596 596 (0) 6 : 0.135 0.865
597 597 (0) 6 : 0.072 0.928
598 598 (0) 6 : 0.111 0.889
599 599 (0) 6 : 0.130 0.870
600 600 (0) 6 : 0.103 0.897
601 601 (5) 7 : 0.032 0.968
602 602 (0) 7 : 0.037 0.963
603 603 (0) 7 : 0.019 0.981
604 604 (0) 7 : 0.071 0.929
605 605 (0) 7 : 0.022 0.978
606 606 (0) 7 : 0.025 0.975
607 607 (0) 7 : 0.016 0.984
608 608 (0) 7 : 0.027 0.973
609 609 (0) 7 : 0.032 0.968
610 610 (0) 7 : 0.030 0.970
611 611 (0) 7 : 0.015 0.985
612 612 (0) 7 : 0.019 0.981
613 613 (0) 7 : 0.031 0.969
614 614 (5) 7 : 0.015 0.985
615 615 (0) 7 : 0.020 0.980
616 616 (0) 7 : 0.018 0.982
617 617 (0) 7 : 0.022 0.978
618 618 (0) 7 : 0.034 0.966
619 619 (0) 7 : 0.029 0.971
620 620 (0) 7 : 0.019 0.981
621 621 (0) 7 : 0.016 0.984
622 622 (0) 7 : 0.028 0.972
623 623 (0) 7 : 0.018 0.982
624 624 (0) 7 : 0.014 0.986
625 625 (0) 7 : 0.015 0.985
626 626 (0) 7 : 0.018 0.982
627 627 (0) 7 : 0.018 0.982
628 628 (0) 7 : 0.019 0.981
629 629 (0) 8 : 0.037 0.963
630 630 (0) 8 : 0.019 0.981
631 631 (0) 8 : 0.022 0.978
632 632 (0) 8 : 0.020 0.980
633 633 (0) 8 : 0.015 0.985
634 634 (0) 8 : 0.018 0.982
635 635 (0) 8 : 0.021 0.979
636 636 (0) 8 : 0.021 0.979
637 637 (0) 8 : 0.024 0.976
638 638 (0) 8 : 0.016 0.984
639 639 (0) 8 : 0.017 0.983
640 640 (0) 8 : 0.024 0.976
641 641 (0) 8 : 0.017 0.983
642 642 (0) 8 : 0.017 0.983
643 643 (0) 8 : 0.017 0.983
644 644 (0) 8 : 0.020 0.980
645 645 (0) 8 : 0.023 0.977
646 646 (0) 8 : 0.024 0.976
647 647 (0) 8 : 0.016 0.984
648 648 (0) 8 : 0.029 0.971
649 649 (0) 8 : 0.016 0.984
650 650 (0) 8 : 0.018 0.982
651 651 (0) 8 : 0.024 0.976
652 652 (0) 8 : 0.031 0.969
653 653 (0) 8 : 0.027 0.973
654 654 (0) 8 : 0.060 0.940
655 655 (0) 8 : 0.016 0.984
656 656 (0) 8 : 0.018 0.982
657 657 (0) 8 : 0.040 0.960
658 658 (0) 8 : 0.020 0.980
659 659 (0) 8 : 0.021 0.979
660 660 (0) 8 : 0.018 0.982
661 661 (0) 8 : 0.029 0.971
662 662 (0) 8 : 0.024 0.976
663 663 (0) 8 : 0.025 0.975
664 664 (0) 8 : 0.014 0.986
665 665 (0) 8 : 0.017 0.983
666 666 (0) 8 : 0.023 0.977
667 667 (0) 8 : 0.039 0.961
668 668 (0) 8 : 0.023 0.977
669 669 (0) 8 : 0.015 0.985
670 670 (0) 8 : 0.024 0.976
671 671 (0) 8 : 0.020 0.980
672 672 (0) 8 : 0.020 0.980
673 673 (0) 8 : 0.028 0.972
674 674 (0) 8 : 0.022 0.978
675 675 (0) 8 : 0.026 0.974
676 676 (0) 8 : 0.019 0.981
677 677 (0) 8 : 0.015 0.985
678 678 (0) 8 : 0.016 0.984
679 679 (0) 8 : 0.019 0.981
680 680 (0) 8 : 0.026 0.974
681 681 (0) 8 : 0.024 0.976
682 682 (0) 8 : 0.038 0.962
683 683 (0) 8 : 0.017 0.983
684 684 (0) 8 : 0.019 0.981
685 685 (0) 8 : 0.017 0.983
686 686 (0) 8 : 0.025 0.975
687 687 (0) 8 : 0.021 0.979
688 688 (0) 8 : 0.024 0.976
689 689 (0) 8 : 0.020 0.980
690 690 (0) 8 : 0.022 0.978
691 691 (0) 8 : 0.031 0.969
692 692 (0) 8 : 0.025 0.975
693 693 (0) 8 : 0.015 0.985
694 694 (0) 8 : 0.025 0.975
695 695 (0) 8 : 0.016 0.984
696 696 (0) 8 : 0.025 0.975
697 697 (0) 8 : 0.016 0.984
698 698 (0) 8 : 0.016 0.984
699 699 (0) 8 : 0.045 0.955
700 700 (0) 8 : 0.027 0.973
1 1 (5) 1 : 0.974 0.026
2 2 (5) 1 : 0.946 0.054
3 3 (5) 1 : 0.977 0.023
4 4 (0) 1 : 0.969 0.031
5 5 (0) 1 : 0.935 0.065
6 6 (0) 1 : 0.976 0.024
7 7 (0) 1 : 0.947 0.053
8 8 (5) 1 : 0.974 0.026
9 9 (0) 1 : 0.975 0.025
10 10 (0) 1 : 0.938 0.062
11 11 (0) 1 : 0.970 0.030
12 12 (0) 1 : 0.951 0.049
13 13 (0) 1 : 0.959 0.041
14 14 (0) 1 : 0.971 0.029
15 15 (0) 1 : 0.978 0.022
16 16 (0) 1 : 0.978 0.022
17 17 (0) 1 : 0.980 0.020
18 18 (0) 1 : 0.959 0.041
19 19 (0) 1 : 0.930 0.070
20 20 (0) 1 : 0.938 0.062
21 21 (0) 1 : 0.970 0.030
22 22 (0) 1 : 0.983 0.017
23 23 (0) 1 : 0.978 0.022
24 24 (0) 1 : 0.945 0.055
25 25 (0) 1 : 0.946 0.054
26 26 (0) 1 : 0.952 0.048
27 27 (5) 1 : 0.963 0.037
28 28 (0) 1 : 0.983 0.017
29 29 (0) 1 : 0.975 0.025
30 30 (0) 1 : 0.955 0.045
31 31 (0) 1 : 0.979 0.021
32 32 (0) 1 : 0.962 0.038
33 33 (0) 1 : 0.980 0.020
34 34 (0) 1 : 0.980 0.020
35 35 (0) 1 : 0.954 0.046
36 36 (0) 1 : 0.974 0.026
37 37 (0) 1 : 0.960 0.040
38 38 (0) 1 : 0.948 0.052
39 39 (0) 1 : 0.961 0.039
40 40 (0) 1 : 0.962 0.038
41 41 (0) 1 : 0.972 0.028
42 42 (0) 1 : 0.978 0.022
43 43 (0) 1 : 0.979 0.021
44 44 (0) 1 : 0.983 0.017
45 45 (5) 1 : 0.951 0.049
46 46 (0) 1 : 0.985 0.015
47 47 (0) 1 : 0.983 0.017
48 48 (0) 1 : 0.974 0.026
49 49 (0) 1 : 0.965 0.035
50 50 (0) 1 : 0.974 0.026
51 51 (0) 1 : 0.945 0.055
52 52 (0) 1 : 0.869 0.131
53 53 (0) 1 : 0.975 0.025
54 54 (0) 1 : 0.982 0.018
55 55 (0) 1 : 0.978 0.022
56 56 (0) 1 : 0.976 0.024
57 57 (10) 1 : 0.963 0.037
58 58 (5) 1 : 0.968 0.032
59 59 (0) 1 : 0.965 0.035
60 60 (0) 1 : 0.979 0.021
61 61 (0) 1 : 0.974 0.026
62 62 (0) 1 : 0.975 0.025
63 63 (0) 1 : 0.974 0.026
64 64 (0) 1 : 0.980 0.020
65 65 (0) 1 : 0.891 0.109
66 66 (0) 1 : 0.975 0.025
67 67 (5) 1 : 0.927 0.073
68 68 (0) 1 : 0.972 0.028
69 69 (0) 1 : 0.980 0.020
70 70 (0) 1 : 0.972 0.028
71 71 (5) 1 : 0.961 0.039
72 72 (0) 1 : 0.940 0.060
73 73 (5) 1 : 0.979 0.021
74 74 (10) 1 : 0.954 0.046
75 75 (10) 1 : 0.935 0.065
76 76 (0) 1 : 0.961 0.039
77 77 (10) 1 : 0.959 0.041
78 78 (0) 1 : 0.953 0.047
79 79 (5) 1 : 0.975 0.025
80 80 (0) 1 : 0.977 0.023
81 81 (0) 1 : 0.974 0.026
82 82 (0) 1 : 0.975 0.025
83 83 (0) 1 : 0.976 0.024
84 84 (0) 1 : 0.943 0.057
85 85 (0) 1 : 0.978 0.022
86 86 (5) 1 : 0.976 0.024
87 87 (0) 1 : 0.977 0.023
88 88 (0) 1 : 0.945 0.055
89 89 (0) 1 : 0.891 0.109
90 90 (0) 1 : 0.972 0.028
91 91 (0) 1 : 0.966 0.034
92 92 (0) 1 : 0.971 0.029
93 93 (0) 1 : 0.979 0.021
94 94 (5) 1 : 0.930 0.070
95 95 (0) 1 : 0.967 0.033
96 96 (5) 1 : 0.973 0.027
97 97 (0) 1 : 0.981 0.019
98 98 (0) 1 : 0.963 0.037
99 99 (5) 1 : 0.963 0.037
100 100 (5) 1 : 0.979 0.021
101 101 (0) 2 : 0.935 0.065
102 102 (0) 2 : 0.910 0.090
103 103 (0) 2 : 0.874 0.126
104 104 (0) 2 : 0.932 0.068
105 105 (0) 2 : 0.756 0.244
106 106 (0) 2 : 0.843 0.157
107 107 (0) 2 : 0.897 0.103
108 108 (0) 2 : 0.868 0.132
109 109 (0) 2 : 0.916 0.084
110 110 (0) 2 : 0.966 0.034
111 111 (0) 2 : 0.910 0.090
112 112 (0) 2 : 0.952 0.048
113 113 (0) 2 : 0.927 0.073
114 114 (0) 2 : 0.882 0.118
115 115 (0) 2 : 0.907 0.093
116 116 (0) 2 : 0.836 0.164
117 117 (0) 2 : 0.832 0.168
118 118 (0) 2 : 0.912 0.088
119 119 (0) 2 : 0.753 0.247
120 120 (0) 2 : 0.852 0.148
121 121 (0) 2 : 0.908 0.092
122 122 (0) 2 : 0.976 0.024
123 123 (0) 2 : 0.860 0.140
124 124 (0) 2 : 0.936 0.064
125 125 (0) 2 : 0.936 0.064
126 126 (0) 2 : 0.927 0.073
127 127 (0) 2 : 0.979 0.021
128 128 (0) 2 : 0.810 0.190
129 129 (0) 2 : 0.956 0.044
130 130 (0) 2 : 0.891 0.109
131 131 (0) 2 : 0.933 0.067
132 132 (0) 2 : 0.810 0.190
133 133 (0) 2 : 0.887 0.113
134 134 (0) 2 : 0.808 0.192
135 135 (0) 2 : 0.826 0.174
136 136 (0) 2 : 0.961 0.039
137 137 (0) 2 : 0.942 0.058
138 138 (0) 2 : 0.939 0.061
139 139 (0) 2 : 0.860 0.140
140 140 (0) 2 : 0.754 0.246
141 141 (0) 2 : 0.920 0.080
142 142 (0) 2 : 0.892 0.108
143 143 (0) 2 : 0.889 0.111
144 144 (0) 2 : 0.863 0.137
145 145 (0) 2 : 0.947 0.053
146 146 (0) 2 : 0.885 0.115
147 147 (0) 2 : 0.820 0.180
148 148 (0) 2 : 0.887 0.113
149 149 (0) 2 : 0.852 0.148
150 150 (0) 2 : 0.847 0.153
151 151 (0) 2 : 0.865 0.135
152 152 (0) 2 : 0.839 0.161
153 153 (0) 2 : 0.921 0.079
154 154 (0) 2 : 0.978 0.022
155 155 (0) 2 : 0.949 0.051
156 156 (0) 2 : 0.689 0.311
157 157 (0) 2 : 0.940 0.060
158 158 (0) 2 : 0.955 0.045
159 159 (0) 2 : 0.922 0.078
160 160 (0) 2 : 0.974 0.026
161 161 (0) 2 : 0.974 0.026
162 162 (0) 2 : 0.967 0.033
163 163 (0) 2 : 0.941 0.059
164 164 (0) 2 : 0.891 0.109
165 165 (0) 2 : 0.921 0.079
166 166 (0) 2 : 0.934 0.066
167 167 (0) 2 : 0.918 0.082
168 168 (0) 2 : 0.922 0.078
169 169 (0) 2 : 0.970 0.030
170 170 (0) 2 : 0.633 0.367
171 171 (0) 2 : 0.927 0.073
172 172 (0) 2 : 0.924 0.076
173 173 (0) 2 : 0.794 0.206
174 174 (0) 2 : 0.925 0.075
175 175 (0) 2 : 0.712 0.288
176 176 (0) 2 : 0.954 0.046
177 177 (0) 2 : 0.880 0.120
178 178 (0) 2 : 0.842 0.158
179 179 (0) 2 : 0.902 0.098
180 180 (0) 2 : 0.818 0.182
181 181 (0) 2 : 0.952 0.048
182 182 (0) 2 : 0.943 0.057
183 183 (0) 2 : 0.951 0.049
184 184 (0) 2 : 0.968 0.032
185 185 (0) 2 : 0.966 0.034
186 186 (0) 2 : 0.937 0.063
187 187 (0) 2 : 0.960 0.040
188 188 (0) 2 : 0.876 0.124
189 189 (0) 2 : 0.940 0.060
190 190 (0) 2 : 0.741 0.259
191 191 (0) 2 : 0.977 0.023
192 192 (0) 2 : 0.941 0.059
193 193 (0) 2 : 0.958 0.042
194 194 (0) 2 : 0.942 0.058
195 195 (0) 2 : 0.939 0.061
196 196 (0) 2 : 0.865 0.135
197 197 (0) 2 : 0.973 0.027
198 198 (0) 2 : 0.902 0.098
199 199 (0) 2 : 0.971 0.029
200 200 (0) 2 : 0.863 0.137
201 201 (0) 3 : 0.757 0.243
202 202 (0) 3 : 0.824 0.176
203 203 (0) 3 : 0.716 0.284
204 204 (0) 3 : 0.680 0.320
205 205 (0) 3 : 0.746 0.254
206 206 (0) 3 : 0.752 0.248
207 207 (0) 3 : 0.699 0.301
208 208 (0) 3 : 0.978 0.022
209 209 (0) 3 : 0.782 0.218
210 210 (0) 3 : 0.712 0.288
211 211 (0) 3 : 0.869 0.131
212 212 (0) 3 : 0.870 0.130
213 213 (0) 3 : 0.748 0.252
214 214 (0) 3 : 0.887 0.113
215 215 (0) 3 : 0.879 0.121
216 216 (0) 3 : 0.768 0.232
217 217 (0) 3 : 0.845 0.155
218 218 (0) 3 : 0.687 0.313
219 219 (0) 3 : 0.834 0.166
220 220 (0) 3 : 0.459 0.541
221 221 (0) 3 : 0.764 0.236
222 222 (0) 3 : 0.833 0.167
223 223 (0) 3 : 0.814 0.186
224 224 (0) 3 : 0.735 0.265
225 225 (0) 3 : 0.927 0.073
226 226 (0) 3 : 0.822 0.178
227 227 (0) 3 : 0.729 0.271
228 228 (0) 3 : 0.938 0.062
229 229 (0) 3 : 0.725 0.275
230 230 (0) 3 : 0.739 0.261
231 231 (0) 3 : 0.737 0.263
232 232 (0) 3 : 0.629 0.371
233 233 (0) 3 : 0.876 0.124
234 234 (0) 3 : 0.928 0.072
235 235 (0) 3 : 0.650 0.350
236 236 (0) 3 : 0.835 0.165
237 237 (0) 3 : 0.792 0.208
238 238 (0) 3 : 0.891 0.109
239 239 (0) 3 : 0.813 0.187
240 240 (0) 3 : 0.834 0.166
241 241 (0) 3 : 0.849 0.151
242 242 (0) 3 : 0.955 0.045
243 243 (0) 3 : 0.744 0.256
244 244 (0) 3 : 0.798 0.202
245 245 (0) 3 : 0.711 0.289
246 246 (0) 3 : 0.809 0.191
247 247 (0) 3 : 0.796 0.204
248 248 (0) 3 : 0.661 0.339
249 249 (0) 3 : 0.731 0.269
250 250 (0) 3 : 0.730 0.270
251 251 (0) 3 : 0.873 0.127
252 252 (0) 3 : 0.724 0.276
253 253 (0) 3 : 0.525 0.475
254 254 (0) 3 : 0.689 0.311
255 255 (0) 3 : 0.900 0.100
256 256 (0) 3 : 0.898 0.102
257 257 (0) 3 : 0.906 0.094
258 258 (0) 3 : 0.880 0.120
259 259 (0) 3 : 0.838 0.162
260 260 (0) 3 : 0.523 0.477
261 261 (0) 3 : 0.687 0.313
262 262 (0) 3 : 0.945 0.055
263 263 (0) 3 : 0.918 0.082
264 264 (0) 3 : 0.879 0.121
265 265 (0) 3 : 0.855 0.145
266 266 (0) 3 : 0.880 0.120
267 267 (0) 3 : 0.804 0.196
268 268 (0) 3 : 0.757 0.243
269 269 (0) 3 : 0.764 0.236
270 270 (0) 3 : 0.946 0.054
271 271 (0) 3 : 0.772 0.228
272 272 (0) 3 : 0.560 0.440
273 273 (0) 3 : 0.689 0.311
274 274 (0) 3 : 0.763 0.237
275 275 (0) 3 : 0.760 0.240
276 276 (0) 3 : 0.945 0.055
277 277 (0) 3 : 0.738 0.262
278 278 (0) 3 : 0.822 0.178
279 279 (0) 3 : 0.768 0.232
280 280 (0) 3 : 0.883 0.117
281 281 (0) 3 : 0.889 0.111
282 282 (0) 3 : 0.574 0.426
283 283 (0) 3 : 0.874 0.126
284 284 (0) 3 : 0.947 0.053
285 285 (0) 3 : 0.918 0.082
286 286 (0) 3 : 0.808 0.192
287 287 (0) 3 : 0.750 0.250
288 288 (0) 3 : 0.841 0.159
289 289 (0) 3 : 0.588 0.412
290 290 (0) 3 : 0.871 0.129
291 291 (0) 3 : 0.688 0.312
292 292 (0) 3 : 0.688 0.312
293 293 (0) 3 : 0.851 0.149
294 294 (0) 3 : 0.822 0.178
295 295 (0) 3 : 0.821 0.179
296 296 (0) 3 : 0.813 0.187
297 297 (0) 3 : 0.876 0.124
298 298 (0) 3 : 0.767 0.233
299 299 (0) 3 : 0.597 0.403
300 300 (0) 3 : 0.848 0.152
301 301 (0) 4 : 0.713 0.287
302 302 (0) 4 : 0.502 0.498
303 303 (0) 4 : 0.507 0.493
304 304 (0) 4 : 0.659 0.341
305 305 (0) 4 : 0.648 0.352
306 306 (0) 4 : 0.467 0.533
307 307 (0) 4 : 0.466 0.534
308 308 (0) 4 : 0.578 0.422
309 309 (0) 4 : 0.499 0.501
310 310 (0) 4 : 0.413 0.587
311 311 (0) 4 : 0.315 0.685
312 312 (0) 4 : 0.684 0.316
313 313 (0) 4 : 0.642 0.358
314 314 (0) 4 : 0.422 0.578
315 315 (0) 4 : 0.540 0.460
316 316 (0) 4 : 0.458 0.542
317 317 (0) 4 : 0.478 0.522
318 318 (0) 4 : 0.497 0.503
319 319 (0) 4 : 0.431 0.569
320 320 (0) 4 : 0.541 0.459
321 321 (0) 4 : 0.549 0.451
322 322 (0) 4 : 0.500 0.500
323 323 (0) 4 : 0.449 0.551
324 324 (0) 4 : 0.621 0.379
325 325 (0) 4 : 0.590 0.410
326 326 (0) 4 : 0.570 0.430
327 327 (0) 4 : 0.446 0.554
328 328 (0) 4 : 0.477 0.523
329 329 (0) 4 : 0.527 0.473
330 330 (0) 4 : 0.554 0.446
331 331 (0) 4 : 0.538 0.462
332 332 (0) 4 : 0.411 0.589
333 333 (0) 4 : 0.456 0.544
334 334 (0) 4 : 0.461 0.539
335 335 (0) 4 : 0.421 0.579
336 336 (0) 4 : 0.506 0.494
337 337 (0) 4 : 0.475 0.525
338 338 (0) 4 : 0.521 0.479
339 339 (0) 4 : 0.607 0.393
340 340 (0) 4 : 0.428 0.572
341 341 (0) 4 : 0.488 0.512
342 342 (0) 4 : 0.493 0.507
343 343 (0) 4 : 0.528 0.472
344 344 (0) 4 : 0.519 0.481
345 345 (0) 4 : 0.561 0.439
346 346 (0) 4 : 0.382 0.618
347 347 (0) 4 : 0.540 0.460
348 348 (0) 4 : 0.485 0.515
349 349 (0) 4 : 0.644 0.356
350 350 (0) 4 : 0.593 0.407
351 351 (0) 4 : 0.562 0.438
352 352 (0) 4 : 0.530 0.470
353 353 (0) 4 : 0.472 0.528
354 354 (0) 4 : 0.767 0.233
355 355 (0) 4 : 0.623 0.377
356 356 (0) 4 : 0.454 0.546
357 357 (0) 4 : 0.377 0.623
358 358 (0) 4 : 0.637 0.363
359 359 (0) 4 : 0.426 0.574
360 360 (0) 4 : 0.627 0.373
361 361 (0) 4 : 0.356 0.644
362 362 (0) 4 : 0.583 0.417
363 363 (0) 4 : 0.516 0.484
364 364 (0) 4 : 0.528 0.472
365 365 (0) 4 : 0.433 0.567
366 366 (0) 4 : 0.619 0.381
367 367 (0) 4 : 0.331 0.669
368 368 (0) 4 : 0.404 0.596
369 369 (0) 4 : 0.584 0.416
370 370 (0) 4 : 0.514 0.486
371 371 (0) 4 : 0.446 0.554
372 372 (0) 4 : 0.621 0.379
373 373 (0) 4 : 0.431 0.569
374 374 (0) 4 : 0.483 0.517
375 375 (0) 4 : 0.495 0.505
376 376 (0) 4 : 0.467 0.533
377 377 (0) 4 : 0.464 0.536
378 378 (0) 4 : 0.460 0.540
379 379 (0) 4 : 0.607 0.393
380 380 (0) 4 : 0.678 0.322
381 381 (0) 4 : 0.492 0.508
382 382 (0) 4 : 0.504 0.496
383 383 (0) 4 : 0.556 0.444
384 384 (0) 4 : 0.408 0.592
385 385 (0) 4 : 0.512 0.488
386 386 (0) 4 : 0.460 0.540
387 387 (0) 4 : 0.580 0.420
388 388 (0) 4 : 0.482 0.518
389 389 (0) 4 : 0.515 0.485
390 390 (0) 4 : 0.566 0.434
391 391 (0) 4 : 0.482 0.518
392 392 (0) 4 : 0.550 0.450
393 393 (0) 4 : 0.559 0.441
394 394 (0) 4 : 0.628 0.372
395 395 (0) 4 : 0.591 0.409
396 396 (0) 4 : 0.491 0.509
397 397 (0) 4 : 0.484 0.516
398 398 (0) 4 : 0.463 0.537
399 399 (0) 4 : 0.496 0.504
400 400 (0) 4 : 0.508 0.492
401 401 (0) 5 : 0.375 0.625
402 402 (0) 5 : 0.399 0.601
403 403 (0) 5 : 0.367 0.633
404 404 (0) 5 : 0.222 0.778
405 405 (0) 5 : 0.371 0.629
406 406 (0) 5 : 0.163 0.837
407 407 (0) 5 : 0.338 0.662
408 408 (0) 5 : 0.232 0.768
409 409 (0) 5 : 0.305 0.695
410 410 (0) 5 : 0.252 0.748
411 411 (0) 5 : 0.188 0.812
412 412 (0) 5 : 0.273 0.727
413 413 (0) 5 : 0.140 0.860
414 414 (0) 5 : 0.223 0.777
415 415 (0) 5 : 0.246 0.754
416 416 (0) 5 : 0.335 0.665
417 417 (0) 5 : 0.096 0.904
418 418 (0) 5 : 0.276 0.724
419 419 (0) 5 : 0.199 0.801
420 420 (0) 5 : 0.213 0.787
421 421 (0) 5 : 0.256 0.744
422 422 (0) 5 : 0.300 0.700
423 423 (0) 5 : 0.315 0.685
424 424 (0) 5 : 0.324 0.676
425 425 (0) 5 : 0.313 0.687
426 426 (0) 5 : 0.361 0.639
427 427 (0) 5 : 0.076 0.924
428 428 (0) 5 : 0.299 0.701
429 429 (0) 5 : 0.226 0.774
430 430 (0) 5 : 0.161 0.839
431 431 (0) 5 : 0.225 0.775
432 432 (0) 5 : 0.222 0.778
433 433 (0) 5 : 0.221 0.779
434 434 (0) 5 : 0.240 0.760
435 435 (0) 5 : 0.124 0.876
436 436 (0) 5 : 0.196 0.804
437 437 (0) 5 : 0.359 0.641
438 438 (0) 5 : 0.054 0.946
439 439 (0) 5 : 0.356 0.644
440 440 (0) 5 : 0.335 0.665
441 441 (0) 5 : 0.256 0.744
442 442 (0) 5 : 0.279 0.721
443 443 (0) 5 : 0.320 0.680
444 444 (0) 5 : 0.275 0.725
445 445 (0) 5 : 0.326 0.674
446 446 (0) 5 : 0.155 0.845
447 447 (0) 5 : 0.398 0.602
448 448 (0) 5 : 0.227 0.773
449 449 (0) 5 : 0.357 0.643
450 450 (0) 5 : 0.097 0.903
451 451 (0) 5 : 0.375 0.625
452 452 (0) 5 : 0.189 0.811
453 453 (0) 5 : 0.152 0.848
454 454 (0) 5 : 0.035 0.965
455 455 (0) 5 : 0.331 0.669
456 456 (0) 5 : 0.271 0.729
457 457 (0) 5 : 0.256 0.744
458 458 (0) 5 : 0.322 0.678
459 459 (0) 5 : 0.282 0.718
460 460 (0) 5 : 0.199 0.801
461 461 (0) 5 : 0.396 0.604
462 462 (0) 5 : 0.391 0.609
463 463 (0) 5 : 0.335 0.665
464 464 (0) 5 : 0.180 0.820
465 465 (0) 5 : 0.304 0.696
466 466 (0) 5 : 0.111 0.889
467 467 (0) 5 : 0.293 0.707
468 468 (0) 5 : 0.269 0.731
469 469 (0) 5 : 0.257 0.743
470 470 (0) 5 : 0.331 0.669
471 471 (0) 5 : 0.215 0.785
472 472 (0) 5 : 0.219 0.781
473 473 (0) 5 : 0.125 0.875
474 474 (0) 5 : 0.285 0.715
475 475 (0) 5 : 0.151 0.849
476 476 (0) 5 : 0.324 0.676
477 477 (0) 5 : 0.178 0.822
478 478 (0) 5 : 0.068 0.932
479 479 (0) 5 : 0.177 0.823
480 480 (0) 5 : 0.300 0.700
481 481 (0) 5 : 0.280 0.720
482 482 (0) 5 : 0.356 0.644
483 483 (0) 5 : 0.234 0.766
484 484 (0) 5 : 0.255 0.745
485 485 (0) 5 : 0.230 0.770
486 486 (0) 5 : 0.267 0.733
487 487 (0) 5 : 0.328 0.672
488 488 (0) 5 : 0.179 0.821
489 489 (0) 5 : 0.134 0.866
490 490 (0) 5 : 0.350 0.650
491 491 (0) 5 : 0.128 0.872
492 492 (0) 5 : 0.119 0.881
493 493 (0) 5 : 0.217 0.783
494 494 (0) 5 : 0.339 0.661
495 495 (0) 5 : 0.237 0.763
496 496 (0) 5 : 0.164 0.836
497 497 (0) 5 : 0.200 0.800
498 498 (0) 5 : 0.434 0.566
499 499 (0) 5 : 0.339 0.661
500 500 (0) 5 : 0.275 0.725
501 501 (0) 6 : 0.092 0.908
502 502 (0) 6 : 0.166 0.834
503 503 (0) 6 : 0.052 0.948
504 504 (0) 6 : 0.316 0.684
505 505 (0) 6 : 0.041 0.959
506 506 (0) 6 : 0.056 0.944
507 507 (0) 6 : 0.080 0.920
508 508 (0) 6 : 0.166 0.834
509 509 (0) 6 : 0.197 0.803
510 510 (0) 6 : 0.024 0.976
511 511 (0) 6 : 0.081 0.919
512 512 (0) 6 : 0.185 0.815
513 513 (0) 6 : 0.156 0.844
514 514 (0) 6 : 0.064 0.936
515 515 (0) 6 : 0.107 0.893
516 516 (0) 6 : 0.017 0.983
517 517 (0) 6 : 0.094 0.906
518 518 (0) 6 : 0.074 0.926
519 519 (0) 6 : 0.220 0.780
520 520 (0) 6 : 0.056 0.944
521 521 (0) 6 : 0.141 0.859
522 522 (0) 6 : 0.284 0.716
523 523 (0) 6 : 0.149 0.851
524 524 (0) 6 : 0.270 0.730
525 525 (0) 6 : 0.106 0.894
526 526 (0) 6 : 0.094 0.906
527 527 (0) 6 : 0.087 0.913
528 528 (0) 6 : 0.299 0.701
529 529 (0) 6 : 0.260 0.740
530 530 (0) 6 : 0.073 0.927
531 531 (0) 6 : 0.046 0.954
532 532 (0) 6 : 0.084 0.916
533 533 (0) 6 : 0.203 0.797
534 534 (0) 6 : 0.184 0.816
535 535 (0) 6 : 0.071 0.929
536 536 (0) 6 : 0.074 0.926
537 537 (0) 6 : 0.040 0.960
538 538 (0) 6 : 0.178 0.822
539 539 (0) 6 : 0.180 0.820
540 540 (0) 6 : 0.191 0.809
541 541 (0) 6 : 0.118 0.882
542 542 (0) 6 : 0.121 0.879
543 543 (0) 6 : 0.076 0.924
544 544 (0) 6 : 0.160 0.840
545 545 (0) 6 : 0.083 0.917
546 546 (0) 6 : 0.174 0.826
547 547 (0) 6 : 0.197 0.803
548 548 (0) 6 : 0.233 0.767
549 549 (0) 6 : 0.060 0.940
550 550 (0) 6 : 0.152 0.848
551 551 (0) 6 : 0.099 0.901
552 552 (0) 6 : 0.150 0.850
553 553 (0) 6 : 0.093 0.907
554 554 (0) 6 : 0.307 0.693
555 555 (0) 6 : 0.177 0.823
556 556 (0) 6 : 0.028 0.972
557 557 (0) 6 : 0.035 0.965
558 558 (0) 6 : 0.018 0.982
559 559 (0) 6 : 0.027 0.973
560 560 (0) 6 : 0.186 0.814
561 561 (0) 6 : 0.141 0.859
562 562 (0) 6 : 0.098 0.902
563 563 (0) 6 : 0.045 0.955
564 564 (0) 6 : 0.080 0.920
565 565 (0) 6 : 0.028 0.972
566 566 (0) 6 : 0.144 0.856
567 567 (0) 6 : 0.078 0.922
568 568 (0) 6 : 0.115 0.885
569 569 (0) 6 : 0.059 0.941
570 570 (0) 6 : 0.023 0.977
571 571 (0) 6 : 0.102 0.898
572 572 (0) 6 : 0.066 0.934
573 573 (0) 6 : 0.079 0.921
574 574 (0) 6 : 0.021 0.979
575 575 (0) 6 : 0.026 0.974
576 576 (0) 6 : 0.209 0.791
577 577 (0) 6 : 0.252 0.748
578 578 (0) 6 : 0.114 0.886
579 579 (0) 6 : 0.102 0.898
580 580 (0) 6 : 0.165 0.835
581 581 (0) 6 : 0.181 0.819
582 582 (0) 6 : 0.043 0.957
583 583 (0) 6 : 0.059 0.941
584 584 (0) 6 : 0.064 0.936
585 585 (0) 6 : 0.249 0.751
586 586 (0) 6 : 0.143 0.857
587 587 (0) 6 : 0.041 0.959
588 588 (0) 6 : 0.151 0.849
589 589 (0) 6 : 0.062 0.938
590 590 (0) 6 : 0.065 0.935
591 591 (0) 6 : 0.019 0.981
592 592 (0) 6 : 0.060 0.940
593 593 (0) 6 : 0.239 0.761
594 594 (0) 6 : 0.028 0.972
595 595 (0) 6 : 0.155 0.845
596 596 (0) 6 : 0.135 0.865
597 597 (0) 6 : 0.072 0.928
598 598 (0) 6 : 0.111 0.889
599 599 (0) 6 : 0.130 0.870
600 600 (0) 6 : 0.103 0.897
601 601 (5) 7 : 0.032 0.968
602 602 (0) 7 : 0.037 0.963
603 603 (0) 7 : 0.019 0.981
604 604 (0) 7 : 0.071 0.929
605 605 (0) 7 : 0.022 0.978
606 606 (0) 7 : 0.025 0.975
607 607 (0) 7 : 0.016 0.984
608 608 (0) 7 : 0.027 0.973
609 609 (0) 7 : 0.032 0.968
610 610 (0) 7 : 0.030 0.970
611 611 (0) 7 : 0.015 0.985
612 612 (0) 7 : 0.019 0.981
613 613 (0) 7 : 0.031 0.969
614 614 (5) 7 : 0.015 0.985
615 615 (0) 7 : 0.020 0.980
616 616 (0) 7 : 0.018 0.982
617 617 (0) 7 : 0.022 0.978
618 618 (0) 7 : 0.034 0.966
619 619 (0) 7 : 0.029 0.971
620 620 (0) 7 : 0.019 0.981
621 621 (0) 7 : 0.016 0.984
622 622 (0) 7 : 0.028 0.972
623 623 (0) 7 : 0.018 0.982
624 624 (0) 7 : 0.014 0.986
625 625 (0) 7 : 0.015 0.985
626 626 (0) 7 : 0.018 0.982
627 627 (0) 7 : 0.018 0.982
628 628 (0) 7 : 0.019 0.981
629 629 (0) 8 : 0.037 0.963
630 630 (0) 8 : 0.019 0.981
631 631 (0) 8 : 0.022 0.978
632 632 (0) 8 : 0.020 0.980
633 633 (0) 8 : 0.015 0.985
634 634 (0) 8 : 0.018 0.982
635 635 (0) 8 : 0.021 0.979
636 636 (0) 8 : 0.021 0.979
637 637 (0) 8 : 0.024 0.976
638 638 (0) 8 : 0.016 0.984
639 639 (0) 8 : 0.017 0.983
640 640 (0) 8 : 0.024 0.976
641 641 (0) 8 : 0.017 0.983
642 642 (0) 8 : 0.017 0.983
643 643 (0) 8 : 0.017 0.983
644 644 (0) 8 : 0.020 0.980
645 645 (0) 8 : 0.023 0.977
646 646 (0) 8 : 0.024 0.976
647 647 (0) 8 : 0.016 0.984
648 648 (0) 8 : 0.029 0.971
649 649 (0) 8 : 0.016 0.984
650 650 (0) 8 : 0.018 0.982
651 651 (0) 8 : 0.024 0.976
652 652 (0) 8 : 0.031 0.969
653 653 (0) 8 : 0.027 0.973
654 654 (0) 8 : 0.060 0.940
655 655 (0) 8 : 0.016 0.984
656 656 (0) 8 : 0.018 0.982
657 657 (0) 8 : 0.040 0.960
658 658 (0) 8 : 0.020 0.980
659 659 (0) 8 : 0.021 0.979
660 660 (0) 8 : 0.018 0.982
661 661 (0) 8 : 0.029 0.971
662 662 (0) 8 : 0.024 0.976
663 663 (0) 8 : 0.025 0.975
664 664 (0) 8 : 0.014 0.986
665 665 (0) 8 : 0.017 0.983
666 666 (0) 8 : 0.023 0.977
667 667 (0) 8 : 0.039 0.961
668 668 (0) 8 : 0.023 0.977
669 669 (0) 8 : 0.015 0.985
670 670 (0) 8 : 0.024 0.976
671 671 (0) 8 : 0.020 0.980
672 672 (0) 8 : 0.020 0.980
673 673 (0) 8 : 0.028 0.972
674 674 (0) 8 : 0.022 0.978
675 675 (0) 8 : 0.026 0.974
676 676 (0) 8 : 0.019 0.981
677 677 (0) 8 : 0.015 0.985
678 678 (0) 8 : 0.016 0.984
679 679 (0) 8 : 0.019 0.981
680 680 (0) 8 : 0.026 0.974
681 681 (0) 8 : 0.024 0.976
682 682 (0) 8 : 0.039 0.961
683 683 (0) 8 : 0.017 0.983
684 684 (0) 8 : 0.019 0.981
685 685 (0) 8 : 0.017 0.983
686 686 (0) 8 : 0.025 0.975
687 687 (0) 8 : 0.021 0.979
688 688 (0) 8 : 0.024 0.976
689 689 (0) 8 : 0.020 0.980
690 690 (0) 8 : 0.022 0.978
691 691 (0) 8 : 0.031 0.969
692 692 (0) 8 : 0.025 0.975
693 693 (0) 8 : 0.015 0.985
694 694 (0) 8 : 0.025 0.975
695 695 (0) 8 : 0.016 0.984
696 696 (0) 8 : 0.025 0.975
697 697 (0) 8 : 0.016 0.984
698 698 (0) 8 : 0.016 0.984
699 699 (0) 8 : 0.045 0.955
700 700 (0) 8 : 0.027 0.973
1 1 (5) 1 : 0.974 0.026
2 2 (5) 1 : 0.946 0.054
3 3 (5) 1 : 0.977 0.023
4 4 (0) 1 : 0.969 0.031
5 5 (0) 1 : 0.935 0.065
6 6 (0) 1 : 0.976 0.024
7 7 (0) 1 : 0.947 0.053
8 8 (5) 1 : 0.974 0.026
9 9 (0) 1 : 0.975 0.025
10 10 (0) 1 : 0.938 0.062
11 11 (0) 1 : 0.970 0.030
12 12 (0) 1 : 0.951 0.049
13 13 (0) 1 : 0.959 0.041
14 14 (0) 1 : 0.971 0.029
15 15 (0) 1 : 0.978 0.022
16 16 (0) 1 : 0.977 0.023
17 17 (0) 1 : 0.980 0.020
18 18 (0) 1 : 0.959 0.041
19 19 (0) 1 : 0.929 0.071
20 20 (0) 1 : 0.938 0.062
21 21 (0) 1 : 0.970 0.030
22 22 (0) 1 : 0.983 0.017
23 23 (0) 1 : 0.978 0.022
24 24 (0) 1 : 0.945 0.055
25 25 (0) 1 : 0.945 0.055
26 26 (0) 1 : 0.952 0.048
27 27 (5) 1 : 0.962 0.038
28 28 (0) 1 : 0.983 0.017
29 29 (0) 1 : 0.975 0.025
30 30 (0) 1 : 0.954 0.046
31 31 (0) 1 : 0.979 0.021
32 32 (0) 1 : 0.962 0.038
33 33 (0) 1 : 0.980 0.020
34 34 (0) 1 : 0.980 0.020
35 35 (0) 1 : 0.954 0.046
36 36 (0) 1 : 0.974 0.026
37 37 (0) 1 : 0.960 0.040
38 38 (0) 1 : 0.949 0.051
39 39 (0) 1 : 0.960 0.040
40 40 (0) 1 : 0.963 0.037
41 41 (0) 1 : 0.972 0.028
42 42 (0) 1 : 0.978 0.022
43 43 (0) 1 : 0.979 0.021
44 44 (0) 1 : 0.983 0.017
45 45 (5) 1 : 0.951 0.049
46 46 (0) 1 : 0.985 0.015
47 47 (0) 1 : 0.983 0.017
48 48 (0) 1 : 0.974 0.026
49 49 (0) 1 : 0.965 0.035
50 50 (0) 1 : 0.974 0.026
51 51 (0) 1 : 0.945 0.055
52 52 (0) 1 : 0.869 0.131
53 53 (0) 1 : 0.975 0.025
54 54 (0) 1 : 0.982 0.018
55 55 (0) 1 : 0.978 0.022
56 56 (0) 1 : 0.976 0.024
57 57 (10) 1 : 0.963 0.037
58 58 (5) 1 : 0.968 0.032
59 59 (0) 1 : 0.965 0.035
60 60 (0) 1 : 0.979 0.021
61 61 (0) 1 : 0.974 0.026
62 62 (0) 1 : 0.975 0.025
63 63 (0) 1 : 0.974 0.026
64 64 (0) 1 : 0.980 0.020
65 65 (0) 1 : 0.891 0.109
66 66 (0) 1 : 0.975 0.025
67 67 (5) 1 : 0.926 0.074
68 68 (0) 1 : 0.972 0.028
69 69 (0) 1 : 0.980 0.020
70 70 (0) 1 : 0.972 0.028
71 71 (5) 1 : 0.961 0.039
72 72 (0) 1 : 0.940 0.060
73 73 (5) 1 : 0.979 0.021
74 74 (10) 1 : 0.954 0.046
75 75 (10) 1 : 0.935 0.065
76 76 (0) 1 : 0.961 0.039
77 77 (10) 1 : 0.959 0.041
78 78 (0) 1 : 0.953 0.047
79 79 (5) 1 : 0.975 0.025
80 80 (0) 1 : 0.977 0.023
81 81 (0) 1 : 0.974 0.026
82 82 (0) 1 : 0.975 0.025
83 83 (0) 1 : 0.976 0.024
84 84 (0) 1 : 0.942 0.058
85 85 (0) 1 : 0.978 0.022
86 86 (5) 1 : 0.976 0.024
87 87 (0) 1 : 0.977 0.023
88 88 (0) 1 : 0.945 0.055
89 89 (0) 1 : 0.892 0.108
90 90 (0) 1 : 0.972 0.028
91 91 (0) 1 : 0.966 0.034
92 92 (0) 1 : 0.970 0.030
93 93 (0) 1 : 0.979 0.021
94 94 (5) 1 : 0.930 0.070
95 95 (0) 1 : 0.967 0.033
96 96 (5) 1 : 0.973 0.027
97 97 (0) 1 : 0.981 0.019
98 98 (0) 1 : 0.963 0.037
99 99 (5) 1 : 0.963 0.037
100 100 (5) 1 : 0.979 0.021
101 101 (0) 2 : 0.935 0.065
102 102 (0) 2 : 0.910 0.090
103 103 (0) 2 : 0.874 0.126
104 104 (0) 2 : 0.932 0.068
105 105 (0) 2 : 0.756 0.244
106 106 (0) 2 : 0.843 0.157
107 107 (0) 2 : 0.897 0.103
108 108 (0) 2 : 0.868 0.132
109 109 (0) 2 : 0.916 0.084
110 110 (0) 2 : 0.966 0.034
111 111 (0) 2 : 0.910 0.090
112 112 (0) 2 : 0.952 0.048
113 113 (0) 2 : 0.927 0.073
114 114 (0) 2 : 0.882 0.118
115 115 (0) 2 : 0.907 0.093
116 116 (0) 2 : 0.836 0.164
117 117 (0) 2 : 0.831 0.169
118 118 (0) 2 : 0.912 0.088
119 119 (0) 2 : 0.752 0.248
120 120 (0) 2 : 0.851 0.149
121 121 (0) 2 : 0.908 0.092
122 122 (0) 2 : 0.976 0.024
123 123 (0) 2 : 0.859 0.141
124 124 (0) 2 : 0.936 0.064
125 125 (0) 2 : 0.935 0.065
126 126 (0) 2 : 0.927 0.073
127 127 (0) 2 : 0.979 0.021
128 128 (0) 2 : 0.810 0.190
129 129 (0) 2 : 0.956 0.044
130 130 (0) 2 : 0.891 0.109
131 131 (0) 2 : 0.933 0.067
132 132 (0) 2 : 0.810 0.190
133 133 (0) 2 : 0.887 0.113
134 134 (0) 2 : 0.808 0.192
135 135 (0) 2 : 0.826 0.174
136 136 (0) 2 : 0.961 0.039
137 137 (0) 2 : 0.942 0.058
138 138 (0) 2 : 0.939 0.061
139 139 (0) 2 : 0.859 0.141
140 140 (0) 2 : 0.754 0.246
141 141 (0) 2 : 0.919 0.081
142 142 (0) 2 : 0.891 0.109
143 143 (0) 2 : 0.888 0.112
144 144 (0) 2 : 0.863 0.137
145 145 (0) 2 : 0.947 0.053
146 146 (0) 2 : 0.884 0.116
147 147 (0) 2 : 0.820 0.180
148 148 (0) 2 : 0.886 0.114
149 149 (0) 2 : 0.851 0.149
150 150 (0) 2 : 0.847 0.153
151 151 (0) 2 : 0.865 0.135
152 152 (0) 2 : 0.839 0.161
153 153 (0) 2 : 0.921 0.079
154 154 (0) 2 : 0.978 0.022
155 155 (0) 2 : 0.949 0.051
156 156 (0) 2 : 0.689 0.311
157 157 (0) 2 : 0.939 0.061
158 158 (0) 2 : 0.955 0.045
159 159 (0) 2 : 0.922 0.078
160 160 (0) 2 : 0.974 0.026
161 161 (0) 2 : 0.974 0.026
162 162 (0) 2 : 0.967 0.033
163 163 (0) 2 : 0.941 0.059
164 164 (0) 2 : 0.891 0.109
165 165 (0) 2 : 0.921 0.079
166 166 (0) 2 : 0.934 0.066
167 167 (0) 2 : 0.918 0.082
168 168 (0) 2 : 0.921 0.079
169 169 (0) 2 : 0.970 0.030
170 170 (0) 2 : 0.633 0.367
171 171 (0) 2 : 0.927 0.073
172 172 (0) 2 : 0.923 0.077
173 173 (0) 2 : 0.794 0.206
174 174 (0) 2 : 0.925 0.075
175 175 (0) 2 : 0.712 0.288
176 176 (0) 2 : 0.954 0.046
177 177 (0) 2 : 0.880 0.120
178 178 (0) 2 : 0.842 0.158
179 179 (0) 2 : 0.902 0.098
180 180 (0) 2 : 0.818 0.182
181 181 (0) 2 : 0.952 0.048
182 182 (0) 2 : 0.942 0.058
183 183 (0) 2 : 0.951 0.049
184 184 (0) 2 : 0.968 0.032
185 185 (0) 2 : 0.966 0.034
186 186 (0) 2 : 0.937 0.063
187 187 (0) 2 : 0.960 0.040
188 188 (0) 2 : 0.875 0.125
189 189 (0) 2 : 0.940 0.060
190 190 (0) 2 : 0.740 0.260
191 191 (0) 2 : 0.976 0.024
192 192 (0) 2 : 0.941 0.059
193 193 (0) 2 : 0.957 0.043
194 194 (0) 2 : 0.942 0.058
195 195 (0) 2 : 0.939 0.061
196 196 (0) 2 : 0.864 0.136
197 197 (0) 2 : 0.973 0.027
198 198 (0) 2 : 0.902 0.098
199 199 (0) 2 : 0.971 0.029
200 200 (0) 2 : 0.863 0.137
201 201 (0) 3 : 0.757 0.243
202 202 (0) 3 : 0.824 0.176
203 203 (0) 3 : 0.716 0.284
204 204 (0) 3 : 0.681 0.319
205 205 (0) 3 : 0.746 0.254
206 206 (0) 3 : 0.752 0.248
207 207 (0) 3 : 0.698 0.302
208 208 (0) 3 : 0.977 0.023
209 209 (0) 3 : 0.782 0.218
210 210 (0) 3 : 0.712 0.288
211 211 (0) 3 : 0.869 0.131
212 212 (0) 3 : 0.871 0.129
213 213 (0) 3 : 0.748 0.252
214 214 (0) 3 : 0.887 0.113
215 215 (0) 3 : 0.879 0.121
216 216 (0) 3 : 0.768 0.232
217 217 (0) 3 : 0.845 0.155
218 218 (0) 3 : 0.687 0.313
219 219 (0) 3 : 0.834 0.166
220 220 (0) 3 : 0.460 0.540
221 221 (0) 3 : 0.763 0.237
222 222 (0) 3 : 0.832 0.168
223 223 (0) 3 : 0.813 0.187
224 224 (0) 3 : 0.734 0.266
225 225 (0) 3 : 0.927 0.073
226 226 (0) 3 : 0.822 0.178
227 227 (0) 3 : 0.729 0.271
228 228 (0) 3 : 0.938 0.062
229 229 (0) 3 : 0.725 0.275
230 230 (0) 3 : 0.739 0.261
231 231 (0) 3 : 0.737 0.263
232 232 (0) 3 : 0.629 0.371
233 233 (0) 3 : 0.876 0.124
234 234 (0) 3 : 0.928 0.072
235 235 (0) 3 : 0.650 0.350
236 236 (0) 3 : 0.835 0.165
237 237 (0) 3 : 0.792 0.208
238 238 (0) 3 : 0.890 0.110
239 239 (0) 3 : 0.813 0.187
240 240 (0) 3 : 0.833 0.167
241 241 (0) 3 : 0.848 0.152
242 242 (0) 3 : 0.954 0.046
243 243 (0) 3 : 0.743 0.257
244 244 (0) 3 : 0.798 0.202
245 245 (0) 3 : 0.711 0.289
246 246 (0) 3 : 0.809 0.191
247 247 (0) 3 : 0.795 0.205
248 248 (0) 3 : 0.661 0.339
249 249 (0) 3 : 0.730 0.270
250 250 (0) 3 : 0.730 0.270
251 251 (0) 3 : 0.873 0.127
252 252 (0) 3 : 0.723 0.277
253 253 (0) 3 : 0.525 0.475
254 254 (0) 3 : 0.689 0.311
255 255 (0) 3 : 0.900 0.100
256 256 (0) 3 : 0.898 0.102
257 257 (0) 3 : 0.906 0.094
258 258 (0) 3 : 0.879 0.121
259 259 (0) 3 : 0.837 0.163
260 260 (0) 3 : 0.523 0.477
261 261 (0) 3 : 0.687 0.313
262 262 (0) 3 : 0.945 0.055
263 263 (0) 3 : 0.918 0.082
264 264 (0) 3 : 0.879 0.121
265 265 (0) 3 : 0.855 0.145
266 266 (0) 3 : 0.880 0.120
267 267 (0) 3 : 0.804 0.196
268 268 (0) 3 : 0.757 0.243
269 269 (0) 3 : 0.764 0.236
270 270 (0) 3 : 0.946 0.054
271 271 (0) 3 : 0.772 0.228
272 272 (0) 3 : 0.560 0.440
273 273 (0) 3 : 0.688 0.312
274 274 (0) 3 : 0.763 0.237
275 275 (0) 3 : 0.760 0.240
276 276 (0) 3 : 0.945 0.055
277 277 (0) 3 : 0.738 0.262
278 278 (0) 3 : 0.821 0.179
279 279 (0) 3 : 0.768 0.232
280 280 (0) 3 : 0.883 0.117
281 281 (0) 3 : 0.889 0.111
282 282 (0) 3 : 0.574 0.426
283 283 (0) 3 : 0.874 0.126
284 284 (0) 3 : 0.947 0.053
285 285 (0) 3 : 0.918 0.082
286 286 (0) 3 : 0.808 0.192
287 287 (0) 3 : 0.750 0.250
288 288 (0) 3 : 0.841 0.159
289 289 (0) 3 : 0.587 0.413
290 290 (0) 3 : 0.870 0.130
291 291 (0) 3 : 0.688 0.312
292 292 (0) 3 : 0.688 0.312
293 293 (0) 3 : 0.850 0.150
294 294 (0) 3 : 0.822 0.178
295 295 (0) 3 : 0.821 0.179
296 296 (0) 3 : 0.813 0.187
297 297 (0) 3 : 0.876 0.124
298 298 (0) 3 : 0.767 0.233
299 299 (0) 3 : 0.597 0.403
300 300 (0) 3 : 0.848 0.152
301 301 (0) 4 : 0.713 0.287
302 302 (0) 4 : 0.502 0.498
303 303 (0) 4 : 0.507 0.493
304 304 (0) 4 : 0.659 0.341
305 305 (0) 4 : 0.647 0.353
306 306 (0) 4 : 0.467 0.533
307 307 (0) 4 : 0.466 0.534
308 308 (0) 4 : 0.578 0.422
309 309 (0) 4 : 0.499 0.501
310 310 (0) 4 : 0.413 0.587
311 311 (0) 4 : 0.315 0.685
312 312 (0) 4 : 0.683 0.317
313 313 (0) 4 : 0.642 0.358
314 314 (0) 4 : 0.422 0.578
315 315 (0) 4 : 0.540 0.460
316 316 (0) 4 : 0.458 0.542
317 317 (0) 4 : 0.478 0.522
318 318 (0) 4 : 0.497 0.503
319 319 (0) 4 : 0.431 0.569
320 320 (0) 4 : 0.541 0.459
321 321 (0) 4 : 0.549 0.451
322 322 (0) 4 : 0.499 0.501
323 323 (0) 4 : 0.449 0.551
324 324 (0) 4 : 0.621 0.379
325 325 (0) 4 : 0.590 0.410
326 326 (0) 4 : 0.570 0.430
327 327 (0) 4 : 0.446 0.554
328 328 (0) 4 : 0.477 0.523
329 329 (0) 4 : 0.528 0.472
330 330 (0) 4 : 0.554 0.446
331 331 (0) 4 : 0.538 0.462
332 332 (0) 4 : 0.411 0.589
333 333 (0) 4 : 0.456 0.544
334 334 (0) 4 : 0.461 0.539
335 335 (0) 4 : 0.421 0.579
336 336 (0) 4 : 0.506 0.494
337 337 (0) 4 : 0.475 0.525
338 338 (0) 4 : 0.521 0.479
339 339 (0) 4 : 0.607 0.393
340 340 (0) 4 : 0.428 0.572
341 341 (0) 4 : 0.488 0.512
342 342 (0) 4 : 0.493 0.507
343 343 (0) 4 : 0.528 0.472
344 344 (0) 4 : 0.519 0.481
345 345 (0) 4 : 0.561 0.439
346 346 (0) 4 : 0.382 0.618
347 347 (0) 4 : 0.540 0.460
348 348 (0) 4 : 0.485 0.515
349 349 (0) 4 : 0.644 0.356
350 350 (0) 4 : 0.593 0.407
351 351 (0) 4 : 0.562 0.438
352 352 (0) 4 : 0.530 0.470
353 353 (0) 4 : 0.472 0.528
354 354 (0) 4 : 0.767 0.233
355 355 (0) 4 : 0.623 0.377
356 356 (0) 4 : 0.454 0.546
357 357 (0) 4 : 0.377 0.623
358 358 (0) 4 : 0.637 0.363
359 359 (0) 4 : 0.426 0.574
360 360 (0) 4 : 0.628 0.372
361 361 (0) 4 : 0.356 0.644
362 362 (0) 4 : 0.583 0.417
363 363 (0) 4 : 0.516 0.484
364 364 (0) 4 : 0.528 0.472
365 365 (0) 4 : 0.433 0.567
366 366 (0) 4 : 0.619 0.381
367 367 (0) 4 : 0.331 0.669
368 368 (0) 4 : 0.404 0.596
369 369 (0) 4 : 0.584 0.416
370 370 (0) 4 : 0.514 0.486
371 371 (0) 4 : 0.446 0.554
372 372 (0) 4 : 0.621 0.379
373 373 (0) 4 : 0.431 0.569
374 374 (0) 4 : 0.483 0.517
375 375 (0) 4 : 0.495 0.505
376 376 (0) 4 : 0.467 0.533
377 377 (0) 4 : 0.464 0.536
378 378 (0) 4 : 0.460 0.540
379 379 (0) 4 : 0.607 0.393
380 380 (0) 4 : 0.678 0.322
381 381 (0) 4 : 0.492 0.508
382 382 (0) 4 : 0.504 0.496
383 383 (0) 4 : 0.556 0.444
384 384 (0) 4 : 0.408 0.592
385 385 (0) 4 : 0.512 0.488
386 386 (0) 4 : 0.460 0.540
387 387 (0) 4 : 0.580 0.420
388 388 (0) 4 : 0.481 0.519
389 389 (0) 4 : 0.515 0.485
390 390 (0) 4 : 0.566 0.434
391 391 (0) 4 : 0.482 0.518
392 392 (0) 4 : 0.549 0.451
393 393 (0) 4 : 0.559 0.441
394 394 (0) 4 : 0.628 0.372
395 395 (0) 4 : 0.591 0.409
396 396 (0) 4 : 0.491 0.509
397 397 (0) 4 : 0.484 0.516
398 398 (0) 4 : 0.463 0.537
399 399 (0) 4 : 0.496 0.504
400 400 (0) 4 : 0.509 0.491
401 401 (0) 5 : 0.375 0.625
402 402 (0) 5 : 0.399 0.601
403 403 (0) 5 : 0.368 0.632
404 404 (0) 5 : 0.222 0.778
405 405 (0) 5 : 0.371 0.629
406 406 (0) 5 : 0.163 0.837
407 407 (0) 5 : 0.338 0.662
408 408 (0) 5 : 0.232 0.768
409 409 (0) 5 : 0.305 0.695
410 410 (0) 5 : 0.252 0.748
411 411 (0) 5 : 0.187 0.813
412 412 (0) 5 : 0.273 0.727
413 413 (0) 5 : 0.140 0.860
414 414 (0) 5 : 0.223 0.777
415 415 (0) 5 : 0.245 0.755
416 416 (0) 5 : 0.336 0.664
417 417 (0) 5 : 0.096 0.904
418 418 (0) 5 : 0.276 0.724
419 419 (0) 5 : 0.198 0.802
420 420 (0) 5 : 0.212 0.788
421 421 (0) 5 : 0.256 0.744
422 422 (0) 5 : 0.300 0.700
423 423 (0) 5 : 0.315 0.685
424 424 (0) 5 : 0.324 0.676
425 425 (0) 5 : 0.314 0.686
426 426 (0) 5 : 0.361 0.639
427 427 (0) 5 : 0.076 0.924
428 428 (0) 5 : 0.299 0.701
429 429 (0) 5 : 0.225 0.775
430 430 (0) 5 : 0.161 0.839
431 431 (0) 5 : 0.225 0.775
432 432 (0) 5 : 0.223 0.777
433 433 (0) 5 : 0.221 0.779
434 434 (0) 5 : 0.240 0.760
435 435 (0) 5 : 0.124 0.876
436 436 (0) 5 : 0.196 0.804
437 437 (0) 5 : 0.359 0.641
438 438 (0) 5 : 0.055 0.945
439 439 (0) 5 : 0.356 0.644
440 440 (0) 5 : 0.335 0.665
441 441 (0) 5 : 0.256 0.744
442 442 (0) 5 : 0.280 0.720
443 443 (0) 5 : 0.320 0.680
444 444 (0) 5 : 0.276 0.724
445 445 (0) 5 : 0.327 0.673
446 446 (0) 5 : 0.155 0.845
447 447 (0) 5 : 0.398 0.602
448 448 (0) 5 : 0.227 0.773
449 449 (0) 5 : 0.357 0.643
450 450 (0) 5 : 0.097 0.903
451 451 (0) 5 : 0.375 0.625
452 452 (0) 5 : 0.189 0.811
453 453 (0) 5 : 0.152 0.848
454 454 (0) 5 : 0.035 0.965
455 455 (0) 5 : 0.332 0.668
456 456 (0) 5 : 0.270 0.730
457 457 (0) 5 : 0.256 0.744
458 458 (0) 5 : 0.322 0.678
459 459 (0) 5 : 0.283 0.717
460 460 (0) 5 : 0.199 0.801
461 461 (0) 5 : 0.395 0.605
462 462 (0) 5 : 0.391 0.609
463 463 (0) 5 : 0.335 0.665
464 464 (0) 5 : 0.180 0.820
465 465 (0) 5 : 0.304 0.696
466 466 (0) 5 : 0.111 0.889
467 467 (0) 5 : 0.293 0.707
468 468 (0) 5 : 0.269 0.731
469 469 (0) 5 : 0.258 0.742
470 470 (0) 5 : 0.331 0.669
471 471 (0) 5 : 0.215 0.785
472 472 (0) 5 : 0.220 0.780
473 473 (0) 5 : 0.125 0.875
474 474 (0) 5 : 0.286 0.714
475 475 (0) 5 : 0.152 0.848
476 476 (0) 5 : 0.324 0.676
477 477 (0) 5 : 0.178 0.822
478 478 (0) 5 : 0.068 0.932
479 479 (0) 5 : 0.177 0.823
480 480 (0) 5 : 0.300 0.700
481 481 (0) 5 : 0.280 0.720
482 482 (0) 5 : 0.356 0.644
483 483 (0) 5 : 0.233 0.767
484 484 (0) 5 : 0.256 0.744
485 485 (0) 5 : 0.230 0.770
486 486 (0) 5 : 0.267 0.733
487 487 (0) 5 : 0.328 0.672
488 488 (0) 5 : 0.180 0.820
489 489 (0) 5 : 0.134 0.866
490 490 (0) 5 : 0.350 0.650
491 491 (0) 5 : 0.128 0.872
492 492 (0) 5 : 0.119 0.881
493 493 (0) 5 : 0.217 0.783
494 494 (0) 5 : 0.339 0.661
495 495 (0) 5 : 0.237 0.763
496 496 (0) 5 : 0.164 0.836
497 497 (0) 5 : 0.200 0.800
498 498 (0) 5 : 0.433 0.567
499 499 (0) 5 : 0.339 0.661
500 500 (0) 5 : 0.275 0.725
501 501 (0) 6 : 0.092 0.908
502 502 (0) 6 : 0.166 0.834
503 503 (0) 6 : 0.052 0.948
504 504 (0) 6 : 0.316 0.684
505 505 (0) 6 : 0.041 0.959
506 506 (0) 6 : 0.056 0.944
507 507 (0) 6 : 0.080 0.920
508 508 (0) 6 : 0.166 0.834
509 509 (0) 6 : 0.198 0.802
510 510 (0) 6 : 0.024 0.976
511 511 (0) 6 : 0.081 0.919
512 512 (0) 6 : 0.186 0.814
513 513 (0) 6 : 0.156 0.844
514 514 (0) 6 : 0.064 0.936
515 515 (0) 6 : 0.108 0.892
516 516 (0) 6 : 0.017 0.983
517 517 (0) 6 : 0.094 0.906
518 518 (0) 6 : 0.075 0.925
519 519 (0) 6 : 0.220 0.780
520 520 (0) 6 : 0.056 0.944
521 521 (0) 6 : 0.141 0.859
522 522 (0) 6 : 0.284 0.716
523 523 (0) 6 : 0.150 0.850
524 524 (0) 6 : 0.270 0.730
525 525 (0) 6 : 0.106 0.894
526 526 (0) 6 : 0.094 0.906
527 527 (0) 6 : 0.087 0.913
528 528 (0) 6 : 0.299 0.701
529 529 (0) 6 : 0.260 0.740
530 530 (0) 6 : 0.073 0.927
531 531 (0) 6 : 0.046 0.954
532 532 (0) 6 : 0.084 0.916
533 533 (0) 6 : 0.203 0.797
534 534 (0) 6 : 0.185 0.815
535 535 (0) 6 : 0.071 0.929
536 536 (0) 6 : 0.074 0.926
537 537 (0) 6 : 0.040 0.960
538 538 (0) 6 : 0.178 0.822
539 539 (0) 6 : 0.180 0.820
540 540 (0) 6 : 0.192 0.808
541 541 (0) 6 : 0.118 0.882
542 542 (0) 6 : 0.121 0.879
543 543 (0) 6 : 0.076 0.924
544 544 (0) 6 : 0.160 0.840
545 545 (0) 6 : 0.083 0.917
546 546 (0) 6 : 0.174 0.826
547 547 (0) 6 : 0.197 0.803
548 548 (0) 6 : 0.233 0.767
549 549 (0) 6 : 0.060 0.940
550 550 (0) 6 : 0.151 0.849
551 551 (0) 6 : 0.099 0.901
552 552 (0) 6 : 0.150 0.850
553 553 (0) 6 : 0.093 0.907
554 554 (0) 6 : 0.307 0.693
555 555 (0) 6 : 0.177 0.823
556 556 (0) 6 : 0.028 0.972
557 557 (0) 6 : 0.035 0.965
558 558 (0) 6 : 0.018 0.982
559 559 (0) 6 : 0.026 0.974
560 560 (0) 6 : 0.186 0.814
561 561 (0) 6 : 0.141 0.859
562 562 (0) 6 : 0.098 0.902
563 563 (0) 6 : 0.045 0.955
564 564 (0) 6 : 0.081 0.919
565 565 (0) 6 : 0.028 0.972
566 566 (0) 6 : 0.144 0.856
567 567 (0) 6 : 0.078 0.922
568 568 (0) 6 : 0.115 0.885
569 569 (0) 6 : 0.060 0.940
570 570 (0) 6 : 0.023 0.977
571 571 (0) 6 : 0.102 0.898
572 572 (0) 6 : 0.066 0.934
573 573 (0) 6 : 0.080 0.920
574 574 (0) 6 : 0.021 0.979
575 575 (0) 6 : 0.026 0.974
576 576 (0) 6 : 0.209 0.791
577 577 (0) 6 : 0.252 0.748
578 578 (0) 6 : 0.114 0.886
579 579 (0) 6 : 0.102 0.898
580 580 (0) 6 : 0.166 0.834
581 581 (0) 6 : 0.181 0.819
582 582 (0) 6 : 0.043 0.957
583 583 (0) 6 : 0.060 0.940
584 584 (0) 6 : 0.064 0.936
585 585 (0) 6 : 0.249 0.751
586 586 (0) 6 : 0.143 0.857
587 587 (0) 6 : 0.041 0.959
588 588 (0) 6 : 0.151 0.849
589 589 (0) 6 : 0.062 0.938
590 590 (0) 6 : 0.065 0.935
591 591 (0) 6 : 0.019 0.981
592 592 (0) 6 : 0.060 0.940
593 593 (0) 6 : 0.239 0.761
594 594 (0) 6 : 0.028 0.972
595 595 (0) 6 : 0.155 0.845
596 596 (0) 6 : 0.135 0.865
597 597 (0) 6 : 0.072 0.928
598 598 (0) 6 : 0.111 0.889
599 599 (0) 6 : 0.130 0.870
600 600 (0) 6 : 0.103 0.897
601 601 (5) 7 : 0.032 0.968
602 602 (0) 7 : 0.037 0.963
603 603 (0) 7 : 0.019 0.981
604 604 (0) 7 : 0.071 0.929
605 605 (0) 7 : 0.022 0.978
606 606 (0) 7 : 0.025 0.975
607 607 (0) 7 : 0.016 0.984
608 608 (0) 7 : 0.027 0.973
609 609 (0) 7 : 0.032 0.968
610 610 (0) 7 : 0.030 0.970
611 611 (0) 7 : 0.016 0.984
612 612 (0) 7 : 0.019 0.981
613 613 (0) 7 : 0.031 0.969
614 614 (5) 7 : 0.015 0.985
615 615 (0) 7 : 0.020 0.980
616 616 (0) 7 : 0.018 0.982
617 617 (0) 7 : 0.022 0.978
618 618 (0) 7 : 0.034 0.966
619 619 (0) 7 : 0.029 0.971
620 620 (0) 7 : 0.019 0.981
621 621 (0) 7 : 0.016 0.984
622 622 (0) 7 : 0.028 0.972
623 623 (0) 7 : 0.018 0.982
624 624 (0) 7 : 0.014 0.986
625 625 (0) 7 : 0.015 0.985
626 626 (0) 7 : 0.018 0.982
627 627 (0) 7 : 0.018 0.982
628 628 (0) 7 : 0.019 0.981
629 629 (0) 8 : 0.037 0.963
630 630 (0) 8 : 0.019 0.981
631 631 (0) 8 : 0.022 0.978
632 632 (0) 8 : 0.020 0.980
633 633 (0) 8 : 0.015 0.985
634 634 (0) 8 : 0.018 0.982
635 635 (0) 8 : 0.021 0.979
636 636 (0) 8 : 0.021 0.979
637 637 (0) 8 : 0.024 0.976
638 638 (0) 8 : 0.016 0.984
639 639 (0) 8 : 0.017 0.983
640 640 (0) 8 : 0.024 0.976
641 641 (0) 8 : 0.017 0.983
642 642 (0) 8 : 0.017 0.983
643 643 (0) 8 : 0.017 0.983
644 644 (0) 8 : 0.020 0.980
645 645 (0) 8 : 0.023 0.977
646 646 (0) 8 : 0.024 0.976
647 647 (0) 8 : 0.016 0.984
648 648 (0) 8 : 0.029 0.971
649 649 (0) 8 : 0.016 0.984
650 650 (0) 8 : 0.018 0.982
651 651 (0) 8 : 0.024 0.976
652 652 (0) 8 : 0.031 0.969
653 653 (0) 8 : 0.027 0.973
654 654 (0) 8 : 0.061 0.939
655 655 (0) 8 : 0.016 0.984
656 656 (0) 8 : 0.018 0.982
657 657 (0) 8 : 0.040 0.960
658 658 (0) 8 : 0.020 0.980
659 659 (0) 8 : 0.021 0.979
660 660 (0) 8 : 0.018 0.982
661 661 (0) 8 : 0.029 0.971
662 662 (0) 8 : 0.024 0.976
663 663 (0) 8 : 0.025 0.975
664 664 (0) 8 : 0.014 0.986
665 665 (0) 8 : 0.017 0.983
666 666 (0) 8 : 0.023 0.977
667 667 (0) 8 : 0.039 0.961
668 668 (0) 8 : 0.023 0.977
669 669 (0) 8 : 0.015 0.985
670 670 (0) 8 : 0.024 0.976
671 671 (0) 8 : 0.020 0.980
672 672 (0) 8 : 0.020 0.980
673 673 (0) 8 : 0.028 0.972
674 674 (0) 8 : 0.022 0.978
675 675 (0) 8 : 0.026 0.974
676 676 (0) 8 : 0.019 0.981
677 677 (0) 8 : 0.015 0.985
678 678 (0) 8 : 0.016 0.984
679 679 (0) 8 : 0.019 0.981
680 680 (0) 8 : 0.026 0.974
681 681 (0) 8 : 0.025 0.975
682 682 (0) 8 : 0.039 0.961
683 683 (0) 8 : 0.017 0.983
684 684 (0) 8 : 0.019 0.981
685 685 (0) 8 : 0.017 0.983
686 686 (0) 8 : 0.025 0.975
687 687 (0) 8 : 0.021 0.979
688 688 (0) 8 : 0.024 0.976
689 689 (0) 8 : 0.020 0.980
690 690 (0) 8 : 0.022 0.978
691 691 (0) 8 : 0.031 0.969
692 692 (0) 8 : 0.025 0.975
693 693 (0) 8 : 0.015 0.985
694 694 (0) 8 : 0.025 0.975
695 695 (0) 8 : 0.016 0.984
696 696 (0) 8 : 0.025 0.975
697 697 (0) 8 : 0.016 0.984
698 698 (0) 8 : 0.016 0.984
699 699 (0) 8 : 0.045 0.955
700 700 (0) 8 : 0.027 0.973
1 1 (5) 1 : 0.974 0.026
2 2 (5) 1 : 0.946 0.054
3 3 (5) 1 : 0.977 0.023
4 4 (0) 1 : 0.969 0.031
5 5 (0) 1 : 0.936 0.064
6 6 (0) 1 : 0.976 0.024
7 7 (0) 1 : 0.947 0.053
8 8 (5) 1 : 0.974 0.026
9 9 (0) 1 : 0.975 0.025
10 10 (0) 1 : 0.938 0.062
11 11 (0) 1 : 0.970 0.030
12 12 (0) 1 : 0.951 0.049
13 13 (0) 1 : 0.959 0.041
14 14 (0) 1 : 0.971 0.029
15 15 (0) 1 : 0.978 0.022
16 16 (0) 1 : 0.977 0.023
17 17 (0) 1 : 0.980 0.020
18 18 (0) 1 : 0.959 0.041
19 19 (0) 1 : 0.930 0.070
20 20 (0) 1 : 0.938 0.062
21 21 (0) 1 : 0.970 0.030
22 22 (0) 1 : 0.983 0.017
23 23 (0) 1 : 0.978 0.022
24 24 (0) 1 : 0.945 0.055
25 25 (0) 1 : 0.945 0.055
26 26 (0) 1 : 0.952 0.048
27 27 (5) 1 : 0.963 0.037
28 28 (0) 1 : 0.983 0.017
29 29 (0) 1 : 0.975 0.025
30 30 (0) 1 : 0.954 0.046
31 31 (0) 1 : 0.979 0.021
32 32 (0) 1 : 0.962 0.038
33 33 (0) 1 : 0.980 0.020
34 34 (0) 1 : 0.980 0.020
35 35 (0) 1 : 0.954 0.046
36 36 (0) 1 : 0.974 0.026
37 37 (0) 1 : 0.960 0.040
38 38 (0) 1 : 0.948 0.052
39 39 (0) 1 : 0.961 0.039
40 40 (0) 1 : 0.962 0.038
41 41 (0) 1 : 0.972 0.028
42 42 (0) 1 : 0.978 0.022
43 43 (0) 1 : 0.979 0.021
44 44 (0) 1 : 0.983 0.017
45 45 (5) 1 : 0.951 0.049
46 46 (0) 1 : 0.985 0.015
47 47 (0) 1 : 0.983 0.017
48 48 (0) 1 : 0.974 0.026
49 49 (0) 1 : 0.964 0.036
50 50 (0) 1 : 0.974 0.026
51 51 (0) 1 : 0.945 0.055
52 52 (0) 1 : 0.869 0.131
53 53 (0) 1 : 0.975 0.025
54 54 (0) 1 : 0.982 0.018
55 55 (0) 1 : 0.978 0.022
56 56 (0) 1 : 0.976 0.024
57 57 (10) 1 : 0.963 0.037
58 58 (5) 1 : 0.968 0.032
59 59 (0) 1 : 0.965 0.035
60 60 (0) 1 : 0.979 0.021
61 61 (0) 1 : 0.974 0.026
62 62 (0) 1 : 0.975 0.025
63 63 (0) 1 : 0.974 0.026
64 64 (0) 1 : 0.980 0.020
65 65 (0) 1 : 0.891 0.109
66 66 (0) 1 : 0.975 0.025
67 67 (5) 1 : 0.927 0.073
68 68 (0) 1 : 0.972 0.028
69 69 (0) 1 : 0.980 0.020
70 70 (0) 1 : 0.972 0.028
71 71 (5) 1 : 0.961 0.039
72 72 (0) 1 : 0.940 0.060
73 73 (5) 1 : 0.979 0.021
74 74 (10) 1 : 0.954 0.046
75 75 (10) 1 : 0.935 0.065
76 76 (0) 1 : 0.961 0.039
77 77 (10) 1 : 0.959 0.041
78 78 (0) 1 : 0.953 0.047
79 79 (5) 1 : 0.975 0.025
80 80 (0) 1 : 0.977 0.023
81 81 (0) 1 : 0.974 0.026
82 82 (0) 1 : 0.975 0.025
83 83 (0) 1 : 0.976 0.024
84 84 (0) 1 : 0.942 0.058
85 85 (0) 1 : 0.978 0.022
86 86 (5) 1 : 0.976 0.024
87 87 (0) 1 : 0.977 0.023
88 88 (0) 1 : 0.945 0.055
89 89 (0) 1 : 0.891 0.109
90 90 (0) 1 : 0.972 0.028
91 91 (0) 1 : 0.966 0.034
92 92 (0) 1 : 0.970 0.030
93 93 (0) 1 : 0.979 0.021
94 94 (5) 1 : 0.930 0.070
95 95 (0) 1 : 0.967 0.033
96 96 (5) 1 : 0.973 0.027
97 97 (0) 1 : 0.981 0.019
98 98 (0) 1 : 0.963 0.037
99 99 (5) 1 : 0.963 0.037
100 100 (5) 1 : 0.979 0.021
101 101 (0) 2 : 0.935 0.065
102 102 (0) 2 : 0.910 0.090
103 103 (0) 2 : 0.874 0.126
104 104 (0) 2 : 0.932 0.068
105 105 (0) 2 : 0.756 0.244
106 106 (0) 2 : 0.843 0.157
107 107 (0) 2 : 0.897 0.103
108 108 (0) 2 : 0.868 0.132
109 109 (0) 2 : 0.916 0.084
110 110 (0) 2 : 0.966 0.034
111 111 (0) 2 : 0.910 0.090
112 112 (0) 2 : 0.952 0.048
113 113 (0) 2 : 0.927 0.073
114 114 (0) 2 : 0.882 0.118
115 115 (0) 2 : 0.907 0.093
116 116 (0) 2 : 0.836 0.164
117 117 (0) 2 : 0.831 0.169
118 118 (0) 2 : 0.912 0.088
119 119 (0) 2 : 0.752 0.248
120 120 (0) 2 : 0.851 0.149
121 121 (0) 2 : 0.907 0.093
122 122 (0) 2 : 0.976 0.024
123 123 (0) 2 : 0.859 0.141
124 124 (0) 2 : 0.936 0.064
125 125 (0) 2 : 0.936 0.064
126 126 (0) 2 : 0.927 0.073
127 127 (0) 2 : 0.979 0.021
128 128 (0) 2 : 0.810 0.190
129 129 (0) 2 : 0.956 0.044
130 130 (0) 2 : 0.891 0.109
131 131 (0) 2 : 0.933 0.067
132 132 (0) 2 : 0.810 0.190
133 133 (0) 2 : 0.887 0.113
134 134 (0) 2 : 0.808 0.192
135 135 (0) 2 : 0.826 0.174
136 136 (0) 2 : 0.961 0.039
137 137 (0) 2 : 0.941 0.059
138 138 (0) 2 : 0.938 0.062
139 139 (0) 2 : 0.859 0.141
140 140 (0) 2 : 0.753 0.247
141 141 (0) 2 : 0.919 0.081
142 142 (0) 2 : 0.891 0.109
143 143 (0) 2 : 0.888 0.112
144 144 (0) 2 : 0.863 0.137
145 145 (0) 2 : 0.947 0.053
146 146 (0) 2 : 0.884 0.116
147 147 (0) 2 : 0.820 0.180
148 148 (0) 2 : 0.886 0.114
149 149 (0) 2 : 0.851 0.149
150 150 (0) 2 : 0.847 0.153
151 151 (0) 2 : 0.865 0.135
152 152 (0) 2 : 0.839 0.161
153 153 (0) 2 : 0.921 0.079
154 154 (0) 2 : 0.978 0.022
155 155 (0) 2 : 0.949 0.051
156 156 (0) 2 : 0.689 0.311
157 157 (0) 2 : 0.939 0.061
158 158 (0) 2 : 0.955 0.045
159 159 (0) 2 : 0.922 0.078
160 160 (0) 2 : 0.974 0.026
161 161 (0) 2 : 0.974 0.026
162 162 (0) 2 : 0.967 0.033
163 163 (0) 2 : 0.941 0.059
164 164 (0) 2 : 0.890 0.110
165 165 (0) 2 : 0.921 0.079
166 166 (0) 2 : 0.934 0.066
167 167 (0) 2 : 0.918 0.082
168 168 (0) 2 : 0.921 0.079
169 169 (0) 2 : 0.970 0.030
170 170 (0) 2 : 0.633 0.367
171 171 (0) 2 : 0.927 0.073
172 172 (0) 2 : 0.923 0.077
173 173 (0) 2 : 0.793 0.207
174 174 (0) 2 : 0.926 0.074
175 175 (0) 2 : 0.712 0.288
176 176 (0) 2 : 0.954 0.046
177 177 (0) 2 : 0.880 0.120
178 178 (0) 2 : 0.841 0.159
179 179 (0) 2 : 0.902 0.098
180 180 (0) 2 : 0.818 0.182
181 181 (0) 2 : 0.952 0.048
182 182 (0) 2 : 0.942 0.058
183 183 (0) 2 : 0.950 0.050
184 184 (0) 2 : 0.968 0.032
185 185 (0) 2 : 0.966 0.034
186 186 (0) 2 : 0.937 0.063
187 187 (0) 2 : 0.960 0.040
188 188 (0) 2 : 0.876 0.124
189 189 (0) 2 : 0.940 0.060
190 190 (0) 2 : 0.741 0.259
191 191 (0) 2 : 0.976 0.024
192 192 (0) 2 : 0.940 0.060
193 193 (0) 2 : 0.958 0.042
194 194 (0) 2 : 0.942 0.058
195 195 (0) 2 : 0.939 0.061
196 196 (0) 2 : 0.864 0.136
197 197 (0) 2 : 0.973 0.027
198 198 (0) 2 : 0.902 0.098
199 199 (0) 2 : 0.971 0.029
200 200 (0) 2 : 0.863 0.137
201 201 (0) 3 : 0.756 0.244
202 202 (0) 3 : 0.824 0.176
203 203 (0) 3 : 0.715 0.285
204 204 (0) 3 : 0.681 0.319
205 205 (0) 3 : 0.746 0.254
206 206 (0) 3 : 0.752 0.248
207 207 (0) 3 : 0.698 0.302
208 208 (0) 3 : 0.977 0.023
209 209 (0) 3 : 0.782 0.218
210 210 (0) 3 : 0.712 0.288
211 211 (0) 3 : 0.869 0.131
212 212 (0) 3 : 0.870 0.130
213 213 (0) 3 : 0.748 0.252
214 214 (0) 3 : 0.887 0.113
215 215 (0) 3 : 0.878 0.122
216 216 (0) 3 : 0.768 0.232
217 217 (0) 3 : 0.844 0.156
218 218 (0) 3 : 0.687 0.313
219 219 (0) 3 : 0.834 0.166
220 220 (0) 3 : 0.460 0.540
221 221 (0) 3 : 0.763 0.237
222 222 (0) 3 : 0.832 0.168
223 223 (0) 3 : 0.813 0.187
224 224 (0) 3 : 0.734 0.266
225 225 (0) 3 : 0.927 0.073
226 226 (0) 3 : 0.822 0.178
227 227 (0) 3 : 0.729 0.271
228 228 (0) 3 : 0.938 0.062
229 229 (0) 3 : 0.724 0.276
230 230 (0) 3 : 0.739 0.261
231 231 (0) 3 : 0.737 0.263
232 232 (0) 3 : 0.629 0.371
233 233 (0) 3 : 0.876 0.124
234 234 (0) 3 : 0.928 0.072
235 235 (0) 3 : 0.650 0.350
236 236 (0) 3 : 0.835 0.165
237 237 (0) 3 : 0.792 0.208
238 238 (0) 3 : 0.890 0.110
239 239 (0) 3 : 0.813 0.187
240 240 (0) 3 : 0.833 0.167
241 241 (0) 3 : 0.848 0.152
242 242 (0) 3 : 0.954 0.046
243 243 (0) 3 : 0.743 0.257
244 244 (0) 3 : 0.798 0.202
245 245 (0) 3 : 0.711 0.289
246 246 (0) 3 : 0.809 0.191
247 247 (0) 3 : 0.795 0.205
248 248 (0) 3 : 0.661 0.339
249 249 (0) 3 : 0.730 0.270
250 250 (0) 3 : 0.730 0.270
251 251 (0) 3 : 0.872 0.128
252 252 (0) 3 : 0.723 0.277
253 253 (0) 3 : 0.525 0.475
254 254 (0) 3 : 0.689 0.311
255 255 (0) 3 : 0.899 0.101
256 256 (0) 3 : 0.898 0.102
257 257 (0) 3 : 0.906 0.094
258 258 (0) 3 : 0.879 0.121
259 259 (0) 3 : 0.837 0.163
260 260 (0) 3 : 0.523 0.477
261 261 (0) 3 : 0.686 0.314
262 262 (0) 3 : 0.945 0.055
263 263 (0) 3 : 0.918 0.082
264 264 (0) 3 : 0.879 0.121
265 265 (0) 3 : 0.855 0.145
266 266 (0) 3 : 0.880 0.120
267 267 (0) 3 : 0.804 0.196
268 268 (0) 3 : 0.757 0.243
269 269 (0) 3 : 0.764 0.236
270 270 (0) 3 : 0.946 0.054
271 271 (0) 3 : 0.772 0.228
272 272 (0) 3 : 0.560 0.440
273 273 (0) 3 : 0.689 0.311
274 274 (0) 3 : 0.763 0.237
275 275 (0) 3 : 0.760 0.240
276 276 (0) 3 : 0.945 0.055
277 277 (0) 3 : 0.738 0.262
278 278 (0) 3 : 0.822 0.178
279 279 (0) 3 : 0.768 0.232
280 280 (0) 3 : 0.882 0.118
281 281 (0) 3 : 0.888 0.112
282 282 (0) 3 : 0.574 0.426
283 283 (0) 3 : 0.874 0.126
284 284 (0) 3 : 0.947 0.053
285 285 (0) 3 : 0.918 0.082
286 286 (0) 3 : 0.809 0.191
287 287 (0) 3 : 0.751 0.249
288 288 (0) 3 : 0.841 0.159
289 289 (0) 3 : 0.587 0.413
290 290 (0) 3 : 0.870 0.130
291 291 (0) 3 : 0.687 0.313
292 292 (0) 3 : 0.688 0.312
293 293 (0) 3 : 0.850 0.150
294 294 (0) 3 : 0.822 0.178
295 295 (0) 3 : 0.821 0.179
296 296 (0) 3 : 0.813 0.187
297 297 (0) 3 : 0.876 0.124
298 298 (0) 3 : 0.767 0.233
299 299 (0) 3 : 0.597 0.403
300 300 (0) 3 : 0.848 0.152
301 301 (0) 4 : 0.714 0.286
302 302 (0) 4 : 0.502 0.498
303 303 (0) 4 : 0.507 0.493
304 304 (0) 4 : 0.658 0.342
305 305 (0) 4 : 0.647 0.353
306 306 (0) 4 : 0.467 0.533
307 307 (0) 4 : 0.466 0.534
308 308 (0) 4 : 0.578 0.422
309 309 (0) 4 : 0.498 0.502
310 310 (0) 4 : 0.413 0.587
311 311 (0) 4 : 0.315 0.685
312 312 (0) 4 : 0.683 0.317
313 313 (0) 4 : 0.642 0.358
314 314 (0) 4 : 0.422 0.578
315 315 (0) 4 : 0.540 0.460
316 316 (0) 4 : 0.458 0.542
317 317 (0) 4 : 0.477 0.523
318 318 (0) 4 : 0.497 0.503
319 319 (0) 4 : 0.431 0.569
320 320 (0) 4 : 0.541 0.459
321 321 (0) 4 : 0.549 0.451
322 322 (0) 4 : 0.500 0.500
323 323 (0) 4 : 0.449 0.551
324 324 (0) 4 : 0.621 0.379
325 325 (0) 4 : 0.590 0.410
326 326 (0) 4 : 0.570 0.430
327 327 (0) 4 : 0.445 0.555
328 328 (0) 4 : 0.476 0.524
329 329 (0) 4 : 0.527 0.473
330 330 (0) 4 : 0.554 0.446
331 331 (0) 4 : 0.538 0.462
332 332 (0) 4 : 0.411 0.589
333 333 (0) 4 : 0.456 0.544
334 334 (0) 4 : 0.461 0.539
335 335 (0) 4 : 0.421 0.579
336 336 (0) 4 : 0.506 0.494
337 337 (0) 4 : 0.475 0.525
338 338 (0) 4 : 0.521 0.479
339 339 (0) 4 : 0.607 0.393
340 340 (0) 4 : 0.428 0.572
341 341 (0) 4 : 0.488 0.512
342 342 (0) 4 : 0.493 0.507
343 343 (0) 4 : 0.529 0.471
344 344 (0) 4 : 0.519 0.481
345 345 (0) 4 : 0.561 0.439
346 346 (0) 4 : 0.382 0.618
347 347 (0) 4 : 0.540 0.460
348 348 (0) 4 : 0.485 0.515
349 349 (0) 4 : 0.643 0.357
350 350 (0) 4 : 0.593 0.407
351 351 (0) 4 : 0.562 0.438
352 352 (0) 4 : 0.530 0.470
353 353 (0) 4 : 0.471 0.529
354 354 (0) 4 : 0.767 0.233
355 355 (0) 4 : 0.622 0.378
356 356 (0) 4 : 0.454 0.546
357 357 (0) 4 : 0.377 0.623
358 358 (0) 4 : 0.637 0.363
359 359 (0) 4 : 0.426 0.574
360 360 (0) 4 : 0.628 0.372
361 361 (0) 4 : 0.356 0.644
362 362 (0) 4 : 0.583 0.417
363 363 (0) 4 : 0.516 0.484
364 364 (0) 4 : 0.527 0.473
365 365 (0) 4 : 0.433 0.567
366 366 (0) 4 : 0.619 0.381
367 367 (0) 4 : 0.331 0.669
368 368 (0) 4 : 0.404 0.596
369 369 (0) 4 : 0.584 0.416
370 370 (0) 4 : 0.515 0.485
371 371 (0) 4 : 0.446 0.554
372 372 (0) 4 : 0.621 0.379
373 373 (0) 4 : 0.432 0.568
374 374 (0) 4 : 0.483 0.517
375 375 (0) 4 : 0.495 0.505
376 376 (0) 4 : 0.467 0.533
377 377 (0) 4 : 0.464 0.536
378 378 (0) 4 : 0.460 0.540
379 379 (0) 4 : 0.607 0.393
380 380 (0) 4 : 0.678 0.322
381 381 (0) 4 : 0.492 0.508
382 382 (0) 4 : 0.504 0.496
383 383 (0) 4 : 0.556 0.444
384 384 (0) 4 : 0.408 0.592
385 385 (0) 4 : 0.511 0.489
386 386 (0) 4 : 0.460 0.540
387 387 (0) 4 : 0.580 0.420
388 388 (0) 4 : 0.481 0.519
389 389 (0) 4 : 0.515 0.485
390 390 (0) 4 : 0.566 0.434
391 391 (0) 4 : 0.482 0.518
392 392 (0) 4 : 0.549 0.451
393 393 (0) 4 : 0.559 0.441
394 394 (0) 4 : 0.628 0.372
395 395 (0) 4 : 0.591 0.409
396 396 (0) 4 : 0.491 0.509
397 397 (0) 4 : 0.484 0.516
398 398 (0) 4 : 0.463 0.537
399 399 (0) 4 : 0.496 0.504
400 400 (0) 4 : 0.508 0.492
401 401 (0) 5 : 0.375 0.625
402 402 (0) 5 : 0.399 0.601
403 403 (0) 5 : 0.368 0.632
404 404 (0) 5 : 0.222 0.778
405 405 (0) 5 : 0.371 0.629
406 406 (0) 5 : 0.163 0.837
407 407 (0) 5 : 0.338 0.662
408 408 (0) 5 : 0.232 0.768
409 409 (0) 5 : 0.305 0.695
410 410 (0) 5 : 0.252 0.748
411 411 (0) 5 : 0.187 0.813
412 412 (0) 5 : 0.272 0.728
413 413 (0) 5 : 0.140 0.860
414 414 (0) 5 : 0.223 0.777
415 415 (0) 5 : 0.245 0.755
416 416 (0) 5 : 0.336 0.664
417 417 (0) 5 : 0.096 0.904
418 418 (0) 5 : 0.276 0.724
419 419 (0) 5 : 0.199 0.801
420 420 (0) 5 : 0.213 0.787
421 421 (0) 5 : 0.256 0.744
422 422 (0) 5 : 0.300 0.700
423 423 (0) 5 : 0.315 0.685
424 424 (0) 5 : 0.325 0.675
425 425 (0) 5 : 0.313 0.687
426 426 (0) 5 : 0.360 0.640
427 427 (0) 5 : 0.076 0.924
428 428 (0) 5 : 0.299 0.701
429 429 (0) 5 : 0.225 0.775
430 430 (0) 5 : 0.161 0.839
431 431 (0) 5 : 0.225 0.775
432 432 (0) 5 : 0.223 0.777
433 433 (0) 5 : 0.221 0.779
434 434 (0) 5 : 0.240 0.760
435 435 (0) 5 : 0.125 0.875
436 436 (0) 5 : 0.196 0.804
437 437 (0) 5 : 0.359 0.641
438 438 (0) 5 : 0.054 0.946
439 439 (0) 5 : 0.356 0.644
440 440 (0) 5 : 0.335 0.665
441 441 (0) 5 : 0.256 0.744
442 442 (0) 5 : 0.280 0.720
443 443 (0) 5 : 0.320 0.680
444 444 (0) 5 : 0.275 0.725
445 445 (0) 5 : 0.326 0.674
446 446 (0) 5 : 0.155 0.845
447 447 (0) 5 : 0.398 0.602
448 448 (0) 5 : 0.228 0.772
449 449 (0) 5 : 0.357 0.643
450 450 (0) 5 : 0.097 0.903
451 451 (0) 5 : 0.374 0.626
452 452 (0) 5 : 0.189 0.811
453 453 (0) 5 : 0.152 0.848
454 454 (0) 5 : 0.035 0.965
455 455 (0) 5 : 0.332 0.668
456 456 (0) 5 : 0.271 0.729
457 457 (0) 5 : 0.256 0.744
458 458 (0) 5 : 0.322 0.678
459 459 (0) 5 : 0.282 0.718
460 460 (0) 5 : 0.199 0.801
461 461 (0) 5 : 0.395 0.605
462 462 (0) 5 : 0.391 0.609
463 463 (0) 5 : 0.335 0.665
464 464 (0) 5 : 0.180 0.820
465 465 (0) 5 : 0.304 0.696
466 466 (0) 5 : 0.111 0.889
467 467 (0) 5 : 0.293 0.707
468 468 (0) 5 : 0.269 0.731
469 469 (0) 5 : 0.257 0.743
470 470 (0) 5 : 0.330 0.670
471 471 (0) 5 : 0.215 0.785
472 472 (0) 5 : 0.220 0.780
473 473 (0) 5 : 0.125 0.875
474 474 (0) 5 : 0.285 0.715
475 475 (0) 5 : 0.152 0.848
476 476 (0) 5 : 0.324 0.676
477 477 (0) 5 : 0.178 0.822
478 478 (0) 5 : 0.068 0.932
479 479 (0) 5 : 0.177 0.823
480 480 (0) 5 : 0.300 0.700
481 481 (0) 5 : 0.280 0.720
482 482 (0) 5 : 0.356 0.644
483 483 (0) 5 : 0.234 0.766
484 484 (0) 5 : 0.256 0.744
485 485 (0) 5 : 0.230 0.770
486 486 (0) 5 : 0.267 0.733
487 487 (0) 5 : 0.328 0.672
488 488 (0) 5 : 0.179 0.821
489 489 (0) 5 : 0.134 0.866
490 490 (0) 5 : 0.350 0.650
491 491 (0) 5 : 0.128 0.872
492 492 (0) 5 : 0.119 0.881
493 493 (0) 5 : 0.217 0.783
494 494 (0) 5 : 0.339 0.661
495 495 (0) 5 : 0.237 0.763
496 496 (0) 5 : 0.164 0.836
497 497 (0) 5 : 0.200 0.800
498 498 (0) 5 : 0.434 0.566
499 499 (0) 5 : 0.339 0.661
500 500 (0) 5 : 0.275 0.725
501 501 (0) 6 : 0.092 0.908
502 502 (0) 6 : 0.166 0.834
503 503 (0) 6 : 0.052 0.948
504 504 (0) 6 : 0.316 0.684
505 505 (0) 6 : 0.041 0.959
506 506 (0) 6 : 0.056 0.944
507 507 (0) 6 : 0.080 0.920
508 508 (0) 6 : 0.166 0.834
509 509 (0) 6 : 0.197 0.803
510 510 (0) 6 : 0.024 0.976
511 511 (0) 6 : 0.081 0.919
512 512 (0) 6 : 0.185 0.815
513 513 (0) 6 : 0.156 0.844
514 514 (0) 6 : 0.064 0.936
515 515 (0) 6 : 0.108 0.892
516 516 (0) 6 : 0.017 0.983
517 517 (0) 6 : 0.094 0.906
518 518 (0) 6 : 0.074 0.926
519 519 (0) 6 : 0.220 0.780
520 520 (0) 6 : 0.056 0.944
521 521 (0) 6 : 0.141 0.859
522 522 (0) 6 : 0.284 0.716
523 523 (0) 6 : 0.149 0.851
524 524 (0) 6 : 0.270 0.730
525 525 (0) 6 : 0.106 0.894
526 526 (0) 6 : 0.094 0.906
527 527 (0) 6 : 0.087 0.913
528 528 (0) 6 : 0.299 0.701
529 529 (0) 6 : 0.260 0.740
530 530 (0) 6 : 0.073 0.927
531 531 (0) 6 : 0.046 0.954
532 532 (0) 6 : 0.084 0.916
533 533 (0) 6 : 0.203 0.797
534 534 (0) 6 : 0.185 0.815
535 535 (0) 6 : 0.071 0.929
536 536 (0) 6 : 0.074 0.926
537 537 (0) 6 : 0.040 0.960
538 538 (0) 6 : 0.178 0.822
539 539 (0) 6 : 0.180 0.820
540 540 (0) 6 : 0.191 0.809
541 541 (0) 6 : 0.118 0.882
542 542 (0) 6 : 0.121 0.879
543 543 (0) 6 : 0.076 0.924
544 544 (0) 6 : 0.160 0.840
545 545 (0) 6 : 0.083 0.917
546 546 (0) 6 : 0.174 0.826
547 547 (0) 6 : 0.197 0.803
548 548 (0) 6 : 0.233 0.767
549 549 (0) 6 : 0.060 0.940
550 550 (0) 6 : 0.151 0.849
551 551 (0) 6 : 0.099 0.901
552 552 (0) 6 : 0.150 0.850
553 553 (0) 6 : 0.093 0.907
554 554 (0) 6 : 0.307 0.693
555 555 (0) 6 : 0.176 0.824
556 556 (0) 6 : 0.029 0.971
557 557 (0) 6 : 0.035 0.965
558 558 (0) 6 : 0.018 0.982
559 559 (0) 6 : 0.027 0.973
560 560 (0) 6 : 0.186 0.814
561 561 (0) 6 : 0.141 0.859
562 562 (0) 6 : 0.098 0.902
563 563 (0) 6 : 0.045 0.955
564 564 (0) 6 : 0.081 0.919
565 565 (0) 6 : 0.028 0.972
566 566 (0) 6 : 0.144 0.856
567 567 (0) 6 : 0.078 0.922
568 568 (0) 6 : 0.115 0.885
569 569 (0) 6 : 0.059 0.941
570 570 (0) 6 : 0.023 0.977
571 571 (0) 6 : 0.102 0.898
572 572 (0) 6 : 0.066 0.934
573 573 (0) 6 : 0.079 0.921
574 574 (0) 6 : 0.021 0.979
575 575 (0) 6 : 0.026 0.974
576 576 (0) 6 : 0.209 0.791
577 577 (0) 6 : 0.251 0.749
578 578 (0) 6 : 0.114 0.886
579 579 (0) 6 : 0.102 0.898
580 580 (0) 6 : 0.166 0.834
581 581 (0) 6 : 0.181 0.819
582 582 (0) 6 : 0.043 0.957
583 583 (0) 6 : 0.060 0.940
584 584 (0) 6 : 0.064 0.936
585 585 (0) 6 : 0.249 0.751
586 586 (0) 6 : 0.143 0.857
587 587 (0) 6 : 0.041 0.959
588 588 (0) 6 : 0.151 0.849
589 589 (0) 6 : 0.062 0.938
590 590 (0) 6 : 0.065 0.935
591 591 (0) 6 : 0.019 0.981
592 592 (0) 6 : 0.060 0.940
593 593 (0) 6 : 0.239 0.761
594 594 (0) 6 : 0.028 0.972
595 595 (0) 6 : 0.155 0.845
596 596 (0) 6 : 0.135 0.865
597 597 (0) 6 : 0.072 0.928
598 598 (0) 6 : 0.111 0.889
599 599 (0) 6 : 0.130 0.870
600 600 (0) 6 : 0.103 0.897
601 601 (5) 7 : 0.032 0.968
602 602 (0) 7 : 0.037 0.963
603 603 (0) 7 : 0.019 0.981
604 604 (0) 7 : 0.071 0.929
605 605 (0) 7 : 0.022 0.978
606 606 (0) 7 : 0.025 0.975
607 607 (0) 7 : 0.016 0.984
608 608 (0) 7 : 0.027 0.973
609 609 (0) 7 : 0.032 0.968
610 610 (0) 7 : 0.030 0.970
611 611 (0) 7 : 0.015 0.985
612 612 (0) 7 : 0.019 0.981
613 613 (0) 7 : 0.031 0.969
614 614 (5) 7 : 0.015 0.985
615 615 (0) 7 : 0.020 0.980
616 616 (0) 7 : 0.018 0.982
617 617 (0) 7 : 0.022 0.978
618 618 (0) 7 : 0.034 0.966
619 619 (0) 7 : 0.029 0.971
620 620 (0) 7 : 0.018 0.982
621 621 (0) 7 : 0.016 0.984
622 622 (0) 7 : 0.028 0.972
623 623 (0) 7 : 0.018 0.982
624 624 (0) 7 : 0.014 0.986
625 625 (0) 7 : 0.015 0.985
626 626 (0) 7 : 0.018 0.982
627 627 (0) 7 : 0.018 0.982
628 628 (0) 7 : 0.019 0.981
629 629 (0) 8 : 0.037 0.963
630 630 (0) 8 : 0.019 0.981
631 631 (0) 8 : 0.022 0.978
632 632 (0) 8 : 0.020 0.980
633 633 (0) 8 : 0.015 0.985
634 634 (0) 8 : 0.018 0.982
635 635 (0) 8 : 0.021 0.979
636 636 (0) 8 : 0.021 0.979
637 637 (0) 8 : 0.024 0.976
638 638 (0) 8 : 0.017 0.983
639 639 (0) 8 : 0.017 0.983
640 640 (0) 8 : 0.024 0.976
641 641 (0) 8 : 0.017 0.983
642 642 (0) 8 : 0.017 0.983
643 643 (0) 8 : 0.017 0.983
644 644 (0) 8 : 0.020 0.980
645 645 (0) 8 : 0.023 0.977
646 646 (0) 8 : 0.024 0.976
647 647 (0) 8 : 0.016 0.984
648 648 (0) 8 : 0.029 0.971
649 649 (0) 8 : 0.016 0.984
650 650 (0) 8 : 0.018 0.982
651 651 (0) 8 : 0.023 0.977
652 652 (0) 8 : 0.031 0.969
653 653 (0) 8 : 0.027 0.973
654 654 (0) 8 : 0.061 0.939
655 655 (0) 8 : 0.016 0.984
656 656 (0) 8 : 0.018 0.982
657 657 (0) 8 : 0.040 0.960
658 658 (0) 8 : 0.020 0.980
659 659 (0) 8 : 0.021 0.979
660 660 (0) 8 : 0.018 0.982
661 661 (0) 8 : 0.029 0.971
662 662 (0) 8 : 0.024 0.976
663 663 (0) 8 : 0.025 0.975
664 664 (0) 8 : 0.014 0.986
665 665 (0) 8 : 0.017 0.983
666 666 (0) 8 : 0.023 0.977
667 667 (0) 8 : 0.039 0.961
668 668 (0) 8 : 0.023 0.977
669 669 (0) 8 : 0.015 0.985
670 670 (0) 8 : 0.024 0.976
671 671 (0) 8 : 0.020 0.980
672 672 (0) 8 : 0.020 0.980
673 673 (0) 8 : 0.028 0.972
674 674 (0) 8 : 0.022 0.978
675 675 (0) 8 : 0.026 0.974
676 676 (0) 8 : 0.019 0.981
677 677 (0) 8 : 0.015 0.985
678 678 (0) 8 : 0.016 0.984
679 679 (0) 8 : 0.019 0.981
680 680 (0) 8 : 0.026 0.974
681 681 (0) 8 : 0.024 0.976
682 682 (0) 8 : 0.039 0.961
683 683 (0) 8 : 0.017 0.983
684 684 (0) 8 : 0.019 0.981
685 685 (0) 8 : 0.017 0.983
686 686 (0) 8 : 0.025 0.975
687 687 (0) 8 : 0.021 0.979
688 688 (0) 8 : 0.024 0.976
689 689 (0) 8 : 0.020 0.980
690 690 (0) 8 : 0.022 0.978
691 691 (0) 8 : 0.031 0.969
692 692 (0) 8 : 0.025 0.975
693 693 (0) 8 : 0.015 0.985
694 694 (0) 8 : 0.025 0.975
695 695 (0) 8 : 0.016 0.984
696 696 (0) 8 : 0.025 0.975
697 697 (0) 8 : 0.016 0.984
698 698 (0) 8 : 0.016 0.984
699 699 (0) 8 : 0.045 0.955
700 700 (0) 8 : 0.027 0.973
1 1 (5) 1 : 0.974 0.026
2 2 (5) 1 : 0.947 0.053
3 3 (5) 1 : 0.977 0.023
4 4 (0) 1 : 0.969 0.031
5 5 (0) 1 : 0.936 0.064
6 6 (0) 1 : 0.976 0.024
7 7 (0) 1 : 0.948 0.052
8 8 (5) 1 : 0.974 0.026
9 9 (0) 1 : 0.975 0.025
10 10 (0) 1 : 0.938 0.062
11 11 (0) 1 : 0.971 0.029
12 12 (0) 1 : 0.951 0.049
13 13 (0) 1 : 0.959 0.041
14 14 (0) 1 : 0.971 0.029
15 15 (0) 1 : 0.978 0.022
16 16 (0) 1 : 0.978 0.022
17 17 (0) 1 : 0.980 0.020
18 18 (0) 1 : 0.959 0.041
19 19 (0) 1 : 0.930 0.070
20 20 (0) 1 : 0.938 0.062
21 21 (0) 1 : 0.970 0.030
22 22 (0) 1 : 0.983 0.017
23 23 (0) 1 : 0.978 0.022
24 24 (0) 1 : 0.946 0.054
25 25 (0) 1 : 0.946 0.054
26 26 (0) 1 : 0.952 0.048
27 27 (5) 1 : 0.963 0.037
28 28 (0) 1 : 0.983 0.017
29 29 (0) 1 : 0.976 0.024
30 30 (0) 1 : 0.955 0.045
31 31 (0) 1 : 0.979 0.021
32 32 (0) 1 : 0.962 0.038
33 33 (0) 1 : 0.980 0.020
34 34 (0) 1 : 0.980 0.020
35 35 (0) 1 : 0.955 0.045
36 36 (0) 1 : 0.974 0.026
37 37 (0) 1 : 0.960 0.040
38 38 (0) 1 : 0.949 0.051
39 39 (0) 1 : 0.961 0.039
40 40 (0) 1 : 0.963 0.037
41 41 (0) 1 : 0.972 0.028
42 42 (0) 1 : 0.978 0.022
43 43 (0) 1 : 0.979 0.021
44 44 (0) 1 : 0.983 0.017
45 45 (5) 1 : 0.951 0.049
46 46 (0) 1 : 0.985 0.015
47 47 (0) 1 : 0.983 0.017
48 48 (0) 1 : 0.974 0.026
49 49 (0) 1 : 0.965 0.035
50 50 (0) 1 : 0.974 0.026
51 51 (0) 1 : 0.945 0.055
52 52 (0) 1 : 0.869 0.131
53 53 (0) 1 : 0.975 0.025
54 54 (0) 1 : 0.982 0.018
55 55 (0) 1 : 0.978 0.022
56 56 (0) 1 : 0.976 0.024
57 57 (10) 1 : 0.963 0.037
58 58 (5) 1 : 0.968 0.032
59 59 (0) 1 : 0.965 0.035
60 60 (0) 1 : 0.979 0.021
61 61 (0) 1 : 0.974 0.026
62 62 (0) 1 : 0.975 0.025
63 63 (0) 1 : 0.974 0.026
64 64 (0) 1 : 0.980 0.020
65 65 (0) 1 : 0.892 0.108
66 66 (0) 1 : 0.975 0.025
67 67 (5) 1 : 0.927 0.073
68 68 (0) 1 : 0.972 0.028
69 69 (0) 1 : 0.980 0.020
70 70 (0) 1 : 0.972 0.028
71 71 (5) 1 : 0.961 0.039
72 72 (0) 1 : 0.940 0.060
73 73 (5) 1 : 0.979 0.021
74 74 (10) 1 : 0.954 0.046
75 75 (10) 1 : 0.935 0.065
76 76 (0) 1 : 0.961 0.039
77 77 (10) 1 : 0.959 0.041
78 78 (0) 1 : 0.953 0.047
79 79 (5) 1 : 0.975 0.025
80 80 (0) 1 : 0.977 0.023
81 81 (0) 1 : 0.975 0.025
82 82 (0) 1 : 0.975 0.025
83 83 (0) 1 : 0.977 0.023
84 84 (0) 1 : 0.943 0.057
85 85 (0) 1 : 0.979 0.021
86 86 (5) 1 : 0.976 0.024
87 87 (0) 1 : 0.977 0.023
88 88 (0) 1 : 0.946 0.054
89 89 (0) 1 : 0.892 0.108
90 90 (0) 1 : 0.972 0.028
91 91 (0) 1 : 0.966 0.034
92 92 (0) 1 : 0.971 0.029
93 93 (0) 1 : 0.979 0.021
94 94 (5) 1 : 0.930 0.070
95 95 (0) 1 : 0.968 0.032
96 96 (5) 1 : 0.973 0.027
97 97 (0) 1 : 0.981 0.019
98 98 (0) 1 : 0.963 0.037
99 99 (5) 1 : 0.963 0.037
100 100 (5) 1 : 0.979 0.021
101 101 (0) 2 : 0.936 0.064
102 102 (0) 2 : 0.910 0.090
103 103 (0) 2 : 0.875 0.125
104 104 (0) 2 : 0.932 0.068
105 105 (0) 2 : 0.757 0.243
106 106 (0) 2 : 0.844 0.156
107 107 (0) 2 : 0.898 0.102
108 108 (0) 2 : 0.869 0.131
109 109 (0) 2 : 0.916 0.084
110 110 (0) 2 : 0.966 0.034
111 111 (0) 2 : 0.911 0.089
112 112 (0) 2 : 0.952 0.048
113 113 (0) 2 : 0.927 0.073
114 114 (0) 2 : 0.882 0.118
115 115 (0) 2 : 0.908 0.092
116 116 (0) 2 : 0.836 0.164
117 117 (0) 2 : 0.832 0.168
118 118 (0) 2 : 0.913 0.087
119 119 (0) 2 : 0.753 0.247
120 120 (0) 2 : 0.853 0.147
121 121 (0) 2 : 0.908 0.092
122 122 (0) 2 : 0.976 0.024
123 123 (0) 2 : 0.860 0.140
124 124 (0) 2 : 0.936 0.064
125 125 (0) 2 : 0.936 0.064
126 126 (0) 2 : 0.927 0.073
127 127 (0) 2 : 0.979 0.021
128 128 (0) 2 : 0.811 0.189
129 129 (0) 2 : 0.956 0.044
130 130 (0) 2 : 0.892 0.108
131 131 (0) 2 : 0.933 0.067
132 132 (0) 2 : 0.811 0.189
133 133 (0) 2 : 0.888 0.112
134 134 (0) 2 : 0.808 0.192
135 135 (0) 2 : 0.827 0.173
136 136 (0) 2 : 0.961 0.039
137 137 (0) 2 : 0.942 0.058
138 138 (0) 2 : 0.939 0.061
139 139 (0) 2 : 0.860 0.140
140 140 (0) 2 : 0.754 0.246
141 141 (0) 2 : 0.919 0.081
142 142 (0) 2 : 0.892 0.108
143 143 (0) 2 : 0.889 0.111
144 144 (0) 2 : 0.864 0.136
145 145 (0) 2 : 0.947 0.053
146 146 (0) 2 : 0.885 0.115
147 147 (0) 2 : 0.820 0.180
148 148 (0) 2 : 0.887 0.113
149 149 (0) 2 : 0.852 0.148
150 150 (0) 2 : 0.848 0.152
151 151 (0) 2 : 0.866 0.134
152 152 (0) 2 : 0.840 0.160
153 153 (0) 2 : 0.922 0.078
154 154 (0) 2 : 0.978 0.022
155 155 (0) 2 : 0.950 0.050
156 156 (0) 2 : 0.690 0.310
157 157 (0) 2 : 0.940 0.060
158 158 (0) 2 : 0.956 0.044
159 159 (0) 2 : 0.922 0.078
160 160 (0) 2 : 0.974 0.026
161 161 (0) 2 : 0.974 0.026
162 162 (0) 2 : 0.967 0.033
163 163 (0) 2 : 0.941 0.059
164 164 (0) 2 : 0.891 0.109
165 165 (0) 2 : 0.921 0.079
166 166 (0) 2 : 0.934 0.066
167 167 (0) 2 : 0.918 0.082
168 168 (0) 2 : 0.922 0.078
169 169 (0) 2 : 0.970 0.030
170 170 (0) 2 : 0.634 0.366
171 171 (0) 2 : 0.927 0.073
172 172 (0) 2 : 0.924 0.076
173 173 (0) 2 : 0.795 0.205
174 174 (0) 2 : 0.926 0.074
175 175 (0) 2 : 0.712 0.288
176 176 (0) 2 : 0.954 0.046
177 177 (0) 2 : 0.880 0.120
178 178 (0) 2 : 0.842 0.158
179 179 (0) 2 : 0.902 0.098
180 180 (0) 2 : 0.819 0.181
181 181 (0) 2 : 0.952 0.048
182 182 (0) 2 : 0.943 0.057
183 183 (0) 2 : 0.951 0.049
184 184 (0) 2 : 0.968 0.032
185 185 (0) 2 : 0.966 0.034
186 186 (0) 2 : 0.938 0.062
187 187 (0) 2 : 0.960 0.040
188 188 (0) 2 : 0.876 0.124
189 189 (0) 2 : 0.940 0.060
190 190 (0) 2 : 0.742 0.258
191 191 (0) 2 : 0.977 0.023
192 192 (0) 2 : 0.941 0.059
193 193 (0) 2 : 0.958 0.042
194 194 (0) 2 : 0.942 0.058
195 195 (0) 2 : 0.940 0.060
196 196 (0) 2 : 0.865 0.135
197 197 (0) 2 : 0.973 0.027
198 198 (0) 2 : 0.902 0.098
199 199 (0) 2 : 0.971 0.029
200 200 (0) 2 : 0.864 0.136
201 201 (0) 3 : 0.757 0.243
202 202 (0) 3 : 0.825 0.175
203 203 (0) 3 : 0.716 0.284
204 204 (0) 3 : 0.681 0.319
205 205 (0) 3 : 0.746 0.254
206 206 (0) 3 : 0.752 0.248
207 207 (0) 3 : 0.700 0.300
208 208 (0) 3 : 0.977 0.023
209 209 (0) 3 : 0.783 0.217
210 210 (0) 3 : 0.713 0.287
211 211 (0) 3 : 0.870 0.130
212 212 (0) 3 : 0.871 0.129
213 213 (0) 3 : 0.749 0.251
214 214 (0) 3 : 0.887 0.113
215 215 (0) 3 : 0.879 0.121
216 216 (0) 3 : 0.768 0.232
217 217 (0) 3 : 0.845 0.155
218 218 (0) 3 : 0.688 0.312
219 219 (0) 3 : 0.835 0.165
220 220 (0) 3 : 0.459 0.541
221 221 (0) 3 : 0.764 0.236
222 222 (0) 3 : 0.834 0.166
223 223 (0) 3 : 0.814 0.186
224 224 (0) 3 : 0.735 0.265
225 225 (0) 3 : 0.928 0.072
226 226 (0) 3 : 0.823 0.177
227 227 (0) 3 : 0.730 0.270
228 228 (0) 3 : 0.938 0.062
229 229 (0) 3 : 0.725 0.275
230 230 (0) 3 : 0.740 0.260
231 231 (0) 3 : 0.737 0.263
232 232 (0) 3 : 0.629 0.371
233 233 (0) 3 : 0.877 0.123
234 234 (0) 3 : 0.929 0.071
235 235 (0) 3 : 0.650 0.350
236 236 (0) 3 : 0.836 0.164
237 237 (0) 3 : 0.793 0.207
238 238 (0) 3 : 0.891 0.109
239 239 (0) 3 : 0.814 0.186
240 240 (0) 3 : 0.834 0.166
241 241 (0) 3 : 0.850 0.150
242 242 (0) 3 : 0.955 0.045
243 243 (0) 3 : 0.744 0.256
244 244 (0) 3 : 0.799 0.201
245 245 (0) 3 : 0.712 0.288
246 246 (0) 3 : 0.809 0.191
247 247 (0) 3 : 0.796 0.204
248 248 (0) 3 : 0.661 0.339
249 249 (0) 3 : 0.731 0.269
250 250 (0) 3 : 0.730 0.270
251 251 (0) 3 : 0.873 0.127
252 252 (0) 3 : 0.724 0.276
253 253 (0) 3 : 0.525 0.475
254 254 (0) 3 : 0.689 0.311
255 255 (0) 3 : 0.901 0.099
256 256 (0) 3 : 0.899 0.101
257 257 (0) 3 : 0.906 0.094
258 258 (0) 3 : 0.880 0.120
259 259 (0) 3 : 0.837 0.163
260 260 (0) 3 : 0.524 0.476
261 261 (0) 3 : 0.687 0.313
262 262 (0) 3 : 0.945 0.055
263 263 (0) 3 : 0.919 0.081
264 264 (0) 3 : 0.879 0.121
265 265 (0) 3 : 0.855 0.145
266 266 (0) 3 : 0.881 0.119
267 267 (0) 3 : 0.805 0.195
268 268 (0) 3 : 0.758 0.242
269 269 (0) 3 : 0.764 0.236
270 270 (0) 3 : 0.946 0.054
271 271 (0) 3 : 0.772 0.228
272 272 (0) 3 : 0.560 0.440
273 273 (0) 3 : 0.689 0.311
274 274 (0) 3 : 0.763 0.237
275 275 (0) 3 : 0.761 0.239
276 276 (0) 3 : 0.945 0.055
277 277 (0) 3 : 0.738 0.262
278 278 (0) 3 : 0.823 0.177
279 279 (0) 3 : 0.769 0.231
280 280 (0) 3 : 0.883 0.117
281 281 (0) 3 : 0.889 0.111
282 282 (0) 3 : 0.575 0.425
283 283 (0) 3 : 0.875 0.125
284 284 (0) 3 : 0.947 0.053
285 285 (0) 3 : 0.918 0.082
286 286 (0) 3 : 0.809 0.191
287 287 (0) 3 : 0.751 0.249
288 288 (0) 3 : 0.842 0.158
289 289 (0) 3 : 0.588 0.412
290 290 (0) 3 : 0.871 0.129
291 291 (0) 3 : 0.688 0.312
292 292 (0) 3 : 0.689 0.311
293 293 (0) 3 : 0.852 0.148
294 294 (0) 3 : 0.823 0.177
295 295 (0) 3 : 0.821 0.179
296 296 (0) 3 : 0.814 0.186
297 297 (0) 3 : 0.876 0.124
298 298 (0) 3 : 0.768 0.232
299 299 (0) 3 : 0.597 0.403
300 300 (0) 3 : 0.849 0.151
301 301 (0) 4 : 0.714 0.286
302 302 (0) 4 : 0.502 0.498
303 303 (0) 4 : 0.508 0.492
304 304 (0) 4 : 0.659 0.341
305 305 (0) 4 : 0.648 0.352
306 306 (0) 4 : 0.467 0.533
307 307 (0) 4 : 0.466 0.534
308 308 (0) 4 : 0.579 0.421
309 309 (0) 4 : 0.498 0.502
310 310 (0) 4 : 0.412 0.588
311 311 (0) 4 : 0.315 0.685
312 312 (0) 4 : 0.684 0.316
313 313 (0) 4 : 0.643 0.357
314 314 (0) 4 : 0.422 0.578
315 315 (0) 4 : 0.540 0.460
316 316 (0) 4 : 0.458 0.542
317 317 (0) 4 : 0.478 0.522
318 318 (0) 4 : 0.497 0.503
319 319 (0) 4 : 0.431 0.569
320 320 (0) 4 : 0.542 0.458
321 321 (0) 4 : 0.550 0.450
322 322 (0) 4 : 0.501 0.499
323 323 (0) 4 : 0.450 0.550
324 324 (0) 4 : 0.622 0.378
325 325 (0) 4 : 0.590 0.410
326 326 (0) 4 : 0.570 0.430
327 327 (0) 4 : 0.446 0.554
328 328 (0) 4 : 0.477 0.523
329 329 (0) 4 : 0.528 0.472
330 330 (0) 4 : 0.555 0.445
331 331 (0) 4 : 0.538 0.462
332 332 (0) 4 : 0.411 0.589
333 333 (0) 4 : 0.456 0.544
334 334 (0) 4 : 0.461 0.539
335 335 (0) 4 : 0.421 0.579
336 336 (0) 4 : 0.507 0.493
337 337 (0) 4 : 0.475 0.525
338 338 (0) 4 : 0.521 0.479
339 339 (0) 4 : 0.608 0.392
340 340 (0) 4 : 0.429 0.571
341 341 (0) 4 : 0.488 0.512
342 342 (0) 4 : 0.493 0.507
343 343 (0) 4 : 0.529 0.471
344 344 (0) 4 : 0.519 0.481
345 345 (0) 4 : 0.562 0.438
346 346 (0) 4 : 0.382 0.618
347 347 (0) 4 : 0.540 0.460
348 348 (0) 4 : 0.485 0.515
349 349 (0) 4 : 0.644 0.356
350 350 (0) 4 : 0.593 0.407
351 351 (0) 4 : 0.563 0.437
352 352 (0) 4 : 0.531 0.469
353 353 (0) 4 : 0.472 0.528
354 354 (0) 4 : 0.767 0.233
355 355 (0) 4 : 0.623 0.377
356 356 (0) 4 : 0.454 0.546
357 357 (0) 4 : 0.378 0.622
358 358 (0) 4 : 0.637 0.363
359 359 (0) 4 : 0.426 0.574
360 360 (0) 4 : 0.628 0.372
361 361 (0) 4 : 0.356 0.644
362 362 (0) 4 : 0.583 0.417
363 363 (0) 4 : 0.516 0.484
364 364 (0) 4 : 0.528 0.472
365 365 (0) 4 : 0.433 0.567
366 366 (0) 4 : 0.619 0.381
367 367 (0) 4 : 0.332 0.668
368 368 (0) 4 : 0.404 0.596
369 369 (0) 4 : 0.584 0.416
370 370 (0) 4 : 0.514 0.486
371 371 (0) 4 : 0.446 0.554
372 372 (0) 4 : 0.622 0.378
373 373 (0) 4 : 0.431 0.569
374 374 (0) 4 : 0.483 0.517
375 375 (0) 4 : 0.495 0.505
376 376 (0) 4 : 0.467 0.533
377 377 (0) 4 : 0.465 0.535
378 378 (0) 4 : 0.460 0.540
379 379 (0) 4 : 0.607 0.393
380 380 (0) 4 : 0.678 0.322
381 381 (0) 4 : 0.493 0.507
382 382 (0) 4 : 0.504 0.496
383 383 (0) 4 : 0.556 0.444
384 384 (0) 4 : 0.408 0.592
385 385 (0) 4 : 0.512 0.488
386 386 (0) 4 : 0.460 0.540
387 387 (0) 4 : 0.581 0.419
388 388 (0) 4 : 0.482 0.518
389 389 (0) 4 : 0.515 0.485
390 390 (0) 4 : 0.566 0.434
391 391 (0) 4 : 0.482 0.518
392 392 (0) 4 : 0.550 0.450
393 393 (0) 4 : 0.560 0.440
394 394 (0) 4 : 0.629 0.371
395 395 (0) 4 : 0.592 0.408
396 396 (0) 4 : 0.491 0.509
397 397 (0) 4 : 0.484 0.516
398 398 (0) 4 : 0.463 0.537
399 399 (0) 4 : 0.496 0.504
400 400 (0) 4 : 0.509 0.491
401 401 (0) 5 : 0.375 0.625
402 402 (0) 5 : 0.399 0.601
403 403 (0) 5 : 0.368 0.632
404 404 (0) 5 : 0.222 0.778
405 405 (0) 5 : 0.371 0.629
406 406 (0) 5 : 0.163 0.837
407 407 (0) 5 : 0.337 0.663
408 408 (0) 5 : 0.232 0.768
409 409 (0) 5 : 0.305 0.695
410 410 (0) 5 : 0.252 0.748
411 411 (0) 5 : 0.188 0.812
412 412 (0) 5 : 0.273 0.727
413 413 (0) 5 : 0.140 0.860
414 414 (0) 5 : 0.223 0.777
415 415 (0) 5 : 0.246 0.754
416 416 (0) 5 : 0.336 0.664
417 417 (0) 5 : 0.096 0.904
418 418 (0) 5 : 0.276 0.724
419 419 (0) 5 : 0.198 0.802
420 420 (0) 5 : 0.213 0.787
421 421 (0) 5 : 0.256 0.744
422 422 (0) 5 : 0.300 0.700
423 423 (0) 5 : 0.315 0.685
424 424 (0) 5 : 0.324 0.676
425 425 (0) 5 : 0.313 0.687
426 426 (0) 5 : 0.361 0.639
427 427 (0) 5 : 0.076 0.924
428 428 (0) 5 : 0.299 0.701
429 429 (0) 5 : 0.226 0.774
430 430 (0) 5 : 0.161 0.839
431 431 (0) 5 : 0.226 0.774
432 432 (0) 5 : 0.223 0.777
433 433 (0) 5 : 0.221 0.779
434 434 (0) 5 : 0.240 0.760
435 435 (0) 5 : 0.124 0.876
436 436 (0) 5 : 0.196 0.804
437 437 (0) 5 : 0.359 0.641
438 438 (0) 5 : 0.054 0.946
439 439 (0) 5 : 0.355 0.645
440 440 (0) 5 : 0.335 0.665
441 441 (0) 5 : 0.257 0.743
442 442 (0) 5 : 0.279 0.721
443 443 (0) 5 : 0.320 0.680
444 444 (0) 5 : 0.275 0.725
445 445 (0) 5 : 0.327 0.673
446 446 (0) 5 : 0.155 0.845
447 447 (0) 5 : 0.398 0.602
448 448 (0) 5 : 0.227 0.773
449 449 (0) 5 : 0.358 0.642
450 450 (0) 5 : 0.097 0.903
451 451 (0) 5 : 0.375 0.625
452 452 (0) 5 : 0.189 0.811
453 453 (0) 5 : 0.152 0.848
454 454 (0) 5 : 0.035 0.965
455 455 (0) 5 : 0.332 0.668
456 456 (0) 5 : 0.271 0.729
457 457 (0) 5 : 0.256 0.744
458 458 (0) 5 : 0.322 0.678
459 459 (0) 5 : 0.283 0.717
460 460 (0) 5 : 0.199 0.801
461 461 (0) 5 : 0.396 0.604
462 462 (0) 5 : 0.391 0.609
463 463 (0) 5 : 0.335 0.665
464 464 (0) 5 : 0.180 0.820
465 465 (0) 5 : 0.304 0.696
466 466 (0) 5 : 0.110 0.890
467 467 (0) 5 : 0.292 0.708
468 468 (0) 5 : 0.269 0.731
469 469 (0) 5 : 0.258 0.742
470 470 (0) 5 : 0.331 0.669
471 471 (0) 5 : 0.215 0.785
472 472 (0) 5 : 0.220 0.780
473 473 (0) 5 : 0.125 0.875
474 474 (0) 5 : 0.285 0.715
475 475 (0) 5 : 0.152 0.848
476 476 (0) 5 : 0.324 0.676
477 477 (0) 5 : 0.178 0.822
478 478 (0) 5 : 0.068 0.932
479 479 (0) 5 : 0.177 0.823
480 480 (0) 5 : 0.300 0.700
481 481 (0) 5 : 0.281 0.719
482 482 (0) 5 : 0.356 0.644
483 483 (0) 5 : 0.233 0.767
484 484 (0) 5 : 0.255 0.745
485 485 (0) 5 : 0.230 0.770
486 486 (0) 5 : 0.267 0.733
487 487 (0) 5 : 0.327 0.673
488 488 (0) 5 : 0.179 0.821
489 489 (0) 5 : 0.134 0.866
490 490 (0) 5 : 0.350 0.650
491 491 (0) 5 : 0.128 0.872
492 492 (0) 5 : 0.119 0.881
493 493 (0) 5 : 0.217 0.783
494 494 (0) 5 : 0.340 0.660
495 495 (0) 5 : 0.237 0.763
496 496 (0) 5 : 0.164 0.836
497 497 (0) 5 : 0.200 0.800
498 498 (0) 5 : 0.434 0.566
499 499 (0) 5 : 0.339 0.661
500 500 (0) 5 : 0.275 0.725
501 501 (0) 6 : 0.092 0.908
502 502 (0) 6 : 0.166 0.834
503 503 (0) 6 : 0.052 0.948
504 504 (0) 6 : 0.316 0.684
505 505 (0) 6 : 0.041 0.959
506 506 (0) 6 : 0.056 0.944
507 507 (0) 6 : 0.080 0.920
508 508 (0) 6 : 0.166 0.834
509 509 (0) 6 : 0.198 0.802
510 510 (0) 6 : 0.024 0.976
511 511 (0) 6 : 0.081 0.919
512 512 (0) 6 : 0.186 0.814
513 513 (0) 6 : 0.157 0.843
514 514 (0) 6 : 0.064 0.936
515 515 (0) 6 : 0.107 0.893
516 516 (0) 6 : 0.017 0.983
517 517 (0) 6 : 0.094 0.906
518 518 (0) 6 : 0.074 0.926
519 519 (0) 6 : 0.220 0.780
520 520 (0) 6 : 0.056 0.944
521 521 (0) 6 : 0.141 0.859
522 522 (0) 6 : 0.285 0.715
523 523 (0) 6 : 0.149 0.851
524 524 (0) 6 : 0.271 0.729
525 525 (0) 6 : 0.106 0.894
526 526 (0) 6 : 0.094 0.906
527 527 (0) 6 : 0.087 0.913
528 528 (0) 6 : 0.299 0.701
529 529 (0) 6 : 0.260 0.740
530 530 (0) 6 : 0.073 0.927
531 531 (0) 6 : 0.046 0.954
532 532 (0) 6 : 0.084 0.916
533 533 (0) 6 : 0.204 0.796
534 534 (0) 6 : 0.185 0.815
535 535 (0) 6 : 0.071 0.929
536 536 (0) 6 : 0.074 0.926
537 537 (0) 6 : 0.040 0.960
538 538 (0) 6 : 0.178 0.822
539 539 (0) 6 : 0.180 0.820
540 540 (0) 6 : 0.192 0.808
541 541 (0) 6 : 0.118 0.882
542 542 (0) 6 : 0.121 0.879
543 543 (0) 6 : 0.076 0.924
544 544 (0) 6 : 0.160 0.840
545 545 (0) 6 : 0.082 0.918
546 546 (0) 6 : 0.174 0.826
547 547 (0) 6 : 0.197 0.803
548 548 (0) 6 : 0.233 0.767
549 549 (0) 6 : 0.060 0.940
550 550 (0) 6 : 0.152 0.848
551 551 (0) 6 : 0.098 0.902
552 552 (0) 6 : 0.150 0.850
553 553 (0) 6 : 0.093 0.907
554 554 (0) 6 : 0.307 0.693
555 555 (0) 6 : 0.177 0.823
556 556 (0) 6 : 0.028 0.972
557 557 (0) 6 : 0.035 0.965
558 558 (0) 6 : 0.018 0.982
559 559 (0) 6 : 0.026 0.974
560 560 (0) 6 : 0.187 0.813
561 561 (0) 6 : 0.141 0.859
562 562 (0) 6 : 0.098 0.902
563 563 (0) 6 : 0.045 0.955
564 564 (0) 6 : 0.080 0.920
565 565 (0) 6 : 0.028 0.972
566 566 (0) 6 : 0.144 0.856
567 567 (0) 6 : 0.078 0.922
568 568 (0) 6 : 0.115 0.885
569 569 (0) 6 : 0.059 0.941
570 570 (0) 6 : 0.022 0.978
571 571 (0) 6 : 0.101 0.899
572 572 (0) 6 : 0.066 0.934
573 573 (0) 6 : 0.079 0.921
574 574 (0) 6 : 0.021 0.979
575 575 (0) 6 : 0.026 0.974
576 576 (0) 6 : 0.210 0.790
577 577 (0) 6 : 0.252 0.748
578 578 (0) 6 : 0.114 0.886
579 579 (0) 6 : 0.102 0.898
580 580 (0) 6 : 0.165 0.835
581 581 (0) 6 : 0.181 0.819
582 582 (0) 6 : 0.043 0.957
583 583 (0) 6 : 0.059 0.941
584 584 (0) 6 : 0.064 0.936
585 585 (0) 6 : 0.249 0.751
586 586 (0) 6 : 0.142 0.858
587 587 (0) 6 : 0.041 0.959
588 588 (0) 6 : 0.151 0.849
589 589 (0) 6 : 0.062 0.938
590 590 (0) 6 : 0.065 0.935
591 591 (0) 6 : 0.019 0.981
592 592 (0) 6 : 0.060 0.940
593 593 (0) 6 : 0.239 0.761
594 594 (0) 6 : 0.028 0.972
595 595 (0) 6 : 0.155 0.845
596 596 (0) 6 : 0.135 0.865
597 597 (0) 6 : 0.072 0.928
598 598 (0) 6 : 0.111 0.889
599 599 (0) 6 : 0.130 0.870
600 600 (0) 6 : 0.103 0.897
601 601 (5) 7 : 0.032 0.968
602 602 (0) 7 : 0.037 0.963
603 603 (0) 7 : 0.019 0.981
604 604 (0) 7 : 0.071 0.929
605 605 (0) 7 : 0.022 0.978
606 606 (0) 7 : 0.025 0.975
607 607 (0) 7 : 0.016 0.984
608 608 (0) 7 : 0.027 0.973
609 609 (0) 7 : 0.032 0.968
610 610 (0) 7 : 0.030 0.970
611 611 (0) 7 : 0.015 0.985
612 612 (0) 7 : 0.019 0.981
613 613 (0) 7 : 0.031 0.969
614 614 (5) 7 : 0.015 0.985
615 615 (0) 7 : 0.020 0.980
616 616 (0) 7 : 0.018 0.982
617 617 (0) 7 : 0.022 0.978
618 618 (0) 7 : 0.034 0.966
619 619 (0) 7 : 0.029 0.971
620 620 (0) 7 : 0.019 0.981
621 621 (0) 7 : 0.016 0.984
622 622 (0) 7 : 0.028 0.972
623 623 (0) 7 : 0.018 0.982
624 624 (0) 7 : 0.014 0.986
625 625 (0) 7 : 0.015 0.985
626 626 (0) 7 : 0.018 0.982
627 627 (0) 7 : 0.018 0.982
628 628 (0) 7 : 0.018 0.982
629 629 (0) 8 : 0.037 0.963
630 630 (0) 8 : 0.019 0.981
631 631 (0) 8 : 0.022 0.978
632 632 (0) 8 : 0.020 0.980
633 633 (0) 8 : 0.015 0.985
634 634 (0) 8 : 0.018 0.982
635 635 (0) 8 : 0.021 0.979
636 636 (0) 8 : 0.021 0.979
637 637 (0) 8 : 0.024 0.976
638 638 (0) 8 : 0.016 0.984
639 639 (0) 8 : 0.017 0.983
640 640 (0) 8 : 0.024 0.976
641 641 (0) 8 : 0.017 0.983
642 642 (0) 8 : 0.017 0.983
643 643 (0) 8 : 0.017 0.983
644 644 (0) 8 : 0.020 0.980
645 645 (0) 8 : 0.023 0.977
646 646 (0) 8 : 0.024 0.976
647 647 (0) 8 : 0.016 0.984
648 648 (0) 8 : 0.029 0.971
649 649 (0) 8 : 0.016 0.984
650 650 (0) 8 : 0.018 0.982
651 651 (0) 8 : 0.023 0.977
652 652 (0) 8 : 0.031 0.969
653 653 (0) 8 : 0.027 0.973
654 654 (0) 8 : 0.060 0.940
655 655 (0) 8 : 0.016 0.984
656 656 (0) 8 : 0.018 0.982
657 657 (0) 8 : 0.040 0.960
658 658 (0) 8 : 0.020 0.980
659 659 (0) 8 : 0.021 0.979
660 660 (0) 8 : 0.018 0.982
661 661 (0) 8 : 0.029 0.971
662 662 (0) 8 : 0.024 0.976
663 663 (0) 8 : 0.025 0.975
664 664 (0) 8 : 0.014 0.986
665 665 (0) 8 : 0.017 0.983
666 666 (0) 8 : 0.023 0.977
667 667 (0) 8 : 0.039 0.961
668 668 (0) 8 : 0.023 0.977
669 669 (0) 8 : 0.015 0.985
670 670 (0) 8 : 0.024 0.976
671 671 (0) 8 : 0.020 0.980
672 672 (0) 8 : 0.020 0.980
673 673 (0) 8 : 0.028 0.972
674 674 (0) 8 : 0.022 0.978
675 675 (0) 8 : 0.026 0.974
676 676 (0) 8 : 0.019 0.981
677 677 (0) 8 : 0.015 0.985
678 678 (0) 8 : 0.016 0.984
679 679 (0) 8 : 0.019 0.981
680 680 (0) 8 : 0.026 0.974
681 681 (0) 8 : 0.024 0.976
682 682 (0) 8 : 0.038 0.962
683 683 (0) 8 : 0.017 0.983
684 684 (0) 8 : 0.019 0.981
685 685 (0) 8 : 0.017 0.983
686 686 (0) 8 : 0.025 0.975
687 687 (0) 8 : 0.021 0.979
688 688 (0) 8 : 0.024 0.976
689 689 (0) 8 : 0.020 0.980
690 690 (0) 8 : 0.022 0.978
691 691 (0) 8 : 0.031 0.969
692 692 (0) 8 : 0.025 0.975
693 693 (0) 8 : 0.015 0.985
694 694 (0) 8 : 0.025 0.975
695 695 (0) 8 : 0.016 0.984
696 696 (0) 8 : 0.025 0.975
697 697 (0) 8 : 0.016 0.984
698 698 (0) 8 : 0.016 0.984
699 699 (0) 8 : 0.045 0.955
700 700 (0) 8 : 0.027 0.973
