

----------------------------------------------------
STRUCTURE by Pritchard, Stephens and Donnelly (2000)
     and Falush, Stephens and Pritchard (2003)
       Code by Pritchard, Falush and Hubisz
             Version 2.3.4 (Jul 2012)
----------------------------------------------------



Command line arguments:   /home/eva.pavlovic/Structure/structure -m parameter_job_4b1_4_2 
Input File:    /home/eva.pavlovic/data_job_4b1_4_2

Run parameters:
   700 individuals
   20 loci
   2 populations assumed
   300000 Burn-in period
   3000000 Reps


--------------------------------------------
Proportion of membership of each pre-defined
 population in each of the 2 clusters

Given    Inferred Clusters       Number of
 Pop       1      2             Individuals

  1:     0.964  0.036             100
  2:     0.893  0.107             100
  3:     0.784  0.216             100
  4:     0.511  0.489             100
  5:     0.249  0.751             100
  6:     0.115  0.885             100
  7:     0.024  0.976              28
  8:     0.025  0.975              72
--------------------------------------------

Allele-freq. divergence among pops (Net nucleotide distance),
computed using point estimates of P.

      1       2      
 1      -    0.1181  
 2   0.1181     -    

Average distances (expected heterozygosity) between individuals in same cluster:
cluster  1  : 0.7961 
cluster  2  : 0.6497 

--------------------------------------------
Estimated Ln Prob of Data   = -49988.8
Mean value of ln likelihood = -49691.7
Variance of ln likelihood   = 594.0
Mean value of alpha         = 0.3876

Mean value of Fst_1         = 0.0116
Mean value of Fst_2         = 0.3094


Inferred ancestry of individuals:
        Label (%Miss) Pop:  Inferred clusters
  1    M1EL5    (5)    1 :  0.972 0.028 
  2    W26T6    (5)    1 :  0.943 0.057 
  3    W26XX    (5)    1 :  0.979 0.021 
  4    M013P    (0)    1 :  0.970 0.030 
  5    M1ELA    (0)    1 :  0.935 0.065 
  6    M2C73    (0)    1 :  0.973 0.027 
  7    W23P4    (0)    1 :  0.948 0.052 
  8    W247C    (5)    1 :  0.971 0.029 
  9    W24K1    (0)    1 :  0.977 0.023 
 10    W24ME    (0)    1 :  0.950 0.050 
 11    W2514    (0)    1 :  0.973 0.027 
 12    W26MA    (0)    1 :  0.948 0.052 
 13    W26MM    (0)    1 :  0.950 0.050 
 14    W26MU    (0)    1 :  0.971 0.029 
 15    W26P0    (0)    1 :  0.970 0.030 
 16    W26P3    (0)    1 :  0.978 0.022 
 17    W26T5    (0)    1 :  0.981 0.019 
 18    W26TE    (0)    1 :  0.960 0.040 
 19    W26TF    (0)    1 :  0.939 0.061 
 20    W26U8    (0)    1 :  0.942 0.058 
 21    W26UJ    (0)    1 :  0.970 0.030 
 22    W26UK    (0)    1 :  0.984 0.016 
 23    W26UT    (0)    1 :  0.979 0.021 
 24    W26XT    (0)    1 :  0.962 0.038 
 25   CC06H2    (0)    1 :  0.935 0.065 
 26   CC06H4    (0)    1 :  0.956 0.044 
 27   CC06H5    (5)    1 :  0.960 0.040 
 28   CC06H6    (0)    1 :  0.984 0.016 
 29   CC06HE    (0)    1 :  0.976 0.024 
 30   CC06HF    (0)    1 :  0.934 0.066 
 31   CC06HH    (0)    1 :  0.979 0.021 
 32   CC06HJ    (0)    1 :  0.946 0.054 
 33   CC06HL    (0)    1 :  0.976 0.024 
 34   CC06HP    (0)    1 :  0.980 0.020 
 35   CC06HT    (0)    1 :  0.958 0.042 
 36   CC06HU    (0)    1 :  0.966 0.034 
 37   CC06HY    (0)    1 :  0.959 0.041 
 38   CC06J0    (0)    1 :  0.957 0.043 
 39   CC06J1    (0)    1 :  0.961 0.039 
 40   CC06J2    (0)    1 :  0.961 0.039 
 41  CT.0YCY    (0)    1 :  0.975 0.025 
 42  CT.0YEC    (0)    1 :  0.982 0.018 
 43  CT.0YEF    (0)    1 :  0.978 0.022 
 44  CT.0YEU    (0)    1 :  0.983 0.017 
 45  CT.0YF2    (5)    1 :  0.951 0.049 
 46  CT.0YF8    (0)    1 :  0.985 0.015 
 47  CT.0YFA    (0)    1 :  0.983 0.017 
 48  CT.0YFE    (0)    1 :  0.975 0.025 
 49  CT.0YFP    (0)    1 :  0.935 0.065 
 50  CT.0YFU    (0)    1 :  0.973 0.027 
 51  CT.0YK7    (0)    1 :  0.956 0.044 
 52  CX.10PT    (0)    1 :  0.871 0.129 
 53   DAM021    (0)    1 :  0.970 0.030 
 54   DAM034    (0)    1 :  0.983 0.017 
 55   DAM07X    (0)    1 :  0.977 0.023 
 56  EF.15J6    (0)    1 :  0.978 0.022 
 57   HRV010   (10)    1 :  0.961 0.039 
 58   HRV02J    (5)    1 :  0.971 0.029 
 59   HRV078    (0)    1 :  0.960 0.040 
 60   HRV0FH    (0)    1 :  0.979 0.021 
 61   HRV0H5    (0)    1 :  0.970 0.030 
 62   HRV0JF    (0)    1 :  0.973 0.027 
 63   HRV0JJ    (0)    1 :  0.972 0.028 
 64   HRV0JM    (0)    1 :  0.979 0.021 
 65   HRV0K6    (0)    1 :  0.914 0.086 
 66   HRV0K7    (0)    1 :  0.975 0.025 
 67   HRV0KP    (5)    1 :  0.931 0.069 
 68   HRV1AX    (0)    1 :  0.970 0.030 
 69   HRV1C4    (0)    1 :  0.982 0.018 
 70   HRV1CH    (0)    1 :  0.970 0.030 
 71   HRV1FA    (5)    1 :  0.970 0.030 
 72   HRV1FK    (0)    1 :  0.939 0.061 
 73   HRV1H8    (5)    1 :  0.978 0.022 
 74   HRV1HT   (10)    1 :  0.957 0.043 
 75   HRV1XU   (10)    1 :  0.915 0.085 
 76   HRV4TF    (0)    1 :  0.972 0.028 
 77   HRV6F0   (10)    1 :  0.963 0.037 
 78   HRVE6L    (0)    1 :  0.962 0.038 
 79    M27HM    (5)    1 :  0.978 0.022 
 80    M27HP    (0)    1 :  0.977 0.023 
 81    M2AK4    (0)    1 :  0.972 0.028 
 82    M2ALA    (0)    1 :  0.976 0.024 
 83    M2C56    (0)    1 :  0.975 0.025 
 84    M2CUX    (0)    1 :  0.949 0.051 
 85    M2E24    (0)    1 :  0.980 0.020 
 86    M2EA7    (5)    1 :  0.971 0.029 
 87    M2EH6    (0)    1 :  0.977 0.023 
 88    M2EKC    (0)    1 :  0.925 0.075 
 89   MSV083    (0)    1 :  0.907 0.093 
 90   MSV084    (0)    1 :  0.974 0.026 
 91   MSV0LJ    (0)    1 :  0.970 0.030 
 92   MSV1H5    (0)    1 :  0.975 0.025 
 93   MSV1KM    (0)    1 :  0.981 0.019 
 94   MSV23F    (5)    1 :  0.948 0.052 
 95   MSV2L8    (0)    1 :  0.969 0.031 
 96   MSV2P7    (5)    1 :  0.976 0.024 
 97   MSV2TJ    (0)    1 :  0.981 0.019 
 98   MSV2XM    (0)    1 :  0.967 0.033 
 99   MSV327    (5)    1 :  0.967 0.033 
100   MSV33L    (5)    1 :  0.978 0.022 
101     h001    (0)    2 :  0.886 0.114 
102     h002    (0)    2 :  0.810 0.190 
103     h003    (0)    2 :  0.967 0.033 
104     h004    (0)    2 :  0.939 0.061 
105     h005    (0)    2 :  0.846 0.154 
106     h006    (0)    2 :  0.912 0.088 
107     h007    (0)    2 :  0.881 0.119 
108     h008    (0)    2 :  0.848 0.152 
109     h009    (0)    2 :  0.824 0.176 
110     h010    (0)    2 :  0.844 0.156 
111     h011    (0)    2 :  0.896 0.104 
112     h012    (0)    2 :  0.954 0.046 
113     h013    (0)    2 :  0.883 0.117 
114     h014    (0)    2 :  0.875 0.125 
115     h015    (0)    2 :  0.977 0.023 
116     h016    (0)    2 :  0.937 0.063 
117     h017    (0)    2 :  0.980 0.020 
118     h018    (0)    2 :  0.838 0.162 
119     h019    (0)    2 :  0.960 0.040 
120     h020    (0)    2 :  0.980 0.020 
121     h021    (0)    2 :  0.879 0.121 
122     h022    (0)    2 :  0.925 0.075 
123     h023    (0)    2 :  0.954 0.046 
124     h024    (0)    2 :  0.845 0.155 
125     h025    (0)    2 :  0.929 0.071 
126     h026    (0)    2 :  0.940 0.060 
127     h027    (0)    2 :  0.885 0.115 
128     h028    (0)    2 :  0.901 0.099 
129     h029    (0)    2 :  0.819 0.181 
130     h030    (0)    2 :  0.925 0.075 
131     h031    (0)    2 :  0.925 0.075 
132     h032    (0)    2 :  0.964 0.036 
133     h033    (0)    2 :  0.973 0.027 
134     h034    (0)    2 :  0.885 0.115 
135     h035    (0)    2 :  0.931 0.069 
136     h036    (0)    2 :  0.978 0.022 
137     h037    (0)    2 :  0.770 0.230 
138     h038    (0)    2 :  0.731 0.269 
139     h039    (0)    2 :  0.948 0.052 
140     h040    (0)    2 :  0.982 0.018 
141     h041    (0)    2 :  0.846 0.154 
142     h042    (0)    2 :  0.854 0.146 
143     h043    (0)    2 :  0.893 0.107 
144     h044    (0)    2 :  0.962 0.038 
145     h045    (0)    2 :  0.897 0.103 
146     h046    (0)    2 :  0.957 0.043 
147     h047    (0)    2 :  0.961 0.039 
148     h048    (0)    2 :  0.809 0.191 
149     h049    (0)    2 :  0.927 0.073 
150     h050    (0)    2 :  0.731 0.269 
151     h051    (0)    2 :  0.974 0.026 
152     h052    (0)    2 :  0.960 0.040 
153     h053    (0)    2 :  0.835 0.165 
154     h054    (0)    2 :  0.970 0.030 
155     h055    (0)    2 :  0.924 0.076 
156     h056    (0)    2 :  0.825 0.175 
157     h057    (0)    2 :  0.932 0.068 
158     h058    (0)    2 :  0.963 0.037 
159     h059    (0)    2 :  0.944 0.056 
160     h060    (0)    2 :  0.944 0.056 
161     h061    (0)    2 :  0.914 0.086 
162     h062    (0)    2 :  0.813 0.187 
163     h063    (0)    2 :  0.882 0.118 
164     h064    (0)    2 :  0.900 0.100 
165     h065    (0)    2 :  0.899 0.101 
166     h066    (0)    2 :  0.976 0.024 
167     h067    (0)    2 :  0.803 0.197 
168     h068    (0)    2 :  0.859 0.141 
169     h069    (0)    2 :  0.588 0.412 
170     h070    (0)    2 :  0.935 0.065 
171     h071    (0)    2 :  0.703 0.297 
172     h072    (0)    2 :  0.625 0.375 
173     h073    (0)    2 :  0.833 0.167 
174     h074    (0)    2 :  0.722 0.278 
175     h075    (0)    2 :  0.887 0.113 
176     h076    (0)    2 :  0.914 0.086 
177     h077    (0)    2 :  0.917 0.083 
178     h078    (0)    2 :  0.901 0.099 
179     h079    (0)    2 :  0.800 0.200 
180     h080    (0)    2 :  0.927 0.073 
181     h081    (0)    2 :  0.960 0.040 
182     h082    (0)    2 :  0.959 0.041 
183     h083    (0)    2 :  0.975 0.025 
184     h084    (0)    2 :  0.721 0.279 
185     h085    (0)    2 :  0.974 0.026 
186     h086    (0)    2 :  0.886 0.114 
187     h087    (0)    2 :  0.967 0.033 
188     h088    (0)    2 :  0.888 0.112 
189     h089    (0)    2 :  0.972 0.028 
190     h090    (0)    2 :  0.875 0.125 
191     h091    (0)    2 :  0.897 0.103 
192     h092    (0)    2 :  0.942 0.058 
193     h093    (0)    2 :  0.784 0.216 
194     h094    (0)    2 :  0.853 0.147 
195     h095    (0)    2 :  0.921 0.079 
196     h096    (0)    2 :  0.952 0.048 
197     h097    (0)    2 :  0.971 0.029 
198     h098    (0)    2 :  0.849 0.151 
199     h099    (0)    2 :  0.925 0.075 
200     h100    (0)    2 :  0.955 0.045 
201    h0011    (0)    3 :  0.676 0.324 
202    h0021    (0)    3 :  0.878 0.122 
203    h0031    (0)    3 :  0.869 0.131 
204    h0041    (0)    3 :  0.764 0.236 
205    h0051    (0)    3 :  0.744 0.256 
206    h0061    (0)    3 :  0.792 0.208 
207    h0071    (0)    3 :  0.706 0.294 
208    h0081    (0)    3 :  0.807 0.193 
209    h0091    (0)    3 :  0.834 0.166 
210    h0101    (0)    3 :  0.446 0.554 
211    h0111    (0)    3 :  0.756 0.244 
212    h0121    (0)    3 :  0.788 0.212 
213    h0131    (0)    3 :  0.942 0.058 
214    h0141    (0)    3 :  0.694 0.306 
215    h0151    (0)    3 :  0.851 0.149 
216    h0161    (0)    3 :  0.822 0.178 
217    h0171    (0)    3 :  0.691 0.309 
218    h0181    (0)    3 :  0.787 0.213 
219    h0191    (0)    3 :  0.750 0.250 
220    h0201    (0)    3 :  0.767 0.233 
221    h0211    (0)    3 :  0.811 0.189 
222    h0221    (0)    3 :  0.804 0.196 
223    h0231    (0)    3 :  0.771 0.229 
224    h0241    (0)    3 :  0.657 0.343 
225    h0251    (0)    3 :  0.670 0.330 
226    h0261    (0)    3 :  0.865 0.135 
227    h0271    (0)    3 :  0.746 0.254 
228    h0281    (0)    3 :  0.604 0.396 
229    h0291    (0)    3 :  0.720 0.280 
230    h0301    (0)    3 :  0.748 0.252 
231    h0311    (0)    3 :  0.628 0.372 
232    h0321    (0)    3 :  0.751 0.249 
233    h0331    (0)    3 :  0.644 0.356 
234    h0341    (0)    3 :  0.796 0.204 
235    h0351    (0)    3 :  0.771 0.229 
236    h0361    (0)    3 :  0.555 0.445 
237    h0371    (0)    3 :  0.940 0.060 
238    h0381    (0)    3 :  0.940 0.060 
239    h0391    (0)    3 :  0.838 0.162 
240    h0401    (0)    3 :  0.922 0.078 
241    h0411    (0)    3 :  0.840 0.160 
242    h0421    (0)    3 :  0.850 0.150 
243    h0431    (0)    3 :  0.845 0.155 
244    h0441    (0)    3 :  0.647 0.353 
245    h0451    (0)    3 :  0.880 0.120 
246    h0461    (0)    3 :  0.766 0.234 
247    h0471    (0)    3 :  0.687 0.313 
248    h0481    (0)    3 :  0.820 0.180 
249    h0491    (0)    3 :  0.830 0.170 
250    h0501    (0)    3 :  0.740 0.260 
251    h0511    (0)    3 :  0.621 0.379 
252    h0521    (0)    3 :  0.756 0.244 
253    h0531    (0)    3 :  0.645 0.355 
254    h0541    (0)    3 :  0.798 0.202 
255    h0551    (0)    3 :  0.800 0.200 
256    h0561    (0)    3 :  0.692 0.308 
257    h0571    (0)    3 :  0.662 0.338 
258    h0581    (0)    3 :  0.948 0.052 
259    h0591    (0)    3 :  0.799 0.201 
260    h0601    (0)    3 :  0.765 0.235 
261    h0611    (0)    3 :  0.826 0.174 
262    h0621    (0)    3 :  0.748 0.252 
263    h0631    (0)    3 :  0.767 0.233 
264    h0641    (0)    3 :  0.822 0.178 
265    h0651    (0)    3 :  0.891 0.109 
266    h0661    (0)    3 :  0.902 0.098 
267    h0671    (0)    3 :  0.813 0.187 
268    h0681    (0)    3 :  0.801 0.199 
269    h0691    (0)    3 :  0.915 0.085 
270    h0701    (0)    3 :  0.856 0.144 
271    h0711    (0)    3 :  0.733 0.267 
272    h0721    (0)    3 :  0.895 0.105 
273    h0731    (0)    3 :  0.833 0.167 
274    h0741    (0)    3 :  0.729 0.271 
275    h0751    (0)    3 :  0.818 0.182 
276    h0761    (0)    3 :  0.747 0.253 
277    h0771    (0)    3 :  0.956 0.044 
278    h0781    (0)    3 :  0.812 0.188 
279    h0791    (0)    3 :  0.742 0.258 
280    h0801    (0)    3 :  0.948 0.052 
281    h0811    (0)    3 :  0.940 0.060 
282    h0821    (0)    3 :  0.797 0.203 
283    h0831    (0)    3 :  0.749 0.251 
284    h0841    (0)    3 :  0.717 0.283 
285    h0851    (0)    3 :  0.791 0.209 
286    h0861    (0)    3 :  0.925 0.075 
287    h0871    (0)    3 :  0.715 0.285 
288    h0881    (0)    3 :  0.719 0.281 
289    h0891    (0)    3 :  0.955 0.045 
290    h0901    (0)    3 :  0.844 0.156 
291    h0911    (0)    3 :  0.952 0.048 
292    h0921    (0)    3 :  0.632 0.368 
293    h0931    (0)    3 :  0.641 0.359 
294    h0941    (0)    3 :  0.661 0.339 
295    h0951    (0)    3 :  0.898 0.102 
296    h0961    (0)    3 :  0.934 0.066 
297    h0971    (0)    3 :  0.796 0.204 
298    h0981    (0)    3 :  0.826 0.174 
299    h0991    (0)    3 :  0.694 0.306 
300    h1001    (0)    3 :  0.762 0.238 
301    h0012    (0)    4 :  0.426 0.574 
302    h0022    (0)    4 :  0.510 0.490 
303    h0032    (0)    4 :  0.487 0.513 
304    h0042    (0)    4 :  0.562 0.438 
305    h0052    (0)    4 :  0.546 0.454 
306    h0062    (0)    4 :  0.483 0.517 
307    h0072    (0)    4 :  0.553 0.447 
308    h0082    (0)    4 :  0.397 0.603 
309    h0092    (0)    4 :  0.508 0.492 
310    h0102    (0)    4 :  0.437 0.563 
311    h0112    (0)    4 :  0.437 0.563 
312    h0122    (0)    4 :  0.443 0.557 
313    h0132    (0)    4 :  0.631 0.369 
314    h0142    (0)    4 :  0.453 0.547 
315    h0152    (0)    4 :  0.372 0.628 
316    h0162    (0)    4 :  0.442 0.558 
317    h0172    (0)    4 :  0.579 0.421 
318    h0182    (0)    4 :  0.399 0.601 
319    h0192    (0)    4 :  0.512 0.488 
320    h0202    (0)    4 :  0.538 0.462 
321    h0212    (0)    4 :  0.658 0.342 
322    h0222    (0)    4 :  0.630 0.370 
323    h0232    (0)    4 :  0.446 0.554 
324    h0242    (0)    4 :  0.412 0.588 
325    h0252    (0)    4 :  0.586 0.414 
326    h0262    (0)    4 :  0.526 0.474 
327    h0272    (0)    4 :  0.505 0.495 
328    h0282    (0)    4 :  0.565 0.435 
329    h0292    (0)    4 :  0.589 0.411 
330    h0302    (0)    4 :  0.448 0.552 
331    h0312    (0)    4 :  0.550 0.450 
332    h0322    (0)    4 :  0.513 0.487 
333    h0332    (0)    4 :  0.555 0.445 
334    h0342    (0)    4 :  0.598 0.402 
335    h0352    (0)    4 :  0.560 0.440 
336    h0362    (0)    4 :  0.492 0.508 
337    h0372    (0)    4 :  0.660 0.340 
338    h0382    (0)    4 :  0.481 0.519 
339    h0392    (0)    4 :  0.545 0.455 
340    h0402    (0)    4 :  0.561 0.439 
341    h0412    (0)    4 :  0.356 0.644 
342    h0422    (0)    4 :  0.499 0.501 
343    h0432    (0)    4 :  0.469 0.531 
344    h0442    (0)    4 :  0.399 0.601 
345    h0452    (0)    4 :  0.509 0.491 
346    h0462    (0)    4 :  0.612 0.388 
347    h0472    (0)    4 :  0.594 0.406 
348    h0482    (0)    4 :  0.564 0.436 
349    h0492    (0)    4 :  0.609 0.391 
350    h0502    (0)    4 :  0.583 0.417 
351    h0512    (0)    4 :  0.445 0.555 
352    h0522    (0)    4 :  0.503 0.497 
353    h0532    (0)    4 :  0.465 0.535 
354    h0542    (0)    4 :  0.466 0.534 
355    h0552    (0)    4 :  0.517 0.483 
356    h0562    (0)    4 :  0.440 0.560 
357    h0572    (0)    4 :  0.560 0.440 
358    h0582    (0)    4 :  0.670 0.330 
359    h0592    (0)    4 :  0.435 0.565 
360    h0602    (0)    4 :  0.561 0.439 
361    h0612    (0)    4 :  0.415 0.585 
362    h0622    (0)    4 :  0.459 0.541 
363    h0632    (0)    4 :  0.371 0.629 
364    h0642    (0)    4 :  0.474 0.526 
365    h0652    (0)    4 :  0.367 0.633 
366    h0662    (0)    4 :  0.571 0.429 
367    h0672    (0)    4 :  0.576 0.424 
368    h0682    (0)    4 :  0.526 0.474 
369    h0692    (0)    4 :  0.618 0.382 
370    h0702    (0)    4 :  0.391 0.609 
371    h0712    (0)    4 :  0.654 0.346 
372    h0722    (0)    4 :  0.560 0.440 
373    h0732    (0)    4 :  0.523 0.477 
374    h0742    (0)    4 :  0.327 0.673 
375    h0752    (0)    4 :  0.529 0.471 
376    h0762    (0)    4 :  0.620 0.380 
377    h0772    (0)    4 :  0.474 0.526 
378    h0782    (0)    4 :  0.551 0.449 
379    h0792    (0)    4 :  0.491 0.509 
380    h0802    (0)    4 :  0.514 0.486 
381    h0812    (0)    4 :  0.508 0.492 
382    h0822    (0)    4 :  0.490 0.510 
383    h0832    (0)    4 :  0.536 0.464 
384    h0842    (0)    4 :  0.538 0.462 
385    h0852    (0)    4 :  0.398 0.602 
386    h0862    (0)    4 :  0.472 0.528 
387    h0872    (0)    4 :  0.598 0.402 
388    h0882    (0)    4 :  0.589 0.411 
389    h0892    (0)    4 :  0.540 0.460 
390    h0902    (0)    4 :  0.547 0.453 
391    h0912    (0)    4 :  0.515 0.485 
392    h0922    (0)    4 :  0.486 0.514 
393    h0932    (0)    4 :  0.560 0.440 
394    h0942    (0)    4 :  0.498 0.502 
395    h0952    (0)    4 :  0.384 0.616 
396    h0962    (0)    4 :  0.527 0.473 
397    h0972    (0)    4 :  0.436 0.564 
398    h0982    (0)    4 :  0.591 0.409 
399    h0992    (0)    4 :  0.532 0.468 
400    h1002    (0)    4 :  0.544 0.456 
401    h0013    (0)    5 :  0.449 0.551 
402    h0023    (0)    5 :  0.251 0.749 
403    h0033    (0)    5 :  0.185 0.815 
404    h0043    (0)    5 :  0.256 0.744 
405    h0053    (0)    5 :  0.329 0.671 
406    h0063    (0)    5 :  0.333 0.667 
407    h0073    (0)    5 :  0.244 0.756 
408    h0083    (0)    5 :  0.152 0.848 
409    h0093    (0)    5 :  0.260 0.740 
410    h0103    (0)    5 :  0.251 0.749 
411    h0113    (0)    5 :  0.283 0.717 
412    h0123    (0)    5 :  0.136 0.864 
413    h0133    (0)    5 :  0.238 0.762 
414    h0143    (0)    5 :  0.254 0.746 
415    h0153    (0)    5 :  0.394 0.606 
416    h0163    (0)    5 :  0.336 0.664 
417    h0173    (0)    5 :  0.322 0.678 
418    h0183    (0)    5 :  0.157 0.843 
419    h0193    (0)    5 :  0.154 0.846 
420    h0203    (0)    5 :  0.143 0.857 
421    h0213    (0)    5 :  0.249 0.751 
422    h0223    (0)    5 :  0.245 0.755 
423    h0233    (0)    5 :  0.237 0.763 
424    h0243    (0)    5 :  0.212 0.788 
425    h0253    (0)    5 :  0.214 0.786 
426    h0263    (0)    5 :  0.218 0.782 
427    h0273    (0)    5 :  0.097 0.903 
428    h0283    (0)    5 :  0.279 0.721 
429    h0293    (0)    5 :  0.199 0.801 
430    h0303    (0)    5 :  0.163 0.837 
431    h0313    (0)    5 :  0.376 0.624 
432    h0323    (0)    5 :  0.289 0.711 
433    h0333    (0)    5 :  0.361 0.639 
434    h0343    (0)    5 :  0.387 0.613 
435    h0353    (0)    5 :  0.295 0.705 
436    h0363    (0)    5 :  0.283 0.717 
437    h0373    (0)    5 :  0.281 0.719 
438    h0383    (0)    5 :  0.328 0.672 
439    h0393    (0)    5 :  0.269 0.731 
440    h0403    (0)    5 :  0.215 0.785 
441    h0413    (0)    5 :  0.296 0.704 
442    h0423    (0)    5 :  0.287 0.713 
443    h0433    (0)    5 :  0.341 0.659 
444    h0443    (0)    5 :  0.369 0.631 
445    h0453    (0)    5 :  0.283 0.717 
446    h0463    (0)    5 :  0.361 0.639 
447    h0473    (0)    5 :  0.355 0.645 
448    h0483    (0)    5 :  0.112 0.888 
449    h0493    (0)    5 :  0.044 0.956 
450    h0503    (0)    5 :  0.166 0.834 
451    h0513    (0)    5 :  0.174 0.826 
452    h0523    (0)    5 :  0.259 0.741 
453    h0533    (0)    5 :  0.292 0.708 
454    h0543    (0)    5 :  0.336 0.664 
455    h0553    (0)    5 :  0.063 0.937 
456    h0563    (0)    5 :  0.290 0.710 
457    h0573    (0)    5 :  0.174 0.826 
458    h0583    (0)    5 :  0.398 0.602 
459    h0593    (0)    5 :  0.067 0.933 
460    h0603    (0)    5 :  0.093 0.907 
461    h0613    (0)    5 :  0.326 0.674 
462    h0623    (0)    5 :  0.530 0.470 
463    h0633    (0)    5 :  0.091 0.909 
464    h0643    (0)    5 :  0.265 0.735 
465    h0653    (0)    5 :  0.221 0.779 
466    h0663    (0)    5 :  0.374 0.626 
467    h0673    (0)    5 :  0.230 0.770 
468    h0683    (0)    5 :  0.199 0.801 
469    h0693    (0)    5 :  0.227 0.773 
470    h0703    (0)    5 :  0.191 0.809 
471    h0713    (0)    5 :  0.150 0.850 
472    h0723    (0)    5 :  0.278 0.722 
473    h0733    (0)    5 :  0.315 0.685 
474    h0743    (0)    5 :  0.303 0.697 
475    h0753    (0)    5 :  0.233 0.767 
476    h0763    (0)    5 :  0.282 0.718 
477    h0773    (0)    5 :  0.247 0.753 
478    h0783    (0)    5 :  0.107 0.893 
479    h0793    (0)    5 :  0.267 0.733 
480    h0803    (0)    5 :  0.153 0.847 
481    h0813    (0)    5 :  0.287 0.713 
482    h0823    (0)    5 :  0.301 0.699 
483    h0833    (0)    5 :  0.202 0.798 
484    h0843    (0)    5 :  0.122 0.878 
485    h0853    (0)    5 :  0.267 0.733 
486    h0863    (0)    5 :  0.364 0.636 
487    h0873    (0)    5 :  0.233 0.767 
488    h0883    (0)    5 :  0.266 0.734 
489    h0893    (0)    5 :  0.065 0.935 
490    h0903    (0)    5 :  0.335 0.665 
491    h0913    (0)    5 :  0.108 0.892 
492    h0923    (0)    5 :  0.180 0.820 
493    h0933    (0)    5 :  0.313 0.687 
494    h0943    (0)    5 :  0.325 0.675 
495    h0953    (0)    5 :  0.223 0.777 
496    h0963    (0)    5 :  0.153 0.847 
497    h0973    (0)    5 :  0.242 0.758 
498    h0983    (0)    5 :  0.244 0.756 
499    h0993    (0)    5 :  0.307 0.693 
500    h1003    (0)    5 :  0.248 0.752 
501    h0014    (0)    6 :  0.090 0.910 
502    h0024    (0)    6 :  0.084 0.916 
503    h0034    (0)    6 :  0.252 0.748 
504    h0044    (0)    6 :  0.090 0.910 
505    h0054    (0)    6 :  0.125 0.875 
506    h0064    (0)    6 :  0.032 0.968 
507    h0074    (0)    6 :  0.133 0.867 
508    h0084    (0)    6 :  0.098 0.902 
509    h0094    (0)    6 :  0.068 0.932 
510    h0104    (0)    6 :  0.227 0.773 
511    h0114    (0)    6 :  0.087 0.913 
512    h0124    (0)    6 :  0.101 0.899 
513    h0134    (0)    6 :  0.168 0.832 
514    h0144    (0)    6 :  0.059 0.941 
515    h0154    (0)    6 :  0.161 0.839 
516    h0164    (0)    6 :  0.050 0.950 
517    h0174    (0)    6 :  0.158 0.842 
518    h0184    (0)    6 :  0.096 0.904 
519    h0194    (0)    6 :  0.051 0.949 
520    h0204    (0)    6 :  0.151 0.849 
521    h0214    (0)    6 :  0.247 0.753 
522    h0224    (0)    6 :  0.054 0.946 
523    h0234    (0)    6 :  0.023 0.977 
524    h0244    (0)    6 :  0.081 0.919 
525    h0254    (0)    6 :  0.080 0.920 
526    h0264    (0)    6 :  0.151 0.849 
527    h0274    (0)    6 :  0.072 0.928 
528    h0284    (0)    6 :  0.054 0.946 
529    h0294    (0)    6 :  0.163 0.837 
530    h0304    (0)    6 :  0.115 0.885 
531    h0314    (0)    6 :  0.128 0.872 
532    h0324    (0)    6 :  0.100 0.900 
533    h0334    (0)    6 :  0.152 0.848 
534    h0344    (0)    6 :  0.024 0.976 
535    h0354    (0)    6 :  0.082 0.918 
536    h0364    (0)    6 :  0.143 0.857 
537    h0374    (0)    6 :  0.033 0.967 
538    h0384    (0)    6 :  0.028 0.972 
539    h0394    (0)    6 :  0.178 0.822 
540    h0404    (0)    6 :  0.084 0.916 
541    h0414    (0)    6 :  0.078 0.922 
542    h0424    (0)    6 :  0.268 0.732 
543    h0434    (0)    6 :  0.046 0.954 
544    h0444    (0)    6 :  0.018 0.982 
545    h0454    (0)    6 :  0.019 0.981 
546    h0464    (0)    6 :  0.216 0.784 
547    h0474    (0)    6 :  0.180 0.820 
548    h0484    (0)    6 :  0.093 0.907 
549    h0494    (0)    6 :  0.184 0.816 
550    h0504    (0)    6 :  0.229 0.771 
551    h0514    (0)    6 :  0.086 0.914 
552    h0524    (0)    6 :  0.044 0.956 
553    h0534    (0)    6 :  0.141 0.859 
554    h0544    (0)    6 :  0.027 0.973 
555    h0554    (0)    6 :  0.031 0.969 
556    h0564    (0)    6 :  0.139 0.861 
557    h0574    (0)    6 :  0.028 0.972 
558    h0584    (0)    6 :  0.083 0.917 
559    h0594    (0)    6 :  0.108 0.892 
560    h0604    (0)    6 :  0.259 0.741 
561    h0614    (0)    6 :  0.249 0.751 
562    h0624    (0)    6 :  0.115 0.885 
563    h0634    (0)    6 :  0.027 0.973 
564    h0644    (0)    6 :  0.022 0.978 
565    h0654    (0)    6 :  0.152 0.848 
566    h0664    (0)    6 :  0.109 0.891 
567    h0674    (0)    6 :  0.190 0.810 
568    h0684    (0)    6 :  0.196 0.804 
569    h0694    (0)    6 :  0.159 0.841 
570    h0704    (0)    6 :  0.075 0.925 
571    h0714    (0)    6 :  0.187 0.813 
572    h0724    (0)    6 :  0.121 0.879 
573    h0734    (0)    6 :  0.217 0.783 
574    h0744    (0)    6 :  0.110 0.890 
575    h0754    (0)    6 :  0.101 0.899 
576    h0764    (0)    6 :  0.139 0.861 
577    h0774    (0)    6 :  0.176 0.824 
578    h0784    (0)    6 :  0.110 0.890 
579    h0794    (0)    6 :  0.041 0.959 
580    h0804    (0)    6 :  0.041 0.959 
581    h0814    (0)    6 :  0.123 0.877 
582    h0824    (0)    6 :  0.127 0.873 
583    h0834    (0)    6 :  0.107 0.893 
584    h0844    (0)    6 :  0.104 0.896 
585    h0854    (0)    6 :  0.187 0.813 
586    h0864    (0)    6 :  0.239 0.761 
587    h0874    (0)    6 :  0.167 0.833 
588    h0884    (0)    6 :  0.035 0.965 
589    h0894    (0)    6 :  0.085 0.915 
590    h0904    (0)    6 :  0.170 0.830 
591    h0914    (0)    6 :  0.167 0.833 
592    h0924    (0)    6 :  0.166 0.834 
593    h0934    (0)    6 :  0.142 0.858 
594    h0944    (0)    6 :  0.141 0.859 
595    h0954    (0)    6 :  0.082 0.918 
596    h0964    (0)    6 :  0.047 0.953 
597    h0974    (0)    6 :  0.041 0.959 
598    h0984    (0)    6 :  0.137 0.863 
599    h0994    (0)    6 :  0.031 0.969 
600    h1004    (0)    6 :  0.112 0.888 
601  CK.0PLA    (5)    7 :  0.034 0.966 
602  CK.0PLC    (0)    7 :  0.031 0.969 
603  CK.0PLE    (0)    7 :  0.020 0.980 
604  CK.0PLF    (0)    7 :  0.048 0.952 
605  CK.0PLH    (0)    7 :  0.027 0.973 
606  CK.0PLJ    (0)    7 :  0.023 0.977 
607  CK.0PLK    (0)    7 :  0.017 0.983 
608  CK.0PLL    (0)    7 :  0.032 0.968 
609  CK.0PLM    (0)    7 :  0.027 0.973 
610  CK.0PLP    (0)    7 :  0.027 0.973 
611  CK.0PLT    (0)    7 :  0.016 0.984 
612  CK.0PLU    (0)    7 :  0.019 0.981 
613  CK.0PLX    (0)    7 :  0.047 0.953 
614  CK.0PLY    (5)    7 :  0.015 0.985 
615  CK.0PM0    (0)    7 :  0.024 0.976 
616  CK.0PM1    (0)    7 :  0.017 0.983 
617  CK.0PM2    (0)    7 :  0.023 0.977 
618  CK.0PM3    (0)    7 :  0.023 0.977 
619  CK.0PM4    (0)    7 :  0.026 0.974 
620  CK.0PM7    (0)    7 :  0.018 0.982 
621  CK.0PM8    (0)    7 :  0.017 0.983 
622  CK.0PMA    (0)    7 :  0.027 0.973 
623    M2C06    (0)    7 :  0.018 0.982 
624    M2C07    (0)    7 :  0.015 0.985 
625    M2C08    (0)    7 :  0.014 0.986 
626    M2C0A    (0)    7 :  0.019 0.981 
627    M2C0C    (0)    7 :  0.017 0.983 
628    M2C0E    (0)    7 :  0.020 0.980 
629      h01    (0)    8 :  0.018 0.982 
630      h02    (0)    8 :  0.039 0.961 
631      h03    (0)    8 :  0.028 0.972 
632      h04    (0)    8 :  0.016 0.984 
633      h05    (0)    8 :  0.018 0.982 
634      h06    (0)    8 :  0.018 0.982 
635      h07    (0)    8 :  0.026 0.974 
636      h08    (0)    8 :  0.047 0.953 
637      h09    (0)    8 :  0.022 0.978 
638      h10    (0)    8 :  0.056 0.944 
639      h11    (0)    8 :  0.017 0.983 
640      h12    (0)    8 :  0.018 0.982 
641      h13    (0)    8 :  0.032 0.968 
642      h14    (0)    8 :  0.022 0.978 
643      h15    (0)    8 :  0.017 0.983 
644      h16    (0)    8 :  0.017 0.983 
645      h17    (0)    8 :  0.015 0.985 
646      h18    (0)    8 :  0.025 0.975 
647      h19    (0)    8 :  0.027 0.973 
648      h20    (0)    8 :  0.020 0.980 
649      h21    (0)    8 :  0.016 0.984 
650      h22    (0)    8 :  0.024 0.976 
651      h23    (0)    8 :  0.040 0.960 
652      h24    (0)    8 :  0.023 0.977 
653      h25    (0)    8 :  0.023 0.977 
654      h26    (0)    8 :  0.022 0.978 
655      h27    (0)    8 :  0.020 0.980 
656      h28    (0)    8 :  0.022 0.978 
657      h29    (0)    8 :  0.023 0.977 
658      h30    (0)    8 :  0.029 0.971 
659      h31    (0)    8 :  0.020 0.980 
660      h32    (0)    8 :  0.067 0.933 
661      h33    (0)    8 :  0.024 0.976 
662      h34    (0)    8 :  0.029 0.971 
663      h35    (0)    8 :  0.017 0.983 
664      h36    (0)    8 :  0.018 0.982 
665      h37    (0)    8 :  0.018 0.982 
666      h38    (0)    8 :  0.021 0.979 
667      h39    (0)    8 :  0.018 0.982 
668      h40    (0)    8 :  0.047 0.953 
669      h41    (0)    8 :  0.035 0.965 
670      h42    (0)    8 :  0.022 0.978 
671      h43    (0)    8 :  0.018 0.982 
672      h44    (0)    8 :  0.049 0.951 
673      h45    (0)    8 :  0.032 0.968 
674      h46    (0)    8 :  0.017 0.983 
675      h47    (0)    8 :  0.018 0.982 
676      h48    (0)    8 :  0.030 0.970 
677      h49    (0)    8 :  0.030 0.970 
678      h50    (0)    8 :  0.019 0.981 
679      h51    (0)    8 :  0.018 0.982 
680      h52    (0)    8 :  0.019 0.981 
681      h53    (0)    8 :  0.018 0.982 
682      h54    (0)    8 :  0.017 0.983 
683      h55    (0)    8 :  0.020 0.980 
684      h56    (0)    8 :  0.018 0.982 
685      h57    (0)    8 :  0.039 0.961 
686      h58    (0)    8 :  0.019 0.981 
687      h59    (0)    8 :  0.017 0.983 
688      h60    (0)    8 :  0.028 0.972 
689      h61    (0)    8 :  0.015 0.985 
690      h62    (0)    8 :  0.018 0.982 
691      h63    (0)    8 :  0.017 0.983 
692      h64    (0)    8 :  0.018 0.982 
693      h65    (0)    8 :  0.022 0.978 
694      h66    (0)    8 :  0.039 0.961 
695      h67    (0)    8 :  0.017 0.983 
696      h68    (0)    8 :  0.035 0.965 
697      h69    (0)    8 :  0.021 0.979 
698      h70    (0)    8 :  0.016 0.984 
699      h71    (0)    8 :  0.025 0.975 
700      h72    (0)    8 :  0.022 0.978 


Estimated Allele Frequencies in each cluster
First column gives estimated ancestral frequencies


Locus 1 : Cl147 
16 alleles
0.0% missing data
  45   (0.141) 0.172 0.005 
  69   (0.106) 0.107 0.229 
  73   (0.143) 0.158 0.074 
  77   (0.100) 0.102 0.080 
  56   (0.064) 0.063 0.007 
  65   (0.034) 0.020 0.463 
  41   (0.127) 0.142 0.024 
  52   (0.080) 0.095 0.001 
  48   (0.029) 0.016 0.024 
  81   (0.027) 0.014 0.046 
  49   (0.045) 0.039 0.004 
  60   (0.042) 0.042 0.001 
  84   (0.011) 0.004 0.000 
  89   (0.023) 0.018 0.000 
  61   (0.009) 0.002 0.000 
  40   (0.017) 0.005 0.041 

Locus 2 : Cl233 
32 alleles
0.0% missing data
  63   (0.145) 0.176 0.264 
  85   (0.047) 0.058 0.000 
  73   (0.044) 0.051 0.000 
  79   (0.033) 0.035 0.000 
  71   (0.101) 0.136 0.003 
  77   (0.027) 0.025 0.000 
  75   (0.048) 0.057 0.000 
  67   (0.072) 0.095 0.001 
  55   (0.043) 0.033 0.367 
  59   (0.033) 0.035 0.000 
  81   (0.099) 0.130 0.003 
  83   (0.021) 0.016 0.000 
  93   (0.013) 0.006 0.000 
 101   (0.010) 0.004 0.000 
  69   (0.012) 0.005 0.000 
  51   (0.018) 0.013 0.000 
 100   (0.026) 0.022 0.001 
  92   (0.009) 0.002 0.000 
1121   (0.012) 0.005 0.000 
1001   (0.013) 0.006 0.000 
  89   (0.017) 0.012 0.000 
 711   (0.010) 0.004 0.000 
 116   (0.012) 0.005 0.000 
  80   (0.008) 0.002 0.000 
  43   (0.021) 0.012 0.005 
  84   (0.009) 0.002 0.000 
  88   (0.020) 0.016 0.000 
 104   (0.014) 0.008 0.000 
  97   (0.020) 0.016 0.000 
  74   (0.019) 0.007 0.179 
  70   (0.014) 0.004 0.130 
  78   (0.010) 0.001 0.045 

Locus 3 : Cl264 
26 alleles
0.0% missing data
  65   (0.115) 0.128 0.270 
 651   (0.161) 0.202 0.028 
 691   (0.122) 0.165 0.002 
  57   (0.010) 0.004 0.000 
  61   (0.019) 0.013 0.000 
 731   (0.057) 0.068 0.001 
 811   (0.020) 0.015 0.000 
 611   (0.032) 0.031 0.000 
  69   (0.124) 0.141 0.207 
  77   (0.027) 0.015 0.211 
  49   (0.047) 0.054 0.000 
  45   (0.013) 0.007 0.000 
 491   (0.009) 0.002 0.000 
 571   (0.015) 0.008 0.000 
 771   (0.030) 0.030 0.000 
  89   (0.025) 0.022 0.000 
 652   (0.016) 0.005 0.008 
  53   (0.017) 0.011 0.000 
  73   (0.038) 0.026 0.188 
  80   (0.020) 0.015 0.000 
 531   (0.009) 0.002 0.000 
 693   (0.010) 0.004 0.000 
  93   (0.017) 0.011 0.000 
  85   (0.022) 0.016 0.001 
  81   (0.016) 0.005 0.064 
 812   (0.010) 0.001 0.018 

Locus 4 : Cl274 
7 alleles
0.0% missing data
  61   (0.424) 0.450 0.477 
  57   (0.187) 0.183 0.445 
  65   (0.134) 0.134 0.021 
  53   (0.075) 0.063 0.047 
  69   (0.067) 0.070 0.000 
  73   (0.045) 0.034 0.006 
  49   (0.070) 0.066 0.004 

Locus 5 : Cl285 
24 alleles
0.0% missing data
  75   (0.116) 0.129 0.134 
  71   (0.158) 0.186 0.193 
 631   (0.036) 0.038 0.000 
  67   (0.128) 0.140 0.520 
  63   (0.093) 0.102 0.023 
  79   (0.059) 0.071 0.000 
 792   (0.039) 0.043 0.000 
 671   (0.043) 0.048 0.000 
 831   (0.040) 0.042 0.001 
 752   (0.043) 0.048 0.000 
  55   (0.017) 0.006 0.060 
1401   (0.013) 0.007 0.000 
  59   (0.037) 0.026 0.065 
 712   (0.041) 0.044 0.001 
 833   (0.023) 0.019 0.000 
1322   (0.011) 0.004 0.000 
 136   (0.018) 0.012 0.000 
 164   (0.012) 0.005 0.000 
 872   (0.009) 0.002 0.000 
1282   (0.009) 0.002 0.000 
 148   (0.013) 0.007 0.000 
 144   (0.014) 0.007 0.000 
 119   (0.009) 0.002 0.000 
1402   (0.019) 0.011 0.002 

Locus 6 : Cl291 
19 alleles
0.0% missing data
 641   (0.055) 0.063 0.000 
  72   (0.114) 0.117 0.229 
 682   (0.041) 0.032 0.008 
 801   (0.043) 0.045 0.000 
 681   (0.173) 0.226 0.002 
  76   (0.125) 0.131 0.162 
 722   (0.124) 0.147 0.007 
 601   (0.017) 0.011 0.000 
  80   (0.055) 0.047 0.024 
 761   (0.012) 0.005 0.000 
 762   (0.059) 0.051 0.038 
 721   (0.042) 0.040 0.001 
  84   (0.043) 0.045 0.000 
  64   (0.012) 0.005 0.000 
  68   (0.027) 0.013 0.243 
 843   (0.016) 0.009 0.000 
 881   (0.009) 0.002 0.000 
 841   (0.018) 0.007 0.257 
  88   (0.014) 0.003 0.027 

Locus 7 : Cl308 
48 alleles
0.0% missing data
  72   (0.085) 0.122 0.028 
  64   (0.046) 0.047 0.393 
  68   (0.086) 0.116 0.540 
 103   (0.022) 0.023 0.000 
  80   (0.035) 0.048 0.000 
  76   (0.064) 0.100 0.003 
1151   (0.013) 0.009 0.000 
 123   (0.013) 0.008 0.000 
 115   (0.026) 0.031 0.000 
  83   (0.027) 0.031 0.001 
1231   (0.012) 0.008 0.000 
1192   (0.011) 0.005 0.000 
 131   (0.020) 0.018 0.001 
1191   (0.014) 0.009 0.000 
 752   (0.017) 0.015 0.000 
 143   (0.013) 0.009 0.000 
  79   (0.024) 0.026 0.000 
 119   (0.016) 0.012 0.000 
1431   (0.034) 0.045 0.001 
1112   (0.037) 0.052 0.001 
1193   (0.013) 0.008 0.000 
1591   (0.011) 0.005 0.000 
1232   (0.014) 0.009 0.000 
 139   (0.018) 0.016 0.000 
1111   (0.009) 0.004 0.000 
 127   (0.013) 0.008 0.000 
1391   (0.022) 0.024 0.000 
 121   (0.008) 0.002 0.000 
1313   (0.009) 0.004 0.000 
1113   (0.014) 0.009 0.000 
  87   (0.039) 0.054 0.001 
1031   (0.011) 0.005 0.000 
 155   (0.013) 0.008 0.000 
1312   (0.008) 0.002 0.000 
1272   (0.008) 0.002 0.000 
 151   (0.010) 0.005 0.000 
1351   (0.021) 0.021 0.001 
 135   (0.015) 0.006 0.005 
1432   (0.012) 0.006 0.000 
1152   (0.014) 0.010 0.000 
1271   (0.011) 0.005 0.000 
1311   (0.009) 0.004 0.000 
1472   (0.009) 0.004 0.000 
 137   (0.012) 0.006 0.000 
  88   (0.014) 0.009 0.000 
  60   (0.012) 0.003 0.024 
 712   (0.016) 0.013 0.000 
1071   (0.019) 0.017 0.001 

Locus 8 : Cl330 
23 alleles
0.1% missing data
  52   (0.239) 0.298 0.260 
 601   (0.129) 0.150 0.098 
  40   (0.077) 0.085 0.010 
  72   (0.024) 0.020 0.000 
  56   (0.103) 0.119 0.025 
 481   (0.053) 0.047 0.035 
  61   (0.042) 0.046 0.000 
  80   (0.015) 0.008 0.000 
 681   (0.027) 0.025 0.000 
  64   (0.072) 0.068 0.434 
  57   (0.012) 0.005 0.000 
  75   (0.015) 0.008 0.000 
  71   (0.027) 0.023 0.000 
  28   (0.020) 0.015 0.000 
  65   (0.024) 0.020 0.000 
 441   (0.026) 0.021 0.001 
  36   (0.021) 0.016 0.000 
  79   (0.009) 0.002 0.000 
  73   (0.011) 0.004 0.000 
 602   (0.010) 0.004 0.000 
  68   (0.025) 0.013 0.091 
 641   (0.010) 0.001 0.031 
  83   (0.011) 0.002 0.014 

Locus 9 : Cl344 
13 alleles
0.9% missing data
  56   (0.346) 0.428 0.006 
  60   (0.207) 0.214 0.398 
  48   (0.029) 0.019 0.002 
  76   (0.025) 0.011 0.075 
  64   (0.099) 0.089 0.398 
  72   (0.096) 0.094 0.015 
 761   (0.009) 0.002 0.000 
 641   (0.029) 0.023 0.000 
  68   (0.068) 0.056 0.104 
 601   (0.033) 0.029 0.000 
  52   (0.014) 0.007 0.000 
 681   (0.027) 0.019 0.001 
 721   (0.017) 0.009 0.000 

Locus 10 : Cl366 
7 alleles
0.1% missing data
  80   (0.277) 0.270 0.495 
  92   (0.081) 0.075 0.005 
  76   (0.256) 0.247 0.496 
  88   (0.091) 0.095 0.001 
  84   (0.153) 0.166 0.003 
  72   (0.132) 0.145 0.001 
  64   (0.010) 0.002 0.000 

Locus 11 : Cl375 
14 alleles
0.0% missing data
 491   (0.096) 0.096 0.012 
  53   (0.197) 0.242 0.003 
 612   (0.031) 0.025 0.001 
  57   (0.237) 0.252 0.511 
  45   (0.039) 0.037 0.000 
  61   (0.163) 0.167 0.359 
 651   (0.032) 0.027 0.001 
  69   (0.028) 0.021 0.001 
 571   (0.058) 0.061 0.001 
  65   (0.063) 0.054 0.019 
  37   (0.013) 0.005 0.000 
 691   (0.013) 0.005 0.000 
 531   (0.019) 0.006 0.042 
  49   (0.011) 0.002 0.050 

Locus 12 : Cl408 
11 alleles
0.0% missing data
  62   (0.303) 0.328 0.097 
  74   (0.057) 0.054 0.002 
  50   (0.054) 0.037 0.413 
  58   (0.107) 0.095 0.445 
  66   (0.156) 0.182 0.001 
  70   (0.077) 0.081 0.001 
  54   (0.178) 0.185 0.041 
  78   (0.016) 0.008 0.000 
  79   (0.009) 0.002 0.000 
  75   (0.025) 0.018 0.000 
  82   (0.017) 0.009 0.000 

Locus 13 : Cl507 
21 alleles
0.0% missing data
  70   (0.074) 0.077 0.024 
  94   (0.034) 0.031 0.001 
  74   (0.069) 0.071 0.013 
  54   (0.055) 0.050 0.045 
  82   (0.158) 0.203 0.012 
  90   (0.026) 0.024 0.000 
  86   (0.072) 0.090 0.001 
 701   (0.016) 0.009 0.000 
  78   (0.069) 0.078 0.005 
  62   (0.093) 0.095 0.519 
 741   (0.052) 0.057 0.003 
  66   (0.084) 0.086 0.109 
 661   (0.017) 0.010 0.001 
  58   (0.038) 0.028 0.014 
  98   (0.027) 0.024 0.000 
 781   (0.021) 0.013 0.002 
 141   (0.020) 0.014 0.000 
 102   (0.014) 0.008 0.000 
 106   (0.017) 0.010 0.000 
 622   (0.031) 0.019 0.173 
 501   (0.013) 0.003 0.079 

Locus 14 : Cl527 
26 alleles
0.0% missing data
  62   (0.089) 0.114 0.001 
 622   (0.018) 0.012 0.000 
 461   (0.015) 0.008 0.000 
  82   (0.009) 0.002 0.000 
 661   (0.119) 0.143 0.012 
  70   (0.047) 0.053 0.000 
 581   (0.035) 0.031 0.001 
 701   (0.073) 0.087 0.002 
 501   (0.025) 0.020 0.001 
  66   (0.086) 0.110 0.001 
 741   (0.037) 0.037 0.001 
  58   (0.079) 0.098 0.002 
 541   (0.062) 0.071 0.002 
  74   (0.016) 0.009 0.000 
 621   (0.073) 0.088 0.002 
  78   (0.015) 0.008 0.000 
 781   (0.011) 0.004 0.000 
 462   (0.013) 0.006 0.000 
  67   (0.021) 0.016 0.000 
  54   (0.028) 0.015 0.413 
  50   (0.039) 0.028 0.054 
  63   (0.017) 0.010 0.000 
 582   (0.032) 0.019 0.383 
  53   (0.018) 0.006 0.029 
 623   (0.014) 0.003 0.020 
  46   (0.010) 0.002 0.074 

Locus 15 : Cl380 
19 alleles
1.3% missing data
 671   (0.096) 0.118 0.001 
 672   (0.100) 0.103 0.026 
 751   (0.040) 0.039 0.000 
  71   (0.095) 0.090 0.388 
  79   (0.220) 0.243 0.390 
  75   (0.078) 0.091 0.001 
 711   (0.110) 0.137 0.001 
  67   (0.034) 0.029 0.001 
 791   (0.011) 0.004 0.000 
 591   (0.022) 0.015 0.000 
 552   (0.044) 0.043 0.001 
 792   (0.017) 0.010 0.000 
 593   (0.023) 0.017 0.000 
  59   (0.024) 0.018 0.000 
 631   (0.014) 0.007 0.000 
 833   (0.016) 0.008 0.000 
 712   (0.014) 0.007 0.000 
  63   (0.020) 0.014 0.000 
 551   (0.023) 0.009 0.191 

Locus 16 : Lup02 
6 alleles
0.3% missing data
  56   (0.491) 0.513 0.561 
  60   (0.162) 0.160 0.054 
  52   (0.124) 0.125 0.009 
  48   (0.184) 0.186 0.056 
 561   (0.015) 0.007 0.000 
  64   (0.024) 0.010 0.321 

Locus 17 : Lup13 
4 alleles
0.0% missing data
  57   (0.302) 0.292 0.544 
  61   (0.423) 0.442 0.084 
  65   (0.102) 0.108 0.001 
  53   (0.172) 0.157 0.371 

Locus 18 : Lup20 
8 alleles
1.0% missing data
  56   (0.551) 0.595 0.330 
 601   (0.090) 0.095 0.001 
  60   (0.180) 0.173 0.505 
  68   (0.032) 0.025 0.000 
  64   (0.090) 0.077 0.162 
  72   (0.022) 0.014 0.000 
 681   (0.015) 0.007 0.000 
 641   (0.022) 0.014 0.000 

Locus 19 : Lup21 
10 alleles
0.0% missing data
  41   (0.340) 0.369 0.165 
  57   (0.254) 0.280 0.033 
  53   (0.160) 0.155 0.421 
  37   (0.016) 0.008 0.000 
  45   (0.119) 0.135 0.002 
 531   (0.009) 0.002 0.000 
 611   (0.015) 0.003 0.148 
 491   (0.023) 0.014 0.002 
  49   (0.040) 0.025 0.157 
  61   (0.023) 0.009 0.072 

Locus 20 : Lup23 
4 alleles
0.0% missing data
  59   (0.202) 0.202 0.029 
  63   (0.750) 0.775 0.464 
  67   (0.020) 0.011 0.000 
  55   (0.028) 0.012 0.507 

Values of parameters used in structure:
DATAFILE=/home/eva.pavlovic/data_job_4b1_4_2,	OUTFILE=/home/eva.pavlovic/ParallelStructure/26_results_20MS/4b1_Italy_low_numbers/4b1_Italy_low_numbers_4/results_job_4b1_4_2,	NUMINDS=700,	NUMLOCI=20,	MISSING=-9,	LABEL=1,	POPDATA=1,	POPFLAG=0,	PHENOTYPE=0,	EXTRACOLS=0,	MAXPOPS=2,	BURNIN=300000,	NUMREPS=3000000,	USEPOPINFO=0,	INFERALPHA=1,	INFERLAMBDA=0,	POPSPECIFICLAMBDA=0,	POPALPHAS=0,	COMPUTEPROB=1,	NOADMIX=0,	ADMBURNIN=2500,	UPDATEFREQ=1,	PRINTLIKES=0,	INTERMEDSAVE=0,	PRINTKLD=0,	PRINTNET=0,	PRINTLAMBDA=0,	ANCESTDIST=0,	NUMBOXES=1000,	ANCESTPINT=0.90000,	GENSBACK=2,	MIGRPRIOR=0.05000,	PRINTQHAT=1,	PRINTQSUM=0,	ALPHA=1.0000,	FREQSCORR=1,	FPRIORMEAN=0.0100,	FPRIORSD=0.0500,	ONEFST=0,	LAMBDA=1.0000,	UNIFPRIORALPHA=1,	ALPHAMAX=10.0000,	ALPHAPRIORA=1.0000,	ALPHAPRIORB=2.0000,	ALPHAPROPSD=0.0250,	STARTATPOPINFO=0,	RANDOMIZE=1,	LINKAGE=0,	METROFREQ=10,	REPORTHITRATE=0,	MARKOVPHASE=-1,	PHASED=0,	PLOIDY=2,	PHASEINFO=0	LOCPRIOR=0, 	LOCPRIORINIT=1.000000, 	LOCDATA=0, 	LOCISPOP=0, 	LOCPRIORSTEP=0.100000, 	MAXLOCPRIOR=20.000000, 	SEED=1772724594,	
[STRAT parameters]:    NUMSIMSTATS=1000,	PHENOTYPECOL=-9,	POOLFREQ=10,	LOCUSxONLY=0,	EMERROR=0.00100,	MISSINGPHENO=-9,	