       M1EL5  1 0.0283 0.9717 
       W26T6  1 0.0571 0.9429 
       W26XX  1 0.0213 0.9787 
       M013P  1 0.0296 0.9704 
       M1ELA  1 0.0650 0.9350 
       M2C73  1 0.0267 0.9733 
       W23P4  1 0.0522 0.9478 
       W247C  1 0.0285 0.9715 
       W24K1  1 0.0229 0.9771 
       W24ME  1 0.0498 0.9502 
       W2514  1 0.0269 0.9731 
       W26MA  1 0.0515 0.9485 
       W26MM  1 0.0504 0.9496 
       W26MU  1 0.0292 0.9708 
       W26P0  1 0.0301 0.9699 
       W26P3  1 0.0224 0.9776 
       W26T5  1 0.0192 0.9808 
       W26TE  1 0.0405 0.9595 
       W26TF  1 0.0610 0.9390 
       W26U8  1 0.0588 0.9412 
       W26UJ  1 0.0299 0.9701 
       W26UK  1 0.0158 0.9842 
       W26UT  1 0.0207 0.9793 
       W26XT  1 0.0379 0.9621 
      CC06H2  1 0.0654 0.9346 
      CC06H4  1 0.0442 0.9558 
      CC06H5  1 0.0404 0.9596 
      CC06H6  1 0.0160 0.9840 
      CC06HE  1 0.0237 0.9763 
      CC06HF  1 0.0664 0.9336 
      CC06HH  1 0.0210 0.9790 
      CC06HJ  1 0.0540 0.9460 
      CC06HL  1 0.0244 0.9756 
      CC06HP  1 0.0202 0.9798 
      CC06HT  1 0.0421 0.9579 
      CC06HU  1 0.0336 0.9664 
      CC06HY  1 0.0413 0.9587 
      CC06J0  1 0.0436 0.9564 
      CC06J1  1 0.0395 0.9605 
      CC06J2  1 0.0392 0.9608 
     CT.0YCY  1 0.0248 0.9752 
     CT.0YEC  1 0.0177 0.9823 
     CT.0YEF  1 0.0216 0.9784 
     CT.0YEU  1 0.0168 0.9832 
     CT.0YF2  1 0.0490 0.9510 
     CT.0YF8  1 0.0148 0.9852 
     CT.0YFA  1 0.0166 0.9834 
     CT.0YFE  1 0.0255 0.9745 
     CT.0YFP  1 0.0653 0.9347 
     CT.0YFU  1 0.0270 0.9730 
     CT.0YK7  1 0.0439 0.9561 
     CX.10PT  1 0.1290 0.8710 
      DAM021  1 0.0296 0.9704 
      DAM034  1 0.0173 0.9827 
      DAM07X  1 0.0233 0.9767 
     EF.15J6  1 0.0220 0.9780 
      HRV010  1 0.0393 0.9607 
      HRV02J  1 0.0293 0.9707 
      HRV078  1 0.0402 0.9598 
      HRV0FH  1 0.0215 0.9785 
      HRV0H5  1 0.0300 0.9700 
      HRV0JF  1 0.0270 0.9730 
      HRV0JJ  1 0.0278 0.9722 
      HRV0JM  1 0.0212 0.9788 
      HRV0K6  1 0.0863 0.9137 
      HRV0K7  1 0.0252 0.9748 
      HRV0KP  1 0.0687 0.9313 
      HRV1AX  1 0.0298 0.9702 
      HRV1C4  1 0.0178 0.9822 
      HRV1CH  1 0.0303 0.9697 
      HRV1FA  1 0.0297 0.9703 
      HRV1FK  1 0.0616 0.9384 
      HRV1H8  1 0.0220 0.9780 
      HRV1HT  1 0.0425 0.9575 
      HRV1XU  1 0.0847 0.9153 
      HRV4TF  1 0.0282 0.9718 
      HRV6F0  1 0.0370 0.9630 
      HRVE6L  1 0.0381 0.9619 
       M27HM  1 0.0219 0.9781 
       M27HP  1 0.0227 0.9773 
       M2AK4  1 0.0284 0.9716 
       M2ALA  1 0.0243 0.9757 
       M2C56  1 0.0256 0.9744 
       M2CUX  1 0.0507 0.9493 
       M2E24  1 0.0204 0.9796 
       M2EA7  1 0.0290 0.9710 
       M2EH6  1 0.0233 0.9767 
       M2EKC  1 0.0750 0.9250 
      MSV083  1 0.0929 0.9071 
      MSV084  1 0.0255 0.9745 
      MSV0LJ  1 0.0299 0.9701 
      MSV1H5  1 0.0254 0.9746 
      MSV1KM  1 0.0185 0.9815 
      MSV23F  1 0.0525 0.9475 
      MSV2L8  1 0.0309 0.9691 
      MSV2P7  1 0.0243 0.9757 
      MSV2TJ  1 0.0186 0.9814 
      MSV2XM  1 0.0332 0.9668 
      MSV327  1 0.0334 0.9666 
      MSV33L  1 0.0222 0.9778 
        h001  2 0.1138 0.8862 
        h002  2 0.1897 0.8103 
        h003  2 0.0335 0.9665 
        h004  2 0.0609 0.9391 
        h005  2 0.1543 0.8457 
        h006  2 0.0881 0.9119 
        h007  2 0.1189 0.8811 
        h008  2 0.1523 0.8477 
        h009  2 0.1760 0.8240 
        h010  2 0.1559 0.8441 
        h011  2 0.1043 0.8957 
        h012  2 0.0464 0.9536 
        h013  2 0.1174 0.8826 
        h014  2 0.1259 0.8741 
        h015  2 0.0234 0.9766 
        h016  2 0.0623 0.9377 
        h017  2 0.0198 0.9802 
        h018  2 0.1616 0.8384 
        h019  2 0.0406 0.9594 
        h020  2 0.0204 0.9796 
        h021  2 0.1206 0.8794 
        h022  2 0.0752 0.9248 
        h023  2 0.0463 0.9537 
        h024  2 0.1554 0.8446 
        h025  2 0.0703 0.9297 
        h026  2 0.0597 0.9403 
        h027  2 0.1154 0.8846 
        h028  2 0.0987 0.9013 
        h029  2 0.1803 0.8197 
        h030  2 0.0751 0.9249 
        h031  2 0.0741 0.9259 
        h032  2 0.0357 0.9643 
        h033  2 0.0269 0.9731 
        h034  2 0.1144 0.8856 
        h035  2 0.0689 0.9311 
        h036  2 0.0217 0.9783 
        h037  2 0.2298 0.7702 
        h038  2 0.2682 0.7318 
        h039  2 0.0522 0.9478 
        h040  2 0.0182 0.9818 
        h041  2 0.1533 0.8467 
        h042  2 0.1460 0.8540 
        h043  2 0.1067 0.8933 
        h044  2 0.0377 0.9623 
        h045  2 0.1026 0.8974 
        h046  2 0.0427 0.9573 
        h047  2 0.0389 0.9611 
        h048  2 0.1918 0.8082 
        h049  2 0.0735 0.9265 
        h050  2 0.2687 0.7313 
        h051  2 0.0263 0.9737 
        h052  2 0.0397 0.9603 
        h053  2 0.1647 0.8353 
        h054  2 0.0298 0.9702 
        h055  2 0.0760 0.9240 
        h056  2 0.1743 0.8257 
        h057  2 0.0676 0.9324 
        h058  2 0.0366 0.9634 
        h059  2 0.0559 0.9441 
        h060  2 0.0554 0.9446 
        h061  2 0.0859 0.9141 
        h062  2 0.1866 0.8134 
        h063  2 0.1175 0.8825 
        h064  2 0.0998 0.9002 
        h065  2 0.1001 0.8999 
        h066  2 0.0241 0.9759 
        h067  2 0.1969 0.8031 
        h068  2 0.1408 0.8592 
        h069  2 0.4116 0.5884 
        h070  2 0.0648 0.9352 
        h071  2 0.2965 0.7035 
        h072  2 0.3745 0.6255 
        h073  2 0.1671 0.8329 
        h074  2 0.2782 0.7218 
        h075  2 0.1127 0.8873 
        h076  2 0.0858 0.9142 
        h077  2 0.0825 0.9175 
        h078  2 0.0991 0.9009 
        h079  2 0.1997 0.8003 
        h080  2 0.0736 0.9264 
        h081  2 0.0401 0.9599 
        h082  2 0.0412 0.9588 
        h083  2 0.0250 0.9750 
        h084  2 0.2785 0.7215 
        h085  2 0.0259 0.9741 
        h086  2 0.1142 0.8858 
        h087  2 0.0329 0.9671 
        h088  2 0.1114 0.8886 
        h089  2 0.0277 0.9723 
        h090  2 0.1250 0.8750 
        h091  2 0.1026 0.8974 
        h092  2 0.0587 0.9413 
        h093  2 0.2159 0.7841 
        h094  2 0.1473 0.8527 
        h095  2 0.0783 0.9217 
        h096  2 0.0479 0.9521 
        h097  2 0.0290 0.9710 
        h098  2 0.1506 0.8494 
        h099  2 0.0756 0.9244 
        h100  2 0.0453 0.9547 
       h0011  3 0.3238 0.6762 
       h0021  3 0.1225 0.8775 
       h0031  3 0.1305 0.8695 
       h0041  3 0.2357 0.7643 
       h0051  3 0.2558 0.7442 
       h0061  3 0.2079 0.7921 
       h0071  3 0.2936 0.7064 
       h0081  3 0.1927 0.8073 
       h0091  3 0.1661 0.8339 
       h0101  3 0.5545 0.4455 
       h0111  3 0.2441 0.7559 
       h0121  3 0.2126 0.7874 
       h0131  3 0.0581 0.9419 
       h0141  3 0.3060 0.6940 
       h0151  3 0.1482 0.8518 
       h0161  3 0.1783 0.8217 
       h0171  3 0.3092 0.6908 
       h0181  3 0.2131 0.7869 
       h0191  3 0.2500 0.7500 
       h0201  3 0.2328 0.7672 
       h0211  3 0.1889 0.8111 
       h0221  3 0.1956 0.8044 
       h0231  3 0.2291 0.7709 
       h0241  3 0.3433 0.6567 
       h0251  3 0.3294 0.6706 
       h0261  3 0.1352 0.8648 
       h0271  3 0.2542 0.7458 
       h0281  3 0.3959 0.6041 
       h0291  3 0.2800 0.7200 
       h0301  3 0.2512 0.7488 
       h0311  3 0.3722 0.6278 
       h0321  3 0.2484 0.7516 
       h0331  3 0.3556 0.6444 
       h0341  3 0.2037 0.7963 
       h0351  3 0.2286 0.7714 
       h0361  3 0.4451 0.5549 
       h0371  3 0.0599 0.9401 
       h0381  3 0.0599 0.9401 
       h0391  3 0.1614 0.8386 
       h0401  3 0.0782 0.9218 
       h0411  3 0.1595 0.8405 
       h0421  3 0.1495 0.8505 
       h0431  3 0.1550 0.8450 
       h0441  3 0.3528 0.6472 
       h0451  3 0.1201 0.8799 
       h0461  3 0.2338 0.7662 
       h0471  3 0.3126 0.6874 
       h0481  3 0.1804 0.8196 
       h0491  3 0.1697 0.8303 
       h0501  3 0.2600 0.7400 
       h0511  3 0.3790 0.6210 
       h0521  3 0.2438 0.7562 
       h0531  3 0.3545 0.6455 
       h0541  3 0.2016 0.7984 
       h0551  3 0.2000 0.8000 
       h0561  3 0.3076 0.6924 
       h0571  3 0.3373 0.6627 
       h0581  3 0.0523 0.9477 
       h0591  3 0.2014 0.7986 
       h0601  3 0.2354 0.7646 
       h0611  3 0.1740 0.8260 
       h0621  3 0.2517 0.7483 
       h0631  3 0.2327 0.7673 
       h0641  3 0.1779 0.8221 
       h0651  3 0.1082 0.8918 
       h0661  3 0.0974 0.9026 
       h0671  3 0.1867 0.8133 
       h0681  3 0.1992 0.8008 
       h0691  3 0.0848 0.9152 
       h0701  3 0.1438 0.8562 
       h0711  3 0.2664 0.7336 
       h0721  3 0.1048 0.8952 
       h0731  3 0.1671 0.8329 
       h0741  3 0.2712 0.7288 
       h0751  3 0.1818 0.8182 
       h0761  3 0.2524 0.7476 
       h0771  3 0.0436 0.9564 
       h0781  3 0.1881 0.8119 
       h0791  3 0.2582 0.7418 
       h0801  3 0.0521 0.9479 
       h0811  3 0.0603 0.9397 
       h0821  3 0.2029 0.7971 
       h0831  3 0.2506 0.7494 
       h0841  3 0.2829 0.7171 
       h0851  3 0.2088 0.7912 
       h0861  3 0.0746 0.9254 
       h0871  3 0.2851 0.7149 
       h0881  3 0.2804 0.7196 
       h0891  3 0.0449 0.9551 
       h0901  3 0.1564 0.8436 
       h0911  3 0.0479 0.9521 
       h0921  3 0.3677 0.6323 
       h0931  3 0.3588 0.6412 
       h0941  3 0.3389 0.6611 
       h0951  3 0.1016 0.8984 
       h0961  3 0.0659 0.9341 
       h0971  3 0.2034 0.7966 
       h0981  3 0.1746 0.8254 
       h0991  3 0.3057 0.6943 
       h1001  3 0.2377 0.7623 
       h0012  4 0.5739 0.4261 
       h0022  4 0.4896 0.5104 
       h0032  4 0.5130 0.4870 
       h0042  4 0.4379 0.5621 
       h0052  4 0.4541 0.5459 
       h0062  4 0.5171 0.4829 
       h0072  4 0.4464 0.5536 
       h0082  4 0.6026 0.3974 
       h0092  4 0.4922 0.5078 
       h0102  4 0.5625 0.4375 
       h0112  4 0.5631 0.4369 
       h0122  4 0.5568 0.4432 
       h0132  4 0.3684 0.6316 
       h0142  4 0.5470 0.4530 
       h0152  4 0.6287 0.3713 
       h0162  4 0.5582 0.4418 
       h0172  4 0.4210 0.5790 
       h0182  4 0.6011 0.3989 
       h0192  4 0.4878 0.5122 
       h0202  4 0.4621 0.5379 
       h0212  4 0.3421 0.6579 
       h0222  4 0.3700 0.6300 
       h0232  4 0.5538 0.4462 
       h0242  4 0.5876 0.4124 
       h0252  4 0.4135 0.5865 
       h0262  4 0.4745 0.5255 
       h0272  4 0.4952 0.5048 
       h0282  4 0.4358 0.5642 
       h0292  4 0.4105 0.5895 
       h0302  4 0.5524 0.4476 
       h0312  4 0.4501 0.5499 
       h0322  4 0.4872 0.5128 
       h0332  4 0.4454 0.5546 
       h0342  4 0.4020 0.5980 
       h0352  4 0.4397 0.5603 
       h0362  4 0.5077 0.4923 
       h0372  4 0.3406 0.6594 
       h0382  4 0.5193 0.4807 
       h0392  4 0.4547 0.5453 
       h0402  4 0.4393 0.5607 
       h0412  4 0.6441 0.3559 
       h0422  4 0.5010 0.4990 
       h0432  4 0.5310 0.4690 
       h0442  4 0.6006 0.3994 
       h0452  4 0.4909 0.5091 
       h0462  4 0.3883 0.6117 
       h0472  4 0.4057 0.5943 
       h0482  4 0.4363 0.5637 
       h0492  4 0.3915 0.6085 
       h0502  4 0.4167 0.5833 
       h0512  4 0.5555 0.4445 
       h0522  4 0.4966 0.5034 
       h0532  4 0.5342 0.4658 
       h0542  4 0.5338 0.4662 
       h0552  4 0.4829 0.5171 
       h0562  4 0.5606 0.4394 
       h0572  4 0.4403 0.5597 
       h0582  4 0.3295 0.6705 
       h0592  4 0.5650 0.4350 
       h0602  4 0.4391 0.5609 
       h0612  4 0.5849 0.4151 
       h0622  4 0.5414 0.4586 
       h0632  4 0.6294 0.3706 
       h0642  4 0.5257 0.4743 
       h0652  4 0.6326 0.3674 
       h0662  4 0.4296 0.5704 
       h0672  4 0.4237 0.5763 
       h0682  4 0.4741 0.5259 
       h0692  4 0.3828 0.6172 
       h0702  4 0.6088 0.3912 
       h0712  4 0.3460 0.6540 
       h0722  4 0.4395 0.5605 
       h0732  4 0.4776 0.5224 
       h0742  4 0.6731 0.3269 
       h0752  4 0.4715 0.5285 
       h0762  4 0.3798 0.6202 
       h0772  4 0.5260 0.4740 
       h0782  4 0.4485 0.5515 
       h0792  4 0.5092 0.4908 
       h0802  4 0.4855 0.5145 
       h0812  4 0.4915 0.5085 
       h0822  4 0.5100 0.4900 
       h0832  4 0.4634 0.5366 
       h0842  4 0.4618 0.5382 
       h0852  4 0.6022 0.3978 
       h0862  4 0.5281 0.4719 
       h0872  4 0.4018 0.5982 
       h0882  4 0.4111 0.5889 
       h0892  4 0.4596 0.5404 
       h0902  4 0.4525 0.5475 
       h0912  4 0.4851 0.5149 
       h0922  4 0.5145 0.4855 
       h0932  4 0.4397 0.5603 
       h0942  4 0.5020 0.4980 
       h0952  4 0.6160 0.3840 
       h0962  4 0.4723 0.5277 
       h0972  4 0.5638 0.4362 
       h0982  4 0.4094 0.5906 
       h0992  4 0.4673 0.5327 
       h1002  4 0.4555 0.5445 
       h0013  5 0.5506 0.4494 
       h0023  5 0.7489 0.2511 
       h0033  5 0.8146 0.1854 
       h0043  5 0.7436 0.2564 
       h0053  5 0.6713 0.3287 
       h0063  5 0.6663 0.3337 
       h0073  5 0.7561 0.2439 
       h0083  5 0.8479 0.1521 
       h0093  5 0.7400 0.2600 
       h0103  5 0.7493 0.2507 
       h0113  5 0.7168 0.2832 
       h0123  5 0.8646 0.1354 
       h0133  5 0.7623 0.2377 
       h0143  5 0.7466 0.2534 
       h0153  5 0.6054 0.3946 
       h0163  5 0.6643 0.3357 
       h0173  5 0.6781 0.3219 
       h0183  5 0.8433 0.1567 
       h0193  5 0.8459 0.1541 
       h0203  5 0.8569 0.1431 
       h0213  5 0.7511 0.2489 
       h0223  5 0.7548 0.2452 
       h0233  5 0.7632 0.2368 
       h0243  5 0.7875 0.2125 
       h0253  5 0.7858 0.2142 
       h0263  5 0.7822 0.2178 
       h0273  5 0.9032 0.0968 
       h0283  5 0.7204 0.2796 
       h0293  5 0.8009 0.1991 
       h0303  5 0.8375 0.1625 
       h0313  5 0.6239 0.3761 
       h0323  5 0.7114 0.2886 
       h0333  5 0.6392 0.3608 
       h0343  5 0.6127 0.3873 
       h0353  5 0.7047 0.2953 
       h0363  5 0.7174 0.2826 
       h0373  5 0.7192 0.2808 
       h0383  5 0.6717 0.3283 
       h0393  5 0.7305 0.2695 
       h0403  5 0.7854 0.2146 
       h0413  5 0.7042 0.2958 
       h0423  5 0.7134 0.2866 
       h0433  5 0.6587 0.3413 
       h0443  5 0.6312 0.3688 
       h0453  5 0.7175 0.2825 
       h0463  5 0.6394 0.3606 
       h0473  5 0.6455 0.3545 
       h0483  5 0.8884 0.1116 
       h0493  5 0.9563 0.0437 
       h0503  5 0.8342 0.1658 
       h0513  5 0.8254 0.1746 
       h0523  5 0.7410 0.2590 
       h0533  5 0.7075 0.2925 
       h0543  5 0.6645 0.3355 
       h0553  5 0.9374 0.0626 
       h0563  5 0.7101 0.2899 
       h0573  5 0.8264 0.1736 
       h0583  5 0.6019 0.3981 
       h0593  5 0.9328 0.0672 
       h0603  5 0.9078 0.0922 
       h0613  5 0.6740 0.3260 
       h0623  5 0.4698 0.5302 
       h0633  5 0.9091 0.0909 
       h0643  5 0.7349 0.2651 
       h0653  5 0.7789 0.2211 
       h0663  5 0.6262 0.3738 
       h0673  5 0.7700 0.2300 
       h0683  5 0.8013 0.1987 
       h0693  5 0.7727 0.2273 
       h0703  5 0.8088 0.1912 
       h0713  5 0.8501 0.1499 
       h0723  5 0.7216 0.2784 
       h0733  5 0.6853 0.3147 
       h0743  5 0.6971 0.3029 
       h0753  5 0.7664 0.2336 
       h0763  5 0.7177 0.2823 
       h0773  5 0.7532 0.2468 
       h0783  5 0.8928 0.1072 
       h0793  5 0.7333 0.2667 
       h0803  5 0.8470 0.1530 
       h0813  5 0.7127 0.2873 
       h0823  5 0.6990 0.3010 
       h0833  5 0.7973 0.2027 
       h0843  5 0.8777 0.1223 
       h0853  5 0.7330 0.2670 
       h0863  5 0.6363 0.3637 
       h0873  5 0.7669 0.2331 
       h0883  5 0.7340 0.2660 
       h0893  5 0.9349 0.0651 
       h0903  5 0.6644 0.3356 
       h0913  5 0.8920 0.1080 
       h0923  5 0.8198 0.1802 
       h0933  5 0.6873 0.3127 
       h0943  5 0.6746 0.3254 
       h0953  5 0.7765 0.2235 
       h0963  5 0.8468 0.1532 
       h0973  5 0.7576 0.2424 
       h0983  5 0.7563 0.2437 
       h0993  5 0.6925 0.3075 
       h1003  5 0.7516 0.2484 
       h0014  6 0.9101 0.0899 
       h0024  6 0.9158 0.0842 
       h0034  6 0.7483 0.2517 
       h0044  6 0.9094 0.0906 
       h0054  6 0.8753 0.1247 
       h0064  6 0.9685 0.0315 
       h0074  6 0.8666 0.1334 
       h0084  6 0.9018 0.0982 
       h0094  6 0.9316 0.0684 
       h0104  6 0.7730 0.2270 
       h0114  6 0.9132 0.0868 
       h0124  6 0.8991 0.1009 
       h0134  6 0.8322 0.1678 
       h0144  6 0.9404 0.0596 
       h0154  6 0.8398 0.1602 
       h0164  6 0.9502 0.0498 
       h0174  6 0.8423 0.1577 
       h0184  6 0.9047 0.0953 
       h0194  6 0.9494 0.0506 
       h0204  6 0.8488 0.1512 
       h0214  6 0.7526 0.2474 
       h0224  6 0.9464 0.0536 
       h0234  6 0.9776 0.0224 
       h0244  6 0.9186 0.0814 
       h0254  6 0.9200 0.0800 
       h0264  6 0.8488 0.1512 
       h0274  6 0.9285 0.0715 
       h0284  6 0.9462 0.0538 
       h0294  6 0.8371 0.1629 
       h0304  6 0.8852 0.1148 
       h0314  6 0.8717 0.1283 
       h0324  6 0.9003 0.0997 
       h0334  6 0.8478 0.1522 
       h0344  6 0.9758 0.0242 
       h0354  6 0.9177 0.0823 
       h0364  6 0.8569 0.1431 
       h0374  6 0.9665 0.0335 
       h0384  6 0.9722 0.0278 
       h0394  6 0.8217 0.1783 
       h0404  6 0.9159 0.0841 
       h0414  6 0.9216 0.0784 
       h0424  6 0.7324 0.2676 
       h0434  6 0.9540 0.0460 
       h0444  6 0.9817 0.0183 
       h0454  6 0.9814 0.0186 
       h0464  6 0.7834 0.2166 
       h0474  6 0.8194 0.1806 
       h0484  6 0.9069 0.0931 
       h0494  6 0.8161 0.1839 
       h0504  6 0.7712 0.2288 
       h0514  6 0.9135 0.0865 
       h0524  6 0.9558 0.0442 
       h0534  6 0.8590 0.1410 
       h0544  6 0.9729 0.0271 
       h0554  6 0.9685 0.0315 
       h0564  6 0.8607 0.1393 
       h0574  6 0.9720 0.0280 
       h0584  6 0.9169 0.0831 
       h0594  6 0.8916 0.1084 
       h0604  6 0.7410 0.2590 
       h0614  6 0.7512 0.2488 
       h0624  6 0.8852 0.1148 
       h0634  6 0.9733 0.0267 
       h0644  6 0.9781 0.0219 
       h0654  6 0.8476 0.1524 
       h0664  6 0.8908 0.1092 
       h0674  6 0.8101 0.1899 
       h0684  6 0.8035 0.1965 
       h0694  6 0.8408 0.1592 
       h0704  6 0.9251 0.0749 
       h0714  6 0.8130 0.1870 
       h0724  6 0.8787 0.1213 
       h0734  6 0.7833 0.2167 
       h0744  6 0.8904 0.1096 
       h0754  6 0.8988 0.1012 
       h0764  6 0.8606 0.1394 
       h0774  6 0.8240 0.1760 
       h0784  6 0.8895 0.1105 
       h0794  6 0.9594 0.0406 
       h0804  6 0.9593 0.0407 
       h0814  6 0.8771 0.1229 
       h0824  6 0.8733 0.1267 
       h0834  6 0.8928 0.1072 
       h0844  6 0.8955 0.1045 
       h0854  6 0.8126 0.1874 
       h0864  6 0.7608 0.2392 
       h0874  6 0.8329 0.1671 
       h0884  6 0.9653 0.0347 
       h0894  6 0.9151 0.0849 
       h0904  6 0.8295 0.1705 
       h0914  6 0.8325 0.1675 
       h0924  6 0.8341 0.1659 
       h0934  6 0.8581 0.1419 
       h0944  6 0.8589 0.1411 
       h0954  6 0.9182 0.0818 
       h0964  6 0.9524 0.0476 
       h0974  6 0.9590 0.0410 
       h0984  6 0.8633 0.1367 
       h0994  6 0.9691 0.0309 
       h1004  6 0.8880 0.1120 
     CK.0PLA  7 0.9655 0.0345 
     CK.0PLC  7 0.9690 0.0310 
     CK.0PLE  7 0.9800 0.0200 
     CK.0PLF  7 0.9521 0.0479 
     CK.0PLH  7 0.9731 0.0269 
     CK.0PLJ  7 0.9771 0.0229 
     CK.0PLK  7 0.9834 0.0166 
     CK.0PLL  7 0.9680 0.0320 
     CK.0PLM  7 0.9728 0.0272 
     CK.0PLP  7 0.9731 0.0269 
     CK.0PLT  7 0.9844 0.0156 
     CK.0PLU  7 0.9810 0.0190 
     CK.0PLX  7 0.9529 0.0471 
     CK.0PLY  7 0.9846 0.0154 
     CK.0PM0  7 0.9762 0.0238 
     CK.0PM1  7 0.9827 0.0173 
     CK.0PM2  7 0.9771 0.0229 
     CK.0PM3  7 0.9774 0.0226 
     CK.0PM4  7 0.9738 0.0262 
     CK.0PM7  7 0.9816 0.0184 
     CK.0PM8  7 0.9825 0.0175 
     CK.0PMA  7 0.9736 0.0264 
       M2C06  7 0.9816 0.0184 
       M2C07  7 0.9853 0.0147 
       M2C08  7 0.9857 0.0143 
       M2C0A  7 0.9812 0.0188 
       M2C0C  7 0.9833 0.0167 
       M2C0E  7 0.9803 0.0197 
         h01  8 0.9823 0.0177 
         h02  8 0.9604 0.0396 
         h03  8 0.9719 0.0281 
         h04  8 0.9836 0.0164 
         h05  8 0.9824 0.0176 
         h06  8 0.9823 0.0177 
         h07  8 0.9736 0.0264 
         h08  8 0.9535 0.0465 
         h09  8 0.9785 0.0215 
         h10  8 0.9444 0.0556 
         h11  8 0.9828 0.0172 
         h12  8 0.9820 0.0180 
         h13  8 0.9680 0.0320 
         h14  8 0.9785 0.0215 
         h15  8 0.9828 0.0172 
         h16  8 0.9828 0.0172 
         h17  8 0.9847 0.0153 
         h18  8 0.9751 0.0249 
         h19  8 0.9728 0.0272 
         h20  8 0.9801 0.0199 
         h21  8 0.9843 0.0157 
         h22  8 0.9758 0.0242 
         h23  8 0.9599 0.0401 
         h24  8 0.9770 0.0230 
         h25  8 0.9772 0.0228 
         h26  8 0.9777 0.0223 
         h27  8 0.9804 0.0196 
         h28  8 0.9780 0.0220 
         h29  8 0.9772 0.0228 
         h30  8 0.9707 0.0293 
         h31  8 0.9795 0.0205 
         h32  8 0.9326 0.0674 
         h33  8 0.9762 0.0238 
         h34  8 0.9711 0.0289 
         h35  8 0.9830 0.0170 
         h36  8 0.9823 0.0177 
         h37  8 0.9817 0.0183 
         h38  8 0.9786 0.0214 
         h39  8 0.9822 0.0178 
         h40  8 0.9529 0.0471 
         h41  8 0.9651 0.0349 
         h42  8 0.9784 0.0216 
         h43  8 0.9820 0.0180 
         h44  8 0.9513 0.0487 
         h45  8 0.9682 0.0318 
         h46  8 0.9829 0.0171 
         h47  8 0.9815 0.0185 
         h48  8 0.9700 0.0300 
         h49  8 0.9701 0.0299 
         h50  8 0.9809 0.0191 
         h51  8 0.9818 0.0182 
         h52  8 0.9814 0.0186 
         h53  8 0.9816 0.0184 
         h54  8 0.9832 0.0168 
         h55  8 0.9804 0.0196 
         h56  8 0.9819 0.0181 
         h57  8 0.9614 0.0386 
         h58  8 0.9811 0.0189 
         h59  8 0.9827 0.0173 
         h60  8 0.9716 0.0284 
         h61  8 0.9855 0.0145 
         h62  8 0.9824 0.0176 
         h63  8 0.9834 0.0166 
         h64  8 0.9821 0.0179 
         h65  8 0.9776 0.0224 
         h66  8 0.9611 0.0389 
         h67  8 0.9835 0.0165 
         h68  8 0.9653 0.0347 
         h69  8 0.9787 0.0213 
         h70  8 0.9838 0.0162 
         h71  8 0.9753 0.0247 
         h72  8 0.9776 0.0224 
