       M1EL5  1 0.0283 0.9717 
       W26T6  1 0.0571 0.9429 
       W26XX  1 0.0213 0.9787 
       M013P  1 0.0296 0.9704 
       M1ELA  1 0.0650 0.9350 
       M2C73  1 0.0267 0.9733 
       W23P4  1 0.0523 0.9477 
       W247C  1 0.0286 0.9714 
       W24K1  1 0.0230 0.9770 
       W24ME  1 0.0499 0.9501 
       W2514  1 0.0269 0.9731 
       W26MA  1 0.0517 0.9483 
       W26MM  1 0.0502 0.9498 
       W26MU  1 0.0293 0.9707 
       W26P0  1 0.0302 0.9698 
       W26P3  1 0.0225 0.9775 
       W26T5  1 0.0192 0.9808 
       W26TE  1 0.0406 0.9594 
       W26TF  1 0.0612 0.9388 
       W26U8  1 0.0587 0.9413 
       W26UJ  1 0.0299 0.9701 
       W26UK  1 0.0158 0.9842 
       W26UT  1 0.0208 0.9792 
       W26XT  1 0.0381 0.9619 
      CC06H2  1 0.0655 0.9345 
      CC06H4  1 0.0443 0.9557 
      CC06H5  1 0.0407 0.9593 
      CC06H6  1 0.0160 0.9840 
      CC06HE  1 0.0237 0.9763 
      CC06HF  1 0.0666 0.9334 
      CC06HH  1 0.0210 0.9790 
      CC06HJ  1 0.0543 0.9457 
      CC06HL  1 0.0245 0.9755 
      CC06HP  1 0.0203 0.9797 
      CC06HT  1 0.0423 0.9577 
      CC06HU  1 0.0337 0.9663 
      CC06HY  1 0.0416 0.9584 
      CC06J0  1 0.0436 0.9564 
      CC06J1  1 0.0395 0.9605 
      CC06J2  1 0.0394 0.9606 
     CT.0YCY  1 0.0248 0.9752 
     CT.0YEC  1 0.0177 0.9823 
     CT.0YEF  1 0.0218 0.9782 
     CT.0YEU  1 0.0168 0.9832 
     CT.0YF2  1 0.0489 0.9511 
     CT.0YF8  1 0.0149 0.9851 
     CT.0YFA  1 0.0166 0.9834 
     CT.0YFE  1 0.0255 0.9745 
     CT.0YFP  1 0.0659 0.9341 
     CT.0YFU  1 0.0271 0.9729 
     CT.0YK7  1 0.0440 0.9560 
     CX.10PT  1 0.1294 0.8706 
      DAM021  1 0.0297 0.9703 
      DAM034  1 0.0173 0.9827 
      DAM07X  1 0.0234 0.9766 
     EF.15J6  1 0.0221 0.9779 
      HRV010  1 0.0393 0.9607 
      HRV02J  1 0.0292 0.9708 
      HRV078  1 0.0402 0.9598 
      HRV0FH  1 0.0215 0.9785 
      HRV0H5  1 0.0300 0.9700 
      HRV0JF  1 0.0270 0.9730 
      HRV0JJ  1 0.0278 0.9722 
      HRV0JM  1 0.0213 0.9787 
      HRV0K6  1 0.0862 0.9138 
      HRV0K7  1 0.0252 0.9748 
      HRV0KP  1 0.0690 0.9310 
      HRV1AX  1 0.0298 0.9702 
      HRV1C4  1 0.0178 0.9822 
      HRV1CH  1 0.0304 0.9696 
      HRV1FA  1 0.0297 0.9703 
      HRV1FK  1 0.0616 0.9384 
      HRV1H8  1 0.0220 0.9780 
      HRV1HT  1 0.0426 0.9574 
      HRV1XU  1 0.0852 0.9148 
      HRV4TF  1 0.0283 0.9717 
      HRV6F0  1 0.0371 0.9629 
      HRVE6L  1 0.0382 0.9618 
       M27HM  1 0.0219 0.9781 
       M27HP  1 0.0228 0.9772 
       M2AK4  1 0.0284 0.9716 
       M2ALA  1 0.0243 0.9757 
       M2C56  1 0.0255 0.9745 
       M2CUX  1 0.0510 0.9490 
       M2E24  1 0.0205 0.9795 
       M2EA7  1 0.0290 0.9710 
       M2EH6  1 0.0234 0.9766 
       M2EKC  1 0.0751 0.9249 
      MSV083  1 0.0928 0.9072 
      MSV084  1 0.0255 0.9745 
      MSV0LJ  1 0.0299 0.9701 
      MSV1H5  1 0.0254 0.9746 
      MSV1KM  1 0.0185 0.9815 
      MSV23F  1 0.0524 0.9476 
      MSV2L8  1 0.0309 0.9691 
      MSV2P7  1 0.0242 0.9758 
      MSV2TJ  1 0.0186 0.9814 
      MSV2XM  1 0.0334 0.9666 
      MSV327  1 0.0335 0.9665 
      MSV33L  1 0.0222 0.9778 
        h001  2 0.1141 0.8859 
        h002  2 0.1898 0.8102 
        h003  2 0.0336 0.9664 
        h004  2 0.0612 0.9388 
        h005  2 0.1546 0.8454 
        h006  2 0.0880 0.9120 
        h007  2 0.1188 0.8812 
        h008  2 0.1519 0.8481 
        h009  2 0.1763 0.8237 
        h010  2 0.1564 0.8436 
        h011  2 0.1043 0.8957 
        h012  2 0.0464 0.9536 
        h013  2 0.1175 0.8825 
        h014  2 0.1261 0.8739 
        h015  2 0.0234 0.9766 
        h016  2 0.0627 0.9373 
        h017  2 0.0198 0.9802 
        h018  2 0.1620 0.8380 
        h019  2 0.0405 0.9595 
        h020  2 0.0204 0.9796 
        h021  2 0.1206 0.8794 
        h022  2 0.0749 0.9251 
        h023  2 0.0463 0.9537 
        h024  2 0.1551 0.8449 
        h025  2 0.0706 0.9294 
        h026  2 0.0600 0.9400 
        h027  2 0.1159 0.8841 
        h028  2 0.0994 0.9006 
        h029  2 0.1804 0.8196 
        h030  2 0.0751 0.9249 
        h031  2 0.0747 0.9253 
        h032  2 0.0358 0.9642 
        h033  2 0.0270 0.9730 
        h034  2 0.1148 0.8852 
        h035  2 0.0689 0.9311 
        h036  2 0.0217 0.9783 
        h037  2 0.2304 0.7696 
        h038  2 0.2682 0.7318 
        h039  2 0.0523 0.9477 
        h040  2 0.0182 0.9818 
        h041  2 0.1538 0.8462 
        h042  2 0.1467 0.8533 
        h043  2 0.1072 0.8928 
        h044  2 0.0378 0.9622 
        h045  2 0.1027 0.8973 
        h046  2 0.0430 0.9570 
        h047  2 0.0391 0.9609 
        h048  2 0.1920 0.8080 
        h049  2 0.0738 0.9262 
        h050  2 0.2692 0.7308 
        h051  2 0.0263 0.9737 
        h052  2 0.0399 0.9601 
        h053  2 0.1652 0.8348 
        h054  2 0.0300 0.9700 
        h055  2 0.0764 0.9236 
        h056  2 0.1747 0.8253 
        h057  2 0.0679 0.9321 
        h058  2 0.0367 0.9633 
        h059  2 0.0561 0.9439 
        h060  2 0.0557 0.9443 
        h061  2 0.0862 0.9138 
        h062  2 0.1869 0.8131 
        h063  2 0.1179 0.8821 
        h064  2 0.0999 0.9001 
        h065  2 0.1008 0.8992 
        h066  2 0.0242 0.9758 
        h067  2 0.1971 0.8029 
        h068  2 0.1415 0.8585 
        h069  2 0.4118 0.5882 
        h070  2 0.0648 0.9352 
        h071  2 0.2967 0.7033 
        h072  2 0.3748 0.6252 
        h073  2 0.1672 0.8328 
        h074  2 0.2783 0.7217 
        h075  2 0.1132 0.8868 
        h076  2 0.0859 0.9141 
        h077  2 0.0829 0.9171 
        h078  2 0.0991 0.9009 
        h079  2 0.2000 0.8000 
        h080  2 0.0736 0.9264 
        h081  2 0.0401 0.9599 
        h082  2 0.0412 0.9588 
        h083  2 0.0250 0.9750 
        h084  2 0.2787 0.7213 
        h085  2 0.0259 0.9741 
        h086  2 0.1147 0.8853 
        h087  2 0.0329 0.9671 
        h088  2 0.1121 0.8879 
        h089  2 0.0277 0.9723 
        h090  2 0.1254 0.8746 
        h091  2 0.1031 0.8969 
        h092  2 0.0587 0.9413 
        h093  2 0.2160 0.7840 
        h094  2 0.1478 0.8522 
        h095  2 0.0789 0.9211 
        h096  2 0.0477 0.9523 
        h097  2 0.0291 0.9709 
        h098  2 0.1513 0.8487 
        h099  2 0.0753 0.9247 
        h100  2 0.0457 0.9543 
       h0011  3 0.3239 0.6761 
       h0021  3 0.1228 0.8772 
       h0031  3 0.1308 0.8692 
       h0041  3 0.2362 0.7638 
       h0051  3 0.2558 0.7442 
       h0061  3 0.2082 0.7918 
       h0071  3 0.2939 0.7061 
       h0081  3 0.1928 0.8072 
       h0091  3 0.1665 0.8335 
       h0101  3 0.5544 0.4456 
       h0111  3 0.2442 0.7558 
       h0121  3 0.2124 0.7876 
       h0131  3 0.0581 0.9419 
       h0141  3 0.3067 0.6933 
       h0151  3 0.1482 0.8518 
       h0161  3 0.1785 0.8215 
       h0171  3 0.3096 0.6904 
       h0181  3 0.2133 0.7867 
       h0191  3 0.2503 0.7497 
       h0201  3 0.2335 0.7665 
       h0211  3 0.1893 0.8107 
       h0221  3 0.1961 0.8039 
       h0231  3 0.2295 0.7705 
       h0241  3 0.3435 0.6565 
       h0251  3 0.3294 0.6706 
       h0261  3 0.1356 0.8644 
       h0271  3 0.2545 0.7455 
       h0281  3 0.3960 0.6040 
       h0291  3 0.2803 0.7197 
       h0301  3 0.2519 0.7481 
       h0311  3 0.3724 0.6276 
       h0321  3 0.2487 0.7513 
       h0331  3 0.3557 0.6443 
       h0341  3 0.2040 0.7960 
       h0351  3 0.2290 0.7710 
       h0361  3 0.4450 0.5550 
       h0371  3 0.0601 0.9399 
       h0381  3 0.0601 0.9399 
       h0391  3 0.1615 0.8385 
       h0401  3 0.0781 0.9219 
       h0411  3 0.1595 0.8405 
       h0421  3 0.1497 0.8503 
       h0431  3 0.1551 0.8449 
       h0441  3 0.3532 0.6468 
       h0451  3 0.1199 0.8801 
       h0461  3 0.2339 0.7661 
       h0471  3 0.3128 0.6872 
       h0481  3 0.1801 0.8199 
       h0491  3 0.1704 0.8296 
       h0501  3 0.2602 0.7398 
       h0511  3 0.3791 0.6209 
       h0521  3 0.2441 0.7559 
       h0531  3 0.3547 0.6453 
       h0541  3 0.2018 0.7982 
       h0551  3 0.2001 0.7999 
       h0561  3 0.3080 0.6920 
       h0571  3 0.3373 0.6627 
       h0581  3 0.0524 0.9476 
       h0591  3 0.2015 0.7985 
       h0601  3 0.2352 0.7648 
       h0611  3 0.1742 0.8258 
       h0621  3 0.2518 0.7482 
       h0631  3 0.2327 0.7673 
       h0641  3 0.1779 0.8221 
       h0651  3 0.1085 0.8915 
       h0661  3 0.0979 0.9021 
       h0671  3 0.1874 0.8126 
       h0681  3 0.1991 0.8009 
       h0691  3 0.0851 0.9149 
       h0701  3 0.1441 0.8559 
       h0711  3 0.2667 0.7333 
       h0721  3 0.1047 0.8953 
       h0731  3 0.1679 0.8321 
       h0741  3 0.2715 0.7285 
       h0751  3 0.1821 0.8179 
       h0761  3 0.2526 0.7474 
       h0771  3 0.0436 0.9564 
       h0781  3 0.1886 0.8114 
       h0791  3 0.2584 0.7416 
       h0801  3 0.0523 0.9477 
       h0811  3 0.0600 0.9400 
       h0821  3 0.2029 0.7971 
       h0831  3 0.2509 0.7491 
       h0841  3 0.2830 0.7170 
       h0851  3 0.2089 0.7911 
       h0861  3 0.0748 0.9252 
       h0871  3 0.2854 0.7146 
       h0881  3 0.2811 0.7189 
       h0891  3 0.0449 0.9551 
       h0901  3 0.1572 0.8428 
       h0911  3 0.0479 0.9521 
       h0921  3 0.3679 0.6321 
       h0931  3 0.3585 0.6415 
       h0941  3 0.3391 0.6609 
       h0951  3 0.1014 0.8986 
       h0961  3 0.0660 0.9340 
       h0971  3 0.2037 0.7963 
       h0981  3 0.1749 0.8251 
       h0991  3 0.3058 0.6942 
       h1001  3 0.2379 0.7621 
       h0012  4 0.5739 0.4261 
       h0022  4 0.4895 0.5105 
       h0032  4 0.5131 0.4869 
       h0042  4 0.4381 0.5619 
       h0052  4 0.4543 0.5457 
       h0062  4 0.5174 0.4826 
       h0072  4 0.4468 0.5532 
       h0082  4 0.6025 0.3975 
       h0092  4 0.4921 0.5079 
       h0102  4 0.5628 0.4372 
       h0112  4 0.5634 0.4366 
       h0122  4 0.5566 0.4434 
       h0132  4 0.3685 0.6315 
       h0142  4 0.5469 0.4531 
       h0152  4 0.6286 0.3714 
       h0162  4 0.5582 0.4418 
       h0172  4 0.4210 0.5790 
       h0182  4 0.6012 0.3988 
       h0192  4 0.4877 0.5123 
       h0202  4 0.4622 0.5378 
       h0212  4 0.3425 0.6575 
       h0222  4 0.3697 0.6303 
       h0232  4 0.5538 0.4462 
       h0242  4 0.5877 0.4123 
       h0252  4 0.4138 0.5862 
       h0262  4 0.4743 0.5257 
       h0272  4 0.4953 0.5047 
       h0282  4 0.4357 0.5643 
       h0292  4 0.4104 0.5896 
       h0302  4 0.5528 0.4472 
       h0312  4 0.4498 0.5502 
       h0322  4 0.4873 0.5127 
       h0332  4 0.4454 0.5546 
       h0342  4 0.4024 0.5976 
       h0352  4 0.4397 0.5603 
       h0362  4 0.5077 0.4923 
       h0372  4 0.3402 0.6598 
       h0382  4 0.5192 0.4808 
       h0392  4 0.4549 0.5451 
       h0402  4 0.4394 0.5606 
       h0412  4 0.6445 0.3555 
       h0422  4 0.5015 0.4985 
       h0432  4 0.5308 0.4692 
       h0442  4 0.6008 0.3992 
       h0452  4 0.4913 0.5087 
       h0462  4 0.3884 0.6116 
       h0472  4 0.4056 0.5944 
       h0482  4 0.4365 0.5635 
       h0492  4 0.3915 0.6085 
       h0502  4 0.4167 0.5833 
       h0512  4 0.5554 0.4446 
       h0522  4 0.4964 0.5036 
       h0532  4 0.5344 0.4656 
       h0542  4 0.5335 0.4665 
       h0552  4 0.4831 0.5169 
       h0562  4 0.5602 0.4398 
       h0572  4 0.4403 0.5597 
       h0582  4 0.3296 0.6704 
       h0592  4 0.5649 0.4351 
       h0602  4 0.4392 0.5608 
       h0612  4 0.5852 0.4148 
       h0622  4 0.5414 0.4586 
       h0632  4 0.6293 0.3707 
       h0642  4 0.5261 0.4739 
       h0652  4 0.6329 0.3671 
       h0662  4 0.4300 0.5700 
       h0672  4 0.4238 0.5762 
       h0682  4 0.4741 0.5259 
       h0692  4 0.3829 0.6171 
       h0702  4 0.6086 0.3914 
       h0712  4 0.3461 0.6539 
       h0722  4 0.4398 0.5602 
       h0732  4 0.4776 0.5224 
       h0742  4 0.6730 0.3270 
       h0752  4 0.4712 0.5288 
       h0762  4 0.3803 0.6197 
       h0772  4 0.5263 0.4737 
       h0782  4 0.4485 0.5515 
       h0792  4 0.5092 0.4908 
       h0802  4 0.4855 0.5145 
       h0812  4 0.4914 0.5086 
       h0822  4 0.5097 0.4903 
       h0832  4 0.4639 0.5361 
       h0842  4 0.4619 0.5381 
       h0852  4 0.6022 0.3978 
       h0862  4 0.5283 0.4717 
       h0872  4 0.4025 0.5975 
       h0882  4 0.4113 0.5887 
       h0892  4 0.4597 0.5403 
       h0902  4 0.4527 0.5473 
       h0912  4 0.4847 0.5153 
       h0922  4 0.5144 0.4856 
       h0932  4 0.4400 0.5600 
       h0942  4 0.5020 0.4980 
       h0952  4 0.6161 0.3839 
       h0962  4 0.4726 0.5274 
       h0972  4 0.5639 0.4361 
       h0982  4 0.4097 0.5903 
       h0992  4 0.4679 0.5321 
       h1002  4 0.4558 0.5442 
       h0013  5 0.5508 0.4492 
       h0023  5 0.7488 0.2512 
       h0033  5 0.8146 0.1854 
       h0043  5 0.7436 0.2564 
       h0053  5 0.6714 0.3286 
       h0063  5 0.6663 0.3337 
       h0073  5 0.7559 0.2441 
       h0083  5 0.8476 0.1524 
       h0093  5 0.7401 0.2599 
       h0103  5 0.7491 0.2509 
       h0113  5 0.7169 0.2831 
       h0123  5 0.8645 0.1355 
       h0133  5 0.7622 0.2378 
       h0143  5 0.7464 0.2536 
       h0153  5 0.6057 0.3943 
       h0163  5 0.6642 0.3358 
       h0173  5 0.6781 0.3219 
       h0183  5 0.8430 0.1570 
       h0193  5 0.8458 0.1542 
       h0203  5 0.8573 0.1427 
       h0213  5 0.7509 0.2491 
       h0223  5 0.7548 0.2452 
       h0233  5 0.7635 0.2365 
       h0243  5 0.7875 0.2125 
       h0253  5 0.7858 0.2142 
       h0263  5 0.7823 0.2177 
       h0273  5 0.9030 0.0970 
       h0283  5 0.7203 0.2797 
       h0293  5 0.8006 0.1994 
       h0303  5 0.8371 0.1629 
       h0313  5 0.6237 0.3763 
       h0323  5 0.7113 0.2887 
       h0333  5 0.6393 0.3607 
       h0343  5 0.6128 0.3872 
       h0353  5 0.7047 0.2953 
       h0363  5 0.7173 0.2827 
       h0373  5 0.7191 0.2809 
       h0383  5 0.6718 0.3282 
       h0393  5 0.7306 0.2694 
       h0403  5 0.7854 0.2146 
       h0413  5 0.7042 0.2958 
       h0423  5 0.7133 0.2867 
       h0433  5 0.6588 0.3412 
       h0443  5 0.6311 0.3689 
       h0453  5 0.7175 0.2825 
       h0463  5 0.6393 0.3607 
       h0473  5 0.6454 0.3546 
       h0483  5 0.8885 0.1115 
       h0493  5 0.9562 0.0438 
       h0503  5 0.8341 0.1659 
       h0513  5 0.8254 0.1746 
       h0523  5 0.7408 0.2592 
       h0533  5 0.7074 0.2926 
       h0543  5 0.6646 0.3354 
       h0553  5 0.9373 0.0627 
       h0563  5 0.7101 0.2899 
       h0573  5 0.8262 0.1738 
       h0583  5 0.6023 0.3977 
       h0593  5 0.9328 0.0672 
       h0603  5 0.9070 0.0930 
       h0613  5 0.6744 0.3256 
       h0623  5 0.4702 0.5298 
       h0633  5 0.9090 0.0910 
       h0643  5 0.7350 0.2650 
       h0653  5 0.7787 0.2213 
       h0663  5 0.6262 0.3738 
       h0673  5 0.7700 0.2300 
       h0683  5 0.8013 0.1987 
       h0693  5 0.7727 0.2273 
       h0703  5 0.8087 0.1913 
       h0713  5 0.8501 0.1499 
       h0723  5 0.7216 0.2784 
       h0733  5 0.6855 0.3145 
       h0743  5 0.6970 0.3030 
       h0753  5 0.7666 0.2334 
       h0763  5 0.7174 0.2826 
       h0773  5 0.7530 0.2470 
       h0783  5 0.8930 0.1070 
       h0793  5 0.7335 0.2665 
       h0803  5 0.8468 0.1532 
       h0813  5 0.7124 0.2876 
       h0823  5 0.6991 0.3009 
       h0833  5 0.7974 0.2026 
       h0843  5 0.8777 0.1223 
       h0853  5 0.7330 0.2670 
       h0863  5 0.6364 0.3636 
       h0873  5 0.7668 0.2332 
       h0883  5 0.7342 0.2658 
       h0893  5 0.9346 0.0654 
       h0903  5 0.6645 0.3355 
       h0913  5 0.8921 0.1079 
       h0923  5 0.8197 0.1803 
       h0933  5 0.6875 0.3125 
       h0943  5 0.6746 0.3254 
       h0953  5 0.7766 0.2234 
       h0963  5 0.8465 0.1535 
       h0973  5 0.7575 0.2425 
       h0983  5 0.7562 0.2438 
       h0993  5 0.6923 0.3077 
       h1003  5 0.7518 0.2482 
       h0014  6 0.9101 0.0899 
       h0024  6 0.9158 0.0842 
       h0034  6 0.7481 0.2519 
       h0044  6 0.9093 0.0907 
       h0054  6 0.8752 0.1248 
       h0064  6 0.9684 0.0316 
       h0074  6 0.8667 0.1333 
       h0084  6 0.9016 0.0984 
       h0094  6 0.9315 0.0685 
       h0104  6 0.7730 0.2270 
       h0114  6 0.9128 0.0872 
       h0124  6 0.8990 0.1010 
       h0134  6 0.8320 0.1680 
       h0144  6 0.9404 0.0596 
       h0154  6 0.8394 0.1606 
       h0164  6 0.9503 0.0497 
       h0174  6 0.8426 0.1574 
       h0184  6 0.9045 0.0955 
       h0194  6 0.9492 0.0508 
       h0204  6 0.8486 0.1514 
       h0214  6 0.7525 0.2475 
       h0224  6 0.9463 0.0537 
       h0234  6 0.9775 0.0225 
       h0244  6 0.9185 0.0815 
       h0254  6 0.9196 0.0804 
       h0264  6 0.8486 0.1514 
       h0274  6 0.9282 0.0718 
       h0284  6 0.9461 0.0539 
       h0294  6 0.8371 0.1629 
       h0304  6 0.8851 0.1149 
       h0314  6 0.8716 0.1284 
       h0324  6 0.9003 0.0997 
       h0334  6 0.8477 0.1523 
       h0344  6 0.9759 0.0241 
       h0354  6 0.9175 0.0825 
       h0364  6 0.8567 0.1433 
       h0374  6 0.9666 0.0334 
       h0384  6 0.9722 0.0278 
       h0394  6 0.8214 0.1786 
       h0404  6 0.9156 0.0844 
       h0414  6 0.9215 0.0785 
       h0424  6 0.7322 0.2678 
       h0434  6 0.9538 0.0462 
       h0444  6 0.9817 0.0183 
       h0454  6 0.9813 0.0187 
       h0464  6 0.7833 0.2167 
       h0474  6 0.8195 0.1805 
       h0484  6 0.9067 0.0933 
       h0494  6 0.8160 0.1840 
       h0504  6 0.7712 0.2288 
       h0514  6 0.9136 0.0864 
       h0524  6 0.9556 0.0444 
       h0534  6 0.8587 0.1413 
       h0544  6 0.9728 0.0272 
       h0554  6 0.9685 0.0315 
       h0564  6 0.8609 0.1391 
       h0574  6 0.9720 0.0280 
       h0584  6 0.9167 0.0833 
       h0594  6 0.8914 0.1086 
       h0604  6 0.7410 0.2590 
       h0614  6 0.7515 0.2485 
       h0624  6 0.8850 0.1150 
       h0634  6 0.9732 0.0268 
       h0644  6 0.9780 0.0220 
       h0654  6 0.8475 0.1525 
       h0664  6 0.8909 0.1091 
       h0674  6 0.8106 0.1894 
       h0684  6 0.8036 0.1964 
       h0694  6 0.8408 0.1592 
       h0704  6 0.9248 0.0752 
       h0714  6 0.8132 0.1868 
       h0724  6 0.8784 0.1216 
       h0734  6 0.7834 0.2166 
       h0744  6 0.8903 0.1097 
       h0754  6 0.8988 0.1012 
       h0764  6 0.8603 0.1397 
       h0774  6 0.8241 0.1759 
       h0784  6 0.8896 0.1104 
       h0794  6 0.9594 0.0406 
       h0804  6 0.9593 0.0407 
       h0814  6 0.8771 0.1229 
       h0824  6 0.8733 0.1267 
       h0834  6 0.8925 0.1075 
       h0844  6 0.8954 0.1046 
       h0854  6 0.8126 0.1874 
       h0864  6 0.7608 0.2392 
       h0874  6 0.8327 0.1673 
       h0884  6 0.9653 0.0347 
       h0894  6 0.9148 0.0852 
       h0904  6 0.8294 0.1706 
       h0914  6 0.8324 0.1676 
       h0924  6 0.8339 0.1661 
       h0934  6 0.8581 0.1419 
       h0944  6 0.8590 0.1410 
       h0954  6 0.9183 0.0817 
       h0964  6 0.9525 0.0475 
       h0974  6 0.9588 0.0412 
       h0984  6 0.8631 0.1369 
       h0994  6 0.9690 0.0310 
       h1004  6 0.8876 0.1124 
     CK.0PLA  7 0.9655 0.0345 
     CK.0PLC  7 0.9689 0.0311 
     CK.0PLE  7 0.9800 0.0200 
     CK.0PLF  7 0.9522 0.0478 
     CK.0PLH  7 0.9730 0.0270 
     CK.0PLJ  7 0.9771 0.0229 
     CK.0PLK  7 0.9834 0.0166 
     CK.0PLL  7 0.9680 0.0320 
     CK.0PLM  7 0.9727 0.0273 
     CK.0PLP  7 0.9731 0.0269 
     CK.0PLT  7 0.9844 0.0156 
     CK.0PLU  7 0.9811 0.0189 
     CK.0PLX  7 0.9527 0.0473 
     CK.0PLY  7 0.9846 0.0154 
     CK.0PM0  7 0.9759 0.0241 
     CK.0PM1  7 0.9828 0.0172 
     CK.0PM2  7 0.9771 0.0229 
     CK.0PM3  7 0.9773 0.0227 
     CK.0PM4  7 0.9737 0.0263 
     CK.0PM7  7 0.9815 0.0185 
     CK.0PM8  7 0.9826 0.0174 
     CK.0PMA  7 0.9735 0.0265 
       M2C06  7 0.9816 0.0184 
       M2C07  7 0.9853 0.0147 
       M2C08  7 0.9856 0.0144 
       M2C0A  7 0.9813 0.0187 
       M2C0C  7 0.9832 0.0168 
       M2C0E  7 0.9803 0.0197 
         h01  8 0.9822 0.0178 
         h02  8 0.9604 0.0396 
         h03  8 0.9718 0.0282 
         h04  8 0.9836 0.0164 
         h05  8 0.9823 0.0177 
         h06  8 0.9822 0.0178 
         h07  8 0.9735 0.0265 
         h08  8 0.9536 0.0464 
         h09  8 0.9784 0.0216 
         h10  8 0.9446 0.0554 
         h11  8 0.9828 0.0172 
         h12  8 0.9820 0.0180 
         h13  8 0.9681 0.0319 
         h14  8 0.9785 0.0215 
         h15  8 0.9828 0.0172 
         h16  8 0.9828 0.0172 
         h17  8 0.9846 0.0154 
         h18  8 0.9750 0.0250 
         h19  8 0.9728 0.0272 
         h20  8 0.9802 0.0198 
         h21  8 0.9843 0.0157 
         h22  8 0.9757 0.0243 
         h23  8 0.9596 0.0404 
         h24  8 0.9770 0.0230 
         h25  8 0.9773 0.0227 
         h26  8 0.9776 0.0224 
         h27  8 0.9803 0.0197 
         h28  8 0.9781 0.0219 
         h29  8 0.9771 0.0229 
         h30  8 0.9707 0.0293 
         h31  8 0.9795 0.0205 
         h32  8 0.9327 0.0673 
         h33  8 0.9761 0.0239 
         h34  8 0.9710 0.0290 
         h35  8 0.9830 0.0170 
         h36  8 0.9823 0.0177 
         h37  8 0.9816 0.0184 
         h38  8 0.9785 0.0215 
         h39  8 0.9822 0.0178 
         h40  8 0.9529 0.0471 
         h41  8 0.9651 0.0349 
         h42  8 0.9784 0.0216 
         h43  8 0.9820 0.0180 
         h44  8 0.9511 0.0489 
         h45  8 0.9681 0.0319 
         h46  8 0.9828 0.0172 
         h47  8 0.9815 0.0185 
         h48  8 0.9700 0.0300 
         h49  8 0.9699 0.0301 
         h50  8 0.9808 0.0192 
         h51  8 0.9818 0.0182 
         h52  8 0.9814 0.0186 
         h53  8 0.9817 0.0183 
         h54  8 0.9831 0.0169 
         h55  8 0.9804 0.0196 
         h56  8 0.9818 0.0182 
         h57  8 0.9612 0.0388 
         h58  8 0.9812 0.0188 
         h59  8 0.9826 0.0174 
         h60  8 0.9717 0.0283 
         h61  8 0.9855 0.0145 
         h62  8 0.9823 0.0177 
         h63  8 0.9834 0.0166 
         h64  8 0.9820 0.0180 
         h65  8 0.9776 0.0224 
         h66  8 0.9610 0.0390 
         h67  8 0.9834 0.0166 
         h68  8 0.9653 0.0347 
         h69  8 0.9787 0.0213 
         h70  8 0.9837 0.0163 
         h71  8 0.9753 0.0247 
         h72  8 0.9775 0.0225 
