       M1EL5  1 0.0163 0.9837 
       W26T6  1 0.0326 0.9674 
       W26XX  1 0.0102 0.9898 
       M013P  1 0.0079 0.9921 
       M1ELA  1 0.0304 0.9696 
       M2C73  1 0.0127 0.9873 
       W23P4  1 0.1242 0.8758 
       W247C  1 0.0091 0.9909 
       W24K1  1 0.0086 0.9914 
       W24ME  1 0.0438 0.9562 
       W2514  1 0.0243 0.9757 
       W26MA  1 0.0199 0.9801 
       W26MM  1 0.0099 0.9901 
       W26MU  1 0.0152 0.9848 
       W26P0  1 0.0152 0.9848 
       W26P3  1 0.0070 0.9930 
       W26T5  1 0.0088 0.9912 
       W26TE  1 0.0200 0.9800 
       W26TF  1 0.0086 0.9914 
       W26U8  1 0.0473 0.9527 
       W26UJ  1 0.0084 0.9916 
       W26UK  1 0.0071 0.9929 
       W26UT  1 0.0074 0.9926 
       W26XT  1 0.0095 0.9905 
      CC06H2  1 0.0515 0.9485 
      CC06H4  1 0.0097 0.9903 
      CC06H5  1 0.0579 0.9421 
      CC06H6  1 0.0147 0.9853 
      CC06HE  1 0.0088 0.9912 
      CC06HF  1 0.0346 0.9654 
      CC06HH  1 0.0095 0.9905 
      CC06HJ  1 0.0143 0.9857 
      CC06HL  1 0.0071 0.9929 
      CC06HP  1 0.0079 0.9921 
      CC06HT  1 0.0302 0.9698 
      CC06HU  1 0.0166 0.9834 
      CC06HY  1 0.0212 0.9788 
      CC06J0  1 0.0123 0.9877 
      CC06J1  1 0.0287 0.9713 
      CC06J2  1 0.0121 0.9879 
     CT.0YCY  1 0.0131 0.9869 
     CT.0YEC  1 0.0068 0.9932 
     CT.0YEF  1 0.0120 0.9880 
     CT.0YEU  1 0.0079 0.9921 
     CT.0YF2  1 0.0253 0.9747 
     CT.0YF8  1 0.0087 0.9913 
     CT.0YFA  1 0.0169 0.9831 
     CT.0YFE  1 0.0214 0.9786 
     CT.0YFP  1 0.0152 0.9848 
     CT.0YFU  1 0.0139 0.9861 
     CT.0YK7  1 0.0182 0.9818 
     CX.10PT  1 0.0471 0.9529 
      DAM021  1 0.0120 0.9880 
      DAM034  1 0.0174 0.9826 
      DAM07X  1 0.0150 0.9850 
     EF.15J6  1 0.0098 0.9902 
      HRV010  1 0.0099 0.9901 
      HRV02J  1 0.0175 0.9825 
      HRV078  1 0.0123 0.9877 
      HRV0FH  1 0.0116 0.9884 
      HRV0H5  1 0.0151 0.9849 
      HRV0JF  1 0.0229 0.9771 
      HRV0JJ  1 0.0209 0.9791 
      HRV0JM  1 0.0123 0.9877 
      HRV0K6  1 0.0339 0.9661 
      HRV0K7  1 0.0098 0.9902 
      HRV0KP  1 0.0152 0.9848 
      HRV1AX  1 0.0288 0.9712 
      HRV1C4  1 0.0210 0.9790 
      HRV1CH  1 0.0146 0.9854 
      HRV1FA  1 0.0190 0.9810 
      HRV1FK  1 0.0202 0.9798 
      HRV1H8  1 0.0130 0.9870 
      HRV1HT  1 0.0172 0.9828 
      HRV1XU  1 0.0127 0.9873 
      HRV4TF  1 0.0092 0.9908 
      HRV6F0  1 0.0120 0.9880 
      HRVE6L  1 0.0159 0.9841 
       M27HM  1 0.0280 0.9720 
       M27HP  1 0.0090 0.9910 
       M2AK4  1 0.0089 0.9911 
       M2ALA  1 0.0082 0.9918 
       M2C56  1 0.0163 0.9837 
       M2CUX  1 0.0211 0.9789 
       M2E24  1 0.0090 0.9910 
       M2EA7  1 0.0105 0.9895 
       M2EH6  1 0.0102 0.9898 
       M2EKC  1 0.0286 0.9714 
      MSV083  1 0.0127 0.9873 
      MSV084  1 0.0152 0.9848 
      MSV0LJ  1 0.0164 0.9836 
      MSV1H5  1 0.0202 0.9798 
      MSV1KM  1 0.0094 0.9906 
      MSV23F  1 0.0112 0.9888 
      MSV2L8  1 0.0119 0.9881 
      MSV2P7  1 0.0102 0.9898 
      MSV2TJ  1 0.0224 0.9776 
      MSV2XM  1 0.0147 0.9853 
      MSV327  1 0.0113 0.9887 
      MSV33L  1 0.0086 0.9914 
       h0015  2 0.0136 0.9864 
       h0025  2 0.0133 0.9867 
       h0035  2 0.0252 0.9748 
       h0045  2 0.0202 0.9798 
       h0055  2 0.0289 0.9711 
       h0065  2 0.0099 0.9901 
       h0075  2 0.0160 0.9840 
       h0085  2 0.0103 0.9897 
       h0095  2 0.0277 0.9723 
       h0105  2 0.0077 0.9923 
       h0115  2 0.0108 0.9892 
       h0125  2 0.0101 0.9899 
       h0135  2 0.0211 0.9789 
       h0145  2 0.0112 0.9888 
       h0155  2 0.0170 0.9830 
       h0165  2 0.0215 0.9785 
       h0175  2 0.0126 0.9874 
       h0185  2 0.0116 0.9884 
       h0195  2 0.0131 0.9869 
       h0205  2 0.0157 0.9843 
       h0215  2 0.0116 0.9884 
       h0225  2 0.0120 0.9880 
       h0235  2 0.0094 0.9906 
       h0245  2 0.0122 0.9878 
       h0255  2 0.0093 0.9907 
       h0265  2 0.0128 0.9872 
       h0275  2 0.0244 0.9756 
       h0285  2 0.0230 0.9770 
       h0295  2 0.0110 0.9890 
       h0305  2 0.0128 0.9872 
       h0315  2 0.0119 0.9881 
       h0325  2 0.0116 0.9884 
       h0335  2 0.0074 0.9926 
       h0345  2 0.0105 0.9895 
       h0355  2 0.0267 0.9733 
       h0365  2 0.0253 0.9747 
       h0375  2 0.0076 0.9924 
       h0385  2 0.0084 0.9916 
       h0395  2 0.0121 0.9879 
       h0405  2 0.0062 0.9938 
       h0415  2 0.0121 0.9879 
       h0425  2 0.0113 0.9887 
       h0435  2 0.0281 0.9719 
       h0445  2 0.0147 0.9853 
       h0455  2 0.0081 0.9919 
       h0465  2 0.0219 0.9781 
       h0475  2 0.0066 0.9934 
       h0485  2 0.0077 0.9923 
       h0495  2 0.0128 0.9872 
       h0505  2 0.0085 0.9915 
       h0515  2 0.0220 0.9780 
       h0525  2 0.0100 0.9900 
       h0535  2 0.0145 0.9855 
       h0545  2 0.0117 0.9883 
       h0555  2 0.0271 0.9729 
       h0565  2 0.0128 0.9872 
       h0575  2 0.0079 0.9921 
       h0585  2 0.0187 0.9813 
       h0595  2 0.0086 0.9914 
       h0605  2 0.0231 0.9769 
       h0615  2 0.0472 0.9528 
       h0625  2 0.0158 0.9842 
       h0635  2 0.0642 0.9358 
       h0645  2 0.0095 0.9905 
       h0655  2 0.0159 0.9841 
       h0665  2 0.0187 0.9813 
       h0675  2 0.0144 0.9856 
       h0685  2 0.0176 0.9824 
       h0695  2 0.0185 0.9815 
       h0705  2 0.0127 0.9873 
       h0715  2 0.0581 0.9419 
       h0725  2 0.0165 0.9835 
       h0735  2 0.0121 0.9879 
       h0745  2 0.0100 0.9900 
       h0755  2 0.0071 0.9929 
       h0765  2 0.0209 0.9791 
       h0775  2 0.0299 0.9701 
       h0785  2 0.0255 0.9745 
       h0795  2 0.0141 0.9859 
       h0805  2 0.0141 0.9859 
       h0815  2 0.0090 0.9910 
       h0825  2 0.0220 0.9780 
       h0835  2 0.0115 0.9885 
       h0845  2 0.0069 0.9931 
       h0855  2 0.0089 0.9911 
       h0865  2 0.0070 0.9930 
       h0875  2 0.0112 0.9888 
       h0885  2 0.0092 0.9908 
       h0895  2 0.0151 0.9849 
       h0905  2 0.0160 0.9840 
       h0915  2 0.0115 0.9885 
       h0925  2 0.0196 0.9804 
       h0935  2 0.0206 0.9794 
       h0945  2 0.0227 0.9773 
       h0955  2 0.0105 0.9895 
       h0965  2 0.0174 0.9826 
       h0975  2 0.0111 0.9889 
       h0985  2 0.0269 0.9731 
       h0995  2 0.0170 0.9830 
       h1005  2 0.0122 0.9878 
        h101  2 0.0132 0.9868 
        h102  2 0.0249 0.9751 
        h103  2 0.0145 0.9855 
        h104  2 0.0355 0.9645 
        h105  2 0.0106 0.9894 
        h106  2 0.0102 0.9898 
        h107  2 0.0180 0.9820 
        h108  2 0.0166 0.9834 
        h109  2 0.0082 0.9918 
        h110  2 0.0275 0.9725 
        h111  2 0.0130 0.9870 
        h112  2 0.0137 0.9863 
        h113  2 0.0120 0.9880 
        h114  2 0.0566 0.9434 
        h115  2 0.0140 0.9860 
        h116  2 0.0098 0.9902 
        h117  2 0.0137 0.9863 
        h118  2 0.0084 0.9916 
        h119  2 0.0125 0.9875 
        h120  2 0.0245 0.9755 
        h121  2 0.0190 0.9810 
        h122  2 0.0079 0.9921 
        h123  2 0.0097 0.9903 
        h124  2 0.0157 0.9843 
        h125  2 0.0190 0.9810 
        h126  2 0.0337 0.9663 
        h127  2 0.0319 0.9681 
        h128  2 0.0079 0.9921 
        h129  2 0.0135 0.9865 
        h130  2 0.0221 0.9779 
        h131  2 0.0275 0.9725 
        h132  2 0.0281 0.9719 
        h133  2 0.0144 0.9856 
        h134  2 0.0305 0.9695 
        h135  2 0.0122 0.9878 
        h136  2 0.0082 0.9918 
        h137  2 0.0066 0.9934 
        h138  2 0.0209 0.9791 
        h139  2 0.0100 0.9900 
        h140  2 0.0124 0.9876 
        h141  2 0.0161 0.9839 
        h142  2 0.0118 0.9882 
        h143  2 0.0137 0.9863 
        h144  2 0.0293 0.9707 
        h145  2 0.0138 0.9862 
        h146  2 0.0272 0.9728 
        h147  2 0.0426 0.9574 
        h148  2 0.0123 0.9877 
        h149  2 0.0493 0.9507 
        h150  2 0.0176 0.9824 
        h151  2 0.0272 0.9728 
        h152  2 0.0078 0.9922 
        h153  2 0.0187 0.9813 
        h154  2 0.0182 0.9818 
        h155  2 0.0191 0.9809 
        h156  2 0.0167 0.9833 
        h157  2 0.0161 0.9839 
        h158  2 0.0284 0.9716 
        h159  2 0.0146 0.9854 
        h160  2 0.0102 0.9898 
        h161  2 0.0133 0.9867 
        h162  2 0.0336 0.9664 
        h163  2 0.0313 0.9687 
        h164  2 0.0088 0.9912 
        h165  2 0.0167 0.9833 
        h166  2 0.0131 0.9869 
        h167  2 0.0192 0.9808 
        h168  2 0.0120 0.9880 
        h169  2 0.0172 0.9828 
        h170  2 0.0311 0.9689 
        h171  2 0.0100 0.9900 
        h172  2 0.0105 0.9895 
        h173  2 0.0111 0.9889 
        h174  2 0.0145 0.9855 
        h175  2 0.0250 0.9750 
        h176  2 0.0108 0.9892 
        h177  2 0.0118 0.9882 
        h178  2 0.0109 0.9891 
        h179  2 0.0177 0.9823 
        h180  2 0.0107 0.9893 
        h181  2 0.0152 0.9848 
        h182  2 0.0091 0.9909 
        h183  2 0.0092 0.9908 
        h184  2 0.0098 0.9902 
        h185  2 0.0127 0.9873 
        h186  2 0.0078 0.9922 
        h187  2 0.0144 0.9856 
        h188  2 0.0298 0.9702 
        h189  2 0.0114 0.9886 
        h190  2 0.0493 0.9507 
        h191  2 0.0079 0.9921 
        h192  2 0.0150 0.9850 
        h193  2 0.0183 0.9817 
        h194  2 0.0152 0.9848 
        h195  2 0.0381 0.9619 
        h196  2 0.0145 0.9855 
        h197  2 0.0196 0.9804 
        h198  2 0.0562 0.9438 
        h199  2 0.0174 0.9826 
        h200  2 0.0156 0.9844 
        h201  2 0.0262 0.9738 
        h202  2 0.0133 0.9867 
        h203  2 0.0074 0.9926 
        h204  2 0.0159 0.9841 
        h205  2 0.0331 0.9669 
        h206  2 0.0142 0.9858 
        h207  2 0.0110 0.9890 
        h208  2 0.0481 0.9519 
        h209  2 0.0137 0.9863 
        h210  2 0.0114 0.9886 
        h211  2 0.0165 0.9835 
        h212  2 0.0081 0.9919 
        h213  2 0.0371 0.9629 
        h214  2 0.0221 0.9779 
        h215  2 0.0073 0.9927 
        h216  2 0.0138 0.9862 
        h217  2 0.0078 0.9922 
        h218  2 0.0108 0.9892 
        h219  2 0.0070 0.9930 
        h220  2 0.0083 0.9917 
        h221  2 0.0102 0.9898 
        h222  2 0.0243 0.9757 
        h223  2 0.0135 0.9865 
        h224  2 0.0127 0.9873 
        h225  2 0.0125 0.9875 
        h226  2 0.0071 0.9929 
        h227  2 0.0099 0.9901 
        h228  2 0.0190 0.9810 
        h229  2 0.0190 0.9810 
        h230  2 0.0242 0.9758 
        h231  2 0.0090 0.9910 
        h232  2 0.0086 0.9914 
        h233  2 0.0093 0.9907 
        h234  2 0.0087 0.9913 
        h235  2 0.0132 0.9868 
        h236  2 0.0124 0.9876 
        h237  2 0.0093 0.9907 
        h238  2 0.0106 0.9894 
        h239  2 0.0079 0.9921 
        h240  2 0.0414 0.9586 
        h241  2 0.0084 0.9916 
        h242  2 0.0102 0.9898 
        h243  2 0.0191 0.9809 
        h244  2 0.0232 0.9768 
        h245  2 0.0121 0.9879 
        h246  2 0.0119 0.9881 
        h247  2 0.0182 0.9818 
        h248  2 0.0120 0.9880 
        h249  2 0.0185 0.9815 
        h250  2 0.0078 0.9922 
        h251  2 0.0100 0.9900 
        h252  2 0.0127 0.9873 
        h253  2 0.0103 0.9897 
        h254  2 0.0109 0.9891 
        h255  2 0.0314 0.9686 
        h256  2 0.1488 0.8512 
        h257  2 0.0115 0.9885 
        h258  2 0.0121 0.9879 
        h259  2 0.0155 0.9845 
        h260  2 0.0373 0.9627 
        h261  2 0.0130 0.9870 
        h262  2 0.0114 0.9886 
        h263  2 0.0339 0.9661 
        h264  2 0.0115 0.9885 
        h265  2 0.0150 0.9850 
        h266  2 0.0125 0.9875 
        h267  2 0.0131 0.9869 
        h268  2 0.0177 0.9823 
        h269  2 0.0144 0.9856 
        h270  2 0.0119 0.9881 
        h271  2 0.0085 0.9915 
        h272  2 0.0164 0.9836 
        h273  2 0.0336 0.9664 
        h274  2 0.0080 0.9920 
        h275  2 0.0155 0.9845 
        h276  2 0.0141 0.9859 
        h277  2 0.0120 0.9880 
        h278  2 0.0101 0.9899 
        h279  2 0.0091 0.9909 
        h280  2 0.0093 0.9907 
        h281  2 0.0279 0.9721 
        h282  2 0.0089 0.9911 
        h283  2 0.0298 0.9702 
        h284  2 0.0159 0.9841 
        h285  2 0.0213 0.9787 
        h286  2 0.0281 0.9719 
        h287  2 0.0118 0.9882 
        h288  2 0.0083 0.9917 
        h289  2 0.0069 0.9931 
        h290  2 0.0074 0.9926 
        h291  2 0.0109 0.9891 
        h292  2 0.0080 0.9920 
        h293  2 0.0185 0.9815 
        h294  2 0.0103 0.9897 
        h295  2 0.0085 0.9915 
        h296  2 0.0076 0.9924 
        h297  2 0.0196 0.9804 
        h298  2 0.0105 0.9895 
        h299  2 0.0134 0.9866 
        h300  2 0.0155 0.9845 
        h301  2 0.0128 0.9872 
        h302  2 0.0078 0.9922 
        h303  2 0.0386 0.9614 
        h304  2 0.0118 0.9882 
        h305  2 0.0163 0.9837 
        h306  2 0.0076 0.9924 
        h307  2 0.0084 0.9916 
        h308  2 0.0266 0.9734 
        h309  2 0.0152 0.9848 
        h310  2 0.0302 0.9698 
        h311  2 0.0088 0.9912 
        h312  2 0.0128 0.9872 
        h313  2 0.0076 0.9924 
        h314  2 0.0212 0.9788 
        h315  2 0.0137 0.9863 
        h316  2 0.0085 0.9915 
        h317  2 0.0108 0.9892 
        h318  2 0.0089 0.9911 
        h319  2 0.0085 0.9915 
        h320  2 0.0125 0.9875 
        h321  2 0.0114 0.9886 
        h322  2 0.0153 0.9847 
        h323  2 0.0271 0.9729 
        h324  2 0.0238 0.9762 
        h325  2 0.0104 0.9896 
        h326  2 0.0076 0.9924 
        h327  2 0.0104 0.9896 
        h328  2 0.0078 0.9922 
        h329  2 0.0100 0.9900 
        h330  2 0.0118 0.9882 
        h331  2 0.0067 0.9933 
        h332  2 0.0182 0.9818 
        h333  2 0.0212 0.9788 
        h334  2 0.0152 0.9848 
        h335  2 0.0263 0.9737 
        h336  2 0.0099 0.9901 
        h337  2 0.0222 0.9778 
        h338  2 0.0177 0.9823 
        h339  2 0.0474 0.9526 
        h340  2 0.0105 0.9895 
        h341  2 0.0061 0.9939 
        h342  2 0.0086 0.9914 
        h343  2 0.0089 0.9911 
        h344  2 0.0197 0.9803 
        h345  2 0.0105 0.9895 
        h346  2 0.0114 0.9886 
        h347  2 0.0108 0.9892 
        h348  2 0.0100 0.9900 
        h349  2 0.0139 0.9861 
        h350  2 0.0127 0.9873 
        h351  2 0.0118 0.9882 
        h352  2 0.0069 0.9931 
        h353  2 0.0072 0.9928 
        h354  2 0.0095 0.9905 
        h355  2 0.0070 0.9930 
        h356  2 0.0152 0.9848 
        h357  2 0.0116 0.9884 
        h358  2 0.0162 0.9838 
        h359  2 0.0082 0.9918 
        h360  2 0.0151 0.9849 
        h361  2 0.0065 0.9935 
        h362  2 0.0349 0.9651 
        h363  2 0.0115 0.9885 
        h364  2 0.0114 0.9886 
        h365  2 0.0257 0.9743 
        h366  2 0.0129 0.9871 
        h367  2 0.0152 0.9848 
        h368  2 0.0213 0.9787 
        h369  2 0.0085 0.9915 
        h370  2 0.0091 0.9909 
        h371  2 0.0071 0.9929 
        h372  2 0.0096 0.9904 
        h373  2 0.0182 0.9818 
        h374  2 0.0694 0.9306 
        h375  2 0.0266 0.9734 
        h376  2 0.0121 0.9879 
        h377  2 0.0118 0.9882 
        h378  2 0.0150 0.9850 
        h379  2 0.0091 0.9909 
        h380  2 0.0127 0.9873 
        h381  2 0.0333 0.9667 
        h382  2 0.0122 0.9878 
        h383  2 0.0082 0.9918 
        h384  2 0.0119 0.9881 
        h385  2 0.1036 0.8964 
        h386  2 0.0205 0.9795 
        h387  2 0.0173 0.9827 
        h388  2 0.0075 0.9925 
        h389  2 0.0151 0.9849 
        h390  2 0.0917 0.9083 
        h391  2 0.0288 0.9712 
        h392  2 0.0121 0.9879 
        h393  2 0.0187 0.9813 
        h394  2 0.0117 0.9883 
        h395  2 0.0082 0.9918 
        h396  2 0.0105 0.9895 
        h397  2 0.0092 0.9908 
        h398  2 0.0113 0.9887 
        h399  2 0.0121 0.9879 
        h400  2 0.0091 0.9909 
        h001  3 0.0858 0.9142 
        h002  3 0.0160 0.9840 
        h003  3 0.2354 0.7646 
        h004  3 0.0293 0.9707 
        h005  3 0.1416 0.8584 
        h006  3 0.1128 0.8872 
        h007  3 0.2330 0.7670 
        h008  3 0.0249 0.9751 
        h009  3 0.0466 0.9534 
        h010  3 0.4090 0.5910 
        h011  3 0.0135 0.9865 
        h012  3 0.0930 0.9070 
        h013  3 0.1677 0.8323 
        h014  3 0.1503 0.8497 
        h015  3 0.3255 0.6745 
        h016  3 0.0268 0.9732 
        h017  3 0.0103 0.9897 
        h018  3 0.1417 0.8583 
        h019  3 0.1803 0.8197 
        h020  3 0.1873 0.8127 
        h021  3 0.1479 0.8521 
        h022  3 0.1121 0.8879 
        h023  3 0.0303 0.9697 
        h024  3 0.1917 0.8083 
        h025  3 0.1087 0.8913 
        h026  3 0.0212 0.9788 
        h027  3 0.1040 0.8960 
        h028  3 0.1002 0.8998 
        h029  3 0.1684 0.8316 
        h030  3 0.1874 0.8126 
        h031  3 0.3797 0.6203 
        h032  3 0.0882 0.9118 
        h033  3 0.0117 0.9883 
        h034  3 0.4306 0.5694 
        h035  3 0.2121 0.7879 
        h036  3 0.0721 0.9279 
        h037  3 0.1035 0.8965 
        h038  3 0.1007 0.8993 
        h039  3 0.3302 0.6698 
        h040  3 0.0076 0.9924 
        h041  3 0.2868 0.7132 
        h042  3 0.0465 0.9535 
        h043  3 0.0686 0.9314 
        h044  3 0.3731 0.6269 
        h045  3 0.0169 0.9831 
        h046  3 0.0550 0.9450 
        h047  3 0.0113 0.9887 
        h048  3 0.0418 0.9582 
        h049  3 0.1492 0.8508 
        h050  3 0.0792 0.9208 
        h051  3 0.0332 0.9668 
        h052  3 0.2258 0.7742 
        h053  3 0.0574 0.9426 
        h054  3 0.0710 0.9290 
        h055  3 0.0991 0.9009 
        h056  3 0.1465 0.8535 
        h057  3 0.0161 0.9839 
        h058  3 0.1522 0.8478 
        h059  3 0.0142 0.9858 
        h060  3 0.1522 0.8478 
        h061  3 0.0179 0.9821 
        h062  3 0.0267 0.9733 
        h063  3 0.0990 0.9010 
        h064  3 0.0120 0.9880 
        h065  3 0.0368 0.9632 
        h066  3 0.2266 0.7734 
        h067  3 0.1862 0.8138 
        h068  3 0.0387 0.9613 
        h069  3 0.0729 0.9271 
        h070  3 0.0104 0.9896 
        h071  3 0.0121 0.9879 
        h072  3 0.0163 0.9837 
        h073  3 0.0492 0.9508 
        h074  3 0.0363 0.9637 
        h075  3 0.0122 0.9878 
        h076  3 0.2197 0.7803 
        h077  3 0.0199 0.9801 
        h078  3 0.1048 0.8952 
        h079  3 0.0946 0.9054 
        h080  3 0.1982 0.8018 
        h081  3 0.1493 0.8507 
        h082  3 0.1106 0.8894 
        h083  3 0.1000 0.9000 
        h084  3 0.1135 0.8865 
        h085  3 0.0147 0.9853 
        h086  3 0.2111 0.7889 
        h087  3 0.0360 0.9640 
        h088  3 0.1523 0.8477 
        h089  3 0.0982 0.9018 
        h090  3 0.0275 0.9725 
        h091  3 0.0802 0.9198 
        h092  3 0.0325 0.9675 
        h093  3 0.0300 0.9700 
        h094  3 0.3814 0.6186 
        h095  3 0.1307 0.8693 
        h096  3 0.1153 0.8847 
        h097  3 0.0215 0.9785 
        h098  3 0.2259 0.7741 
        h099  3 0.0587 0.9413 
        h100  3 0.0191 0.9809 
       h0011  4 0.3317 0.6683 
       h0021  4 0.0474 0.9526 
       h0031  4 0.0418 0.9582 
       h0041  4 0.0587 0.9413 
       h0051  4 0.2326 0.7674 
       h0061  4 0.2657 0.7343 
       h0071  4 0.1789 0.8211 
       h0081  4 0.1864 0.8136 
       h0091  4 0.0596 0.9404 
       h0101  4 0.1072 0.8928 
       h0111  4 0.4298 0.5702 
       h0121  4 0.2423 0.7577 
       h0131  4 0.2652 0.7348 
       h0141  4 0.3858 0.6142 
       h0151  4 0.1965 0.8035 
       h0161  4 0.2734 0.7266 
       h0171  4 0.1618 0.8382 
       h0181  4 0.2615 0.7385 
       h0191  4 0.2610 0.7390 
       h0201  4 0.3523 0.6477 
       h0211  4 0.4009 0.5991 
       h0221  4 0.2123 0.7877 
       h0231  4 0.3831 0.6169 
       h0241  4 0.4825 0.5175 
       h0251  4 0.2345 0.7655 
       h0261  4 0.2171 0.7829 
       h0271  4 0.0939 0.9061 
       h0281  4 0.0264 0.9736 
       h0291  4 0.1447 0.8553 
       h0301  4 0.3168 0.6832 
       h0311  4 0.4059 0.5941 
       h0321  4 0.3386 0.6614 
       h0331  4 0.3139 0.6861 
       h0341  4 0.2016 0.7984 
       h0351  4 0.1806 0.8194 
       h0361  4 0.0459 0.9541 
       h0371  4 0.0747 0.9253 
       h0381  4 0.2175 0.7825 
       h0391  4 0.1481 0.8519 
       h0401  4 0.3322 0.6678 
       h0411  4 0.4172 0.5828 
       h0421  4 0.1372 0.8628 
       h0431  4 0.1873 0.8127 
       h0441  4 0.3915 0.6085 
       h0451  4 0.1085 0.8915 
       h0461  4 0.1252 0.8748 
       h0471  4 0.0267 0.9733 
       h0481  4 0.1999 0.8001 
       h0491  4 0.0880 0.9120 
       h0501  4 0.2152 0.7848 
       h0511  4 0.1959 0.8041 
       h0521  4 0.0678 0.9322 
       h0531  4 0.3540 0.6460 
       h0541  4 0.1299 0.8701 
       h0551  4 0.2153 0.7847 
       h0561  4 0.2086 0.7914 
       h0571  4 0.1054 0.8946 
       h0581  4 0.4361 0.5639 
       h0591  4 0.3407 0.6593 
       h0601  4 0.2328 0.7672 
       h0611  4 0.1442 0.8558 
       h0621  4 0.2297 0.7703 
       h0631  4 0.0956 0.9044 
       h0641  4 0.3904 0.6096 
       h0651  4 0.3422 0.6578 
       h0661  4 0.1800 0.8200 
       h0671  4 0.3682 0.6318 
       h0681  4 0.1182 0.8818 
       h0691  4 0.1428 0.8572 
       h0701  4 0.3339 0.6661 
       h0711  4 0.1602 0.8398 
       h0721  4 0.0891 0.9109 
       h0731  4 0.2883 0.7117 
       h0741  4 0.2232 0.7768 
       h0751  4 0.3378 0.6622 
       h0761  4 0.0506 0.9494 
       h0771  4 0.3203 0.6797 
       h0781  4 0.1246 0.8754 
       h0791  4 0.1823 0.8177 
       h0801  4 0.1442 0.8558 
       h0811  4 0.1879 0.8121 
       h0821  4 0.3927 0.6073 
       h0831  4 0.3140 0.6860 
       h0841  4 0.2502 0.7498 
       h0851  4 0.1703 0.8297 
       h0861  4 0.0412 0.9588 
       h0871  4 0.1392 0.8608 
       h0881  4 0.1240 0.8760 
       h0891  4 0.2309 0.7691 
       h0901  4 0.3974 0.6026 
       h0911  4 0.0348 0.9652 
       h0921  4 0.1704 0.8296 
       h0931  4 0.1765 0.8235 
       h0941  4 0.4807 0.5193 
       h0951  4 0.1464 0.8536 
       h0961  4 0.3060 0.6940 
       h0971  4 0.2271 0.7729 
       h0981  4 0.2239 0.7761 
       h0991  4 0.1595 0.8405 
       h1001  4 0.2245 0.7755 
      MSV1TX  5 0.3880 0.6120 
      MSV025  5 0.6142 0.3858 
      MSV02C  5 0.4803 0.5197 
      MSV02E  5 0.5486 0.4514 
      MSV0TF  5 0.5643 0.4357 
       M2EL8  5 0.6835 0.3165 
       h0012  6 0.5787 0.4213 
       h0022  6 0.4230 0.5770 
       h0032  6 0.6035 0.3965 
       h0042  6 0.5195 0.4805 
       h0052  6 0.4667 0.5333 
       h0062  6 0.6045 0.3955 
       h0072  6 0.2749 0.7251 
       h0082  6 0.6601 0.3399 
       h0092  6 0.3204 0.6796 
       h0102  6 0.4890 0.5110 
       h0112  6 0.6024 0.3976 
       h0122  6 0.3251 0.6749 
       h0132  6 0.4290 0.5710 
       h0142  6 0.6299 0.3701 
       h0152  6 0.4957 0.5043 
       h0162  6 0.5301 0.4699 
       h0172  6 0.3859 0.6141 
       h0182  6 0.2284 0.7716 
       h0192  6 0.4191 0.5809 
       h0202  6 0.4102 0.5898 
       h0212  6 0.6651 0.3349 
       h0222  6 0.6058 0.3942 
       h0232  6 0.5238 0.4762 
       h0242  6 0.5348 0.4652 
       h0252  6 0.7234 0.2766 
       h0262  6 0.4241 0.5759 
       h0272  6 0.4505 0.5495 
       h0282  6 0.4592 0.5408 
       h0292  6 0.4515 0.5485 
       h0302  6 0.5561 0.4439 
       h0312  6 0.5898 0.4102 
       h0322  6 0.5942 0.4058 
       h0332  6 0.6175 0.3825 
       h0342  6 0.4784 0.5216 
       h0352  6 0.4740 0.5260 
       h0362  6 0.4501 0.5499 
       h0372  6 0.4266 0.5734 
       h0382  6 0.4760 0.5240 
       h0392  6 0.5672 0.4328 
       h0402  6 0.5721 0.4279 
       h0412  6 0.3480 0.6520 
       h0422  6 0.4550 0.5450 
       h0432  6 0.6199 0.3801 
       h0442  6 0.5604 0.4396 
       h0452  6 0.4425 0.5575 
       h0462  6 0.3934 0.6066 
       h0472  6 0.6026 0.3974 
       h0482  6 0.4722 0.5278 
       h0492  6 0.4788 0.5212 
       h0502  6 0.4578 0.5422 
       h0512  6 0.5650 0.4350 
       h0522  6 0.5036 0.4964 
       h0532  6 0.3332 0.6668 
       h0542  6 0.5462 0.4538 
       h0552  6 0.4558 0.5442 
       h0562  6 0.5914 0.4086 
       h0572  6 0.6507 0.3493 
       h0582  6 0.5110 0.4890 
       h0592  6 0.5464 0.4536 
       h0602  6 0.4002 0.5998 
       h0612  6 0.4352 0.5648 
       h0622  6 0.4405 0.5595 
       h0632  6 0.4721 0.5279 
       h0642  6 0.3351 0.6649 
       h0652  6 0.5782 0.4218 
       h0662  6 0.6057 0.3943 
       h0672  6 0.3289 0.6711 
       h0682  6 0.4767 0.5233 
       h0692  6 0.4038 0.5962 
       h0702  6 0.4464 0.5536 
       h0712  6 0.5611 0.4389 
       h0722  6 0.3357 0.6643 
       h0732  6 0.4790 0.5210 
       h0742  6 0.5579 0.4421 
       h0752  6 0.4818 0.5182 
       h0762  6 0.5676 0.4324 
       h0772  6 0.3619 0.6381 
       h0782  6 0.4886 0.5114 
       h0792  6 0.5214 0.4786 
       h0802  6 0.5821 0.4179 
       h0812  6 0.3725 0.6275 
       h0822  6 0.7310 0.2690 
       h0832  6 0.4976 0.5024 
       h0842  6 0.4351 0.5649 
       h0852  6 0.4340 0.5660 
       h0862  6 0.4329 0.5671 
       h0872  6 0.5733 0.4267 
       h0882  6 0.4773 0.5227 
       h0892  6 0.3553 0.6447 
       h0902  6 0.4944 0.5056 
       h0912  6 0.5808 0.4192 
       h0922  6 0.5108 0.4892 
       h0932  6 0.4560 0.5440 
       h0942  6 0.5361 0.4639 
       h0952  6 0.5956 0.4044 
       h0962  6 0.4800 0.5200 
       h0972  6 0.6516 0.3484 
       h0982  6 0.4301 0.5699 
       h0992  6 0.5405 0.4595 
       h1002  6 0.3674 0.6326 
      MSV21T  7 0.8736 0.1264 
       M2E71  7 0.7608 0.2392 
       h0013  8 0.8414 0.1586 
       h0023  8 0.7460 0.2540 
       h0033  8 0.9108 0.0892 
       h0043  8 0.7465 0.2535 
       h0053  8 0.9370 0.0630 
       h0063  8 0.9397 0.0603 
       h0073  8 0.6729 0.3271 
       h0083  8 0.7603 0.2397 
       h0093  8 0.5983 0.4017 
       h0103  8 0.6751 0.3249 
       h0113  8 0.6146 0.3854 
       h0123  8 0.7554 0.2446 
       h0133  8 0.8764 0.1236 
       h0143  8 0.8174 0.1826 
       h0153  8 0.7296 0.2704 
       h0163  8 0.7104 0.2896 
       h0173  8 0.6275 0.3725 
       h0183  8 0.9245 0.0755 
       h0193  8 0.6769 0.3231 
       h0203  8 0.8904 0.1096 
       h0213  8 0.6509 0.3491 
       h0223  8 0.6833 0.3167 
       h0233  8 0.7460 0.2540 
       h0243  8 0.8618 0.1382 
       h0253  8 0.9425 0.0575 
       h0263  8 0.8366 0.1634 
       h0273  8 0.6557 0.3443 
       h0283  8 0.6463 0.3537 
       h0293  8 0.9403 0.0597 
       h0303  8 0.7679 0.2321 
       h0313  8 0.8521 0.1479 
       h0323  8 0.7305 0.2695 
       h0333  8 0.7154 0.2846 
       h0343  8 0.9638 0.0362 
       h0353  8 0.6228 0.3772 
       h0363  8 0.6913 0.3087 
       h0373  8 0.9191 0.0809 
       h0383  8 0.7211 0.2789 
       h0393  8 0.7373 0.2627 
       h0403  8 0.6874 0.3126 
       h0413  8 0.7731 0.2269 
       h0423  8 0.7788 0.2212 
       h0433  8 0.8511 0.1489 
       h0443  8 0.8637 0.1363 
       h0453  8 0.8590 0.1410 
       h0463  8 0.9791 0.0209 
       h0473  8 0.8239 0.1761 
       h0483  8 0.5718 0.4282 
       h0493  8 0.7920 0.2080 
       h0503  8 0.7887 0.2113 
       h0513  8 0.7536 0.2464 
       h0523  8 0.7765 0.2235 
       h0533  8 0.4499 0.5501 
       h0543  8 0.6147 0.3853 
       h0553  8 0.9418 0.0582 
       h0563  8 0.7859 0.2141 
       h0573  8 0.7589 0.2411 
       h0583  8 0.7047 0.2953 
       h0593  8 0.8606 0.1394 
       h0603  8 0.7707 0.2293 
       h0613  8 0.8374 0.1626 
       h0623  8 0.8024 0.1976 
       h0633  8 0.7291 0.2709 
       h0643  8 0.7168 0.2832 
       h0653  8 0.7753 0.2247 
       h0663  8 0.6808 0.3192 
       h0673  8 0.7227 0.2773 
       h0683  8 0.7264 0.2736 
       h0693  8 0.7080 0.2920 
       h0703  8 0.7422 0.2578 
       h0713  8 0.3858 0.6142 
       h0723  8 0.7053 0.2947 
       h0733  8 0.8275 0.1725 
       h0743  8 0.6272 0.3728 
       h0753  8 0.8155 0.1845 
       h0763  8 0.6586 0.3414 
       h0773  8 0.8184 0.1816 
       h0783  8 0.9517 0.0483 
       h0793  8 0.7972 0.2028 
       h0803  8 0.8281 0.1719 
       h0813  8 0.7086 0.2914 
       h0823  8 0.7104 0.2896 
       h0833  8 0.7298 0.2702 
       h0843  8 0.8780 0.1220 
       h0853  8 0.8240 0.1760 
       h0863  8 0.9299 0.0701 
       h0873  8 0.7207 0.2793 
       h0883  8 0.8314 0.1686 
       h0893  8 0.7146 0.2854 
       h0903  8 0.7025 0.2975 
       h0913  8 0.8094 0.1906 
       h0923  8 0.7128 0.2872 
       h0933  8 0.6894 0.3106 
       h0943  8 0.9331 0.0669 
       h0953  8 0.5853 0.4147 
       h0963  8 0.7355 0.2645 
       h0973  8 0.8211 0.1789 
       h0983  8 0.6778 0.3222 
       h0993  8 0.7269 0.2731 
       h1003  8 0.8996 0.1004 
       W23CA  9 0.9027 0.0973 
     AP.085Y  9 0.9820 0.0180 
     CH.0LLY  9 0.6022 0.3978 
       M0LEC  9 0.9908 0.0092 
       M2C3H  9 0.7716 0.2284 
       M2CHL  9 0.5493 0.4507 
       W26P7  9 0.8890 0.1110 
     AP.07M5  9 0.8969 0.1031 
     AP.080U  9 0.9475 0.0525 
     AP.082A  9 0.9901 0.0099 
     AP.0843  9 0.9506 0.0494 
     AP.0844  9 0.8374 0.1626 
     AP.084X  9 0.9732 0.0268 
     AP.086Y  9 0.8280 0.1720 
     AP.0870  9 0.8606 0.1394 
     AP.0878  9 0.8212 0.1788 
     AP.087F  9 0.7819 0.2181 
     AP.087Y  9 0.5965 0.4035 
     AP.088P  9 0.9769 0.0231 
     AP.08AK  9 0.9658 0.0342 
     CH.0LLM  9 0.8225 0.1775 
     CH.0LLU  9 0.7525 0.2475 
     CH.0LM0  9 0.9185 0.0815 
     CH.0LM3  9 0.9644 0.0356 
       W26MY  9 0.7901 0.2099 
       W26P6  9 0.9017 0.0983 
      HRV07U  9 0.9472 0.0528 
      HRV1CT  9 0.9882 0.0118 
      HRV1CU  9 0.9919 0.0081 
      HRV1E6  9 0.9930 0.0070 
      HRV081  9 0.9931 0.0069 
      HRV1E3  9 0.9731 0.0269 
      MSV21E  9 0.8190 0.1810 
      MSV216  9 0.8964 0.1036 
       M0TYK  9 0.9467 0.0533 
      MSV2AA  9 0.9046 0.0954 
     CK.0PET  9 0.7654 0.2346 
       M2E8C  9 0.9869 0.0131 
      MSV23X  9 0.8064 0.1936 
      MSV32A  9 0.8249 0.1751 
     AP.0838  9 0.9754 0.0246 
     AP.088F  9 0.8714 0.1286 
       h0014 10 0.8607 0.1393 
       h0024 10 0.7059 0.2941 
       h0034 10 0.9780 0.0220 
       h0044 10 0.9862 0.0138 
       h0054 10 0.8513 0.1487 
       h0064 10 0.9593 0.0407 
       h0074 10 0.9888 0.0112 
       h0084 10 0.7704 0.2296 
       h0094 10 0.8069 0.1931 
       h0104 10 0.9197 0.0803 
       h0114 10 0.9467 0.0533 
       h0124 10 0.9092 0.0908 
       h0134 10 0.7814 0.2186 
       h0144 10 0.8344 0.1656 
       h0154 10 0.6258 0.3742 
       h0164 10 0.8660 0.1340 
       h0174 10 0.9552 0.0448 
       h0184 10 0.8999 0.1001 
       h0194 10 0.9559 0.0441 
       h0204 10 0.7849 0.2151 
       h0214 10 0.9030 0.0970 
       h0224 10 0.9193 0.0807 
       h0234 10 0.8174 0.1826 
       h0244 10 0.9912 0.0088 
       h0254 10 0.8487 0.1513 
       h0264 10 0.9870 0.0130 
       h0274 10 0.9318 0.0682 
       h0284 10 0.8254 0.1746 
       h0294 10 0.7947 0.2053 
       h0304 10 0.7919 0.2081 
       h0314 10 0.8371 0.1629 
       h0324 10 0.7688 0.2312 
       h0334 10 0.8703 0.1297 
       h0344 10 0.9747 0.0253 
       h0354 10 0.8511 0.1489 
       h0364 10 0.8736 0.1264 
       h0374 10 0.9311 0.0689 
       h0384 10 0.9893 0.0107 
       h0394 10 0.9844 0.0156 
       h0404 10 0.7592 0.2408 
       h0414 10 0.7569 0.2431 
       h0424 10 0.7463 0.2537 
       h0434 10 0.9345 0.0655 
       h0444 10 0.9853 0.0147 
       h0454 10 0.8898 0.1102 
       h0464 10 0.8557 0.1443 
       h0474 10 0.8737 0.1263 
       h0484 10 0.8611 0.1389 
       h0494 10 0.8388 0.1612 
       h0504 10 0.8715 0.1285 
       h0514 10 0.8350 0.1650 
       h0524 10 0.7283 0.2717 
       h0534 10 0.8330 0.1670 
       h0544 10 0.8338 0.1662 
       h0554 10 0.9431 0.0569 
       h0564 10 0.7124 0.2876 
       h0574 10 0.8598 0.1402 
       h0584 10 0.8089 0.1911 
       h0594 10 0.9120 0.0880 
       h0604 10 0.8650 0.1350 
       h0614 10 0.8861 0.1139 
       h0624 10 0.9879 0.0121 
       h0634 10 0.9853 0.0147 
       h0644 10 0.8443 0.1557 
       h0654 10 0.9405 0.0595 
       h0664 10 0.9016 0.0984 
       h0674 10 0.7623 0.2377 
       h0684 10 0.7528 0.2472 
       h0694 10 0.9349 0.0651 
       h0704 10 0.9767 0.0233 
       h0714 10 0.8936 0.1064 
       h0724 10 0.8809 0.1191 
       h0734 10 0.9474 0.0526 
       h0744 10 0.8032 0.1968 
       h0754 10 0.8357 0.1643 
       h0764 10 0.9914 0.0086 
       h0774 10 0.9013 0.0987 
       h0784 10 0.7803 0.2197 
       h0794 10 0.7067 0.2933 
       h0804 10 0.9253 0.0747 
       h0814 10 0.9813 0.0187 
       h0824 10 0.9710 0.0290 
       h0834 10 0.7503 0.2497 
       h0844 10 0.9682 0.0318 
       h0854 10 0.9223 0.0777 
       h0864 10 0.7099 0.2901 
       h0874 10 0.7302 0.2698 
       h0884 10 0.8147 0.1853 
       h0894 10 0.9813 0.0187 
       h0904 10 0.8825 0.1175 
       h0914 10 0.7638 0.2362 
       h0924 10 0.9157 0.0843 
       h0934 10 0.7700 0.2300 
       h0944 10 0.9831 0.0169 
       h0954 10 0.8611 0.1389 
       h0964 10 0.8396 0.1604 
       h0974 10 0.8399 0.1601 
       h0984 10 0.7625 0.2375 
       h0994 10 0.9358 0.0642 
       h1004 10 0.7268 0.2732 
     AP.07M2 11 0.9446 0.0554 
      HRV05C 11 0.9818 0.0182 
      HRV077 11 0.9830 0.0170 
      HRV0A0 11 0.9928 0.0072 
      HRV0MC 11 0.9904 0.0096 
      HRV00P 11 0.9930 0.0070 
      HRV01J 11 0.9906 0.0094 
      HRV026 11 0.9880 0.0120 
      HRV02C 11 0.9936 0.0064 
      HRV031 11 0.9924 0.0076 
      HRV033 11 0.9925 0.0075 
      HRV05L 11 0.9931 0.0069 
      HRV06A 11 0.9916 0.0084 
      HRV07P 11 0.9927 0.0073 
      HRV0HC 11 0.9616 0.0384 
      HRV0HU 11 0.9802 0.0198 
      HRV0K1 11 0.9921 0.0079 
      HRV0M6 11 0.9735 0.0265 
      HRV0M7 11 0.9891 0.0109 
      HRV0MK 11 0.9931 0.0069 
      HRV1C7 11 0.9909 0.0091 
      HRV1EA 11 0.9874 0.0126 
       M147K 11 0.9940 0.0060 
      HRV008 11 0.9915 0.0085 
      HRV015 11 0.9877 0.0123 
      HRV01F 11 0.9765 0.0235 
      HRV01L 11 0.9913 0.0087 
      HRV01M 11 0.9905 0.0095 
      HRV020 11 0.9842 0.0158 
      HRV022 11 0.9748 0.0252 
      HRV02A 11 0.9810 0.0190 
      HRV02K 11 0.9712 0.0288 
      HRV04C 11 0.9912 0.0088 
      HRV05H 11 0.9836 0.0164 
      HRV076 11 0.9804 0.0196 
      HRV07H 11 0.9937 0.0063 
      HRV07X 11 0.9797 0.0203 
      HRV080 11 0.9922 0.0078 
      HRV086 11 0.9894 0.0106 
      HRV0H3 11 0.9898 0.0102 
      HRV0J3 11 0.9886 0.0114 
      HRV0JX 11 0.9812 0.0188 
      HRV0ML 11 0.9933 0.0067 
      HRV1E8 11 0.9903 0.0097 
      HRV007 11 0.9863 0.0137 
      HRV005 11 0.9855 0.0145 
      HRV05U 11 0.9921 0.0079 
      HRV01U 11 0.9909 0.0091 
     AP.07M1 11 0.9916 0.0084 
     AP.07ME 11 0.9855 0.0145 
     AP.0817 11 0.9884 0.0116 
     AP.0863 11 0.9706 0.0294 
     AP.087T 11 0.9591 0.0409 
     AP.088T 11 0.9931 0.0069 
     CH.0LM1 11 0.9894 0.0106 
       M05X5 11 0.9288 0.0712 
       M06JH 11 0.9469 0.0531 
       M0A6K 11 0.9890 0.0110 
       M0ETF 11 0.9917 0.0083 
       M0LUP 11 0.9862 0.0138 
       M16F1 11 0.9906 0.0094 
       M182M 11 0.9878 0.0122 
       M1CFL 11 0.9905 0.0095 
       M2AXY 11 0.9887 0.0113 
       M2AY2 11 0.9584 0.0416 
       M2CHP 11 0.9519 0.0481 
       W26LK 11 0.9917 0.0083 
       W26ME 11 0.9856 0.0144 
     AM.07FM 11 0.9935 0.0065 
     AM.07FP 11 0.9911 0.0089 
     AP.07M4 11 0.9932 0.0068 
     AP.07M7 11 0.9940 0.0060 
     AP.07M8 11 0.9889 0.0111 
     AP.07MA 11 0.9793 0.0207 
     AP.07MC 11 0.9922 0.0078 
     AP.07P8 11 0.9521 0.0479 
     AP.07U8 11 0.9869 0.0131 
     AP.081F 11 0.9885 0.0115 
     AP.081H 11 0.6934 0.3066 
     AP.0820 11 0.9671 0.0329 
     AP.0841 11 0.8462 0.1538 
     AP.0858 11 0.9859 0.0141 
     AP.085U 11 0.9590 0.0410 
     AP.085X 11 0.9917 0.0083 
     AP.0861 11 0.9887 0.0113 
     AP.0864 11 0.9927 0.0073 
     AP.086X 11 0.9922 0.0078 
     AP.0872 11 0.9913 0.0087 
     AP.0875 11 0.8956 0.1044 
     AP.087A 11 0.9914 0.0086 
     AP.087C 11 0.9861 0.0139 
     AP.087E 11 0.9919 0.0081 
     AP.087H 11 0.9922 0.0078 
     AP.087K 11 0.9866 0.0134 
     AP.087L 11 0.9905 0.0095 
     AP.087M 11 0.9875 0.0125 
     AP.087P 11 0.9877 0.0123 
     AP.087U 11 0.9547 0.0453 
     AP.087X 11 0.9668 0.0332 
     AP.0881 11 0.9825 0.0175 
     AP.0882 11 0.9900 0.0100 
     AP.0883 11 0.9681 0.0319 
     AP.0884 11 0.9922 0.0078 
     AP.0885 11 0.9870 0.0130 
     AP.0887 11 0.9897 0.0103 
     AP.0888 11 0.6884 0.3116 
     AP.088A 11 0.9911 0.0089 
     AP.088C 11 0.9375 0.0625 
     AP.088J 11 0.9845 0.0155 
     AP.088K 11 0.9842 0.0158 
     AP.088L 11 0.9912 0.0088 
     AP.088U 11 0.9918 0.0082 
     AP.088X 11 0.9761 0.0239 
     AP.08A0 11 0.9925 0.0075 
     AP.08A1 11 0.9864 0.0136 
     AP.08A3 11 0.9928 0.0072 
     AP.08A4 11 0.8994 0.1006 
     AP.08A5 11 0.9927 0.0073 
     AP.08A6 11 0.9779 0.0221 
     AP.08A8 11 0.9905 0.0095 
     AP.08AC 11 0.9799 0.0201 
     AP.08AH 11 0.9866 0.0134 
     AP.08AJ 11 0.9827 0.0173 
     AP.08AM 11 0.9900 0.0100 
     AP.08AT 11 0.9910 0.0090 
     AP.08AX 11 0.9916 0.0084 
     CH.0LLP 11 0.9843 0.0157 
     CH.0LM2 11 0.9873 0.0127 
     CH.0LM4 11 0.9927 0.0073 
     CH.0LM5 11 0.9897 0.0103 
       M0102 11 0.9905 0.0095 
       M023A 11 0.9931 0.0069 
       M03MM 11 0.9870 0.0130 
       M04PF 11 0.9922 0.0078 
       M04XH 11 0.9849 0.0151 
       M04XM 11 0.9908 0.0092 
       M0557 11 0.9761 0.0239 
       M055C 11 0.9420 0.0580 
       M05JC 11 0.9921 0.0079 
       M05PH 11 0.9881 0.0119 
       M05X6 11 0.9927 0.0073 
       M07TC 11 0.9832 0.0168 
       M0A66 11 0.9927 0.0073 
       M0EYT 11 0.9918 0.0082 
       M0FF2 11 0.9919 0.0081 
       M0HJ6 11 0.9805 0.0195 
      HRV0JL 11 0.9937 0.0063 
      HRV0JP 11 0.9911 0.0089 
      HRV0KA 11 0.9914 0.0086 
      HRV0LJ 11 0.9792 0.0208 
      HRV0LM 11 0.9901 0.0099 
      HRV0LP 11 0.9721 0.0279 
       M0HJ8 11 0.9916 0.0084 
       M0HM3 11 0.9917 0.0083 
       M0J1X 11 0.9912 0.0088 
       M0L32 11 0.9860 0.0140 
       M0L8F 11 0.9694 0.0306 
       M0LUH 11 0.9917 0.0083 
       M0XPJ 11 0.9912 0.0088 
       M0XTE 11 0.9830 0.0170 
       M157H 11 0.9913 0.0087 
       M16YU 11 0.9933 0.0067 
       M1751 11 0.9903 0.0097 
       M1C2H 11 0.9926 0.0074 
       M1E60 11 0.9931 0.0069 
       M1EKX 11 0.9923 0.0077 
       M1EKY 11 0.9924 0.0076 
       M1EL3 11 0.9836 0.0164 
       M1ELC 11 0.9875 0.0125 
       M1ELE 11 0.9921 0.0079 
       M2AY0 11 0.9810 0.0190 
       M2AY4 11 0.9904 0.0096 
       M2AY5 11 0.9890 0.0110 
       M2AY8 11 0.8517 0.1483 
       M2C3A 11 0.9908 0.0092 
       M2C3F 11 0.9893 0.0107 
      HRV0ME 11 0.9859 0.0141 
       M2CHJ 11 0.9722 0.0278 
       M2CHM 11 0.9575 0.0425 
       M2CHY 11 0.9868 0.0132 
       W23E8 11 0.9915 0.0085 
       W23EM 11 0.9873 0.0127 
       W23EX 11 0.9901 0.0099 
       W23F0 11 0.9872 0.0128 
       W26L5 11 0.9628 0.0372 
       W26LM 11 0.9050 0.0950 
       W26MJ 11 0.8741 0.1259 
       W26ML 11 0.9913 0.0087 
       W26MT 11 0.9927 0.0073 
       W26PE 11 0.8705 0.1295 
       W26PJ 11 0.8240 0.1760 
       W26PT 11 0.9925 0.0075 
       W26PX 11 0.9726 0.0274 
       W26T0 11 0.9868 0.0132 
       W26TC 11 0.9936 0.0064 
       W26TJ 11 0.9203 0.0797 
       W26UE 11 0.9876 0.0124 
       W26UF 11 0.9914 0.0086 
       W26UL 11 0.9624 0.0376 
       W26X2 11 0.9864 0.0136 
       W2716 11 0.9398 0.0602 
      HRV1C6 11 0.9927 0.0073 
      HRV1CX 11 0.9779 0.0221 
      HRV1E2 11 0.9928 0.0072 
      HRV1E4 11 0.9934 0.0066 
      HRV1E5 11 0.9933 0.0067 
      HRV1EC 11 0.9900 0.0100 
      HRV1EK 11 0.9755 0.0245 
      HRV001 11 0.9908 0.0092 
      HRV00H 11 0.9901 0.0099 
      HRV00K 11 0.9899 0.0101 
      HRV01X 11 0.9905 0.0095 
      HRV025 11 0.9849 0.0151 
      HRV028 11 0.9905 0.0095 
      HRV041 11 0.9918 0.0082 
      HRV04F 11 0.9918 0.0082 
      HRV04L 11 0.9927 0.0073 
      HRV055 11 0.9932 0.0068 
      HRV05J 11 0.9922 0.0078 
      HRV07J 11 0.9927 0.0073 
      HRV07K 11 0.9787 0.0213 
      HRV07L 11 0.9668 0.0332 
      HRV07M 11 0.9925 0.0075 
      HRV0HM 11 0.9509 0.0491 
      HRV0J2 11 0.9930 0.0070 
      HRV0K3 11 0.9915 0.0085 
      HRV0KE 11 0.9918 0.0082 
      HRV0KF 11 0.9847 0.0153 
      HRV0KU 11 0.9787 0.0213 
      HRV0L6 11 0.9926 0.0074 
      HRV0M2 11 0.9848 0.0152 
      HRV0MF 11 0.9914 0.0086 
      HRV0MJ 11 0.9741 0.0259 
      HRV1AT 11 0.9909 0.0091 
      HRV1C1 11 0.9915 0.0085 
      HRV1CL 11 0.9878 0.0122 
      HRV1E1 11 0.9894 0.0106 
      HRV1E7 11 0.9914 0.0086 
      HRV1EE 11 0.9921 0.0079 
      HRV1ET 11 0.9926 0.0074 
      h00111 12 0.9677 0.0323 
      h00211 12 0.9910 0.0090 
      h00311 12 0.9612 0.0388 
      h00411 12 0.9885 0.0115 
      h00511 12 0.9902 0.0098 
      h00611 12 0.9933 0.0067 
      h00711 12 0.9940 0.0060 
      h00811 12 0.9831 0.0169 
      h00911 12 0.9818 0.0182 
      h01011 12 0.9941 0.0059 
      h01111 12 0.9919 0.0081 
      h01211 12 0.9771 0.0229 
      h01311 12 0.9832 0.0168 
      h01411 12 0.9935 0.0065 
      h01511 12 0.9769 0.0231 
      h01611 12 0.9921 0.0079 
      h01711 12 0.9903 0.0097 
      h01811 12 0.9915 0.0085 
      h01911 12 0.9658 0.0342 
      h02011 12 0.9767 0.0233 
      h02111 12 0.9909 0.0091 
      h02211 12 0.9681 0.0319 
      h02311 12 0.9799 0.0201 
      h02411 12 0.9852 0.0148 
      h02511 12 0.9934 0.0066 
      h02611 12 0.9942 0.0058 
      h02711 12 0.9784 0.0216 
      h02811 12 0.9918 0.0082 
      h02911 12 0.9883 0.0117 
      h03011 12 0.9892 0.0108 
      h03111 12 0.9833 0.0167 
      h03211 12 0.9935 0.0065 
      h03311 12 0.9742 0.0258 
      h03411 12 0.9814 0.0186 
      h03511 12 0.9836 0.0164 
      h03611 12 0.9869 0.0131 
      h03711 12 0.9909 0.0091 
      h03811 12 0.9877 0.0123 
      h03911 12 0.9925 0.0075 
      h04011 12 0.9932 0.0068 
      h04111 12 0.9885 0.0115 
      h04211 12 0.9903 0.0097 
      h04311 12 0.9750 0.0250 
      h04411 12 0.9896 0.0104 
      h04511 12 0.9484 0.0516 
      h04611 12 0.9905 0.0095 
      h04711 12 0.9925 0.0075 
      h04811 12 0.9898 0.0102 
      h04911 12 0.9826 0.0174 
      h05011 12 0.9824 0.0176 
      h05111 12 0.9450 0.0550 
      h05211 12 0.9906 0.0094 
      h05311 12 0.9940 0.0060 
      h05411 12 0.9809 0.0191 
      h05511 12 0.9931 0.0069 
      h05611 12 0.9907 0.0093 
      h05711 12 0.9829 0.0171 
      h05811 12 0.9937 0.0063 
      h05911 12 0.9204 0.0796 
      h06011 12 0.9865 0.0135 
      h06111 12 0.9888 0.0112 
      h06211 12 0.9901 0.0099 
      h06311 12 0.9778 0.0222 
      h06411 12 0.9855 0.0145 
      h06511 12 0.9723 0.0277 
      h06611 12 0.9899 0.0101 
      h06711 12 0.9665 0.0335 
      h06811 12 0.9725 0.0275 
      h06911 12 0.9899 0.0101 
      h07011 12 0.9943 0.0057 
      h07111 12 0.9925 0.0075 
      h07211 12 0.9912 0.0088 
      h07311 12 0.9928 0.0072 
      h07411 12 0.9909 0.0091 
      h07511 12 0.9900 0.0100 
      h07611 12 0.9927 0.0073 
      h07711 12 0.9930 0.0070 
      h07811 12 0.9896 0.0104 
      h07911 12 0.9826 0.0174 
      h08011 12 0.9892 0.0108 
      h08111 12 0.9900 0.0100 
      h08211 12 0.9852 0.0148 
      h08311 12 0.9928 0.0072 
      h08411 12 0.9914 0.0086 
      h08511 12 0.9814 0.0186 
      h08611 12 0.9863 0.0137 
      h08711 12 0.9932 0.0068 
      h08811 12 0.9907 0.0093 
      h08911 12 0.9866 0.0134 
      h09011 12 0.9930 0.0070 
      h09111 12 0.9785 0.0215 
      h09211 12 0.9881 0.0119 
      h09311 12 0.9876 0.0124 
      h09411 12 0.9899 0.0101 
      h09511 12 0.9909 0.0091 
      h09611 12 0.9893 0.0107 
      h09711 12 0.9864 0.0136 
      h09811 12 0.9924 0.0076 
      h09911 12 0.9926 0.0074 
      h10011 12 0.9907 0.0093 
       h1011 12 0.9898 0.0102 
       h1021 12 0.9918 0.0082 
       h1031 12 0.9704 0.0296 
       h1041 12 0.9910 0.0090 
       h1051 12 0.9881 0.0119 
       h1061 12 0.9911 0.0089 
       h1071 12 0.9850 0.0150 
       h1081 12 0.9900 0.0100 
       h1091 12 0.9875 0.0125 
       h1101 12 0.9915 0.0085 
       h1111 12 0.9897 0.0103 
       h1121 12 0.9847 0.0153 
       h1131 12 0.9783 0.0217 
       h1141 12 0.9924 0.0076 
       h1151 12 0.9881 0.0119 
       h1161 12 0.9504 0.0496 
       h1171 12 0.9879 0.0121 
       h1181 12 0.9930 0.0070 
       h1191 12 0.9867 0.0133 
       h1201 12 0.9934 0.0066 
       h1211 12 0.9928 0.0072 
       h1221 12 0.9926 0.0074 
       h1231 12 0.9868 0.0132 
       h1241 12 0.9741 0.0259 
       h1251 12 0.9869 0.0131 
       h1261 12 0.9917 0.0083 
       h1271 12 0.9914 0.0086 
       h1281 12 0.9864 0.0136 
       h1291 12 0.9937 0.0063 
       h1301 12 0.9898 0.0102 
       h1311 12 0.9919 0.0081 
       h1321 12 0.9928 0.0072 
       h1331 12 0.9868 0.0132 
       h1341 12 0.9836 0.0164 
       h1351 12 0.9878 0.0122 
       h1361 12 0.9795 0.0205 
       h1371 12 0.9924 0.0076 
       h1381 12 0.9878 0.0122 
       h1391 12 0.9919 0.0081 
       h1401 12 0.9821 0.0179 
       h1411 12 0.9940 0.0060 
       h1421 12 0.9916 0.0084 
       h1431 12 0.9886 0.0114 
       h1441 12 0.9925 0.0075 
       h1451 12 0.9748 0.0252 
       h1461 12 0.9579 0.0421 
       h1471 12 0.9796 0.0204 
       h1481 12 0.9904 0.0096 
       h1491 12 0.9895 0.0105 
       h1501 12 0.9883 0.0117 
       h1511 12 0.9877 0.0123 
       h1521 12 0.9917 0.0083 
       h1531 12 0.9775 0.0225 
       h1541 12 0.9883 0.0117 
       h1551 12 0.9897 0.0103 
       h1561 12 0.9875 0.0125 
       h1571 12 0.9904 0.0096 
       h1581 12 0.9799 0.0201 
       h1591 12 0.9927 0.0073 
       h1601 12 0.9915 0.0085 
       h1611 12 0.9719 0.0281 
       h1621 12 0.9933 0.0067 
       h1631 12 0.9763 0.0237 
       h1641 12 0.9463 0.0537 
       h1651 12 0.9919 0.0081 
       h1661 12 0.9838 0.0162 
       h1671 12 0.9880 0.0120 
       h1681 12 0.9915 0.0085 
       h1691 12 0.9918 0.0082 
       h1701 12 0.9923 0.0077 
       h1711 12 0.9926 0.0074 
       h1721 12 0.9680 0.0320 
       h1731 12 0.9881 0.0119 
       h1741 12 0.9929 0.0071 
       h1751 12 0.9883 0.0117 
       h1761 12 0.9923 0.0077 
       h1771 12 0.9893 0.0107 
       h1781 12 0.9916 0.0084 
       h1791 12 0.9815 0.0185 
       h1801 12 0.9868 0.0132 
       h1811 12 0.9562 0.0438 
       h1821 12 0.9828 0.0172 
       h1831 12 0.9767 0.0233 
       h1841 12 0.9883 0.0117 
       h1851 12 0.9780 0.0220 
       h1861 12 0.9941 0.0059 
       h1871 12 0.9701 0.0299 
       h1881 12 0.9926 0.0074 
       h1891 12 0.9896 0.0104 
       h1901 12 0.9902 0.0098 
       h1911 12 0.9426 0.0574 
       h1921 12 0.9908 0.0092 
       h1931 12 0.9921 0.0079 
       h1941 12 0.9838 0.0162 
       h1951 12 0.9795 0.0205 
       h1961 12 0.9901 0.0099 
       h1971 12 0.9658 0.0342 
       h1981 12 0.9365 0.0635 
       h1991 12 0.9595 0.0405 
       h2001 12 0.9919 0.0081 
       h2011 12 0.9840 0.0160 
       h2021 12 0.9807 0.0193 
       h2031 12 0.9922 0.0078 
       h2041 12 0.9795 0.0205 
       h2051 12 0.9917 0.0083 
       h2061 12 0.9826 0.0174 
       h2071 12 0.9850 0.0150 
       h2081 12 0.9863 0.0137 
       h2091 12 0.9868 0.0132 
       h2101 12 0.9897 0.0103 
       h2111 12 0.9925 0.0075 
       h2121 12 0.9929 0.0071 
       h2131 12 0.9919 0.0081 
       h2141 12 0.9877 0.0123 
       h2151 12 0.9653 0.0347 
       h2161 12 0.9930 0.0070 
       h2171 12 0.9905 0.0095 
       h2181 12 0.9888 0.0112 
       h2191 12 0.9929 0.0071 
       h2201 12 0.9802 0.0198 
       h2211 12 0.9905 0.0095 
       h2221 12 0.9880 0.0120 
       h2231 12 0.9907 0.0093 
       h2241 12 0.9934 0.0066 
       h2251 12 0.9894 0.0106 
       h2261 12 0.9865 0.0135 
       h2271 12 0.9909 0.0091 
       h2281 12 0.9902 0.0098 
       h2291 12 0.9867 0.0133 
       h2301 12 0.9884 0.0116 
       h2311 12 0.9901 0.0099 
       h2321 12 0.9935 0.0065 
       h2331 12 0.9842 0.0158 
       h2341 12 0.9880 0.0120 
       h2351 12 0.9849 0.0151 
       h2361 12 0.8768 0.1232 
       h2371 12 0.9849 0.0151 
       h2381 12 0.9809 0.0191 
       h2391 12 0.9904 0.0096 
       h2401 12 0.9929 0.0071 
       h2411 12 0.9829 0.0171 
       h2421 12 0.9924 0.0076 
       h2431 12 0.9879 0.0121 
       h2441 12 0.9898 0.0102 
       h2451 12 0.9886 0.0114 
       h2461 12 0.9224 0.0776 
       h2471 12 0.9688 0.0312 
       h2481 12 0.9927 0.0073 
       h2491 12 0.9865 0.0135 
       h2501 12 0.9863 0.0137 
       h2511 12 0.9892 0.0108 
       h2521 12 0.9902 0.0098 
       h2531 12 0.9899 0.0101 
       h2541 12 0.9899 0.0101 
       h2551 12 0.9906 0.0094 
       h2561 12 0.9905 0.0095 
       h2571 12 0.9895 0.0105 
       h2581 12 0.9831 0.0169 
       h2591 12 0.9888 0.0112 
       h2601 12 0.9867 0.0133 
