       M1EL5  1 0.0339 0.9661 
       W26T6  1 0.0848 0.9152 
       W26XX  1 0.0220 0.9780 
       M013P  1 0.0155 0.9845 
       M1ELA  1 0.0933 0.9067 
       M2C73  1 0.0245 0.9755 
       W23P4  1 0.0946 0.9054 
       W247C  1 0.0205 0.9795 
       W24K1  1 0.0186 0.9814 
       W24ME  1 0.0825 0.9175 
       W2514  1 0.0346 0.9654 
       W26MA  1 0.0375 0.9625 
       W26MM  1 0.0213 0.9787 
       W26MU  1 0.0328 0.9672 
       W26P0  1 0.0264 0.9736 
       W26P3  1 0.0152 0.9848 
       W26T5  1 0.0179 0.9821 
       W26TE  1 0.0445 0.9555 
       W26TF  1 0.0204 0.9796 
       W26U8  1 0.0709 0.9291 
       W26UJ  1 0.0178 0.9822 
       W26UK  1 0.0170 0.9830 
       W26UT  1 0.0175 0.9825 
       W26XT  1 0.0193 0.9807 
      CC06H2  1 0.0466 0.9534 
      CC06H4  1 0.0198 0.9802 
      CC06H5  1 0.0593 0.9407 
      CC06H6  1 0.0332 0.9668 
      CC06HE  1 0.0193 0.9807 
      CC06HF  1 0.0730 0.9270 
      CC06HH  1 0.0219 0.9781 
      CC06HJ  1 0.0249 0.9751 
      CC06HL  1 0.0166 0.9834 
      CC06HP  1 0.0168 0.9832 
      CC06HT  1 0.0331 0.9669 
      CC06HU  1 0.0173 0.9827 
      CC06HY  1 0.0339 0.9661 
      CC06J0  1 0.0326 0.9674 
      CC06J1  1 0.0510 0.9490 
      CC06J2  1 0.0238 0.9762 
     CT.0YCY  1 0.0243 0.9757 
     CT.0YEC  1 0.0147 0.9853 
     CT.0YEF  1 0.0305 0.9695 
     CT.0YEU  1 0.0181 0.9819 
     CT.0YF2  1 0.0449 0.9551 
     CT.0YF8  1 0.0177 0.9823 
     CT.0YFA  1 0.0334 0.9666 
     CT.0YFE  1 0.0320 0.9680 
     CT.0YFP  1 0.0295 0.9705 
     CT.0YFU  1 0.0301 0.9699 
     CT.0YK7  1 0.0282 0.9718 
     CX.10PT  1 0.0627 0.9373 
      DAM021  1 0.0221 0.9779 
      DAM034  1 0.0300 0.9700 
      DAM07X  1 0.0278 0.9722 
     EF.15J6  1 0.0213 0.9787 
      HRV010  1 0.0198 0.9802 
      HRV02J  1 0.0330 0.9670 
      HRV078  1 0.0331 0.9669 
      HRV0FH  1 0.0251 0.9749 
      HRV0H5  1 0.0330 0.9670 
      HRV0JF  1 0.0790 0.9210 
      HRV0JJ  1 0.0266 0.9734 
      HRV0JM  1 0.0291 0.9709 
      HRV0K6  1 0.0536 0.9464 
      HRV0K7  1 0.0219 0.9781 
      HRV0KP  1 0.0273 0.9727 
      HRV1AX  1 0.0557 0.9443 
      HRV1C4  1 0.0362 0.9638 
      HRV1CH  1 0.0280 0.9720 
      HRV1FA  1 0.0326 0.9674 
      HRV1FK  1 0.0339 0.9661 
      HRV1H8  1 0.0247 0.9753 
      HRV1HT  1 0.0406 0.9594 
      HRV1XU  1 0.0274 0.9726 
      HRV4TF  1 0.0281 0.9719 
      HRV6F0  1 0.0253 0.9747 
      HRVE6L  1 0.0249 0.9751 
       M27HM  1 0.0318 0.9682 
       M27HP  1 0.0195 0.9805 
       M2AK4  1 0.0287 0.9713 
       M2ALA  1 0.0204 0.9796 
       M2C56  1 0.0303 0.9697 
       M2CUX  1 0.0583 0.9417 
       M2E24  1 0.0181 0.9819 
       M2EA7  1 0.0227 0.9773 
       M2EH6  1 0.0255 0.9745 
       M2EKC  1 0.1144 0.8856 
      MSV083  1 0.0200 0.9800 
      MSV084  1 0.0290 0.9710 
      MSV0LJ  1 0.0281 0.9719 
      MSV1H5  1 0.0301 0.9699 
      MSV1KM  1 0.0177 0.9823 
      MSV23F  1 0.0240 0.9760 
      MSV2L8  1 0.0241 0.9759 
      MSV2P7  1 0.0230 0.9770 
      MSV2TJ  1 0.0375 0.9625 
      MSV2XM  1 0.0273 0.9727 
      MSV327  1 0.0238 0.9762 
      MSV33L  1 0.0177 0.9823 
        h001  2 0.0274 0.9726 
        h002  2 0.1818 0.8182 
        h003  2 0.0771 0.9229 
        h004  2 0.1521 0.8479 
        h005  2 0.0429 0.9571 
        h006  2 0.0391 0.9609 
        h007  2 0.0601 0.9399 
        h008  2 0.0292 0.9708 
        h009  2 0.0241 0.9759 
        h010  2 0.0246 0.9754 
        h011  2 0.0420 0.9580 
        h012  2 0.0773 0.9227 
        h013  2 0.0210 0.9790 
        h014  2 0.0635 0.9365 
        h015  2 0.1006 0.8994 
        h016  2 0.0439 0.9561 
        h017  2 0.0265 0.9735 
        h018  2 0.0254 0.9746 
        h019  2 0.0390 0.9610 
        h020  2 0.2288 0.7712 
        h021  2 0.0968 0.9032 
        h022  2 0.0597 0.9403 
        h023  2 0.0226 0.9774 
        h024  2 0.1493 0.8507 
        h025  2 0.0392 0.9608 
        h026  2 0.0245 0.9755 
        h027  2 0.1409 0.8591 
        h028  2 0.1156 0.8844 
        h029  2 0.1173 0.8827 
        h030  2 0.1118 0.8882 
        h031  2 0.1397 0.8603 
        h032  2 0.0848 0.9152 
        h033  2 0.0399 0.9601 
        h034  2 0.2376 0.7624 
        h035  2 0.0579 0.9421 
        h036  2 0.1134 0.8866 
        h037  2 0.0425 0.9575 
        h038  2 0.2393 0.7607 
        h039  2 0.0901 0.9099 
        h040  2 0.1291 0.8709 
        h041  2 0.0899 0.9101 
        h042  2 0.0493 0.9507 
        h043  2 0.0463 0.9537 
        h044  2 0.0471 0.9529 
        h045  2 0.1352 0.8648 
        h046  2 0.0560 0.9440 
        h047  2 0.0299 0.9701 
        h048  2 0.1602 0.8398 
        h049  2 0.0827 0.9173 
        h050  2 0.1083 0.8917 
        h051  2 0.0722 0.9278 
        h052  2 0.0348 0.9652 
        h053  2 0.1550 0.8450 
        h054  2 0.1502 0.8498 
        h055  2 0.0699 0.9301 
        h056  2 0.0874 0.9126 
        h057  2 0.0609 0.9391 
        h058  2 0.1058 0.8942 
        h059  2 0.0891 0.9109 
        h060  2 0.0413 0.9587 
        h061  2 0.0463 0.9537 
        h062  2 0.0341 0.9659 
        h063  2 0.0411 0.9589 
        h064  2 0.0802 0.9198 
        h065  2 0.1321 0.8679 
        h066  2 0.0349 0.9651 
        h067  2 0.1184 0.8816 
        h068  2 0.0295 0.9705 
        h069  2 0.0835 0.9165 
        h070  2 0.0367 0.9633 
        h071  2 0.0678 0.9322 
        h072  2 0.0937 0.9063 
        h073  2 0.0198 0.9802 
        h074  2 0.1492 0.8508 
        h075  2 0.0930 0.9070 
        h076  2 0.0822 0.9178 
        h077  2 0.0351 0.9649 
        h078  2 0.1753 0.8247 
        h079  2 0.0286 0.9714 
        h080  2 0.0240 0.9760 
        h081  2 0.1251 0.8749 
        h082  2 0.0304 0.9696 
        h083  2 0.0693 0.9307 
        h084  2 0.1053 0.8947 
        h085  2 0.0970 0.9030 
        h086  2 0.0263 0.9737 
        h087  2 0.1162 0.8838 
        h088  2 0.0378 0.9622 
        h089  2 0.0388 0.9612 
        h090  2 0.1725 0.8275 
        h091  2 0.0492 0.9508 
        h092  2 0.0826 0.9174 
        h093  2 0.0326 0.9674 
        h094  2 0.1444 0.8556 
        h095  2 0.0551 0.9449 
        h096  2 0.0372 0.9628 
        h097  2 0.0708 0.9292 
        h098  2 0.1106 0.8894 
        h099  2 0.0565 0.9435 
        h100  2 0.1030 0.8970 
       h0011  3 0.1733 0.8267 
       h0021  3 0.1472 0.8528 
       h0031  3 0.3482 0.6518 
       h0041  3 0.1384 0.8616 
       h0051  3 0.1155 0.8845 
       h0061  3 0.1275 0.8725 
       h0071  3 0.1077 0.8923 
       h0081  3 0.1693 0.8307 
       h0091  3 0.2552 0.7448 
       h0101  3 0.2455 0.7545 
       h0111  3 0.2385 0.7615 
       h0121  3 0.2969 0.7031 
       h0131  3 0.1988 0.8012 
       h0141  3 0.3970 0.6030 
       h0151  3 0.1362 0.8638 
       h0161  3 0.2434 0.7566 
       h0171  3 0.0665 0.9335 
       h0181  3 0.3909 0.6091 
       h0191  3 0.0699 0.9301 
       h0201  3 0.4255 0.5745 
       h0211  3 0.0532 0.9468 
       h0221  3 0.4912 0.5088 
       h0231  3 0.0839 0.9161 
       h0241  3 0.2612 0.7388 
       h0251  3 0.0576 0.9424 
       h0261  3 0.0740 0.9260 
       h0271  3 0.2114 0.7886 
       h0281  3 0.2193 0.7807 
       h0291  3 0.2162 0.7838 
       h0301  3 0.0772 0.9228 
       h0311  3 0.0360 0.9640 
       h0321  3 0.3351 0.6649 
       h0331  3 0.1795 0.8205 
       h0341  3 0.1791 0.8209 
       h0351  3 0.2790 0.7210 
       h0361  3 0.2445 0.7555 
       h0371  3 0.1991 0.8009 
       h0381  3 0.4701 0.5299 
       h0391  3 0.2103 0.7897 
       h0401  3 0.3093 0.6907 
       h0411  3 0.1108 0.8892 
       h0421  3 0.1140 0.8860 
       h0431  3 0.3382 0.6618 
       h0441  3 0.4170 0.5830 
       h0451  3 0.0427 0.9573 
       h0461  3 0.2507 0.7493 
       h0471  3 0.2262 0.7738 
       h0481  3 0.1138 0.8862 
       h0491  3 0.1977 0.8023 
       h0501  3 0.0821 0.9179 
       h0511  3 0.3656 0.6344 
       h0521  3 0.1892 0.8108 
       h0531  3 0.2299 0.7701 
       h0541  3 0.3243 0.6757 
       h0551  3 0.1028 0.8972 
       h0561  3 0.2111 0.7889 
       h0571  3 0.1261 0.8739 
       h0581  3 0.2703 0.7297 
       h0591  3 0.2548 0.7452 
       h0601  3 0.2517 0.7483 
       h0611  3 0.1146 0.8854 
       h0621  3 0.0634 0.9366 
       h0631  3 0.1172 0.8828 
       h0641  3 0.3063 0.6937 
       h0651  3 0.2405 0.7595 
       h0661  3 0.3188 0.6812 
       h0671  3 0.2455 0.7545 
       h0681  3 0.1374 0.8626 
       h0691  3 0.2564 0.7436 
       h0701  3 0.0313 0.9687 
       h0711  3 0.0863 0.9137 
       h0721  3 0.3489 0.6511 
       h0731  3 0.1904 0.8096 
       h0741  3 0.1895 0.8105 
       h0751  3 0.0735 0.9265 
       h0761  3 0.0822 0.9178 
       h0771  3 0.3162 0.6838 
       h0781  3 0.2340 0.7660 
       h0791  3 0.1427 0.8573 
       h0801  3 0.1008 0.8992 
       h0811  3 0.0438 0.9562 
       h0821  3 0.3231 0.6769 
       h0831  3 0.0588 0.9412 
       h0841  3 0.1529 0.8471 
       h0851  3 0.3589 0.6411 
       h0861  3 0.1262 0.8738 
       h0871  3 0.1797 0.8203 
       h0881  3 0.2541 0.7459 
       h0891  3 0.4813 0.5187 
       h0901  3 0.0368 0.9632 
       h0911  3 0.0869 0.9131 
       h0921  3 0.1730 0.8270 
       h0931  3 0.2873 0.7127 
       h0941  3 0.1392 0.8608 
       h0951  3 0.3189 0.6811 
       h0961  3 0.1025 0.8975 
       h0971  3 0.1794 0.8206 
       h0981  3 0.2791 0.7209 
       h0991  3 0.1083 0.8917 
       h1001  3 0.1171 0.8829 
      MSV1TX  4 0.3480 0.6520 
      MSV025  4 0.6760 0.3240 
      MSV02C  4 0.5195 0.4805 
      MSV02E  4 0.5817 0.4183 
      MSV0TF  4 0.6506 0.3494 
       M2EL8  4 0.7237 0.2763 
       h0012  5 0.6064 0.3936 
       h0022  5 0.5496 0.4504 
       h0032  5 0.5623 0.4377 
       h0042  5 0.5085 0.4915 
       h0052  5 0.5671 0.4329 
       h0062  5 0.2544 0.7456 
       h0072  5 0.3624 0.6376 
       h0082  5 0.4930 0.5070 
       h0092  5 0.4951 0.5049 
       h0102  5 0.4621 0.5379 
       h0112  5 0.3938 0.6062 
       h0122  5 0.5406 0.4594 
       h0132  5 0.4900 0.5100 
       h0142  5 0.5560 0.4440 
       h0152  5 0.3986 0.6014 
       h0162  5 0.6329 0.3671 
       h0172  5 0.3928 0.6072 
       h0182  5 0.5774 0.4226 
       h0192  5 0.6710 0.3290 
       h0202  5 0.4471 0.5529 
       h0212  5 0.3081 0.6919 
       h0222  5 0.3119 0.6881 
       h0232  5 0.4534 0.5466 
       h0242  5 0.5076 0.4924 
       h0252  5 0.5437 0.4563 
       h0262  5 0.6354 0.3646 
       h0272  5 0.4915 0.5085 
       h0282  5 0.5406 0.4594 
       h0292  5 0.6290 0.3710 
       h0302  5 0.4077 0.5923 
       h0312  5 0.5226 0.4774 
       h0322  5 0.2870 0.7130 
       h0332  5 0.5318 0.4682 
       h0342  5 0.5396 0.4604 
       h0352  5 0.3274 0.6726 
       h0362  5 0.5607 0.4393 
       h0372  5 0.5047 0.4953 
       h0382  5 0.4359 0.5641 
       h0392  5 0.5129 0.4871 
       h0402  5 0.4874 0.5126 
       h0412  5 0.3930 0.6070 
       h0422  5 0.6390 0.3610 
       h0432  5 0.5434 0.4566 
       h0442  5 0.5350 0.4650 
       h0452  5 0.5359 0.4641 
       h0462  5 0.4406 0.5594 
       h0472  5 0.3402 0.6598 
       h0482  5 0.4433 0.5567 
       h0492  5 0.5398 0.4602 
       h0502  5 0.5362 0.4638 
       h0512  5 0.7239 0.2761 
       h0522  5 0.4874 0.5126 
       h0532  5 0.4992 0.5008 
       h0542  5 0.5297 0.4703 
       h0552  5 0.2850 0.7150 
       h0562  5 0.6385 0.3615 
       h0572  5 0.6161 0.3839 
       h0582  5 0.4447 0.5553 
       h0592  5 0.5108 0.4892 
       h0602  5 0.3305 0.6695 
       h0612  5 0.4688 0.5312 
       h0622  5 0.4178 0.5822 
       h0632  5 0.5509 0.4491 
       h0642  5 0.4164 0.5836 
       h0652  5 0.4416 0.5584 
       h0662  5 0.4268 0.5732 
       h0672  5 0.6727 0.3273 
       h0682  5 0.4668 0.5332 
       h0692  5 0.3437 0.6563 
       h0702  5 0.1946 0.8054 
       h0712  5 0.6046 0.3954 
       h0722  5 0.4837 0.5163 
       h0732  5 0.4799 0.5201 
       h0742  5 0.4687 0.5313 
       h0752  5 0.4303 0.5697 
       h0762  5 0.4382 0.5618 
       h0772  5 0.4946 0.5054 
       h0782  5 0.5900 0.4100 
       h0792  5 0.6219 0.3781 
       h0802  5 0.5042 0.4958 
       h0812  5 0.6129 0.3871 
       h0822  5 0.4439 0.5561 
       h0832  5 0.5193 0.4807 
       h0842  5 0.4593 0.5407 
       h0852  5 0.6865 0.3135 
       h0862  5 0.4808 0.5192 
       h0872  5 0.4842 0.5158 
       h0882  5 0.4035 0.5965 
       h0892  5 0.6849 0.3151 
       h0902  5 0.5842 0.4158 
       h0912  5 0.4182 0.5818 
       h0922  5 0.4310 0.5690 
       h0932  5 0.4537 0.5463 
       h0942  5 0.3600 0.6400 
       h0952  5 0.8233 0.1767 
       h0962  5 0.4267 0.5733 
       h0972  5 0.3144 0.6856 
       h0982  5 0.4758 0.5242 
       h0992  5 0.5286 0.4714 
       h1002  5 0.4241 0.5759 
      MSV21T  6 0.9371 0.0629 
       M2E71  6 0.8359 0.1641 
       h0013  7 0.8634 0.1366 
       h0023  7 0.9003 0.0997 
       h0033  7 0.9009 0.0991 
       h0043  7 0.7632 0.2368 
       h0053  7 0.7053 0.2947 
       h0063  7 0.8029 0.1971 
       h0073  7 0.9473 0.0527 
       h0083  7 0.7965 0.2035 
       h0093  7 0.8434 0.1566 
       h0103  7 0.7899 0.2101 
       h0113  7 0.8270 0.1730 
       h0123  7 0.9574 0.0426 
       h0133  7 0.6584 0.3416 
       h0143  7 0.6604 0.3396 
       h0153  7 0.7497 0.2503 
       h0163  7 0.9696 0.0304 
       h0173  7 0.6714 0.3286 
       h0183  7 0.7372 0.2628 
       h0193  7 0.7758 0.2242 
       h0203  7 0.7490 0.2510 
       h0213  7 0.6798 0.3202 
       h0223  7 0.8622 0.1378 
       h0233  7 0.8457 0.1543 
       h0243  7 0.8723 0.1277 
       h0253  7 0.9752 0.0248 
       h0263  7 0.7320 0.2680 
       h0273  7 0.6466 0.3534 
       h0283  7 0.7246 0.2754 
       h0293  7 0.8334 0.1666 
       h0303  7 0.6523 0.3477 
       h0313  7 0.9031 0.0969 
       h0323  7 0.5240 0.4760 
       h0333  7 0.8573 0.1427 
       h0343  7 0.7131 0.2869 
       h0353  7 0.7615 0.2385 
       h0363  7 0.7130 0.2870 
       h0373  7 0.7792 0.2208 
       h0383  7 0.7931 0.2069 
       h0393  7 0.6635 0.3365 
       h0403  7 0.5454 0.4546 
       h0413  7 0.8878 0.1122 
       h0423  7 0.9408 0.0592 
       h0433  7 0.8851 0.1149 
       h0443  7 0.6992 0.3008 
       h0453  7 0.6639 0.3361 
       h0463  7 0.8211 0.1789 
       h0473  7 0.7300 0.2700 
       h0483  7 0.8156 0.1844 
       h0493  7 0.7669 0.2331 
       h0503  7 0.9434 0.0566 
       h0513  7 0.6191 0.3809 
       h0523  7 0.5447 0.4553 
       h0533  7 0.6072 0.3928 
       h0543  7 0.7930 0.2070 
       h0553  7 0.7028 0.2972 
       h0563  7 0.7699 0.2301 
       h0573  7 0.7725 0.2275 
       h0583  7 0.8724 0.1276 
       h0593  7 0.9209 0.0791 
       h0603  7 0.8482 0.1518 
       h0613  7 0.6947 0.3053 
       h0623  7 0.8461 0.1539 
       h0633  7 0.8995 0.1005 
       h0643  7 0.8222 0.1778 
       h0653  7 0.8203 0.1797 
       h0663  7 0.7260 0.2740 
       h0673  7 0.9628 0.0372 
       h0683  7 0.7033 0.2967 
       h0693  7 0.9003 0.0997 
       h0703  7 0.7350 0.2650 
       h0713  7 0.7463 0.2537 
       h0723  7 0.9695 0.0305 
       h0733  7 0.7172 0.2828 
       h0743  7 0.6708 0.3292 
       h0753  7 0.7775 0.2225 
       h0763  7 0.7801 0.2199 
       h0773  7 0.7125 0.2875 
       h0783  7 0.9066 0.0934 
       h0793  7 0.8509 0.1491 
       h0803  7 0.6424 0.3576 
       h0813  7 0.7825 0.2175 
       h0823  7 0.6065 0.3935 
       h0833  7 0.7249 0.2751 
       h0843  7 0.9068 0.0932 
       h0853  7 0.8260 0.1740 
       h0863  7 0.4700 0.5300 
       h0873  7 0.7215 0.2785 
       h0883  7 0.6694 0.3306 
       h0893  7 0.8692 0.1308 
       h0903  7 0.7176 0.2824 
       h0913  7 0.8773 0.1227 
       h0923  7 0.7943 0.2057 
       h0933  7 0.8233 0.1767 
       h0943  7 0.8356 0.1644 
       h0953  7 0.7768 0.2232 
       h0963  7 0.6402 0.3598 
       h0973  7 0.6523 0.3477 
       h0983  7 0.8049 0.1951 
       h0993  7 0.9451 0.0549 
       h1003  7 0.9719 0.0281 
       W23CA  8 0.9776 0.0224 
     AP.085Y  8 0.9719 0.0281 
     CH.0LLY  8 0.9076 0.0924 
       M0LEC  8 0.9802 0.0198 
       M2C3H  8 0.9624 0.0376 
       M2CHL  8 0.8614 0.1386 
       W26P7  8 0.9598 0.0402 
     AP.07M5  8 0.9113 0.0887 
     AP.080U  8 0.9576 0.0424 
     AP.082A  8 0.9806 0.0194 
     AP.0843  8 0.9489 0.0511 
     AP.0844  8 0.8836 0.1164 
     AP.084X  8 0.9760 0.0240 
     AP.086Y  8 0.9743 0.0257 
     AP.0870  8 0.9634 0.0366 
     AP.0878  8 0.9442 0.0558 
     AP.087F  8 0.9573 0.0427 
     AP.087Y  8 0.8832 0.1168 
     AP.088P  8 0.9568 0.0432 
     AP.08AK  8 0.9379 0.0621 
     CH.0LLM  8 0.9683 0.0317 
     CH.0LLU  8 0.9052 0.0948 
     CH.0LM0  8 0.9466 0.0534 
     CH.0LM3  8 0.9468 0.0532 
       W26MY  8 0.8123 0.1877 
       W26P6  8 0.9446 0.0554 
      HRV07U  8 0.8959 0.1041 
      HRV1CT  8 0.9783 0.0217 
      HRV1CU  8 0.9834 0.0166 
      HRV1E6  8 0.9672 0.0328 
      HRV081  8 0.9853 0.0147 
      HRV1E3  8 0.9559 0.0441 
      MSV21E  8 0.9258 0.0742 
      MSV216  8 0.9417 0.0583 
       M0TYK  8 0.9486 0.0514 
      MSV2AA  8 0.9190 0.0810 
     CK.0PET  8 0.8240 0.1760 
       M2E8C  8 0.9713 0.0287 
      MSV23X  8 0.9043 0.0957 
      MSV32A  8 0.8622 0.1378 
     AP.0838  8 0.9661 0.0339 
     AP.088F  8 0.9549 0.0451 
       h0014  9 0.9656 0.0344 
       h0024  9 0.9661 0.0339 
       h0034  9 0.9597 0.0403 
       h0044  9 0.9652 0.0348 
       h0054  9 0.9721 0.0279 
       h0064  9 0.9462 0.0538 
       h0074  9 0.9347 0.0653 
       h0084  9 0.9744 0.0256 
       h0094  9 0.9325 0.0675 
       h0104  9 0.8537 0.1463 
       h0114  9 0.9805 0.0195 
       h0124  9 0.9085 0.0915 
       h0134  9 0.9752 0.0248 
       h0144  9 0.9325 0.0675 
       h0154  9 0.9404 0.0596 
       h0164  9 0.6582 0.3418 
       h0174  9 0.9698 0.0302 
       h0184  9 0.9304 0.0696 
       h0194  9 0.8996 0.1004 
       h0204  9 0.9517 0.0483 
       h0214  9 0.8691 0.1309 
       h0224  9 0.9703 0.0297 
       h0234  9 0.9222 0.0778 
       h0244  9 0.9432 0.0568 
       h0254  9 0.8357 0.1643 
       h0264  9 0.9273 0.0727 
       h0274  9 0.8809 0.1191 
       h0284  9 0.8539 0.1461 
       h0294  9 0.9644 0.0356 
       h0304  9 0.7597 0.2403 
       h0314  9 0.8846 0.1154 
       h0324  9 0.9791 0.0209 
       h0334  9 0.9759 0.0241 
       h0344  9 0.9446 0.0554 
       h0354  9 0.7964 0.2036 
       h0364  9 0.8641 0.1359 
       h0374  9 0.8763 0.1237 
       h0384  9 0.8185 0.1815 
       h0394  9 0.8936 0.1064 
       h0404  9 0.9393 0.0607 
       h0414  9 0.9666 0.0334 
       h0424  9 0.7888 0.2112 
       h0434  9 0.9860 0.0140 
       h0444  9 0.9405 0.0595 
       h0454  9 0.9195 0.0805 
       h0464  9 0.9568 0.0432 
       h0474  9 0.9174 0.0826 
       h0484  9 0.9495 0.0505 
       h0494  9 0.9360 0.0640 
       h0504  9 0.9404 0.0596 
       h0514  9 0.9329 0.0671 
       h0524  9 0.9423 0.0577 
       h0534  9 0.8997 0.1003 
       h0544  9 0.7404 0.2596 
       h0554  9 0.8527 0.1473 
       h0564  9 0.8932 0.1068 
       h0574  9 0.9828 0.0172 
       h0584  9 0.9490 0.0510 
       h0594  9 0.9381 0.0619 
       h0604  9 0.9019 0.0981 
       h0614  9 0.8836 0.1164 
       h0624  9 0.9757 0.0243 
       h0634  9 0.9801 0.0199 
       h0644  9 0.8680 0.1320 
       h0654  9 0.8993 0.1007 
       h0664  9 0.9354 0.0646 
       h0674  9 0.9511 0.0489 
       h0684  9 0.8979 0.1021 
       h0694  9 0.9657 0.0343 
       h0704  9 0.9641 0.0359 
       h0714  9 0.9794 0.0206 
       h0724  9 0.8203 0.1797 
       h0734  9 0.9517 0.0483 
       h0744  9 0.9763 0.0237 
       h0754  9 0.8954 0.1046 
       h0764  9 0.9701 0.0299 
       h0774  9 0.9157 0.0843 
       h0784  9 0.9843 0.0157 
       h0794  9 0.9765 0.0235 
       h0804  9 0.9372 0.0628 
       h0814  9 0.9592 0.0408 
       h0824  9 0.9631 0.0369 
       h0834  9 0.9111 0.0889 
       h0844  9 0.9421 0.0579 
       h0854  9 0.9670 0.0330 
       h0864  9 0.6067 0.3933 
       h0874  9 0.8389 0.1611 
       h0884  9 0.7708 0.2292 
       h0894  9 0.8785 0.1215 
       h0904  9 0.9796 0.0204 
       h0914  9 0.9641 0.0359 
       h0924  9 0.7133 0.2867 
       h0934  9 0.7953 0.2047 
       h0944  9 0.9321 0.0679 
       h0954  9 0.8459 0.1541 
       h0964  9 0.9498 0.0502 
       h0974  9 0.9121 0.0879 
       h0984  9 0.9083 0.0917 
       h0994  9 0.8545 0.1455 
       h1004  9 0.8410 0.1590 
       W26MJ 10 0.8832 0.1168 
     AP.087T 10 0.9456 0.0544 
      HRV00P 10 0.9844 0.0156 
       M0ETF 10 0.9813 0.0187 
      HRV0LP 10 0.9301 0.0699 
     AP.085U 10 0.9265 0.0735 
      HRV077 10 0.9674 0.0326 
       M05PH 10 0.9713 0.0287 
      HRV01U 10 0.9823 0.0177 
      HRV022 10 0.9479 0.0521 
      HRV1E8 10 0.9810 0.0190 
      HRV07X 10 0.9624 0.0376 
      HRV0M6 10 0.8605 0.1395 
      HRV0KU 10 0.9339 0.0661 
      HRV0JX 10 0.9610 0.0390 
      HRV076 10 0.9646 0.0354 
       W26ML 10 0.9785 0.0215 
      HRV07L 10 0.9388 0.0612 
       M06JH 10 0.9213 0.0787 
     AP.0864 10 0.9852 0.0148 
      HRV1EK 10 0.9407 0.0593 
       M2AY2 10 0.9586 0.0414 
       W23E8 10 0.9822 0.0178 
      HRV080 10 0.9845 0.0155 
       W26T0 10 0.9676 0.0324 
       M2C3A 10 0.9806 0.0194 
       M2CHP 10 0.9072 0.0928 
     AP.087E 10 0.9823 0.0177 
      HRV07P 10 0.9815 0.0185 
      HRV01F 10 0.9350 0.0650 
      HRV0JL 10 0.9860 0.0140 
      HRV0J2 10 0.9835 0.0165 
      HRV01X 10 0.9772 0.0228 
      HRV0KE 10 0.9833 0.0167 
     AP.0875 10 0.9048 0.0952 
     AP.07M8 10 0.9790 0.0210 
       M2AY0 10 0.9599 0.0401 
       M0102 10 0.9775 0.0225 
      HRV0K1 10 0.9830 0.0170 
     AP.088L 10 0.9812 0.0188 
       M1ELC 10 0.9702 0.0298 
       M2C3F 10 0.9776 0.0224 
     AP.08AJ 10 0.9733 0.0267 
      HRV1C6 10 0.9836 0.0164 
     AP.07P8 10 0.9580 0.0420 
       M05JC 10 0.9790 0.0210 
       M157H 10 0.9674 0.0326 
     AP.0888 10 0.7245 0.2755 
     AP.07M4 10 0.9858 0.0142 
     AP.0885 10 0.9739 0.0261 
       M16YU 10 0.9851 0.0149 
       W26MT 10 0.9852 0.0148 
     AP.07M1 10 0.9813 0.0187 
      HRV0ML 10 0.9848 0.0152 
     AP.08A6 10 0.9661 0.0339 
     AP.087A 10 0.9805 0.0195 
      HRV041 10 0.9825 0.0175 
       M147K 10 0.9863 0.0137 
      HRV0HC 10 0.9568 0.0432 
     AP.088T 10 0.9852 0.0148 
     AP.0887 10 0.9569 0.0431 
      HRV0J3 10 0.9738 0.0262 
      HRV0HU 10 0.9510 0.0490 
      HRV086 10 0.9759 0.0241 
       M1C2H 10 0.9848 0.0152 
       M04PF 10 0.9820 0.0180 
      HRV020 10 0.9671 0.0329 
       M0L8F 10 0.9393 0.0607 
       M0J1X 10 0.9803 0.0197 
       M0EYT 10 0.9827 0.0173 
     AP.0817 10 0.9747 0.0253 
       M2AY5 10 0.9769 0.0231 
      HRV0L6 10 0.9846 0.0154 
     AP.0841 10 0.9291 0.0709 
       M0HJ6 10 0.9635 0.0365 
     AP.0884 10 0.9843 0.0157 
       M04XH 10 0.9673 0.0327 
     CH.0LLP 10 0.9838 0.0162 
      HRV05J 10 0.9833 0.0167 
      HRV1ET 10 0.9847 0.0153 
       M0A6K 10 0.9783 0.0217 
      HRV0LM 10 0.9729 0.0271 
      HRV1C7 10 0.9795 0.0205 
      HRV02C 10 0.9861 0.0139 
       M0L32 10 0.9728 0.0272 
      HRV02A 10 0.9496 0.0504 
      HRV1CX 10 0.9656 0.0344 
      HRV07H 10 0.9861 0.0139 
     AP.086X 10 0.9833 0.0167 
      HRV0H3 10 0.9768 0.0232 
     AP.07M2 10 0.9418 0.0582 
     AP.08AX 10 0.9771 0.0229 
      HRV1E2 10 0.9849 0.0151 
     CH.0LM4 10 0.9844 0.0156 
      HRV1E5 10 0.9852 0.0148 
      HRV1C1 10 0.9751 0.0249 
      HRV1E4 10 0.9855 0.0145 
      HRV07M 10 0.9841 0.0159 
      HRV0MK 10 0.9853 0.0147 
     AP.07MC 10 0.9843 0.0157 
