

----------------------------------------------------
STRUCTURE by Pritchard, Stephens and Donnelly (2000)
     and Falush, Stephens and Pritchard (2003)
       Code by Pritchard, Falush and Hubisz
             Version 2.3.4 (Jul 2012)
----------------------------------------------------



Command line arguments:   /home/eva.pavlovic/Structure/structure -m parameter_job_4b2_9_5 
Input File:    /home/eva.pavlovic/data_job_4b2_9_5

Run parameters:
   1500 individuals
   20 loci
   2 populations assumed
   300000 Burn-in period
   3000000 Reps


--------------------------------------------
Proportion of membership of each pre-defined
 population in each of the 2 clusters

Given    Inferred Clusters       Number of
 Pop       1      2             Individuals

  1:     0.014  0.986             100
  2:     0.015  0.985             400
  3:     0.081  0.919             100
  4:     0.218  0.782             100
  5:     0.502  0.498             100
  6:     0.769  0.231             100
  7:     0.875  0.125             100
  8:     0.992  0.008              28
  9:     0.993  0.007             472
--------------------------------------------

Allele-freq. divergence among pops (Net nucleotide distance),
computed using point estimates of P.

      1       2      
 1      -    0.1279  
 2   0.1279     -    

Average distances (expected heterozygosity) between individuals in same cluster:
cluster  1  : 0.6440 
cluster  2  : 0.7876 

--------------------------------------------
Estimated Ln Prob of Data   = -101346.0
Mean value of ln likelihood = -101004.0
Variance of ln likelihood   = 684.2
Mean value of alpha         = 0.1238

Mean value of Fst_1         = 0.3997
Mean value of Fst_2         = 0.0182


Inferred ancestry of individuals:
        Label (%Miss) Pop:  Inferred clusters
  1    M1EL5    (5)    1 :  0.009 0.991 
  2    W26T6    (5)    1 :  0.036 0.964 
  3    W26XX    (5)    1 :  0.007 0.993 
  4    M013P    (0)    1 :  0.010 0.990 
  5    M1ELA    (0)    1 :  0.026 0.974 
  6    M2C73    (0)    1 :  0.012 0.988 
  7    W23P4    (0)    1 :  0.022 0.978 
  8    W247C    (5)    1 :  0.009 0.991 
  9    W24K1    (0)    1 :  0.007 0.993 
 10    W24ME    (0)    1 :  0.018 0.982 
 11    W2514    (0)    1 :  0.010 0.990 
 12    W26MA    (0)    1 :  0.019 0.981 
 13    W26MM    (0)    1 :  0.017 0.983 
 14    W26MU    (0)    1 :  0.009 0.991 
 15    W26P0    (0)    1 :  0.008 0.992 
 16    W26P3    (0)    1 :  0.007 0.993 
 17    W26T5    (0)    1 :  0.006 0.994 
 18    W26TE    (0)    1 :  0.014 0.986 
 19    W26TF    (0)    1 :  0.030 0.970 
 20    W26U8    (0)    1 :  0.026 0.974 
 21    W26UJ    (0)    1 :  0.013 0.987 
 22    W26UK    (0)    1 :  0.005 0.995 
 23    W26UT    (0)    1 :  0.007 0.993 
 24    W26XT    (0)    1 :  0.015 0.985 
 25   CC06H2    (0)    1 :  0.023 0.977 
 26   CC06H4    (0)    1 :  0.017 0.983 
 27   CC06H5    (5)    1 :  0.013 0.987 
 28   CC06H6    (0)    1 :  0.006 0.994 
 29   CC06HE    (0)    1 :  0.008 0.992 
 30   CC06HF    (0)    1 :  0.016 0.984 
 31   CC06HH    (0)    1 :  0.007 0.993 
 32   CC06HJ    (0)    1 :  0.022 0.978 
 33   CC06HL    (0)    1 :  0.007 0.993 
 34   CC06HP    (0)    1 :  0.006 0.994 
 35   CC06HT    (0)    1 :  0.013 0.987 
 36   CC06HU    (0)    1 :  0.012 0.988 
 37   CC06HY    (0)    1 :  0.017 0.983 
 38   CC06J0    (0)    1 :  0.019 0.981 
 39   CC06J1    (0)    1 :  0.024 0.976 
 40   CC06J2    (0)    1 :  0.012 0.988 
 41  CT.0YCY    (0)    1 :  0.010 0.990 
 42  CT.0YEC    (0)    1 :  0.006 0.994 
 43  CT.0YEF    (0)    1 :  0.007 0.993 
 44  CT.0YEU    (0)    1 :  0.005 0.995 
 45  CT.0YF2    (5)    1 :  0.015 0.985 
 46  CT.0YF8    (0)    1 :  0.005 0.995 
 47  CT.0YFA    (0)    1 :  0.005 0.995 
 48  CT.0YFE    (0)    1 :  0.008 0.992 
 49  CT.0YFP    (0)    1 :  0.015 0.985 
 50  CT.0YFU    (0)    1 :  0.008 0.992 
 51  CT.0YK7    (0)    1 :  0.016 0.984 
 52  CX.10PT    (0)    1 :  0.052 0.948 
 53   DAM021    (0)    1 :  0.009 0.991 
 54   DAM034    (0)    1 :  0.006 0.994 
 55   DAM07X    (0)    1 :  0.007 0.993 
 56  EF.15J6    (0)    1 :  0.008 0.992 
 57   HRV010   (10)    1 :  0.015 0.985 
 58   HRV02J    (5)    1 :  0.010 0.990 
 59   HRV078    (0)    1 :  0.013 0.987 
 60   HRV0FH    (0)    1 :  0.007 0.993 
 61   HRV0H5    (0)    1 :  0.009 0.991 
 62   HRV0JF    (0)    1 :  0.009 0.991 
 63   HRV0JJ    (0)    1 :  0.010 0.990 
 64   HRV0JM    (0)    1 :  0.007 0.993 
 65   HRV0K6    (0)    1 :  0.059 0.941 
 66   HRV0K7    (0)    1 :  0.008 0.992 
 67   HRV0KP    (5)    1 :  0.028 0.972 
 68   HRV1AX    (0)    1 :  0.011 0.989 
 69   HRV1C4    (0)    1 :  0.006 0.994 
 70   HRV1CH    (0)    1 :  0.010 0.990 
 71   HRV1FA    (5)    1 :  0.011 0.989 
 72   HRV1FK    (0)    1 :  0.024 0.976 
 73   HRV1H8    (5)    1 :  0.007 0.993 
 74   HRV1HT   (10)    1 :  0.015 0.985 
 75   HRV1XU   (10)    1 :  0.032 0.968 
 76   HRV4TF    (0)    1 :  0.009 0.991 
 77   HRV6F0   (10)    1 :  0.011 0.989 
 78   HRVE6L    (0)    1 :  0.017 0.983 
 79    M27HM    (5)    1 :  0.007 0.993 
 80    M27HP    (0)    1 :  0.007 0.993 
 81    M2AK4    (0)    1 :  0.008 0.992 
 82    M2ALA    (0)    1 :  0.007 0.993 
 83    M2C56    (0)    1 :  0.009 0.991 
 84    M2CUX    (0)    1 :  0.033 0.967 
 85    M2E24    (0)    1 :  0.007 0.993 
 86    M2EA7    (5)    1 :  0.009 0.991 
 87    M2EH6    (0)    1 :  0.007 0.993 
 88    M2EKC    (0)    1 :  0.020 0.980 
 89   MSV083    (0)    1 :  0.051 0.949 
 90   MSV084    (0)    1 :  0.008 0.992 
 91   MSV0LJ    (0)    1 :  0.010 0.990 
 92   MSV1H5    (0)    1 :  0.008 0.992 
 93   MSV1KM    (0)    1 :  0.007 0.993 
 94   MSV23F    (5)    1 :  0.026 0.974 
 95   MSV2L8    (0)    1 :  0.011 0.989 
 96   MSV2P7    (5)    1 :  0.009 0.991 
 97   MSV2TJ    (0)    1 :  0.006 0.994 
 98   MSV2XM    (0)    1 :  0.014 0.986 
 99   MSV327    (5)    1 :  0.012 0.988 
100   MSV33L    (5)    1 :  0.006 0.994 
101    h0015    (0)    2 :  0.012 0.988 
102    h0025    (0)    2 :  0.011 0.989 
103    h0035    (0)    2 :  0.022 0.978 
104    h0045    (0)    2 :  0.024 0.976 
105    h0055    (0)    2 :  0.010 0.990 
106    h0065    (0)    2 :  0.009 0.991 
107    h0075    (0)    2 :  0.061 0.939 
108    h0085    (0)    2 :  0.007 0.993 
109    h0095    (0)    2 :  0.014 0.986 
110    h0105    (0)    2 :  0.010 0.990 
111    h0115    (0)    2 :  0.011 0.989 
112    h0125    (0)    2 :  0.008 0.992 
113    h0135    (0)    2 :  0.011 0.989 
114    h0145    (0)    2 :  0.015 0.985 
115    h0155    (0)    2 :  0.013 0.987 
116    h0165    (0)    2 :  0.010 0.990 
117    h0175    (0)    2 :  0.009 0.991 
118    h0185    (0)    2 :  0.008 0.992 
119    h0195    (0)    2 :  0.006 0.994 
120    h0205    (0)    2 :  0.007 0.993 
121    h0215    (0)    2 :  0.016 0.984 
122    h0225    (0)    2 :  0.014 0.986 
123    h0235    (0)    2 :  0.023 0.977 
124    h0245    (0)    2 :  0.020 0.980 
125    h0255    (0)    2 :  0.007 0.993 
126    h0265    (0)    2 :  0.012 0.988 
127    h0275    (0)    2 :  0.024 0.976 
128    h0285    (0)    2 :  0.006 0.994 
129    h0295    (0)    2 :  0.007 0.993 
130    h0305    (0)    2 :  0.005 0.995 
131    h0315    (0)    2 :  0.018 0.982 
132    h0325    (0)    2 :  0.009 0.991 
133    h0335    (0)    2 :  0.010 0.990 
134    h0345    (0)    2 :  0.010 0.990 
135    h0355    (0)    2 :  0.010 0.990 
136    h0365    (0)    2 :  0.052 0.948 
137    h0375    (0)    2 :  0.013 0.987 
138    h0385    (0)    2 :  0.022 0.978 
139    h0395    (0)    2 :  0.027 0.973 
140    h0405    (0)    2 :  0.022 0.978 
141    h0415    (0)    2 :  0.008 0.992 
142    h0425    (0)    2 :  0.006 0.994 
143    h0435    (0)    2 :  0.006 0.994 
144    h0445    (0)    2 :  0.010 0.990 
145    h0455    (0)    2 :  0.007 0.993 
146    h0465    (0)    2 :  0.009 0.991 
147    h0475    (0)    2 :  0.022 0.978 
148    h0485    (0)    2 :  0.014 0.986 
149    h0495    (0)    2 :  0.006 0.994 
150    h0505    (0)    2 :  0.012 0.988 
151    h0515    (0)    2 :  0.040 0.960 
152    h0525    (0)    2 :  0.009 0.991 
153    h0535    (0)    2 :  0.013 0.987 
154    h0545    (0)    2 :  0.006 0.994 
155    h0555    (0)    2 :  0.006 0.994 
156    h0565    (0)    2 :  0.006 0.994 
157    h0575    (0)    2 :  0.014 0.986 
158    h0585    (0)    2 :  0.031 0.969 
159    h0595    (0)    2 :  0.012 0.988 
160    h0605    (0)    2 :  0.007 0.993 
161    h0615    (0)    2 :  0.006 0.994 
162    h0625    (0)    2 :  0.015 0.985 
163    h0635    (0)    2 :  0.008 0.992 
164    h0645    (0)    2 :  0.012 0.988 
165    h0655    (0)    2 :  0.007 0.993 
166    h0665    (0)    2 :  0.013 0.987 
167    h0675    (0)    2 :  0.010 0.990 
168    h0685    (0)    2 :  0.007 0.993 
169    h0695    (0)    2 :  0.013 0.987 
170    h0705    (0)    2 :  0.014 0.986 
171    h0715    (0)    2 :  0.011 0.989 
172    h0725    (0)    2 :  0.011 0.989 
173    h0735    (0)    2 :  0.020 0.980 
174    h0745    (0)    2 :  0.013 0.987 
175    h0755    (0)    2 :  0.005 0.995 
176    h0765    (0)    2 :  0.007 0.993 
177    h0775    (0)    2 :  0.026 0.974 
178    h0785    (0)    2 :  0.013 0.987 
179    h0795    (0)    2 :  0.004 0.996 
180    h0805    (0)    2 :  0.007 0.993 
181    h0815    (0)    2 :  0.013 0.987 
182    h0825    (0)    2 :  0.006 0.994 
183    h0835    (0)    2 :  0.006 0.994 
184    h0845    (0)    2 :  0.005 0.995 
185    h0855    (0)    2 :  0.018 0.982 
186    h0865    (0)    2 :  0.008 0.992 
187    h0875    (0)    2 :  0.007 0.993 
188    h0885    (0)    2 :  0.013 0.987 
189    h0895    (0)    2 :  0.014 0.986 
190    h0905    (0)    2 :  0.011 0.989 
191    h0915    (0)    2 :  0.018 0.982 
192    h0925    (0)    2 :  0.007 0.993 
193    h0935    (0)    2 :  0.015 0.985 
194    h0945    (0)    2 :  0.010 0.990 
195    h0955    (0)    2 :  0.007 0.993 
196    h0965    (0)    2 :  0.008 0.992 
197    h0975    (0)    2 :  0.007 0.993 
198    h0985    (0)    2 :  0.036 0.964 
199    h0995    (0)    2 :  0.009 0.991 
200    h1005    (0)    2 :  0.055 0.945 
201     h101    (0)    2 :  0.013 0.987 
202     h102    (0)    2 :  0.009 0.991 
203     h103    (0)    2 :  0.071 0.929 
204     h104    (0)    2 :  0.008 0.992 
205     h105    (0)    2 :  0.006 0.994 
206     h106    (0)    2 :  0.006 0.994 
207     h107    (0)    2 :  0.012 0.988 
208     h108    (0)    2 :  0.024 0.976 
209     h109    (0)    2 :  0.008 0.992 
210     h110    (0)    2 :  0.033 0.967 
211     h111    (0)    2 :  0.050 0.950 
212     h112    (0)    2 :  0.009 0.991 
213     h113    (0)    2 :  0.007 0.993 
214     h114    (0)    2 :  0.010 0.990 
215     h115    (0)    2 :  0.017 0.983 
216     h116    (0)    2 :  0.009 0.991 
217     h117    (0)    2 :  0.021 0.979 
218     h118    (0)    2 :  0.009 0.991 
219     h119    (0)    2 :  0.015 0.985 
220     h120    (0)    2 :  0.015 0.985 
221     h121    (0)    2 :  0.006 0.994 
222     h122    (0)    2 :  0.034 0.966 
223     h123    (0)    2 :  0.007 0.993 
224     h124    (0)    2 :  0.029 0.971 
225     h125    (0)    2 :  0.012 0.988 
226     h126    (0)    2 :  0.009 0.991 
227     h127    (0)    2 :  0.028 0.972 
228     h128    (0)    2 :  0.009 0.991 
229     h129    (0)    2 :  0.007 0.993 
230     h130    (0)    2 :  0.007 0.993 
231     h131    (0)    2 :  0.005 0.995 
232     h132    (0)    2 :  0.006 0.994 
233     h133    (0)    2 :  0.006 0.994 
234     h134    (0)    2 :  0.011 0.989 
235     h135    (0)    2 :  0.011 0.989 
236     h136    (0)    2 :  0.011 0.989 
237     h137    (0)    2 :  0.012 0.988 
238     h138    (0)    2 :  0.007 0.993 
239     h139    (0)    2 :  0.010 0.990 
240     h140    (0)    2 :  0.012 0.988 
241     h141    (0)    2 :  0.022 0.978 
242     h142    (0)    2 :  0.008 0.992 
243     h143    (0)    2 :  0.006 0.994 
244     h144    (0)    2 :  0.006 0.994 
245     h145    (0)    2 :  0.010 0.990 
246     h146    (0)    2 :  0.008 0.992 
247     h147    (0)    2 :  0.013 0.987 
248     h148    (0)    2 :  0.010 0.990 
249     h149    (0)    2 :  0.032 0.968 
250     h150    (0)    2 :  0.008 0.992 
251     h151    (0)    2 :  0.010 0.990 
252     h152    (0)    2 :  0.006 0.994 
253     h153    (0)    2 :  0.008 0.992 
254     h154    (0)    2 :  0.009 0.991 
255     h155    (0)    2 :  0.013 0.987 
256     h156    (0)    2 :  0.018 0.982 
257     h157    (0)    2 :  0.016 0.984 
258     h158    (0)    2 :  0.006 0.994 
259     h159    (0)    2 :  0.006 0.994 
260     h160    (0)    2 :  0.008 0.992 
261     h161    (0)    2 :  0.008 0.992 
262     h162    (0)    2 :  0.007 0.993 
263     h163    (0)    2 :  0.008 0.992 
264     h164    (0)    2 :  0.019 0.981 
265     h165    (0)    2 :  0.005 0.995 
266     h166    (0)    2 :  0.019 0.981 
267     h167    (0)    2 :  0.016 0.984 
268     h168    (0)    2 :  0.025 0.975 
269     h169    (0)    2 :  0.019 0.981 
270     h170    (0)    2 :  0.008 0.992 
271     h171    (0)    2 :  0.013 0.987 
272     h172    (0)    2 :  0.016 0.984 
273     h173    (0)    2 :  0.043 0.957 
274     h174    (0)    2 :  0.038 0.962 
275     h175    (0)    2 :  0.020 0.980 
276     h176    (0)    2 :  0.008 0.992 
277     h177    (0)    2 :  0.016 0.984 
278     h178    (0)    2 :  0.007 0.993 
279     h179    (0)    2 :  0.018 0.982 
280     h180    (0)    2 :  0.014 0.986 
281     h181    (0)    2 :  0.006 0.994 
282     h182    (0)    2 :  0.032 0.968 
283     h183    (0)    2 :  0.025 0.975 
284     h184    (0)    2 :  0.015 0.985 
285     h185    (0)    2 :  0.010 0.990 
286     h186    (0)    2 :  0.009 0.991 
287     h187    (0)    2 :  0.013 0.987 
288     h188    (0)    2 :  0.022 0.978 
289     h189    (0)    2 :  0.031 0.969 
290     h190    (0)    2 :  0.008 0.992 
291     h191    (0)    2 :  0.008 0.992 
292     h192    (0)    2 :  0.007 0.993 
293     h193    (0)    2 :  0.007 0.993 
294     h194    (0)    2 :  0.005 0.995 
295     h195    (0)    2 :  0.006 0.994 
296     h196    (0)    2 :  0.006 0.994 
297     h197    (0)    2 :  0.011 0.989 
298     h198    (0)    2 :  0.007 0.993 
299     h199    (0)    2 :  0.007 0.993 
300     h200    (0)    2 :  0.007 0.993 
301     h201    (0)    2 :  0.017 0.983 
302     h202    (0)    2 :  0.008 0.992 
303     h203    (0)    2 :  0.005 0.995 
304     h204    (0)    2 :  0.085 0.915 
305     h205    (0)    2 :  0.089 0.911 
306     h206    (0)    2 :  0.013 0.987 
307     h207    (0)    2 :  0.014 0.986 
308     h208    (0)    2 :  0.018 0.982 
309     h209    (0)    2 :  0.009 0.991 
310     h210    (0)    2 :  0.015 0.985 
311     h211    (0)    2 :  0.007 0.993 
312     h212    (0)    2 :  0.011 0.989 
313     h213    (0)    2 :  0.018 0.982 
314     h214    (0)    2 :  0.009 0.991 
315     h215    (0)    2 :  0.006 0.994 
316     h216    (0)    2 :  0.022 0.978 
317     h217    (0)    2 :  0.012 0.988 
318     h218    (0)    2 :  0.007 0.993 
319     h219    (0)    2 :  0.007 0.993 
320     h220    (0)    2 :  0.046 0.954 
321     h221    (0)    2 :  0.008 0.992 
322     h222    (0)    2 :  0.025 0.975 
323     h223    (0)    2 :  0.007 0.993 
324     h224    (0)    2 :  0.006 0.994 
325     h225    (0)    2 :  0.005 0.995 
326     h226    (0)    2 :  0.009 0.991 
327     h227    (0)    2 :  0.021 0.979 
328     h228    (0)    2 :  0.005 0.995 
329     h229    (0)    2 :  0.009 0.991 
330     h230    (0)    2 :  0.004 0.996 
331     h231    (0)    2 :  0.011 0.989 
332     h232    (0)    2 :  0.012 0.988 
333     h233    (0)    2 :  0.010 0.990 
334     h234    (0)    2 :  0.014 0.986 
335     h235    (0)    2 :  0.006 0.994 
336     h236    (0)    2 :  0.010 0.990 
337     h237    (0)    2 :  0.012 0.988 
338     h238    (0)    2 :  0.008 0.992 
339     h239    (0)    2 :  0.008 0.992 
340     h240    (0)    2 :  0.093 0.907 
341     h241    (0)    2 :  0.052 0.948 
342     h242    (0)    2 :  0.009 0.991 
343     h243    (0)    2 :  0.011 0.989 
344     h244    (0)    2 :  0.038 0.962 
345     h245    (0)    2 :  0.013 0.987 
346     h246    (0)    2 :  0.008 0.992 
347     h247    (0)    2 :  0.012 0.988 
348     h248    (0)    2 :  0.014 0.986 
349     h249    (0)    2 :  0.080 0.920 
350     h250    (0)    2 :  0.056 0.944 
351     h251    (0)    2 :  0.016 0.984 
352     h252    (0)    2 :  0.007 0.993 
353     h253    (0)    2 :  0.009 0.991 
354     h254    (0)    2 :  0.014 0.986 
355     h255    (0)    2 :  0.009 0.991 
356     h256    (0)    2 :  0.011 0.989 
357     h257    (0)    2 :  0.009 0.991 
358     h258    (0)    2 :  0.042 0.958 
359     h259    (0)    2 :  0.021 0.979 
360     h260    (0)    2 :  0.067 0.933 
361     h261    (0)    2 :  0.012 0.988 
362     h262    (0)    2 :  0.006 0.994 
363     h263    (0)    2 :  0.025 0.975 
364     h264    (0)    2 :  0.012 0.988 
365     h265    (0)    2 :  0.014 0.986 
366     h266    (0)    2 :  0.013 0.987 
367     h267    (0)    2 :  0.018 0.982 
368     h268    (0)    2 :  0.007 0.993 
369     h269    (0)    2 :  0.010 0.990 
370     h270    (0)    2 :  0.015 0.985 
371     h271    (0)    2 :  0.006 0.994 
372     h272    (0)    2 :  0.007 0.993 
373     h273    (0)    2 :  0.005 0.995 
374     h274    (0)    2 :  0.038 0.962 
375     h275    (0)    2 :  0.010 0.990 
376     h276    (0)    2 :  0.009 0.991 
377     h277    (0)    2 :  0.056 0.944 
378     h278    (0)    2 :  0.008 0.992 
379     h279    (0)    2 :  0.006 0.994 
380     h280    (0)    2 :  0.006 0.994 
381     h281    (0)    2 :  0.020 0.980 
382     h282    (0)    2 :  0.008 0.992 
383     h283    (0)    2 :  0.005 0.995 
384     h284    (0)    2 :  0.005 0.995 
385     h285    (0)    2 :  0.020 0.980 
386     h286    (0)    2 :  0.009 0.991 
387     h287    (0)    2 :  0.012 0.988 
388     h288    (0)    2 :  0.052 0.948 
389     h289    (0)    2 :  0.009 0.991 
390     h290    (0)    2 :  0.008 0.992 
391     h291    (0)    2 :  0.005 0.995 
392     h292    (0)    2 :  0.007 0.993 
393     h293    (0)    2 :  0.011 0.989 
394     h294    (0)    2 :  0.037 0.963 
395     h295    (0)    2 :  0.012 0.988 
396     h296    (0)    2 :  0.018 0.982 
397     h297    (0)    2 :  0.006 0.994 
398     h298    (0)    2 :  0.016 0.984 
399     h299    (0)    2 :  0.009 0.991 
400     h300    (0)    2 :  0.005 0.995 
401     h301    (0)    2 :  0.010 0.990 
402     h302    (0)    2 :  0.006 0.994 
403     h303    (0)    2 :  0.008 0.992 
404     h304    (0)    2 :  0.008 0.992 
405     h305    (0)    2 :  0.012 0.988 
406     h306    (0)    2 :  0.005 0.995 
407     h307    (0)    2 :  0.011 0.989 
408     h308    (0)    2 :  0.007 0.993 
409     h309    (0)    2 :  0.010 0.990 
410     h310    (0)    2 :  0.008 0.992 
411     h311    (0)    2 :  0.008 0.992 
412     h312    (0)    2 :  0.007 0.993 
413     h313    (0)    2 :  0.009 0.991 
414     h314    (0)    2 :  0.020 0.980 
415     h315    (0)    2 :  0.009 0.991 
416     h316    (0)    2 :  0.007 0.993 
417     h317    (0)    2 :  0.006 0.994 
418     h318    (0)    2 :  0.057 0.943 
419     h319    (0)    2 :  0.006 0.994 
420     h320    (0)    2 :  0.010 0.990 
421     h321    (0)    2 :  0.009 0.991 
422     h322    (0)    2 :  0.009 0.991 
423     h323    (0)    2 :  0.009 0.991 
424     h324    (0)    2 :  0.019 0.981 
425     h325    (0)    2 :  0.008 0.992 
426     h326    (0)    2 :  0.015 0.985 
427     h327    (0)    2 :  0.013 0.987 
428     h328    (0)    2 :  0.011 0.989 
429     h329    (0)    2 :  0.008 0.992 
430     h330    (0)    2 :  0.007 0.993 
431     h331    (0)    2 :  0.012 0.988 
432     h332    (0)    2 :  0.008 0.992 
433     h333    (0)    2 :  0.006 0.994 
434     h334    (0)    2 :  0.015 0.985 
435     h335    (0)    2 :  0.005 0.995 
436     h336    (0)    2 :  0.023 0.977 
437     h337    (0)    2 :  0.007 0.993 
438     h338    (0)    2 :  0.013 0.987 
439     h339    (0)    2 :  0.011 0.989 
440     h340    (0)    2 :  0.006 0.994 
441     h341    (0)    2 :  0.008 0.992 
442     h342    (0)    2 :  0.026 0.974 
443     h343    (0)    2 :  0.023 0.977 
444     h344    (0)    2 :  0.008 0.992 
445     h345    (0)    2 :  0.006 0.994 
446     h346    (0)    2 :  0.010 0.990 
447     h347    (0)    2 :  0.005 0.995 
448     h348    (0)    2 :  0.012 0.988 
449     h349    (0)    2 :  0.005 0.995 
450     h350    (0)    2 :  0.025 0.975 
451     h351    (0)    2 :  0.033 0.967 
452     h352    (0)    2 :  0.140 0.860 
453     h353    (0)    2 :  0.013 0.987 
454     h354    (0)    2 :  0.022 0.978 
455     h355    (0)    2 :  0.010 0.990 
456     h356    (0)    2 :  0.007 0.993 
457     h357    (0)    2 :  0.020 0.980 
458     h358    (0)    2 :  0.011 0.989 
459     h359    (0)    2 :  0.011 0.989 
460     h360    (0)    2 :  0.007 0.993 
461     h361    (0)    2 :  0.028 0.972 
462     h362    (0)    2 :  0.006 0.994 
463     h363    (0)    2 :  0.006 0.994 
464     h364    (0)    2 :  0.013 0.987 
465     h365    (0)    2 :  0.014 0.986 
466     h366    (0)    2 :  0.005 0.995 
467     h367    (0)    2 :  0.009 0.991 
468     h368    (0)    2 :  0.007 0.993 
469     h369    (0)    2 :  0.007 0.993 
470     h370    (0)    2 :  0.069 0.931 
471     h371    (0)    2 :  0.010 0.990 
472     h372    (0)    2 :  0.017 0.983 
473     h373    (0)    2 :  0.015 0.985 
474     h374    (0)    2 :  0.005 0.995 
475     h375    (0)    2 :  0.009 0.991 
476     h376    (0)    2 :  0.005 0.995 
477     h377    (0)    2 :  0.032 0.968 
478     h378    (0)    2 :  0.012 0.988 
479     h379    (0)    2 :  0.005 0.995 
480     h380    (0)    2 :  0.012 0.988 
481     h381    (0)    2 :  0.029 0.971 
482     h382    (0)    2 :  0.006 0.994 
483     h383    (0)    2 :  0.015 0.985 
484     h384    (0)    2 :  0.007 0.993 
485     h385    (0)    2 :  0.008 0.992 
486     h386    (0)    2 :  0.011 0.989 
487     h387    (0)    2 :  0.007 0.993 
488     h388    (0)    2 :  0.010 0.990 
489     h389    (0)    2 :  0.015 0.985 
490     h390    (0)    2 :  0.010 0.990 
491     h391    (0)    2 :  0.007 0.993 
492     h392    (0)    2 :  0.025 0.975 
493     h393    (0)    2 :  0.024 0.976 
494     h394    (0)    2 :  0.051 0.949 
495     h395    (0)    2 :  0.011 0.989 
496     h396    (0)    2 :  0.029 0.971 
497     h397    (0)    2 :  0.011 0.989 
498     h398    (0)    2 :  0.009 0.991 
499     h399    (0)    2 :  0.007 0.993 
500     h400    (0)    2 :  0.012 0.988 
501     h001    (0)    3 :  0.022 0.978 
502     h002    (0)    3 :  0.097 0.903 
503     h003    (0)    3 :  0.246 0.754 
504     h004    (0)    3 :  0.097 0.903 
505     h005    (0)    3 :  0.073 0.927 
506     h006    (0)    3 :  0.047 0.953 
507     h007    (0)    3 :  0.095 0.905 
508     h008    (0)    3 :  0.027 0.973 
509     h009    (0)    3 :  0.101 0.899 
510     h010    (0)    3 :  0.112 0.888 
511     h011    (0)    3 :  0.080 0.920 
512     h012    (0)    3 :  0.057 0.943 
513     h013    (0)    3 :  0.019 0.981 
514     h014    (0)    3 :  0.047 0.953 
515     h015    (0)    3 :  0.194 0.806 
516     h016    (0)    3 :  0.080 0.920 
517     h017    (0)    3 :  0.094 0.906 
518     h018    (0)    3 :  0.051 0.949 
519     h019    (0)    3 :  0.058 0.942 
520     h020    (0)    3 :  0.081 0.919 
521     h021    (0)    3 :  0.034 0.966 
522     h022    (0)    3 :  0.165 0.835 
523     h023    (0)    3 :  0.018 0.982 
524     h024    (0)    3 :  0.008 0.992 
525     h025    (0)    3 :  0.214 0.786 
526     h026    (0)    3 :  0.012 0.988 
527     h027    (0)    3 :  0.042 0.958 
528     h028    (0)    3 :  0.115 0.885 
529     h029    (0)    3 :  0.218 0.782 
530     h030    (0)    3 :  0.153 0.847 
531     h031    (0)    3 :  0.138 0.862 
532     h032    (0)    3 :  0.073 0.927 
533     h033    (0)    3 :  0.027 0.973 
534     h034    (0)    3 :  0.071 0.929 
535     h035    (0)    3 :  0.083 0.917 
536     h036    (0)    3 :  0.031 0.969 
537     h037    (0)    3 :  0.113 0.887 
538     h038    (0)    3 :  0.010 0.990 
539     h039    (0)    3 :  0.098 0.902 
540     h040    (0)    3 :  0.014 0.986 
541     h041    (0)    3 :  0.022 0.978 
542     h042    (0)    3 :  0.014 0.986 
543     h043    (0)    3 :  0.012 0.988 
544     h044    (0)    3 :  0.010 0.990 
545     h045    (0)    3 :  0.338 0.662 
546     h046    (0)    3 :  0.130 0.870 
547     h047    (0)    3 :  0.006 0.994 
548     h048    (0)    3 :  0.266 0.734 
549     h049    (0)    3 :  0.080 0.920 
550     h050    (0)    3 :  0.019 0.981 
551     h051    (0)    3 :  0.128 0.872 
552     h052    (0)    3 :  0.276 0.724 
553     h053    (0)    3 :  0.024 0.976 
554     h054    (0)    3 :  0.083 0.917 
555     h055    (0)    3 :  0.103 0.897 
556     h056    (0)    3 :  0.013 0.987 
557     h057    (0)    3 :  0.027 0.973 
558     h058    (0)    3 :  0.076 0.924 
559     h059    (0)    3 :  0.051 0.949 
560     h060    (0)    3 :  0.215 0.785 
561     h061    (0)    3 :  0.008 0.992 
562     h062    (0)    3 :  0.009 0.991 
563     h063    (0)    3 :  0.017 0.983 
564     h064    (0)    3 :  0.010 0.990 
565     h065    (0)    3 :  0.137 0.863 
566     h066    (0)    3 :  0.008 0.992 
567     h067    (0)    3 :  0.029 0.971 
568     h068    (0)    3 :  0.047 0.953 
569     h069    (0)    3 :  0.022 0.978 
570     h070    (0)    3 :  0.010 0.990 
571     h071    (0)    3 :  0.130 0.870 
572     h072    (0)    3 :  0.013 0.987 
573     h073    (0)    3 :  0.018 0.982 
574     h074    (0)    3 :  0.099 0.901 
575     h075    (0)    3 :  0.011 0.989 
576     h076    (0)    3 :  0.051 0.949 
577     h077    (0)    3 :  0.188 0.812 
578     h078    (0)    3 :  0.188 0.812 
579     h079    (0)    3 :  0.107 0.893 
580     h080    (0)    3 :  0.077 0.923 
581     h081    (0)    3 :  0.037 0.963 
582     h082    (0)    3 :  0.097 0.903 
583     h083    (0)    3 :  0.198 0.802 
584     h084    (0)    3 :  0.015 0.985 
585     h085    (0)    3 :  0.042 0.958 
586     h086    (0)    3 :  0.068 0.932 
587     h087    (0)    3 :  0.076 0.924 
588     h088    (0)    3 :  0.088 0.912 
589     h089    (0)    3 :  0.215 0.785 
590     h090    (0)    3 :  0.117 0.883 
591     h091    (0)    3 :  0.023 0.977 
592     h092    (0)    3 :  0.071 0.929 
593     h093    (0)    3 :  0.049 0.951 
594     h094    (0)    3 :  0.093 0.907 
595     h095    (0)    3 :  0.039 0.961 
596     h096    (0)    3 :  0.011 0.989 
597     h097    (0)    3 :  0.151 0.849 
598     h098    (0)    3 :  0.185 0.815 
599     h099    (0)    3 :  0.028 0.972 
600     h100    (0)    3 :  0.097 0.903 
601    h0011    (0)    4 :  0.246 0.754 
602    h0021    (0)    4 :  0.381 0.619 
603    h0031    (0)    4 :  0.085 0.915 
604    h0041    (0)    4 :  0.328 0.672 
605    h0051    (0)    4 :  0.124 0.876 
606    h0061    (0)    4 :  0.404 0.596 
607    h0071    (0)    4 :  0.019 0.981 
608    h0081    (0)    4 :  0.356 0.644 
609    h0091    (0)    4 :  0.075 0.925 
610    h0101    (0)    4 :  0.358 0.642 
611    h0111    (0)    4 :  0.287 0.713 
612    h0121    (0)    4 :  0.179 0.821 
613    h0131    (0)    4 :  0.189 0.811 
614    h0141    (0)    4 :  0.167 0.833 
615    h0151    (0)    4 :  0.241 0.759 
616    h0161    (0)    4 :  0.313 0.687 
617    h0171    (0)    4 :  0.153 0.847 
618    h0181    (0)    4 :  0.227 0.773 
619    h0191    (0)    4 :  0.194 0.806 
620    h0201    (0)    4 :  0.020 0.980 
621    h0211    (0)    4 :  0.302 0.698 
622    h0221    (0)    4 :  0.261 0.739 
623    h0231    (0)    4 :  0.022 0.978 
624    h0241    (0)    4 :  0.224 0.776 
625    h0251    (0)    4 :  0.251 0.749 
626    h0261    (0)    4 :  0.275 0.725 
627    h0271    (0)    4 :  0.071 0.929 
628    h0281    (0)    4 :  0.232 0.768 
629    h0291    (0)    4 :  0.196 0.804 
630    h0301    (0)    4 :  0.256 0.744 
631    h0311    (0)    4 :  0.211 0.789 
632    h0321    (0)    4 :  0.228 0.772 
633    h0331    (0)    4 :  0.261 0.739 
634    h0341    (0)    4 :  0.411 0.589 
635    h0351    (0)    4 :  0.306 0.694 
636    h0361    (0)    4 :  0.114 0.886 
637    h0371    (0)    4 :  0.271 0.729 
638    h0381    (0)    4 :  0.032 0.968 
639    h0391    (0)    4 :  0.535 0.465 
640    h0401    (0)    4 :  0.329 0.671 
641    h0411    (0)    4 :  0.184 0.816 
642    h0421    (0)    4 :  0.345 0.655 
643    h0431    (0)    4 :  0.479 0.521 
644    h0441    (0)    4 :  0.233 0.767 
645    h0451    (0)    4 :  0.274 0.726 
646    h0461    (0)    4 :  0.253 0.747 
647    h0471    (0)    4 :  0.147 0.853 
648    h0481    (0)    4 :  0.168 0.832 
649    h0491    (0)    4 :  0.341 0.659 
650    h0501    (0)    4 :  0.132 0.868 
651    h0511    (0)    4 :  0.197 0.803 
652    h0521    (0)    4 :  0.208 0.792 
653    h0531    (0)    4 :  0.027 0.973 
654    h0541    (0)    4 :  0.330 0.670 
655    h0551    (0)    4 :  0.325 0.675 
656    h0561    (0)    4 :  0.323 0.677 
657    h0571    (0)    4 :  0.181 0.819 
658    h0581    (0)    4 :  0.226 0.774 
659    h0591    (0)    4 :  0.045 0.955 
660    h0601    (0)    4 :  0.107 0.893 
661    h0611    (0)    4 :  0.231 0.769 
662    h0621    (0)    4 :  0.300 0.700 
663    h0631    (0)    4 :  0.121 0.879 
664    h0641    (0)    4 :  0.287 0.713 
665    h0651    (0)    4 :  0.018 0.982 
666    h0661    (0)    4 :  0.068 0.932 
667    h0671    (0)    4 :  0.105 0.895 
668    h0681    (0)    4 :  0.302 0.698 
669    h0691    (0)    4 :  0.118 0.882 
670    h0701    (0)    4 :  0.215 0.785 
671    h0711    (0)    4 :  0.400 0.600 
672    h0721    (0)    4 :  0.262 0.738 
673    h0731    (0)    4 :  0.084 0.916 
674    h0741    (0)    4 :  0.339 0.661 
675    h0751    (0)    4 :  0.130 0.870 
676    h0761    (0)    4 :  0.179 0.821 
677    h0771    (0)    4 :  0.030 0.970 
678    h0781    (0)    4 :  0.372 0.628 
679    h0791    (0)    4 :  0.290 0.710 
680    h0801    (0)    4 :  0.155 0.845 
681    h0811    (0)    4 :  0.022 0.978 
682    h0821    (0)    4 :  0.306 0.694 
683    h0831    (0)    4 :  0.367 0.633 
684    h0841    (0)    4 :  0.194 0.806 
685    h0851    (0)    4 :  0.087 0.913 
686    h0861    (0)    4 :  0.191 0.809 
687    h0871    (0)    4 :  0.385 0.615 
688    h0881    (0)    4 :  0.228 0.772 
689    h0891    (0)    4 :  0.254 0.746 
690    h0901    (0)    4 :  0.250 0.750 
691    h0911    (0)    4 :  0.072 0.928 
692    h0921    (0)    4 :  0.300 0.700 
693    h0931    (0)    4 :  0.293 0.707 
694    h0941    (0)    4 :  0.273 0.727 
695    h0951    (0)    4 :  0.157 0.843 
696    h0961    (0)    4 :  0.321 0.679 
697    h0971    (0)    4 :  0.103 0.897 
698    h0981    (0)    4 :  0.026 0.974 
699    h0991    (0)    4 :  0.062 0.938 
700    h1001    (0)    4 :  0.270 0.730 
701    h0012    (0)    5 :  0.562 0.438 
702    h0022    (0)    5 :  0.560 0.440 
703    h0032    (0)    5 :  0.385 0.615 
704    h0042    (0)    5 :  0.468 0.532 
705    h0052    (0)    5 :  0.487 0.513 
706    h0062    (0)    5 :  0.393 0.607 
707    h0072    (0)    5 :  0.426 0.574 
708    h0082    (0)    5 :  0.543 0.457 
709    h0092    (0)    5 :  0.616 0.384 
710    h0102    (0)    5 :  0.459 0.541 
711    h0112    (0)    5 :  0.512 0.488 
712    h0122    (0)    5 :  0.568 0.432 
713    h0132    (0)    5 :  0.510 0.490 
714    h0142    (0)    5 :  0.402 0.598 
715    h0152    (0)    5 :  0.507 0.493 
716    h0162    (0)    5 :  0.445 0.555 
717    h0172    (0)    5 :  0.607 0.393 
718    h0182    (0)    5 :  0.486 0.514 
719    h0192    (0)    5 :  0.450 0.550 
720    h0202    (0)    5 :  0.529 0.471 
721    h0212    (0)    5 :  0.588 0.412 
722    h0222    (0)    5 :  0.385 0.615 
723    h0232    (0)    5 :  0.529 0.471 
724    h0242    (0)    5 :  0.469 0.531 
725    h0252    (0)    5 :  0.462 0.538 
726    h0262    (0)    5 :  0.418 0.582 
727    h0272    (0)    5 :  0.553 0.447 
728    h0282    (0)    5 :  0.608 0.392 
729    h0292    (0)    5 :  0.584 0.416 
730    h0302    (0)    5 :  0.551 0.449 
731    h0312    (0)    5 :  0.489 0.511 
732    h0322    (0)    5 :  0.533 0.467 
733    h0332    (0)    5 :  0.559 0.441 
734    h0342    (0)    5 :  0.521 0.479 
735    h0352    (0)    5 :  0.658 0.342 
736    h0362    (0)    5 :  0.538 0.462 
737    h0372    (0)    5 :  0.458 0.542 
738    h0382    (0)    5 :  0.445 0.555 
739    h0392    (0)    5 :  0.519 0.481 
740    h0402    (0)    5 :  0.545 0.455 
741    h0412    (0)    5 :  0.525 0.475 
742    h0422    (0)    5 :  0.457 0.543 
743    h0432    (0)    5 :  0.432 0.568 
744    h0442    (0)    5 :  0.535 0.465 
745    h0452    (0)    5 :  0.463 0.537 
746    h0462    (0)    5 :  0.478 0.522 
747    h0472    (0)    5 :  0.601 0.399 
748    h0482    (0)    5 :  0.495 0.505 
749    h0492    (0)    5 :  0.495 0.505 
750    h0502    (0)    5 :  0.439 0.561 
751    h0512    (0)    5 :  0.401 0.599 
752    h0522    (0)    5 :  0.437 0.563 
753    h0532    (0)    5 :  0.471 0.529 
754    h0542    (0)    5 :  0.620 0.380 
755    h0552    (0)    5 :  0.609 0.391 
756    h0562    (0)    5 :  0.413 0.587 
757    h0572    (0)    5 :  0.398 0.602 
758    h0582    (0)    5 :  0.509 0.491 
759    h0592    (0)    5 :  0.520 0.480 
760    h0602    (0)    5 :  0.569 0.431 
761    h0612    (0)    5 :  0.553 0.447 
762    h0622    (0)    5 :  0.433 0.567 
763    h0632    (0)    5 :  0.618 0.382 
764    h0642    (0)    5 :  0.573 0.427 
765    h0652    (0)    5 :  0.488 0.512 
766    h0662    (0)    5 :  0.577 0.423 
767    h0672    (0)    5 :  0.461 0.539 
768    h0682    (0)    5 :  0.633 0.367 
769    h0692    (0)    5 :  0.539 0.461 
770    h0702    (0)    5 :  0.372 0.628 
771    h0712    (0)    5 :  0.579 0.421 
772    h0722    (0)    5 :  0.581 0.419 
773    h0732    (0)    5 :  0.449 0.551 
774    h0742    (0)    5 :  0.482 0.518 
775    h0752    (0)    5 :  0.631 0.369 
776    h0762    (0)    5 :  0.382 0.618 
777    h0772    (0)    5 :  0.425 0.575 
778    h0782    (0)    5 :  0.599 0.401 
779    h0792    (0)    5 :  0.512 0.488 
780    h0802    (0)    5 :  0.478 0.522 
781    h0812    (0)    5 :  0.371 0.629 
782    h0822    (0)    5 :  0.447 0.553 
783    h0832    (0)    5 :  0.387 0.613 
784    h0842    (0)    5 :  0.416 0.584 
785    h0852    (0)    5 :  0.478 0.522 
786    h0862    (0)    5 :  0.582 0.418 
787    h0872    (0)    5 :  0.430 0.570 
788    h0882    (0)    5 :  0.357 0.643 
789    h0892    (0)    5 :  0.552 0.448 
790    h0902    (0)    5 :  0.562 0.438 
791    h0912    (0)    5 :  0.595 0.405 
792    h0922    (0)    5 :  0.547 0.453 
793    h0932    (0)    5 :  0.422 0.578 
794    h0942    (0)    5 :  0.498 0.502 
795    h0952    (0)    5 :  0.470 0.530 
796    h0962    (0)    5 :  0.476 0.524 
797    h0972    (0)    5 :  0.659 0.341 
798    h0982    (0)    5 :  0.440 0.560 
799    h0992    (0)    5 :  0.334 0.666 
800    h1002    (0)    5 :  0.578 0.422 
801    h0013    (0)    6 :  0.558 0.442 
802    h0023    (0)    6 :  0.766 0.234 
803    h0033    (0)    6 :  0.838 0.162 
804    h0043    (0)    6 :  0.751 0.249 
805    h0053    (0)    6 :  0.788 0.212 
806    h0063    (0)    6 :  0.796 0.204 
807    h0073    (0)    6 :  0.729 0.271 
808    h0083    (0)    6 :  0.817 0.183 
809    h0093    (0)    6 :  0.626 0.374 
810    h0103    (0)    6 :  0.744 0.256 
811    h0113    (0)    6 :  0.928 0.072 
812    h0123    (0)    6 :  0.758 0.242 
813    h0133    (0)    6 :  0.714 0.286 
814    h0143    (0)    6 :  0.806 0.194 
815    h0153    (0)    6 :  0.786 0.214 
816    h0163    (0)    6 :  0.884 0.116 
817    h0173    (0)    6 :  0.683 0.317 
818    h0183    (0)    6 :  0.668 0.332 
819    h0193    (0)    6 :  0.832 0.168 
820    h0203    (0)    6 :  0.863 0.137 
821    h0213    (0)    6 :  0.715 0.285 
822    h0223    (0)    6 :  0.737 0.263 
823    h0233    (0)    6 :  0.813 0.187 
824    h0243    (0)    6 :  0.672 0.328 
825    h0253    (0)    6 :  0.603 0.397 
826    h0263    (0)    6 :  0.546 0.454 
827    h0273    (0)    6 :  0.769 0.231 
828    h0283    (0)    6 :  0.771 0.229 
829    h0293    (0)    6 :  0.737 0.263 
830    h0303    (0)    6 :  0.949 0.051 
831    h0313    (0)    6 :  0.776 0.224 
832    h0323    (0)    6 :  0.927 0.073 
833    h0333    (0)    6 :  0.809 0.191 
834    h0343    (0)    6 :  0.727 0.273 
835    h0353    (0)    6 :  0.849 0.151 
836    h0363    (0)    6 :  0.887 0.113 
837    h0373    (0)    6 :  0.637 0.363 
838    h0383    (0)    6 :  0.621 0.379 
839    h0393    (0)    6 :  0.808 0.192 
840    h0403    (0)    6 :  0.788 0.212 
841    h0413    (0)    6 :  0.804 0.196 
842    h0423    (0)    6 :  0.791 0.209 
843    h0433    (0)    6 :  0.749 0.251 
844    h0443    (0)    6 :  0.664 0.336 
845    h0453    (0)    6 :  0.509 0.491 
846    h0463    (0)    6 :  0.861 0.139 
847    h0473    (0)    6 :  0.703 0.297 
848    h0483    (0)    6 :  0.662 0.338 
849    h0493    (0)    6 :  0.731 0.269 
850    h0503    (0)    6 :  0.737 0.263 
851    h0513    (0)    6 :  0.834 0.166 
852    h0523    (0)    6 :  0.872 0.128 
853    h0533    (0)    6 :  0.793 0.207 
854    h0543    (0)    6 :  0.641 0.359 
855    h0553    (0)    6 :  0.841 0.159 
856    h0563    (0)    6 :  0.949 0.051 
857    h0573    (0)    6 :  0.807 0.193 
858    h0583    (0)    6 :  0.887 0.113 
859    h0593    (0)    6 :  0.723 0.277 
860    h0603    (0)    6 :  0.709 0.291 
861    h0613    (0)    6 :  0.809 0.191 
862    h0623    (0)    6 :  0.758 0.242 
863    h0633    (0)    6 :  0.770 0.230 
864    h0643    (0)    6 :  0.791 0.209 
865    h0653    (0)    6 :  0.829 0.171 
866    h0663    (0)    6 :  0.706 0.294 
867    h0673    (0)    6 :  0.756 0.244 
868    h0683    (0)    6 :  0.965 0.035 
869    h0693    (0)    6 :  0.758 0.242 
870    h0703    (0)    6 :  0.767 0.233 
871    h0713    (0)    6 :  0.807 0.193 
872    h0723    (0)    6 :  0.926 0.074 
873    h0733    (0)    6 :  0.723 0.277 
874    h0743    (0)    6 :  0.784 0.216 
875    h0753    (0)    6 :  0.826 0.174 
876    h0763    (0)    6 :  0.540 0.460 
877    h0773    (0)    6 :  0.819 0.181 
878    h0783    (0)    6 :  0.842 0.158 
879    h0793    (0)    6 :  0.666 0.334 
880    h0803    (0)    6 :  0.642 0.358 
881    h0813    (0)    6 :  0.778 0.222 
882    h0823    (0)    6 :  0.700 0.300 
883    h0833    (0)    6 :  0.943 0.057 
884    h0843    (0)    6 :  0.608 0.392 
885    h0853    (0)    6 :  0.664 0.336 
886    h0863    (0)    6 :  0.828 0.172 
887    h0873    (0)    6 :  0.830 0.170 
888    h0883    (0)    6 :  0.781 0.219 
889    h0893    (0)    6 :  0.876 0.124 
890    h0903    (0)    6 :  0.853 0.147 
891    h0913    (0)    6 :  0.776 0.224 
892    h0923    (0)    6 :  0.759 0.241 
893    h0933    (0)    6 :  0.732 0.268 
894    h0943    (0)    6 :  0.775 0.225 
895    h0953    (0)    6 :  0.914 0.086 
896    h0963    (0)    6 :  0.626 0.374 
897    h0973    (0)    6 :  0.742 0.258 
898    h0983    (0)    6 :  0.766 0.234 
899    h0993    (0)    6 :  0.723 0.277 
900    h1003    (0)    6 :  0.995 0.005 
901    h0014    (0)    7 :  0.803 0.197 
902    h0024    (0)    7 :  0.903 0.097 
903    h0034    (0)    7 :  0.879 0.121 
904    h0044    (0)    7 :  0.963 0.037 
905    h0054    (0)    7 :  0.942 0.058 
906    h0064    (0)    7 :  0.731 0.269 
907    h0074    (0)    7 :  0.950 0.050 
908    h0084    (0)    7 :  0.877 0.123 
909    h0094    (0)    7 :  0.758 0.242 
910    h0104    (0)    7 :  0.992 0.008 
911    h0114    (0)    7 :  0.891 0.109 
912    h0124    (0)    7 :  0.950 0.050 
913    h0134    (0)    7 :  0.790 0.210 
914    h0144    (0)    7 :  0.838 0.162 
915    h0154    (0)    7 :  0.931 0.069 
916    h0164    (0)    7 :  0.706 0.294 
917    h0174    (0)    7 :  0.857 0.143 
918    h0184    (0)    7 :  0.879 0.121 
919    h0194    (0)    7 :  0.703 0.297 
920    h0204    (0)    7 :  0.970 0.030 
921    h0214    (0)    7 :  0.994 0.006 
922    h0224    (0)    7 :  0.700 0.300 
923    h0234    (0)    7 :  0.856 0.144 
924    h0244    (0)    7 :  0.878 0.122 
925    h0254    (0)    7 :  0.808 0.192 
926    h0264    (0)    7 :  0.897 0.103 
927    h0274    (0)    7 :  0.886 0.114 
928    h0284    (0)    7 :  0.748 0.252 
929    h0294    (0)    7 :  0.958 0.042 
930    h0304    (0)    7 :  0.844 0.156 
931    h0314    (0)    7 :  0.945 0.055 
932    h0324    (0)    7 :  0.953 0.047 
933    h0334    (0)    7 :  0.867 0.133 
934    h0344    (0)    7 :  0.903 0.097 
935    h0354    (0)    7 :  0.960 0.040 
936    h0364    (0)    7 :  0.745 0.255 
937    h0374    (0)    7 :  0.944 0.056 
938    h0384    (0)    7 :  0.793 0.207 
939    h0394    (0)    7 :  0.831 0.169 
940    h0404    (0)    7 :  0.831 0.169 
941    h0414    (0)    7 :  0.962 0.038 
942    h0424    (0)    7 :  0.993 0.007 
943    h0434    (0)    7 :  0.749 0.251 
944    h0444    (0)    7 :  0.898 0.102 
945    h0454    (0)    7 :  0.828 0.172 
946    h0464    (0)    7 :  0.914 0.086 
947    h0474    (0)    7 :  0.896 0.104 
948    h0484    (0)    7 :  0.817 0.183 
949    h0494    (0)    7 :  0.993 0.007 
950    h0504    (0)    7 :  0.929 0.071 
951    h0514    (0)    7 :  0.832 0.168 
952    h0524    (0)    7 :  0.857 0.143 
953    h0534    (0)    7 :  0.624 0.376 
954    h0544    (0)    7 :  0.916 0.084 
955    h0554    (0)    7 :  0.942 0.058 
956    h0564    (0)    7 :  0.835 0.165 
957    h0574    (0)    7 :  0.788 0.212 
958    h0584    (0)    7 :  0.856 0.144 
959    h0594    (0)    7 :  0.775 0.225 
960    h0604    (0)    7 :  0.962 0.038 
961    h0614    (0)    7 :  0.933 0.067 
962    h0624    (0)    7 :  0.851 0.149 
963    h0634    (0)    7 :  0.992 0.008 
964    h0644    (0)    7 :  0.952 0.048 
965    h0654    (0)    7 :  0.923 0.077 
966    h0664    (0)    7 :  0.806 0.194 
967    h0674    (0)    7 :  0.989 0.011 
968    h0684    (0)    7 :  0.891 0.109 
969    h0694    (0)    7 :  0.858 0.142 
970    h0704    (0)    7 :  0.853 0.147 
971    h0714    (0)    7 :  0.776 0.224 
972    h0724    (0)    7 :  0.855 0.145 
973    h0734    (0)    7 :  0.802 0.198 
974    h0744    (0)    7 :  0.823 0.177 
975    h0754    (0)    7 :  0.940 0.060 
976    h0764    (0)    7 :  0.950 0.050 
977    h0774    (0)    7 :  0.847 0.153 
978    h0784    (0)    7 :  0.872 0.128 
979    h0794    (0)    7 :  0.691 0.309 
980    h0804    (0)    7 :  0.957 0.043 
981    h0814    (0)    7 :  0.906 0.094 
982    h0824    (0)    7 :  0.888 0.112 
983    h0834    (0)    7 :  0.903 0.097 
984    h0844    (0)    7 :  0.928 0.072 
985    h0854    (0)    7 :  0.879 0.121 
986    h0864    (0)    7 :  0.878 0.122 
987    h0874    (0)    7 :  0.781 0.219 
988    h0884    (0)    7 :  0.994 0.006 
989    h0894    (0)    7 :  0.895 0.105 
990    h0904    (0)    7 :  0.792 0.208 
991    h0914    (0)    7 :  0.959 0.041 
992    h0924    (0)    7 :  0.971 0.029 
993    h0934    (0)    7 :  0.750 0.250 
994    h0944    (0)    7 :  0.967 0.033 
995    h0954    (0)    7 :  0.939 0.061 
996    h0964    (0)    7 :  0.924 0.076 
997    h0974    (0)    7 :  0.954 0.046 
998    h0984    (0)    7 :  0.747 0.253 
999    h0994    (0)    7 :  0.957 0.043 
1000    h1004    (0)    7 :  0.924 0.076 
1001  CK.0PLA    (5)    8 :  0.989 0.011 
1002  CK.0PLC    (0)    8 :  0.987 0.013 
1003  CK.0PLE    (0)    8 :  0.994 0.006 
1004  CK.0PLF    (0)    8 :  0.970 0.030 
1005  CK.0PLH    (0)    8 :  0.993 0.007 
1006  CK.0PLJ    (0)    8 :  0.992 0.008 
1007  CK.0PLK    (0)    8 :  0.995 0.005 
1008  CK.0PLL    (0)    8 :  0.991 0.009 
1009  CK.0PLM    (0)    8 :  0.993 0.007 
1010  CK.0PLP    (0)    8 :  0.992 0.008 
1011  CK.0PLT    (0)    8 :  0.995 0.005 
1012  CK.0PLU    (0)    8 :  0.994 0.006 
1013  CK.0PLX    (0)    8 :  0.989 0.011 
1014  CK.0PLY    (5)    8 :  0.995 0.005 
1015  CK.0PM0    (0)    8 :  0.993 0.007 
1016  CK.0PM1    (0)    8 :  0.994 0.006 
1017  CK.0PM2    (0)    8 :  0.992 0.008 
1018  CK.0PM3    (0)    8 :  0.992 0.008 
1019  CK.0PM4    (0)    8 :  0.991 0.009 
1020  CK.0PM7    (0)    8 :  0.994 0.006 
1021  CK.0PM8    (0)    8 :  0.995 0.005 
1022  CK.0PMA    (0)    8 :  0.992 0.008 
1023    M2C06    (0)    8 :  0.994 0.006 
1024    M2C07    (0)    8 :  0.995 0.005 
1025    M2C08    (0)    8 :  0.995 0.005 
1026    M2C0A    (0)    8 :  0.994 0.006 
1027    M2C0C    (0)    8 :  0.994 0.006 
1028    M2C0E    (0)    8 :  0.994 0.006 
1029   h00111    (0)    9 :  0.992 0.008 
1030   h00211    (0)    9 :  0.994 0.006 
1031   h00311    (0)    9 :  0.995 0.005 
1032   h00411    (0)    9 :  0.985 0.015 
1033   h00511    (0)    9 :  0.994 0.006 
1034   h00611    (0)    9 :  0.994 0.006 
1035   h00711    (0)    9 :  0.994 0.006 
1036   h00811    (0)    9 :  0.994 0.006 
1037   h00911    (0)    9 :  0.992 0.008 
1038   h01011    (0)    9 :  0.994 0.006 
1039   h01111    (0)    9 :  0.993 0.007 
1040   h01211    (0)    9 :  0.989 0.011 
1041   h01311    (0)    9 :  0.988 0.012 
1042   h01411    (0)    9 :  0.993 0.007 
1043   h01511    (0)    9 :  0.995 0.005 
1044   h01611    (0)    9 :  0.991 0.009 
1045   h01711    (0)    9 :  0.994 0.006 
1046   h01811    (0)    9 :  0.995 0.005 
1047   h01911    (0)    9 :  0.992 0.008 
1048   h02011    (0)    9 :  0.994 0.006 
1049   h02111    (0)    9 :  0.993 0.007 
1050   h02211    (0)    9 :  0.994 0.006 
1051   h02311    (0)    9 :  0.995 0.005 
1052   h02411    (0)    9 :  0.976 0.024 
1053   h02511    (0)    9 :  0.993 0.007 
1054   h02611    (0)    9 :  0.994 0.006 
1055   h02711    (0)    9 :  0.993 0.007 
1056   h02811    (0)    9 :  0.996 0.004 
1057   h02911    (0)    9 :  0.994 0.006 
1058   h03011    (0)    9 :  0.994 0.006 
1059   h03111    (0)    9 :  0.995 0.005 
1060   h03211    (0)    9 :  0.990 0.010 
1061   h03311    (0)    9 :  0.989 0.011 
1062   h03411    (0)    9 :  0.992 0.008 
1063   h03511    (0)    9 :  0.985 0.015 
1064   h03611    (0)    9 :  0.995 0.005 
1065   h03711    (0)    9 :  0.995 0.005 
1066   h03811    (0)    9 :  0.995 0.005 
1067   h03911    (0)    9 :  0.995 0.005 
1068   h04011    (0)    9 :  0.995 0.005 
1069   h04111    (0)    9 :  0.993 0.007 
1070   h04211    (0)    9 :  0.993 0.007 
1071   h04311    (0)    9 :  0.995 0.005 
1072   h04411    (0)    9 :  0.994 0.006 
1073   h04511    (0)    9 :  0.993 0.007 
1074   h04611    (0)    9 :  0.995 0.005 
1075   h04711    (0)    9 :  0.976 0.024 
1076   h04811    (0)    9 :  0.992 0.008 
1077   h04911    (0)    9 :  0.988 0.012 
1078   h05011    (0)    9 :  0.993 0.007 
1079   h05111    (0)    9 :  0.994 0.006 
1080   h05211    (0)    9 :  0.994 0.006 
1081   h05311    (0)    9 :  0.989 0.011 
1082   h05411    (0)    9 :  0.994 0.006 
1083   h05511    (0)    9 :  0.993 0.007 
1084   h05611    (0)    9 :  0.991 0.009 
1085   h05711    (0)    9 :  0.995 0.005 
1086   h05811    (0)    9 :  0.993 0.007 
1087   h05911    (0)    9 :  0.992 0.008 
1088   h06011    (0)    9 :  0.994 0.006 
1089   h06111    (0)    9 :  0.995 0.005 
1090   h06211    (0)    9 :  0.995 0.005 
1091   h06311    (0)    9 :  0.995 0.005 
1092   h06411    (0)    9 :  0.990 0.010 
1093   h06511    (0)    9 :  0.991 0.009 
1094   h06611    (0)    9 :  0.995 0.005 
1095   h06711    (0)    9 :  0.995 0.005 
1096   h06811    (0)    9 :  0.994 0.006 
1097   h06911    (0)    9 :  0.995 0.005 
1098   h07011    (0)    9 :  0.989 0.011 
1099   h07111    (0)    9 :  0.991 0.009 
1100   h07211    (0)    9 :  0.991 0.009 
1101   h07311    (0)    9 :  0.992 0.008 
1102   h07411    (0)    9 :  0.990 0.010 
1103   h07511    (0)    9 :  0.994 0.006 
1104   h07611    (0)    9 :  0.991 0.009 
1105   h07711    (0)    9 :  0.991 0.009 
1106   h07811    (0)    9 :  0.993 0.007 
1107   h07911    (0)    9 :  0.991 0.009 
1108   h08011    (0)    9 :  0.992 0.008 
1109   h08111    (0)    9 :  0.993 0.007 
1110   h08211    (0)    9 :  0.994 0.006 
1111   h08311    (0)    9 :  0.992 0.008 
1112   h08411    (0)    9 :  0.988 0.012 
1113   h08511    (0)    9 :  0.994 0.006 
1114   h08611    (0)    9 :  0.993 0.007 
1115   h08711    (0)    9 :  0.993 0.007 
1116   h08811    (0)    9 :  0.993 0.007 
1117   h08911    (0)    9 :  0.995 0.005 
1118   h09011    (0)    9 :  0.990 0.010 
1119   h09111    (0)    9 :  0.995 0.005 
1120   h09211    (0)    9 :  0.990 0.010 
1121   h09311    (0)    9 :  0.995 0.005 
1122   h09411    (0)    9 :  0.989 0.011 
1123   h09511    (0)    9 :  0.995 0.005 
1124   h09611    (0)    9 :  0.994 0.006 
1125   h09711    (0)    9 :  0.993 0.007 
1126   h09811    (0)    9 :  0.993 0.007 
1127   h09911    (0)    9 :  0.991 0.009 
1128   h10011    (0)    9 :  0.987 0.013 
1129    h1011    (0)    9 :  0.990 0.010 
1130    h1021    (0)    9 :  0.994 0.006 
1131    h1031    (0)    9 :  0.995 0.005 
1132    h1041    (0)    9 :  0.992 0.008 
1133    h1051    (0)    9 :  0.994 0.006 
1134    h1061    (0)    9 :  0.993 0.007 
1135    h1071    (0)    9 :  0.994 0.006 
1136    h1081    (0)    9 :  0.994 0.006 
1137    h1091    (0)    9 :  0.993 0.007 
1138    h1101    (0)    9 :  0.995 0.005 
1139    h1111    (0)    9 :  0.986 0.014 
1140    h1121    (0)    9 :  0.995 0.005 
1141    h1131    (0)    9 :  0.992 0.008 
1142    h1141    (0)    9 :  0.995 0.005 
1143    h1151    (0)    9 :  0.994 0.006 
1144    h1161    (0)    9 :  0.994 0.006 
1145    h1171    (0)    9 :  0.992 0.008 
1146    h1181    (0)    9 :  0.994 0.006 
1147    h1191    (0)    9 :  0.994 0.006 
1148    h1201    (0)    9 :  0.993 0.007 
1149    h1211    (0)    9 :  0.994 0.006 
1150    h1221    (0)    9 :  0.991 0.009 
1151    h1231    (0)    9 :  0.993 0.007 
1152    h1241    (0)    9 :  0.991 0.009 
1153    h1251    (0)    9 :  0.994 0.006 
1154    h1261    (0)    9 :  0.991 0.009 
1155    h1271    (0)    9 :  0.995 0.005 
1156    h1281    (0)    9 :  0.995 0.005 
1157    h1291    (0)    9 :  0.990 0.010 
1158    h1301    (0)    9 :  0.992 0.008 
1159    h1311    (0)    9 :  0.994 0.006 
1160    h1321    (0)    9 :  0.993 0.007 
1161    h1331    (0)    9 :  0.994 0.006 
1162    h1341    (0)    9 :  0.995 0.005 
1163    h1351    (0)    9 :  0.994 0.006 
1164    h1361    (0)    9 :  0.992 0.008 
1165    h1371    (0)    9 :  0.988 0.012 
1166    h1381    (0)    9 :  0.989 0.011 
1167    h1391    (0)    9 :  0.994 0.006 
1168    h1401    (0)    9 :  0.990 0.010 
1169    h1411    (0)    9 :  0.993 0.007 
1170    h1421    (0)    9 :  0.995 0.005 
1171    h1431    (0)    9 :  0.994 0.006 
1172    h1441    (0)    9 :  0.994 0.006 
1173    h1451    (0)    9 :  0.995 0.005 
1174    h1461    (0)    9 :  0.994 0.006 
1175    h1471    (0)    9 :  0.994 0.006 
1176    h1481    (0)    9 :  0.993 0.007 
1177    h1491    (0)    9 :  0.993 0.007 
1178    h1501    (0)    9 :  0.990 0.010 
1179    h1511    (0)    9 :  0.993 0.007 
1180    h1521    (0)    9 :  0.993 0.007 
1181    h1531    (0)    9 :  0.994 0.006 
1182    h1541    (0)    9 :  0.992 0.008 
1183    h1551    (0)    9 :  0.993 0.007 
1184    h1561    (0)    9 :  0.993 0.007 
1185    h1571    (0)    9 :  0.989 0.011 
1186    h1581    (0)    9 :  0.994 0.006 
1187    h1591    (0)    9 :  0.994 0.006 
1188    h1601    (0)    9 :  0.995 0.005 
1189    h1611    (0)    9 :  0.990 0.010 
1190    h1621    (0)    9 :  0.993 0.007 
1191    h1631    (0)    9 :  0.994 0.006 
1192    h1641    (0)    9 :  0.994 0.006 
1193    h1651    (0)    9 :  0.995 0.005 
1194    h1661    (0)    9 :  0.993 0.007 
1195    h1671    (0)    9 :  0.994 0.006 
1196    h1681    (0)    9 :  0.993 0.007 
1197    h1691    (0)    9 :  0.990 0.010 
1198    h1701    (0)    9 :  0.993 0.007 
1199    h1711    (0)    9 :  0.994 0.006 
1200    h1721    (0)    9 :  0.982 0.018 
1201    h1731    (0)    9 :  0.993 0.007 
1202    h1741    (0)    9 :  0.992 0.008 
1203    h1751    (0)    9 :  0.991 0.009 
1204    h1761    (0)    9 :  0.992 0.008 
1205    h1771    (0)    9 :  0.993 0.007 
1206    h1781    (0)    9 :  0.982 0.018 
1207    h1791    (0)    9 :  0.991 0.009 
1208    h1801    (0)    9 :  0.994 0.006 
1209    h1811    (0)    9 :  0.993 0.007 
1210    h1821    (0)    9 :  0.994 0.006 
1211    h1831    (0)    9 :  0.993 0.007 
1212    h1841    (0)    9 :  0.992 0.008 
1213    h1851    (0)    9 :  0.993 0.007 
1214    h1861    (0)    9 :  0.993 0.007 
1215    h1871    (0)    9 :  0.993 0.007 
1216    h1881    (0)    9 :  0.990 0.010 
1217    h1891    (0)    9 :  0.991 0.009 
1218    h1901    (0)    9 :  0.994 0.006 
1219    h1911    (0)    9 :  0.995 0.005 
1220    h1921    (0)    9 :  0.994 0.006 
1221    h1931    (0)    9 :  0.996 0.004 
1222    h1941    (0)    9 :  0.990 0.010 
1223    h1951    (0)    9 :  0.995 0.005 
1224    h1961    (0)    9 :  0.994 0.006 
1225    h1971    (0)    9 :  0.995 0.005 
1226    h1981    (0)    9 :  0.993 0.007 
1227    h1991    (0)    9 :  0.990 0.010 
1228    h2001    (0)    9 :  0.995 0.005 
1229    h2011    (0)    9 :  0.992 0.008 
1230    h2021    (0)    9 :  0.994 0.006 
1231    h2031    (0)    9 :  0.994 0.006 
1232    h2041    (0)    9 :  0.993 0.007 
1233    h2051    (0)    9 :  0.990 0.010 
1234    h2061    (0)    9 :  0.995 0.005 
1235    h2071    (0)    9 :  0.993 0.007 
1236    h2081    (0)    9 :  0.989 0.011 
1237    h2091    (0)    9 :  0.995 0.005 
1238    h2101    (0)    9 :  0.991 0.009 
1239    h2111    (0)    9 :  0.994 0.006 
1240    h2121    (0)    9 :  0.995 0.005 
1241    h2131    (0)    9 :  0.991 0.009 
1242    h2141    (0)    9 :  0.991 0.009 
1243    h2151    (0)    9 :  0.995 0.005 
1244    h2161    (0)    9 :  0.995 0.005 
1245    h2171    (0)    9 :  0.991 0.009 
1246    h2181    (0)    9 :  0.995 0.005 
1247    h2191    (0)    9 :  0.993 0.007 
1248    h2201    (0)    9 :  0.994 0.006 
1249    h2211    (0)    9 :  0.994 0.006 
1250    h2221    (0)    9 :  0.993 0.007 
1251    h2231    (0)    9 :  0.995 0.005 
1252    h2241    (0)    9 :  0.994 0.006 
1253    h2251    (0)    9 :  0.991 0.009 
1254    h2261    (0)    9 :  0.992 0.008 
1255    h2271    (0)    9 :  0.995 0.005 
1256    h2281    (0)    9 :  0.994 0.006 
1257    h2291    (0)    9 :  0.994 0.006 
1258    h2301    (0)    9 :  0.994 0.006 
1259    h2311    (0)    9 :  0.994 0.006 
1260    h2321    (0)    9 :  0.992 0.008 
1261    h2331    (0)    9 :  0.991 0.009 
1262    h2341    (0)    9 :  0.993 0.007 
1263    h2351    (0)    9 :  0.987 0.013 
1264    h2361    (0)    9 :  0.994 0.006 
1265    h2371    (0)    9 :  0.993 0.007 
1266    h2381    (0)    9 :  0.995 0.005 
1267    h2391    (0)    9 :  0.995 0.005 
1268    h2401    (0)    9 :  0.986 0.014 
1269    h2411    (0)    9 :  0.991 0.009 
1270    h2421    (0)    9 :  0.985 0.015 
1271    h2431    (0)    9 :  0.990 0.010 
1272    h2441    (0)    9 :  0.993 0.007 
1273    h2451    (0)    9 :  0.995 0.005 
1274    h2461    (0)    9 :  0.993 0.007 
1275    h2471    (0)    9 :  0.992 0.008 
1276    h2481    (0)    9 :  0.993 0.007 
1277    h2491    (0)    9 :  0.994 0.006 
1278    h2501    (0)    9 :  0.994 0.006 
1279    h2511    (0)    9 :  0.992 0.008 
1280    h2521    (0)    9 :  0.993 0.007 
1281    h2531    (0)    9 :  0.990 0.010 
1282    h2541    (0)    9 :  0.985 0.015 
1283    h2551    (0)    9 :  0.993 0.007 
1284    h2561    (0)    9 :  0.990 0.010 
1285    h2571    (0)    9 :  0.988 0.012 
1286    h2581    (0)    9 :  0.993 0.007 
1287    h2591    (0)    9 :  0.994 0.006 
1288    h2601    (0)    9 :  0.987 0.013 
1289    h2611    (0)    9 :  0.995 0.005 
1290    h2621    (0)    9 :  0.995 0.005 
1291    h2631    (0)    9 :  0.994 0.006 
1292    h2641    (0)    9 :  0.994 0.006 
1293    h2651    (0)    9 :  0.995 0.005 
1294    h2661    (0)    9 :  0.993 0.007 
1295    h2671    (0)    9 :  0.995 0.005 
1296    h2681    (0)    9 :  0.995 0.005 
1297    h2691    (0)    9 :  0.992 0.008 
1298    h2701    (0)    9 :  0.994 0.006 
1299    h2711    (0)    9 :  0.993 0.007 
1300    h2721    (0)    9 :  0.993 0.007 
1301    h2731    (0)    9 :  0.993 0.007 
1302    h2741    (0)    9 :  0.993 0.007 
1303    h2751    (0)    9 :  0.986 0.014 
1304    h2761    (0)    9 :  0.994 0.006 
1305    h2771    (0)    9 :  0.994 0.006 
1306    h2781    (0)    9 :  0.993 0.007 
1307    h2791    (0)    9 :  0.991 0.009 
1308    h2801    (0)    9 :  0.991 0.009 
1309    h2811    (0)    9 :  0.992 0.008 
1310    h2821    (0)    9 :  0.992 0.008 
1311    h2831    (0)    9 :  0.993 0.007 
1312    h2841    (0)    9 :  0.995 0.005 
1313    h2851    (0)    9 :  0.994 0.006 
1314    h2861    (0)    9 :  0.994 0.006 
1315    h2871    (0)    9 :  0.994 0.006 
1316    h2881    (0)    9 :  0.991 0.009 
1317    h2891    (0)    9 :  0.995 0.005 
1318    h2901    (0)    9 :  0.995 0.005 
1319    h2911    (0)    9 :  0.995 0.005 
1320    h2921    (0)    9 :  0.994 0.006 
1321    h2931    (0)    9 :  0.994 0.006 
1322    h2941    (0)    9 :  0.991 0.009 
1323    h2951    (0)    9 :  0.989 0.011 
1324    h2961    (0)    9 :  0.993 0.007 
1325    h2971    (0)    9 :  0.991 0.009 
1326    h2981    (0)    9 :  0.993 0.007 
1327    h2991    (0)    9 :  0.995 0.005 
1328    h3001    (0)    9 :  0.995 0.005 
1329    h3011    (0)    9 :  0.991 0.009 
1330    h3021    (0)    9 :  0.992 0.008 
1331    h3031    (0)    9 :  0.992 0.008 
1332    h3041    (0)    9 :  0.995 0.005 
1333    h3051    (0)    9 :  0.995 0.005 
1334    h3061    (0)    9 :  0.993 0.007 
1335    h3071    (0)    9 :  0.992 0.008 
1336    h3081    (0)    9 :  0.995 0.005 
1337    h3091    (0)    9 :  0.993 0.007 
1338    h3101    (0)    9 :  0.994 0.006 
1339    h3111    (0)    9 :  0.988 0.012 
1340    h3121    (0)    9 :  0.991 0.009 
1341    h3131    (0)    9 :  0.992 0.008 
1342    h3141    (0)    9 :  0.993 0.007 
1343    h3151    (0)    9 :  0.992 0.008 
1344    h3161    (0)    9 :  0.989 0.011 
1345    h3171    (0)    9 :  0.995 0.005 
1346    h3181    (0)    9 :  0.991 0.009 
1347    h3191    (0)    9 :  0.993 0.007 
1348    h3201    (0)    9 :  0.990 0.010 
1349    h3211    (0)    9 :  0.994 0.006 
1350    h3221    (0)    9 :  0.995 0.005 
1351    h3231    (0)    9 :  0.990 0.010 
1352    h3241    (0)    9 :  0.995 0.005 
1353    h3251    (0)    9 :  0.993 0.007 
1354    h3261    (0)    9 :  0.982 0.018 
1355    h3271    (0)    9 :  0.995 0.005 
1356    h3281    (0)    9 :  0.995 0.005 
1357    h3291    (0)    9 :  0.995 0.005 
1358    h3301    (0)    9 :  0.993 0.007 
1359    h3311    (0)    9 :  0.992 0.008 
1360    h3321    (0)    9 :  0.990 0.010 
1361    h3331    (0)    9 :  0.994 0.006 
1362    h3341    (0)    9 :  0.993 0.007 
1363    h3351    (0)    9 :  0.993 0.007 
1364    h3361    (0)    9 :  0.992 0.008 
1365    h3371    (0)    9 :  0.994 0.006 
1366    h3381    (0)    9 :  0.994 0.006 
1367    h3391    (0)    9 :  0.990 0.010 
1368    h3401    (0)    9 :  0.991 0.009 
1369    h3411    (0)    9 :  0.994 0.006 
1370    h3421    (0)    9 :  0.994 0.006 
1371    h3431    (0)    9 :  0.990 0.010 
1372    h3441    (0)    9 :  0.993 0.007 
1373    h3451    (0)    9 :  0.993 0.007 
1374    h3461    (0)    9 :  0.995 0.005 
1375    h3471    (0)    9 :  0.994 0.006 
1376    h3481    (0)    9 :  0.994 0.006 
1377    h3491    (0)    9 :  0.994 0.006 
1378    h3501    (0)    9 :  0.994 0.006 
1379    h3511    (0)    9 :  0.994 0.006 
1380    h3521    (0)    9 :  0.994 0.006 
1381    h3531    (0)    9 :  0.993 0.007 
1382    h3541    (0)    9 :  0.995 0.005 
1383    h3551    (0)    9 :  0.994 0.006 
1384    h3561    (0)    9 :  0.994 0.006 
1385    h3571    (0)    9 :  0.994 0.006 
1386    h3581    (0)    9 :  0.994 0.006 
1387    h3591    (0)    9 :  0.995 0.005 
1388    h3601    (0)    9 :  0.994 0.006 
1389    h3611    (0)    9 :  0.992 0.008 
1390    h3621    (0)    9 :  0.993 0.007 
1391    h3631    (0)    9 :  0.976 0.024 
1392    h3641    (0)    9 :  0.988 0.012 
1393    h3651    (0)    9 :  0.993 0.007 
1394    h3661    (0)    9 :  0.996 0.004 
1395    h3671    (0)    9 :  0.994 0.006 
1396    h3681    (0)    9 :  0.990 0.010 
1397    h3691    (0)    9 :  0.994 0.006 
1398    h3701    (0)    9 :  0.991 0.009 
1399    h3711    (0)    9 :  0.993 0.007 
1400    h3721    (0)    9 :  0.993 0.007 
1401    h3731    (0)    9 :  0.995 0.005 
1402    h3741    (0)    9 :  0.994 0.006 
1403    h3751    (0)    9 :  0.993 0.007 
1404    h3761    (0)    9 :  0.985 0.015 
1405    h3771    (0)    9 :  0.994 0.006 
1406    h3781    (0)    9 :  0.991 0.009 
1407    h3791    (0)    9 :  0.993 0.007 
1408    h3801    (0)    9 :  0.993 0.007 
1409    h3811    (0)    9 :  0.994 0.006 
1410    h3821    (0)    9 :  0.991 0.009 
1411    h3831    (0)    9 :  0.993 0.007 
1412    h3841    (0)    9 :  0.992 0.008 
1413    h3851    (0)    9 :  0.995 0.005 
1414    h3861    (0)    9 :  0.993 0.007 
1415    h3871    (0)    9 :  0.995 0.005 
1416    h3881    (0)    9 :  0.994 0.006 
1417    h3891    (0)    9 :  0.992 0.008 
1418    h3901    (0)    9 :  0.995 0.005 
1419    h3911    (0)    9 :  0.988 0.012 
1420    h3921    (0)    9 :  0.994 0.006 
1421    h3931    (0)    9 :  0.990 0.010 
1422    h3941    (0)    9 :  0.994 0.006 
1423    h3951    (0)    9 :  0.992 0.008 
1424    h3961    (0)    9 :  0.994 0.006 
1425    h3971    (0)    9 :  0.982 0.018 
1426    h3981    (0)    9 :  0.989 0.011 
1427    h3991    (0)    9 :  0.994 0.006 
1428    h4001    (0)    9 :  0.995 0.005 
1429     h401    (0)    9 :  0.994 0.006 
1430     h402    (0)    9 :  0.993 0.007 
1431     h403    (0)    9 :  0.994 0.006 
1432     h404    (0)    9 :  0.992 0.008 
1433     h405    (0)    9 :  0.989 0.011 
1434     h406    (0)    9 :  0.989 0.011 
1435     h407    (0)    9 :  0.992 0.008 
1436     h408    (0)    9 :  0.995 0.005 
1437     h409    (0)    9 :  0.994 0.006 
1438     h410    (0)    9 :  0.988 0.012 
1439     h411    (0)    9 :  0.993 0.007 
1440     h412    (0)    9 :  0.993 0.007 
1441     h413    (0)    9 :  0.993 0.007 
1442     h414    (0)    9 :  0.994 0.006 
1443     h415    (0)    9 :  0.994 0.006 
1444     h416    (0)    9 :  0.990 0.010 
1445     h417    (0)    9 :  0.995 0.005 
1446     h418    (0)    9 :  0.992 0.008 
1447     h419    (0)    9 :  0.994 0.006 
1448     h420    (0)    9 :  0.994 0.006 
1449     h421    (0)    9 :  0.994 0.006 
1450     h422    (0)    9 :  0.995 0.005 
1451     h423    (0)    9 :  0.993 0.007 
1452     h424    (0)    9 :  0.995 0.005 
1453     h425    (0)    9 :  0.991 0.009 
1454     h426    (0)    9 :  0.993 0.007 
1455     h427    (0)    9 :  0.992 0.008 
1456     h428    (0)    9 :  0.989 0.011 
1457     h429    (0)    9 :  0.994 0.006 
1458     h430    (0)    9 :  0.993 0.007 
1459     h431    (0)    9 :  0.993 0.007 
1460     h432    (0)    9 :  0.995 0.005 
1461     h433    (0)    9 :  0.992 0.008 
1462     h434    (0)    9 :  0.991 0.009 
1463     h435    (0)    9 :  0.994 0.006 
1464     h436    (0)    9 :  0.991 0.009 
1465     h437    (0)    9 :  0.993 0.007 
1466     h438    (0)    9 :  0.995 0.005 
1467     h439    (0)    9 :  0.993 0.007 
1468     h440    (0)    9 :  0.989 0.011 
1469     h441    (0)    9 :  0.994 0.006 
1470     h442    (0)    9 :  0.994 0.006 
1471     h443    (0)    9 :  0.995 0.005 
1472     h444    (0)    9 :  0.995 0.005 
1473     h445    (0)    9 :  0.994 0.006 
1474     h446    (0)    9 :  0.984 0.016 
1475     h447    (0)    9 :  0.988 0.012 
1476     h448    (0)    9 :  0.995 0.005 
1477     h449    (0)    9 :  0.991 0.009 
1478     h450    (0)    9 :  0.992 0.008 
1479     h451    (0)    9 :  0.994 0.006 
1480     h452    (0)    9 :  0.991 0.009 
1481     h453    (0)    9 :  0.995 0.005 
1482     h454    (0)    9 :  0.990 0.010 
1483     h455    (0)    9 :  0.994 0.006 
1484     h456    (0)    9 :  0.996 0.004 
1485     h457    (0)    9 :  0.994 0.006 
1486     h458    (0)    9 :  0.995 0.005 
1487     h459    (0)    9 :  0.992 0.008 
1488     h460    (0)    9 :  0.995 0.005 
1489     h461    (0)    9 :  0.994 0.006 
1490     h462    (0)    9 :  0.995 0.005 
1491     h463    (0)    9 :  0.994 0.006 
1492     h464    (0)    9 :  0.994 0.006 
1493     h465    (0)    9 :  0.987 0.013 
1494     h466    (0)    9 :  0.992 0.008 
1495     h467    (0)    9 :  0.991 0.009 
1496     h468    (0)    9 :  0.995 0.005 
1497     h469    (0)    9 :  0.990 0.010 
1498     h470    (0)    9 :  0.986 0.014 
1499     h471    (0)    9 :  0.994 0.006 
1500     h472    (0)    9 :  0.994 0.006 


Estimated Allele Frequencies in each cluster
First column gives estimated ancestral frequencies


Locus 1 : Cl147 
16 alleles
0.0% missing data
  45   (0.116) 0.000 0.158 
  69   (0.093) 0.239 0.086 
  73   (0.146) 0.064 0.165 
  77   (0.107) 0.057 0.110 
  56   (0.054) 0.000 0.059 
  65   (0.041) 0.502 0.021 
  41   (0.138) 0.035 0.157 
  52   (0.090) 0.000 0.119 
  48   (0.045) 0.020 0.027 
  81   (0.029) 0.053 0.010 
  49   (0.045) 0.000 0.046 
  60   (0.034) 0.000 0.026 
  84   (0.019) 0.000 0.008 
  89   (0.014) 0.000 0.004 
  61   (0.016) 0.000 0.005 
  40   (0.011) 0.030 0.001 

Locus 2 : Cl233 
32 alleles
0.0% missing data
  63   (0.138) 0.242 0.186 
  85   (0.047) 0.000 0.062 
  73   (0.032) 0.000 0.033 
  79   (0.040) 0.000 0.047 
  71   (0.092) 0.001 0.146 
  77   (0.030) 0.000 0.028 
  75   (0.039) 0.000 0.045 
  67   (0.064) 0.000 0.096 
  55   (0.050) 0.451 0.039 
  59   (0.035) 0.000 0.035 
  81   (0.061) 0.000 0.090 
  83   (0.029) 0.000 0.026 
  93   (0.017) 0.000 0.008 
 101   (0.014) 0.000 0.004 
  69   (0.019) 0.000 0.010 
  51   (0.032) 0.000 0.031 
 100   (0.022) 0.000 0.015 
  92   (0.012) 0.000 0.003 
1121   (0.018) 0.000 0.008 
1001   (0.015) 0.000 0.006 
  89   (0.029) 0.000 0.026 
 711   (0.013) 0.000 0.004 
 116   (0.017) 0.000 0.008 
  80   (0.013) 0.000 0.004 
  43   (0.017) 0.000 0.008 
  84   (0.015) 0.000 0.005 
  88   (0.020) 0.000 0.013 
 104   (0.016) 0.000 0.006 
  97   (0.015) 0.000 0.006 
  74   (0.011) 0.155 0.001 
  78   (0.011) 0.056 0.001 
  70   (0.016) 0.094 0.002 

Locus 3 : Cl264 
26 alleles
0.0% missing data
  65   (0.092) 0.288 0.101 
 651   (0.134) 0.016 0.187 
 691   (0.090) 0.000 0.143 
  57   (0.013) 0.000 0.004 
  61   (0.017) 0.000 0.008 
 731   (0.055) 0.000 0.072 
 811   (0.032) 0.000 0.031 
 611   (0.038) 0.000 0.040 
  69   (0.106) 0.168 0.126 
  77   (0.043) 0.221 0.028 
  49   (0.040) 0.000 0.045 
  45   (0.015) 0.000 0.006 
 491   (0.017) 0.000 0.008 
 571   (0.017) 0.000 0.008 
 771   (0.047) 0.000 0.059 
  89   (0.031) 0.000 0.028 
 652   (0.024) 0.017 0.007 
  53   (0.022) 0.000 0.014 
  73   (0.050) 0.211 0.036 
  80   (0.021) 0.000 0.012 
 531   (0.019) 0.000 0.010 
 693   (0.016) 0.000 0.005 
  93   (0.016) 0.000 0.006 
  85   (0.022) 0.000 0.014 
  81   (0.012) 0.061 0.001 
 812   (0.010) 0.016 0.000 

Locus 4 : Cl274 
7 alleles
0.0% missing data
  61   (0.441) 0.455 0.483 
  57   (0.162) 0.458 0.150 
  65   (0.152) 0.023 0.151 
  53   (0.088) 0.064 0.069 
  69   (0.072) 0.000 0.075 
  73   (0.043) 0.000 0.035 
  49   (0.043) 0.000 0.035 

Locus 5 : Cl285 
24 alleles
0.0% missing data
  75   (0.109) 0.115 0.128 
  71   (0.129) 0.210 0.160 
 631   (0.036) 0.000 0.038 
  67   (0.116) 0.509 0.135 
  63   (0.098) 0.030 0.113 
  79   (0.055) 0.000 0.073 
 792   (0.045) 0.000 0.048 
 671   (0.047) 0.000 0.057 
 831   (0.035) 0.000 0.035 
 752   (0.056) 0.000 0.072 
  55   (0.021) 0.089 0.004 
1401   (0.015) 0.000 0.005 
  59   (0.039) 0.047 0.023 
 712   (0.038) 0.000 0.040 
 833   (0.021) 0.000 0.012 
1322   (0.011) 0.000 0.002 
 136   (0.024) 0.000 0.017 
 164   (0.017) 0.000 0.007 
 872   (0.012) 0.000 0.002 
1282   (0.012) 0.000 0.002 
 148   (0.015) 0.000 0.005 
 144   (0.020) 0.000 0.011 
 119   (0.014) 0.000 0.004 
1402   (0.015) 0.000 0.005 

Locus 6 : Cl291 
19 alleles
0.0% missing data
 641   (0.059) 0.001 0.064 
  72   (0.109) 0.249 0.112 
 682   (0.060) 0.002 0.056 
 801   (0.044) 0.000 0.046 
 681   (0.132) 0.000 0.197 
  76   (0.115) 0.182 0.121 
 722   (0.093) 0.000 0.125 
 601   (0.018) 0.000 0.008 
  80   (0.063) 0.017 0.052 
 761   (0.020) 0.000 0.009 
 762   (0.078) 0.057 0.072 
 721   (0.054) 0.000 0.056 
  84   (0.043) 0.000 0.044 
  64   (0.023) 0.000 0.014 
  68   (0.026) 0.223 0.008 
 843   (0.014) 0.000 0.004 
 881   (0.020) 0.000 0.009 
 841   (0.019) 0.252 0.003 
  88   (0.010) 0.016 0.000 

Locus 7 : Cl308 
48 alleles
0.0% missing data
  72   (0.078) 0.035 0.142 
  64   (0.044) 0.420 0.047 
  68   (0.070) 0.531 0.105 
 103   (0.020) 0.000 0.018 
  80   (0.028) 0.000 0.040 
  76   (0.049) 0.000 0.104 
1151   (0.018) 0.000 0.013 
 123   (0.022) 0.000 0.022 
 115   (0.028) 0.000 0.037 
  83   (0.021) 0.000 0.020 
1231   (0.019) 0.000 0.015 
1192   (0.015) 0.000 0.009 
 131   (0.024) 0.000 0.024 
1191   (0.015) 0.000 0.008 
 752   (0.019) 0.000 0.017 
 143   (0.016) 0.000 0.009 
  79   (0.031) 0.000 0.048 
 119   (0.021) 0.000 0.020 
1431   (0.027) 0.000 0.036 
1112   (0.029) 0.000 0.042 
1193   (0.018) 0.000 0.014 
1591   (0.013) 0.000 0.006 
1232   (0.008) 0.000 0.001 
 139   (0.016) 0.000 0.011 
1111   (0.016) 0.000 0.010 
 127   (0.012) 0.000 0.004 
1391   (0.019) 0.000 0.015 
 121   (0.012) 0.000 0.004 
1313   (0.011) 0.000 0.003 
1113   (0.011) 0.000 0.004 
  87   (0.030) 0.000 0.043 
1031   (0.012) 0.000 0.003 
 155   (0.022) 0.001 0.015 
1312   (0.014) 0.000 0.006 
1272   (0.012) 0.000 0.004 
 151   (0.012) 0.000 0.004 
1351   (0.014) 0.000 0.007 
 135   (0.013) 0.000 0.005 
1432   (0.012) 0.000 0.004 
1152   (0.015) 0.000 0.009 
1271   (0.017) 0.000 0.013 
1311   (0.014) 0.000 0.006 
1472   (0.011) 0.000 0.004 
 137   (0.013) 0.000 0.006 
  88   (0.013) 0.000 0.006 
  60   (0.018) 0.011 0.005 
 712   (0.015) 0.000 0.009 
1071   (0.012) 0.000 0.004 

Locus 8 : Cl330 
23 alleles
0.1% missing data
  52   (0.227) 0.248 0.321 
 601   (0.103) 0.129 0.118 
  40   (0.083) 0.013 0.093 
  72   (0.029) 0.000 0.025 
  56   (0.119) 0.018 0.152 
 481   (0.050) 0.063 0.037 
  61   (0.039) 0.000 0.041 
  80   (0.012) 0.000 0.002 
 681   (0.024) 0.000 0.016 
  64   (0.070) 0.377 0.063 
  57   (0.020) 0.000 0.009 
  75   (0.024) 0.000 0.015 
  71   (0.021) 0.000 0.012 
  28   (0.025) 0.000 0.017 
  65   (0.022) 0.000 0.014 
 441   (0.028) 0.000 0.022 
  36   (0.033) 0.000 0.030 
  79   (0.014) 0.000 0.004 
  73   (0.013) 0.000 0.004 
 602   (0.012) 0.000 0.003 
  68   (0.013) 0.107 0.001 
  83   (0.010) 0.017 0.000 
 641   (0.009) 0.027 0.000 

Locus 9 : Cl344 
13 alleles
0.4% missing data
  56   (0.318) 0.001 0.442 
  60   (0.232) 0.351 0.250 
  48   (0.018) 0.000 0.006 
  76   (0.035) 0.117 0.014 
  64   (0.127) 0.385 0.117 
  72   (0.087) 0.022 0.075 
 761   (0.018) 0.000 0.006 
 641   (0.027) 0.000 0.017 
  68   (0.057) 0.124 0.035 
 601   (0.032) 0.000 0.023 
  52   (0.016) 0.000 0.004 
 681   (0.017) 0.000 0.006 
 721   (0.015) 0.000 0.004 

Locus 10 : Cl366 
7 alleles
0.1% missing data
  80   (0.329) 0.516 0.328 
  92   (0.060) 0.002 0.045 
  76   (0.248) 0.482 0.238 
  88   (0.105) 0.000 0.111 
  84   (0.116) 0.000 0.130 
  72   (0.127) 0.000 0.145 
  64   (0.015) 0.000 0.004 

Locus 11 : Cl375 
14 alleles
0.0% missing data
 491   (0.108) 0.020 0.107 
  53   (0.206) 0.002 0.274 
 612   (0.034) 0.000 0.027 
  57   (0.237) 0.451 0.265 
  45   (0.039) 0.000 0.033 
  61   (0.161) 0.393 0.166 
 651   (0.033) 0.000 0.025 
  69   (0.036) 0.000 0.029 
 571   (0.042) 0.000 0.038 
  65   (0.043) 0.017 0.023 
  37   (0.015) 0.000 0.004 
 691   (0.018) 0.000 0.007 
 531   (0.017) 0.060 0.002 
  49   (0.010) 0.057 0.000 

Locus 12 : Cl408 
11 alleles
0.0% missing data
  62   (0.277) 0.064 0.308 
  74   (0.061) 0.000 0.061 
  50   (0.038) 0.415 0.015 
  58   (0.127) 0.490 0.111 
  66   (0.179) 0.000 0.227 
  70   (0.069) 0.000 0.074 
  54   (0.155) 0.029 0.157 
  78   (0.019) 0.000 0.007 
  79   (0.018) 0.000 0.006 
  75   (0.040) 0.000 0.029 
  82   (0.015) 0.000 0.004 

Locus 13 : Cl507 
21 alleles
0.0% missing data
  70   (0.071) 0.017 0.066 
  94   (0.034) 0.000 0.031 
  74   (0.072) 0.013 0.069 
  54   (0.046) 0.035 0.030 
  82   (0.141) 0.000 0.223 
  90   (0.041) 0.000 0.043 
  86   (0.072) 0.000 0.096 
 701   (0.020) 0.000 0.010 
  78   (0.059) 0.000 0.075 
  62   (0.086) 0.538 0.080 
 741   (0.048) 0.000 0.052 
  66   (0.106) 0.086 0.116 
 661   (0.026) 0.000 0.018 
  58   (0.038) 0.016 0.020 
  98   (0.024) 0.000 0.015 
 781   (0.025) 0.000 0.016 
 141   (0.023) 0.000 0.013 
 102   (0.022) 0.000 0.013 
 106   (0.020) 0.000 0.010 
 501   (0.012) 0.079 0.001 
 622   (0.016) 0.216 0.002 

Locus 14 : Cl527 
26 alleles
0.0% missing data
  62   (0.087) 0.000 0.118 
 622   (0.011) 0.000 0.002 
 461   (0.019) 0.000 0.009 
  82   (0.014) 0.000 0.004 
 661   (0.099) 0.000 0.140 
  70   (0.056) 0.000 0.066 
 581   (0.050) 0.001 0.048 
 701   (0.062) 0.000 0.076 
 501   (0.030) 0.000 0.023 
  66   (0.085) 0.001 0.108 
 741   (0.035) 0.000 0.031 
  58   (0.087) 0.000 0.114 
 541   (0.061) 0.000 0.074 
  74   (0.018) 0.000 0.007 
 621   (0.073) 0.000 0.095 
  78   (0.020) 0.000 0.010 
 781   (0.019) 0.000 0.009 
 462   (0.021) 0.000 0.010 
  67   (0.026) 0.000 0.018 
  54   (0.023) 0.409 0.005 
  50   (0.042) 0.059 0.024 
  63   (0.016) 0.000 0.006 
 582   (0.012) 0.414 0.001 
  46   (0.011) 0.058 0.001 
  53   (0.010) 0.029 0.000 
 623   (0.010) 0.029 0.000 

Locus 15 : Cl380 
19 alleles
0.6% missing data
 671   (0.091) 0.000 0.122 
 672   (0.106) 0.019 0.112 
 751   (0.035) 0.000 0.030 
  71   (0.078) 0.428 0.065 
  79   (0.209) 0.361 0.245 
  75   (0.103) 0.001 0.133 
 711   (0.103) 0.000 0.135 
  67   (0.026) 0.000 0.013 
 791   (0.021) 0.000 0.011 
 591   (0.025) 0.000 0.015 
 552   (0.040) 0.000 0.037 
 792   (0.021) 0.000 0.011 
 593   (0.029) 0.000 0.020 
  59   (0.029) 0.000 0.020 
 631   (0.015) 0.000 0.004 
 833   (0.020) 0.000 0.010 
 712   (0.018) 0.000 0.007 
  63   (0.017) 0.000 0.006 
 551   (0.014) 0.190 0.001 

Locus 16 : Lup02 
6 alleles
0.1% missing data
  56   (0.500) 0.560 0.544 
  60   (0.176) 0.055 0.175 
  52   (0.115) 0.014 0.104 
  48   (0.169) 0.052 0.166 
 561   (0.021) 0.000 0.008 
  64   (0.018) 0.320 0.003 

Locus 17 : Lup13 
4 alleles
0.0% missing data
  57   (0.254) 0.518 0.239 
  61   (0.414) 0.081 0.438 
  65   (0.112) 0.000 0.120 
  53   (0.220) 0.401 0.204 

Locus 18 : Lup20 
8 alleles
0.5% missing data
  56   (0.565) 0.356 0.642 
 601   (0.088) 0.000 0.097 
  60   (0.150) 0.490 0.136 
  68   (0.048) 0.003 0.030 
  64   (0.090) 0.150 0.070 
  72   (0.022) 0.000 0.010 
 681   (0.013) 0.000 0.002 
 641   (0.024) 0.000 0.012 

Locus 19 : Lup21 
10 alleles
0.0% missing data
  41   (0.356) 0.159 0.396 
  57   (0.254) 0.016 0.288 
  53   (0.142) 0.437 0.128 
  37   (0.028) 0.000 0.016 
  45   (0.123) 0.000 0.148 
 531   (0.015) 0.000 0.004 
 611   (0.033) 0.133 0.011 
 491   (0.015) 0.000 0.004 
  49   (0.012) 0.178 0.001 
  61   (0.021) 0.077 0.003 

Locus 20 : Lup23 
4 alleles
0.0% missing data
  59   (0.209) 0.016 0.206 
  63   (0.740) 0.494 0.771 
  67   (0.038) 0.000 0.023 
  55   (0.013) 0.489 0.001 

Values of parameters used in structure:
DATAFILE=/home/eva.pavlovic/data_job_4b2_9_5,	OUTFILE=/home/eva.pavlovic/ParallelStructure/26_results_20MS/4b2_Italy_high_numbers/4b2_Italy_high_numbers_9/results_job_4b2_9_5,	NUMINDS=1500,	NUMLOCI=20,	MISSING=-9,	LABEL=1,	POPDATA=1,	POPFLAG=0,	PHENOTYPE=0,	EXTRACOLS=0,	MAXPOPS=2,	BURNIN=300000,	NUMREPS=3000000,	USEPOPINFO=0,	INFERALPHA=1,	INFERLAMBDA=0,	POPSPECIFICLAMBDA=0,	POPALPHAS=0,	COMPUTEPROB=1,	NOADMIX=0,	ADMBURNIN=2500,	UPDATEFREQ=1,	PRINTLIKES=0,	INTERMEDSAVE=0,	PRINTKLD=0,	PRINTNET=0,	PRINTLAMBDA=0,	ANCESTDIST=0,	NUMBOXES=1000,	ANCESTPINT=0.90000,	GENSBACK=2,	MIGRPRIOR=0.05000,	PRINTQHAT=1,	PRINTQSUM=0,	ALPHA=1.0000,	FREQSCORR=1,	FPRIORMEAN=0.0100,	FPRIORSD=0.0500,	ONEFST=0,	LAMBDA=1.0000,	UNIFPRIORALPHA=1,	ALPHAMAX=10.0000,	ALPHAPRIORA=1.0000,	ALPHAPRIORB=2.0000,	ALPHAPROPSD=0.0250,	STARTATPOPINFO=0,	RANDOMIZE=1,	LINKAGE=0,	METROFREQ=10,	REPORTHITRATE=0,	MARKOVPHASE=-1,	PHASED=0,	PLOIDY=2,	PHASEINFO=0	LOCPRIOR=0, 	LOCPRIORINIT=1.000000, 	LOCDATA=0, 	LOCISPOP=0, 	LOCPRIORSTEP=0.100000, 	MAXLOCPRIOR=20.000000, 	SEED=1772741255,	
[STRAT parameters]:    NUMSIMSTATS=1000,	PHENOTYPECOL=-9,	POOLFREQ=10,	LOCUSxONLY=0,	EMERROR=0.00100,	MISSINGPHENO=-9,	