1 1 (5) 1 : 0.030 0.970
2 2 (5) 1 : 0.043 0.957
3 3 (5) 1 : 0.020 0.980
4 4 (0) 1 : 0.029 0.971
5 5 (0) 1 : 0.059 0.941
6 6 (0) 1 : 0.023 0.977
7 7 (0) 1 : 0.048 0.952
8 8 (5) 1 : 0.025 0.975
9 9 (0) 1 : 0.021 0.979
10 10 (0) 1 : 0.044 0.956
11 11 (0) 1 : 0.027 0.973
12 12 (0) 1 : 0.040 0.960
13 13 (0) 1 : 0.046 0.954
14 14 (0) 1 : 0.024 0.976
15 15 (0) 1 : 0.019 0.981
16 16 (0) 1 : 0.020 0.980
17 17 (0) 1 : 0.019 0.981
18 18 (0) 1 : 0.031 0.969
19 19 (0) 1 : 0.055 0.945
20 20 (0) 1 : 0.049 0.951
21 21 (0) 1 : 0.026 0.974
22 22 (0) 1 : 0.015 0.985
23 23 (0) 1 : 0.019 0.981
24 24 (0) 1 : 0.036 0.964
25 25 (0) 1 : 0.044 0.956
26 26 (0) 1 : 0.041 0.959
27 27 (5) 1 : 0.033 0.967
28 28 (0) 1 : 0.016 0.984
29 29 (0) 1 : 0.020 0.980
30 30 (0) 1 : 0.033 0.967
31 31 (0) 1 : 0.019 0.981
32 32 (0) 1 : 0.053 0.947
33 33 (0) 1 : 0.023 0.977
34 34 (0) 1 : 0.018 0.982
35 35 (0) 1 : 0.035 0.965
36 36 (0) 1 : 0.025 0.975
37 37 (0) 1 : 0.037 0.963
38 38 (0) 1 : 0.036 0.964
39 39 (0) 1 : 0.030 0.970
40 40 (0) 1 : 0.033 0.967
41 41 (0) 1 : 0.026 0.974
42 42 (0) 1 : 0.019 0.981
43 43 (0) 1 : 0.021 0.979
44 44 (0) 1 : 0.015 0.985
45 45 (5) 1 : 0.036 0.964
46 46 (0) 1 : 0.014 0.986
47 47 (0) 1 : 0.015 0.985
48 48 (0) 1 : 0.024 0.976
49 49 (0) 1 : 0.033 0.967
50 50 (0) 1 : 0.027 0.973
51 51 (0) 1 : 0.039 0.961
52 52 (0) 1 : 0.099 0.901
53 53 (0) 1 : 0.025 0.975
54 54 (0) 1 : 0.016 0.984
55 55 (0) 1 : 0.020 0.980
56 56 (0) 1 : 0.022 0.978
57 57 (10) 1 : 0.039 0.961
58 58 (5) 1 : 0.025 0.975
59 59 (0) 1 : 0.029 0.971
60 60 (0) 1 : 0.025 0.975
61 61 (0) 1 : 0.027 0.973
62 62 (0) 1 : 0.022 0.978
63 63 (0) 1 : 0.027 0.973
64 64 (0) 1 : 0.023 0.977
65 65 (0) 1 : 0.073 0.927
66 66 (0) 1 : 0.019 0.981
67 67 (5) 1 : 0.061 0.939
68 68 (0) 1 : 0.028 0.972
69 69 (0) 1 : 0.017 0.983
70 70 (0) 1 : 0.023 0.977
71 71 (5) 1 : 0.025 0.975
72 72 (0) 1 : 0.040 0.960
73 73 (5) 1 : 0.019 0.981
74 74 (10) 1 : 0.035 0.965
75 75 (10) 1 : 0.045 0.955
76 76 (0) 1 : 0.026 0.974
77 77 (10) 1 : 0.028 0.972
78 78 (0) 1 : 0.046 0.954
79 79 (5) 1 : 0.019 0.981
80 80 (0) 1 : 0.021 0.979
81 81 (0) 1 : 0.021 0.979
82 82 (0) 1 : 0.020 0.980
83 83 (0) 1 : 0.026 0.974
84 84 (0) 1 : 0.046 0.954
85 85 (0) 1 : 0.018 0.982
86 86 (5) 1 : 0.024 0.976
87 87 (0) 1 : 0.023 0.977
88 88 (0) 1 : 0.054 0.946
89 89 (0) 1 : 0.093 0.907
90 90 (0) 1 : 0.022 0.978
91 91 (0) 1 : 0.025 0.975
92 92 (0) 1 : 0.023 0.977
93 93 (0) 1 : 0.017 0.983
94 94 (5) 1 : 0.054 0.946
95 95 (0) 1 : 0.024 0.976
96 96 (5) 1 : 0.024 0.976
97 97 (0) 1 : 0.017 0.983
98 98 (0) 1 : 0.032 0.968
99 99 (5) 1 : 0.032 0.968
100 100 (5) 1 : 0.017 0.983
101 101 (0) 2 : 0.074 0.926
102 102 (0) 2 : 0.030 0.970
103 103 (0) 2 : 0.028 0.972
104 104 (0) 2 : 0.088 0.912
105 105 (0) 2 : 0.186 0.814
106 106 (0) 2 : 0.040 0.960
107 107 (0) 2 : 0.058 0.942
108 108 (0) 2 : 0.064 0.936
109 109 (0) 2 : 0.041 0.959
110 110 (0) 2 : 0.096 0.904
111 111 (0) 2 : 0.091 0.909
112 112 (0) 2 : 0.028 0.972
113 113 (0) 2 : 0.111 0.889
114 114 (0) 2 : 0.069 0.931
115 115 (0) 2 : 0.317 0.683
116 116 (0) 2 : 0.041 0.959
117 117 (0) 2 : 0.045 0.955
118 118 (0) 2 : 0.033 0.967
119 119 (0) 2 : 0.024 0.976
120 120 (0) 2 : 0.089 0.911
121 121 (0) 2 : 0.059 0.941
122 122 (0) 2 : 0.029 0.971
123 123 (0) 2 : 0.037 0.963
124 124 (0) 2 : 0.073 0.927
125 125 (0) 2 : 0.054 0.946
126 126 (0) 2 : 0.030 0.970
127 127 (0) 2 : 0.079 0.921
128 128 (0) 2 : 0.152 0.848
129 129 (0) 2 : 0.113 0.887
130 130 (0) 2 : 0.077 0.923
131 131 (0) 2 : 0.309 0.691
132 132 (0) 2 : 0.346 0.654
133 133 (0) 2 : 0.151 0.849
134 134 (0) 2 : 0.055 0.945
135 135 (0) 2 : 0.089 0.911
136 136 (0) 2 : 0.073 0.927
137 137 (0) 2 : 0.019 0.981
138 138 (0) 2 : 0.026 0.974
139 139 (0) 2 : 0.109 0.891
140 140 (0) 2 : 0.035 0.965
141 141 (0) 2 : 0.054 0.946
142 142 (0) 2 : 0.113 0.887
143 143 (0) 2 : 0.164 0.836
144 144 (0) 2 : 0.107 0.893
145 145 (0) 2 : 0.093 0.907
146 146 (0) 2 : 0.120 0.880
147 147 (0) 2 : 0.051 0.949
148 148 (0) 2 : 0.047 0.953
149 149 (0) 2 : 0.186 0.814
150 150 (0) 2 : 0.118 0.882
151 151 (0) 2 : 0.141 0.859
152 152 (0) 2 : 0.105 0.895
153 153 (0) 2 : 0.057 0.943
154 154 (0) 2 : 0.177 0.823
155 155 (0) 2 : 0.254 0.746
156 156 (0) 2 : 0.284 0.716
157 157 (0) 2 : 0.125 0.875
158 158 (0) 2 : 0.070 0.930
159 159 (0) 2 : 0.106 0.894
160 160 (0) 2 : 0.045 0.955
161 161 (0) 2 : 0.044 0.956
162 162 (0) 2 : 0.019 0.981
163 163 (0) 2 : 0.085 0.915
164 164 (0) 2 : 0.141 0.859
165 165 (0) 2 : 0.282 0.718
166 166 (0) 2 : 0.042 0.958
167 167 (0) 2 : 0.077 0.923
168 168 (0) 2 : 0.056 0.944
169 169 (0) 2 : 0.119 0.881
170 170 (0) 2 : 0.105 0.895
171 171 (0) 2 : 0.105 0.895
172 172 (0) 2 : 0.116 0.884
173 173 (0) 2 : 0.163 0.837
174 174 (0) 2 : 0.037 0.963
175 175 (0) 2 : 0.028 0.972
176 176 (0) 2 : 0.037 0.963
177 177 (0) 2 : 0.071 0.929
178 178 (0) 2 : 0.105 0.895
179 179 (0) 2 : 0.192 0.808
180 180 (0) 2 : 0.039 0.961
181 181 (0) 2 : 0.039 0.961
182 182 (0) 2 : 0.184 0.816
183 183 (0) 2 : 0.186 0.814
184 184 (0) 2 : 0.197 0.803
185 185 (0) 2 : 0.026 0.974
186 186 (0) 2 : 0.039 0.961
187 187 (0) 2 : 0.073 0.927
188 188 (0) 2 : 0.025 0.975
189 189 (0) 2 : 0.041 0.959
190 190 (0) 2 : 0.176 0.824
191 191 (0) 2 : 0.034 0.966
192 192 (0) 2 : 0.193 0.807
193 193 (0) 2 : 0.046 0.954
194 194 (0) 2 : 0.215 0.785
195 195 (0) 2 : 0.135 0.865
196 196 (0) 2 : 0.043 0.957
197 197 (0) 2 : 0.026 0.974
198 198 (0) 2 : 0.092 0.908
199 199 (0) 2 : 0.081 0.919
200 200 (0) 2 : 0.028 0.972
201 201 (0) 3 : 0.054 0.946
202 202 (0) 3 : 0.173 0.827
203 203 (0) 3 : 0.396 0.604
204 204 (0) 3 : 0.253 0.747
205 205 (0) 3 : 0.204 0.796
206 206 (0) 3 : 0.113 0.887
207 207 (0) 3 : 0.140 0.860
208 208 (0) 3 : 0.209 0.791
209 209 (0) 3 : 0.295 0.705
210 210 (0) 3 : 0.230 0.770
211 211 (0) 3 : 0.177 0.823
212 212 (0) 3 : 0.101 0.899
213 213 (0) 3 : 0.166 0.834
214 214 (0) 3 : 0.305 0.695
215 215 (0) 3 : 0.264 0.736
216 216 (0) 3 : 0.269 0.731
217 217 (0) 3 : 0.069 0.931
218 218 (0) 3 : 0.191 0.809
219 219 (0) 3 : 0.164 0.836
220 220 (0) 3 : 0.059 0.941
221 221 (0) 3 : 0.108 0.892
222 222 (0) 3 : 0.208 0.792
223 223 (0) 3 : 0.120 0.880
224 224 (0) 3 : 0.264 0.736
225 225 (0) 3 : 0.193 0.807
226 226 (0) 3 : 0.297 0.703
227 227 (0) 3 : 0.350 0.650
228 228 (0) 3 : 0.149 0.851
229 229 (0) 3 : 0.321 0.679
230 230 (0) 3 : 0.092 0.908
231 231 (0) 3 : 0.041 0.959
232 232 (0) 3 : 0.327 0.673
233 233 (0) 3 : 0.251 0.749
234 234 (0) 3 : 0.100 0.900
235 235 (0) 3 : 0.183 0.817
236 236 (0) 3 : 0.275 0.725
237 237 (0) 3 : 0.195 0.805
238 238 (0) 3 : 0.178 0.822
239 239 (0) 3 : 0.441 0.559
240 240 (0) 3 : 0.181 0.819
241 241 (0) 3 : 0.149 0.851
242 242 (0) 3 : 0.069 0.931
243 243 (0) 3 : 0.396 0.604
244 244 (0) 3 : 0.344 0.656
245 245 (0) 3 : 0.302 0.698
246 246 (0) 3 : 0.272 0.728
247 247 (0) 3 : 0.096 0.904
248 248 (0) 3 : 0.202 0.798
249 249 (0) 3 : 0.270 0.730
250 250 (0) 3 : 0.059 0.941
251 251 (0) 3 : 0.243 0.757
252 252 (0) 3 : 0.249 0.751
253 253 (0) 3 : 0.299 0.701
254 254 (0) 3 : 0.314 0.686
255 255 (0) 3 : 0.346 0.654
256 256 (0) 3 : 0.238 0.762
257 257 (0) 3 : 0.332 0.668
258 258 (0) 3 : 0.396 0.604
259 259 (0) 3 : 0.055 0.945
260 260 (0) 3 : 0.050 0.950
261 261 (0) 3 : 0.100 0.900
262 262 (0) 3 : 0.321 0.679
263 263 (0) 3 : 0.046 0.954
264 264 (0) 3 : 0.237 0.763
265 265 (0) 3 : 0.291 0.709
266 266 (0) 3 : 0.206 0.794
267 267 (0) 3 : 0.099 0.901
268 268 (0) 3 : 0.316 0.684
269 269 (0) 3 : 0.077 0.923
270 270 (0) 3 : 0.107 0.893
271 271 (0) 3 : 0.205 0.795
272 272 (0) 3 : 0.286 0.714
273 273 (0) 3 : 0.102 0.898
274 274 (0) 3 : 0.235 0.765
275 275 (0) 3 : 0.173 0.827
276 276 (0) 3 : 0.151 0.849
277 277 (0) 3 : 0.311 0.689
278 278 (0) 3 : 0.046 0.954
279 279 (0) 3 : 0.473 0.527
280 280 (0) 3 : 0.119 0.881
281 281 (0) 3 : 0.402 0.598
282 282 (0) 3 : 0.336 0.664
283 283 (0) 3 : 0.295 0.705
284 284 (0) 3 : 0.099 0.901
285 285 (0) 3 : 0.203 0.797
286 286 (0) 3 : 0.291 0.709
287 287 (0) 3 : 0.158 0.842
288 288 (0) 3 : 0.218 0.782
289 289 (0) 3 : 0.201 0.799
290 290 (0) 3 : 0.182 0.818
291 291 (0) 3 : 0.130 0.870
292 292 (0) 3 : 0.054 0.946
293 293 (0) 3 : 0.145 0.855
294 294 (0) 3 : 0.353 0.647
295 295 (0) 3 : 0.391 0.609
296 296 (0) 3 : 0.265 0.735
297 297 (0) 3 : 0.354 0.646
298 298 (0) 3 : 0.084 0.916
299 299 (0) 3 : 0.091 0.909
300 300 (0) 3 : 0.268 0.732
301 301 (0) 4 : 0.514 0.486
302 302 (0) 4 : 0.498 0.502
303 303 (0) 4 : 0.563 0.437
304 304 (0) 4 : 0.336 0.664
305 305 (0) 4 : 0.526 0.474
306 306 (0) 4 : 0.504 0.496
307 307 (0) 4 : 0.406 0.594
308 308 (0) 4 : 0.533 0.467
309 309 (0) 4 : 0.392 0.608
310 310 (0) 4 : 0.645 0.355
311 311 (0) 4 : 0.455 0.545
312 312 (0) 4 : 0.620 0.380
313 313 (0) 4 : 0.571 0.429
314 314 (0) 4 : 0.369 0.631
315 315 (0) 4 : 0.432 0.568
316 316 (0) 4 : 0.475 0.525
317 317 (0) 4 : 0.476 0.524
318 318 (0) 4 : 0.496 0.504
319 319 (0) 4 : 0.571 0.429
320 320 (0) 4 : 0.649 0.351
321 321 (0) 4 : 0.436 0.564
322 322 (0) 4 : 0.464 0.536
323 323 (0) 4 : 0.259 0.741
324 324 (0) 4 : 0.471 0.529
325 325 (0) 4 : 0.624 0.376
326 326 (0) 4 : 0.654 0.346
327 327 (0) 4 : 0.463 0.537
328 328 (0) 4 : 0.548 0.452
329 329 (0) 4 : 0.516 0.484
330 330 (0) 4 : 0.528 0.472
331 331 (0) 4 : 0.433 0.567
332 332 (0) 4 : 0.586 0.414
333 333 (0) 4 : 0.595 0.405
334 334 (0) 4 : 0.552 0.448
335 335 (0) 4 : 0.436 0.564
336 336 (0) 4 : 0.576 0.424
337 337 (0) 4 : 0.421 0.579
338 338 (0) 4 : 0.490 0.510
339 339 (0) 4 : 0.359 0.641
340 340 (0) 4 : 0.590 0.410
341 341 (0) 4 : 0.689 0.311
342 342 (0) 4 : 0.480 0.520
343 343 (0) 4 : 0.490 0.510
344 344 (0) 4 : 0.528 0.472
345 345 (0) 4 : 0.627 0.373
346 346 (0) 4 : 0.493 0.507
347 347 (0) 4 : 0.417 0.583
348 348 (0) 4 : 0.318 0.682
349 349 (0) 4 : 0.703 0.297
350 350 (0) 4 : 0.501 0.499
351 351 (0) 4 : 0.389 0.611
352 352 (0) 4 : 0.567 0.433
353 353 (0) 4 : 0.539 0.461
354 354 (0) 4 : 0.527 0.473
355 355 (0) 4 : 0.510 0.490
356 356 (0) 4 : 0.457 0.543
357 357 (0) 4 : 0.424 0.576
358 358 (0) 4 : 0.651 0.349
359 359 (0) 4 : 0.602 0.398
360 360 (0) 4 : 0.461 0.539
361 361 (0) 4 : 0.387 0.613
362 362 (0) 4 : 0.602 0.398
363 363 (0) 4 : 0.502 0.498
364 364 (0) 4 : 0.488 0.512
365 365 (0) 4 : 0.512 0.488
366 366 (0) 4 : 0.622 0.378
367 367 (0) 4 : 0.631 0.369
368 368 (0) 4 : 0.638 0.362
369 369 (0) 4 : 0.427 0.573
370 370 (0) 4 : 0.605 0.395
371 371 (0) 4 : 0.514 0.486
372 372 (0) 4 : 0.581 0.419
373 373 (0) 4 : 0.571 0.429
374 374 (0) 4 : 0.525 0.475
375 375 (0) 4 : 0.511 0.489
376 376 (0) 4 : 0.442 0.558
377 377 (0) 4 : 0.445 0.555
378 378 (0) 4 : 0.535 0.465
379 379 (0) 4 : 0.539 0.461
380 380 (0) 4 : 0.484 0.516
381 381 (0) 4 : 0.500 0.500
382 382 (0) 4 : 0.337 0.663
383 383 (0) 4 : 0.444 0.556
384 384 (0) 4 : 0.513 0.487
385 385 (0) 4 : 0.276 0.724
386 386 (0) 4 : 0.524 0.476
387 387 (0) 4 : 0.495 0.505
388 388 (0) 4 : 0.526 0.474
389 389 (0) 4 : 0.482 0.518
390 390 (0) 4 : 0.384 0.616
391 391 (0) 4 : 0.384 0.616
392 392 (0) 4 : 0.221 0.779
393 393 (0) 4 : 0.410 0.590
394 394 (0) 4 : 0.437 0.563
395 395 (0) 4 : 0.504 0.496
396 396 (0) 4 : 0.538 0.462
397 397 (0) 4 : 0.613 0.387
398 398 (0) 4 : 0.383 0.617
399 399 (0) 4 : 0.495 0.505
400 400 (0) 4 : 0.568 0.432
401 401 (0) 5 : 0.725 0.275
402 402 (0) 5 : 0.776 0.224
403 403 (0) 5 : 0.833 0.167
404 404 (0) 5 : 0.780 0.220
405 405 (0) 5 : 0.814 0.186
406 406 (0) 5 : 0.923 0.077
407 407 (0) 5 : 0.812 0.188
408 408 (0) 5 : 0.650 0.350
409 409 (0) 5 : 0.789 0.211
410 410 (0) 5 : 0.893 0.107
411 411 (0) 5 : 0.934 0.066
412 412 (0) 5 : 0.734 0.266
413 413 (0) 5 : 0.778 0.222
414 414 (0) 5 : 0.661 0.339
415 415 (0) 5 : 0.682 0.318
416 416 (0) 5 : 0.668 0.332
417 417 (0) 5 : 0.619 0.381
418 418 (0) 5 : 0.649 0.351
419 419 (0) 5 : 0.729 0.271
420 420 (0) 5 : 0.694 0.306
421 421 (0) 5 : 0.791 0.209
422 422 (0) 5 : 0.942 0.058
423 423 (0) 5 : 0.882 0.118
424 424 (0) 5 : 0.878 0.122
425 425 (0) 5 : 0.709 0.291
426 426 (0) 5 : 0.794 0.206
427 427 (0) 5 : 0.764 0.236
428 428 (0) 5 : 0.694 0.306
429 429 (0) 5 : 0.585 0.415
430 430 (0) 5 : 0.826 0.174
431 431 (0) 5 : 0.759 0.241
432 432 (0) 5 : 0.806 0.194
433 433 (0) 5 : 0.803 0.197
434 434 (0) 5 : 0.896 0.104
435 435 (0) 5 : 0.743 0.257
436 436 (0) 5 : 0.905 0.095
437 437 (0) 5 : 0.860 0.140
438 438 (0) 5 : 0.785 0.215
439 439 (0) 5 : 0.701 0.299
440 440 (0) 5 : 0.753 0.247
441 441 (0) 5 : 0.824 0.176
442 442 (0) 5 : 0.694 0.306
443 443 (0) 5 : 0.741 0.259
444 444 (0) 5 : 0.682 0.318
445 445 (0) 5 : 0.665 0.335
446 446 (0) 5 : 0.927 0.073
447 447 (0) 5 : 0.767 0.233
448 448 (0) 5 : 0.725 0.275
449 449 (0) 5 : 0.730 0.270
450 450 (0) 5 : 0.964 0.036
451 451 (0) 5 : 0.586 0.414
452 452 (0) 5 : 0.820 0.180
453 453 (0) 5 : 0.581 0.419
454 454 (0) 5 : 0.783 0.217
455 455 (0) 5 : 0.762 0.238
456 456 (0) 5 : 0.872 0.128
457 457 (0) 5 : 0.826 0.174
458 458 (0) 5 : 0.833 0.167
459 459 (0) 5 : 0.935 0.065
460 460 (0) 5 : 0.846 0.154
461 461 (0) 5 : 0.837 0.163
462 462 (0) 5 : 0.715 0.285
463 463 (0) 5 : 0.933 0.067
464 464 (0) 5 : 0.597 0.403
465 465 (0) 5 : 0.714 0.286
466 466 (0) 5 : 0.891 0.109
467 467 (0) 5 : 0.818 0.182
468 468 (0) 5 : 0.766 0.234
469 469 (0) 5 : 0.979 0.021
470 470 (0) 5 : 0.845 0.155
471 471 (0) 5 : 0.677 0.323
472 472 (0) 5 : 0.869 0.131
473 473 (0) 5 : 0.794 0.206
474 474 (0) 5 : 0.778 0.222
475 475 (0) 5 : 0.660 0.340
476 476 (0) 5 : 0.572 0.428
477 477 (0) 5 : 0.724 0.276
478 478 (0) 5 : 0.629 0.371
479 479 (0) 5 : 0.795 0.205
480 480 (0) 5 : 0.783 0.217
481 481 (0) 5 : 0.789 0.211
482 482 (0) 5 : 0.620 0.380
483 483 (0) 5 : 0.749 0.251
484 484 (0) 5 : 0.861 0.139
485 485 (0) 5 : 0.684 0.316
486 486 (0) 5 : 0.801 0.199
487 487 (0) 5 : 0.711 0.289
488 488 (0) 5 : 0.708 0.292
489 489 (0) 5 : 0.696 0.304
490 490 (0) 5 : 0.609 0.391
491 491 (0) 5 : 0.758 0.242
492 492 (0) 5 : 0.768 0.232
493 493 (0) 5 : 0.674 0.326
494 494 (0) 5 : 0.779 0.221
495 495 (0) 5 : 0.664 0.336
496 496 (0) 5 : 0.953 0.047
497 497 (0) 5 : 0.741 0.259
498 498 (0) 5 : 0.620 0.380
499 499 (0) 5 : 0.723 0.277
500 500 (0) 5 : 0.797 0.203
501 501 (0) 6 : 0.874 0.126
502 502 (0) 6 : 0.917 0.083
503 503 (0) 6 : 0.776 0.224
504 504 (0) 6 : 0.937 0.063
505 505 (0) 6 : 0.894 0.106
506 506 (0) 6 : 0.832 0.168
507 507 (0) 6 : 0.974 0.026
508 508 (0) 6 : 0.863 0.137
509 509 (0) 6 : 0.985 0.015
510 510 (0) 6 : 0.906 0.094
511 511 (0) 6 : 0.967 0.033
512 512 (0) 6 : 0.875 0.125
513 513 (0) 6 : 0.927 0.073
514 514 (0) 6 : 0.857 0.143
515 515 (0) 6 : 0.800 0.200
516 516 (0) 6 : 0.978 0.022
517 517 (0) 6 : 0.799 0.201
518 518 (0) 6 : 0.947 0.053
519 519 (0) 6 : 0.917 0.083
520 520 (0) 6 : 0.964 0.036
521 521 (0) 6 : 0.929 0.071
522 522 (0) 6 : 0.977 0.023
523 523 (0) 6 : 0.978 0.022
524 524 (0) 6 : 0.851 0.149
525 525 (0) 6 : 0.947 0.053
526 526 (0) 6 : 0.738 0.262
527 527 (0) 6 : 0.818 0.182
528 528 (0) 6 : 0.830 0.170
529 529 (0) 6 : 0.933 0.067
530 530 (0) 6 : 0.978 0.022
531 531 (0) 6 : 0.856 0.144
532 532 (0) 6 : 0.927 0.073
533 533 (0) 6 : 0.750 0.250
534 534 (0) 6 : 0.977 0.023
535 535 (0) 6 : 0.943 0.057
536 536 (0) 6 : 0.922 0.078
537 537 (0) 6 : 0.864 0.136
538 538 (0) 6 : 0.902 0.098
539 539 (0) 6 : 0.931 0.069
540 540 (0) 6 : 0.865 0.135
541 541 (0) 6 : 0.829 0.171
542 542 (0) 6 : 0.817 0.183
543 543 (0) 6 : 0.926 0.074
544 544 (0) 6 : 0.941 0.059
545 545 (0) 6 : 0.936 0.064
546 546 (0) 6 : 0.915 0.085
547 547 (0) 6 : 0.925 0.075
548 548 (0) 6 : 0.982 0.018
549 549 (0) 6 : 0.806 0.194
550 550 (0) 6 : 0.886 0.114
551 551 (0) 6 : 0.818 0.182
552 552 (0) 6 : 0.976 0.024
553 553 (0) 6 : 0.925 0.075
554 554 (0) 6 : 0.938 0.062
555 555 (0) 6 : 0.985 0.015
556 556 (0) 6 : 0.929 0.071
557 557 (0) 6 : 0.946 0.054
558 558 (0) 6 : 0.971 0.029
559 559 (0) 6 : 0.927 0.073
560 560 (0) 6 : 0.835 0.165
561 561 (0) 6 : 0.849 0.151
562 562 (0) 6 : 0.907 0.093
563 563 (0) 6 : 0.770 0.230
564 564 (0) 6 : 0.946 0.054
565 565 (0) 6 : 0.908 0.092
566 566 (0) 6 : 0.892 0.108
567 567 (0) 6 : 0.987 0.013
568 568 (0) 6 : 0.821 0.179
569 569 (0) 6 : 0.815 0.185
570 570 (0) 6 : 0.964 0.036
571 571 (0) 6 : 0.941 0.059
572 572 (0) 6 : 0.805 0.195
573 573 (0) 6 : 0.924 0.076
574 574 (0) 6 : 0.871 0.129
575 575 (0) 6 : 0.965 0.035
576 576 (0) 6 : 0.774 0.226
577 577 (0) 6 : 0.865 0.135
578 578 (0) 6 : 0.947 0.053
579 579 (0) 6 : 0.921 0.079
580 580 (0) 6 : 0.752 0.248
581 581 (0) 6 : 0.936 0.064
582 582 (0) 6 : 0.783 0.217
583 583 (0) 6 : 0.913 0.087
584 584 (0) 6 : 0.875 0.125
585 585 (0) 6 : 0.884 0.116
586 586 (0) 6 : 0.747 0.253
587 587 (0) 6 : 0.953 0.047
588 588 (0) 6 : 0.906 0.094
589 589 (0) 6 : 0.842 0.158
590 590 (0) 6 : 0.978 0.022
591 591 (0) 6 : 0.791 0.209
592 592 (0) 6 : 0.981 0.019
593 593 (0) 6 : 0.871 0.129
594 594 (0) 6 : 0.941 0.059
595 595 (0) 6 : 0.784 0.216
596 596 (0) 6 : 0.819 0.181
597 597 (0) 6 : 0.801 0.199
598 598 (0) 6 : 0.864 0.136
599 599 (0) 6 : 0.826 0.174
600 600 (0) 6 : 0.863 0.137
601 601 (5) 7 : 0.968 0.032
602 602 (0) 7 : 0.971 0.029
603 603 (0) 7 : 0.980 0.020
604 604 (0) 7 : 0.941 0.059
605 605 (0) 7 : 0.976 0.024
606 606 (0) 7 : 0.977 0.023
607 607 (0) 7 : 0.985 0.015
608 608 (0) 7 : 0.966 0.034
609 609 (0) 7 : 0.979 0.021
610 610 (0) 7 : 0.970 0.030
611 611 (0) 7 : 0.986 0.014
612 612 (0) 7 : 0.981 0.019
613 613 (0) 7 : 0.974 0.026
614 614 (5) 7 : 0.985 0.015
615 615 (0) 7 : 0.982 0.018
616 616 (0) 7 : 0.984 0.016
617 617 (0) 7 : 0.979 0.021
618 618 (0) 7 : 0.982 0.018
619 619 (0) 7 : 0.976 0.024
620 620 (0) 7 : 0.983 0.017
621 621 (0) 7 : 0.984 0.016
622 622 (0) 7 : 0.978 0.022
623 623 (0) 7 : 0.983 0.017
624 624 (0) 7 : 0.986 0.014
625 625 (0) 7 : 0.986 0.014
626 626 (0) 7 : 0.983 0.017
627 627 (0) 7 : 0.984 0.016
628 628 (0) 7 : 0.982 0.018
629 629 (0) 8 : 0.962 0.038
630 630 (0) 8 : 0.984 0.016
631 631 (0) 8 : 0.976 0.024
632 632 (0) 8 : 0.973 0.027
633 633 (0) 8 : 0.979 0.021
634 634 (0) 8 : 0.984 0.016
635 635 (0) 8 : 0.982 0.018
636 636 (0) 8 : 0.949 0.051
637 637 (0) 8 : 0.983 0.017
638 638 (0) 8 : 0.979 0.021
639 639 (0) 8 : 0.983 0.017
640 640 (0) 8 : 0.984 0.016
641 641 (0) 8 : 0.983 0.017
642 642 (0) 8 : 0.981 0.019
643 643 (0) 8 : 0.986 0.014
644 644 (0) 8 : 0.961 0.039
645 645 (0) 8 : 0.986 0.014
646 646 (0) 8 : 0.983 0.017
647 647 (0) 8 : 0.982 0.018
648 648 (0) 8 : 0.983 0.017
649 649 (0) 8 : 0.985 0.015
650 650 (0) 8 : 0.978 0.022
651 651 (0) 8 : 0.984 0.016
652 652 (0) 8 : 0.982 0.018
653 653 (0) 8 : 0.979 0.021
654 654 (0) 8 : 0.972 0.028
655 655 (0) 8 : 0.984 0.016
656 656 (0) 8 : 0.978 0.022
657 657 (0) 8 : 0.980 0.020
658 658 (0) 8 : 0.983 0.017
659 659 (0) 8 : 0.978 0.022
660 660 (0) 8 : 0.981 0.019
661 661 (0) 8 : 0.984 0.016
662 662 (0) 8 : 0.964 0.036
663 663 (0) 8 : 0.983 0.017
664 664 (0) 8 : 0.982 0.018
665 665 (0) 8 : 0.984 0.016
666 666 (0) 8 : 0.982 0.018
667 667 (0) 8 : 0.984 0.016
668 668 (0) 8 : 0.980 0.020
669 669 (0) 8 : 0.982 0.018
670 670 (0) 8 : 0.981 0.019
671 671 (0) 8 : 0.980 0.020
672 672 (0) 8 : 0.986 0.014
673 673 (0) 8 : 0.974 0.026
674 674 (0) 8 : 0.967 0.033
675 675 (0) 8 : 0.985 0.015
676 676 (0) 8 : 0.985 0.015
677 677 (0) 8 : 0.984 0.016
678 678 (0) 8 : 0.984 0.016
679 679 (0) 8 : 0.983 0.017
680 680 (0) 8 : 0.986 0.014
681 681 (0) 8 : 0.974 0.026
682 682 (0) 8 : 0.983 0.017
683 683 (0) 8 : 0.984 0.016
684 684 (0) 8 : 0.982 0.018
685 685 (0) 8 : 0.986 0.014
686 686 (0) 8 : 0.974 0.026
687 687 (0) 8 : 0.962 0.038
688 688 (0) 8 : 0.974 0.026
689 689 (0) 8 : 0.982 0.018
690 690 (0) 8 : 0.983 0.017
691 691 (0) 8 : 0.982 0.018
692 692 (0) 8 : 0.980 0.020
693 693 (0) 8 : 0.974 0.026
694 694 (0) 8 : 0.983 0.017
695 695 (0) 8 : 0.973 0.027
696 696 (0) 8 : 0.981 0.019
697 697 (0) 8 : 0.986 0.014
698 698 (0) 8 : 0.981 0.019
699 699 (0) 8 : 0.984 0.016
700 700 (0) 8 : 0.974 0.026
1 1 (5) 1 : 0.030 0.970
2 2 (5) 1 : 0.043 0.957
3 3 (5) 1 : 0.020 0.980
4 4 (0) 1 : 0.029 0.971
5 5 (0) 1 : 0.059 0.941
6 6 (0) 1 : 0.023 0.977
7 7 (0) 1 : 0.047 0.953
8 8 (5) 1 : 0.025 0.975
9 9 (0) 1 : 0.021 0.979
10 10 (0) 1 : 0.044 0.956
11 11 (0) 1 : 0.027 0.973
12 12 (0) 1 : 0.040 0.960
13 13 (0) 1 : 0.046 0.954
14 14 (0) 1 : 0.024 0.976
15 15 (0) 1 : 0.019 0.981
16 16 (0) 1 : 0.020 0.980
17 17 (0) 1 : 0.019 0.981
18 18 (0) 1 : 0.031 0.969
19 19 (0) 1 : 0.054 0.946
20 20 (0) 1 : 0.048 0.952
21 21 (0) 1 : 0.026 0.974
22 22 (0) 1 : 0.015 0.985
23 23 (0) 1 : 0.019 0.981
24 24 (0) 1 : 0.035 0.965
25 25 (0) 1 : 0.044 0.956
26 26 (0) 1 : 0.041 0.959
27 27 (5) 1 : 0.033 0.967
28 28 (0) 1 : 0.016 0.984
29 29 (0) 1 : 0.020 0.980
30 30 (0) 1 : 0.033 0.967
31 31 (0) 1 : 0.019 0.981
32 32 (0) 1 : 0.052 0.948
33 33 (0) 1 : 0.023 0.977
34 34 (0) 1 : 0.018 0.982
35 35 (0) 1 : 0.035 0.965
36 36 (0) 1 : 0.025 0.975
37 37 (0) 1 : 0.037 0.963
38 38 (0) 1 : 0.036 0.964
39 39 (0) 1 : 0.030 0.970
40 40 (0) 1 : 0.033 0.967
41 41 (0) 1 : 0.026 0.974
42 42 (0) 1 : 0.019 0.981
43 43 (0) 1 : 0.021 0.979
44 44 (0) 1 : 0.015 0.985
45 45 (5) 1 : 0.036 0.964
46 46 (0) 1 : 0.014 0.986
47 47 (0) 1 : 0.015 0.985
48 48 (0) 1 : 0.024 0.976
49 49 (0) 1 : 0.033 0.967
50 50 (0) 1 : 0.027 0.973
51 51 (0) 1 : 0.039 0.961
52 52 (0) 1 : 0.100 0.900
53 53 (0) 1 : 0.025 0.975
54 54 (0) 1 : 0.016 0.984
55 55 (0) 1 : 0.020 0.980
56 56 (0) 1 : 0.022 0.978
57 57 (10) 1 : 0.039 0.961
58 58 (5) 1 : 0.025 0.975
59 59 (0) 1 : 0.028 0.972
60 60 (0) 1 : 0.024 0.976
61 61 (0) 1 : 0.027 0.973
62 62 (0) 1 : 0.021 0.979
63 63 (0) 1 : 0.026 0.974
64 64 (0) 1 : 0.023 0.977
65 65 (0) 1 : 0.073 0.927
66 66 (0) 1 : 0.019 0.981
67 67 (5) 1 : 0.061 0.939
68 68 (0) 1 : 0.028 0.972
69 69 (0) 1 : 0.017 0.983
70 70 (0) 1 : 0.023 0.977
71 71 (5) 1 : 0.025 0.975
72 72 (0) 1 : 0.040 0.960
73 73 (5) 1 : 0.019 0.981
74 74 (10) 1 : 0.035 0.965
75 75 (10) 1 : 0.045 0.955
76 76 (0) 1 : 0.026 0.974
77 77 (10) 1 : 0.028 0.972
78 78 (0) 1 : 0.046 0.954
79 79 (5) 1 : 0.019 0.981
80 80 (0) 1 : 0.021 0.979
81 81 (0) 1 : 0.021 0.979
82 82 (0) 1 : 0.021 0.979
83 83 (0) 1 : 0.026 0.974
84 84 (0) 1 : 0.046 0.954
85 85 (0) 1 : 0.018 0.982
86 86 (5) 1 : 0.024 0.976
87 87 (0) 1 : 0.023 0.977
88 88 (0) 1 : 0.054 0.946
89 89 (0) 1 : 0.093 0.907
90 90 (0) 1 : 0.022 0.978
91 91 (0) 1 : 0.025 0.975
92 92 (0) 1 : 0.023 0.977
93 93 (0) 1 : 0.017 0.983
94 94 (5) 1 : 0.054 0.946
95 95 (0) 1 : 0.024 0.976
96 96 (5) 1 : 0.024 0.976
97 97 (0) 1 : 0.017 0.983
98 98 (0) 1 : 0.032 0.968
99 99 (5) 1 : 0.032 0.968
100 100 (5) 1 : 0.017 0.983
101 101 (0) 2 : 0.073 0.927
102 102 (0) 2 : 0.030 0.970
103 103 (0) 2 : 0.028 0.972
104 104 (0) 2 : 0.088 0.912
105 105 (0) 2 : 0.186 0.814
106 106 (0) 2 : 0.040 0.960
107 107 (0) 2 : 0.058 0.942
108 108 (0) 2 : 0.064 0.936
109 109 (0) 2 : 0.041 0.959
110 110 (0) 2 : 0.095 0.905
111 111 (0) 2 : 0.091 0.909
112 112 (0) 2 : 0.028 0.972
113 113 (0) 2 : 0.110 0.890
114 114 (0) 2 : 0.069 0.931
115 115 (0) 2 : 0.317 0.683
116 116 (0) 2 : 0.041 0.959
117 117 (0) 2 : 0.045 0.955
118 118 (0) 2 : 0.032 0.968
119 119 (0) 2 : 0.024 0.976
120 120 (0) 2 : 0.088 0.912
121 121 (0) 2 : 0.059 0.941
122 122 (0) 2 : 0.029 0.971
123 123 (0) 2 : 0.037 0.963
124 124 (0) 2 : 0.073 0.927
125 125 (0) 2 : 0.054 0.946
126 126 (0) 2 : 0.029 0.971
127 127 (0) 2 : 0.079 0.921
128 128 (0) 2 : 0.152 0.848
129 129 (0) 2 : 0.113 0.887
130 130 (0) 2 : 0.077 0.923
131 131 (0) 2 : 0.309 0.691
132 132 (0) 2 : 0.346 0.654
133 133 (0) 2 : 0.151 0.849
134 134 (0) 2 : 0.055 0.945
135 135 (0) 2 : 0.089 0.911
136 136 (0) 2 : 0.073 0.927
137 137 (0) 2 : 0.019 0.981
138 138 (0) 2 : 0.026 0.974
139 139 (0) 2 : 0.109 0.891
140 140 (0) 2 : 0.035 0.965
141 141 (0) 2 : 0.054 0.946
142 142 (0) 2 : 0.113 0.887
143 143 (0) 2 : 0.163 0.837
144 144 (0) 2 : 0.106 0.894
145 145 (0) 2 : 0.093 0.907
146 146 (0) 2 : 0.119 0.881
147 147 (0) 2 : 0.051 0.949
148 148 (0) 2 : 0.047 0.953
149 149 (0) 2 : 0.186 0.814
150 150 (0) 2 : 0.118 0.882
151 151 (0) 2 : 0.140 0.860
152 152 (0) 2 : 0.105 0.895
153 153 (0) 2 : 0.057 0.943
154 154 (0) 2 : 0.177 0.823
155 155 (0) 2 : 0.254 0.746
156 156 (0) 2 : 0.284 0.716
157 157 (0) 2 : 0.125 0.875
158 158 (0) 2 : 0.070 0.930
159 159 (0) 2 : 0.105 0.895
160 160 (0) 2 : 0.045 0.955
161 161 (0) 2 : 0.044 0.956
162 162 (0) 2 : 0.019 0.981
163 163 (0) 2 : 0.084 0.916
164 164 (0) 2 : 0.141 0.859
165 165 (0) 2 : 0.282 0.718
166 166 (0) 2 : 0.042 0.958
167 167 (0) 2 : 0.077 0.923
168 168 (0) 2 : 0.056 0.944
169 169 (0) 2 : 0.119 0.881
170 170 (0) 2 : 0.104 0.896
171 171 (0) 2 : 0.105 0.895
172 172 (0) 2 : 0.116 0.884
173 173 (0) 2 : 0.163 0.837
174 174 (0) 2 : 0.037 0.963
175 175 (0) 2 : 0.028 0.972
176 176 (0) 2 : 0.037 0.963
177 177 (0) 2 : 0.070 0.930
178 178 (0) 2 : 0.104 0.896
179 179 (0) 2 : 0.191 0.809
180 180 (0) 2 : 0.039 0.961
181 181 (0) 2 : 0.039 0.961
182 182 (0) 2 : 0.183 0.817
183 183 (0) 2 : 0.186 0.814
184 184 (0) 2 : 0.197 0.803
185 185 (0) 2 : 0.026 0.974
186 186 (0) 2 : 0.039 0.961
187 187 (0) 2 : 0.073 0.927
188 188 (0) 2 : 0.025 0.975
189 189 (0) 2 : 0.040 0.960
190 190 (0) 2 : 0.176 0.824
191 191 (0) 2 : 0.034 0.966
192 192 (0) 2 : 0.193 0.807
193 193 (0) 2 : 0.046 0.954
194 194 (0) 2 : 0.215 0.785
195 195 (0) 2 : 0.135 0.865
196 196 (0) 2 : 0.043 0.957
197 197 (0) 2 : 0.026 0.974
198 198 (0) 2 : 0.091 0.909
199 199 (0) 2 : 0.081 0.919
200 200 (0) 2 : 0.027 0.973
201 201 (0) 3 : 0.054 0.946
202 202 (0) 3 : 0.173 0.827
203 203 (0) 3 : 0.396 0.604
204 204 (0) 3 : 0.253 0.747
205 205 (0) 3 : 0.204 0.796
206 206 (0) 3 : 0.113 0.887
207 207 (0) 3 : 0.139 0.861
208 208 (0) 3 : 0.209 0.791
209 209 (0) 3 : 0.295 0.705
210 210 (0) 3 : 0.230 0.770
211 211 (0) 3 : 0.177 0.823
212 212 (0) 3 : 0.101 0.899
213 213 (0) 3 : 0.166 0.834
214 214 (0) 3 : 0.306 0.694
215 215 (0) 3 : 0.264 0.736
216 216 (0) 3 : 0.269 0.731
217 217 (0) 3 : 0.070 0.930
218 218 (0) 3 : 0.191 0.809
219 219 (0) 3 : 0.164 0.836
220 220 (0) 3 : 0.059 0.941
221 221 (0) 3 : 0.108 0.892
222 222 (0) 3 : 0.208 0.792
223 223 (0) 3 : 0.120 0.880
224 224 (0) 3 : 0.264 0.736
225 225 (0) 3 : 0.193 0.807
226 226 (0) 3 : 0.296 0.704
227 227 (0) 3 : 0.350 0.650
228 228 (0) 3 : 0.149 0.851
229 229 (0) 3 : 0.322 0.678
230 230 (0) 3 : 0.092 0.908
231 231 (0) 3 : 0.041 0.959
232 232 (0) 3 : 0.327 0.673
233 233 (0) 3 : 0.251 0.749
234 234 (0) 3 : 0.100 0.900
235 235 (0) 3 : 0.182 0.818
236 236 (0) 3 : 0.275 0.725
237 237 (0) 3 : 0.195 0.805
238 238 (0) 3 : 0.178 0.822
239 239 (0) 3 : 0.441 0.559
240 240 (0) 3 : 0.181 0.819
241 241 (0) 3 : 0.149 0.851
242 242 (0) 3 : 0.070 0.930
243 243 (0) 3 : 0.396 0.604
244 244 (0) 3 : 0.344 0.656
245 245 (0) 3 : 0.302 0.698
246 246 (0) 3 : 0.271 0.729
247 247 (0) 3 : 0.096 0.904
248 248 (0) 3 : 0.202 0.798
249 249 (0) 3 : 0.270 0.730
250 250 (0) 3 : 0.059 0.941
251 251 (0) 3 : 0.243 0.757
252 252 (0) 3 : 0.248 0.752
253 253 (0) 3 : 0.299 0.701
254 254 (0) 3 : 0.314 0.686
255 255 (0) 3 : 0.346 0.654
256 256 (0) 3 : 0.238 0.762
257 257 (0) 3 : 0.332 0.668
258 258 (0) 3 : 0.396 0.604
259 259 (0) 3 : 0.055 0.945
260 260 (0) 3 : 0.050 0.950
261 261 (0) 3 : 0.100 0.900
262 262 (0) 3 : 0.321 0.679
263 263 (0) 3 : 0.046 0.954
264 264 (0) 3 : 0.237 0.763
265 265 (0) 3 : 0.291 0.709
266 266 (0) 3 : 0.206 0.794
267 267 (0) 3 : 0.099 0.901
268 268 (0) 3 : 0.315 0.685
269 269 (0) 3 : 0.077 0.923
270 270 (0) 3 : 0.107 0.893
271 271 (0) 3 : 0.205 0.795
272 272 (0) 3 : 0.286 0.714
273 273 (0) 3 : 0.102 0.898
274 274 (0) 3 : 0.235 0.765
275 275 (0) 3 : 0.173 0.827
276 276 (0) 3 : 0.151 0.849
277 277 (0) 3 : 0.311 0.689
278 278 (0) 3 : 0.046 0.954
279 279 (0) 3 : 0.473 0.527
280 280 (0) 3 : 0.118 0.882
281 281 (0) 3 : 0.401 0.599
282 282 (0) 3 : 0.336 0.664
283 283 (0) 3 : 0.294 0.706
284 284 (0) 3 : 0.099 0.901
285 285 (0) 3 : 0.203 0.797
286 286 (0) 3 : 0.291 0.709
287 287 (0) 3 : 0.158 0.842
288 288 (0) 3 : 0.218 0.782
289 289 (0) 3 : 0.200 0.800
290 290 (0) 3 : 0.182 0.818
291 291 (0) 3 : 0.130 0.870
292 292 (0) 3 : 0.054 0.946
293 293 (0) 3 : 0.145 0.855
294 294 (0) 3 : 0.353 0.647
295 295 (0) 3 : 0.391 0.609
296 296 (0) 3 : 0.264 0.736
297 297 (0) 3 : 0.354 0.646
298 298 (0) 3 : 0.083 0.917
299 299 (0) 3 : 0.091 0.909
300 300 (0) 3 : 0.268 0.732
301 301 (0) 4 : 0.514 0.486
302 302 (0) 4 : 0.498 0.502
303 303 (0) 4 : 0.563 0.437
304 304 (0) 4 : 0.336 0.664
305 305 (0) 4 : 0.526 0.474
306 306 (0) 4 : 0.504 0.496
307 307 (0) 4 : 0.406 0.594
308 308 (0) 4 : 0.534 0.466
309 309 (0) 4 : 0.391 0.609
310 310 (0) 4 : 0.645 0.355
311 311 (0) 4 : 0.454 0.546
312 312 (0) 4 : 0.620 0.380
313 313 (0) 4 : 0.570 0.430
314 314 (0) 4 : 0.369 0.631
315 315 (0) 4 : 0.432 0.568
316 316 (0) 4 : 0.476 0.524
317 317 (0) 4 : 0.476 0.524
318 318 (0) 4 : 0.496 0.504
319 319 (0) 4 : 0.571 0.429
320 320 (0) 4 : 0.648 0.352
321 321 (0) 4 : 0.437 0.563
322 322 (0) 4 : 0.464 0.536
323 323 (0) 4 : 0.259 0.741
324 324 (0) 4 : 0.471 0.529
325 325 (0) 4 : 0.624 0.376
326 326 (0) 4 : 0.653 0.347
327 327 (0) 4 : 0.462 0.538
328 328 (0) 4 : 0.548 0.452
329 329 (0) 4 : 0.516 0.484
330 330 (0) 4 : 0.528 0.472
331 331 (0) 4 : 0.432 0.568
332 332 (0) 4 : 0.585 0.415
333 333 (0) 4 : 0.595 0.405
334 334 (0) 4 : 0.552 0.448
335 335 (0) 4 : 0.436 0.564
336 336 (0) 4 : 0.576 0.424
337 337 (0) 4 : 0.421 0.579
338 338 (0) 4 : 0.490 0.510
339 339 (0) 4 : 0.359 0.641
340 340 (0) 4 : 0.590 0.410
341 341 (0) 4 : 0.689 0.311
342 342 (0) 4 : 0.480 0.520
343 343 (0) 4 : 0.490 0.510
344 344 (0) 4 : 0.528 0.472
345 345 (0) 4 : 0.627 0.373
346 346 (0) 4 : 0.492 0.508
347 347 (0) 4 : 0.417 0.583
348 348 (0) 4 : 0.317 0.683
349 349 (0) 4 : 0.703 0.297
350 350 (0) 4 : 0.501 0.499
351 351 (0) 4 : 0.389 0.611
352 352 (0) 4 : 0.567 0.433
353 353 (0) 4 : 0.539 0.461
354 354 (0) 4 : 0.527 0.473
355 355 (0) 4 : 0.510 0.490
356 356 (0) 4 : 0.457 0.543
357 357 (0) 4 : 0.424 0.576
358 358 (0) 4 : 0.650 0.350
359 359 (0) 4 : 0.602 0.398
360 360 (0) 4 : 0.462 0.538
361 361 (0) 4 : 0.387 0.613
362 362 (0) 4 : 0.602 0.398
363 363 (0) 4 : 0.502 0.498
364 364 (0) 4 : 0.488 0.512
365 365 (0) 4 : 0.511 0.489
366 366 (0) 4 : 0.622 0.378
367 367 (0) 4 : 0.631 0.369
368 368 (0) 4 : 0.638 0.362
369 369 (0) 4 : 0.426 0.574
370 370 (0) 4 : 0.604 0.396
371 371 (0) 4 : 0.514 0.486
372 372 (0) 4 : 0.581 0.419
373 373 (0) 4 : 0.571 0.429
374 374 (0) 4 : 0.525 0.475
375 375 (0) 4 : 0.511 0.489
376 376 (0) 4 : 0.442 0.558
377 377 (0) 4 : 0.444 0.556
378 378 (0) 4 : 0.535 0.465
379 379 (0) 4 : 0.539 0.461
380 380 (0) 4 : 0.483 0.517
381 381 (0) 4 : 0.500 0.500
382 382 (0) 4 : 0.337 0.663
383 383 (0) 4 : 0.443 0.557
384 384 (0) 4 : 0.512 0.488
385 385 (0) 4 : 0.275 0.725
386 386 (0) 4 : 0.524 0.476
387 387 (0) 4 : 0.494 0.506
388 388 (0) 4 : 0.526 0.474
389 389 (0) 4 : 0.482 0.518
390 390 (0) 4 : 0.384 0.616
391 391 (0) 4 : 0.384 0.616
392 392 (0) 4 : 0.221 0.779
393 393 (0) 4 : 0.409 0.591
394 394 (0) 4 : 0.437 0.563
395 395 (0) 4 : 0.504 0.496
396 396 (0) 4 : 0.538 0.462
397 397 (0) 4 : 0.613 0.387
398 398 (0) 4 : 0.383 0.617
399 399 (0) 4 : 0.495 0.505
400 400 (0) 4 : 0.568 0.432
401 401 (0) 5 : 0.725 0.275
402 402 (0) 5 : 0.776 0.224
403 403 (0) 5 : 0.834 0.166
404 404 (0) 5 : 0.780 0.220
405 405 (0) 5 : 0.814 0.186
406 406 (0) 5 : 0.924 0.076
407 407 (0) 5 : 0.812 0.188
408 408 (0) 5 : 0.650 0.350
409 409 (0) 5 : 0.789 0.211
410 410 (0) 5 : 0.893 0.107
411 411 (0) 5 : 0.934 0.066
412 412 (0) 5 : 0.734 0.266
413 413 (0) 5 : 0.778 0.222
414 414 (0) 5 : 0.660 0.340
415 415 (0) 5 : 0.682 0.318
416 416 (0) 5 : 0.668 0.332
417 417 (0) 5 : 0.619 0.381
418 418 (0) 5 : 0.649 0.351
419 419 (0) 5 : 0.729 0.271
420 420 (0) 5 : 0.694 0.306
421 421 (0) 5 : 0.791 0.209
422 422 (0) 5 : 0.942 0.058
423 423 (0) 5 : 0.882 0.118
424 424 (0) 5 : 0.878 0.122
425 425 (0) 5 : 0.709 0.291
426 426 (0) 5 : 0.793 0.207
427 427 (0) 5 : 0.764 0.236
428 428 (0) 5 : 0.694 0.306
429 429 (0) 5 : 0.585 0.415
430 430 (0) 5 : 0.826 0.174
431 431 (0) 5 : 0.759 0.241
432 432 (0) 5 : 0.806 0.194
433 433 (0) 5 : 0.803 0.197
434 434 (0) 5 : 0.896 0.104
435 435 (0) 5 : 0.743 0.257
436 436 (0) 5 : 0.905 0.095
437 437 (0) 5 : 0.860 0.140
438 438 (0) 5 : 0.785 0.215
439 439 (0) 5 : 0.700 0.300
440 440 (0) 5 : 0.753 0.247
441 441 (0) 5 : 0.824 0.176
442 442 (0) 5 : 0.694 0.306
443 443 (0) 5 : 0.741 0.259
444 444 (0) 5 : 0.682 0.318
445 445 (0) 5 : 0.665 0.335
446 446 (0) 5 : 0.928 0.072
447 447 (0) 5 : 0.767 0.233
448 448 (0) 5 : 0.725 0.275
449 449 (0) 5 : 0.730 0.270
450 450 (0) 5 : 0.964 0.036
451 451 (0) 5 : 0.586 0.414
452 452 (0) 5 : 0.820 0.180
453 453 (0) 5 : 0.581 0.419
454 454 (0) 5 : 0.783 0.217
455 455 (0) 5 : 0.762 0.238
456 456 (0) 5 : 0.872 0.128
457 457 (0) 5 : 0.826 0.174
458 458 (0) 5 : 0.833 0.167
459 459 (0) 5 : 0.935 0.065
460 460 (0) 5 : 0.846 0.154
461 461 (0) 5 : 0.837 0.163
462 462 (0) 5 : 0.715 0.285
463 463 (0) 5 : 0.933 0.067
464 464 (0) 5 : 0.597 0.403
465 465 (0) 5 : 0.714 0.286
466 466 (0) 5 : 0.891 0.109
467 467 (0) 5 : 0.818 0.182
468 468 (0) 5 : 0.766 0.234
469 469 (0) 5 : 0.979 0.021
470 470 (0) 5 : 0.845 0.155
471 471 (0) 5 : 0.677 0.323
472 472 (0) 5 : 0.869 0.131
473 473 (0) 5 : 0.794 0.206
474 474 (0) 5 : 0.778 0.222
475 475 (0) 5 : 0.660 0.340
476 476 (0) 5 : 0.572 0.428
477 477 (0) 5 : 0.724 0.276
478 478 (0) 5 : 0.628 0.372
479 479 (0) 5 : 0.794 0.206
480 480 (0) 5 : 0.783 0.217
481 481 (0) 5 : 0.789 0.211
482 482 (0) 5 : 0.620 0.380
483 483 (0) 5 : 0.749 0.251
484 484 (0) 5 : 0.861 0.139
485 485 (0) 5 : 0.684 0.316
486 486 (0) 5 : 0.800 0.200
487 487 (0) 5 : 0.711 0.289
488 488 (0) 5 : 0.708 0.292
489 489 (0) 5 : 0.696 0.304
490 490 (0) 5 : 0.609 0.391
491 491 (0) 5 : 0.757 0.243
492 492 (0) 5 : 0.768 0.232
493 493 (0) 5 : 0.674 0.326
494 494 (0) 5 : 0.779 0.221
495 495 (0) 5 : 0.664 0.336
496 496 (0) 5 : 0.953 0.047
497 497 (0) 5 : 0.741 0.259
498 498 (0) 5 : 0.620 0.380
499 499 (0) 5 : 0.723 0.277
500 500 (0) 5 : 0.797 0.203
501 501 (0) 6 : 0.874 0.126
502 502 (0) 6 : 0.917 0.083
503 503 (0) 6 : 0.776 0.224
504 504 (0) 6 : 0.937 0.063
505 505 (0) 6 : 0.895 0.105
506 506 (0) 6 : 0.832 0.168
507 507 (0) 6 : 0.974 0.026
508 508 (0) 6 : 0.864 0.136
509 509 (0) 6 : 0.985 0.015
510 510 (0) 6 : 0.907 0.093
511 511 (0) 6 : 0.967 0.033
512 512 (0) 6 : 0.875 0.125
513 513 (0) 6 : 0.927 0.073
514 514 (0) 6 : 0.856 0.144
515 515 (0) 6 : 0.800 0.200
516 516 (0) 6 : 0.978 0.022
517 517 (0) 6 : 0.799 0.201
518 518 (0) 6 : 0.947 0.053
519 519 (0) 6 : 0.917 0.083
520 520 (0) 6 : 0.964 0.036
521 521 (0) 6 : 0.929 0.071
522 522 (0) 6 : 0.977 0.023
523 523 (0) 6 : 0.978 0.022
524 524 (0) 6 : 0.851 0.149
525 525 (0) 6 : 0.947 0.053
526 526 (0) 6 : 0.738 0.262
527 527 (0) 6 : 0.818 0.182
528 528 (0) 6 : 0.830 0.170
529 529 (0) 6 : 0.934 0.066
530 530 (0) 6 : 0.978 0.022
531 531 (0) 6 : 0.856 0.144
532 532 (0) 6 : 0.927 0.073
533 533 (0) 6 : 0.750 0.250
534 534 (0) 6 : 0.977 0.023
535 535 (0) 6 : 0.943 0.057
536 536 (0) 6 : 0.922 0.078
537 537 (0) 6 : 0.863 0.137
538 538 (0) 6 : 0.902 0.098
539 539 (0) 6 : 0.931 0.069
540 540 (0) 6 : 0.865 0.135
541 541 (0) 6 : 0.829 0.171
542 542 (0) 6 : 0.817 0.183
543 543 (0) 6 : 0.926 0.074
544 544 (0) 6 : 0.941 0.059
545 545 (0) 6 : 0.936 0.064
546 546 (0) 6 : 0.915 0.085
547 547 (0) 6 : 0.925 0.075
548 548 (0) 6 : 0.982 0.018
549 549 (0) 6 : 0.806 0.194
550 550 (0) 6 : 0.886 0.114
551 551 (0) 6 : 0.818 0.182
552 552 (0) 6 : 0.976 0.024
553 553 (0) 6 : 0.925 0.075
554 554 (0) 6 : 0.938 0.062
555 555 (0) 6 : 0.985 0.015
556 556 (0) 6 : 0.930 0.070
557 557 (0) 6 : 0.946 0.054
558 558 (0) 6 : 0.971 0.029
559 559 (0) 6 : 0.927 0.073
560 560 (0) 6 : 0.834 0.166
561 561 (0) 6 : 0.849 0.151
562 562 (0) 6 : 0.907 0.093
563 563 (0) 6 : 0.770 0.230
564 564 (0) 6 : 0.946 0.054
565 565 (0) 6 : 0.908 0.092
566 566 (0) 6 : 0.892 0.108
567 567 (0) 6 : 0.987 0.013
568 568 (0) 6 : 0.821 0.179
569 569 (0) 6 : 0.815 0.185
570 570 (0) 6 : 0.964 0.036
571 571 (0) 6 : 0.941 0.059
572 572 (0) 6 : 0.804 0.196
573 573 (0) 6 : 0.924 0.076
574 574 (0) 6 : 0.872 0.128
575 575 (0) 6 : 0.965 0.035
576 576 (0) 6 : 0.774 0.226
577 577 (0) 6 : 0.866 0.134
578 578 (0) 6 : 0.947 0.053
579 579 (0) 6 : 0.921 0.079
580 580 (0) 6 : 0.752 0.248
581 581 (0) 6 : 0.936 0.064
582 582 (0) 6 : 0.783 0.217
583 583 (0) 6 : 0.914 0.086
584 584 (0) 6 : 0.875 0.125
585 585 (0) 6 : 0.884 0.116
586 586 (0) 6 : 0.747 0.253
587 587 (0) 6 : 0.953 0.047
588 588 (0) 6 : 0.906 0.094
589 589 (0) 6 : 0.842 0.158
590 590 (0) 6 : 0.979 0.021
591 591 (0) 6 : 0.791 0.209
592 592 (0) 6 : 0.981 0.019
593 593 (0) 6 : 0.871 0.129
594 594 (0) 6 : 0.941 0.059
595 595 (0) 6 : 0.784 0.216
596 596 (0) 6 : 0.819 0.181
597 597 (0) 6 : 0.801 0.199
598 598 (0) 6 : 0.864 0.136
599 599 (0) 6 : 0.826 0.174
600 600 (0) 6 : 0.863 0.137
601 601 (5) 7 : 0.969 0.031
602 602 (0) 7 : 0.971 0.029
603 603 (0) 7 : 0.981 0.019
604 604 (0) 7 : 0.941 0.059
605 605 (0) 7 : 0.977 0.023
606 606 (0) 7 : 0.977 0.023
607 607 (0) 7 : 0.985 0.015
608 608 (0) 7 : 0.966 0.034
609 609 (0) 7 : 0.979 0.021
610 610 (0) 7 : 0.970 0.030
611 611 (0) 7 : 0.986 0.014
612 612 (0) 7 : 0.981 0.019
613 613 (0) 7 : 0.974 0.026
614 614 (5) 7 : 0.985 0.015
615 615 (0) 7 : 0.982 0.018
616 616 (0) 7 : 0.984 0.016
617 617 (0) 7 : 0.979 0.021
618 618 (0) 7 : 0.982 0.018
619 619 (0) 7 : 0.976 0.024
620 620 (0) 7 : 0.983 0.017
621 621 (0) 7 : 0.984 0.016
622 622 (0) 7 : 0.978 0.022
623 623 (0) 7 : 0.983 0.017
624 624 (0) 7 : 0.986 0.014
625 625 (0) 7 : 0.986 0.014
626 626 (0) 7 : 0.983 0.017
627 627 (0) 7 : 0.984 0.016
628 628 (0) 7 : 0.982 0.018
629 629 (0) 8 : 0.961 0.039
630 630 (0) 8 : 0.984 0.016
631 631 (0) 8 : 0.976 0.024
632 632 (0) 8 : 0.973 0.027
633 633 (0) 8 : 0.979 0.021
634 634 (0) 8 : 0.984 0.016
635 635 (0) 8 : 0.982 0.018
636 636 (0) 8 : 0.949 0.051
637 637 (0) 8 : 0.983 0.017
638 638 (0) 8 : 0.979 0.021
639 639 (0) 8 : 0.983 0.017
640 640 (0) 8 : 0.984 0.016
641 641 (0) 8 : 0.983 0.017
642 642 (0) 8 : 0.981 0.019
643 643 (0) 8 : 0.986 0.014
644 644 (0) 8 : 0.961 0.039
645 645 (0) 8 : 0.986 0.014
646 646 (0) 8 : 0.983 0.017
647 647 (0) 8 : 0.982 0.018
648 648 (0) 8 : 0.983 0.017
649 649 (0) 8 : 0.985 0.015
650 650 (0) 8 : 0.978 0.022
651 651 (0) 8 : 0.984 0.016
652 652 (0) 8 : 0.982 0.018
653 653 (0) 8 : 0.978 0.022
654 654 (0) 8 : 0.972 0.028
655 655 (0) 8 : 0.984 0.016
656 656 (0) 8 : 0.978 0.022
657 657 (0) 8 : 0.980 0.020
658 658 (0) 8 : 0.983 0.017
659 659 (0) 8 : 0.978 0.022
660 660 (0) 8 : 0.981 0.019
661 661 (0) 8 : 0.984 0.016
662 662 (0) 8 : 0.964 0.036
663 663 (0) 8 : 0.984 0.016
664 664 (0) 8 : 0.982 0.018
665 665 (0) 8 : 0.984 0.016
666 666 (0) 8 : 0.982 0.018
667 667 (0) 8 : 0.984 0.016
668 668 (0) 8 : 0.980 0.020
669 669 (0) 8 : 0.982 0.018
670 670 (0) 8 : 0.981 0.019
671 671 (0) 8 : 0.980 0.020
672 672 (0) 8 : 0.986 0.014
673 673 (0) 8 : 0.974 0.026
674 674 (0) 8 : 0.967 0.033
675 675 (0) 8 : 0.985 0.015
676 676 (0) 8 : 0.985 0.015
677 677 (0) 8 : 0.984 0.016
678 678 (0) 8 : 0.984 0.016
679 679 (0) 8 : 0.983 0.017
680 680 (0) 8 : 0.986 0.014
681 681 (0) 8 : 0.974 0.026
682 682 (0) 8 : 0.983 0.017
683 683 (0) 8 : 0.984 0.016
684 684 (0) 8 : 0.982 0.018
685 685 (0) 8 : 0.986 0.014
686 686 (0) 8 : 0.974 0.026
687 687 (0) 8 : 0.962 0.038
688 688 (0) 8 : 0.974 0.026
689 689 (0) 8 : 0.982 0.018
690 690 (0) 8 : 0.983 0.017
691 691 (0) 8 : 0.982 0.018
692 692 (0) 8 : 0.980 0.020
693 693 (0) 8 : 0.974 0.026
694 694 (0) 8 : 0.983 0.017
695 695 (0) 8 : 0.973 0.027
696 696 (0) 8 : 0.981 0.019
697 697 (0) 8 : 0.986 0.014
698 698 (0) 8 : 0.981 0.019
699 699 (0) 8 : 0.984 0.016
700 700 (0) 8 : 0.974 0.026
1 1 (5) 1 : 0.030 0.970
2 2 (5) 1 : 0.043 0.957
3 3 (5) 1 : 0.020 0.980
4 4 (0) 1 : 0.029 0.971
5 5 (0) 1 : 0.059 0.941
6 6 (0) 1 : 0.023 0.977
7 7 (0) 1 : 0.048 0.952
8 8 (5) 1 : 0.025 0.975
9 9 (0) 1 : 0.021 0.979
10 10 (0) 1 : 0.044 0.956
11 11 (0) 1 : 0.027 0.973
12 12 (0) 1 : 0.040 0.960
13 13 (0) 1 : 0.046 0.954
14 14 (0) 1 : 0.024 0.976
15 15 (0) 1 : 0.019 0.981
16 16 (0) 1 : 0.020 0.980
17 17 (0) 1 : 0.019 0.981
18 18 (0) 1 : 0.031 0.969
19 19 (0) 1 : 0.054 0.946
20 20 (0) 1 : 0.048 0.952
21 21 (0) 1 : 0.026 0.974
22 22 (0) 1 : 0.015 0.985
23 23 (0) 1 : 0.019 0.981
24 24 (0) 1 : 0.035 0.965
25 25 (0) 1 : 0.044 0.956
26 26 (0) 1 : 0.041 0.959
27 27 (5) 1 : 0.033 0.967
28 28 (0) 1 : 0.016 0.984
29 29 (0) 1 : 0.020 0.980
30 30 (0) 1 : 0.033 0.967
31 31 (0) 1 : 0.019 0.981
32 32 (0) 1 : 0.052 0.948
33 33 (0) 1 : 0.023 0.977
34 34 (0) 1 : 0.018 0.982
35 35 (0) 1 : 0.035 0.965
36 36 (0) 1 : 0.025 0.975
37 37 (0) 1 : 0.037 0.963
38 38 (0) 1 : 0.036 0.964
39 39 (0) 1 : 0.030 0.970
40 40 (0) 1 : 0.033 0.967
41 41 (0) 1 : 0.026 0.974
42 42 (0) 1 : 0.019 0.981
43 43 (0) 1 : 0.021 0.979
44 44 (0) 1 : 0.015 0.985
45 45 (5) 1 : 0.036 0.964
46 46 (0) 1 : 0.014 0.986
47 47 (0) 1 : 0.015 0.985
48 48 (0) 1 : 0.024 0.976
49 49 (0) 1 : 0.033 0.967
50 50 (0) 1 : 0.027 0.973
51 51 (0) 1 : 0.040 0.960
52 52 (0) 1 : 0.100 0.900
53 53 (0) 1 : 0.025 0.975
54 54 (0) 1 : 0.016 0.984
55 55 (0) 1 : 0.020 0.980
56 56 (0) 1 : 0.022 0.978
57 57 (10) 1 : 0.039 0.961
58 58 (5) 1 : 0.025 0.975
59 59 (0) 1 : 0.028 0.972
60 60 (0) 1 : 0.025 0.975
61 61 (0) 1 : 0.027 0.973
62 62 (0) 1 : 0.022 0.978
63 63 (0) 1 : 0.026 0.974
64 64 (0) 1 : 0.023 0.977
65 65 (0) 1 : 0.073 0.927
66 66 (0) 1 : 0.019 0.981
67 67 (5) 1 : 0.061 0.939
68 68 (0) 1 : 0.028 0.972
69 69 (0) 1 : 0.017 0.983
70 70 (0) 1 : 0.023 0.977
71 71 (5) 1 : 0.025 0.975
72 72 (0) 1 : 0.040 0.960
73 73 (5) 1 : 0.019 0.981
74 74 (10) 1 : 0.035 0.965
75 75 (10) 1 : 0.046 0.954
76 76 (0) 1 : 0.026 0.974
77 77 (10) 1 : 0.028 0.972
78 78 (0) 1 : 0.046 0.954
79 79 (5) 1 : 0.019 0.981
80 80 (0) 1 : 0.021 0.979
81 81 (0) 1 : 0.021 0.979
82 82 (0) 1 : 0.021 0.979
83 83 (0) 1 : 0.026 0.974
84 84 (0) 1 : 0.046 0.954
85 85 (0) 1 : 0.018 0.982
86 86 (5) 1 : 0.024 0.976
87 87 (0) 1 : 0.023 0.977
88 88 (0) 1 : 0.053 0.947
89 89 (0) 1 : 0.093 0.907
90 90 (0) 1 : 0.022 0.978
91 91 (0) 1 : 0.025 0.975
92 92 (0) 1 : 0.023 0.977
93 93 (0) 1 : 0.017 0.983
94 94 (5) 1 : 0.054 0.946
95 95 (0) 1 : 0.024 0.976
96 96 (5) 1 : 0.024 0.976
97 97 (0) 1 : 0.016 0.984
98 98 (0) 1 : 0.032 0.968
99 99 (5) 1 : 0.032 0.968
100 100 (5) 1 : 0.017 0.983
101 101 (0) 2 : 0.074 0.926
102 102 (0) 2 : 0.030 0.970
103 103 (0) 2 : 0.028 0.972
104 104 (0) 2 : 0.088 0.912
105 105 (0) 2 : 0.186 0.814
106 106 (0) 2 : 0.040 0.960
107 107 (0) 2 : 0.058 0.942
108 108 (0) 2 : 0.064 0.936
109 109 (0) 2 : 0.041 0.959
110 110 (0) 2 : 0.096 0.904
111 111 (0) 2 : 0.091 0.909
112 112 (0) 2 : 0.028 0.972
113 113 (0) 2 : 0.110 0.890
114 114 (0) 2 : 0.069 0.931
115 115 (0) 2 : 0.317 0.683
116 116 (0) 2 : 0.041 0.959
117 117 (0) 2 : 0.045 0.955
118 118 (0) 2 : 0.032 0.968
119 119 (0) 2 : 0.024 0.976
120 120 (0) 2 : 0.089 0.911
121 121 (0) 2 : 0.059 0.941
122 122 (0) 2 : 0.029 0.971
123 123 (0) 2 : 0.037 0.963
124 124 (0) 2 : 0.073 0.927
125 125 (0) 2 : 0.054 0.946
126 126 (0) 2 : 0.030 0.970
127 127 (0) 2 : 0.079 0.921
128 128 (0) 2 : 0.152 0.848
129 129 (0) 2 : 0.113 0.887
130 130 (0) 2 : 0.077 0.923
131 131 (0) 2 : 0.309 0.691
132 132 (0) 2 : 0.346 0.654
133 133 (0) 2 : 0.150 0.850
134 134 (0) 2 : 0.055 0.945
135 135 (0) 2 : 0.090 0.910
136 136 (0) 2 : 0.073 0.927
137 137 (0) 2 : 0.019 0.981
138 138 (0) 2 : 0.026 0.974
139 139 (0) 2 : 0.109 0.891
140 140 (0) 2 : 0.035 0.965
141 141 (0) 2 : 0.054 0.946
142 142 (0) 2 : 0.113 0.887
143 143 (0) 2 : 0.164 0.836
144 144 (0) 2 : 0.107 0.893
145 145 (0) 2 : 0.093 0.907
146 146 (0) 2 : 0.120 0.880
147 147 (0) 2 : 0.051 0.949
148 148 (0) 2 : 0.047 0.953
149 149 (0) 2 : 0.186 0.814
150 150 (0) 2 : 0.118 0.882
151 151 (0) 2 : 0.141 0.859
152 152 (0) 2 : 0.105 0.895
153 153 (0) 2 : 0.057 0.943
154 154 (0) 2 : 0.177 0.823
155 155 (0) 2 : 0.254 0.746
156 156 (0) 2 : 0.284 0.716
157 157 (0) 2 : 0.125 0.875
158 158 (0) 2 : 0.070 0.930
159 159 (0) 2 : 0.105 0.895
160 160 (0) 2 : 0.046 0.954
161 161 (0) 2 : 0.045 0.955
162 162 (0) 2 : 0.019 0.981
163 163 (0) 2 : 0.085 0.915
164 164 (0) 2 : 0.141 0.859
165 165 (0) 2 : 0.282 0.718
166 166 (0) 2 : 0.042 0.958
167 167 (0) 2 : 0.077 0.923
168 168 (0) 2 : 0.056 0.944
169 169 (0) 2 : 0.119 0.881
170 170 (0) 2 : 0.105 0.895
171 171 (0) 2 : 0.105 0.895
172 172 (0) 2 : 0.116 0.884
173 173 (0) 2 : 0.163 0.837
174 174 (0) 2 : 0.037 0.963
175 175 (0) 2 : 0.028 0.972
176 176 (0) 2 : 0.037 0.963
177 177 (0) 2 : 0.071 0.929
178 178 (0) 2 : 0.104 0.896
179 179 (0) 2 : 0.192 0.808
180 180 (0) 2 : 0.039 0.961
181 181 (0) 2 : 0.039 0.961
182 182 (0) 2 : 0.183 0.817
183 183 (0) 2 : 0.186 0.814
184 184 (0) 2 : 0.197 0.803
185 185 (0) 2 : 0.026 0.974
186 186 (0) 2 : 0.039 0.961
187 187 (0) 2 : 0.073 0.927
188 188 (0) 2 : 0.025 0.975
189 189 (0) 2 : 0.040 0.960
190 190 (0) 2 : 0.176 0.824
191 191 (0) 2 : 0.034 0.966
192 192 (0) 2 : 0.193 0.807
193 193 (0) 2 : 0.046 0.954
194 194 (0) 2 : 0.215 0.785
195 195 (0) 2 : 0.135 0.865
196 196 (0) 2 : 0.043 0.957
197 197 (0) 2 : 0.026 0.974
198 198 (0) 2 : 0.091 0.909
199 199 (0) 2 : 0.081 0.919
200 200 (0) 2 : 0.027 0.973
201 201 (0) 3 : 0.054 0.946
202 202 (0) 3 : 0.173 0.827
203 203 (0) 3 : 0.396 0.604
204 204 (0) 3 : 0.253 0.747
205 205 (0) 3 : 0.204 0.796
206 206 (0) 3 : 0.113 0.887
207 207 (0) 3 : 0.139 0.861
208 208 (0) 3 : 0.209 0.791
209 209 (0) 3 : 0.295 0.705
210 210 (0) 3 : 0.230 0.770
211 211 (0) 3 : 0.177 0.823
212 212 (0) 3 : 0.101 0.899
213 213 (0) 3 : 0.166 0.834
214 214 (0) 3 : 0.305 0.695
215 215 (0) 3 : 0.264 0.736
216 216 (0) 3 : 0.269 0.731
217 217 (0) 3 : 0.069 0.931
218 218 (0) 3 : 0.191 0.809
219 219 (0) 3 : 0.164 0.836
220 220 (0) 3 : 0.059 0.941
221 221 (0) 3 : 0.108 0.892
222 222 (0) 3 : 0.208 0.792
223 223 (0) 3 : 0.120 0.880
224 224 (0) 3 : 0.263 0.737
225 225 (0) 3 : 0.193 0.807
226 226 (0) 3 : 0.296 0.704
227 227 (0) 3 : 0.350 0.650
228 228 (0) 3 : 0.149 0.851
229 229 (0) 3 : 0.321 0.679
230 230 (0) 3 : 0.092 0.908
231 231 (0) 3 : 0.041 0.959
232 232 (0) 3 : 0.327 0.673
233 233 (0) 3 : 0.251 0.749
234 234 (0) 3 : 0.100 0.900
235 235 (0) 3 : 0.183 0.817
236 236 (0) 3 : 0.275 0.725
237 237 (0) 3 : 0.195 0.805
238 238 (0) 3 : 0.177 0.823
239 239 (0) 3 : 0.441 0.559
240 240 (0) 3 : 0.181 0.819
241 241 (0) 3 : 0.149 0.851
242 242 (0) 3 : 0.069 0.931
243 243 (0) 3 : 0.396 0.604
244 244 (0) 3 : 0.344 0.656
245 245 (0) 3 : 0.302 0.698
246 246 (0) 3 : 0.271 0.729
247 247 (0) 3 : 0.096 0.904
248 248 (0) 3 : 0.201 0.799
249 249 (0) 3 : 0.270 0.730
250 250 (0) 3 : 0.059 0.941
251 251 (0) 3 : 0.243 0.757
252 252 (0) 3 : 0.249 0.751
253 253 (0) 3 : 0.299 0.701
254 254 (0) 3 : 0.314 0.686
255 255 (0) 3 : 0.346 0.654
256 256 (0) 3 : 0.238 0.762
257 257 (0) 3 : 0.332 0.668
258 258 (0) 3 : 0.396 0.604
259 259 (0) 3 : 0.055 0.945
260 260 (0) 3 : 0.050 0.950
261 261 (0) 3 : 0.100 0.900
262 262 (0) 3 : 0.321 0.679
263 263 (0) 3 : 0.046 0.954
264 264 (0) 3 : 0.237 0.763
265 265 (0) 3 : 0.291 0.709
266 266 (0) 3 : 0.206 0.794
267 267 (0) 3 : 0.099 0.901
268 268 (0) 3 : 0.316 0.684
269 269 (0) 3 : 0.077 0.923
270 270 (0) 3 : 0.107 0.893
271 271 (0) 3 : 0.205 0.795
272 272 (0) 3 : 0.285 0.715
273 273 (0) 3 : 0.102 0.898
274 274 (0) 3 : 0.235 0.765
275 275 (0) 3 : 0.173 0.827
276 276 (0) 3 : 0.151 0.849
277 277 (0) 3 : 0.311 0.689
278 278 (0) 3 : 0.047 0.953
279 279 (0) 3 : 0.473 0.527
280 280 (0) 3 : 0.119 0.881
281 281 (0) 3 : 0.402 0.598
282 282 (0) 3 : 0.336 0.664
283 283 (0) 3 : 0.294 0.706
284 284 (0) 3 : 0.099 0.901
285 285 (0) 3 : 0.203 0.797
286 286 (0) 3 : 0.290 0.710
287 287 (0) 3 : 0.158 0.842
288 288 (0) 3 : 0.218 0.782
289 289 (0) 3 : 0.200 0.800
290 290 (0) 3 : 0.182 0.818
291 291 (0) 3 : 0.130 0.870
292 292 (0) 3 : 0.054 0.946
293 293 (0) 3 : 0.145 0.855
294 294 (0) 3 : 0.353 0.647
295 295 (0) 3 : 0.391 0.609
296 296 (0) 3 : 0.264 0.736
297 297 (0) 3 : 0.354 0.646
298 298 (0) 3 : 0.083 0.917
299 299 (0) 3 : 0.091 0.909
300 300 (0) 3 : 0.268 0.732
301 301 (0) 4 : 0.514 0.486
302 302 (0) 4 : 0.498 0.502
303 303 (0) 4 : 0.563 0.437
304 304 (0) 4 : 0.336 0.664
305 305 (0) 4 : 0.526 0.474
306 306 (0) 4 : 0.504 0.496
307 307 (0) 4 : 0.406 0.594
308 308 (0) 4 : 0.533 0.467
309 309 (0) 4 : 0.392 0.608
310 310 (0) 4 : 0.645 0.355
311 311 (0) 4 : 0.454 0.546
312 312 (0) 4 : 0.620 0.380
313 313 (0) 4 : 0.571 0.429
314 314 (0) 4 : 0.369 0.631
315 315 (0) 4 : 0.432 0.568
316 316 (0) 4 : 0.476 0.524
317 317 (0) 4 : 0.475 0.525
318 318 (0) 4 : 0.496 0.504
319 319 (0) 4 : 0.571 0.429
320 320 (0) 4 : 0.649 0.351
321 321 (0) 4 : 0.437 0.563
322 322 (0) 4 : 0.464 0.536
323 323 (0) 4 : 0.259 0.741
324 324 (0) 4 : 0.471 0.529
325 325 (0) 4 : 0.624 0.376
326 326 (0) 4 : 0.653 0.347
327 327 (0) 4 : 0.463 0.537
328 328 (0) 4 : 0.548 0.452
329 329 (0) 4 : 0.516 0.484
330 330 (0) 4 : 0.528 0.472
331 331 (0) 4 : 0.433 0.567
332 332 (0) 4 : 0.585 0.415
333 333 (0) 4 : 0.595 0.405
334 334 (0) 4 : 0.552 0.448
335 335 (0) 4 : 0.436 0.564
336 336 (0) 4 : 0.576 0.424
337 337 (0) 4 : 0.421 0.579
338 338 (0) 4 : 0.490 0.510
339 339 (0) 4 : 0.359 0.641
340 340 (0) 4 : 0.590 0.410
341 341 (0) 4 : 0.688 0.312
342 342 (0) 4 : 0.481 0.519
343 343 (0) 4 : 0.490 0.510
344 344 (0) 4 : 0.528 0.472
345 345 (0) 4 : 0.627 0.373
346 346 (0) 4 : 0.492 0.508
347 347 (0) 4 : 0.417 0.583
348 348 (0) 4 : 0.317 0.683
349 349 (0) 4 : 0.703 0.297
350 350 (0) 4 : 0.501 0.499
351 351 (0) 4 : 0.389 0.611
352 352 (0) 4 : 0.567 0.433
353 353 (0) 4 : 0.539 0.461
354 354 (0) 4 : 0.527 0.473
355 355 (0) 4 : 0.510 0.490
356 356 (0) 4 : 0.457 0.543
357 357 (0) 4 : 0.424 0.576
358 358 (0) 4 : 0.651 0.349
359 359 (0) 4 : 0.602 0.398
360 360 (0) 4 : 0.461 0.539
361 361 (0) 4 : 0.387 0.613
362 362 (0) 4 : 0.602 0.398
363 363 (0) 4 : 0.502 0.498
364 364 (0) 4 : 0.488 0.512
365 365 (0) 4 : 0.512 0.488
366 366 (0) 4 : 0.622 0.378
367 367 (0) 4 : 0.631 0.369
368 368 (0) 4 : 0.638 0.362
369 369 (0) 4 : 0.427 0.573
370 370 (0) 4 : 0.605 0.395
371 371 (0) 4 : 0.514 0.486
372 372 (0) 4 : 0.580 0.420
373 373 (0) 4 : 0.571 0.429
374 374 (0) 4 : 0.525 0.475
375 375 (0) 4 : 0.511 0.489
376 376 (0) 4 : 0.442 0.558
377 377 (0) 4 : 0.444 0.556
378 378 (0) 4 : 0.535 0.465
379 379 (0) 4 : 0.538 0.462
380 380 (0) 4 : 0.483 0.517
381 381 (0) 4 : 0.500 0.500
382 382 (0) 4 : 0.337 0.663
383 383 (0) 4 : 0.444 0.556
384 384 (0) 4 : 0.512 0.488
385 385 (0) 4 : 0.275 0.725
386 386 (0) 4 : 0.524 0.476
387 387 (0) 4 : 0.495 0.505
388 388 (0) 4 : 0.526 0.474
389 389 (0) 4 : 0.482 0.518
390 390 (0) 4 : 0.384 0.616
391 391 (0) 4 : 0.384 0.616
392 392 (0) 4 : 0.221 0.779
393 393 (0) 4 : 0.410 0.590
394 394 (0) 4 : 0.436 0.564
395 395 (0) 4 : 0.504 0.496
396 396 (0) 4 : 0.538 0.462
397 397 (0) 4 : 0.613 0.387
398 398 (0) 4 : 0.383 0.617
399 399 (0) 4 : 0.495 0.505
400 400 (0) 4 : 0.568 0.432
401 401 (0) 5 : 0.725 0.275
402 402 (0) 5 : 0.776 0.224
403 403 (0) 5 : 0.834 0.166
404 404 (0) 5 : 0.780 0.220
405 405 (0) 5 : 0.814 0.186
406 406 (0) 5 : 0.923 0.077
407 407 (0) 5 : 0.812 0.188
408 408 (0) 5 : 0.650 0.350
409 409 (0) 5 : 0.789 0.211
410 410 (0) 5 : 0.892 0.108
411 411 (0) 5 : 0.934 0.066
412 412 (0) 5 : 0.734 0.266
413 413 (0) 5 : 0.778 0.222
414 414 (0) 5 : 0.660 0.340
415 415 (0) 5 : 0.683 0.317
416 416 (0) 5 : 0.668 0.332
417 417 (0) 5 : 0.619 0.381
418 418 (0) 5 : 0.649 0.351
419 419 (0) 5 : 0.729 0.271
420 420 (0) 5 : 0.694 0.306
421 421 (0) 5 : 0.791 0.209
422 422 (0) 5 : 0.942 0.058
423 423 (0) 5 : 0.882 0.118
424 424 (0) 5 : 0.878 0.122
425 425 (0) 5 : 0.709 0.291
426 426 (0) 5 : 0.793 0.207
427 427 (0) 5 : 0.764 0.236
428 428 (0) 5 : 0.695 0.305
429 429 (0) 5 : 0.585 0.415
430 430 (0) 5 : 0.826 0.174
431 431 (0) 5 : 0.759 0.241
432 432 (0) 5 : 0.806 0.194
433 433 (0) 5 : 0.803 0.197
434 434 (0) 5 : 0.896 0.104
435 435 (0) 5 : 0.743 0.257
436 436 (0) 5 : 0.905 0.095
437 437 (0) 5 : 0.860 0.140
438 438 (0) 5 : 0.785 0.215
439 439 (0) 5 : 0.700 0.300
440 440 (0) 5 : 0.753 0.247
441 441 (0) 5 : 0.824 0.176
442 442 (0) 5 : 0.694 0.306
443 443 (0) 5 : 0.741 0.259
444 444 (0) 5 : 0.682 0.318
445 445 (0) 5 : 0.665 0.335
446 446 (0) 5 : 0.928 0.072
447 447 (0) 5 : 0.767 0.233
448 448 (0) 5 : 0.725 0.275
449 449 (0) 5 : 0.730 0.270
450 450 (0) 5 : 0.964 0.036
451 451 (0) 5 : 0.586 0.414
452 452 (0) 5 : 0.820 0.180
453 453 (0) 5 : 0.581 0.419
454 454 (0) 5 : 0.783 0.217
455 455 (0) 5 : 0.762 0.238
456 456 (0) 5 : 0.872 0.128
457 457 (0) 5 : 0.826 0.174
458 458 (0) 5 : 0.833 0.167
459 459 (0) 5 : 0.935 0.065
460 460 (0) 5 : 0.846 0.154
461 461 (0) 5 : 0.837 0.163
462 462 (0) 5 : 0.715 0.285
463 463 (0) 5 : 0.933 0.067
464 464 (0) 5 : 0.596 0.404
465 465 (0) 5 : 0.714 0.286
466 466 (0) 5 : 0.891 0.109
467 467 (0) 5 : 0.818 0.182
468 468 (0) 5 : 0.766 0.234
469 469 (0) 5 : 0.978 0.022
470 470 (0) 5 : 0.845 0.155
471 471 (0) 5 : 0.677 0.323
472 472 (0) 5 : 0.869 0.131
473 473 (0) 5 : 0.794 0.206
474 474 (0) 5 : 0.778 0.222
475 475 (0) 5 : 0.660 0.340
476 476 (0) 5 : 0.572 0.428
477 477 (0) 5 : 0.724 0.276
478 478 (0) 5 : 0.628 0.372
479 479 (0) 5 : 0.795 0.205
480 480 (0) 5 : 0.783 0.217
481 481 (0) 5 : 0.789 0.211
482 482 (0) 5 : 0.620 0.380
483 483 (0) 5 : 0.749 0.251
484 484 (0) 5 : 0.861 0.139
485 485 (0) 5 : 0.684 0.316
486 486 (0) 5 : 0.800 0.200
487 487 (0) 5 : 0.710 0.290
488 488 (0) 5 : 0.708 0.292
489 489 (0) 5 : 0.696 0.304
490 490 (0) 5 : 0.609 0.391
491 491 (0) 5 : 0.758 0.242
492 492 (0) 5 : 0.768 0.232
493 493 (0) 5 : 0.674 0.326
494 494 (0) 5 : 0.779 0.221
495 495 (0) 5 : 0.664 0.336
496 496 (0) 5 : 0.953 0.047
497 497 (0) 5 : 0.740 0.260
498 498 (0) 5 : 0.620 0.380
499 499 (0) 5 : 0.723 0.277
500 500 (0) 5 : 0.796 0.204
501 501 (0) 6 : 0.874 0.126
502 502 (0) 6 : 0.917 0.083
503 503 (0) 6 : 0.776 0.224
504 504 (0) 6 : 0.937 0.063
505 505 (0) 6 : 0.894 0.106
506 506 (0) 6 : 0.832 0.168
507 507 (0) 6 : 0.974 0.026
508 508 (0) 6 : 0.863 0.137
509 509 (0) 6 : 0.985 0.015
510 510 (0) 6 : 0.906 0.094
511 511 (0) 6 : 0.967 0.033
512 512 (0) 6 : 0.875 0.125
513 513 (0) 6 : 0.927 0.073
514 514 (0) 6 : 0.856 0.144
515 515 (0) 6 : 0.800 0.200
516 516 (0) 6 : 0.978 0.022
517 517 (0) 6 : 0.799 0.201
518 518 (0) 6 : 0.947 0.053
519 519 (0) 6 : 0.917 0.083
520 520 (0) 6 : 0.964 0.036
521 521 (0) 6 : 0.929 0.071
522 522 (0) 6 : 0.977 0.023
523 523 (0) 6 : 0.978 0.022
524 524 (0) 6 : 0.851 0.149
525 525 (0) 6 : 0.947 0.053
526 526 (0) 6 : 0.738 0.262
527 527 (0) 6 : 0.818 0.182
528 528 (0) 6 : 0.830 0.170
529 529 (0) 6 : 0.933 0.067
530 530 (0) 6 : 0.978 0.022
531 531 (0) 6 : 0.856 0.144
532 532 (0) 6 : 0.927 0.073
533 533 (0) 6 : 0.750 0.250
534 534 (0) 6 : 0.977 0.023
535 535 (0) 6 : 0.943 0.057
536 536 (0) 6 : 0.922 0.078
537 537 (0) 6 : 0.863 0.137
538 538 (0) 6 : 0.902 0.098
539 539 (0) 6 : 0.931 0.069
540 540 (0) 6 : 0.865 0.135
541 541 (0) 6 : 0.829 0.171
542 542 (0) 6 : 0.817 0.183
543 543 (0) 6 : 0.926 0.074
544 544 (0) 6 : 0.941 0.059
545 545 (0) 6 : 0.936 0.064
546 546 (0) 6 : 0.915 0.085
547 547 (0) 6 : 0.925 0.075
548 548 (0) 6 : 0.983 0.017
549 549 (0) 6 : 0.806 0.194
550 550 (0) 6 : 0.885 0.115
551 551 (0) 6 : 0.818 0.182
552 552 (0) 6 : 0.976 0.024
553 553 (0) 6 : 0.925 0.075
554 554 (0) 6 : 0.938 0.062
555 555 (0) 6 : 0.985 0.015
556 556 (0) 6 : 0.930 0.070
557 557 (0) 6 : 0.946 0.054
558 558 (0) 6 : 0.971 0.029
559 559 (0) 6 : 0.927 0.073
560 560 (0) 6 : 0.835 0.165
561 561 (0) 6 : 0.849 0.151
562 562 (0) 6 : 0.907 0.093
563 563 (0) 6 : 0.770 0.230
564 564 (0) 6 : 0.946 0.054
565 565 (0) 6 : 0.908 0.092
566 566 (0) 6 : 0.892 0.108
567 567 (0) 6 : 0.987 0.013
568 568 (0) 6 : 0.821 0.179
569 569 (0) 6 : 0.815 0.185
570 570 (0) 6 : 0.964 0.036
571 571 (0) 6 : 0.941 0.059
572 572 (0) 6 : 0.805 0.195
573 573 (0) 6 : 0.925 0.075
574 574 (0) 6 : 0.871 0.129
575 575 (0) 6 : 0.965 0.035
576 576 (0) 6 : 0.775 0.225
577 577 (0) 6 : 0.865 0.135
578 578 (0) 6 : 0.947 0.053
579 579 (0) 6 : 0.922 0.078
580 580 (0) 6 : 0.752 0.248
581 581 (0) 6 : 0.936 0.064
582 582 (0) 6 : 0.783 0.217
583 583 (0) 6 : 0.913 0.087
584 584 (0) 6 : 0.875 0.125
585 585 (0) 6 : 0.884 0.116
586 586 (0) 6 : 0.747 0.253
587 587 (0) 6 : 0.954 0.046
588 588 (0) 6 : 0.906 0.094
589 589 (0) 6 : 0.842 0.158
590 590 (0) 6 : 0.978 0.022
591 591 (0) 6 : 0.791 0.209
592 592 (0) 6 : 0.981 0.019
593 593 (0) 6 : 0.871 0.129
594 594 (0) 6 : 0.941 0.059
595 595 (0) 6 : 0.783 0.217
596 596 (0) 6 : 0.819 0.181
597 597 (0) 6 : 0.801 0.199
598 598 (0) 6 : 0.864 0.136
599 599 (0) 6 : 0.826 0.174
600 600 (0) 6 : 0.863 0.137
601 601 (5) 7 : 0.968 0.032
602 602 (0) 7 : 0.971 0.029
603 603 (0) 7 : 0.981 0.019
604 604 (0) 7 : 0.941 0.059
605 605 (0) 7 : 0.976 0.024
606 606 (0) 7 : 0.977 0.023
607 607 (0) 7 : 0.985 0.015
608 608 (0) 7 : 0.966 0.034
609 609 (0) 7 : 0.979 0.021
610 610 (0) 7 : 0.970 0.030
611 611 (0) 7 : 0.986 0.014
612 612 (0) 7 : 0.981 0.019
613 613 (0) 7 : 0.974 0.026
614 614 (5) 7 : 0.985 0.015
615 615 (0) 7 : 0.982 0.018
616 616 (0) 7 : 0.984 0.016
617 617 (0) 7 : 0.979 0.021
618 618 (0) 7 : 0.982 0.018
619 619 (0) 7 : 0.976 0.024
620 620 (0) 7 : 0.983 0.017
621 621 (0) 7 : 0.984 0.016
622 622 (0) 7 : 0.978 0.022
623 623 (0) 7 : 0.983 0.017
624 624 (0) 7 : 0.986 0.014
625 625 (0) 7 : 0.986 0.014
626 626 (0) 7 : 0.983 0.017
627 627 (0) 7 : 0.984 0.016
628 628 (0) 7 : 0.982 0.018
629 629 (0) 8 : 0.962 0.038
630 630 (0) 8 : 0.984 0.016
631 631 (0) 8 : 0.976 0.024
632 632 (0) 8 : 0.972 0.028
633 633 (0) 8 : 0.979 0.021
634 634 (0) 8 : 0.984 0.016
635 635 (0) 8 : 0.981 0.019
636 636 (0) 8 : 0.949 0.051
637 637 (0) 8 : 0.983 0.017
638 638 (0) 8 : 0.979 0.021
639 639 (0) 8 : 0.983 0.017
640 640 (0) 8 : 0.984 0.016
641 641 (0) 8 : 0.983 0.017
642 642 (0) 8 : 0.981 0.019
643 643 (0) 8 : 0.986 0.014
644 644 (0) 8 : 0.961 0.039
645 645 (0) 8 : 0.986 0.014
646 646 (0) 8 : 0.984 0.016
647 647 (0) 8 : 0.982 0.018
648 648 (0) 8 : 0.983 0.017
649 649 (0) 8 : 0.985 0.015
650 650 (0) 8 : 0.978 0.022
651 651 (0) 8 : 0.984 0.016
652 652 (0) 8 : 0.982 0.018
653 653 (0) 8 : 0.978 0.022
654 654 (0) 8 : 0.972 0.028
655 655 (0) 8 : 0.984 0.016
656 656 (0) 8 : 0.978 0.022
657 657 (0) 8 : 0.980 0.020
658 658 (0) 8 : 0.983 0.017
659 659 (0) 8 : 0.978 0.022
660 660 (0) 8 : 0.981 0.019
661 661 (0) 8 : 0.984 0.016
662 662 (0) 8 : 0.964 0.036
663 663 (0) 8 : 0.983 0.017
664 664 (0) 8 : 0.982 0.018
665 665 (0) 8 : 0.984 0.016
666 666 (0) 8 : 0.982 0.018
667 667 (0) 8 : 0.984 0.016
668 668 (0) 8 : 0.980 0.020
669 669 (0) 8 : 0.982 0.018
670 670 (0) 8 : 0.981 0.019
671 671 (0) 8 : 0.980 0.020
672 672 (0) 8 : 0.986 0.014
673 673 (0) 8 : 0.974 0.026
674 674 (0) 8 : 0.967 0.033
675 675 (0) 8 : 0.985 0.015
676 676 (0) 8 : 0.985 0.015
677 677 (0) 8 : 0.984 0.016
678 678 (0) 8 : 0.984 0.016
679 679 (0) 8 : 0.983 0.017
680 680 (0) 8 : 0.986 0.014
681 681 (0) 8 : 0.974 0.026
682 682 (0) 8 : 0.983 0.017
683 683 (0) 8 : 0.984 0.016
684 684 (0) 8 : 0.982 0.018
685 685 (0) 8 : 0.986 0.014
686 686 (0) 8 : 0.974 0.026
687 687 (0) 8 : 0.962 0.038
688 688 (0) 8 : 0.974 0.026
689 689 (0) 8 : 0.982 0.018
690 690 (0) 8 : 0.983 0.017
691 691 (0) 8 : 0.982 0.018
692 692 (0) 8 : 0.980 0.020
693 693 (0) 8 : 0.974 0.026
694 694 (0) 8 : 0.983 0.017
695 695 (0) 8 : 0.973 0.027
696 696 (0) 8 : 0.981 0.019
697 697 (0) 8 : 0.986 0.014
698 698 (0) 8 : 0.981 0.019
699 699 (0) 8 : 0.984 0.016
700 700 (0) 8 : 0.974 0.026
1 1 (5) 1 : 0.030 0.970
2 2 (5) 1 : 0.043 0.957
3 3 (5) 1 : 0.020 0.980
4 4 (0) 1 : 0.029 0.971
5 5 (0) 1 : 0.059 0.941
6 6 (0) 1 : 0.023 0.977
7 7 (0) 1 : 0.047 0.953
8 8 (5) 1 : 0.025 0.975
9 9 (0) 1 : 0.021 0.979
10 10 (0) 1 : 0.044 0.956
11 11 (0) 1 : 0.027 0.973
12 12 (0) 1 : 0.040 0.960
13 13 (0) 1 : 0.046 0.954
14 14 (0) 1 : 0.024 0.976
15 15 (0) 1 : 0.019 0.981
16 16 (0) 1 : 0.020 0.980
17 17 (0) 1 : 0.019 0.981
18 18 (0) 1 : 0.031 0.969
19 19 (0) 1 : 0.055 0.945
20 20 (0) 1 : 0.049 0.951
21 21 (0) 1 : 0.026 0.974
22 22 (0) 1 : 0.015 0.985
23 23 (0) 1 : 0.019 0.981
24 24 (0) 1 : 0.035 0.965
25 25 (0) 1 : 0.044 0.956
26 26 (0) 1 : 0.041 0.959
27 27 (5) 1 : 0.033 0.967
28 28 (0) 1 : 0.016 0.984
29 29 (0) 1 : 0.020 0.980
30 30 (0) 1 : 0.033 0.967
31 31 (0) 1 : 0.019 0.981
32 32 (0) 1 : 0.052 0.948
33 33 (0) 1 : 0.023 0.977
34 34 (0) 1 : 0.017 0.983
35 35 (0) 1 : 0.035 0.965
36 36 (0) 1 : 0.025 0.975
37 37 (0) 1 : 0.037 0.963
38 38 (0) 1 : 0.036 0.964
39 39 (0) 1 : 0.030 0.970
40 40 (0) 1 : 0.033 0.967
41 41 (0) 1 : 0.026 0.974
42 42 (0) 1 : 0.019 0.981
43 43 (0) 1 : 0.021 0.979
44 44 (0) 1 : 0.015 0.985
45 45 (5) 1 : 0.036 0.964
46 46 (0) 1 : 0.014 0.986
47 47 (0) 1 : 0.015 0.985
48 48 (0) 1 : 0.024 0.976
49 49 (0) 1 : 0.033 0.967
50 50 (0) 1 : 0.027 0.973
51 51 (0) 1 : 0.040 0.960
52 52 (0) 1 : 0.100 0.900
53 53 (0) 1 : 0.025 0.975
54 54 (0) 1 : 0.016 0.984
55 55 (0) 1 : 0.020 0.980
56 56 (0) 1 : 0.022 0.978
57 57 (10) 1 : 0.039 0.961
58 58 (5) 1 : 0.025 0.975
59 59 (0) 1 : 0.029 0.971
60 60 (0) 1 : 0.025 0.975
61 61 (0) 1 : 0.027 0.973
62 62 (0) 1 : 0.022 0.978
63 63 (0) 1 : 0.027 0.973
64 64 (0) 1 : 0.023 0.977
65 65 (0) 1 : 0.072 0.928
66 66 (0) 1 : 0.019 0.981
67 67 (5) 1 : 0.061 0.939
68 68 (0) 1 : 0.028 0.972
69 69 (0) 1 : 0.017 0.983
70 70 (0) 1 : 0.023 0.977
71 71 (5) 1 : 0.025 0.975
72 72 (0) 1 : 0.040 0.960
73 73 (5) 1 : 0.019 0.981
74 74 (10) 1 : 0.035 0.965
75 75 (10) 1 : 0.045 0.955
76 76 (0) 1 : 0.026 0.974
77 77 (10) 1 : 0.028 0.972
78 78 (0) 1 : 0.046 0.954
79 79 (5) 1 : 0.020 0.980
80 80 (0) 1 : 0.021 0.979
81 81 (0) 1 : 0.021 0.979
82 82 (0) 1 : 0.021 0.979
83 83 (0) 1 : 0.026 0.974
84 84 (0) 1 : 0.046 0.954
85 85 (0) 1 : 0.018 0.982
86 86 (5) 1 : 0.024 0.976
87 87 (0) 1 : 0.023 0.977
88 88 (0) 1 : 0.053 0.947
89 89 (0) 1 : 0.093 0.907
90 90 (0) 1 : 0.022 0.978
91 91 (0) 1 : 0.025 0.975
92 92 (0) 1 : 0.024 0.976
93 93 (0) 1 : 0.017 0.983
94 94 (5) 1 : 0.054 0.946
95 95 (0) 1 : 0.024 0.976
96 96 (5) 1 : 0.024 0.976
97 97 (0) 1 : 0.016 0.984
98 98 (0) 1 : 0.032 0.968
99 99 (5) 1 : 0.032 0.968
100 100 (5) 1 : 0.017 0.983
101 101 (0) 2 : 0.074 0.926
102 102 (0) 2 : 0.030 0.970
103 103 (0) 2 : 0.028 0.972
104 104 (0) 2 : 0.088 0.912
105 105 (0) 2 : 0.186 0.814
106 106 (0) 2 : 0.040 0.960
107 107 (0) 2 : 0.058 0.942
108 108 (0) 2 : 0.064 0.936
109 109 (0) 2 : 0.041 0.959
110 110 (0) 2 : 0.096 0.904
111 111 (0) 2 : 0.091 0.909
112 112 (0) 2 : 0.028 0.972
113 113 (0) 2 : 0.110 0.890
114 114 (0) 2 : 0.069 0.931
115 115 (0) 2 : 0.317 0.683
116 116 (0) 2 : 0.041 0.959
117 117 (0) 2 : 0.046 0.954
118 118 (0) 2 : 0.032 0.968
119 119 (0) 2 : 0.024 0.976
120 120 (0) 2 : 0.089 0.911
121 121 (0) 2 : 0.059 0.941
122 122 (0) 2 : 0.029 0.971
123 123 (0) 2 : 0.037 0.963
124 124 (0) 2 : 0.073 0.927
125 125 (0) 2 : 0.054 0.946
126 126 (0) 2 : 0.030 0.970
127 127 (0) 2 : 0.079 0.921
128 128 (0) 2 : 0.152 0.848
129 129 (0) 2 : 0.113 0.887
130 130 (0) 2 : 0.077 0.923
131 131 (0) 2 : 0.309 0.691
132 132 (0) 2 : 0.346 0.654
133 133 (0) 2 : 0.151 0.849
134 134 (0) 2 : 0.055 0.945
135 135 (0) 2 : 0.089 0.911
136 136 (0) 2 : 0.073 0.927
137 137 (0) 2 : 0.019 0.981
138 138 (0) 2 : 0.026 0.974
139 139 (0) 2 : 0.109 0.891
140 140 (0) 2 : 0.035 0.965
141 141 (0) 2 : 0.054 0.946
142 142 (0) 2 : 0.113 0.887
143 143 (0) 2 : 0.163 0.837
144 144 (0) 2 : 0.106 0.894
145 145 (0) 2 : 0.093 0.907
146 146 (0) 2 : 0.120 0.880
147 147 (0) 2 : 0.051 0.949
148 148 (0) 2 : 0.047 0.953
149 149 (0) 2 : 0.186 0.814
150 150 (0) 2 : 0.118 0.882
151 151 (0) 2 : 0.140 0.860
152 152 (0) 2 : 0.105 0.895
153 153 (0) 2 : 0.057 0.943
154 154 (0) 2 : 0.177 0.823
155 155 (0) 2 : 0.255 0.745
156 156 (0) 2 : 0.284 0.716
157 157 (0) 2 : 0.125 0.875
158 158 (0) 2 : 0.070 0.930
159 159 (0) 2 : 0.105 0.895
160 160 (0) 2 : 0.045 0.955
161 161 (0) 2 : 0.045 0.955
162 162 (0) 2 : 0.019 0.981
163 163 (0) 2 : 0.084 0.916
164 164 (0) 2 : 0.141 0.859
165 165 (0) 2 : 0.282 0.718
166 166 (0) 2 : 0.042 0.958
167 167 (0) 2 : 0.077 0.923
168 168 (0) 2 : 0.056 0.944
169 169 (0) 2 : 0.119 0.881
170 170 (0) 2 : 0.105 0.895
171 171 (0) 2 : 0.105 0.895
172 172 (0) 2 : 0.116 0.884
173 173 (0) 2 : 0.163 0.837
174 174 (0) 2 : 0.037 0.963
175 175 (0) 2 : 0.028 0.972
176 176 (0) 2 : 0.037 0.963
177 177 (0) 2 : 0.071 0.929
178 178 (0) 2 : 0.105 0.895
179 179 (0) 2 : 0.192 0.808
180 180 (0) 2 : 0.039 0.961
181 181 (0) 2 : 0.039 0.961
182 182 (0) 2 : 0.183 0.817
183 183 (0) 2 : 0.186 0.814
184 184 (0) 2 : 0.197 0.803
185 185 (0) 2 : 0.026 0.974
186 186 (0) 2 : 0.039 0.961
187 187 (0) 2 : 0.073 0.927
188 188 (0) 2 : 0.025 0.975
189 189 (0) 2 : 0.040 0.960
190 190 (0) 2 : 0.176 0.824
191 191 (0) 2 : 0.034 0.966
192 192 (0) 2 : 0.193 0.807
193 193 (0) 2 : 0.046 0.954
194 194 (0) 2 : 0.215 0.785
195 195 (0) 2 : 0.135 0.865
196 196 (0) 2 : 0.043 0.957
197 197 (0) 2 : 0.027 0.973
198 198 (0) 2 : 0.091 0.909
199 199 (0) 2 : 0.081 0.919
200 200 (0) 2 : 0.027 0.973
201 201 (0) 3 : 0.054 0.946
202 202 (0) 3 : 0.173 0.827
203 203 (0) 3 : 0.396 0.604
204 204 (0) 3 : 0.253 0.747
205 205 (0) 3 : 0.204 0.796
206 206 (0) 3 : 0.113 0.887
207 207 (0) 3 : 0.140 0.860
208 208 (0) 3 : 0.209 0.791
209 209 (0) 3 : 0.295 0.705
210 210 (0) 3 : 0.230 0.770
211 211 (0) 3 : 0.177 0.823
212 212 (0) 3 : 0.101 0.899
213 213 (0) 3 : 0.166 0.834
214 214 (0) 3 : 0.305 0.695
215 215 (0) 3 : 0.264 0.736
216 216 (0) 3 : 0.269 0.731
217 217 (0) 3 : 0.070 0.930
218 218 (0) 3 : 0.191 0.809
219 219 (0) 3 : 0.164 0.836
220 220 (0) 3 : 0.059 0.941
221 221 (0) 3 : 0.108 0.892
222 222 (0) 3 : 0.208 0.792
223 223 (0) 3 : 0.120 0.880
224 224 (0) 3 : 0.264 0.736
225 225 (0) 3 : 0.193 0.807
226 226 (0) 3 : 0.296 0.704
227 227 (0) 3 : 0.350 0.650
228 228 (0) 3 : 0.149 0.851
229 229 (0) 3 : 0.321 0.679
230 230 (0) 3 : 0.092 0.908
231 231 (0) 3 : 0.041 0.959
232 232 (0) 3 : 0.327 0.673
233 233 (0) 3 : 0.251 0.749
234 234 (0) 3 : 0.100 0.900
235 235 (0) 3 : 0.183 0.817
236 236 (0) 3 : 0.275 0.725
237 237 (0) 3 : 0.195 0.805
238 238 (0) 3 : 0.178 0.822
239 239 (0) 3 : 0.441 0.559
240 240 (0) 3 : 0.181 0.819
241 241 (0) 3 : 0.149 0.851
242 242 (0) 3 : 0.070 0.930
243 243 (0) 3 : 0.396 0.604
244 244 (0) 3 : 0.344 0.656
245 245 (0) 3 : 0.303 0.697
246 246 (0) 3 : 0.271 0.729
247 247 (0) 3 : 0.096 0.904
248 248 (0) 3 : 0.202 0.798
249 249 (0) 3 : 0.270 0.730
250 250 (0) 3 : 0.059 0.941
251 251 (0) 3 : 0.243 0.757
252 252 (0) 3 : 0.249 0.751
253 253 (0) 3 : 0.299 0.701
254 254 (0) 3 : 0.314 0.686
255 255 (0) 3 : 0.346 0.654
256 256 (0) 3 : 0.238 0.762
257 257 (0) 3 : 0.332 0.668
258 258 (0) 3 : 0.396 0.604
259 259 (0) 3 : 0.055 0.945
260 260 (0) 3 : 0.050 0.950
261 261 (0) 3 : 0.100 0.900
262 262 (0) 3 : 0.321 0.679
263 263 (0) 3 : 0.046 0.954
264 264 (0) 3 : 0.237 0.763
265 265 (0) 3 : 0.291 0.709
266 266 (0) 3 : 0.206 0.794
267 267 (0) 3 : 0.099 0.901
268 268 (0) 3 : 0.316 0.684
269 269 (0) 3 : 0.077 0.923
270 270 (0) 3 : 0.107 0.893
271 271 (0) 3 : 0.205 0.795
272 272 (0) 3 : 0.286 0.714
273 273 (0) 3 : 0.102 0.898
274 274 (0) 3 : 0.235 0.765
275 275 (0) 3 : 0.173 0.827
276 276 (0) 3 : 0.151 0.849
277 277 (0) 3 : 0.311 0.689
278 278 (0) 3 : 0.047 0.953
279 279 (0) 3 : 0.473 0.527
280 280 (0) 3 : 0.118 0.882
281 281 (0) 3 : 0.401 0.599
282 282 (0) 3 : 0.336 0.664
283 283 (0) 3 : 0.295 0.705
284 284 (0) 3 : 0.099 0.901
285 285 (0) 3 : 0.202 0.798
286 286 (0) 3 : 0.290 0.710
287 287 (0) 3 : 0.158 0.842
288 288 (0) 3 : 0.218 0.782
289 289 (0) 3 : 0.201 0.799
290 290 (0) 3 : 0.181 0.819
291 291 (0) 3 : 0.130 0.870
292 292 (0) 3 : 0.054 0.946
293 293 (0) 3 : 0.144 0.856
294 294 (0) 3 : 0.352 0.648
295 295 (0) 3 : 0.391 0.609
296 296 (0) 3 : 0.265 0.735
297 297 (0) 3 : 0.354 0.646
298 298 (0) 3 : 0.083 0.917
299 299 (0) 3 : 0.091 0.909
300 300 (0) 3 : 0.268 0.732
301 301 (0) 4 : 0.514 0.486
302 302 (0) 4 : 0.498 0.502
303 303 (0) 4 : 0.563 0.437
304 304 (0) 4 : 0.336 0.664
305 305 (0) 4 : 0.526 0.474
306 306 (0) 4 : 0.503 0.497
307 307 (0) 4 : 0.406 0.594
308 308 (0) 4 : 0.533 0.467
309 309 (0) 4 : 0.392 0.608
310 310 (0) 4 : 0.644 0.356
311 311 (0) 4 : 0.455 0.545
312 312 (0) 4 : 0.620 0.380
313 313 (0) 4 : 0.571 0.429
314 314 (0) 4 : 0.369 0.631
315 315 (0) 4 : 0.432 0.568
316 316 (0) 4 : 0.475 0.525
317 317 (0) 4 : 0.476 0.524
318 318 (0) 4 : 0.497 0.503
319 319 (0) 4 : 0.571 0.429
320 320 (0) 4 : 0.648 0.352
321 321 (0) 4 : 0.437 0.563
322 322 (0) 4 : 0.464 0.536
323 323 (0) 4 : 0.259 0.741
324 324 (0) 4 : 0.471 0.529
325 325 (0) 4 : 0.624 0.376
326 326 (0) 4 : 0.654 0.346
327 327 (0) 4 : 0.463 0.537
328 328 (0) 4 : 0.548 0.452
329 329 (0) 4 : 0.516 0.484
330 330 (0) 4 : 0.528 0.472
331 331 (0) 4 : 0.433 0.567
332 332 (0) 4 : 0.585 0.415
333 333 (0) 4 : 0.595 0.405
334 334 (0) 4 : 0.552 0.448
335 335 (0) 4 : 0.436 0.564
336 336 (0) 4 : 0.576 0.424
337 337 (0) 4 : 0.421 0.579
338 338 (0) 4 : 0.490 0.510
339 339 (0) 4 : 0.359 0.641
340 340 (0) 4 : 0.590 0.410
341 341 (0) 4 : 0.688 0.312
342 342 (0) 4 : 0.480 0.520
343 343 (0) 4 : 0.490 0.510
344 344 (0) 4 : 0.528 0.472
345 345 (0) 4 : 0.627 0.373
346 346 (0) 4 : 0.492 0.508
347 347 (0) 4 : 0.417 0.583
348 348 (0) 4 : 0.317 0.683
349 349 (0) 4 : 0.703 0.297
350 350 (0) 4 : 0.501 0.499
351 351 (0) 4 : 0.389 0.611
352 352 (0) 4 : 0.567 0.433
353 353 (0) 4 : 0.539 0.461
354 354 (0) 4 : 0.527 0.473
355 355 (0) 4 : 0.510 0.490
356 356 (0) 4 : 0.457 0.543
357 357 (0) 4 : 0.424 0.576
358 358 (0) 4 : 0.650 0.350
359 359 (0) 4 : 0.602 0.398
360 360 (0) 4 : 0.462 0.538
361 361 (0) 4 : 0.387 0.613
362 362 (0) 4 : 0.602 0.398
363 363 (0) 4 : 0.502 0.498
364 364 (0) 4 : 0.488 0.512
365 365 (0) 4 : 0.512 0.488
366 366 (0) 4 : 0.622 0.378
367 367 (0) 4 : 0.631 0.369
368 368 (0) 4 : 0.638 0.362
369 369 (0) 4 : 0.426 0.574
370 370 (0) 4 : 0.605 0.395
371 371 (0) 4 : 0.514 0.486
372 372 (0) 4 : 0.581 0.419
373 373 (0) 4 : 0.571 0.429
374 374 (0) 4 : 0.525 0.475
375 375 (0) 4 : 0.511 0.489
376 376 (0) 4 : 0.442 0.558
377 377 (0) 4 : 0.445 0.555
378 378 (0) 4 : 0.535 0.465
379 379 (0) 4 : 0.539 0.461
380 380 (0) 4 : 0.483 0.517
381 381 (0) 4 : 0.500 0.500
382 382 (0) 4 : 0.337 0.663
383 383 (0) 4 : 0.444 0.556
384 384 (0) 4 : 0.512 0.488
385 385 (0) 4 : 0.275 0.725
386 386 (0) 4 : 0.524 0.476
387 387 (0) 4 : 0.495 0.505
388 388 (0) 4 : 0.525 0.475
389 389 (0) 4 : 0.482 0.518
390 390 (0) 4 : 0.384 0.616
391 391 (0) 4 : 0.384 0.616
392 392 (0) 4 : 0.221 0.779
393 393 (0) 4 : 0.409 0.591
394 394 (0) 4 : 0.437 0.563
395 395 (0) 4 : 0.504 0.496
396 396 (0) 4 : 0.538 0.462
397 397 (0) 4 : 0.613 0.387
398 398 (0) 4 : 0.383 0.617
399 399 (0) 4 : 0.495 0.505
400 400 (0) 4 : 0.568 0.432
401 401 (0) 5 : 0.726 0.274
402 402 (0) 5 : 0.776 0.224
403 403 (0) 5 : 0.834 0.166
404 404 (0) 5 : 0.780 0.220
405 405 (0) 5 : 0.814 0.186
406 406 (0) 5 : 0.923 0.077
407 407 (0) 5 : 0.812 0.188
408 408 (0) 5 : 0.650 0.350
409 409 (0) 5 : 0.789 0.211
410 410 (0) 5 : 0.893 0.107
411 411 (0) 5 : 0.934 0.066
412 412 (0) 5 : 0.734 0.266
413 413 (0) 5 : 0.778 0.222
414 414 (0) 5 : 0.661 0.339
415 415 (0) 5 : 0.683 0.317
416 416 (0) 5 : 0.668 0.332
417 417 (0) 5 : 0.619 0.381
418 418 (0) 5 : 0.649 0.351
419 419 (0) 5 : 0.729 0.271
420 420 (0) 5 : 0.693 0.307
421 421 (0) 5 : 0.791 0.209
422 422 (0) 5 : 0.942 0.058
423 423 (0) 5 : 0.882 0.118
424 424 (0) 5 : 0.878 0.122
425 425 (0) 5 : 0.709 0.291
426 426 (0) 5 : 0.793 0.207
427 427 (0) 5 : 0.764 0.236
428 428 (0) 5 : 0.694 0.306
429 429 (0) 5 : 0.585 0.415
430 430 (0) 5 : 0.826 0.174
431 431 (0) 5 : 0.759 0.241
432 432 (0) 5 : 0.806 0.194
433 433 (0) 5 : 0.803 0.197
434 434 (0) 5 : 0.896 0.104
435 435 (0) 5 : 0.743 0.257
436 436 (0) 5 : 0.905 0.095
437 437 (0) 5 : 0.860 0.140
438 438 (0) 5 : 0.785 0.215
439 439 (0) 5 : 0.700 0.300
440 440 (0) 5 : 0.753 0.247
441 441 (0) 5 : 0.824 0.176
442 442 (0) 5 : 0.694 0.306
443 443 (0) 5 : 0.741 0.259
444 444 (0) 5 : 0.682 0.318
445 445 (0) 5 : 0.666 0.334
446 446 (0) 5 : 0.928 0.072
447 447 (0) 5 : 0.767 0.233
448 448 (0) 5 : 0.725 0.275
449 449 (0) 5 : 0.729 0.271
450 450 (0) 5 : 0.964 0.036
451 451 (0) 5 : 0.586 0.414
452 452 (0) 5 : 0.820 0.180
453 453 (0) 5 : 0.581 0.419
454 454 (0) 5 : 0.783 0.217
455 455 (0) 5 : 0.763 0.237
456 456 (0) 5 : 0.872 0.128
457 457 (0) 5 : 0.826 0.174
458 458 (0) 5 : 0.833 0.167
459 459 (0) 5 : 0.935 0.065
460 460 (0) 5 : 0.846 0.154
461 461 (0) 5 : 0.837 0.163
462 462 (0) 5 : 0.715 0.285
463 463 (0) 5 : 0.933 0.067
464 464 (0) 5 : 0.597 0.403
465 465 (0) 5 : 0.714 0.286
466 466 (0) 5 : 0.891 0.109
467 467 (0) 5 : 0.818 0.182
468 468 (0) 5 : 0.766 0.234
469 469 (0) 5 : 0.979 0.021
470 470 (0) 5 : 0.845 0.155
471 471 (0) 5 : 0.677 0.323
472 472 (0) 5 : 0.869 0.131
473 473 (0) 5 : 0.795 0.205
474 474 (0) 5 : 0.778 0.222
475 475 (0) 5 : 0.660 0.340
476 476 (0) 5 : 0.572 0.428
477 477 (0) 5 : 0.724 0.276
478 478 (0) 5 : 0.628 0.372
479 479 (0) 5 : 0.795 0.205
480 480 (0) 5 : 0.783 0.217
481 481 (0) 5 : 0.789 0.211
482 482 (0) 5 : 0.620 0.380
483 483 (0) 5 : 0.749 0.251
484 484 (0) 5 : 0.861 0.139
485 485 (0) 5 : 0.684 0.316
486 486 (0) 5 : 0.801 0.199
487 487 (0) 5 : 0.711 0.289
488 488 (0) 5 : 0.708 0.292
489 489 (0) 5 : 0.696 0.304
490 490 (0) 5 : 0.609 0.391
491 491 (0) 5 : 0.758 0.242
492 492 (0) 5 : 0.768 0.232
493 493 (0) 5 : 0.674 0.326
494 494 (0) 5 : 0.779 0.221
495 495 (0) 5 : 0.664 0.336
496 496 (0) 5 : 0.953 0.047
497 497 (0) 5 : 0.741 0.259
498 498 (0) 5 : 0.620 0.380
499 499 (0) 5 : 0.723 0.277
500 500 (0) 5 : 0.797 0.203
501 501 (0) 6 : 0.874 0.126
502 502 (0) 6 : 0.917 0.083
503 503 (0) 6 : 0.776 0.224
504 504 (0) 6 : 0.937 0.063
505 505 (0) 6 : 0.894 0.106
506 506 (0) 6 : 0.832 0.168
507 507 (0) 6 : 0.974 0.026
508 508 (0) 6 : 0.863 0.137
509 509 (0) 6 : 0.985 0.015
510 510 (0) 6 : 0.907 0.093
511 511 (0) 6 : 0.967 0.033
512 512 (0) 6 : 0.875 0.125
513 513 (0) 6 : 0.927 0.073
514 514 (0) 6 : 0.857 0.143
515 515 (0) 6 : 0.800 0.200
516 516 (0) 6 : 0.978 0.022
517 517 (0) 6 : 0.799 0.201
518 518 (0) 6 : 0.947 0.053
519 519 (0) 6 : 0.917 0.083
520 520 (0) 6 : 0.964 0.036
521 521 (0) 6 : 0.929 0.071
522 522 (0) 6 : 0.977 0.023
523 523 (0) 6 : 0.978 0.022
524 524 (0) 6 : 0.851 0.149
525 525 (0) 6 : 0.947 0.053
526 526 (0) 6 : 0.738 0.262
527 527 (0) 6 : 0.818 0.182
528 528 (0) 6 : 0.830 0.170
529 529 (0) 6 : 0.933 0.067
530 530 (0) 6 : 0.978 0.022
531 531 (0) 6 : 0.856 0.144
532 532 (0) 6 : 0.927 0.073
533 533 (0) 6 : 0.750 0.250
534 534 (0) 6 : 0.977 0.023
535 535 (0) 6 : 0.943 0.057
536 536 (0) 6 : 0.922 0.078
537 537 (0) 6 : 0.863 0.137
538 538 (0) 6 : 0.902 0.098
539 539 (0) 6 : 0.931 0.069
540 540 (0) 6 : 0.865 0.135
541 541 (0) 6 : 0.829 0.171
542 542 (0) 6 : 0.817 0.183
543 543 (0) 6 : 0.926 0.074
544 544 (0) 6 : 0.941 0.059
545 545 (0) 6 : 0.936 0.064
546 546 (0) 6 : 0.915 0.085
547 547 (0) 6 : 0.925 0.075
548 548 (0) 6 : 0.983 0.017
549 549 (0) 6 : 0.806 0.194
550 550 (0) 6 : 0.886 0.114
551 551 (0) 6 : 0.818 0.182
552 552 (0) 6 : 0.976 0.024
553 553 (0) 6 : 0.925 0.075
554 554 (0) 6 : 0.938 0.062
555 555 (0) 6 : 0.985 0.015
556 556 (0) 6 : 0.930 0.070
557 557 (0) 6 : 0.946 0.054
558 558 (0) 6 : 0.971 0.029
559 559 (0) 6 : 0.927 0.073
560 560 (0) 6 : 0.835 0.165
561 561 (0) 6 : 0.849 0.151
562 562 (0) 6 : 0.907 0.093
563 563 (0) 6 : 0.770 0.230
564 564 (0) 6 : 0.946 0.054
565 565 (0) 6 : 0.908 0.092
566 566 (0) 6 : 0.892 0.108
567 567 (0) 6 : 0.987 0.013
568 568 (0) 6 : 0.821 0.179
569 569 (0) 6 : 0.815 0.185
570 570 (0) 6 : 0.964 0.036
571 571 (0) 6 : 0.941 0.059
572 572 (0) 6 : 0.805 0.195
573 573 (0) 6 : 0.924 0.076
574 574 (0) 6 : 0.872 0.128
575 575 (0) 6 : 0.965 0.035
576 576 (0) 6 : 0.774 0.226
577 577 (0) 6 : 0.865 0.135
578 578 (0) 6 : 0.947 0.053
579 579 (0) 6 : 0.922 0.078
580 580 (0) 6 : 0.752 0.248
581 581 (0) 6 : 0.936 0.064
582 582 (0) 6 : 0.782 0.218
583 583 (0) 6 : 0.914 0.086
584 584 (0) 6 : 0.876 0.124
585 585 (0) 6 : 0.884 0.116
586 586 (0) 6 : 0.747 0.253
587 587 (0) 6 : 0.953 0.047
588 588 (0) 6 : 0.906 0.094
589 589 (0) 6 : 0.842 0.158
590 590 (0) 6 : 0.978 0.022
591 591 (0) 6 : 0.791 0.209
592 592 (0) 6 : 0.981 0.019
593 593 (0) 6 : 0.871 0.129
594 594 (0) 6 : 0.941 0.059
595 595 (0) 6 : 0.784 0.216
596 596 (0) 6 : 0.819 0.181
597 597 (0) 6 : 0.801 0.199
598 598 (0) 6 : 0.864 0.136
599 599 (0) 6 : 0.826 0.174
600 600 (0) 6 : 0.863 0.137
601 601 (5) 7 : 0.969 0.031
602 602 (0) 7 : 0.971 0.029
603 603 (0) 7 : 0.981 0.019
604 604 (0) 7 : 0.941 0.059
605 605 (0) 7 : 0.977 0.023
606 606 (0) 7 : 0.977 0.023
607 607 (0) 7 : 0.985 0.015
608 608 (0) 7 : 0.966 0.034
609 609 (0) 7 : 0.979 0.021
610 610 (0) 7 : 0.970 0.030
611 611 (0) 7 : 0.986 0.014
612 612 (0) 7 : 0.981 0.019
613 613 (0) 7 : 0.974 0.026
614 614 (5) 7 : 0.985 0.015
615 615 (0) 7 : 0.982 0.018
616 616 (0) 7 : 0.984 0.016
617 617 (0) 7 : 0.979 0.021
618 618 (0) 7 : 0.982 0.018
619 619 (0) 7 : 0.976 0.024
620 620 (0) 7 : 0.983 0.017
621 621 (0) 7 : 0.984 0.016
622 622 (0) 7 : 0.978 0.022
623 623 (0) 7 : 0.983 0.017
624 624 (0) 7 : 0.986 0.014
625 625 (0) 7 : 0.986 0.014
626 626 (0) 7 : 0.983 0.017
627 627 (0) 7 : 0.984 0.016
628 628 (0) 7 : 0.982 0.018
629 629 (0) 8 : 0.962 0.038
630 630 (0) 8 : 0.984 0.016
631 631 (0) 8 : 0.976 0.024
632 632 (0) 8 : 0.972 0.028
633 633 (0) 8 : 0.979 0.021
634 634 (0) 8 : 0.984 0.016
635 635 (0) 8 : 0.981 0.019
636 636 (0) 8 : 0.949 0.051
637 637 (0) 8 : 0.983 0.017
638 638 (0) 8 : 0.979 0.021
639 639 (0) 8 : 0.983 0.017
640 640 (0) 8 : 0.984 0.016
641 641 (0) 8 : 0.983 0.017
642 642 (0) 8 : 0.981 0.019
643 643 (0) 8 : 0.986 0.014
644 644 (0) 8 : 0.961 0.039
645 645 (0) 8 : 0.986 0.014
646 646 (0) 8 : 0.984 0.016
647 647 (0) 8 : 0.982 0.018
648 648 (0) 8 : 0.983 0.017
649 649 (0) 8 : 0.984 0.016
650 650 (0) 8 : 0.978 0.022
651 651 (0) 8 : 0.984 0.016
652 652 (0) 8 : 0.982 0.018
653 653 (0) 8 : 0.979 0.021
654 654 (0) 8 : 0.972 0.028
655 655 (0) 8 : 0.984 0.016
656 656 (0) 8 : 0.978 0.022
657 657 (0) 8 : 0.980 0.020
658 658 (0) 8 : 0.983 0.017
659 659 (0) 8 : 0.978 0.022
660 660 (0) 8 : 0.981 0.019
661 661 (0) 8 : 0.984 0.016
662 662 (0) 8 : 0.964 0.036
663 663 (0) 8 : 0.983 0.017
664 664 (0) 8 : 0.982 0.018
665 665 (0) 8 : 0.984 0.016
666 666 (0) 8 : 0.982 0.018
667 667 (0) 8 : 0.984 0.016
668 668 (0) 8 : 0.980 0.020
669 669 (0) 8 : 0.982 0.018
670 670 (0) 8 : 0.981 0.019
671 671 (0) 8 : 0.980 0.020
672 672 (0) 8 : 0.986 0.014
673 673 (0) 8 : 0.974 0.026
674 674 (0) 8 : 0.967 0.033
675 675 (0) 8 : 0.985 0.015
676 676 (0) 8 : 0.985 0.015
677 677 (0) 8 : 0.984 0.016
678 678 (0) 8 : 0.984 0.016
679 679 (0) 8 : 0.983 0.017
680 680 (0) 8 : 0.986 0.014
681 681 (0) 8 : 0.974 0.026
682 682 (0) 8 : 0.983 0.017
683 683 (0) 8 : 0.984 0.016
684 684 (0) 8 : 0.982 0.018
685 685 (0) 8 : 0.986 0.014
686 686 (0) 8 : 0.974 0.026
687 687 (0) 8 : 0.962 0.038
688 688 (0) 8 : 0.974 0.026
689 689 (0) 8 : 0.982 0.018
690 690 (0) 8 : 0.983 0.017
691 691 (0) 8 : 0.982 0.018
692 692 (0) 8 : 0.980 0.020
693 693 (0) 8 : 0.974 0.026
694 694 (0) 8 : 0.983 0.017
695 695 (0) 8 : 0.973 0.027
696 696 (0) 8 : 0.981 0.019
697 697 (0) 8 : 0.986 0.014
698 698 (0) 8 : 0.981 0.019
699 699 (0) 8 : 0.984 0.016
700 700 (0) 8 : 0.974 0.026
1 1 (5) 1 : 0.970 0.030
2 2 (5) 1 : 0.957 0.043
3 3 (5) 1 : 0.980 0.020
4 4 (0) 1 : 0.971 0.029
5 5 (0) 1 : 0.941 0.059
6 6 (0) 1 : 0.977 0.023
7 7 (0) 1 : 0.953 0.047
8 8 (5) 1 : 0.975 0.025
9 9 (0) 1 : 0.979 0.021
10 10 (0) 1 : 0.956 0.044
11 11 (0) 1 : 0.973 0.027
12 12 (0) 1 : 0.960 0.040
13 13 (0) 1 : 0.954 0.046
14 14 (0) 1 : 0.976 0.024
15 15 (0) 1 : 0.981 0.019
16 16 (0) 1 : 0.980 0.020
17 17 (0) 1 : 0.981 0.019
18 18 (0) 1 : 0.969 0.031
19 19 (0) 1 : 0.946 0.054
20 20 (0) 1 : 0.951 0.049
21 21 (0) 1 : 0.974 0.026
22 22 (0) 1 : 0.985 0.015
23 23 (0) 1 : 0.981 0.019
24 24 (0) 1 : 0.964 0.036
25 25 (0) 1 : 0.956 0.044
26 26 (0) 1 : 0.959 0.041
27 27 (5) 1 : 0.967 0.033
28 28 (0) 1 : 0.984 0.016
29 29 (0) 1 : 0.980 0.020
30 30 (0) 1 : 0.967 0.033
31 31 (0) 1 : 0.981 0.019
32 32 (0) 1 : 0.948 0.052
33 33 (0) 1 : 0.977 0.023
34 34 (0) 1 : 0.982 0.018
35 35 (0) 1 : 0.965 0.035
36 36 (0) 1 : 0.975 0.025
37 37 (0) 1 : 0.963 0.037
38 38 (0) 1 : 0.964 0.036
39 39 (0) 1 : 0.970 0.030
40 40 (0) 1 : 0.967 0.033
41 41 (0) 1 : 0.974 0.026
42 42 (0) 1 : 0.981 0.019
43 43 (0) 1 : 0.979 0.021
44 44 (0) 1 : 0.985 0.015
45 45 (5) 1 : 0.964 0.036
46 46 (0) 1 : 0.986 0.014
47 47 (0) 1 : 0.985 0.015
48 48 (0) 1 : 0.976 0.024
49 49 (0) 1 : 0.967 0.033
50 50 (0) 1 : 0.973 0.027
51 51 (0) 1 : 0.961 0.039
52 52 (0) 1 : 0.900 0.100
53 53 (0) 1 : 0.975 0.025
54 54 (0) 1 : 0.984 0.016
55 55 (0) 1 : 0.980 0.020
56 56 (0) 1 : 0.978 0.022
57 57 (10) 1 : 0.961 0.039
58 58 (5) 1 : 0.975 0.025
59 59 (0) 1 : 0.972 0.028
60 60 (0) 1 : 0.975 0.025
61 61 (0) 1 : 0.973 0.027
62 62 (0) 1 : 0.979 0.021
63 63 (0) 1 : 0.974 0.026
64 64 (0) 1 : 0.977 0.023
65 65 (0) 1 : 0.927 0.073
66 66 (0) 1 : 0.981 0.019
67 67 (5) 1 : 0.939 0.061
68 68 (0) 1 : 0.972 0.028
69 69 (0) 1 : 0.983 0.017
70 70 (0) 1 : 0.977 0.023
71 71 (5) 1 : 0.975 0.025
72 72 (0) 1 : 0.960 0.040
73 73 (5) 1 : 0.981 0.019
74 74 (10) 1 : 0.965 0.035
75 75 (10) 1 : 0.955 0.045
76 76 (0) 1 : 0.974 0.026
77 77 (10) 1 : 0.972 0.028
78 78 (0) 1 : 0.954 0.046
79 79 (5) 1 : 0.980 0.020
80 80 (0) 1 : 0.979 0.021
81 81 (0) 1 : 0.979 0.021
82 82 (0) 1 : 0.979 0.021
83 83 (0) 1 : 0.974 0.026
84 84 (0) 1 : 0.954 0.046
85 85 (0) 1 : 0.982 0.018
86 86 (5) 1 : 0.976 0.024
87 87 (0) 1 : 0.977 0.023
88 88 (0) 1 : 0.946 0.054
89 89 (0) 1 : 0.907 0.093
90 90 (0) 1 : 0.978 0.022
91 91 (0) 1 : 0.975 0.025
92 92 (0) 1 : 0.977 0.023
93 93 (0) 1 : 0.983 0.017
94 94 (5) 1 : 0.946 0.054
95 95 (0) 1 : 0.976 0.024
96 96 (5) 1 : 0.976 0.024
97 97 (0) 1 : 0.983 0.017
98 98 (0) 1 : 0.968 0.032
99 99 (5) 1 : 0.968 0.032
100 100 (5) 1 : 0.983 0.017
101 101 (0) 2 : 0.927 0.073
102 102 (0) 2 : 0.970 0.030
103 103 (0) 2 : 0.972 0.028
104 104 (0) 2 : 0.912 0.088
105 105 (0) 2 : 0.814 0.186
106 106 (0) 2 : 0.960 0.040
107 107 (0) 2 : 0.942 0.058
108 108 (0) 2 : 0.936 0.064
109 109 (0) 2 : 0.959 0.041
110 110 (0) 2 : 0.904 0.096
111 111 (0) 2 : 0.909 0.091
112 112 (0) 2 : 0.972 0.028
113 113 (0) 2 : 0.890 0.110
114 114 (0) 2 : 0.931 0.069
115 115 (0) 2 : 0.683 0.317
116 116 (0) 2 : 0.959 0.041
117 117 (0) 2 : 0.955 0.045
118 118 (0) 2 : 0.968 0.032
119 119 (0) 2 : 0.976 0.024
120 120 (0) 2 : 0.911 0.089
121 121 (0) 2 : 0.941 0.059
122 122 (0) 2 : 0.971 0.029
123 123 (0) 2 : 0.963 0.037
124 124 (0) 2 : 0.927 0.073
125 125 (0) 2 : 0.946 0.054
126 126 (0) 2 : 0.970 0.030
127 127 (0) 2 : 0.921 0.079
128 128 (0) 2 : 0.847 0.153
129 129 (0) 2 : 0.887 0.113
130 130 (0) 2 : 0.923 0.077
131 131 (0) 2 : 0.691 0.309
132 132 (0) 2 : 0.654 0.346
133 133 (0) 2 : 0.849 0.151
134 134 (0) 2 : 0.945 0.055
135 135 (0) 2 : 0.910 0.090
136 136 (0) 2 : 0.927 0.073
137 137 (0) 2 : 0.981 0.019
138 138 (0) 2 : 0.974 0.026
139 139 (0) 2 : 0.891 0.109
140 140 (0) 2 : 0.965 0.035
141 141 (0) 2 : 0.946 0.054
142 142 (0) 2 : 0.887 0.113
143 143 (0) 2 : 0.836 0.164
144 144 (0) 2 : 0.893 0.107
145 145 (0) 2 : 0.907 0.093
146 146 (0) 2 : 0.881 0.119
147 147 (0) 2 : 0.949 0.051
148 148 (0) 2 : 0.953 0.047
149 149 (0) 2 : 0.814 0.186
150 150 (0) 2 : 0.882 0.118
151 151 (0) 2 : 0.860 0.140
152 152 (0) 2 : 0.895 0.105
153 153 (0) 2 : 0.943 0.057
154 154 (0) 2 : 0.823 0.177
155 155 (0) 2 : 0.745 0.255
156 156 (0) 2 : 0.716 0.284
157 157 (0) 2 : 0.875 0.125
158 158 (0) 2 : 0.930 0.070
159 159 (0) 2 : 0.895 0.105
160 160 (0) 2 : 0.955 0.045
161 161 (0) 2 : 0.955 0.045
162 162 (0) 2 : 0.981 0.019
163 163 (0) 2 : 0.916 0.084
164 164 (0) 2 : 0.859 0.141
165 165 (0) 2 : 0.718 0.282
166 166 (0) 2 : 0.958 0.042
167 167 (0) 2 : 0.923 0.077
168 168 (0) 2 : 0.944 0.056
169 169 (0) 2 : 0.881 0.119
170 170 (0) 2 : 0.895 0.105
171 171 (0) 2 : 0.895 0.105
172 172 (0) 2 : 0.884 0.116
173 173 (0) 2 : 0.837 0.163
174 174 (0) 2 : 0.963 0.037
175 175 (0) 2 : 0.972 0.028
176 176 (0) 2 : 0.963 0.037
177 177 (0) 2 : 0.929 0.071
178 178 (0) 2 : 0.895 0.105
179 179 (0) 2 : 0.808 0.192
180 180 (0) 2 : 0.961 0.039
181 181 (0) 2 : 0.961 0.039
182 182 (0) 2 : 0.817 0.183
183 183 (0) 2 : 0.814 0.186
184 184 (0) 2 : 0.803 0.197
185 185 (0) 2 : 0.974 0.026
186 186 (0) 2 : 0.961 0.039
187 187 (0) 2 : 0.927 0.073
188 188 (0) 2 : 0.975 0.025
189 189 (0) 2 : 0.960 0.040
190 190 (0) 2 : 0.824 0.176
191 191 (0) 2 : 0.966 0.034
192 192 (0) 2 : 0.807 0.193
193 193 (0) 2 : 0.954 0.046
194 194 (0) 2 : 0.785 0.215
195 195 (0) 2 : 0.865 0.135
196 196 (0) 2 : 0.957 0.043
197 197 (0) 2 : 0.974 0.026
198 198 (0) 2 : 0.909 0.091
199 199 (0) 2 : 0.919 0.081
200 200 (0) 2 : 0.972 0.028
201 201 (0) 3 : 0.945 0.055
202 202 (0) 3 : 0.827 0.173
203 203 (0) 3 : 0.603 0.397
204 204 (0) 3 : 0.747 0.253
205 205 (0) 3 : 0.796 0.204
206 206 (0) 3 : 0.887 0.113
207 207 (0) 3 : 0.860 0.140
208 208 (0) 3 : 0.791 0.209
209 209 (0) 3 : 0.705 0.295
210 210 (0) 3 : 0.770 0.230
211 211 (0) 3 : 0.822 0.178
212 212 (0) 3 : 0.899 0.101
213 213 (0) 3 : 0.835 0.165
214 214 (0) 3 : 0.694 0.306
215 215 (0) 3 : 0.736 0.264
216 216 (0) 3 : 0.731 0.269
217 217 (0) 3 : 0.930 0.070
218 218 (0) 3 : 0.809 0.191
219 219 (0) 3 : 0.836 0.164
220 220 (0) 3 : 0.941 0.059
221 221 (0) 3 : 0.892 0.108
222 222 (0) 3 : 0.792 0.208
223 223 (0) 3 : 0.880 0.120
224 224 (0) 3 : 0.736 0.264
225 225 (0) 3 : 0.807 0.193
226 226 (0) 3 : 0.704 0.296
227 227 (0) 3 : 0.650 0.350
228 228 (0) 3 : 0.851 0.149
229 229 (0) 3 : 0.678 0.322
230 230 (0) 3 : 0.908 0.092
231 231 (0) 3 : 0.959 0.041
232 232 (0) 3 : 0.673 0.327
233 233 (0) 3 : 0.749 0.251
234 234 (0) 3 : 0.900 0.100
235 235 (0) 3 : 0.818 0.182
236 236 (0) 3 : 0.725 0.275
237 237 (0) 3 : 0.805 0.195
238 238 (0) 3 : 0.822 0.178
239 239 (0) 3 : 0.559 0.441
240 240 (0) 3 : 0.819 0.181
241 241 (0) 3 : 0.851 0.149
242 242 (0) 3 : 0.931 0.069
243 243 (0) 3 : 0.603 0.397
244 244 (0) 3 : 0.656 0.344
245 245 (0) 3 : 0.697 0.303
246 246 (0) 3 : 0.729 0.271
247 247 (0) 3 : 0.903 0.097
248 248 (0) 3 : 0.798 0.202
249 249 (0) 3 : 0.730 0.270
250 250 (0) 3 : 0.941 0.059
251 251 (0) 3 : 0.757 0.243
252 252 (0) 3 : 0.751 0.249
253 253 (0) 3 : 0.701 0.299
254 254 (0) 3 : 0.686 0.314
255 255 (0) 3 : 0.655 0.345
256 256 (0) 3 : 0.762 0.238
257 257 (0) 3 : 0.668 0.332
258 258 (0) 3 : 0.604 0.396
259 259 (0) 3 : 0.945 0.055
260 260 (0) 3 : 0.950 0.050
261 261 (0) 3 : 0.900 0.100
262 262 (0) 3 : 0.678 0.322
263 263 (0) 3 : 0.954 0.046
264 264 (0) 3 : 0.763 0.237
265 265 (0) 3 : 0.709 0.291
266 266 (0) 3 : 0.794 0.206
267 267 (0) 3 : 0.901 0.099
268 268 (0) 3 : 0.684 0.316
269 269 (0) 3 : 0.923 0.077
270 270 (0) 3 : 0.893 0.107
271 271 (0) 3 : 0.795 0.205
272 272 (0) 3 : 0.714 0.286
273 273 (0) 3 : 0.898 0.102
274 274 (0) 3 : 0.765 0.235
275 275 (0) 3 : 0.827 0.173
276 276 (0) 3 : 0.849 0.151
277 277 (0) 3 : 0.689 0.311
278 278 (0) 3 : 0.953 0.047
279 279 (0) 3 : 0.526 0.474
280 280 (0) 3 : 0.882 0.118
281 281 (0) 3 : 0.598 0.402
282 282 (0) 3 : 0.664 0.336
283 283 (0) 3 : 0.706 0.294
284 284 (0) 3 : 0.901 0.099
285 285 (0) 3 : 0.797 0.203
286 286 (0) 3 : 0.710 0.290
287 287 (0) 3 : 0.842 0.158
288 288 (0) 3 : 0.782 0.218
289 289 (0) 3 : 0.800 0.200
290 290 (0) 3 : 0.818 0.182
291 291 (0) 3 : 0.870 0.130
292 292 (0) 3 : 0.946 0.054
293 293 (0) 3 : 0.855 0.145
294 294 (0) 3 : 0.648 0.352
295 295 (0) 3 : 0.609 0.391
296 296 (0) 3 : 0.736 0.264
297 297 (0) 3 : 0.646 0.354
298 298 (0) 3 : 0.917 0.083
299 299 (0) 3 : 0.909 0.091
300 300 (0) 3 : 0.732 0.268
301 301 (0) 4 : 0.486 0.514
302 302 (0) 4 : 0.502 0.498
303 303 (0) 4 : 0.437 0.563
304 304 (0) 4 : 0.664 0.336
305 305 (0) 4 : 0.474 0.526
306 306 (0) 4 : 0.496 0.504
307 307 (0) 4 : 0.594 0.406
308 308 (0) 4 : 0.467 0.533
309 309 (0) 4 : 0.608 0.392
310 310 (0) 4 : 0.356 0.644
311 311 (0) 4 : 0.546 0.454
312 312 (0) 4 : 0.380 0.620
313 313 (0) 4 : 0.429 0.571
314 314 (0) 4 : 0.631 0.369
315 315 (0) 4 : 0.568 0.432
316 316 (0) 4 : 0.525 0.475
317 317 (0) 4 : 0.524 0.476
318 318 (0) 4 : 0.504 0.496
319 319 (0) 4 : 0.429 0.571
320 320 (0) 4 : 0.352 0.648
321 321 (0) 4 : 0.563 0.437
322 322 (0) 4 : 0.536 0.464
323 323 (0) 4 : 0.741 0.259
324 324 (0) 4 : 0.529 0.471
325 325 (0) 4 : 0.376 0.624
326 326 (0) 4 : 0.346 0.654
327 327 (0) 4 : 0.537 0.463
328 328 (0) 4 : 0.452 0.548
329 329 (0) 4 : 0.484 0.516
330 330 (0) 4 : 0.472 0.528
331 331 (0) 4 : 0.568 0.432
332 332 (0) 4 : 0.415 0.585
333 333 (0) 4 : 0.405 0.595
334 334 (0) 4 : 0.448 0.552
335 335 (0) 4 : 0.564 0.436
336 336 (0) 4 : 0.424 0.576
337 337 (0) 4 : 0.579 0.421
338 338 (0) 4 : 0.510 0.490
339 339 (0) 4 : 0.641 0.359
340 340 (0) 4 : 0.410 0.590
341 341 (0) 4 : 0.312 0.688
342 342 (0) 4 : 0.519 0.481
343 343 (0) 4 : 0.510 0.490
344 344 (0) 4 : 0.472 0.528
345 345 (0) 4 : 0.373 0.627
346 346 (0) 4 : 0.507 0.493
347 347 (0) 4 : 0.582 0.418
348 348 (0) 4 : 0.682 0.318
349 349 (0) 4 : 0.297 0.703
350 350 (0) 4 : 0.499 0.501
351 351 (0) 4 : 0.611 0.389
352 352 (0) 4 : 0.433 0.567
353 353 (0) 4 : 0.461 0.539
354 354 (0) 4 : 0.473 0.527
355 355 (0) 4 : 0.490 0.510
356 356 (0) 4 : 0.543 0.457
357 357 (0) 4 : 0.576 0.424
358 358 (0) 4 : 0.350 0.650
359 359 (0) 4 : 0.398 0.602
360 360 (0) 4 : 0.539 0.461
361 361 (0) 4 : 0.613 0.387
362 362 (0) 4 : 0.398 0.602
363 363 (0) 4 : 0.497 0.503
364 364 (0) 4 : 0.512 0.488
365 365 (0) 4 : 0.488 0.512
366 366 (0) 4 : 0.378 0.622
367 367 (0) 4 : 0.369 0.631
368 368 (0) 4 : 0.362 0.638
369 369 (0) 4 : 0.574 0.426
370 370 (0) 4 : 0.395 0.605
371 371 (0) 4 : 0.486 0.514
372 372 (0) 4 : 0.420 0.580
373 373 (0) 4 : 0.429 0.571
374 374 (0) 4 : 0.475 0.525
375 375 (0) 4 : 0.489 0.511
376 376 (0) 4 : 0.558 0.442
377 377 (0) 4 : 0.556 0.444
378 378 (0) 4 : 0.465 0.535
379 379 (0) 4 : 0.462 0.538
380 380 (0) 4 : 0.517 0.483
381 381 (0) 4 : 0.500 0.500
382 382 (0) 4 : 0.663 0.337
383 383 (0) 4 : 0.556 0.444
384 384 (0) 4 : 0.488 0.512
385 385 (0) 4 : 0.725 0.275
386 386 (0) 4 : 0.476 0.524
387 387 (0) 4 : 0.505 0.495
388 388 (0) 4 : 0.474 0.526
389 389 (0) 4 : 0.518 0.482
390 390 (0) 4 : 0.616 0.384
391 391 (0) 4 : 0.615 0.385
392 392 (0) 4 : 0.779 0.221
393 393 (0) 4 : 0.590 0.410
394 394 (0) 4 : 0.563 0.437
395 395 (0) 4 : 0.496 0.504
396 396 (0) 4 : 0.462 0.538
397 397 (0) 4 : 0.387 0.613
398 398 (0) 4 : 0.617 0.383
399 399 (0) 4 : 0.505 0.495
400 400 (0) 4 : 0.432 0.568
401 401 (0) 5 : 0.275 0.725
402 402 (0) 5 : 0.224 0.776
403 403 (0) 5 : 0.166 0.834
404 404 (0) 5 : 0.220 0.780
405 405 (0) 5 : 0.186 0.814
406 406 (0) 5 : 0.077 0.923
407 407 (0) 5 : 0.188 0.812
408 408 (0) 5 : 0.350 0.650
409 409 (0) 5 : 0.211 0.789
410 410 (0) 5 : 0.108 0.892
411 411 (0) 5 : 0.065 0.935
412 412 (0) 5 : 0.266 0.734
413 413 (0) 5 : 0.222 0.778
414 414 (0) 5 : 0.340 0.660
415 415 (0) 5 : 0.317 0.683
416 416 (0) 5 : 0.332 0.668
417 417 (0) 5 : 0.381 0.619
418 418 (0) 5 : 0.351 0.649
419 419 (0) 5 : 0.271 0.729
420 420 (0) 5 : 0.306 0.694
421 421 (0) 5 : 0.209 0.791
422 422 (0) 5 : 0.058 0.942
423 423 (0) 5 : 0.118 0.882
424 424 (0) 5 : 0.122 0.878
425 425 (0) 5 : 0.291 0.709
426 426 (0) 5 : 0.206 0.794
427 427 (0) 5 : 0.236 0.764
428 428 (0) 5 : 0.305 0.695
429 429 (0) 5 : 0.415 0.585
430 430 (0) 5 : 0.174 0.826
431 431 (0) 5 : 0.240 0.760
432 432 (0) 5 : 0.194 0.806
433 433 (0) 5 : 0.197 0.803
434 434 (0) 5 : 0.104 0.896
435 435 (0) 5 : 0.257 0.743
436 436 (0) 5 : 0.095 0.905
437 437 (0) 5 : 0.140 0.860
438 438 (0) 5 : 0.215 0.785
439 439 (0) 5 : 0.299 0.701
440 440 (0) 5 : 0.247 0.753
441 441 (0) 5 : 0.176 0.824
442 442 (0) 5 : 0.306 0.694
443 443 (0) 5 : 0.259 0.741
444 444 (0) 5 : 0.318 0.682
445 445 (0) 5 : 0.335 0.665
446 446 (0) 5 : 0.073 0.927
447 447 (0) 5 : 0.233 0.767
448 448 (0) 5 : 0.275 0.725
449 449 (0) 5 : 0.271 0.729
450 450 (0) 5 : 0.035 0.965
451 451 (0) 5 : 0.415 0.585
452 452 (0) 5 : 0.179 0.821
453 453 (0) 5 : 0.419 0.581
454 454 (0) 5 : 0.217 0.783
455 455 (0) 5 : 0.237 0.763
456 456 (0) 5 : 0.128 0.872
457 457 (0) 5 : 0.174 0.826
458 458 (0) 5 : 0.167 0.833
459 459 (0) 5 : 0.065 0.935
460 460 (0) 5 : 0.154 0.846
461 461 (0) 5 : 0.163 0.837
462 462 (0) 5 : 0.285 0.715
463 463 (0) 5 : 0.068 0.932
464 464 (0) 5 : 0.403 0.597
465 465 (0) 5 : 0.286 0.714
466 466 (0) 5 : 0.109 0.891
467 467 (0) 5 : 0.182 0.818
468 468 (0) 5 : 0.234 0.766
469 469 (0) 5 : 0.021 0.979
470 470 (0) 5 : 0.155 0.845
471 471 (0) 5 : 0.323 0.677
472 472 (0) 5 : 0.131 0.869
473 473 (0) 5 : 0.206 0.794
474 474 (0) 5 : 0.222 0.778
475 475 (0) 5 : 0.340 0.660
476 476 (0) 5 : 0.428 0.572
477 477 (0) 5 : 0.276 0.724
478 478 (0) 5 : 0.372 0.628
479 479 (0) 5 : 0.206 0.794
480 480 (0) 5 : 0.217 0.783
481 481 (0) 5 : 0.211 0.789
482 482 (0) 5 : 0.380 0.620
483 483 (0) 5 : 0.251 0.749
484 484 (0) 5 : 0.139 0.861
485 485 (0) 5 : 0.316 0.684
486 486 (0) 5 : 0.200 0.800
487 487 (0) 5 : 0.289 0.711
488 488 (0) 5 : 0.292 0.708
489 489 (0) 5 : 0.304 0.696
490 490 (0) 5 : 0.391 0.609
491 491 (0) 5 : 0.242 0.758
492 492 (0) 5 : 0.232 0.768
493 493 (0) 5 : 0.326 0.674
494 494 (0) 5 : 0.221 0.779
495 495 (0) 5 : 0.336 0.664
496 496 (0) 5 : 0.047 0.953
497 497 (0) 5 : 0.259 0.741
498 498 (0) 5 : 0.380 0.620
499 499 (0) 5 : 0.277 0.723
500 500 (0) 5 : 0.203 0.797
501 501 (0) 6 : 0.126 0.874
502 502 (0) 6 : 0.083 0.917
503 503 (0) 6 : 0.224 0.776
504 504 (0) 6 : 0.063 0.937
505 505 (0) 6 : 0.105 0.895
506 506 (0) 6 : 0.168 0.832
507 507 (0) 6 : 0.026 0.974
508 508 (0) 6 : 0.136 0.864
509 509 (0) 6 : 0.015 0.985
510 510 (0) 6 : 0.093 0.907
511 511 (0) 6 : 0.033 0.967
512 512 (0) 6 : 0.125 0.875
513 513 (0) 6 : 0.073 0.927
514 514 (0) 6 : 0.144 0.856
515 515 (0) 6 : 0.200 0.800
516 516 (0) 6 : 0.022 0.978
517 517 (0) 6 : 0.201 0.799
518 518 (0) 6 : 0.053 0.947
519 519 (0) 6 : 0.083 0.917
520 520 (0) 6 : 0.036 0.964
521 521 (0) 6 : 0.071 0.929
522 522 (0) 6 : 0.023 0.977
523 523 (0) 6 : 0.022 0.978
524 524 (0) 6 : 0.149 0.851
525 525 (0) 6 : 0.053 0.947
526 526 (0) 6 : 0.262 0.738
527 527 (0) 6 : 0.182 0.818
528 528 (0) 6 : 0.170 0.830
529 529 (0) 6 : 0.067 0.933
530 530 (0) 6 : 0.022 0.978
531 531 (0) 6 : 0.144 0.856
532 532 (0) 6 : 0.073 0.927
533 533 (0) 6 : 0.250 0.750
534 534 (0) 6 : 0.023 0.977
535 535 (0) 6 : 0.057 0.943
536 536 (0) 6 : 0.078 0.922
537 537 (0) 6 : 0.137 0.863
538 538 (0) 6 : 0.098 0.902
539 539 (0) 6 : 0.069 0.931
540 540 (0) 6 : 0.135 0.865
541 541 (0) 6 : 0.171 0.829
542 542 (0) 6 : 0.183 0.817
543 543 (0) 6 : 0.074 0.926
544 544 (0) 6 : 0.059 0.941
545 545 (0) 6 : 0.064 0.936
546 546 (0) 6 : 0.085 0.915
547 547 (0) 6 : 0.075 0.925
548 548 (0) 6 : 0.018 0.982
549 549 (0) 6 : 0.194 0.806
550 550 (0) 6 : 0.115 0.885
551 551 (0) 6 : 0.182 0.818
552 552 (0) 6 : 0.024 0.976
553 553 (0) 6 : 0.075 0.925
554 554 (0) 6 : 0.062 0.938
555 555 (0) 6 : 0.015 0.985
556 556 (0) 6 : 0.070 0.930
557 557 (0) 6 : 0.054 0.946
558 558 (0) 6 : 0.029 0.971
559 559 (0) 6 : 0.073 0.927
560 560 (0) 6 : 0.165 0.835
561 561 (0) 6 : 0.151 0.849
562 562 (0) 6 : 0.093 0.907
563 563 (0) 6 : 0.230 0.770
564 564 (0) 6 : 0.054 0.946
565 565 (0) 6 : 0.092 0.908
566 566 (0) 6 : 0.108 0.892
567 567 (0) 6 : 0.013 0.987
568 568 (0) 6 : 0.179 0.821
569 569 (0) 6 : 0.185 0.815
570 570 (0) 6 : 0.036 0.964
571 571 (0) 6 : 0.059 0.941
572 572 (0) 6 : 0.195 0.805
573 573 (0) 6 : 0.075 0.925
574 574 (0) 6 : 0.129 0.871
575 575 (0) 6 : 0.035 0.965
576 576 (0) 6 : 0.225 0.775
577 577 (0) 6 : 0.135 0.865
578 578 (0) 6 : 0.053 0.947
579 579 (0) 6 : 0.078 0.922
580 580 (0) 6 : 0.248 0.752
581 581 (0) 6 : 0.064 0.936
582 582 (0) 6 : 0.218 0.782
583 583 (0) 6 : 0.087 0.913
584 584 (0) 6 : 0.124 0.876
585 585 (0) 6 : 0.116 0.884
586 586 (0) 6 : 0.253 0.747
587 587 (0) 6 : 0.047 0.953
588 588 (0) 6 : 0.094 0.906
589 589 (0) 6 : 0.158 0.842
590 590 (0) 6 : 0.021 0.979
591 591 (0) 6 : 0.209 0.791
592 592 (0) 6 : 0.019 0.981
593 593 (0) 6 : 0.129 0.871
594 594 (0) 6 : 0.059 0.941
595 595 (0) 6 : 0.216 0.784
596 596 (0) 6 : 0.181 0.819
597 597 (0) 6 : 0.199 0.801
598 598 (0) 6 : 0.136 0.864
599 599 (0) 6 : 0.175 0.825
600 600 (0) 6 : 0.137 0.863
601 601 (5) 7 : 0.031 0.969
602 602 (0) 7 : 0.029 0.971
603 603 (0) 7 : 0.020 0.980
604 604 (0) 7 : 0.059 0.941
605 605 (0) 7 : 0.023 0.977
606 606 (0) 7 : 0.023 0.977
607 607 (0) 7 : 0.015 0.985
608 608 (0) 7 : 0.034 0.966
609 609 (0) 7 : 0.021 0.979
610 610 (0) 7 : 0.030 0.970
611 611 (0) 7 : 0.014 0.986
612 612 (0) 7 : 0.019 0.981
613 613 (0) 7 : 0.026 0.974
614 614 (5) 7 : 0.015 0.985
615 615 (0) 7 : 0.018 0.982
616 616 (0) 7 : 0.016 0.984
617 617 (0) 7 : 0.021 0.979
618 618 (0) 7 : 0.018 0.982
619 619 (0) 7 : 0.024 0.976
620 620 (0) 7 : 0.017 0.983
621 621 (0) 7 : 0.016 0.984
622 622 (0) 7 : 0.022 0.978
623 623 (0) 7 : 0.017 0.983
624 624 (0) 7 : 0.014 0.986
625 625 (0) 7 : 0.014 0.986
626 626 (0) 7 : 0.017 0.983
627 627 (0) 7 : 0.016 0.984
628 628 (0) 7 : 0.018 0.982
629 629 (0) 8 : 0.038 0.962
630 630 (0) 8 : 0.016 0.984
631 631 (0) 8 : 0.024 0.976
632 632 (0) 8 : 0.027 0.973
633 633 (0) 8 : 0.021 0.979
634 634 (0) 8 : 0.016 0.984
635 635 (0) 8 : 0.018 0.982
636 636 (0) 8 : 0.051 0.949
637 637 (0) 8 : 0.017 0.983
638 638 (0) 8 : 0.021 0.979
639 639 (0) 8 : 0.017 0.983
640 640 (0) 8 : 0.016 0.984
641 641 (0) 8 : 0.017 0.983
642 642 (0) 8 : 0.019 0.981
643 643 (0) 8 : 0.014 0.986
644 644 (0) 8 : 0.039 0.961
645 645 (0) 8 : 0.014 0.986
646 646 (0) 8 : 0.016 0.984
647 647 (0) 8 : 0.018 0.982
648 648 (0) 8 : 0.017 0.983
649 649 (0) 8 : 0.015 0.985
650 650 (0) 8 : 0.022 0.978
651 651 (0) 8 : 0.016 0.984
652 652 (0) 8 : 0.018 0.982
653 653 (0) 8 : 0.021 0.979
654 654 (0) 8 : 0.028 0.972
655 655 (0) 8 : 0.016 0.984
656 656 (0) 8 : 0.022 0.978
657 657 (0) 8 : 0.020 0.980
658 658 (0) 8 : 0.017 0.983
659 659 (0) 8 : 0.022 0.978
660 660 (0) 8 : 0.019 0.981
661 661 (0) 8 : 0.016 0.984
662 662 (0) 8 : 0.036 0.964
663 663 (0) 8 : 0.017 0.983
664 664 (0) 8 : 0.018 0.982
665 665 (0) 8 : 0.016 0.984
666 666 (0) 8 : 0.018 0.982
667 667 (0) 8 : 0.016 0.984
668 668 (0) 8 : 0.020 0.980
669 669 (0) 8 : 0.018 0.982
670 670 (0) 8 : 0.019 0.981
671 671 (0) 8 : 0.020 0.980
672 672 (0) 8 : 0.014 0.986
673 673 (0) 8 : 0.026 0.974
674 674 (0) 8 : 0.033 0.967
675 675 (0) 8 : 0.015 0.985
676 676 (0) 8 : 0.015 0.985
677 677 (0) 8 : 0.016 0.984
678 678 (0) 8 : 0.016 0.984
679 679 (0) 8 : 0.017 0.983
680 680 (0) 8 : 0.014 0.986
681 681 (0) 8 : 0.026 0.974
682 682 (0) 8 : 0.017 0.983
683 683 (0) 8 : 0.016 0.984
684 684 (0) 8 : 0.018 0.982
685 685 (0) 8 : 0.014 0.986
686 686 (0) 8 : 0.026 0.974
687 687 (0) 8 : 0.038 0.962
688 688 (0) 8 : 0.026 0.974
689 689 (0) 8 : 0.018 0.982
690 690 (0) 8 : 0.017 0.983
691 691 (0) 8 : 0.018 0.982
692 692 (0) 8 : 0.020 0.980
693 693 (0) 8 : 0.026 0.974
694 694 (0) 8 : 0.017 0.983
695 695 (0) 8 : 0.027 0.973
696 696 (0) 8 : 0.019 0.981
697 697 (0) 8 : 0.014 0.986
698 698 (0) 8 : 0.019 0.981
699 699 (0) 8 : 0.016 0.984
700 700 (0) 8 : 0.026 0.974
